seed =  5 traits =  1 
Training: part  219 
Training: part  219 
Round  1 
 Goal of obj  0.99 
Temperature range:  0.0078125 3.125e-10 
Cycle 1Round 1
Iter 500000 pBad 0.885992 T 0.00333345 Obj 1.102 Rho 0 GRdif 56.9165 success 147864 failure 7044 obj_new 1.102 SA_pAcc 0.837058 Delta -0.0756854 SA_r 0.325313 freedomratio 0.365565
Iter 1000000 pBad 0.875936 T 0.00142232 Obj 1.05962 Rho 0 GRdif 33.9349 success 294078 failure 16906 obj_new 1.05962 SA_pAcc 1.0509 Delta 0.0443675 SA_r 0.609512 freedomratio 0.363524
Iter 1500000 pBad 0.850098 T 0.000606876 Obj 1.04968 Rho 0 GRdif 28.4137 success 439519 failure 29933 obj_new 1.04968 SA_pAcc 1.12921 Delta 0.0742481 SA_r 0.538149 freedomratio 0.376849
Iter 2000000 pBad 0.836339 T 0.000258942 Obj 1.03582 Rho 0 GRdif 20.6206 success 583611 failure 45442 obj_new 1.03582 SA_pAcc 1 Delta -0.0721216 SA_r 0.00720306 freedomratio 0.363749
Iter 2500000 pBad 0.763546 T 0.000110486 Obj 1.02517 Rho 0 GRdif 14.565 success 726568 failure 64085 obj_new 1.02517 SA_pAcc 0.884404 Delta 0.0317973 SA_r 0.581339 freedomratio 0.36625
Iter 3000000 pBad 0.711496 T 4.71421e-05 Obj 1.01926 Rho 0 GRdif 11.1816 success 865897 failure 90627 obj_new 1.01926 SA_pAcc 0.925576 Delta -0.0546342 SA_r 0.824619 freedomratio 0.362624
Iter 3500000 pBad 0.594594 T 2.01146e-05 Obj 1.01766 Rho 0 GRdif 10.2571 success 1002358 failure 122963 obj_new 1.01766 SA_pAcc 1 Delta 0.034688 SA_r 0.244883 freedomratio 0.355367
Iter 4000000 pBad 0.429766 T 8.58252e-06 Obj 1.01512 Rho 0 GRdif 8.79471 success 1131517 failure 168192 obj_new 1.01512 SA_pAcc 0.63376 Delta -0.0255543 SA_r 0.874652 freedomratio 0.345315
Iter 4500000 pBad 0.35115 T 3.662e-06 Obj 1.01183 Rho 0 GRdif 6.89733 success 1245207 failure 243153 obj_new 1.01184 SA_pAcc 0.0220856 Delta 0.0350428 SA_r 0.601523 freedomratio 0.356448
Iter 5000000 pBad 0.291011 T 1.5625e-06 Obj 1.01028 Rho 0 GRdif 5.99601 success 1348273 failure 339643 obj_new 1.01028 SA_pAcc 0.00223889 Delta 0.0142355 SA_r 0.911408 freedomratio 0.34269
Iter 5500000 pBad 0.192814 T 6.6669e-07 Obj 1.00914 Rho 0 GRdif 5.33285 success 1436767 failure 466794 obj_new 1.00914 SA_pAcc 1 Delta 0.00028387 SA_r 0.18315 freedomratio 0.325194
Iter 6000000 pBad 0.121643 T 2.84464e-07 Obj 1.00844 Rho 0 GRdif 4.94896 success 1505526 failure 638790 obj_new 1.00848 SA_pAcc 1.15459e-62 Delta 0.006897 SA_r 0.550279 freedomratio 0.291542
Iter 6500000 pBad 0.0812744 T 1.21375e-07 Obj 1.008 Rho 0 GRdif 4.66812 success 1556916 failure 853384 obj_new 1.008 SA_pAcc 1 Delta 0.00198889 SA_r 0.649863 freedomratio 0.268684
Iter 7000000 pBad 0.0315216 T 5.17884e-08 Obj 1.0078 Rho 0 GRdif 4.55326 success 1591552 failure 1114924 obj_new 1.0078 SA_pAcc 0.836319 Delta -0.0017997 SA_r 0.509431 freedomratio 0.239477
Iter 7500000 pBad 0.0184164 T 2.20971e-08 Obj 1.00771 Rho 0 GRdif 4.49951 success 1614182 failure 1414144 obj_new 1.00771 SA_pAcc 1 Delta 5.91411e-05 SA_r 0.180883 freedomratio 0.222898
Iter 8000000 pBad 0.0172838 T 9.42842e-09 Obj 1.00763 Rho 0 GRdif 4.45756 success 1629993 failure 1737762 obj_new 1.00764 SA_pAcc 3.21459e-111 Delta 0.000880666 SA_r 0.88771 freedomratio 0.21426
Iter 8500000 pBad 0.00933777 T 4.02292e-09 Obj 1.0076 Rho 0 GRdif 4.4376 success 1640624 failure 2082817 obj_new 1.0076 SA_pAcc 0.141995 Delta 0.000246141 SA_r 0.794597 freedomratio 0.204181
Iter 9000000 pBad 0.00587307 T 1.7165e-09 Obj 1.00759 Rho 0 GRdif 4.42934 success 1647642 failure 2442240 obj_new 1.00759 SA_pAcc 1.08983e-64 Delta -0.000194743 SA_r 0.0342303 freedomratio 0.199252
Iter 9500000 pBad 0.00401955 T 7.32399e-10 Obj 1.00758 Rho 0 GRdif 4.42455 success 1652284 failure 2809962 obj_new 1.00758 SA_pAcc 1 Delta -0.000395617 SA_r 0.217953 freedomratio 0.19724
Iter 10000000 pBad 0.00310891 T 3.12501e-10 Obj 1.00757 Rho 0 GRdif 4.42067 success 1655909 failure 3182648 obj_new 1.00757 SA_pAcc 1 Delta 0.000287454 SA_r 0.289245 freedomratio 0.195008
Cannot move further
iter 9.99989e+06 obj1.00757 rho 0 GRdif 4.42067
Training:
Lab Growth Rates:
0.1 0.301 0.53 0.71 0.37 0.5 0.47 0.17 0.6 0.635 0.36 0.39 0.53 0.56 0.5 0.47 0.5 0.4 0.724 0.3 0.54 0.42 0.42 1.345 0.901 0.56 0.686 0.59 0.59 0.3 0.5 0.5 0.617 0.5 1.483 0.39 0.37 0.58 0.5 0.23 0.43 0.65 0.52 0.1 1.248 0.4 0.52 0.42 0.4 0.54 0.54 0.48 0.17 0.33 0.54 0.39 0.1 0.58 0.4 0.52 1.483 0.648 0.42 0.47 0.1 0.25 1.483 0.55 0.54 0.56 1.66 0.33 0.46 0.5 0.485 0.31 0.4 0.53 0.19 0.54 1.43 0.22 0.4 1.35 1.42 0.54 0.59 0.4 1.03 0.47 0.59 0.56 0.42 0.5 0.23 0.46 0.5 0.56 0.58 0.25 0.43 0.53 0.54 0.4 1.483 0.686 0.09 0.26 0.65 0.43 0.49 0.37 0.47 0.43 0.59 0.34 1.345 0.45 0.54 0.45 0.465 0.762 0.3 0.4 0.5 1.44 0.55 0.46 0.45 0.4 0.4 0.41 0.42 0.901 0.47 0.46 0.1 0.47 1.483 0.481 0.48 0.54 0.51 0.37 0.49 0.27 0.34 0.4 0.47 0.39 0.485 0.46 0.4 0.42 1.345 0.648 0.54 0.37 0.46 0.2 0.52 0.58 0.25 0.22 0.45 0.56 0.58 0.3 0.54 0.56 0.637 0.25 0.4 0.38 0.45 0.58 0.38 0.37 0.4 0.4 0.54 0.53 0.56 0.4 0.481 1.46 0.37 0.55 0.53 0.42 0.54 0.4 0.4 0.52 0.52 0.42 0.42 0.68 0.58 1.46 0.4 0.47 1.248 1.483 0.4 1.05 0.58 0.25 0.46 0.3 0.42 0.65 0.1 0.4 0.37 0.46 0.41 0.54 1.248 0.54 0.4 0.476 0.55 0.59 1.345 0.23 0.46 0.32 0.4 1.345 0.53 0.52 0.59 0.4 0.33 0.52 0.4 0.58 0.46 0.38 0.54 0.31 0.47 0.47 0.47 0.53 0.636 0.31 0.5 0.23 0.47 0.4 0.11 0.762 0.36 0.59 0.45 0.4 0.4 1.05 0.4 0.4 0.58 0.53 0.5 0.55 0.36 0.4 1.67 0.637 0.27 0.5 0.42 0.56 0.54 1.46 0.68 0.46 0.33 0.5 0.33 0.45 0.38 0.53 0.41 0.42 0.47 0.43 0.43 0.301 0.3 0.51 0.4 0.46 0.54 0.37 0.55 0.52 0.58 0.485 0.47 0.41 0.59 0.38 1.248 0.635 1.05 0.19 0.5 0.5 0.53 0.27 0.45 0.46 1.483 0.724 0.54 0.901 0.5 0.58 0.4 0.59 0.5 0.4 0.4 1.38 0.54 0.4 0.56 1.46 0.45 0.56 0.4 0.45 0.39 1.345 0.36 0.5 0.476 0.5 0.5 1.43 0.25 0.3 0.46 0.3 0.47 0.377 0.37 0.1 0.37 0.4 0.5 0.68 0.4 0.4 0.65 0.3 0.34 0.4 0.46 0.32 0.68 1.66 0.54 0.485 0.65 0.45 0.23 0.901 0.648 0.56 0.41 0.58 0.43 0.45 0.23 0.23 1.345 0.46 0.43 0.37 0.5 0.4 0.1 0.4 0.37 1.483 0.33 0.65 0.27 0.47 0.6 0.47 0.48 0.42 0.55 0.686 0.45 0.635 0.4 0.59 0.5 0.6 0.11 0.47 0.59 0.762 0.52 0.14 0.54 0.33 0.42 0.37 0.26 0.53 0.54 0.4 0.7 0.4 0.55 0.4 0.56 0.1 0.47 0.377 0.52 0.56 0.4 0.55 0.58 0.6 0.19 0.68 0.56 0.5 0.3 0.3 0.54 0.46 0.43 0.47 0.48 0.2 1.4 0.27 0.56 0.65 0.3 0.49 0.5 0.637 0.5 0.55 0.41 0.71 0.4 0.22 0.4 0.23 0.3 1.67 0.37 0.23 0.4 0.4 0.54 1.345 1.345 0.45 0.54 0.55 0.45 0.09 0.636 0.43 0.36 0.14 0.3 0.36 0.71 0.27 0.56 0.5 0.5 1.483 0.53 0.724 0.55 0.47 0.42 0.465 1.49 0.58 0.4 0.36 0.7 0.58 0.4 0.58 0.54 0.59 0.58 0.25 0.22 0.5 1.345 0.41 0.59 0.42 0.45 0.58 0.43 0.7 0.481 0.2 0.36 1.248 0.32 0.46 0.17 0.48 0.43 0.47 0.51 0.48 0.33 1.483 0.53 0.11 1.483 1.05 1.05 0.5 1.345 0.45 0.636 0.09 0.53 0.41 0.33 0.36 0.22 0.39 0.7 0.41 0.65 0.65 0.762 0.4 0.301 0.25 0.48 0.4 0.22 0.476 0.46 0.42 0.26 0.901 0.47 0.58 0.56 0.48 0.46 0.4 0.46 0.4 0.22 0.45 0.22 0.465 0.52 0.5 0.59 1.345 0.5 0.59 0.4 1.483 0.48 0.377 0.58 0.901 0.37 0.45
Dot Production Prediction of Lab Growth Rates:
1.29003 0.565775 0.308926 0.673211 0.405065 0.348177 0.324945 0.261053 0.58092 0.672701 0.325853 0.307574 0.539327 0.551205 0.500024 0.454669 0.320943 0.395318 0.685828 0.533808 0.484351 0.337135 0.629655 1.35621 0.904026 0.528557 0.680682 0.54935 0.320827 0.314049 0.333758 0.50228 0.597885 0.337493 1.35435 0.334614 0.394459 0.509983 0.545509 0.534329 0.405076 0.649816 0.321765 0.34244 0.84286 0.406689 0.344737 0.308562 0.400112 0.362276 0.341025 0.334982 0.4001 0.426046 0.346738 0.319366 0.940253 0.459053 0.400681 0.336565 1.29788 0.66547 0.346365 0.381304 1.30615 0.359949 1.2636 0.539504 0.377299 0.557335 1.66001 0.328921 0.377449 0.653397 0.570339 0.549798 0.396082 0.376639 0.298666 0.278922 1.14727 0.470056 0.401523 1.10039 1.59907 0.358283 0.347536 0.406956 1.25534 0.385857 0.31053 0.4919 0.296944 0.541293 0.53828 0.339605 0.730977 0.539157 0.470742 0.352427 0.334239 0.542023 0.467738 0.395415 1.34373 0.682368 0.42999 0.575766 0.657126 0.381772 0.378804 0.299521 0.376964 0.422467 0.340251 0.319948 1.3361 0.33674 0.36739 0.370208 0.563277 0.774843 0.48312 0.401775 0.33973 1.55252 0.536477 0.426117 0.336659 0.403787 0.403871 0.319513 0.305875 0.901001 0.384393 0.520302 0.430461 0.322288 1.28238 0.552598 0.331214 0.564387 0.367432 0.390375 0.385243 0.577687 0.327438 0.396949 0.335784 0.31662 0.555961 0.472265 0.393517 0.298805 1.38541 0.673357 0.326752 0.404422 0.332287 0.382773 0.350335 0.472775 0.522933 0.416727 1.52821 0.531259 0.479499 0.296065 0.380507 0.53069 0.67249 0.363175 0.399225 0.313417 1.56245 0.297099 0.296011 0.397576 0.401265 0.394204 0.35301 0.534297 0.524718 0.393187 0.552683 1.46769 0.396715 0.559398 0.283273 0.317156 0.549794 0.401996 0.403185 0.376616 0.376112 0.329746 0.383601 0.335769 0.473901 1.1103 0.40197 0.384028 0.85261 1.31682 0.402181 1.04951 0.445131 1.57996 0.367102 0.498963 0.311748 0.649829 1.08925 0.383948 0.399127 0.450793 0.557271 0.477537 0.843451 0.371367 0.39888 0.56329 0.464259 0.365482 1.33214 0.534974 0.457785 0.319865 0.396338 1.30259 0.314639 0.346651 0.548398 0.401716 0.302645 0.361638 0.401068 0.35635 0.437484 0.348215 0.528881 0.557818 0.390585 0.311171 0.360057 0.489851 0.685779 0.546694 0.772775 0.528459 0.385189 0.404064 0.346605 0.785368 0.391501 0.546077 1.55595 0.386699 0.387959 1.05 0.393893 0.401562 0.274628 0.543774 0.555949 0.549864 0.373186 0.402379 1.62006 0.6692 0.329965 0.359122 0.331585 0.546478 0.548312 1.03874 0.337433 0.421529 0.341042 0.729254 0.500908 1.5507 0.361723 0.529985 0.554472 0.607243 0.36154 0.360976 0.434513 0.563874 0.503092 0.401954 0.401471 0.393343 0.469175 0.428142 0.486695 0.326381 0.382154 0.565542 0.363961 0.341972 0.541784 0.305642 0.840415 0.671508 1.38843 0.280575 0.664131 0.717331 0.421696 0.361276 0.330955 0.306495 1.38427 0.683818 0.545005 0.799916 0.314644 0.496367 0.399222 0.550456 0.477965 0.400945 0.400176 1.30241 0.291384 0.382517 0.521494 1.05722 0.395148 0.486785 0.399042 0.347994 0.339666 1.3013 0.322095 0.315375 0.567336 0.693783 0.479218 1.15916 0.94202 0.383584 0.452468 0.568804 0.495091 0.556964 0.385369 1.09387 0.406293 0.404765 0.732374 0.331045 0.399093 0.403143 0.646064 0.540374 0.340696 0.403967 0.511648 0.319821 0.332625 1.65489 0.324089 0.553812 0.625206 0.307159 0.393848 0.906195 0.673687 0.496635 0.353208 0.328789 0.344091 0.343524 0.399096 0.39458 1.29646 0.535346 0.398878 0.405991 0.426254 0.391371 0.441537 0.379724 0.538443 1.3276 0.290799 0.655284 0.345618 0.31847 0.585206 0.36058 0.274535 0.340075 0.55498 0.686637 0.35932 0.671781 0.401541 0.332034 0.3579 0.549293 0.329279 0.402093 0.345553 0.761988 0.377926 0.181085 0.391661 0.307545 0.354784 0.40755 0.438233 0.35928 0.537481 0.396495 0.718378 0.394461 0.466884 0.402277 0.483263 1.49887 0.496397 0.56029 0.339638 0.48104 0.391697 0.484728 0.50674 0.547211 0.278714 0.335783 0.544803 0.391017 0.300232 0.563544 0.469579 0.41966 0.334493 0.333338 0.264904 0.377793 1.39548 0.356686 0.530225 0.636127 0.359414 0.391705 0.498658 0.665446 0.750143 0.542828 0.388807 0.686615 0.401003 0.481813 0.407165 0.535499 0.308207 1.37969 0.390633 0.539837 0.391225 0.40381 0.528208 1.33695 1.40717 0.379909 0.476706 0.474773 1.65854 0.34057 0.685127 0.365643 0.36012 0.177672 0.431007 0.395278 0.681025 0.284587 0.543651 0.724188 0.532625 1.31864 0.530976 0.686901 0.472862 0.323745 0.363332 0.564906 1.60857 0.365719 0.385666 0.34834 0.731998 0.480396 0.401969 0.330623 0.363522 0.335053 0.493693 0.309277 0.468511 0.338704 1.29588 0.556084 0.5409 0.342197 0.317868 0.386503 0.404287 0.71648 0.559339 0.375992 0.348899 0.837967 0.305733 0.308802 0.279441 0.298311 0.351822 0.377603 0.375134 0.307657 0.309185 1.28882 0.413122 0.324917 1.32134 1.05 1.05 0.738361 1.34696 1.61947 0.68069 0.371623 0.520226 0.335995 0.466009 0.310265 0.369672 0.315215 0.733299 0.367858 0.652772 0.637311 0.773991 0.392479 0.560744 0.486305 0.341553 0.401362 0.332666 0.569791 0.333788 0.611406 0.396775 0.898758 0.399387 0.478344 0.479438 0.331842 0.458696 0.39121 0.295528 0.402505 0.469747 1.60857 0.48424 0.56957 0.374663 0.530118 0.342092 1.34984 0.47762 0.551055 0.397675 1.29553 0.314562 0.564132 0.362748 0.911388 0.401553 0.383402
Testing:
Lab Growth Rates:
0.4 0.4 0.4
Dot Production Prediction of Lab Growth Rates:
0.30633 0.376049 0.324668
Best performance so far: 
Obj: 4.64037e-310Rho: 2.26291e-314Diff: 4.64037e-310
Anneal again with the best G and E so far as input
Cycle 2Round 1
Iter 500000 pBad 0.882836 T 0.00333345 Obj 1.07505 Rho 0 GRdif 42.4052 success 107163 failure 6890 obj_new 1.07505 SA_pAcc 1 Delta 0.0141294 SA_r 0.564458 freedomratio 0.252913
Iter 1000000 pBad 0.826701 T 0.00142232 Obj 1.05525 Rho 0 GRdif 31.5125 success 212473 failure 16985 obj_new 1.05525 SA_pAcc 0.962223 Delta -0.015537 SA_r 0.0520316 freedomratio 0.251394
Iter 1500000 pBad 0.770918 T 0.000606876 Obj 1.04139 Rho 0 GRdif 23.7663 success 315883 failure 31848 obj_new 1.04139 SA_pAcc 1 Delta -0.0162463 SA_r 0.296145 freedomratio 0.248621
Iter 2000000 pBad 0.717863 T 0.000258942 Obj 1.03214 Rho 0 GRdif 18.5399 success 418122 failure 51026 obj_new 1.03214 SA_pAcc 0.915041 Delta -0.0197641 SA_r 0.821148 freedomratio 0.248095
Iter 2500000 pBad 0.701184 T 0.000110486 Obj 1.02706 Rho 0 GRdif 15.649 success 518779 failure 72454 obj_new 1.02706 SA_pAcc 0.843225 Delta -0.0154748 SA_r 0.07796 freedomratio 0.243154
Iter 3000000 pBad 0.591522 T 4.71421e-05 Obj 1.02215 Rho 0 GRdif 12.8357 success 617198 failure 99943 obj_new 1.02215 SA_pAcc 1 Delta 0.0242355 SA_r 0.403966 freedomratio 0.246633
Iter 3500000 pBad 0.52734 T 2.01146e-05 Obj 1.01929 Rho 0 GRdif 11.196 success 714170 failure 131443 obj_new 1.01929 SA_pAcc 1 Delta -0.0323223 SA_r 0.680939 freedomratio 0.243457
Iter 4000000 pBad 0.40466 T 8.58252e-06 Obj 1.01739 Rho 0 GRdif 10.1045 success 807122 failure 169671 obj_new 1.01739 SA_pAcc 1 Delta -0.0224699 SA_r 0.989232 freedomratio 0.245496
Iter 4500000 pBad 0.305647 T 3.662e-06 Obj 1.01396 Rho 0 GRdif 8.12667 success 889348 failure 230406 obj_new 1.01396 SA_pAcc 8.41303 Delta 0.0287792 SA_r 0.328316 freedomratio 0.239771
Iter 5000000 pBad 0.274592 T 1.5625e-06 Obj 1.01124 Rho 0 GRdif 6.54979 success 965163 failure 309378 obj_new 1.01124 SA_pAcc 1.05304 Delta 0.00594368 SA_r 0.125826 freedomratio 0.237921
Iter 5500000 pBad 0.22072 T 6.6669e-07 Obj 1.01004 Rho 0 GRdif 5.85638 success 1034413 failure 401980 obj_new 1.01004 SA_pAcc 1 Delta 0.0044929 SA_r 0.873989 freedomratio 0.229354
Iter 6000000 pBad 0.130338 T 2.84464e-07 Obj 1.00888 Rho 0 GRdif 5.18104 success 1096452 failure 516518 obj_new 1.00888 SA_pAcc 0.493593 Delta 0.00736019 SA_r 0.866422 freedomratio 0.216476
Iter 6500000 pBad 0.0883901 T 1.21375e-07 Obj 1.00828 Rho 0 GRdif 4.83084 success 1143466 failure 672991 obj_new 1.00828 SA_pAcc 1 Delta -0.00372726 SA_r 0.871332 freedomratio 0.200068
Iter 7000000 pBad 0.0342101 T 5.17884e-08 Obj 1.00799 Rho 0 GRdif 4.66254 success 1175668 failure 877837 obj_new 1.00799 SA_pAcc 1 Delta -0.00117802 SA_r 0.47734 freedomratio 0.182271
Iter 7500000 pBad 0.0216209 T 2.20971e-08 Obj 1.00789 Rho 0 GRdif 4.60725 success 1195776 failure 1129626 obj_new 1.00789 SA_pAcc 1 Delta -0.00120067 SA_r 0.195327 freedomratio 0.169169
Iter 8000000 pBad 0.0116868 T 9.42842e-09 Obj 1.00784 Rho 0 GRdif 4.57783 success 1209515 failure 1409568 obj_new 1.00784 SA_pAcc 1.42101e-18 Delta -0.000687467 SA_r 0.715478 freedomratio 0.162147
Iter 8500000 pBad 0.0118455 T 4.02292e-09 Obj 1.00781 Rho 0 GRdif 4.56164 success 1219563 failure 1709000 obj_new 1.00781 SA_pAcc 1 Delta -0.000106551 SA_r 0.0800031 freedomratio 0.157781
Iter 9000000 pBad 0.00610522 T 1.7165e-09 Obj 1.00779 Rho 0 GRdif 4.54924 success 1227404 failure 2022925 obj_new 1.00779 SA_pAcc 0.00951865 Delta 0.000108379 SA_r 0.397346 freedomratio 0.153083
Iter 9500000 pBad 0.00551585 T 7.32399e-10 Obj 1.00777 Rho 0 GRdif 4.53776 success 1234377 failure 2348786 obj_new 1.00777 SA_pAcc 0.0066915 Delta 5.54807e-05 SA_r 0.881659 freedomratio 0.149337
Good enough
iter 9.99997e+06 obj1.00776 rho 0 GRdif 4.53036
Training:
Lab Growth Rates:
0.1 0.301 0.53 0.71 0.37 0.5 0.47 0.17 0.6 0.635 0.36 0.39 0.53 0.56 0.5 0.47 0.5 0.4 0.724 0.3 0.54 0.42 0.42 1.345 0.901 0.56 0.686 0.59 0.59 0.3 0.5 0.5 0.617 0.5 1.483 0.39 0.37 0.58 0.5 0.23 0.43 0.65 0.52 0.1 1.248 0.4 0.52 0.42 0.4 0.54 0.54 0.48 0.17 0.33 0.54 0.39 0.1 0.58 0.4 0.52 1.483 0.648 0.42 0.47 0.1 0.25 1.483 0.55 0.54 0.56 1.66 0.33 0.46 0.5 0.485 0.31 0.4 0.53 0.19 0.54 1.43 0.22 0.4 1.35 1.42 0.54 0.59 0.4 1.03 0.47 0.59 0.56 0.42 0.5 0.23 0.46 0.5 0.56 0.58 0.25 0.43 0.53 0.54 0.4 1.483 0.686 0.09 0.26 0.65 0.43 0.49 0.37 0.47 0.43 0.59 0.34 1.345 0.45 0.54 0.45 0.465 0.762 0.3 0.4 0.5 1.44 0.55 0.46 0.45 0.4 0.4 0.41 0.42 0.901 0.47 0.46 0.1 0.47 1.483 0.481 0.48 0.54 0.51 0.37 0.49 0.27 0.34 0.4 0.47 0.39 0.485 0.46 0.4 0.42 1.345 0.648 0.54 0.37 0.46 0.2 0.52 0.58 0.25 0.22 0.45 0.56 0.58 0.3 0.54 0.56 0.637 0.25 0.4 0.38 0.45 0.58 0.38 0.37 0.4 0.4 0.54 0.53 0.56 0.4 0.481 1.46 0.37 0.55 0.53 0.42 0.54 0.4 0.4 0.52 0.52 0.42 0.42 0.68 0.58 1.46 0.4 0.47 1.248 1.483 0.4 1.05 0.58 0.25 0.46 0.3 0.42 0.65 0.1 0.4 0.37 0.46 0.41 0.54 1.248 0.54 0.4 0.476 0.55 0.59 1.345 0.23 0.46 0.32 0.4 1.345 0.53 0.52 0.59 0.4 0.33 0.52 0.4 0.58 0.46 0.38 0.54 0.31 0.47 0.47 0.47 0.53 0.636 0.31 0.5 0.23 0.47 0.4 0.11 0.762 0.36 0.59 0.45 0.4 0.4 1.05 0.4 0.4 0.58 0.53 0.5 0.55 0.36 0.4 1.67 0.637 0.27 0.5 0.42 0.56 0.54 1.46 0.68 0.46 0.33 0.5 0.33 0.45 0.38 0.53 0.41 0.42 0.47 0.43 0.43 0.301 0.3 0.51 0.4 0.46 0.54 0.37 0.55 0.52 0.58 0.485 0.47 0.41 0.59 0.38 1.248 0.635 1.05 0.19 0.5 0.5 0.53 0.27 0.45 0.46 1.483 0.724 0.54 0.901 0.5 0.58 0.4 0.59 0.5 0.4 0.4 1.38 0.54 0.4 0.56 1.46 0.45 0.56 0.4 0.45 0.39 1.345 0.36 0.5 0.476 0.5 0.5 1.43 0.25 0.3 0.46 0.3 0.47 0.377 0.37 0.1 0.37 0.4 0.5 0.68 0.4 0.4 0.65 0.3 0.34 0.4 0.46 0.32 0.68 1.66 0.54 0.485 0.65 0.45 0.23 0.901 0.648 0.56 0.41 0.58 0.43 0.45 0.23 0.23 1.345 0.46 0.43 0.37 0.5 0.4 0.1 0.4 0.37 1.483 0.33 0.65 0.27 0.47 0.6 0.47 0.48 0.42 0.55 0.686 0.45 0.635 0.4 0.59 0.5 0.6 0.11 0.47 0.59 0.762 0.52 0.14 0.54 0.33 0.42 0.37 0.26 0.53 0.54 0.4 0.7 0.4 0.55 0.4 0.56 0.1 0.47 0.377 0.52 0.56 0.4 0.55 0.58 0.6 0.19 0.68 0.56 0.5 0.3 0.3 0.54 0.46 0.43 0.47 0.48 0.2 1.4 0.27 0.56 0.65 0.3 0.49 0.5 0.637 0.5 0.55 0.41 0.71 0.4 0.22 0.4 0.23 0.3 1.67 0.37 0.23 0.4 0.4 0.54 1.345 1.345 0.45 0.54 0.55 0.45 0.09 0.636 0.43 0.36 0.14 0.3 0.36 0.71 0.27 0.56 0.5 0.5 1.483 0.53 0.724 0.55 0.47 0.42 0.465 1.49 0.58 0.4 0.36 0.7 0.58 0.4 0.58 0.54 0.59 0.58 0.25 0.22 0.5 1.345 0.41 0.59 0.42 0.45 0.58 0.43 0.7 0.481 0.2 0.36 1.248 0.32 0.46 0.17 0.48 0.43 0.47 0.51 0.48 0.33 1.483 0.53 0.11 1.483 1.05 1.05 0.5 1.345 0.45 0.636 0.09 0.53 0.41 0.33 0.36 0.22 0.39 0.7 0.41 0.65 0.65 0.762 0.4 0.301 0.25 0.48 0.4 0.22 0.476 0.46 0.42 0.26 0.901 0.47 0.58 0.56 0.48 0.46 0.4 0.46 0.4 0.22 0.45 0.22 0.465 0.52 0.5 0.59 1.345 0.5 0.59 0.4 1.483 0.48 0.377 0.58 0.901 0.37 0.45
Dot Production Prediction of Lab Growth Rates:
1.45452 0.58498 0.316925 0.704284 0.420946 0.36134 0.34605 0.273013 0.706781 0.701298 0.327647 0.298637 0.542296 0.558533 0.480424 0.397553 0.343839 0.379564 0.714854 0.662317 0.47342 0.331286 0.514349 1.34582 0.901126 0.528656 0.714935 0.531616 0.315565 0.271568 0.337617 0.473118 0.445618 0.341016 1.37563 0.322239 0.407705 0.472387 0.552413 0.544736 0.412763 0.621228 0.326321 0.316949 0.896933 0.399337 0.353944 0.329701 0.389055 0.3882 0.331106 0.360094 0.378729 0.408148 0.340387 0.343219 1.06512 0.463647 0.387523 0.30994 1.35047 0.684754 0.350498 0.377718 1.34238 0.335263 1.33085 0.541386 0.39859 0.561873 1.54604 0.335884 0.374676 0.818763 0.588326 0.541239 0.385057 0.385035 0.279682 0.282118 1.20345 0.467748 0.392434 1.17638 1.49746 0.37068 0.334819 0.399406 1.18815 0.37289 0.306916 0.474745 0.266237 0.536018 0.550249 0.335326 0.890174 0.546409 0.472358 0.338207 0.334671 0.496142 0.466708 0.377946 1.39493 0.706787 0.427752 0.513883 0.642454 0.353899 0.379351 0.271096 0.379637 0.417098 0.347232 0.304574 1.40479 0.361934 0.366024 0.384725 0.586349 0.842333 0.605918 0.390408 0.37 1.47166 0.535871 0.421318 0.360207 0.391905 0.394546 0.341771 0.314641 0.899801 0.338749 0.497714 0.412695 0.336028 1.35992 0.579193 0.345907 0.557807 0.380723 0.384937 0.38412 0.483816 0.316141 0.397329 0.352398 0.32372 0.577007 0.469479 0.382352 0.321212 1.37749 0.695881 0.332177 0.409388 0.34538 0.330682 0.351057 0.471587 0.435809 0.400336 1.38089 0.534277 0.480365 0.268323 0.39423 0.547107 0.699364 0.3399 0.400299 0.263613 1.43031 0.307187 0.264486 0.395184 0.390067 0.36256 0.357732 0.524292 0.536572 0.3772 0.580032 1.39224 0.40829 0.559834 0.282791 0.323813 0.53915 0.390448 0.393708 0.327182 0.402574 0.328628 0.391645 0.274055 0.471652 1.11319 0.404643 0.357529 0.893004 1.36889 0.390098 1.04808 0.441687 1.44665 0.365831 0.600182 0.274093 0.648169 1.20527 0.354732 0.41514 0.459781 0.579978 0.460684 0.891606 0.360225 0.389798 0.584649 0.476896 0.365079 1.33928 0.548663 0.459284 0.345975 0.389537 1.32699 0.324292 0.376156 0.535425 0.38875 0.316448 0.382906 0.403559 0.377408 0.439469 0.36966 0.523892 0.574616 0.354879 0.282151 0.359454 0.428894 0.713101 0.537732 0.971585 0.534849 0.32366 0.407462 0.377514 0.839149 0.386587 0.546074 1.40505 0.357289 0.370632 1.04814 0.382093 0.388242 0.293146 0.538727 0.569508 0.546285 0.354738 0.39224 1.47404 0.700676 0.320238 0.381054 0.316928 0.552644 0.557255 1.05727 0.270031 0.414451 0.351277 0.899574 0.4342 1.41851 0.366503 0.528879 0.583899 0.507688 0.371213 0.366189 0.419823 0.583138 0.629421 0.400491 0.391112 0.388281 0.469786 0.387996 0.478233 0.3452 0.381773 0.586042 0.374132 0.359052 0.539631 0.308268 0.891704 0.69805 1.28408 0.27889 0.787801 0.867004 0.403874 0.346005 0.341349 0.327193 1.39338 0.706893 0.544301 0.854664 0.342784 0.476514 0.401315 0.53343 0.46919 0.389116 0.386719 1.23804 0.295448 0.352779 0.519074 1.06728 0.395016 0.470559 0.366765 0.355675 0.353491 1.33879 0.327197 0.335015 0.586421 0.887695 0.485811 1.19269 1.0513 0.384532 0.45698 0.686246 0.42128 0.583205 0.367206 1.25986 0.412087 0.393915 0.883784 0.270301 0.398463 0.396366 0.645659 0.642002 0.338911 0.391142 0.463169 0.336162 0.270091 1.54158 0.339956 0.575199 0.602785 0.296316 0.415539 0.903468 0.700284 0.471073 0.365815 0.32707 0.292281 0.326152 0.418465 0.416018 1.34177 0.489881 0.37853 0.411007 0.435686 0.383619 0.424341 0.354344 0.475846 1.34813 0.309268 0.667919 0.35656 0.342348 0.69058 0.374338 0.276002 0.344915 0.553209 0.713468 0.321852 0.70222 0.388237 0.284027 0.358371 0.647619 0.34316 0.357115 0.346153 0.83579 0.355357 0.139664 0.386191 0.319119 0.344079 0.400524 0.406561 0.377339 0.534477 0.383721 0.896222 0.379407 0.446755 0.391277 0.473404 1.40916 0.424563 0.584569 0.357408 0.475152 0.372804 0.476394 0.474473 0.673559 0.280108 0.274744 0.556043 0.402772 0.271351 0.665122 0.456042 0.405797 0.34996 0.317336 0.290023 0.329376 1.40058 0.349898 0.542118 0.645 0.347925 0.397468 0.476309 0.69322 0.914671 0.549072 0.396634 0.712358 0.388626 0.484402 0.396847 0.544189 0.297341 1.36181 0.40613 0.553192 0.377266 0.393775 0.526398 1.35068 1.36077 0.388618 0.474714 0.470605 1.51627 0.348106 0.71254 0.363911 0.367939 0.140449 0.541465 0.403435 0.707132 0.267603 0.544939 0.893922 0.522896 1.31752 0.522243 0.713825 0.47924 0.337003 0.327943 0.591353 1.47715 0.367794 0.362029 0.34991 0.910615 0.474698 0.39259 0.346853 0.373327 0.334111 0.473476 0.316698 0.464254 0.335034 1.33802 0.584572 0.543184 0.343817 0.310377 0.39641 0.388693 0.911315 0.582851 0.32665 0.359147 0.885331 0.320228 0.320625 0.277433 0.304563 0.337478 0.344607 0.396541 0.300717 0.293876 1.33164 0.424989 0.339929 1.3451 1.05416 1.03936 0.949739 1.37388 1.46098 0.704892 0.382921 0.535971 0.344677 0.426613 0.316999 0.385418 0.300925 0.900003 0.393401 0.673477 0.65148 0.835129 0.378502 0.579623 0.452526 0.339671 0.391046 0.330352 0.587195 0.348343 0.491595 0.399784 0.89978 0.366302 0.479165 0.472348 0.349159 0.463027 0.361616 0.326596 0.391745 0.457072 1.47715 0.480562 0.589553 0.39434 0.524963 0.326469 1.35197 0.470171 0.547959 0.396932 1.31336 0.313015 0.58902 0.381576 0.899738 0.416067 0.382408
Testing:
Lab Growth Rates:
0.4 0.4 0.4
Dot Production Prediction of Lab Growth Rates:
0.293048 0.359694 0.302869
Best performance so far: 
Obj: 4.64037e-310Rho: 8.62061e-314Diff: 4.64037e-310
Test:
 Lab Growth Rates:
0.4 0.4 0.4Dot Product Prediction of Growth Rate:
0.2930484 0.3596936 0.3028689