seed =  5 traits =  1 
Training: part  9 
Training: part  9 
Round  1 
 Goal of obj  0.99 
Temperature range:  0.015625 3.125e-13 
Cycle 1Round 1
Iter 500000 pBad 0.943506 T 0.00455903 Obj 1.18003 Rho 0 GRdif 97.0086 success 117129 failure 1565 obj_new 1.18003 SA_pAcc 1 Delta 0.0583825 SA_r 0.617879 freedomratio 0.383007
Iter 1000000 pBad 0.847928 T 0.00133022 Obj 1.06713 Rho 0 GRdif 38.0731 success 261859 failure 11404 obj_new 1.06713 SA_pAcc 1 Delta -0.000984204 SA_r 0.815521 freedomratio 0.361728
Iter 1500000 pBad 0.787002 T 0.000388129 Obj 1.04283 Rho 0 GRdif 24.5762 success 403837 failure 30898 obj_new 1.04283 SA_pAcc 1 Delta 0.0705272 SA_r 0.788935 freedomratio 0.370183
Iter 2000000 pBad 0.735567 T 0.000113247 Obj 1.02711 Rho 0 GRdif 15.6721 success 544382 failure 55158 obj_new 1.02711 SA_pAcc 1.16364 Delta 0.0370887 SA_r 0.888174 freedomratio 0.372537
Iter 2500000 pBad 0.666719 T 3.30429e-05 Obj 1.01992 Rho 0 GRdif 11.5556 success 681494 failure 87286 obj_new 1.01992 SA_pAcc 1 Delta 0.0320609 SA_r 0.559826 freedomratio 0.370651
Iter 3000000 pBad 0.508264 T 9.64118e-06 Obj 1.01516 Rho 0 GRdif 8.81843 success 814585 failure 127748 obj_new 1.01516 SA_pAcc 1 Delta 0.0175791 SA_r 0.156779 freedomratio 0.365109
Iter 3500000 pBad 0.342617 T 2.81308e-06 Obj 1.01188 Rho 0 GRdif 6.93185 success 932864 failure 194598 obj_new 1.0119 SA_pAcc 0.000448157 Delta -0.0206674 SA_r 0.969138 freedomratio 0.361952
Iter 4000000 pBad 0.245542 T 8.20792e-07 Obj 1.0093 Rho 0 GRdif 5.42271 success 1035133 failure 294650 obj_new 1.0093 SA_pAcc 1 Delta 0.00467847 SA_r 0.65183 freedomratio 0.332577
Iter 4500000 pBad 0.115477 T 2.39488e-07 Obj 1.00857 Rho 0 GRdif 5.00264 success 1109140 failure 454745 obj_new 1.00857 SA_pAcc 1 Delta -0.00400345 SA_r 0.548894 freedomratio 0.29596
Iter 5000000 pBad 0.0495491 T 6.98773e-08 Obj 1.00835 Rho 0 GRdif 4.87065 success 1153966 failure 686588 obj_new 1.00835 SA_pAcc 0.00661187 Delta -0.00287452 SA_r 0.0684465 freedomratio 0.250856
Iter 5500000 pBad 0.0164576 T 2.03886e-08 Obj 1.00829 Rho 0 GRdif 4.83882 success 1177672 failure 979431 obj_new 1.00829 SA_pAcc 0.345415 Delta -0.000149185 SA_r 0.0970409 freedomratio 0.228638
Iter 6000000 pBad 0.0143585 T 5.94893e-09 Obj 1.00826 Rho 0 GRdif 4.81872 success 1192813 failure 1302236 obj_new 1.00826 SA_pAcc 1.65916e-55 Delta 1.58581e-05 SA_r 0.290446 freedomratio 0.21744
Iter 6500000 pBad 0.00562271 T 1.73576e-09 Obj 1.00824 Rho 0 GRdif 4.81326 success 1201246 failure 1649262 obj_new 1.00825 SA_pAcc 0 Delta -0.000374943 SA_r 0.875751 freedomratio 0.205831
Iter 7000000 pBad 0.0036853 T 5.06456e-10 Obj 1.00823 Rho 0 GRdif 4.80468 success 1206738 failure 2007642 obj_new 1.00823 SA_pAcc 1 Delta -7.82352e-05 SA_r 0.110767 freedomratio 0.204039
Iter 7500000 pBad 0.0025234 T 1.47772e-10 Obj 1.00823 Rho 0 GRdif 4.80306 success 1210367 failure 2373688 obj_new 1.00823 SA_pAcc 2.10912e-22 Delta -9.72648e-05 SA_r 0.111525 freedomratio 0.200273
Iter 8000000 pBad 0.00121921 T 4.31167e-11 Obj 1.00823 Rho 0 GRdif 4.84299 success 1212540 failure 2746703 obj_new 1.0083 SA_pAcc 0 Delta -1.73373e-05 SA_r 0.382992 freedomratio 0.198107
Iter 8500000 pBad 0.00052277 T 1.25805e-11 Obj 1.00823 Rho 0 GRdif 4.80149 success 1213838 failure 3122267 obj_new 1.00823 SA_pAcc 5.08501e-44 Delta -1.11152e-05 SA_r 0.961833 freedomratio 0.197174
Iter 9000000 pBad 0.000547542 T 3.67069e-12 Obj 1.00823 Rho 0 GRdif 4.80117 success 1215645 failure 3498226 obj_new 1.00823 SA_pAcc 1 Delta 4.91891e-05 SA_r 0.779033 freedomratio 0.195398
Iter 9500000 pBad 0.00011562 T 1.07102e-12 Obj 1.00823 Rho 0 GRdif 4.83126 success 1218661 failure 3870723 obj_new 1.00828 SA_pAcc 0 Delta 3.83015e-06 SA_r 0.875588 freedomratio 0.194879
Iter 10000000 pBad 1.03059e-85 T 3.12501e-13 Obj 1.00823 Rho 0 GRdif 4.80091 success 1220166 failure 4186172 obj_new 1.00823 SA_pAcc 1 Delta -1.10316e-87 SA_r 0.995293 freedomratio 0.181649
Cannot move further
iter 9.76694e+06 obj1.00823 rho 0 GRdif 4.80091
Training:
Lab Growth Rates:
1.66 0.301 0.58 0.71 0.37 0.47 0.19 0.22 0.6 0.648 0.47 0.53 0.53 0.59 0.5 0.5 0.37 0.4 0.68 0.6 0.55 0.42 0.2 1.345 1.248 0.53 0.635 0.5 0.54 0.3 0.33 0.5 0.7 0.47 1.483 0.53 0.23 0.58 0.5 0.54 0.36 0.65 0.46 0.52 0.762 0.4 0.49 0.39 0.4 0.42 0.52 0.36 0.22 0.46 0.42 0.47 1.05 0.58 0.4 0.32 1.483 0.637 0.54 0.52 0.1 0.25 1.483 0.55 0.52 0.59 1.4 0.5 0.1 0.5 0.485 0.17 0.4 0.46 0.51 0.52 1.05 0.22 0.4 0.25 0.1 0.42 0.48 0.4 0.1 0.47 0.59 0.56 0.53 0.23 0.54 0.26 0.4 0.56 0.5 0.25 0.46 0.48 0.54 0.4 1.44 0.635 0.11 0.31 0.65 0.42 0.45 0.42 0.47 0.36 0.48 0.47 1.345 0.54 0.4 0.27 0.465 0.45 0.3 0.4 0.37 1.67 0.55 0.1 0.54 0.4 0.4 0.45 0.39 0.901 0.43 0.3 0.52 0.48 1.49 0.481 0.42 0.54 0.59 0.59 0.45 0.43 0.47 0.4 0.48 0.47 0.485 0.46 0.4 0.54 1.345 0.637 0.52 0.37 0.26 0.38 0.47 0.5 0.25 0.43 1.345 0.53 0.46 0.3 0.52 0.56 0.724 0.25 0.4 0.42 1.345 0.39 0.42 0.59 0.4 0.53 0.4 0.54 0.56 0.4 0.481 1.05 0.23 0.56 0.48 0.39 0.54 0.4 0.4 0.32 0.47 0.42 0.54 0.901 0.5 0.3 0.4 0.41 0.901 1.483 0.4 1.46 0.58 0.56 0.41 0.3 0.53 1.43 1.67 0.4 0.37 0.58 0.41 0.55 0.762 0.42 0.4 0.476 0.56 0.59 1.345 0.23 0.65 0.34 0.4 1.345 0.46 0.47 0.5 0.4 0.5 0.49 0.4 0.54 0.58 0.38 0.55 0.17 0.5 0.43 0.47 0.48 0.686 0.17 0.5 0.23 0.5 0.4 0.36 0.762 0.33 0.59 1.345 0.4 0.4 1.46 0.4 0.4 0.46 0.53 0.5 0.56 0.58 0.4 0.14 0.724 0.27 0.37 0.33 0.59 0.54 1.38 0.901 0.26 0.5 0.5 0.46 0.45 0.38 0.54 0.41 0.2 0.52 0.46 0.37 0.301 0.6 0.59 0.4 0.41 0.55 0.09 0.55 0.46 0.54 0.485 0.19 0.43 0.59 0.38 1.248 0.648 0.1 0.51 0.4 0.4 0.46 0.43 0.45 0.47 1.483 0.68 0.54 0.762 0.47 0.58 0.4 0.59 0.22 0.4 0.4 0.1 0.42 0.4 0.53 1.03 0.27 0.56 0.53 0.54 0.47 1.483 0.33 0.47 0.476 0.5 0.22 0.1 1.05 0.58 0.58 0.3 0.5 0.377 0.09 1.66 0.37 0.4 0.5 0.68 0.4 0.4 1.35 0.3 0.47 0.4 0.3 0.34 0.68 0.37 0.42 0.485 0.65 0.45 0.7 0.901 0.637 0.56 0.45 0.46 0.42 0.45 0.7 0.617 1.345 0.3 0.37 0.37 0.47 0.4 0.52 0.4 0.59 1.483 0.5 0.65 0.43 0.19 0.5 0.52 0.54 0.33 0.56 0.635 0.45 0.648 0.4 0.54 0.33 0.5 0.36 0.41 0.59 0.45 0.32 0.56 0.52 0.5 0.42 0.09 0.31 0.58 0.55 0.4 1.46 0.4 0.56 0.4 0.58 0.14 0.5 0.377 0.46 0.58 0.4 0.55 0.58 0.5 0.51 0.901 0.56 0.47 0.3 0.3 0.54 0.1 0.46 0.41 0.54 0.37 0.37 0.27 0.56 0.65 0.58 0.45 0.5 0.724 0.5 0.55 0.45 0.71 0.4 0.46 0.4 0.54 0.58 0.37 0.23 0.23 0.4 0.4 0.55 1.345 1.345 0.27 0.54 0.56 0.45 0.11 0.686 0.36 0.58 0.56 0.6 0.33 0.71 0.27 0.56 0.5 0.23 1.483 0.54 0.68 0.55 0.48 0.53 0.465 0.25 0.39 0.4 0.47 0.3 0.46 0.4 0.39 0.4 0.48 0.58 0.25 0.65 0.33 1.483 0.41 0.5 0.33 0.45 0.54 0.37 0.7 0.481 0.38 0.47 1.248 0.34 0.41 0.22 0.54 0.42 0.43 0.59 0.42 0.5 1.483 0.58 0.36 1.42 1.46 1.05 0.5 1.345 0.45 0.686 0.11 0.53 0.43 0.46 0.58 0.43 0.53 0.3 0.43 0.65 1.43 0.45 0.4 0.301 0.25 0.42 0.4 0.43 0.476 0.47 0.2 0.31 1.248 0.5 0.46 0.58 0.36 0.65 0.53 0.47 0.4 0.46 0.45 0.22 0.465 0.49 0.23 0.54 1.483 0.22 0.59 0.4 1.483 0.36 0.377 0.46 1.248 0.37 0.45
Dot Production Prediction of Lab Growth Rates:
1.66 0.565915 0.354745 0.716936 0.395035 0.398892 0.332068 0.403029 0.394114 0.705364 0.399285 0.476505 0.541463 0.548017 0.473782 0.359281 0.392786 0.399989 0.359295 0.400973 0.454905 0.350401 0.407772 0.981753 0.884941 0.548783 0.706563 0.545942 0.407038 0.36803 0.329223 0.476803 0.700362 0.380083 0.995237 0.524434 0.404736 0.476096 0.527451 0.466087 0.370104 0.681874 0.313602 0.361709 0.847649 0.401843 0.356901 0.325957 0.404219 0.547412 0.394789 0.347691 0.377433 0.351784 0.360878 0.351628 1.05073 0.471238 0.398839 0.341703 0.989224 0.704669 0.334702 0.343747 0.851948 0.361801 0.959998 0.548643 0.353663 0.544325 1.40999 0.340297 0.364713 0.569116 0.577292 0.339893 0.400636 0.512868 0.382179 0.346396 1.02773 0.474905 0.401235 0.687103 1.43005 0.550606 0.351094 0.405293 0.969573 0.380969 0.337759 0.473967 0.341938 0.539389 0.474981 0.545197 0.397466 0.540367 0.486243 0.364071 0.370264 0.319252 0.466707 0.38735 1.49589 0.705907 0.337899 0.538934 0.678515 0.372546 0.360553 0.359872 0.376811 0.35923 0.347694 0.458714 1.04487 0.356193 0.400254 0.552686 0.577613 1.51483 0.324837 0.39882 0.423932 1.48304 0.55495 0.445064 0.389732 0.396422 0.402502 0.373082 0.333064 0.901867 0.431025 0.40759 0.374863 0.335937 1.50223 0.573675 0.331153 0.538981 0.328731 0.332627 0.339442 0.366816 0.478251 0.401101 0.338892 0.353106 0.570715 0.457266 0.401556 0.394549 1.01048 0.705132 0.377476 0.396513 0.356205 0.331702 0.398911 0.487828 0.513655 0.400136 1.03365 0.530822 0.451408 0.400696 0.348279 0.532085 0.721644 0.355306 0.399779 0.340353 1.0189 0.335882 0.388295 0.327405 0.396255 0.318073 0.346155 0.549778 0.539729 0.39048 0.572669 1.62862 0.406408 0.539151 0.316679 0.322122 0.531911 0.403237 0.401384 0.325087 0.331549 0.348484 0.372406 0.903282 0.482563 0.300087 0.400496 0.376554 0.853195 1.00329 0.399764 1.63042 0.474612 0.543411 0.375813 0.346064 0.386618 1.26344 1.35116 0.400979 0.393433 0.484665 0.559315 0.454027 0.841223 0.364863 0.398739 0.577024 0.486269 0.381558 0.962122 0.533319 0.640266 0.328461 0.400689 1.03308 0.506493 0.371569 0.544661 0.39813 0.327659 0.366929 0.39479 0.378988 0.483328 0.370562 0.53922 0.338257 0.366028 0.409712 0.34723 0.321422 0.722853 0.40113 0.578248 0.537893 0.338444 0.403762 0.353953 0.831958 0.353825 0.536998 1.04623 0.401111 0.393712 1.03007 0.400372 0.400461 0.410661 0.529334 0.541682 0.538986 0.354599 0.400115 0.140005 0.723995 0.351296 0.409485 0.417999 0.551969 0.541279 1.25815 0.900939 0.451314 0.368342 0.647824 0.423083 1.45429 0.363811 0.553747 0.571127 0.395217 0.366759 0.432068 0.516994 0.566373 0.38325 0.345989 0.402312 0.385282 0.457959 0.339257 0.436062 0.344177 0.334145 0.575569 0.323897 0.344433 0.539361 0.32349 0.885308 0.701696 0.868113 0.408258 0.392248 0.399575 0.479617 0.400604 0.356454 0.357395 1.01459 0.362937 0.540001 0.839221 0.359174 0.473051 0.398845 0.550378 0.475414 0.392657 0.402401 1.03515 0.352752 0.398917 0.533769 1.26361 0.394306 0.473228 0.379093 0.353254 0.350449 1.00573 0.365949 0.350011 0.581301 0.577704 0.466791 0.699971 1.05 0.349854 0.47474 0.373529 0.341016 0.569466 0.427447 1.66 0.399085 0.399734 0.620247 0.362822 0.40108 0.403263 1.11297 0.363251 0.433337 0.397952 0.344925 0.329448 0.362681 0.407156 0.534028 0.570043 0.649985 0.34115 0.693885 0.901 0.700558 0.475142 0.413223 0.426494 0.34511 0.354493 0.695576 0.551809 0.971292 0.380627 0.381666 0.394263 0.349276 0.398671 0.38332 0.398094 0.31792 0.994713 0.32909 0.65109 0.37024 0.322905 0.628842 0.380557 0.370605 0.451672 0.5377 0.707949 0.373845 0.705712 0.397515 0.409559 0.325641 0.60727 0.337149 0.351791 0.363742 1.45995 0.31843 0.544543 0.366578 0.397127 0.367798 0.382839 0.536599 0.376649 0.540152 0.394828 1.06347 0.399997 0.485532 0.399332 0.480945 0.139274 0.350351 0.571261 0.321244 0.456489 0.40394 0.456968 0.476526 0.619364 0.396763 0.905682 0.542172 0.413554 0.395776 0.369608 0.464426 0.449137 0.356009 0.337408 0.368881 0.325219 0.407812 0.37711 0.530291 0.646217 0.312615 0.335708 0.474629 0.72395 0.597771 0.559172 0.385685 0.723711 0.401759 0.468917 0.389289 0.464949 0.367022 0.407186 0.40543 0.53263 0.399546 0.404408 0.543344 1.02849 1.03798 0.362393 0.45778 0.48078 1.45609 0.367093 0.72232 0.344974 0.376874 0.544335 0.390918 0.331658 0.718812 0.314345 0.546636 0.612794 0.534355 1.0403 0.543926 0.360081 0.458133 0.33698 0.402898 0.5806 1.46579 0.323207 0.40254 0.423041 0.300133 0.477128 0.404844 0.332215 0.349624 0.320339 0.475962 0.318112 0.622387 0.349909 1.01515 0.56936 0.527095 0.477761 0.363063 0.305954 0.370436 0.700104 0.574297 0.333565 0.399516 0.885481 0.332329 0.356688 0.354036 0.352064 0.339288 0.40116 0.337558 0.322087 0.323925 0.968306 0.332237 0.335479 1.48222 1.02726 1.04974 0.566977 1.0669 1.43826 0.720683 0.377393 0.529233 0.350019 0.388873 0.319799 0.445218 0.313688 0.305458 0.363128 0.644195 1.26305 1.50223 0.404185 0.567507 0.503791 0.33187 0.402005 0.428594 0.582136 0.376932 0.364964 0.535588 0.881219 0.332917 0.460002 0.488441 0.395749 0.656019 0.344616 0.350562 0.401755 0.470193 1.49017 0.465095 0.580222 0.386347 0.535598 0.388528 1.03169 0.466207 0.543978 0.391152 1.03123 0.395792 0.566275 0.43928 0.890252 0.396459 0.399842
Testing:
Lab Growth Rates:
0.636 0.636 0.636
Dot Production Prediction of Lab Growth Rates:
0.719215 0.721663 0.724263
Best performance so far: 
Obj: 4.67679e-310Rho: 2.26291e-314Diff: 4.67679e-310
Anneal again with the best G and E so far as input
Cycle 2Round 1
Iter 500000 pBad 0.959109 T 0.00455903 Obj 1.19658 Rho 0 GRdif 105.168 success 66129 failure 749 obj_new 1.19658 SA_pAcc 0.990661 Delta -0.074524 SA_r 0.635692 freedomratio 0.270171
Iter 1000000 pBad 0.840485 T 0.00133022 Obj 1.12967 Rho 0 GRdif 71.4462 success 130114 failure 4474 obj_new 1.12967 SA_pAcc 1 Delta -0.059841 SA_r 0.0549826 freedomratio 0.268315
Iter 1500000 pBad 0.72528 T 0.000388129 Obj 1.05296 Rho 0 GRdif 30.2395 success 237487 failure 24816 obj_new 1.05296 SA_pAcc 1 Delta -0.0157925 SA_r 0.277116 freedomratio 0.262427
Iter 2000000 pBad 0.647201 T 0.000113247 Obj 1.0333 Rho 0 GRdif 19.1941 success 341540 failure 54977 obj_new 1.0333 SA_pAcc 1 Delta -0.0253404 SA_r 0.458467 freedomratio 0.261958
Iter 2500000 pBad 0.594463 T 3.30429e-05 Obj 1.02344 Rho 0 GRdif 13.5754 success 442636 failure 92122 obj_new 1.02344 SA_pAcc 1.19989 Delta 0.0192103 SA_r 0.496082 freedomratio 0.256905
Iter 3000000 pBad 0.43433 T 9.64118e-06 Obj 1.01721 Rho 0 GRdif 10.0019 success 540365 failure 136844 obj_new 1.01721 SA_pAcc 1 Delta 0.0183069 SA_r 0.239988 freedomratio 0.256567
Iter 3500000 pBad 0.380651 T 2.81308e-06 Obj 1.01393 Rho 0 GRdif 8.10777 success 635489 failure 185171 obj_new 1.01393 SA_pAcc 1 Delta 0.0254663 SA_r 0.0847686 freedomratio 0.257582
Iter 4000000 pBad 0.217016 T 8.20792e-07 Obj 1.0108 Rho 0 GRdif 6.29673 success 721574 failure 254529 obj_new 1.0108 SA_pAcc 1.01031 Delta -0.00123297 SA_r 0.783726 freedomratio 0.243558
Iter 4500000 pBad 0.168379 T 2.39488e-07 Obj 1.00977 Rho 0 GRdif 5.69672 success 789083 failure 367273 obj_new 1.00977 SA_pAcc 1.07862 Delta 0.011561 SA_r 0.793521 freedomratio 0.23328
Iter 5000000 pBad 0.0848745 T 6.98773e-08 Obj 1.00936 Rho 0 GRdif 5.45671 success 837033 failure 530697 obj_new 1.00936 SA_pAcc 1 Delta 0.00280587 SA_r 0.218394 freedomratio 0.212165
Iter 5500000 pBad 0.0415259 T 2.03886e-08 Obj 1.00906 Rho 0 GRdif 5.28413 success 873401 failure 739947 obj_new 1.00906 SA_pAcc 0.796782 Delta 0.00247296 SA_r 0.0984951 freedomratio 0.1874
Iter 6000000 pBad 0.0144378 T 5.94893e-09 Obj 1.00898 Rho 0 GRdif 5.33278 success 891962 failure 1013889 obj_new 1.00914 SA_pAcc 0 Delta 0.000877224 SA_r 0.746692 freedomratio 0.16956
Iter 6500000 pBad 0.00674849 T 1.73576e-09 Obj 1.00896 Rho 0 GRdif 5.22593 success 900585 failure 1321846 obj_new 1.00896 SA_pAcc 3.57134e-06 Delta -0.000388733 SA_r 0.904357 freedomratio 0.164977
Iter 7000000 pBad 0.00365856 T 5.06456e-10 Obj 1.00895 Rho 0 GRdif 5.26898 success 905941 failure 1647666 obj_new 1.00903 SA_pAcc 0 Delta -0.000319531 SA_r 0.901205 freedomratio 0.159282
Iter 7500000 pBad 0.0015006 T 1.47772e-10 Obj 1.00893 Rho 0 GRdif 5.21328 success 909328 failure 1983154 obj_new 1.00894 SA_pAcc 0 Delta -0.000106272 SA_r 0.852684 freedomratio 0.158378
Iter 8000000 pBad 0.00180894 T 4.31167e-11 Obj 1.00893 Rho 0 GRdif 5.20782 success 911175 failure 2325973 obj_new 1.00893 SA_pAcc 1 Delta -0.000137022 SA_r 0.935303 freedomratio 0.15635
Iter 8500000 pBad 0.000693467 T 1.25805e-11 Obj 1.00892 Rho 0 GRdif 5.20615 success 912159 failure 2673773 obj_new 1.00892 SA_pAcc 1 Delta 4.30949e-07 SA_r 0.214924 freedomratio 0.155191
Iter 9000000 pBad 0.000179613 T 3.67069e-12 Obj 1.00892 Rho 0 GRdif 5.20533 success 912972 failure 3022814 obj_new 1.00892 SA_pAcc 0 Delta -8.8257e-06 SA_r 0.893566 freedomratio 0.15474
Iter 9500000 pBad 0.00144981 T 1.07102e-12 Obj 1.00892 Rho 0 GRdif 5.2042 success 914777 failure 3371826 obj_new 1.00892 SA_pAcc 1 Delta 0.000133066 SA_r 0.61862 freedomratio 0.151382
Good enough
iter 9.94924e+06 obj1.00892 rho 0 GRdif 5.20376
Training:
Lab Growth Rates:
1.66 0.301 0.58 0.71 0.37 0.47 0.19 0.22 0.6 0.648 0.47 0.53 0.53 0.59 0.5 0.5 0.37 0.4 0.68 0.6 0.55 0.42 0.2 1.345 1.248 0.53 0.635 0.5 0.54 0.3 0.33 0.5 0.7 0.47 1.483 0.53 0.23 0.58 0.5 0.54 0.36 0.65 0.46 0.52 0.762 0.4 0.49 0.39 0.4 0.42 0.52 0.36 0.22 0.46 0.42 0.47 1.05 0.58 0.4 0.32 1.483 0.637 0.54 0.52 0.1 0.25 1.483 0.55 0.52 0.59 1.4 0.5 0.1 0.5 0.485 0.17 0.4 0.46 0.51 0.52 1.05 0.22 0.4 0.25 0.1 0.42 0.48 0.4 0.1 0.47 0.59 0.56 0.53 0.23 0.54 0.26 0.4 0.56 0.5 0.25 0.46 0.48 0.54 0.4 1.44 0.635 0.11 0.31 0.65 0.42 0.45 0.42 0.47 0.36 0.48 0.47 1.345 0.54 0.4 0.27 0.465 0.45 0.3 0.4 0.37 1.67 0.55 0.1 0.54 0.4 0.4 0.45 0.39 0.901 0.43 0.3 0.52 0.48 1.49 0.481 0.42 0.54 0.59 0.59 0.45 0.43 0.47 0.4 0.48 0.47 0.485 0.46 0.4 0.54 1.345 0.637 0.52 0.37 0.26 0.38 0.47 0.5 0.25 0.43 1.345 0.53 0.46 0.3 0.52 0.56 0.724 0.25 0.4 0.42 1.345 0.39 0.42 0.59 0.4 0.53 0.4 0.54 0.56 0.4 0.481 1.05 0.23 0.56 0.48 0.39 0.54 0.4 0.4 0.32 0.47 0.42 0.54 0.901 0.5 0.3 0.4 0.41 0.901 1.483 0.4 1.46 0.58 0.56 0.41 0.3 0.53 1.43 1.67 0.4 0.37 0.58 0.41 0.55 0.762 0.42 0.4 0.476 0.56 0.59 1.345 0.23 0.65 0.34 0.4 1.345 0.46 0.47 0.5 0.4 0.5 0.49 0.4 0.54 0.58 0.38 0.55 0.17 0.5 0.43 0.47 0.48 0.686 0.17 0.5 0.23 0.5 0.4 0.36 0.762 0.33 0.59 1.345 0.4 0.4 1.46 0.4 0.4 0.46 0.53 0.5 0.56 0.58 0.4 0.14 0.724 0.27 0.37 0.33 0.59 0.54 1.38 0.901 0.26 0.5 0.5 0.46 0.45 0.38 0.54 0.41 0.2 0.52 0.46 0.37 0.301 0.6 0.59 0.4 0.41 0.55 0.09 0.55 0.46 0.54 0.485 0.19 0.43 0.59 0.38 1.248 0.648 0.1 0.51 0.4 0.4 0.46 0.43 0.45 0.47 1.483 0.68 0.54 0.762 0.47 0.58 0.4 0.59 0.22 0.4 0.4 0.1 0.42 0.4 0.53 1.03 0.27 0.56 0.53 0.54 0.47 1.483 0.33 0.47 0.476 0.5 0.22 0.1 1.05 0.58 0.58 0.3 0.5 0.377 0.09 1.66 0.37 0.4 0.5 0.68 0.4 0.4 1.35 0.3 0.47 0.4 0.3 0.34 0.68 0.37 0.42 0.485 0.65 0.45 0.7 0.901 0.637 0.56 0.45 0.46 0.42 0.45 0.7 0.617 1.345 0.3 0.37 0.37 0.47 0.4 0.52 0.4 0.59 1.483 0.5 0.65 0.43 0.19 0.5 0.52 0.54 0.33 0.56 0.635 0.45 0.648 0.4 0.54 0.33 0.5 0.36 0.41 0.59 0.45 0.32 0.56 0.52 0.5 0.42 0.09 0.31 0.58 0.55 0.4 1.46 0.4 0.56 0.4 0.58 0.14 0.5 0.377 0.46 0.58 0.4 0.55 0.58 0.5 0.51 0.901 0.56 0.47 0.3 0.3 0.54 0.1 0.46 0.41 0.54 0.37 0.37 0.27 0.56 0.65 0.58 0.45 0.5 0.724 0.5 0.55 0.45 0.71 0.4 0.46 0.4 0.54 0.58 0.37 0.23 0.23 0.4 0.4 0.55 1.345 1.345 0.27 0.54 0.56 0.45 0.11 0.686 0.36 0.58 0.56 0.6 0.33 0.71 0.27 0.56 0.5 0.23 1.483 0.54 0.68 0.55 0.48 0.53 0.465 0.25 0.39 0.4 0.47 0.3 0.46 0.4 0.39 0.4 0.48 0.58 0.25 0.65 0.33 1.483 0.41 0.5 0.33 0.45 0.54 0.37 0.7 0.481 0.38 0.47 1.248 0.34 0.41 0.22 0.54 0.42 0.43 0.59 0.42 0.5 1.483 0.58 0.36 1.42 1.46 1.05 0.5 1.345 0.45 0.686 0.11 0.53 0.43 0.46 0.58 0.43 0.53 0.3 0.43 0.65 1.43 0.45 0.4 0.301 0.25 0.42 0.4 0.43 0.476 0.47 0.2 0.31 1.248 0.5 0.46 0.58 0.36 0.65 0.53 0.47 0.4 0.46 0.45 0.22 0.465 0.49 0.23 0.54 1.483 0.22 0.59 0.4 1.483 0.36 0.377 0.46 1.248 0.37 0.45
Dot Production Prediction of Lab Growth Rates:
1.64129 0.437452 0.358249 0.71783 0.417843 0.438407 0.35922 0.422106 0.414081 0.711363 0.383035 0.469591 0.529883 0.549579 0.467393 0.359583 0.385268 0.398742 0.440288 0.422293 0.450905 0.350437 0.392868 0.880486 1.10288 0.540428 0.713394 0.54728 0.40242 0.400185 0.33863 0.474308 0.698929 0.387791 0.871319 0.510518 0.439655 0.469981 0.524293 0.455603 0.361449 0.68994 0.307004 0.363444 1.1715 0.402791 0.359179 0.333334 0.403875 0.519106 0.386592 0.358522 0.377278 0.345118 0.359202 0.344137 1.04867 0.465249 0.396685 0.349572 0.870274 0.708065 0.341837 0.377906 0.910322 0.37245 0.852536 0.549244 0.367832 0.549184 1.53229 0.351813 0.372402 0.512061 0.442462 0.361646 0.402129 0.505877 0.378106 0.350776 1.00767 0.474913 0.402316 0.666847 1.44222 0.525719 0.353356 0.404102 0.97406 0.396405 0.351313 0.470338 0.349622 0.541861 0.456359 0.519237 0.401208 0.544437 0.476436 0.372212 0.362327 0.304417 0.45953 0.394263 1.55763 0.711296 0.333501 0.530981 0.679049 0.379179 0.372655 0.354433 0.394484 0.350702 0.356348 0.442341 0.923649 0.355069 0.390191 0.557051 0.443635 1.53871 0.341006 0.400481 0.430603 1.53408 0.553496 0.44976 0.386758 0.396527 0.403524 0.372149 0.356545 0.893009 0.43491 0.405017 0.384676 0.330885 1.55986 0.439409 0.335867 0.538147 0.317323 0.353869 0.34051 0.368781 0.464038 0.402452 0.344538 0.349835 0.433136 0.460057 0.402732 0.401284 0.892946 0.709955 0.374705 0.421516 0.361859 0.323528 0.40811 0.477331 0.511679 0.37827 0.900493 0.535519 0.447661 0.431962 0.343596 0.53234 0.722211 0.357834 0.400137 0.337212 0.882174 0.334512 0.38111 0.352667 0.398878 0.334791 0.345718 0.545976 0.545984 0.395128 0.439952 1.61037 0.439447 0.537652 0.308487 0.330789 0.53008 0.400281 0.40152 0.323116 0.346045 0.356879 0.371543 0.899713 0.474285 0.30022 0.400676 0.383097 1.0549 0.881421 0.39947 1.56797 0.471551 0.546303 0.36738 0.370448 0.386867 1.24093 1.50297 0.401113 0.413776 0.473511 0.436481 0.451943 1.1644 0.360368 0.399209 0.447538 0.476765 0.390774 0.868176 0.535898 0.595782 0.317435 0.403168 0.904939 0.496599 0.380117 0.540714 0.399223 0.323547 0.3629 0.397093 0.37366 0.472971 0.382738 0.545785 0.356684 0.359807 0.415686 0.362457 0.309423 0.723717 0.406957 0.494847 0.542866 0.33591 0.403394 0.343201 1.15622 0.360957 0.538027 0.910363 0.400795 0.397803 1.02111 0.401533 0.400979 0.406615 0.527255 0.539383 0.54283 0.360681 0.401984 0.139811 0.723013 0.357329 0.402549 0.426607 0.550021 0.541902 1.37379 0.897928 0.452804 0.383825 0.566062 0.404418 1.50476 0.373525 0.545465 0.440633 0.388665 0.3954 0.426566 0.511442 0.436373 0.415573 0.336489 0.402617 0.378581 0.450131 0.339946 0.44161 0.3387 0.33891 0.44171 0.348064 0.355202 0.539222 0.322638 1.104 0.708208 0.907321 0.402989 0.398151 0.401252 0.487326 0.398724 0.356244 0.353682 0.899829 0.441932 0.539008 1.16774 0.369167 0.470223 0.403323 0.547501 0.471469 0.395382 0.401736 1.07074 0.357306 0.399042 0.533817 1.4126 0.398235 0.470393 0.392695 0.354565 0.347479 0.86445 0.364919 0.344835 0.44793 0.513512 0.464215 0.672582 1.04857 0.357698 0.46839 0.409538 0.343173 0.439986 0.427437 1.65777 0.426806 0.398713 0.560936 0.443267 0.401755 0.40347 1.17709 0.396017 0.434823 0.398325 0.343405 0.322883 0.443129 0.437588 0.514107 0.437566 0.650553 0.332482 0.703846 0.913059 0.706574 0.470419 0.418045 0.422285 0.345028 0.342893 0.699955 0.58974 0.86464 0.379692 0.38928 0.420079 0.370166 0.399193 0.382781 0.399349 0.334852 0.866596 0.327123 0.660397 0.368235 0.338275 0.571213 0.405016 0.385736 0.459006 0.537871 0.711966 0.376776 0.711642 0.396939 0.408048 0.323016 0.543406 0.331684 0.363157 0.379188 1.4968 0.321163 0.548575 0.360956 0.395365 0.367285 0.382959 0.514952 0.375326 0.544635 0.398999 0.992845 0.402163 0.471682 0.399113 0.472169 0.140309 0.356101 0.437949 0.311878 0.45249 0.403336 0.456497 0.467217 0.54669 0.393746 0.899709 0.548595 0.44338 0.426503 0.398124 0.453312 0.452122 0.357414 0.333964 0.37677 0.317716 0.437952 0.383558 0.532421 0.645682 0.311656 0.340667 0.469426 0.721159 0.528076 0.555795 0.391611 0.722424 0.401642 0.45936 0.393219 0.455628 0.359809 0.43537 0.440368 0.530927 0.400716 0.403054 0.548743 0.911049 0.919056 0.362854 0.45439 0.471044 1.49484 0.362418 0.724055 0.342618 0.37929 0.546773 0.409541 0.329039 0.721137 0.328594 0.548151 0.550749 0.540932 0.900689 0.535071 0.440519 0.451304 0.323946 0.410824 0.444298 1.51254 0.31366 0.403012 0.420088 0.29904 0.466669 0.400991 0.339692 0.345875 0.328424 0.468397 0.315 0.581378 0.358341 0.871886 0.440074 0.526047 0.479653 0.353201 0.313619 0.393644 0.698752 0.440388 0.332797 0.419047 1.11109 0.342723 0.345633 0.352151 0.339635 0.345087 0.411829 0.337333 0.312563 0.320388 0.866567 0.336766 0.329131 1.5526 1.02369 1.05041 0.509386 0.930285 1.49692 0.720429 0.373847 0.530106 0.365526 0.380941 0.328694 0.425049 0.294428 0.305832 0.367362 0.640551 1.2536 1.55986 0.405293 0.437374 0.491757 0.314882 0.403185 0.415105 0.445376 0.392787 0.367713 0.522815 1.11013 0.325976 0.458603 0.473556 0.400614 0.605273 0.355105 0.347931 0.400577 0.461829 1.52201 0.467166 0.447029 0.376837 0.536549 0.395087 0.879216 0.461914 0.541774 0.393921 0.894394 0.408577 0.440262 0.426977 1.11446 0.418046 0.408112
Testing:
Lab Growth Rates:
0.636 0.636 0.636
Dot Production Prediction of Lab Growth Rates:
0.723965 0.728515 0.72918
Best performance so far: 
Obj: 4.67679e-310Rho: 6.5069e-314Diff: 4.67679e-310
Test:
 Lab Growth Rates:
0.636 0.636 0.636Dot Product Prediction of Growth Rate:
0.7239654 0.7285145 0.7291796