seed =  5 traits =  1 
Training: part  106 
Training: part  106 
Round  1 
 Goal of obj  0.99 
Temperature range:  0.015625 3.125e-14 
Cycle 1Round 1
Iter 500000 pBad 0.954556 T 0.00406324 Obj 1.20005 Rho 0 GRdif 107.231 success 112234 failure 1096 obj_new 1.20005 SA_pAcc 1 Delta -0.0389367 SA_r 0.196281 freedomratio 0.371681
Iter 1000000 pBad 0.849182 T 0.00105663 Obj 1.0701 Rho 0 GRdif 39.8365 success 255956 failure 11026 obj_new 1.0701 SA_pAcc 1 Delta -0.0400362 SA_r 0.843239 freedomratio 0.36796
Iter 1500000 pBad 0.767001 T 0.000274774 Obj 1.03498 Rho 0 GRdif 20.2174 success 398442 failure 30723 obj_new 1.03498 SA_pAcc 0.861468 Delta -0.0605996 SA_r 0.747801 freedomratio 0.36727
Iter 2000000 pBad 0.6954 T 7.14541e-05 Obj 1.02371 Rho 0 GRdif 13.7759 success 536956 failure 60509 obj_new 1.02371 SA_pAcc 1 Delta -0.0254909 SA_r 0.821422 freedomratio 0.364991
Iter 2500000 pBad 0.569945 T 1.85814e-05 Obj 1.01669 Rho 0 GRdif 9.72992 success 672533 failure 96024 obj_new 1.01669 SA_pAcc 1 Delta -0.0252952 SA_r 0.82685 freedomratio 0.352307
Iter 3000000 pBad 0.428688 T 4.83204e-06 Obj 1.01359 Rho 0 GRdif 7.93474 success 802729 failure 139621 obj_new 1.01359 SA_pAcc 0.971781 Delta -0.0304797 SA_r 0.253369 freedomratio 0.359194
Iter 3500000 pBad 0.297955 T 1.25656e-06 Obj 1.00987 Rho 0 GRdif 5.77514 success 911299 failure 226629 obj_new 1.00987 SA_pAcc 0.559497 Delta -0.0166933 SA_r 0.486265 freedomratio 0.34629
Iter 4000000 pBad 0.162743 T 3.26763e-07 Obj 1.00858 Rho 0 GRdif 5.02334 success 1003214 failure 349584 obj_new 1.00858 SA_pAcc 1 Delta -0.0035236 SA_r 0.110307 freedomratio 0.308499
Iter 4500000 pBad 0.0621042 T 8.49737e-08 Obj 1.00816 Rho 0 GRdif 4.77979 success 1059535 failure 553015 obj_new 1.00816 SA_pAcc 1 Delta -0.00139996 SA_r 0.8815 freedomratio 0.261799
Iter 5000000 pBad 0.0298331 T 2.20971e-08 Obj 1.00805 Rho 0 GRdif 4.71644 success 1090592 failure 825286 obj_new 1.00805 SA_pAcc 1.5354e-140 Delta 0.00102453 SA_r 0.215896 freedomratio 0.232595
Iter 5500000 pBad 0.0131459 T 5.74629e-09 Obj 1.008 Rho 0 GRdif 4.68778 success 1108158 failure 1143840 obj_new 1.008 SA_pAcc 1 Delta -0.00103279 SA_r 0.0789136 freedomratio 0.212121
Iter 6000000 pBad 0.00990068 T 1.4943e-09 Obj 1.00799 Rho 0 GRdif 4.68011 success 1117103 failure 1492289 obj_new 1.00799 SA_pAcc 1 Delta -0.000210134 SA_r 0.836492 freedomratio 0.205307
Iter 6500000 pBad 0.00395432 T 3.88589e-10 Obj 1.00798 Rho 0 GRdif 4.67679 success 1122727 failure 1856849 obj_new 1.00799 SA_pAcc 0 Delta -0.000137973 SA_r 0.962295 freedomratio 0.198381
Iter 7000000 pBad 0.00153333 T 1.01051e-10 Obj 1.00798 Rho 0 GRdif 4.67489 success 1125415 failure 2232954 obj_new 1.00798 SA_pAcc 3.5937e-46 Delta -0.000151956 SA_r 0.557194 freedomratio 0.193867
Iter 7500000 pBad 0.000997191 T 2.62781e-11 Obj 1.00798 Rho 0 GRdif 4.67429 success 1127151 failure 2614779 obj_new 1.00798 SA_pAcc 2.13452e-104 Delta -8.16332e-05 SA_r 0.652379 freedomratio 0.192408
Iter 8000000 pBad 0.000662299 T 6.83353e-12 Obj 1.00798 Rho 0 GRdif 4.67419 success 1128647 failure 2998908 obj_new 1.00798 SA_pAcc 0 Delta 6.39172e-05 SA_r 0.52661 freedomratio 0.190785
Iter 8500000 pBad 0.000134013 T 1.77704e-12 Obj 1.00798 Rho 0 GRdif 4.67371 success 1130680 failure 3385122 obj_new 1.00798 SA_pAcc 0 Delta -1.26625e-05 SA_r 0.577632 freedomratio 0.18744
Iter 9000000 pBad 0.000229969 T 4.62113e-13 Obj 1.00798 Rho 0 GRdif 4.6735 success 1133537 failure 3758727 obj_new 1.00798 SA_pAcc 1 Delta 1.94153e-05 SA_r 0.910602 freedomratio 0.185314
Iter 9500000 pBad 7.01791e-22 T 1.20171e-13 Obj 1.00798 Rho 0 GRdif 4.67893 success 1137079 failure 4071591 obj_new 1.00799 SA_pAcc 0 Delta 5.87336e-23 SA_r 0.502682 freedomratio 0.175052
Iter 10000000 pBad 8.61568e-74 T 3.12501e-14 Obj 1.00798 Rho 0 GRdif 4.67352 success 1137079 failure 4379352 obj_new 1.00798 SA_pAcc 0 Delta -2.6435e-75 SA_r 0.931541 freedomratio 0.146927
Cannot move further
iter 9.21337e+06 obj1.00798 rho 0 GRdif 4.67348
Training:
Lab Growth Rates:
0.3 0.45 0.41 0.32 0.19 0.377 0.45 0.6 0.42 0.56 0.23 0.55 0.41 0.6 0.41 0.54 0.1 0.54 0.43 0.09 0.465 0.54 0.41 0.5 0.22 0.48 0.4 0.5 0.4 0.68 0.4 0.37 0.47 0.58 0.637 0.65 0.59 0.65 1.483 0.25 0.36 1.67 0.53 0.37 1.46 0.481 0.41 0.4 1.483 1.483 0.52 0.54 1.46 0.56 0.36 0.636 0.58 0.45 0.43 0.6 0.23 0.42 0.46 0.42 1.345 0.56 0.41 0.1 0.54 0.4 0.42 0.377 0.55 0.52 0.55 0.58 0.37 0.58 0.4 0.46 0.54 0.1 0.22 0.58 0.5 1.483 0.4 0.68 0.59 0.25 0.45 0.56 0.43 0.47 0.3 0.27 0.33 1.248 1.43 0.31 0.27 0.38 0.5 0.46 1.05 0.42 0.38 0.11 0.59 0.4 0.65 0.46 0.46 0.45 0.36 1.43 0.48 0.47 0.4 0.39 0.5 0.686 0.42 0.48 0.56 0.58 0.4 0.46 0.54 0.55 0.45 0.3 0.42 0.54 0.48 0.37 0.58 0.1 0.33 0.37 0.65 0.23 0.42 0.43 0.301 0.5 1.345 1.483 0.45 0.43 0.54 0.47 0.4 0.47 0.46 0.32 0.65 0.38 0.54 1.483 0.39 0.59 0.48 0.42 0.54 0.17 0.23 0.41 0.4 1.248 0.54 0.53 1.05 0.377 1.483 1.05 1.483 0.4 0.25 0.41 0.47 1.38 1.248 0.5 0.3 0.43 0.5 0.46 0.45 0.648 0.25 0.36 0.58 0.45 0.31 0.51 0.901 0.43 0.4 0.1 0.45 0.54 0.54 0.36 0.38 0.27 0.5 0.3 1.05 0.762 0.4 0.637 0.47 0.43 0.58 0.33 0.46 0.485 0.54 0.59 0.46 0.43 0.1 0.19 0.4 0.5 0.42 0.36 0.59 0.5 0.59 0.39 0.485 0.37 0.58 0.301 0.52 1.345 0.45 0.4 0.42 1.46 0.48 0.4 0.65 0.39 0.58 0.3 0.3 0.59 0.25 0.39 0.762 0.4 0.4 0.4 0.33 1.05 0.37 0.47 0.56 0.4 0.635 1.4 0.27 0.36 0.11 0.55 0.4 0.47 0.27 0.4 0.648 0.42 0.4 0.53 0.476 0.47 0.54 0.52 0.4 0.5 0.476 0.54 0.5 1.44 0.7 0.45 0.5 0.5 1.483 0.52 0.5 0.37 0.26 0.54 0.43 0.2 0.23 0.45 0.39 0.58 0.53 0.14 0.58 0.7 0.46 0.22 0.4 0.46 0.54 0.46 0.25 0.686 1.345 0.47 1.248 0.53 0.5 0.47 0.636 0.47 0.724 0.51 0.53 0.46 0.43 0.901 0.2 0.4 0.5 0.46 0.47 0.37 0.65 0.37 0.68 0.45 0.58 0.37 0.47 0.5 1.345 0.23 0.45 0.53 0.59 0.58 0.27 0.46 0.4 0.4 0.58 0.47 1.483 0.4 0.4 1.345 0.1 0.47 0.23 0.65 0.46 0.4 0.4 0.42 0.3 0.42 0.7 0.56 1.345 0.5 0.26 0.25 0.53 0.59 0.45 1.345 0.635 1.483 0.47 0.58 0.34 0.4 0.3 0.25 0.4 0.901 0.68 0.4 0.22 0.46 1.345 0.648 0.55 0.09 0.5 0.59 0.22 0.33 0.55 0.55 0.38 0.58 0.636 0.4 0.46 0.1 0.56 0.58 0.59 0.4 0.41 1.67 0.5 0.3 0.47 0.56 0.465 0.4 0.47 1.66 0.53 0.4 0.36 0.56 0.2 0.5 0.4 0.55 0.17 0.4 0.5 0.4 0.481 0.4 0.5 0.37 0.4 0.3 0.5 0.762 0.481 0.4 0.26 0.53 0.5 0.4 0.49 0.37 0.52 0.52 0.34 1.345 0.56 0.6 0.71 0.724 0.1 0.56 0.54 1.03 0.49 0.5 0.42 0.45 0.55 0.59 0.476 0.54 0.4 0.59 0.37 0.52 0.7 0.47 0.485 0.465 1.49 0.33 0.59 0.71 0.37 0.48 0.56 0.3 1.66 0.637 0.32 0.47 0.635 0.47 0.52 0.48 0.53 0.901 0.4 0.53 0.901 0.37 0.4 0.36 0.54 0.4 0.42 0.59 0.22 0.4 0.23 0.45 0.55 0.42 0.49 0.5 0.4 0.4 0.56 0.48 0.23 1.35 0.54 0.17 0.09 0.724 0.58 0.4 1.345 0.43 0.4 0.4 0.5 0.5 1.42 0.4 1.248 0.31 0.45 0.54 0.52 0.54 0.42 0.68 0.55 0.5 0.56 0.901 0.34 0.46 1.345 0.617 0.53 0.14 0.33 0.22 0.65 0.46 0.4 0.5 0.52 0.71 0.54 0.4 0.19 0.52 0.4 0.3 1.483 0.53 0.686 0.11 0.51 0.58 0.33 0.301 0.56 1.46 0.47 0.22 0.33 0.56 0.54 0.762 0.485 0.53 0.56 0.5 0.4 0.54
Dot Production Prediction of Lab Growth Rates:
0.554482 0.338442 0.341693 0.319437 0.327267 0.440175 1.55849 0.538375 0.366067 0.544522 0.423219 0.544519 0.375309 0.537664 0.387536 0.355911 1.17434 0.412199 0.341085 0.373207 0.44613 0.532999 0.443853 0.529395 0.470707 0.326793 0.398501 0.626421 0.398833 0.49197 0.403249 0.407232 0.327473 0.466731 0.706153 0.683051 0.556079 0.64162 1.07586 0.373653 0.32581 1.49335 0.374929 0.328832 1.50087 0.441522 0.443886 0.403466 1.06862 1.0839 0.365405 0.360358 1.03528 0.537017 0.423197 0.705618 0.33423 0.41177 0.362973 0.524897 0.537928 0.339433 0.384047 0.348977 1.11501 0.476339 0.368841 0.458036 0.44982 0.399623 0.344485 0.441449 0.548588 0.339718 0.547622 0.472669 0.418677 0.475948 0.399696 0.327506 0.544375 1.10924 0.429388 0.465749 0.359829 1.12795 0.400274 0.489723 0.343652 0.534195 0.379402 0.467329 0.460212 0.42523 0.300309 0.379859 0.363012 0.913497 1.20422 0.56732 0.383356 0.372636 0.660678 0.417358 1.05137 0.371431 0.345751 0.319052 0.558015 0.399595 0.668468 0.344237 0.459956 1.56856 0.377005 1.18058 0.344667 0.470688 0.401319 0.346144 0.678158 0.722759 0.328598 0.334955 0.530849 0.318944 0.399036 0.533999 0.409321 0.422654 0.341798 0.42334 0.356766 0.422823 0.355512 0.418329 0.477685 1.31695 0.431889 0.39647 0.649953 0.543034 0.355064 0.437526 0.436928 0.474014 1.14522 1.11196 0.341537 0.398678 0.379842 0.35113 0.394762 0.52003 0.460023 0.344827 0.651114 0.327036 0.305717 1.13616 0.334003 0.394551 0.314055 0.315611 0.52971 0.326854 0.529799 0.326963 0.396276 0.912354 0.397649 0.533768 1.50698 0.439252 1.08056 1.05 1.14353 0.399345 1.58103 0.367171 0.408484 1.36345 0.922685 0.370864 0.37266 0.366377 0.323782 0.462859 1.54938 0.708664 0.368593 0.339899 0.483396 0.352493 0.585851 0.390209 0.89893 0.409597 0.402649 1.53584 0.419251 0.432498 0.446915 0.334305 0.340856 0.347235 0.332976 0.531983 1.05011 0.861296 0.400139 0.706267 0.407784 0.355313 0.350879 0.363239 0.298472 0.437805 0.336678 0.319887 0.472638 0.423139 0.783438 0.318699 0.398529 0.472298 0.609196 0.348938 0.320116 0.376574 0.547352 0.309874 0.443816 0.40811 0.355892 0.437532 0.36154 1.13208 0.369136 0.334535 0.336538 1.03509 0.305233 0.400813 0.657963 0.316349 0.378209 0.507749 0.513817 0.339545 0.792542 0.320198 0.87629 0.39997 0.399765 0.401662 0.327721 1.037 0.552739 0.340401 0.546105 0.400605 0.71356 1.53247 0.593204 0.340875 0.37233 0.545815 0.400006 0.374089 0.360972 0.404709 0.704058 0.346872 0.396618 0.480332 0.446397 0.348587 0.395691 0.357277 0.396385 0.601742 0.447227 0.35607 0.476776 1.6353 0.703462 0.361692 0.331508 0.5448 1.12883 0.385211 0.471067 0.416205 0.384415 0.355407 0.383377 0.425694 0.538841 1.64152 0.319294 0.47806 0.544528 0.139975 0.462331 0.70449 0.521363 0.461939 0.401889 0.403183 0.381605 0.544827 0.326407 0.7205 1.16184 0.406725 0.914118 0.330302 0.697826 0.402233 0.719664 0.513835 0.720921 0.418106 0.417733 0.311682 0.42601 0.902747 0.414831 0.400291 0.331373 0.459224 0.412312 0.401597 0.649892 0.396207 0.494364 0.330692 0.478696 0.420771 0.385197 0.594219 1.14351 0.422857 1.5996 0.530964 0.543883 0.376816 0.315138 0.332501 0.400159 0.40016 0.355518 0.414607 1.09934 0.402259 0.399536 1.08094 1.10353 0.413025 0.424614 0.642659 0.474011 0.402025 0.400054 0.6294 0.300234 0.392635 0.700924 0.541774 1.04834 0.316481 0.580603 0.525268 0.547599 0.540394 1.6318 1.07975 0.713066 1.06369 0.347426 0.467622 0.321422 0.402544 0.404621 0.370178 0.397755 0.880066 0.49266 0.393595 0.376166 0.442972 1.06629 0.710353 0.434287 0.429954 0.339859 0.545597 0.465796 0.328859 0.545145 0.550593 0.367173 0.466692 0.726087 0.399596 0.362117 0.334107 0.542083 0.36282 0.546632 0.403696 0.437238 1.61217 0.475022 0.472638 0.338897 0.474187 0.444785 0.402017 0.378988 1.66 0.301986 0.404182 0.357971 0.468988 0.385378 0.537783 0.400346 0.441534 0.331473 0.389288 0.408169 0.401672 0.444477 0.390497 0.675837 0.406586 0.398428 0.307035 0.351258 0.882814 0.442705 0.392625 0.477756 0.532295 0.387628 0.40036 0.37413 0.433997 0.352785 0.343528 0.323374 1.13205 0.469551 0.555166 0.725159 0.723953 0.453172 0.527496 0.427774 1.37833 0.359553 0.535048 0.343759 0.351734 0.429645 0.337855 0.445283 0.534863 0.400453 0.383109 0.410237 0.381064 0.703837 0.379685 0.437084 0.446413 1.64152 0.353889 0.344191 0.721753 0.409336 0.354472 0.535063 0.559829 1.64399 0.708923 0.320159 0.3698 0.714422 0.337683 0.379696 0.288915 0.360743 0.903194 0.402883 0.394979 0.903775 0.413572 0.413351 0.403932 0.320721 0.334876 0.610596 0.341113 0.349613 0.400224 0.54461 0.394662 0.443471 0.323413 0.358314 0.606441 0.394837 0.401371 0.539719 0.324258 0.527462 1.15058 0.546185 0.410795 0.330745 0.722377 0.46967 0.404044 1.16261 0.444939 0.397223 0.402125 0.615415 0.536445 1.63147 0.400356 0.916427 0.565244 1.57003 0.545885 0.365239 0.545391 0.313222 0.494575 0.43281 0.681383 0.470673 0.901 0.34002 0.455641 1.15256 0.616992 0.332045 0.141965 0.520179 0.464114 0.628235 0.434956 0.394924 0.477823 0.400729 0.720381 0.38783 0.396663 0.32255 0.376687 0.403437 0.335172 1.11169 0.535937 0.723939 0.359128 0.392601 0.301999 0.320734 0.437959 0.542289 1.04206 0.34425 0.463939 0.475896 0.534426 0.437919 0.887721 0.446004 0.53001 0.541643 0.706074 0.402747 0.369325
Testing:
Lab Growth Rates:
0.3
Dot Production Prediction of Lab Growth Rates:
0.528783
Best performance so far: 
Obj: 4.64818e-310Rho: 2.26291e-314Diff: 4.64818e-310
Anneal again with the best G and E so far as input
Cycle 2Round 1
Iter 500000 pBad 0.883972 T 0.00406324 Obj 1.09242 Rho 0 GRdif 51.9741 success 116880 failure 5774 obj_new 1.09242 SA_pAcc 0.962314 Delta 0.0302463 SA_r 0.0229334 freedomratio 0.282828
Iter 1000000 pBad 0.831242 T 0.00105663 Obj 1.07552 Rho 0 GRdif 42.8069 success 231187 failure 16932 obj_new 1.07552 SA_pAcc 1 Delta 0.00265448 SA_r 0.202926 freedomratio 0.278937
Iter 1500000 pBad 0.724971 T 0.000274774 Obj 1.03921 Rho 0 GRdif 22.6176 success 342269 failure 37077 obj_new 1.03921 SA_pAcc 0.988115 Delta 0.00186959 SA_r 0.733897 freedomratio 0.272475
Iter 2000000 pBad 0.62431 T 7.14541e-05 Obj 1.02608 Rho 0 GRdif 15.1392 success 450590 failure 64572 obj_new 1.02608 SA_pAcc 1 Delta 0.0528011 SA_r 0.231511 freedomratio 0.273998
Iter 2500000 pBad 0.511685 T 1.85814e-05 Obj 1.02041 Rho 0 GRdif 11.881 success 554966 failure 101612 obj_new 1.02041 SA_pAcc 1.15645 Delta -0.00274211 SA_r 0.538494 freedomratio 0.270345
Iter 3000000 pBad 0.384297 T 4.83204e-06 Obj 1.01681 Rho 0 GRdif 9.80182 success 653599 failure 148304 obj_new 1.01681 SA_pAcc 0.996728 Delta -0.0289688 SA_r 0.825841 freedomratio 0.262149
Iter 3500000 pBad 0.243228 T 1.25656e-06 Obj 1.01242 Rho 0 GRdif 7.26056 success 741312 failure 221836 obj_new 1.01242 SA_pAcc 0.663653 Delta -0.0106897 SA_r 0.281444 freedomratio 0.248626
Iter 4000000 pBad 0.169446 T 3.26763e-07 Obj 1.01099 Rho 0 GRdif 6.42428 success 811810 failure 335573 obj_new 1.01099 SA_pAcc 1 Delta 0.00406853 SA_r 0.516974 freedomratio 0.242075
Iter 4500000 pBad 0.0938923 T 8.49737e-08 Obj 1.01006 Rho 0 GRdif 5.88911 success 869061 failure 488710 obj_new 1.01007 SA_pAcc 5.96802e-35 Delta -0.00366019 SA_r 0.00544403 freedomratio 0.214052
Iter 5000000 pBad 0.051744 T 2.20971e-08 Obj 1.00951 Rho 0 GRdif 5.56592 success 907776 failure 705296 obj_new 1.00951 SA_pAcc 1 Delta 0.00336728 SA_r 0.543599 freedomratio 0.188401
Iter 5500000 pBad 0.0319225 T 5.74629e-09 Obj 1.00933 Rho 0 GRdif 5.47418 success 932521 failure 982522 obj_new 1.00935 SA_pAcc 0 Delta -0.00271758 SA_r 0.203682 freedomratio 0.167856
Iter 6000000 pBad 0.00704896 T 1.4943e-09 Obj 1.00924 Rho 0 GRdif 5.41099 success 951183 failure 1303865 obj_new 1.00924 SA_pAcc 1 Delta 0.000502382 SA_r 0.37866 freedomratio 0.153927
Iter 6500000 pBad 0.0038084 T 3.88589e-10 Obj 1.00921 Rho 0 GRdif 5.39216 success 962655 failure 1662924 obj_new 1.00921 SA_pAcc 1 Delta -0.000277605 SA_r 0.663971 freedomratio 0.146853
Iter 7000000 pBad 0.00266392 T 1.01051e-10 Obj 1.0092 Rho 0 GRdif 5.39835 success 970039 failure 2042208 obj_new 1.00922 SA_pAcc 0 Delta 0.00012972 SA_r 0.248475 freedomratio 0.141482
Iter 7500000 pBad 0.00165249 T 2.62781e-11 Obj 1.00919 Rho 0 GRdif 5.3826 success 976199 failure 2434580 obj_new 1.0092 SA_pAcc 0 Delta -1.04078e-05 SA_r 0.561823 freedomratio 0.138843
Iter 8000000 pBad 0.00075883 T 6.83353e-12 Obj 1.00919 Rho 0 GRdif 5.37971 success 982009 failure 2838154 obj_new 1.00919 SA_pAcc 4.1791e-76 Delta -5.27363e-05 SA_r 0.00196868 freedomratio 0.135203
Iter 8500000 pBad 0.000318636 T 1.77704e-12 Obj 1.00919 Rho 0 GRdif 5.37863 success 987486 failure 3249004 obj_new 1.00919 SA_pAcc 1.69929e-217 Delta -1.9008e-05 SA_r 0.897141 freedomratio 0.134585
Iter 9000000 pBad 3.13204e-57 T 4.62113e-13 Obj 1.00919 Rho 0 GRdif 5.37844 success 989402 failure 3614917 obj_new 1.00919 SA_pAcc 0 Delta -1.50542e-58 SA_r 0.588652 freedomratio 0.130958
Iter 9500000 pBad 8.05928e-243 T 1.20171e-13 Obj 1.00919 Rho 0 GRdif 5.3785 success 989402 failure 3969578 obj_new 1.00919 SA_pAcc 0 Delta 2.18871e-244 SA_r 0.139985 freedomratio 0.129032
Good enough
iter 8.62999e+06 obj1.00919 rho 0 GRdif 5.37844
Training:
Lab Growth Rates:
0.3 0.45 0.41 0.32 0.19 0.377 0.45 0.6 0.42 0.56 0.23 0.55 0.41 0.6 0.41 0.54 0.1 0.54 0.43 0.09 0.465 0.54 0.41 0.5 0.22 0.48 0.4 0.5 0.4 0.68 0.4 0.37 0.47 0.58 0.637 0.65 0.59 0.65 1.483 0.25 0.36 1.67 0.53 0.37 1.46 0.481 0.41 0.4 1.483 1.483 0.52 0.54 1.46 0.56 0.36 0.636 0.58 0.45 0.43 0.6 0.23 0.42 0.46 0.42 1.345 0.56 0.41 0.1 0.54 0.4 0.42 0.377 0.55 0.52 0.55 0.58 0.37 0.58 0.4 0.46 0.54 0.1 0.22 0.58 0.5 1.483 0.4 0.68 0.59 0.25 0.45 0.56 0.43 0.47 0.3 0.27 0.33 1.248 1.43 0.31 0.27 0.38 0.5 0.46 1.05 0.42 0.38 0.11 0.59 0.4 0.65 0.46 0.46 0.45 0.36 1.43 0.48 0.47 0.4 0.39 0.5 0.686 0.42 0.48 0.56 0.58 0.4 0.46 0.54 0.55 0.45 0.3 0.42 0.54 0.48 0.37 0.58 0.1 0.33 0.37 0.65 0.23 0.42 0.43 0.301 0.5 1.345 1.483 0.45 0.43 0.54 0.47 0.4 0.47 0.46 0.32 0.65 0.38 0.54 1.483 0.39 0.59 0.48 0.42 0.54 0.17 0.23 0.41 0.4 1.248 0.54 0.53 1.05 0.377 1.483 1.05 1.483 0.4 0.25 0.41 0.47 1.38 1.248 0.5 0.3 0.43 0.5 0.46 0.45 0.648 0.25 0.36 0.58 0.45 0.31 0.51 0.901 0.43 0.4 0.1 0.45 0.54 0.54 0.36 0.38 0.27 0.5 0.3 1.05 0.762 0.4 0.637 0.47 0.43 0.58 0.33 0.46 0.485 0.54 0.59 0.46 0.43 0.1 0.19 0.4 0.5 0.42 0.36 0.59 0.5 0.59 0.39 0.485 0.37 0.58 0.301 0.52 1.345 0.45 0.4 0.42 1.46 0.48 0.4 0.65 0.39 0.58 0.3 0.3 0.59 0.25 0.39 0.762 0.4 0.4 0.4 0.33 1.05 0.37 0.47 0.56 0.4 0.635 1.4 0.27 0.36 0.11 0.55 0.4 0.47 0.27 0.4 0.648 0.42 0.4 0.53 0.476 0.47 0.54 0.52 0.4 0.5 0.476 0.54 0.5 1.44 0.7 0.45 0.5 0.5 1.483 0.52 0.5 0.37 0.26 0.54 0.43 0.2 0.23 0.45 0.39 0.58 0.53 0.14 0.58 0.7 0.46 0.22 0.4 0.46 0.54 0.46 0.25 0.686 1.345 0.47 1.248 0.53 0.5 0.47 0.636 0.47 0.724 0.51 0.53 0.46 0.43 0.901 0.2 0.4 0.5 0.46 0.47 0.37 0.65 0.37 0.68 0.45 0.58 0.37 0.47 0.5 1.345 0.23 0.45 0.53 0.59 0.58 0.27 0.46 0.4 0.4 0.58 0.47 1.483 0.4 0.4 1.345 0.1 0.47 0.23 0.65 0.46 0.4 0.4 0.42 0.3 0.42 0.7 0.56 1.345 0.5 0.26 0.25 0.53 0.59 0.45 1.345 0.635 1.483 0.47 0.58 0.34 0.4 0.3 0.25 0.4 0.901 0.68 0.4 0.22 0.46 1.345 0.648 0.55 0.09 0.5 0.59 0.22 0.33 0.55 0.55 0.38 0.58 0.636 0.4 0.46 0.1 0.56 0.58 0.59 0.4 0.41 1.67 0.5 0.3 0.47 0.56 0.465 0.4 0.47 1.66 0.53 0.4 0.36 0.56 0.2 0.5 0.4 0.55 0.17 0.4 0.5 0.4 0.481 0.4 0.5 0.37 0.4 0.3 0.5 0.762 0.481 0.4 0.26 0.53 0.5 0.4 0.49 0.37 0.52 0.52 0.34 1.345 0.56 0.6 0.71 0.724 0.1 0.56 0.54 1.03 0.49 0.5 0.42 0.45 0.55 0.59 0.476 0.54 0.4 0.59 0.37 0.52 0.7 0.47 0.485 0.465 1.49 0.33 0.59 0.71 0.37 0.48 0.56 0.3 1.66 0.637 0.32 0.47 0.635 0.47 0.52 0.48 0.53 0.901 0.4 0.53 0.901 0.37 0.4 0.36 0.54 0.4 0.42 0.59 0.22 0.4 0.23 0.45 0.55 0.42 0.49 0.5 0.4 0.4 0.56 0.48 0.23 1.35 0.54 0.17 0.09 0.724 0.58 0.4 1.345 0.43 0.4 0.4 0.5 0.5 1.42 0.4 1.248 0.31 0.45 0.54 0.52 0.54 0.42 0.68 0.55 0.5 0.56 0.901 0.34 0.46 1.345 0.617 0.53 0.14 0.33 0.22 0.65 0.46 0.4 0.5 0.52 0.71 0.54 0.4 0.19 0.52 0.4 0.3 1.483 0.53 0.686 0.11 0.51 0.58 0.33 0.301 0.56 1.46 0.47 0.22 0.33 0.56 0.54 0.762 0.485 0.53 0.56 0.5 0.4 0.54
Dot Production Prediction of Lab Growth Rates:
0.668317 0.280733 0.342286 0.31969 0.319672 0.518526 1.44371 0.631652 0.382492 0.555495 0.436115 0.562503 0.397308 0.623061 0.422586 0.343656 2.26122 0.391601 0.366218 0.395446 0.507534 0.540001 0.515781 0.559754 0.48719 0.297188 0.346901 0.673991 0.347936 0.571932 0.353706 0.412387 0.348948 0.488954 0.701161 0.667092 0.554744 0.649975 1.27273 0.374219 0.333196 1.38708 0.405708 0.271741 1.42263 0.502414 0.514421 0.39174 1.26288 1.304 0.38208 0.395662 1.04001 0.526558 0.44849 0.704677 0.362256 0.441677 0.386297 0.613597 0.547929 0.324749 0.407861 0.350646 1.34869 0.484202 0.377075 0.470758 0.4731 0.347111 0.336111 0.511231 0.544805 0.347383 0.550628 0.492162 0.430247 0.486726 0.383149 0.345577 0.534747 1.94746 0.483828 0.468566 0.370918 1.30787 0.39668 0.567179 0.328978 0.541495 0.394744 0.484565 0.443679 0.465517 0.236431 0.391139 0.379689 1.0781 1.19195 0.597451 0.388701 0.407624 0.725757 0.410687 1.05926 0.34253 0.295995 0.329426 0.548658 0.347557 0.665043 0.35293 0.461083 1.45633 0.382791 1.17407 0.337222 0.50056 0.354218 0.352351 0.723586 0.715429 0.257196 0.34481 0.55127 0.318757 0.394286 0.544044 0.39112 0.478208 0.361794 0.481038 0.333027 0.471559 0.354275 0.428443 0.471505 2.32543 0.495964 0.422258 0.64982 0.547808 0.340712 0.436498 0.523616 0.478275 1.2572 1.19317 0.360745 0.378343 0.411574 0.345476 0.340653 0.476226 0.444073 0.366177 0.655569 0.304633 0.265816 1.2274 0.311511 0.407013 0.253834 0.28622 0.548796 0.315856 0.559486 0.315158 0.387045 1.06837 0.419216 0.526666 1.36044 0.516755 1.27697 1.05 1.20789 0.352223 1.47266 0.373654 0.393807 1.27538 1.08862 0.385862 0.365165 0.390996 0.317772 0.471848 1.4502 0.706343 0.369616 0.336906 0.46288 0.366012 0.584574 0.411636 0.894456 0.406871 0.357258 1.39769 0.439129 0.473719 0.484371 0.349093 0.281312 0.340124 0.324142 0.619746 1.0608 1.12522 0.355016 0.704304 0.416115 0.367152 0.353431 0.375592 0.265533 0.503572 0.350623 0.294538 0.460012 0.424724 0.933764 0.291112 0.378508 0.478728 0.608822 0.354328 0.301618 0.381956 0.547606 0.275493 0.506476 0.44977 0.390365 0.525593 0.372903 1.2809 0.390004 0.296468 0.285968 1.03398 0.253628 0.353786 0.659394 0.307047 0.420538 0.609119 0.601218 0.32682 0.92087 0.301439 1.13058 0.393984 0.394002 0.354537 0.298886 1.02566 0.577557 0.35667 0.541503 0.397559 0.704086 1.41453 0.620573 0.36371 0.404524 0.553293 0.393364 0.396325 0.37278 0.354979 0.69783 0.363075 0.34668 0.463236 0.508588 0.355658 0.367957 0.392721 0.344326 0.646158 0.51078 0.376548 0.498391 1.49497 0.780179 0.396451 0.313106 0.53723 1.27734 0.410879 0.491891 0.423387 0.392796 0.385615 0.379294 0.397078 0.543895 1.51013 0.323922 0.472342 0.529466 0.598247 0.446439 0.783137 0.560366 0.480025 0.352594 0.42268 0.383138 0.559699 0.313861 0.711641 1.28687 0.390157 1.07301 0.318684 0.791547 0.451415 0.71143 0.477043 0.710049 0.443659 0.451459 0.288788 0.424301 0.899862 0.390675 0.349505 0.327697 0.459078 0.441998 0.428015 0.631442 0.415215 0.582041 0.265695 0.470817 0.430802 0.39978 0.643388 1.26104 0.437028 1.49351 0.530019 0.54241 0.400909 0.270005 0.331652 0.350217 0.351748 0.360739 0.444128 1.30612 0.354918 0.351091 1.30314 1.92461 0.424184 0.434742 0.638603 0.462073 0.351408 0.388421 0.618896 0.228907 0.414529 0.780652 0.550514 1.28137 0.306864 0.586142 0.508151 0.544887 0.556198 1.50354 1.28337 0.707739 1.26345 0.36254 0.470948 0.293713 0.398824 0.392798 0.375339 0.344423 1.03984 0.577264 0.343076 0.416346 0.444732 1.27064 0.705632 0.491651 0.484805 0.330228 0.555928 0.495053 0.298979 0.562106 0.541349 0.388963 0.468569 0.713713 0.34989 0.372865 0.306393 0.546242 0.372494 0.548636 0.356279 0.514175 1.51158 0.488267 0.576533 0.359573 0.487475 0.503398 0.352562 0.340957 1.48926 0.232007 0.358846 0.370879 0.472903 0.344074 0.570581 0.353735 0.488014 0.300531 0.33458 0.435372 0.355443 0.505651 0.334182 0.747379 0.409006 0.380012 0.24052 0.350584 1.14062 0.501469 0.336761 0.494712 0.544921 0.409162 0.355825 0.428037 0.47858 0.361288 0.3591 0.309955 1.21763 0.473351 0.661736 0.716386 0.714599 0.46036 0.55658 0.47043 1.26706 0.419949 0.534099 0.349323 0.308647 0.491341 0.334912 0.506244 0.565233 0.351905 0.380565 0.418782 0.396578 0.785377 0.382852 0.503392 0.509995 1.51013 0.334522 0.318461 0.712733 0.410182 0.374168 0.545485 0.658544 1.4578 0.708657 0.310789 0.388437 0.709461 0.293393 0.382074 0.246101 0.390513 0.901207 0.387453 0.441277 0.901 0.41637 0.39474 0.439829 0.310249 0.294978 0.58975 0.287105 0.364399 0.351294 0.539411 0.429702 0.489581 0.311554 0.401074 0.633283 0.344595 0.395078 0.54967 0.301321 0.55168 1.11891 0.529075 0.447321 0.349571 0.716505 0.491173 0.354322 1.33202 0.450442 0.346619 0.353682 0.648853 0.53348 1.50416 0.351867 1.07592 0.58401 1.46326 0.557322 0.378224 0.526125 0.274788 0.57853 0.491706 0.752599 0.472555 0.904034 0.331079 0.443471 1.27071 0.810148 0.313616 0.607476 0.549274 0.490564 0.623979 0.472223 0.337943 0.484655 0.404523 0.705204 0.402379 0.343533 0.301188 0.388967 0.353448 0.300637 1.24541 0.528002 0.712896 0.38141 0.423188 0.272233 0.321486 0.52756 0.545314 1.04476 0.369014 0.487045 0.524552 0.528091 0.468168 1.13876 0.509368 0.526184 0.552582 0.775793 0.354754 0.397552
Testing:
Lab Growth Rates:
0.3
Dot Production Prediction of Lab Growth Rates:
0.647686
Best performance so far: 
Obj: 4.64818e-310Rho: 2.122e-314Diff: 4.64818e-310
Test:
 Lab Growth Rates:
0.3Dot Product Prediction of Growth Rate:
0.6476859