seed =  5 traits =  1 
Training: part  183 
Training: part  183 
Round  1 
 Goal of obj  0.99 
Temperature range:  0.00390625 7.8125e-15 
Cycle 1Round 1
Iter 500000 pBad 0.835818 T 0.00101581 Obj 1.06757 Rho 0 GRdif 38.3183 success 145987 failure 11556 obj_new 1.06757 SA_pAcc 1 Delta 0.0814958 SA_r 0.407877 freedomratio 0.371121
Iter 1000000 pBad 0.784963 T 0.000264158 Obj 1.03539 Rho 0 GRdif 20.3819 success 288871 failure 29157 obj_new 1.03539 SA_pAcc 1 Delta 0.0252028 SA_r 0.326497 freedomratio 0.37492
Iter 1500000 pBad 0.700966 T 6.86935e-05 Obj 1.02349 Rho 0 GRdif 13.6047 success 430090 failure 51713 obj_new 1.02349 SA_pAcc 1.07376 Delta -0.0205579 SA_r 0.38389 freedomratio 0.369716
Iter 2000000 pBad 0.604264 T 1.78635e-05 Obj 1.0169 Rho 0 GRdif 9.82282 success 567561 failure 82651 obj_new 1.0169 SA_pAcc 1 Delta -0.0204852 SA_r 0.295966 freedomratio 0.360172
Iter 2500000 pBad 0.388023 T 4.64535e-06 Obj 1.01194 Rho 0 GRdif 6.95299 success 697131 failure 127688 obj_new 1.01194 SA_pAcc 0.965176 Delta 0.0123909 SA_r 0.660702 freedomratio 0.34881
Iter 3000000 pBad 0.2797 T 1.20801e-06 Obj 1.00888 Rho 0 GRdif 5.18307 success 810469 failure 204863 obj_new 1.00888 SA_pAcc 1 Delta 0.0161018 SA_r 0.367501 freedomratio 0.34269
Iter 3500000 pBad 0.149464 T 3.14139e-07 Obj 1.00796 Rho 0 GRdif 4.64895 success 897030 failure 337602 obj_new 1.00796 SA_pAcc 0.520333 Delta 0.0129852 SA_r 0.0454685 freedomratio 0.308746
Iter 4000000 pBad 0.0605774 T 8.16908e-08 Obj 1.00772 Rho 0 GRdif 4.50531 success 947158 failure 553608 obj_new 1.00772 SA_pAcc 1 Delta -0.00492748 SA_r 0.978118 freedomratio 0.263134
Iter 4500000 pBad 0.0246022 T 2.12434e-08 Obj 1.00764 Rho 0 GRdif 4.46152 success 973892 failure 835831 obj_new 1.00764 SA_pAcc 1 Delta -0.000899876 SA_r 0.656674 freedomratio 0.229264
Iter 5000000 pBad 0.0117615 T 5.52429e-09 Obj 1.00762 Rho 0 GRdif 4.44943 success 988466 failure 1157997 obj_new 1.00762 SA_pAcc 5.6747e-37 Delta -0.000807394 SA_r 0.63616 freedomratio 0.215758
Iter 5500000 pBad 0.00548418 T 1.43657e-09 Obj 1.00762 Rho 0 GRdif 4.44562 success 996705 failure 1502724 obj_new 1.00762 SA_pAcc 2.51964e-13 Delta 0.000302447 SA_r 0.373878 freedomratio 0.208764
Iter 6000000 pBad 0.0022235 T 3.73576e-10 Obj 1.00761 Rho 0 GRdif 4.44334 success 1000318 failure 1862218 obj_new 1.00761 SA_pAcc 7.29033e-23 Delta 0.000178796 SA_r 0.170486 freedomratio 0.206265
Iter 6500000 pBad 0.000899987 T 9.71473e-11 Obj 1.00761 Rho 0 GRdif 4.44303 success 1003132 failure 2226194 obj_new 1.00761 SA_pAcc 0 Delta -4.48093e-05 SA_r 0.502503 freedomratio 0.20312
Iter 7000000 pBad 0.00144495 T 2.52628e-11 Obj 1.00761 Rho 0 GRdif 4.49473 success 1004542 failure 2594813 obj_new 1.0077 SA_pAcc 0 Delta 4.47316e-05 SA_r 0.1796 freedomratio 0.202768
Iter 7500000 pBad 0.000879474 T 6.56952e-12 Obj 1.00761 Rho 0 GRdif 4.44159 success 1006137 failure 2964252 obj_new 1.00761 SA_pAcc 0 Delta 1.61241e-05 SA_r 0.291398 freedomratio 0.201652
Iter 8000000 pBad 0.00101492 T 1.70838e-12 Obj 1.00761 Rho 0 GRdif 4.44073 success 1009711 failure 3329773 obj_new 1.00761 SA_pAcc 1 Delta 5.31308e-05 SA_r 0.996361 freedomratio 0.200205
Iter 8500000 pBad 1.46608e-18 T 4.44259e-13 Obj 1.00761 Rho 0 GRdif 4.44729 success 1011192 failure 3648611 obj_new 1.00762 SA_pAcc 0 Delta 1.43154e-19 SA_r 0.0721699 freedomratio 0.184625
Iter 9000000 pBad 1.02425e-60 T 1.15528e-13 Obj 1.00761 Rho 0 GRdif 4.44061 success 1011192 failure 3928302 obj_new 1.00761 SA_pAcc 1 Delta 8.73935e-62 SA_r 0.525389 freedomratio 0.184858
Iter 9500000 pBad 2.12511e-223 T 3.00428e-14 Obj 1.00761 Rho 0 GRdif 4.45385 success 1011192 failure 4212079 obj_new 1.00763 SA_pAcc 0 Delta 1.55515e-224 SA_r 0.833362 freedomratio 0.146281
Iter 10000000 pBad 0 T 7.81252e-15 Obj 1.00761 Rho 0 GRdif 4.44061 success 1011192 failure 4531239 obj_new 1.00761 SA_pAcc 1 Delta -0 SA_r 0.079234 freedomratio 0.0430724
Cannot move further
iter 8.27352e+06 obj1.00761 rho 0 GRdif 4.44061
Training:
Lab Growth Rates:
1.05 0.42 0.37 0.4 0.11 0.42 0.3 0.47 0.33 0.465 0.301 0.59 1.03 0.59 0.762 0.5 0.7 0.53 0.3 0.37 0.65 0.5 0.37 0.377 0.58 1.483 0.22 0.41 0.4 0.53 0.42 0.43 0.22 0.4 0.52 0.55 0.4 0.14 0.59 0.5 0.32 0.4 0.27 0.41 0.5 0.31 0.636 0.36 0.58 0.19 1.46 0.46 0.1 0.27 0.47 0.5 0.48 1.483 0.59 0.5 0.4 0.34 0.4 0.46 0.56 0.36 0.4 0.59 0.4 0.58 0.41 0.5 0.58 0.56 0.465 0.68 0.5 0.4 0.47 0.36 1.345 0.19 0.38 0.27 0.7 0.33 0.52 0.47 0.65 0.54 0.43 0.4 0.47 0.52 0.37 0.5 0.38 0.54 0.41 0.5 0.33 0.54 0.46 0.54 0.4 0.4 0.5 0.637 1.46 0.56 0.25 0.22 0.42 0.56 0.17 0.34 1.46 0.6 0.4 0.42 0.65 0.4 0.58 0.41 0.46 1.248 0.59 0.4 1.345 0.46 0.47 1.483 0.17 0.485 0.55 0.53 0.17 0.46 0.47 0.59 0.55 0.58 1.67 1.345 0.3 0.65 0.5 0.481 0.45 0.3 0.1 0.22 0.1 1.483 0.55 0.3 0.4 0.54 0.58 0.4 0.45 0.4 0.5 0.54 0.45 0.686 0.09 0.4 0.301 0.56 0.46 0.42 0.45 0.2 0.4 0.4 0.45 0.47 0.48 0.54 0.45 0.46 0.41 0.1 0.45 0.4 1.35 0.39 1.483 0.45 0.56 0.53 0.47 0.54 0.65 0.23 1.345 0.58 0.37 0.25 0.54 0.37 0.51 0.45 0.4 0.53 1.43 0.47 0.53 0.4 0.48 0.59 0.22 0.485 0.901 1.67 0.46 0.5 0.1 0.45 1.66 0.45 0.25 0.47 0.47 0.53 0.4 0.54 0.43 0.46 0.1 0.635 0.5 0.54 0.52 0.37 0.5 0.4 1.483 0.37 0.901 0.55 0.4 0.377 0.47 0.43 0.648 0.4 0.58 1.345 0.4 0.46 0.54 0.5 0.36 0.46 0.41 0.58 0.09 0.42 0.46 0.55 0.3 0.724 0.476 0.55 0.4 1.38 0.23 1.248 0.43 0.52 0.46 0.4 0.54 0.53 0.25 0.43 0.33 0.14 0.47 0.58 0.58 0.58 0.42 0.901 0.32 0.43 0.724 0.22 0.901 0.6 0.4 0.42 0.45 0.42 0.54 0.5 0.42 0.4 0.4 0.5 0.55 0.4 0.23 0.5 0.5 0.901 0.54 0.43 0.4 0.4 0.465 0.5 0.48 0.52 0.54 0.5 0.58 0.481 0.54 0.58 0.53 0.49 0.5 0.47 0.52 0.54 0.4 1.05 0.59 0.52 0.2 0.59 0.37 0.09 0.36 0.4 0.47 0.636 0.25 0.42 0.47 0.56 0.23 1.05 0.4 0.53 0.3 0.49 0.5 0.37 0.39 0.36 0.3 0.3 0.635 1.248 0.32 0.48 0.52 0.42 0.617 0.4 0.31 0.26 0.56 0.3 0.53 0.5 0.59 0.5 0.25 0.58 0.762 0.4 0.11 0.3 0.4 0.4 0.38 0.4 0.55 0.47 0.65 0.41 0.54 0.37 0.51 0.54 1.345 0.22 1.483 0.7 0.901 0.56 0.34 0.54 0.46 0.1 0.39 0.23 1.345 0.762 0.53 0.5 0.54 1.4 0.648 1.66 0.53 0.54 0.1 0.55 0.5 0.71 0.724 0.59 0.26 0.65 0.45 1.43 0.68 0.46 0.4 0.58 0.4 0.45 0.68 1.248 0.4 0.686 0.58 0.37 1.345 0.38 0.54 0.23 0.5 1.345 0.48 0.46 0.48 0.56 1.05 0.43 0.56 0.3 0.4 0.46 0.46 0.45 1.248 0.31 0.53 0.635 0.4 0.33 0.43 0.4 0.47 0.45 0.19 0.59 0.4 0.37 1.483 0.25 0.56 0.65 0.5 0.1 0.59 0.47 0.762 0.36 0.45 0.33 0.3 0.54 0.45 0.52 0.42 1.345 0.56 0.4 1.05 0.51 0.485 1.483 0.476 0.4 0.636 0.27 0.59 0.56 0.37 0.36 0.637 0.58 0.6 0.4 1.483 0.42 0.38 0.481 0.45 0.3 0.37 0.42 0.4 0.42 0.55 0.5 1.42 0.71 0.58 0.48 0.23 0.5 0.637 0.27 0.648 0.4 0.54 0.6 1.46 0.7 0.4 0.65 1.483 0.54 0.4 0.39 0.39 0.23 0.55 0.47 0.27 0.25 0.37 0.52 0.56 0.23 0.68 0.22 0.47 0.52 0.686 0.46 0.46 0.11 0.56 0.56 0.49 1.345 0.4 0.43 0.4 0.47 0.36 0.68 0.54 0.4 1.483 0.42 1.44 0.47 0.301 1.49 0.41 0.377 0.2 0.53 0.48 0.59 0.26 1.345 0.43 0.5 0.476 0.39 0.56 0.485 0.71 0.58
Dot Production Prediction of Lab Growth Rates:
1.05 0.615774 0.455819 0.400277 0.338764 0.322484 0.361118 0.390189 0.375946 0.544285 0.54225 0.376711 1.34791 0.32009 0.770078 0.671763 0.710377 0.439169 0.446353 0.412408 0.617278 0.478775 0.409672 0.539097 0.478498 1.25814 0.462911 0.532176 0.395283 0.530529 0.616508 0.359707 0.457618 0.4084 0.37486 0.448198 0.397662 0.140006 0.54467 0.660726 0.30932 0.401362 0.370685 0.370994 0.469801 0.571745 0.719903 0.437089 0.480446 0.311832 1.0346 0.446311 0.869922 0.338589 0.504619 0.704314 0.297252 1.24227 0.34043 0.380393 0.405021 0.345947 0.400683 0.331292 0.536783 0.366131 0.403168 0.547196 0.404299 0.475893 0.308856 0.312844 0.362201 0.475019 0.547664 0.466721 0.480566 0.38819 0.356057 0.323657 1.28765 0.315538 0.287418 0.369263 0.700824 0.326609 0.395023 0.361554 0.64959 0.54816 0.372193 0.401601 0.38228 0.390589 0.42814 0.546459 0.310188 0.36383 0.36189 0.384167 0.363899 0.321368 0.409646 0.54 0.399878 0.400003 0.744102 0.700749 1.05517 0.536329 0.349901 0.391015 0.309807 0.537022 0.44451 0.316139 1.02922 0.566298 0.400616 0.336549 0.652591 0.405253 0.36797 0.539231 0.299404 0.851909 0.342568 0.388797 1.28789 0.460465 0.47755 1.19555 0.315772 0.529999 0.544737 0.370987 0.305907 0.565466 0.397732 0.347587 0.548668 0.477414 1.42218 1.18902 0.586774 0.640761 0.480695 0.536232 1.46808 0.563764 0.436401 0.469879 0.338055 1.26936 0.454135 0.533579 0.398699 0.454911 0.353536 0.40406 0.409246 0.400723 0.529332 0.410219 1.55392 0.723542 0.458607 0.403616 0.540761 0.477408 0.404621 0.336925 0.339808 0.356522 0.405933 0.403275 1.50177 0.337321 0.286377 0.451122 0.321373 0.362696 0.53707 0.448521 1.49672 0.402085 1.18249 0.323857 1.21998 0.38072 0.477392 0.546213 0.321864 0.373708 0.658508 0.423022 1.23561 0.459198 0.410308 0.345228 0.302508 0.409411 0.439379 0.40707 0.398816 0.400754 1.28758 0.365063 0.522653 0.408406 0.313661 0.32103 0.462532 0.529866 0.768383 1.53373 0.524581 0.74693 1.04073 0.365525 1.66 0.398491 0.506015 0.351002 0.352293 0.327907 0.395802 0.401986 0.349472 0.460011 0.965109 0.709597 0.7531 0.366025 0.356347 0.414512 0.371047 0.406547 1.22328 0.422715 0.901018 0.45311 0.404772 0.539283 0.403906 0.386953 0.704854 0.404208 0.475732 1.22687 0.390458 0.450316 0.45029 0.328519 0.417974 0.459169 0.332372 0.395657 0.33709 0.349709 0.464983 0.441599 0.405929 0.71931 0.54982 0.558256 0.403811 1.35035 0.421682 0.850108 0.428331 0.37245 0.29755 0.389996 0.53999 0.529987 1.52835 0.42744 0.317888 0.13981 0.379284 0.476581 0.311838 0.381286 0.634819 0.900907 0.318186 0.37249 0.723906 0.472651 0.905135 0.57842 0.393758 0.304789 1.49447 0.328496 0.543119 0.701999 0.327578 0.392358 0.388857 0.415987 0.544314 0.391945 0.532871 0.541103 0.528475 0.903298 0.460541 0.408504 0.401248 0.397236 0.545923 0.318577 0.337108 0.396116 0.376795 0.327048 0.485584 0.535778 0.38821 0.397473 0.528587 0.388073 0.780508 0.434989 0.389762 0.454388 0.300973 1.04992 0.544557 0.370829 0.391327 0.546232 0.378959 0.375527 0.346962 0.403896 0.374099 0.713438 0.298227 0.311494 0.504293 0.529615 0.530092 1.53769 0.398043 0.287871 0.297861 0.40095 0.317952 0.285892 0.370448 0.350156 0.539977 0.311465 0.712431 0.841665 0.343384 0.332995 0.365894 0.302789 0.500565 0.406458 0.567685 0.36693 0.546873 0.300815 0.412175 0.32083 0.546595 0.487358 0.531048 0.352489 0.758468 0.396905 0.386974 0.600055 0.399209 0.405727 0.304483 0.402477 0.557904 0.40241 0.636784 0.407073 0.555059 0.41135 0.405885 0.335875 1.2439 0.363462 1.20803 0.700955 0.96443 0.474619 0.324554 0.453831 0.36598 1.43024 0.310078 0.531818 1.27378 0.766824 0.542689 0.686654 0.552168 1.42063 0.700883 1.66 0.522395 0.289717 0.859286 0.460204 0.547984 0.71429 0.723264 0.313543 0.585476 0.673393 0.353857 1.2876 0.459556 0.546669 0.395978 0.476422 0.401351 0.323875 0.468697 0.846948 0.404341 0.724951 0.473775 0.410877 1.2925 0.362858 0.382952 0.535644 0.652567 1.3083 0.302724 0.397229 0.331941 0.482609 1.0401 0.395125 0.539136 0.492711 0.394352 0.428951 0.467993 1.54014 0.843377 0.569155 0.34931 0.711039 0.403513 0.312521 0.37734 0.397149 0.352951 0.30135 0.307544 0.361715 0.403466 0.421323 1.25956 0.349871 0.549198 0.674365 0.470439 0.838451 0.544611 0.391023 0.763579 0.319978 0.346696 0.354742 0.536431 0.370532 1.53084 0.332885 0.356732 1.20631 0.537533 0.403168 1.05303 0.391598 0.539704 1.28654 0.54512 0.401867 0.716564 0.61325 0.546305 0.52819 0.420116 0.339129 0.704194 0.292715 0.572385 0.402667 1.24452 0.334157 0.363172 0.53439 0.366881 0.310329 0.54704 0.395145 0.391071 0.357624 0.450028 0.325138 1.53738 0.721415 0.474155 0.299359 0.529289 0.357999 0.706704 0.294178 0.705871 0.394462 0.358602 0.585789 1.571 0.709593 0.3243 0.649965 1.24647 0.541668 0.387182 0.322409 0.300445 0.421665 0.551544 0.360661 0.356164 0.88695 0.38966 0.335993 0.481705 0.539319 0.462415 0.461747 0.355932 0.358558 0.722416 0.469394 0.335352 0.368627 0.537997 0.550223 0.38398 1.26735 0.401056 0.432758 0.40394 0.405631 0.363736 0.468794 0.367054 0.39796 1.24869 0.347704 1.55685 0.441285 0.540109 1.54014 0.386061 0.537272 0.396119 0.487426 0.353747 0.329691 0.464857 1.25867 0.367409 0.726049 0.546454 0.325845 0.533901 0.53964 0.718469 0.474994
Testing:
Lab Growth Rates:
0.33 0.33 0.33
Dot Production Prediction of Lab Growth Rates:
0.497159 0.524096 0.445943
Best performance so far: 
Obj: 4.67747e-310Rho: 2.26291e-314Diff: 4.67747e-310
Anneal again with the best G and E so far as input
Cycle 2Round 1
Iter 500000 pBad 0.817456 T 0.00101581 Obj 1.04119 Rho 0 GRdif 23.6532 success 103568 failure 10387 obj_new 1.04119 SA_pAcc 1 Delta -0.0367915 SA_r 0.547458 freedomratio 0.241649
Iter 1000000 pBad 0.720496 T 0.000264158 Obj 1.0324 Rho 0 GRdif 18.6827 success 203438 failure 28298 obj_new 1.0324 SA_pAcc 1 Delta -0.0254475 SA_r 0.324633 freedomratio 0.245702
Iter 1500000 pBad 0.650693 T 6.86935e-05 Obj 1.02519 Rho 0 GRdif 14.5771 success 301760 failure 51096 obj_new 1.02519 SA_pAcc 1 Delta 0.0266152 SA_r 0.360907 freedomratio 0.238018
Iter 2000000 pBad 0.564018 T 1.78635e-05 Obj 1.01992 Rho 0 GRdif 11.5611 success 397924 failure 79053 obj_new 1.01992 SA_pAcc 1 Delta -0.0263356 SA_r 0.772819 freedomratio 0.239281
Iter 2500000 pBad 0.334573 T 4.64535e-06 Obj 1.01705 Rho 0 GRdif 9.90456 success 488451 failure 120352 obj_new 1.01705 SA_pAcc 1 Delta -0.00581065 SA_r 0.558208 freedomratio 0.238697
Iter 3000000 pBad 0.176326 T 1.20801e-06 Obj 1.01157 Rho 0 GRdif 6.73912 success 560808 failure 203973 obj_new 1.01157 SA_pAcc 1 Delta -0.0153931 SA_r 0.878122 freedomratio 0.213401
Iter 3500000 pBad 0.136002 T 3.14139e-07 Obj 1.0097 Rho 0 GRdif 5.65947 success 622939 failure 316621 obj_new 1.0097 SA_pAcc 0.855965 Delta 0.00462352 SA_r 0.515856 freedomratio 0.212473
Iter 4000000 pBad 0.0655613 T 8.16908e-08 Obj 1.00925 Rho 0 GRdif 5.39316 success 664509 failure 484721 obj_new 1.00925 SA_pAcc 1 Delta -0.00569281 SA_r 0.557482 freedomratio 0.189338
Iter 4500000 pBad 0.0297101 T 2.12434e-08 Obj 1.00901 Rho 0 GRdif 5.25606 success 693312 failure 709080 obj_new 1.00901 SA_pAcc 1 Delta 0.000197673 SA_r 0.945886 freedomratio 0.16643
Iter 5000000 pBad 0.012001 T 5.52429e-09 Obj 1.00895 Rho 0 GRdif 5.22066 success 707512 failure 993153 obj_new 1.00895 SA_pAcc 8.2345e-113 Delta 0.000666298 SA_r 0.822446 freedomratio 0.154863
Iter 5500000 pBad 0.00683421 T 1.43657e-09 Obj 1.00893 Rho 0 GRdif 5.21217 success 714495 failure 1304599 obj_new 1.00893 SA_pAcc 0 Delta 7.2682e-05 SA_r 0.705596 freedomratio 0.151148
Iter 6000000 pBad 0.00185501 T 3.73576e-10 Obj 1.00893 Rho 0 GRdif 5.20796 success 719040 failure 1630316 obj_new 1.00893 SA_pAcc 3.24002e-06 Delta -2.6444e-05 SA_r 0.0315059 freedomratio 0.148806
Iter 6500000 pBad 0.00152623 T 9.71473e-11 Obj 1.00892 Rho 0 GRdif 5.20598 success 722227 failure 1963388 obj_new 1.00892 SA_pAcc 1.07109e-241 Delta -0.00015623 SA_r 0.34764 freedomratio 0.146135
Iter 7000000 pBad 0.000998308 T 2.52628e-11 Obj 1.00892 Rho 0 GRdif 5.20481 success 725108 failure 2304029 obj_new 1.00892 SA_pAcc 1 Delta -6.08108e-05 SA_r 0.413255 freedomratio 0.143346
Iter 7500000 pBad 0.000629172 T 6.56952e-12 Obj 1.00892 Rho 0 GRdif 5.20423 success 728084 failure 2656057 obj_new 1.00892 SA_pAcc 0 Delta 4.94163e-05 SA_r 0.789032 freedomratio 0.13979
Iter 8000000 pBad 0.00077557 T 1.70838e-12 Obj 1.00892 Rho 0 GRdif 5.20363 success 731476 failure 3014650 obj_new 1.00892 SA_pAcc 1 Delta -1.96905e-05 SA_r 0.0550191 freedomratio 0.137882
Iter 8500000 pBad 0.000141573 T 4.44259e-13 Obj 1.00892 Rho 0 GRdif 5.20336 success 735112 failure 3378862 obj_new 1.00892 SA_pAcc 1 Delta -1.36961e-05 SA_r 0.483801 freedomratio 0.133061
Iter 9000000 pBad 3.38006e-44 T 1.15528e-13 Obj 1.00892 Rho 0 GRdif 5.62484 success 737505 failure 3697535 obj_new 1.00964 SA_pAcc 0 Delta 9.33533e-46 SA_r 0.55165 freedomratio 0.131302
Iter 9500000 pBad 0 T 3.00428e-14 Obj 1.00892 Rho 0 GRdif 5.20328 success 737505 failure 4001398 obj_new 1.00892 SA_pAcc 1 Delta -0 SA_r 0.871531 freedomratio 0.127641
Good enough
iter 8.73473e+06 obj1.00892 rho 0 GRdif 5.20328
Training:
Lab Growth Rates:
1.05 0.42 0.37 0.4 0.11 0.42 0.3 0.47 0.33 0.465 0.301 0.59 1.03 0.59 0.762 0.5 0.7 0.53 0.3 0.37 0.65 0.5 0.37 0.377 0.58 1.483 0.22 0.41 0.4 0.53 0.42 0.43 0.22 0.4 0.52 0.55 0.4 0.14 0.59 0.5 0.32 0.4 0.27 0.41 0.5 0.31 0.636 0.36 0.58 0.19 1.46 0.46 0.1 0.27 0.47 0.5 0.48 1.483 0.59 0.5 0.4 0.34 0.4 0.46 0.56 0.36 0.4 0.59 0.4 0.58 0.41 0.5 0.58 0.56 0.465 0.68 0.5 0.4 0.47 0.36 1.345 0.19 0.38 0.27 0.7 0.33 0.52 0.47 0.65 0.54 0.43 0.4 0.47 0.52 0.37 0.5 0.38 0.54 0.41 0.5 0.33 0.54 0.46 0.54 0.4 0.4 0.5 0.637 1.46 0.56 0.25 0.22 0.42 0.56 0.17 0.34 1.46 0.6 0.4 0.42 0.65 0.4 0.58 0.41 0.46 1.248 0.59 0.4 1.345 0.46 0.47 1.483 0.17 0.485 0.55 0.53 0.17 0.46 0.47 0.59 0.55 0.58 1.67 1.345 0.3 0.65 0.5 0.481 0.45 0.3 0.1 0.22 0.1 1.483 0.55 0.3 0.4 0.54 0.58 0.4 0.45 0.4 0.5 0.54 0.45 0.686 0.09 0.4 0.301 0.56 0.46 0.42 0.45 0.2 0.4 0.4 0.45 0.47 0.48 0.54 0.45 0.46 0.41 0.1 0.45 0.4 1.35 0.39 1.483 0.45 0.56 0.53 0.47 0.54 0.65 0.23 1.345 0.58 0.37 0.25 0.54 0.37 0.51 0.45 0.4 0.53 1.43 0.47 0.53 0.4 0.48 0.59 0.22 0.485 0.901 1.67 0.46 0.5 0.1 0.45 1.66 0.45 0.25 0.47 0.47 0.53 0.4 0.54 0.43 0.46 0.1 0.635 0.5 0.54 0.52 0.37 0.5 0.4 1.483 0.37 0.901 0.55 0.4 0.377 0.47 0.43 0.648 0.4 0.58 1.345 0.4 0.46 0.54 0.5 0.36 0.46 0.41 0.58 0.09 0.42 0.46 0.55 0.3 0.724 0.476 0.55 0.4 1.38 0.23 1.248 0.43 0.52 0.46 0.4 0.54 0.53 0.25 0.43 0.33 0.14 0.47 0.58 0.58 0.58 0.42 0.901 0.32 0.43 0.724 0.22 0.901 0.6 0.4 0.42 0.45 0.42 0.54 0.5 0.42 0.4 0.4 0.5 0.55 0.4 0.23 0.5 0.5 0.901 0.54 0.43 0.4 0.4 0.465 0.5 0.48 0.52 0.54 0.5 0.58 0.481 0.54 0.58 0.53 0.49 0.5 0.47 0.52 0.54 0.4 1.05 0.59 0.52 0.2 0.59 0.37 0.09 0.36 0.4 0.47 0.636 0.25 0.42 0.47 0.56 0.23 1.05 0.4 0.53 0.3 0.49 0.5 0.37 0.39 0.36 0.3 0.3 0.635 1.248 0.32 0.48 0.52 0.42 0.617 0.4 0.31 0.26 0.56 0.3 0.53 0.5 0.59 0.5 0.25 0.58 0.762 0.4 0.11 0.3 0.4 0.4 0.38 0.4 0.55 0.47 0.65 0.41 0.54 0.37 0.51 0.54 1.345 0.22 1.483 0.7 0.901 0.56 0.34 0.54 0.46 0.1 0.39 0.23 1.345 0.762 0.53 0.5 0.54 1.4 0.648 1.66 0.53 0.54 0.1 0.55 0.5 0.71 0.724 0.59 0.26 0.65 0.45 1.43 0.68 0.46 0.4 0.58 0.4 0.45 0.68 1.248 0.4 0.686 0.58 0.37 1.345 0.38 0.54 0.23 0.5 1.345 0.48 0.46 0.48 0.56 1.05 0.43 0.56 0.3 0.4 0.46 0.46 0.45 1.248 0.31 0.53 0.635 0.4 0.33 0.43 0.4 0.47 0.45 0.19 0.59 0.4 0.37 1.483 0.25 0.56 0.65 0.5 0.1 0.59 0.47 0.762 0.36 0.45 0.33 0.3 0.54 0.45 0.52 0.42 1.345 0.56 0.4 1.05 0.51 0.485 1.483 0.476 0.4 0.636 0.27 0.59 0.56 0.37 0.36 0.637 0.58 0.6 0.4 1.483 0.42 0.38 0.481 0.45 0.3 0.37 0.42 0.4 0.42 0.55 0.5 1.42 0.71 0.58 0.48 0.23 0.5 0.637 0.27 0.648 0.4 0.54 0.6 1.46 0.7 0.4 0.65 1.483 0.54 0.4 0.39 0.39 0.23 0.55 0.47 0.27 0.25 0.37 0.52 0.56 0.23 0.68 0.22 0.47 0.52 0.686 0.46 0.46 0.11 0.56 0.56 0.49 1.345 0.4 0.43 0.4 0.47 0.36 0.68 0.54 0.4 1.483 0.42 1.44 0.47 0.301 1.49 0.41 0.377 0.2 0.53 0.48 0.59 0.26 1.345 0.43 0.5 0.476 0.39 0.56 0.485 0.71 0.58
Dot Production Prediction of Lab Growth Rates:
1.06881 0.637314 0.494196 0.39934 0.336651 0.332545 0.381551 0.405631 0.386056 0.496326 0.495702 0.416735 1.17776 0.339539 0.781889 0.86017 0.812327 0.4655 0.559314 0.431406 0.627476 0.458371 0.429602 0.492562 0.458142 1.35528 0.465665 0.488069 0.394716 0.528342 0.661741 0.377905 0.456717 0.403608 0.411859 0.447305 0.397578 0.141867 0.553531 0.836112 0.291923 0.399745 0.398758 0.411745 0.460942 0.693963 0.683726 0.469085 0.461995 0.290057 1.07468 0.494577 1.1613 0.323456 0.512373 0.889836 0.29985 1.36376 0.309768 0.398983 0.40042 0.338616 0.399613 0.362643 0.540441 0.356653 0.399227 0.54591 0.401131 0.469084 0.318346 0.323955 0.364588 0.45643 0.495042 0.264136 0.461837 0.385068 0.353 0.328049 1.36921 0.289569 0.277572 0.369368 0.813689 0.3236 0.407598 0.389439 0.64994 0.546177 0.387658 0.399591 0.381832 0.411714 0.473132 0.544418 0.301392 0.393631 0.366002 0.390168 0.379152 0.337086 0.45886 0.542728 0.398938 0.399372 0.934136 0.673672 1.08138 0.550961 0.331219 0.427384 0.31892 0.552258 0.48412 0.306382 1.06567 0.728755 0.398352 0.347794 0.658764 0.40202 0.37289 0.493584 0.30164 0.849708 0.334849 0.390643 1.36707 0.505404 0.524219 1.34531 0.315072 0.494276 0.550812 0.367959 0.30926 0.639999 0.394627 0.302388 0.554443 0.461479 1.19344 1.32059 0.763735 0.628167 0.468542 0.496121 1.16751 0.720681 0.470881 0.46346 0.366077 1.35084 0.449648 0.720737 0.397458 0.431083 0.372432 0.401721 0.426755 0.402566 0.545754 0.437687 1.22614 0.68644 0.49167 0.402422 0.491901 0.460363 0.468983 0.329302 0.351248 0.343376 0.402543 0.400726 1.16349 0.29634 0.299502 0.44754 0.313539 0.387304 0.496391 0.481825 1.18283 0.401532 1.0214 0.327395 1.3611 0.408351 0.464004 0.609826 0.316959 0.408642 0.662507 0.441236 1.34885 0.453521 0.433784 0.334685 0.300082 0.433813 0.455464 0.426911 0.400451 0.423638 1.05216 0.373962 0.532993 0.40295 0.312894 0.2977 0.464248 0.49324 0.819986 1.20154 0.613124 0.948454 1.38761 0.394875 1.30983 0.43958 0.563299 0.373983 0.362107 0.330322 0.395363 0.405776 0.362411 0.461021 1.29876 0.67982 0.961357 0.373052 0.370108 0.434231 0.376506 0.404128 1.35214 0.430832 0.900995 0.450979 0.400173 0.493035 0.415267 0.405159 0.674781 0.401024 0.472202 1.33883 0.39175 0.45755 0.462781 0.326489 0.445051 0.459994 0.352091 0.389882 0.345628 0.352948 0.455286 0.436784 0.429024 0.681848 0.497626 0.545046 0.399554 1.14953 0.442968 0.849099 0.455399 0.338807 0.281356 0.391338 0.535493 0.544394 1.22283 0.430674 0.307712 0.139975 0.396468 0.45992 0.315904 0.387375 0.664746 0.900996 0.327298 0.387598 0.681814 0.466562 0.90326 0.74386 0.397168 0.305475 1.18294 0.335024 0.539703 0.968847 0.325658 0.436291 0.392507 0.439216 0.552231 0.392637 0.56071 0.551363 0.544337 0.901591 0.436553 0.498707 0.396833 0.397029 0.496203 0.317373 0.346975 0.40509 0.393692 0.315539 0.454842 0.496566 0.400916 0.42687 0.5503 0.390576 1.00121 0.407279 0.438016 0.456619 0.315092 1.06216 0.54608 0.329828 0.406846 0.547475 0.379755 0.379224 0.351976 0.400827 0.367051 0.68847 0.28498 0.310631 0.503177 0.533897 0.558715 1.29976 0.399996 0.267685 0.296274 0.417664 0.318047 0.272822 0.361072 0.368887 0.690134 0.328699 0.678936 0.84631 0.349513 0.332796 0.371058 0.312799 0.575923 0.400404 0.681086 0.357622 0.545086 0.299953 0.42561 0.314093 0.549292 0.465973 0.56354 0.339965 0.780943 0.394494 0.412534 0.745849 0.39601 0.40225 0.297158 0.400418 0.546041 0.396172 0.643266 0.400747 0.539627 0.434167 0.448574 0.34126 1.34406 0.38498 1.36102 0.812617 0.900995 0.460826 0.314418 0.433588 0.393823 1.13566 0.314233 0.55156 1.36683 0.780913 0.551622 0.823663 0.553982 1.21594 0.67108 1.27558 0.525325 0.279898 1.19549 0.444513 0.552078 0.681626 0.682293 0.304787 0.626373 0.65007 0.371602 1.06246 0.263121 0.61248 0.393426 0.460263 0.400407 0.34337 0.261933 0.848614 0.4006 0.686008 0.47063 0.431612 1.36231 0.371432 0.386427 0.5572 0.866136 1.37463 0.294968 0.428677 0.33318 0.462532 1.05 0.429036 0.552682 0.64799 0.396774 0.478002 0.469961 1.26855 0.845386 0.668348 0.351154 0.679643 0.399369 0.31924 0.368433 0.399364 0.352772 0.297469 0.29141 0.388891 0.400477 0.43033 1.36345 0.339453 0.551848 0.662886 0.459241 1.17121 0.547331 0.426027 0.785839 0.323162 0.346289 0.36195 0.698886 0.410096 1.20033 0.36389 0.355298 1.34498 0.556607 0.402494 1.057 0.421224 0.495198 1.37077 0.497692 0.399288 0.683395 0.625523 0.5561 0.532852 0.430327 0.33158 0.674234 0.29947 0.736048 0.401346 1.34382 0.351243 0.390432 0.494043 0.361187 0.301077 0.631917 0.409058 0.392279 0.377958 0.446801 0.33774 1.27638 0.687721 0.467292 0.288208 0.559515 0.365838 0.674338 0.26956 0.67534 0.395404 0.397049 0.770308 1.30191 0.804683 0.327902 0.649966 1.36962 0.539965 0.387043 0.323697 0.293195 0.442578 0.546111 0.386839 0.370647 1.11578 0.379267 0.290871 0.462376 0.55072 0.263607 0.497619 0.383742 0.387041 0.682621 0.468447 0.327012 0.391919 0.558495 0.55006 0.388425 1.34475 0.399134 0.534787 0.399701 0.427339 0.359622 0.264592 0.372257 0.39738 1.36266 0.349421 1.23538 0.411312 0.494074 1.26855 0.426155 0.489297 0.407227 0.510882 0.366685 0.318326 0.517859 1.34025 0.434618 1.0061 0.496649 0.32004 0.553331 0.496791 0.681397 0.455506
Testing:
Lab Growth Rates:
0.33 0.33 0.33
Dot Production Prediction of Lab Growth Rates:
0.57736 0.603751 0.512864
Best performance so far: 
Obj: 4.67747e-310Rho: 6.5069e-314Diff: 4.67747e-310
Test:
 Lab Growth Rates:
0.33 0.33 0.33Dot Product Prediction of Growth Rate:
0.5773604 0.6037508 0.5128643