seed =  5 traits =  1 
Training: part  198 
Training: part  198 
Round  1 
 Goal of obj  0.99 
Temperature range:  0.00390625 3.125e-13 
Cycle 1Round 1
Iter 500000 pBad 0.843642 T 0.00122156 Obj 1.07883 Rho 0 GRdif 44.53 success 145789 failure 11572 obj_new 1.07895 SA_pAcc 0.906009 Delta 0.040702 SA_r 0.980899 freedomratio 0.370417
Iter 1000000 pBad 0.781911 T 0.000382006 Obj 1.0383 Rho 0 GRdif 22.0242 success 288882 failure 30360 obj_new 1.0383 SA_pAcc 1.02332 Delta -0.0094367 SA_r 0.0424111 freedomratio 0.378309
Iter 1500000 pBad 0.723867 T 0.000119461 Obj 1.02558 Rho 0 GRdif 14.8015 success 429273 failure 54549 obj_new 1.02558 SA_pAcc 1 Delta -0.0621123 SA_r 0.903681 freedomratio 0.354079
Iter 2000000 pBad 0.623132 T 3.73576e-05 Obj 1.01945 Rho 0 GRdif 11.2906 success 567017 failure 84637 obj_new 1.01945 SA_pAcc 1 Delta 0.0572616 SA_r 0.26992 freedomratio 0.356231
Iter 2500000 pBad 0.49985 T 1.16824e-05 Obj 1.01554 Rho 0 GRdif 9.03559 success 697972 failure 126414 obj_new 1.01554 SA_pAcc 0.136176 Delta 0.0300019 SA_r 0.000601441 freedomratio 0.352587
Iter 3000000 pBad 0.363272 T 3.65332e-06 Obj 1.01296 Rho 0 GRdif 7.54565 success 816724 failure 190744 obj_new 1.01296 SA_pAcc 1 Delta 0.031324 SA_r 0.545636 freedomratio 0.353438
Iter 3500000 pBad 0.216006 T 1.14246e-06 Obj 1.01016 Rho 0 GRdif 5.94101 success 921059 failure 285445 obj_new 1.01019 SA_pAcc 1.68516e-13 Delta -0.0144584 SA_r 0.918363 freedomratio 0.329769
Iter 4000000 pBad 0.139448 T 3.5727e-07 Obj 1.00957 Rho 0 GRdif 5.57939 success 998126 failure 437569 obj_new 1.00957 SA_pAcc 1 Delta -0.0124989 SA_r 0.617917 freedomratio 0.305845
Iter 4500000 pBad 0.0485783 T 1.11725e-07 Obj 1.00925 Rho 0 GRdif 5.39622 success 1050697 failure 646554 obj_new 1.00925 SA_pAcc 0.0974175 Delta -0.00482503 SA_r 0.349119 freedomratio 0.262075
Iter 5000000 pBad 0.0277876 T 3.49386e-08 Obj 1.00917 Rho 0 GRdif 5.35332 success 1079463 failure 920761 obj_new 1.00918 SA_pAcc 3.2068e-72 Delta 0.000443799 SA_r 0.895894 freedomratio 0.237825
Iter 5500000 pBad 0.0210561 T 1.0926e-08 Obj 1.00913 Rho 0 GRdif 5.32891 success 1096852 failure 1232860 obj_new 1.00914 SA_pAcc 1.01482e-38 Delta 0.000772085 SA_r 0.192414 freedomratio 0.22375
Iter 6000000 pBad 0.00711697 T 3.41676e-09 Obj 1.00912 Rho 0 GRdif 5.32369 success 1107195 failure 1570359 obj_new 1.00913 SA_pAcc 0 Delta 0.00072769 SA_r 0.85776 freedomratio 0.212704
Iter 6500000 pBad 0.00319486 T 1.06849e-09 Obj 1.00911 Rho 0 GRdif 5.31388 success 1113811 failure 1923759 obj_new 1.00911 SA_pAcc 1 Delta 0.00013792 SA_r 0.805809 freedomratio 0.20312
Iter 7000000 pBad 0.00312596 T 3.34137e-10 Obj 1.00911 Rho 0 GRdif 5.31159 success 1118065 failure 2287958 obj_new 1.00911 SA_pAcc 1.85179e-43 Delta 0.000266278 SA_r 0.665341 freedomratio 0.201375
Iter 7500000 pBad 0.00112631 T 1.04491e-10 Obj 1.0091 Rho 0 GRdif 5.31016 success 1120350 failure 2657701 obj_new 1.0091 SA_pAcc 1 Delta -6.294e-05 SA_r 0.60785 freedomratio 0.199795
Iter 8000000 pBad 0.000814217 T 3.26763e-11 Obj 1.0091 Rho 0 GRdif 5.30971 success 1121850 failure 3031574 obj_new 1.0091 SA_pAcc 0 Delta 7.67191e-05 SA_r 0.624503 freedomratio 0.197706
Iter 8500000 pBad 0.000828314 T 1.02185e-11 Obj 1.0091 Rho 0 GRdif 5.31453 success 1123237 failure 3407135 obj_new 1.00911 SA_pAcc 0 Delta 8.27517e-05 SA_r 0.21632 freedomratio 0.196052
Iter 9000000 pBad 0.000609088 T 3.19552e-12 Obj 1.0091 Rho 0 GRdif 5.30879 success 1124698 failure 3784805 obj_new 1.0091 SA_pAcc 1 Delta -1.08474e-05 SA_r 0.484459 freedomratio 0.195333
Iter 9500000 pBad 0.000677482 T 9.99301e-13 Obj 1.0091 Rho 0 GRdif 5.31066 success 1126715 failure 4162452 obj_new 1.0091 SA_pAcc 0 Delta 5.66279e-05 SA_r 0.642255 freedomratio 0.191817
Iter 10000000 pBad 4.46495e-25 T 3.12501e-13 Obj 1.0091 Rho 0 GRdif 5.31973 success 1130262 failure 4483233 obj_new 1.00912 SA_pAcc 0 Delta 3.55184e-26 SA_r 0.950017 freedomratio 0.181931
Cannot move further
iter 9.8164e+06 obj1.0091 rho 0 GRdif 5.30848
Training:
Lab Growth Rates:
0.617 0.5 0.4 0.4 0.42 0.55 0.54 0.58 0.1 0.09 0.47 0.636 0.4 0.38 0.45 0.4 0.54 0.43 0.23 0.23 0.47 0.23 0.4 0.53 0.56 0.43 0.58 0.485 0.2 0.4 0.42 0.48 0.3 0.56 0.52 0.648 0.65 0.4 0.1 0.31 0.55 0.56 0.5 0.3 0.37 0.46 0.5 0.47 0.485 0.33 0.4 1.67 0.48 0.1 0.54 0.33 0.41 0.5 0.4 0.58 0.4 0.5 0.59 0.6 0.42 0.23 0.4 0.58 1.05 0.4 0.25 0.55 0.5 0.11 1.483 0.47 0.47 0.38 0.4 0.53 0.65 1.03 0.59 0.23 0.4 1.345 0.53 0.4 0.43 0.48 0.59 0.686 0.377 0.51 0.37 0.43 0.25 0.47 0.37 0.4 0.22 0.25 0.4 0.31 0.56 0.54 0.45 0.4 0.37 1.4 0.56 0.22 0.4 0.45 0.1 0.48 0.54 0.58 0.59 0.686 0.53 0.46 0.34 0.56 0.4 0.42 0.56 0.5 0.46 0.68 0.59 0.47 0.4 0.48 0.52 0.54 0.4 0.465 1.483 0.4 0.58 0.38 0.481 0.37 0.5 0.4 0.635 0.19 0.648 1.483 0.55 0.09 0.4 0.901 0.54 0.42 0.47 0.5 1.483 0.65 0.5 0.68 0.54 0.476 0.42 0.59 0.47 0.4 0.635 0.26 0.58 0.4 1.345 0.46 0.43 1.05 0.36 0.54 0.59 0.43 0.22 0.56 1.345 0.26 0.58 0.4 0.37 0.5 0.27 0.5 0.46 0.71 0.47 0.59 0.53 1.42 0.33 0.71 0.37 0.37 0.71 0.25 0.48 0.33 0.3 0.27 0.39 0.11 0.22 0.53 1.46 1.248 0.762 0.3 0.54 0.47 0.58 0.59 0.55 0.4 0.476 0.7 0.47 0.4 0.5 0.33 0.17 0.648 0.36 0.53 0.47 0.39 0.53 0.3 0.637 0.377 0.42 0.47 0.37 0.43 1.46 0.42 0.5 0.48 1.05 0.65 0.465 0.46 0.17 0.4 0.45 0.54 0.5 0.5 1.345 0.4 0.4 0.36 0.41 0.58 0.4 1.35 0.41 0.27 0.27 0.4 0.51 1.345 0.43 0.54 0.47 0.22 0.3 0.56 0.54 0.41 0.53 0.46 0.1 0.22 0.45 0.5 0.46 1.248 0.2 0.37 0.7 0.33 0.23 0.58 1.483 0.3 0.54 0.5 0.56 0.4 0.53 1.248 0.3 0.65 0.45 1.46 0.635 0.901 0.56 0.56 0.43 0.25 0.25 0.4 0.5 1.483 0.48 0.45 0.59 0.37 0.58 0.55 0.58 0.42 0.4 0.45 0.901 0.4 0.485 1.483 0.55 0.45 0.5 0.7 0.53 0.36 0.36 0.5 0.54 0.46 0.5 0.5 0.54 0.6 0.48 0.43 0.2 0.4 0.41 0.46 0.5 0.686 0.52 0.32 0.46 0.39 0.59 0.52 0.58 0.39 0.481 1.66 0.637 0.901 0.52 0.46 0.4 0.54 0.762 0.301 0.4 1.345 0.55 0.47 0.33 0.39 0.53 0.5 0.42 0.56 0.3 0.58 0.54 0.485 0.45 0.46 0.42 0.54 0.54 0.54 0.6 0.46 0.3 0.4 0.476 0.46 1.345 0.54 0.27 0.37 0.23 0.45 0.56 0.46 0.301 0.42 0.34 0.31 0.65 0.14 0.4 0.53 0.47 0.46 0.51 0.42 0.4 1.345 0.37 0.49 0.68 0.33 0.4 1.38 0.4 0.4 0.55 0.4 0.34 0.45 0.41 0.59 1.483 0.5 1.43 0.46 1.248 0.49 0.47 0.25 0.22 0.5 0.27 0.45 1.483 1.345 1.67 0.724 0.41 0.58 0.56 0.5 1.49 0.4 0.5 0.55 0.45 1.66 0.5 0.58 0.4 0.636 1.345 0.52 0.3 1.483 0.4 0.11 0.19 0.37 0.65 0.33 0.53 0.7 0.36 0.65 1.248 0.49 0.58 0.47 0.47 0.37 0.68 0.4 0.52 1.345 0.47 0.301 0.45 0.38 0.54 0.3 0.59 0.68 0.59 0.23 0.56 0.465 0.54 0.38 0.3 0.4 1.46 0.47 0.23 0.36 0.22 0.59 0.5 0.724 0.4 0.42 0.14 0.36 0.36 0.54 0.45 0.39 0.19 0.1 0.52 0.43 1.345 0.58 0.4 0.54 0.52 0.45 0.26 0.5 0.46 0.54 0.52 0.6 0.41 0.55 0.45 0.58 0.637 0.4 0.46 1.05 0.4 1.05 0.32 0.52 0.53 0.636 0.4 0.65 0.1 0.377 0.17 0.43 0.901 0.47 0.32 0.58 0.37 0.901 0.46 0.25 0.41 0.4 0.3 0.1 1.43 0.5 0.5 0.52 1.483 0.56 1.44 0.54 0.4 0.481 0.762 1.483 0.56 0.47 0.45 0.09 0.4 0.1 0.762 0.42 0.724 0.59 0.55 0.4
Dot Production Prediction of Lab Growth Rates:
0.616234 0.34373 0.4074 0.405764 0.357317 0.448887 0.464399 0.311296 0.885533 0.340134 0.338836 0.720237 0.405167 0.369811 0.367026 0.401209 0.396824 0.373812 0.530348 0.441625 0.406419 0.544793 0.403761 0.355071 0.53672 0.433169 0.469188 0.503135 0.349246 0.405314 0.355415 0.349446 0.350535 0.543588 0.381932 0.708023 0.649995 0.400141 0.892305 0.507821 0.457339 0.538991 0.533411 0.364332 0.428104 0.33127 0.618537 0.428947 0.502546 0.431013 0.405385 1.54145 0.294268 0.431819 0.368654 0.363972 0.328802 0.474318 0.39852 0.469814 0.400505 0.471 0.411874 0.37064 0.341795 0.542455 0.407011 0.375445 1.05 0.405148 0.499915 0.554296 0.319914 0.331527 0.901016 0.443147 0.395234 0.295699 0.401755 0.458443 0.665646 1.43194 0.544696 0.537692 0.396721 0.963793 0.535028 0.402396 0.373054 0.325806 0.399857 0.719925 0.51107 0.404488 0.412515 0.406009 1.62421 0.339842 0.43398 0.400004 0.477013 0.303674 0.399998 0.505202 0.46752 0.396106 1.65523 0.40627 0.299591 1.56397 0.545949 0.468999 0.40335 0.34043 1.09532 0.307227 0.466495 0.465512 0.35121 0.719913 0.536264 0.364183 0.329545 0.544866 0.400176 0.356549 0.547024 0.322183 0.29799 0.434754 0.5481 0.389217 0.397069 0.342479 0.386305 0.311009 0.404934 0.50455 0.891683 0.39752 0.472615 0.372881 0.503006 0.418669 0.351507 0.402241 0.7139 0.319921 0.713827 0.936011 0.455928 0.38456 0.399867 1.22877 0.405206 0.359763 0.40712 0.543871 0.882503 0.649848 0.373611 0.437364 0.387803 0.505243 0.502292 0.341287 0.386997 0.398273 0.713254 0.50396 0.474347 0.384308 0.940407 0.499526 0.402966 1.05013 0.405435 0.537431 0.322809 0.357764 0.378129 0.543452 0.933196 0.354016 0.463903 0.404418 0.419808 0.592188 0.380585 0.399441 0.483629 0.71769 0.383928 0.359848 0.52279 1.65481 0.312536 0.715723 0.428575 0.435426 0.72174 0.367357 0.321659 0.483112 0.392989 0.544147 0.305656 0.365377 0.385589 0.401095 0.995242 1.26643 1.38717 0.4203 0.404079 0.344306 0.333539 0.324078 0.551255 0.404139 0.506854 0.630229 0.372537 0.402225 0.385176 0.336109 0.347908 0.712219 0.358865 0.548797 0.427695 0.329629 0.36905 0.359897 0.715167 0.508565 0.327895 0.356525 0.506303 0.416305 1.5731 0.340173 0.600308 0.308301 1.0512 0.649765 0.507471 0.470833 0.336853 0.328084 1.57879 0.532545 0.36061 0.606559 0.9144 0.40464 0.406087 0.33785 0.398532 0.366533 0.401043 1.18504 0.383385 0.365566 0.386769 0.401644 0.38307 0.93355 0.415902 0.536297 0.356094 0.476379 0.381698 0.473993 0.336908 0.505051 0.487971 0.459464 0.44169 0.474893 0.330423 0.533565 0.392002 1.24759 0.392335 0.426612 0.622799 0.470377 0.537823 0.464093 0.901474 0.300217 0.399197 0.513334 0.544869 0.400688 0.406964 1.24991 0.307829 0.658635 1.57661 1.01848 0.710384 0.901 0.478093 0.533136 0.442216 0.705429 0.473478 0.407105 0.317634 0.89926 0.327685 0.420711 0.547018 0.3927 0.361283 0.550544 0.47088 0.335908 0.405427 0.342678 0.90181 0.405693 0.503858 0.924375 0.461437 0.399942 0.521245 0.62756 0.286655 0.34428 0.348301 0.322963 0.46036 0.469228 0.588569 0.533693 0.389055 0.393743 0.337235 0.369724 0.385419 0.405036 0.499775 0.366538 0.53871 0.722535 0.382786 0.324715 0.427336 0.319145 0.550509 0.368189 0.344377 0.331566 0.501255 1.66 0.712329 0.89707 0.392858 0.413886 0.406579 0.460146 1.40898 0.503972 0.403183 0.90975 0.454263 0.395734 0.32976 0.336175 0.529267 0.476419 0.345309 0.467351 0.389367 0.481221 0.455587 0.50215 1.56627 0.468342 0.513177 0.349415 0.540001 0.365031 0.375238 0.479022 0.349875 0.335761 0.502694 0.403018 0.896169 0.35833 0.347297 0.393727 0.543095 1.56582 0.480311 0.45944 0.507209 0.51611 0.302421 0.512939 0.662168 0.140028 0.404897 0.432297 0.40622 0.43876 0.406524 0.368233 0.397821 0.923885 0.436559 0.396582 0.439627 0.376501 0.397068 1.37021 0.406337 0.399077 0.464884 0.39633 0.305935 0.366098 0.504027 0.545739 0.905915 0.545108 1.28304 0.365493 1.24783 0.386588 0.356558 0.357695 0.440206 0.479115 0.30459 1.64324 0.920308 0.956564 1.6464 0.719316 0.378884 0.464269 0.466433 0.469153 1.65523 0.405029 0.526703 0.547803 0.385879 1.66 0.615565 0.363923 0.406909 0.706437 0.930698 0.352972 0.298792 0.907812 0.401467 0.379676 0.342032 0.449253 0.642358 0.37676 0.349275 0.634429 0.36053 0.686396 1.24409 0.374333 0.471874 0.344137 0.439554 0.393833 0.435719 0.399202 0.392383 0.90268 0.424836 0.504585 0.399658 0.306254 0.540773 0.360427 0.306427 0.43187 0.541932 0.441306 0.537223 0.502793 0.545021 0.320325 0.377989 0.406004 1.01708 0.389106 0.442123 0.359897 0.472166 0.330809 0.480367 0.721639 0.402694 0.383423 0.13934 0.419147 0.341066 0.460097 0.34171 0.362441 0.334477 1.50711 0.379059 0.365196 0.941164 0.38938 0.404389 0.540462 0.352964 1.60408 0.442118 0.544188 0.29634 0.390263 0.396274 0.370984 0.395184 0.549457 0.380341 0.46353 0.707118 0.407716 0.416906 1.00345 0.403625 1.63232 0.358143 0.371198 0.541438 0.718084 0.398218 0.629723 0.366744 0.510308 0.425217 0.384385 0.895102 0.358034 0.330925 0.386021 0.420327 0.897539 0.460002 0.369807 0.34856 0.405612 0.296745 0.999548 1.29658 0.360828 0.318387 0.37361 0.885115 0.543366 1.6289 0.378769 0.407354 0.500692 1.40063 0.934518 0.541401 0.352565 0.344559 0.425324 0.405842 0.711098 1.42682 0.351466 0.723508 0.54266 0.5489 0.407292
Testing:
Lab Growth Rates:
0.42 0.42 0.42
Dot Production Prediction of Lab Growth Rates:
0.330566 0.305236 0.303908
Best performance so far: 
Obj: 4.65827e-310Rho: 2.26291e-314Diff: 4.65827e-310
Anneal again with the best G and E so far as input
Cycle 2Round 1
Iter 500000 pBad 0.838352 T 0.00122156 Obj 1.04945 Rho 0 GRdif 28.2834 success 112032 failure 10462 obj_new 1.04945 SA_pAcc 1.13545 Delta -0.0402166 SA_r 0.585757 freedomratio 0.269797
Iter 1000000 pBad 0.760046 T 0.000382006 Obj 1.03798 Rho 0 GRdif 21.8443 success 221269 failure 27381 obj_new 1.03798 SA_pAcc 1 Delta -0.0241863 SA_r 0.712279 freedomratio 0.270795
Iter 1500000 pBad 0.675596 T 0.000119461 Obj 1.02963 Rho 0 GRdif 17.1101 success 327671 failure 50108 obj_new 1.02963 SA_pAcc 1.23349 Delta -0.0532592 SA_r 0.0825125 freedomratio 0.262427
Iter 2000000 pBad 0.622103 T 3.73576e-05 Obj 1.02504 Rho 0 GRdif 14.4917 success 431599 failure 78859 obj_new 1.02504 SA_pAcc 1.68843 Delta -0.0384439 SA_r 0.677382 freedomratio 0.261841
Iter 2500000 pBad 0.562209 T 1.16824e-05 Obj 1.02074 Rho 0 GRdif 12.031 success 531932 failure 115183 obj_new 1.02074 SA_pAcc 0.949235 Delta 0.0267906 SA_r 0.863101 freedomratio 0.26231
Iter 3000000 pBad 0.443146 T 3.65332e-06 Obj 1.01714 Rho 0 GRdif 9.96153 success 631263 failure 153989 obj_new 1.01714 SA_pAcc 1 Delta 0.0398523 SA_r 0.617889 freedomratio 0.26278
Iter 3500000 pBad 0.237232 T 1.14246e-06 Obj 1.01186 Rho 0 GRdif 6.90756 success 718042 failure 225198 obj_new 1.01186 SA_pAcc 1 Delta 0.0128178 SA_r 0.586923 freedomratio 0.242751
Iter 4000000 pBad 0.185922 T 3.5727e-07 Obj 1.01021 Rho 0 GRdif 5.95012 success 788510 failure 330567 obj_new 1.01021 SA_pAcc 0.754432 Delta -0.00446691 SA_r 0.617395 freedomratio 0.234776
Iter 4500000 pBad 0.089636 T 1.11725e-07 Obj 1.0095 Rho 0 GRdif 5.54295 success 844261 failure 475687 obj_new 1.0095 SA_pAcc 1 Delta -0.00168163 SA_r 0.89456 freedomratio 0.219229
Iter 5000000 pBad 0.0472002 T 3.49386e-08 Obj 1.00913 Rho 0 GRdif 5.32464 success 881257 failure 680012 obj_new 1.00913 SA_pAcc 0.00017523 Delta -0.000665639 SA_r 0.0845071 freedomratio 0.193783
Iter 5500000 pBad 0.0234199 T 1.0926e-08 Obj 1.00898 Rho 0 GRdif 5.24148 success 903954 failure 934676 obj_new 1.00898 SA_pAcc 1 Delta -0.00206202 SA_r 0.109781 freedomratio 0.178441
Iter 6000000 pBad 0.0204738 T 3.41676e-09 Obj 1.00892 Rho 0 GRdif 5.20348 success 918834 failure 1226677 obj_new 1.00892 SA_pAcc 1.59493e-209 Delta 0.000859979 SA_r 0.081598 freedomratio 0.165677
Iter 6500000 pBad 0.00894825 T 1.06849e-09 Obj 1.00888 Rho 0 GRdif 5.18299 success 928797 failure 1548412 obj_new 1.00888 SA_pAcc 1.90278e-168 Delta -0.000644113 SA_r 0.891268 freedomratio 0.156392
Iter 7000000 pBad 0.00695618 T 3.34137e-10 Obj 1.00886 Rho 0 GRdif 5.16682 success 938422 failure 1887563 obj_new 1.00886 SA_pAcc 3.61256e-05 Delta -0.000252268 SA_r 0.54008 freedomratio 0.150372
Iter 7500000 pBad 0.00218743 T 1.04491e-10 Obj 1.00885 Rho 0 GRdif 5.24029 success 943292 failure 2243524 obj_new 1.00898 SA_pAcc 0 Delta 0.000168224 SA_r 0.388515 freedomratio 0.148656
Iter 8000000 pBad 0.000560253 T 3.26763e-11 Obj 1.00884 Rho 0 GRdif 5.15956 success 947638 failure 2607937 obj_new 1.00884 SA_pAcc 0 Delta -5.22364e-05 SA_r 0.743978 freedomratio 0.145554
Iter 8500000 pBad 0.000433886 T 1.02185e-11 Obj 1.00884 Rho 0 GRdif 5.15791 success 951603 failure 2980778 obj_new 1.00884 SA_pAcc 0 Delta -2.7583e-05 SA_r 0.475559 freedomratio 0.142268
Iter 9000000 pBad 0.000890087 T 3.19552e-12 Obj 1.00884 Rho 0 GRdif 5.15696 success 955006 failure 3359811 obj_new 1.00884 SA_pAcc 0 Delta 3.3091e-05 SA_r 0.76546 freedomratio 0.141614
Iter 9500000 pBad 0.00102731 T 9.99301e-13 Obj 1.00884 Rho 0 GRdif 5.15644 success 958920 failure 3741567 obj_new 1.00884 SA_pAcc 0 Delta -4.82738e-05 SA_r 0.821119 freedomratio 0.13959
Good enough
iter 9.99998e+06 obj1.00884 rho 0 GRdif 5.15576
Training:
Lab Growth Rates:
0.617 0.5 0.4 0.4 0.42 0.55 0.54 0.58 0.1 0.09 0.47 0.636 0.4 0.38 0.45 0.4 0.54 0.43 0.23 0.23 0.47 0.23 0.4 0.53 0.56 0.43 0.58 0.485 0.2 0.4 0.42 0.48 0.3 0.56 0.52 0.648 0.65 0.4 0.1 0.31 0.55 0.56 0.5 0.3 0.37 0.46 0.5 0.47 0.485 0.33 0.4 1.67 0.48 0.1 0.54 0.33 0.41 0.5 0.4 0.58 0.4 0.5 0.59 0.6 0.42 0.23 0.4 0.58 1.05 0.4 0.25 0.55 0.5 0.11 1.483 0.47 0.47 0.38 0.4 0.53 0.65 1.03 0.59 0.23 0.4 1.345 0.53 0.4 0.43 0.48 0.59 0.686 0.377 0.51 0.37 0.43 0.25 0.47 0.37 0.4 0.22 0.25 0.4 0.31 0.56 0.54 0.45 0.4 0.37 1.4 0.56 0.22 0.4 0.45 0.1 0.48 0.54 0.58 0.59 0.686 0.53 0.46 0.34 0.56 0.4 0.42 0.56 0.5 0.46 0.68 0.59 0.47 0.4 0.48 0.52 0.54 0.4 0.465 1.483 0.4 0.58 0.38 0.481 0.37 0.5 0.4 0.635 0.19 0.648 1.483 0.55 0.09 0.4 0.901 0.54 0.42 0.47 0.5 1.483 0.65 0.5 0.68 0.54 0.476 0.42 0.59 0.47 0.4 0.635 0.26 0.58 0.4 1.345 0.46 0.43 1.05 0.36 0.54 0.59 0.43 0.22 0.56 1.345 0.26 0.58 0.4 0.37 0.5 0.27 0.5 0.46 0.71 0.47 0.59 0.53 1.42 0.33 0.71 0.37 0.37 0.71 0.25 0.48 0.33 0.3 0.27 0.39 0.11 0.22 0.53 1.46 1.248 0.762 0.3 0.54 0.47 0.58 0.59 0.55 0.4 0.476 0.7 0.47 0.4 0.5 0.33 0.17 0.648 0.36 0.53 0.47 0.39 0.53 0.3 0.637 0.377 0.42 0.47 0.37 0.43 1.46 0.42 0.5 0.48 1.05 0.65 0.465 0.46 0.17 0.4 0.45 0.54 0.5 0.5 1.345 0.4 0.4 0.36 0.41 0.58 0.4 1.35 0.41 0.27 0.27 0.4 0.51 1.345 0.43 0.54 0.47 0.22 0.3 0.56 0.54 0.41 0.53 0.46 0.1 0.22 0.45 0.5 0.46 1.248 0.2 0.37 0.7 0.33 0.23 0.58 1.483 0.3 0.54 0.5 0.56 0.4 0.53 1.248 0.3 0.65 0.45 1.46 0.635 0.901 0.56 0.56 0.43 0.25 0.25 0.4 0.5 1.483 0.48 0.45 0.59 0.37 0.58 0.55 0.58 0.42 0.4 0.45 0.901 0.4 0.485 1.483 0.55 0.45 0.5 0.7 0.53 0.36 0.36 0.5 0.54 0.46 0.5 0.5 0.54 0.6 0.48 0.43 0.2 0.4 0.41 0.46 0.5 0.686 0.52 0.32 0.46 0.39 0.59 0.52 0.58 0.39 0.481 1.66 0.637 0.901 0.52 0.46 0.4 0.54 0.762 0.301 0.4 1.345 0.55 0.47 0.33 0.39 0.53 0.5 0.42 0.56 0.3 0.58 0.54 0.485 0.45 0.46 0.42 0.54 0.54 0.54 0.6 0.46 0.3 0.4 0.476 0.46 1.345 0.54 0.27 0.37 0.23 0.45 0.56 0.46 0.301 0.42 0.34 0.31 0.65 0.14 0.4 0.53 0.47 0.46 0.51 0.42 0.4 1.345 0.37 0.49 0.68 0.33 0.4 1.38 0.4 0.4 0.55 0.4 0.34 0.45 0.41 0.59 1.483 0.5 1.43 0.46 1.248 0.49 0.47 0.25 0.22 0.5 0.27 0.45 1.483 1.345 1.67 0.724 0.41 0.58 0.56 0.5 1.49 0.4 0.5 0.55 0.45 1.66 0.5 0.58 0.4 0.636 1.345 0.52 0.3 1.483 0.4 0.11 0.19 0.37 0.65 0.33 0.53 0.7 0.36 0.65 1.248 0.49 0.58 0.47 0.47 0.37 0.68 0.4 0.52 1.345 0.47 0.301 0.45 0.38 0.54 0.3 0.59 0.68 0.59 0.23 0.56 0.465 0.54 0.38 0.3 0.4 1.46 0.47 0.23 0.36 0.22 0.59 0.5 0.724 0.4 0.42 0.14 0.36 0.36 0.54 0.45 0.39 0.19 0.1 0.52 0.43 1.345 0.58 0.4 0.54 0.52 0.45 0.26 0.5 0.46 0.54 0.52 0.6 0.41 0.55 0.45 0.58 0.637 0.4 0.46 1.05 0.4 1.05 0.32 0.52 0.53 0.636 0.4 0.65 0.1 0.377 0.17 0.43 0.901 0.47 0.32 0.58 0.37 0.901 0.46 0.25 0.41 0.4 0.3 0.1 1.43 0.5 0.5 0.52 1.483 0.56 1.44 0.54 0.4 0.481 0.762 1.483 0.56 0.47 0.45 0.09 0.4 0.1 0.762 0.42 0.724 0.59 0.55 0.4
Dot Production Prediction of Lab Growth Rates:
0.655222 0.319006 0.407136 0.401069 0.334101 0.483568 0.475327 0.282479 1.49978 0.334008 0.3555 0.683469 0.400147 0.407035 0.34762 0.403165 0.3905 0.393545 0.549889 0.437596 0.396945 0.55117 0.399997 0.341578 0.549568 0.430716 0.462537 0.520034 0.347204 0.397708 0.336408 0.359536 0.569804 0.545651 0.380147 0.668753 0.648409 0.399992 1.52448 0.617052 0.477283 0.529247 0.553324 0.611661 0.421695 0.334221 0.92644 0.475329 0.522205 0.509768 0.402857 1.36256 0.275523 0.459707 0.365703 0.348098 0.312077 0.476653 0.388594 0.462606 0.396454 0.462743 0.444877 0.640755 0.318312 0.546272 0.40282 0.362682 1.04997 0.400795 0.566784 0.556175 0.318864 0.31693 1.27805 0.414202 0.395928 0.29169 0.395568 0.479399 0.67141 1.28515 0.538391 0.562725 0.393899 1.3674 0.536206 0.397498 0.382897 0.28923 0.409891 0.677357 0.520129 0.436233 0.449356 0.382914 1.45916 0.292323 0.425976 0.394557 0.480925 0.281209 0.399348 0.617265 0.458326 0.372777 1.49352 0.402314 0.272505 1.39981 0.541729 0.481371 0.398445 0.332695 1.70585 0.278437 0.485561 0.450682 0.318404 0.676419 0.535759 0.37084 0.327119 0.549161 0.400356 0.332477 0.556002 0.307661 0.294453 0.404757 0.548396 0.400934 0.390085 0.331432 0.410532 0.272639 0.399413 0.515147 1.25023 0.395594 0.473305 0.367044 0.515642 0.416575 0.335934 0.402431 0.679835 0.291852 0.673863 1.32854 0.4839 0.370219 0.400799 1.28129 0.403484 0.318459 0.386622 0.564708 1.3335 0.650123 0.370532 0.408815 0.36322 0.515889 0.593295 0.297114 0.375693 0.398205 0.679008 0.585627 0.474399 0.390477 1.34285 0.576419 0.434271 1.06731 0.447179 0.53985 0.313504 0.360264 0.347154 0.53704 1.33266 0.351377 0.455627 0.400543 0.419117 0.903676 0.365096 0.430379 0.563674 0.677947 0.367567 0.348062 0.518692 1.51072 0.293395 0.673245 0.423043 0.42575 0.684823 0.349284 0.274775 0.563228 0.633898 0.607314 0.283719 0.383987 0.426831 0.416835 1.06028 1.2601 1.44838 0.398967 0.412917 0.341689 0.295929 0.298691 0.547018 0.395082 0.515477 0.78018 0.378825 0.396053 0.40349 0.304264 0.287247 0.673458 0.34382 0.54371 0.444959 0.312421 0.37281 0.617976 0.680606 0.515491 0.286475 0.331085 0.579227 0.45999 1.46811 0.326165 0.883767 0.301194 1.06461 0.648081 0.516796 0.476261 0.293775 0.292639 1.43421 0.548407 0.378461 0.8939 1.35067 0.401289 0.402242 0.319535 0.413968 0.360328 0.399577 1.25457 0.379967 0.376434 0.386396 0.396171 0.414011 1.35945 0.413666 0.534612 0.348422 0.48401 0.370166 0.4728 0.308672 0.531373 0.542359 0.451635 0.46153 0.476293 0.298682 0.54166 0.437337 1.24579 0.372449 0.422126 0.77973 0.549138 0.55413 0.455675 1.34098 0.29999 0.414105 0.751272 0.539576 0.396482 0.429939 1.25342 0.304523 0.652732 1.40708 1.06698 0.677031 0.904218 0.475858 0.550803 0.488123 1.0769 0.530435 0.399901 0.311033 1.29816 0.334392 0.424325 0.551279 0.406441 0.378007 0.553632 0.464448 0.335667 0.402059 0.337139 0.900979 0.401911 0.518028 1.35938 0.488124 0.430072 0.749894 0.778833 0.264191 0.305083 0.368106 0.329856 0.468932 0.459722 0.862534 0.544835 0.376803 0.668419 0.323498 0.358349 0.381091 0.402903 0.531233 0.375905 0.819738 0.677974 0.367169 0.285903 0.442781 0.332998 0.545799 0.34765 0.341144 0.320358 0.516779 1.53071 0.679058 0.896665 0.411839 0.442542 0.403206 0.452641 1.46353 0.533221 0.398492 1.28006 0.488293 0.416301 0.305396 0.305995 0.533821 0.471143 0.30811 0.458913 0.668964 0.472539 0.459116 0.515372 1.43839 0.459996 0.576211 0.336183 0.529782 0.363821 0.651572 0.567653 0.315978 0.3182 0.510553 0.428908 1.3449 0.323653 0.333115 0.367056 0.547104 1.3857 0.476855 0.46573 0.542449 0.615874 0.285691 0.633701 0.653995 0.266814 0.400641 0.46258 0.416951 0.490378 0.457255 0.364879 0.387841 1.33938 0.42368 0.405465 0.407234 0.364123 0.384693 1.27948 0.40218 0.391866 0.486227 0.394544 0.308837 0.385882 0.531126 0.554764 1.34173 0.544095 1.27412 0.375767 1.24647 0.37266 0.360722 0.342269 0.480953 0.478894 0.26997 1.47316 1.30448 1.38083 1.47673 0.682716 0.37606 0.455791 0.457215 0.464843 1.49352 0.399307 0.788495 0.542595 0.401642 1.56725 0.946607 0.35416 0.402438 0.681558 1.31469 0.328648 0.298333 1.32873 0.40135 0.396171 0.316238 0.471773 0.64659 0.369964 0.30712 0.781836 0.360627 0.649911 1.24373 0.377202 0.475508 0.360999 0.490468 0.375921 0.410096 0.39912 0.372499 1.32477 0.479798 0.538113 0.414186 0.289964 0.558808 0.630873 0.296012 0.403479 0.541969 0.438939 0.536572 0.512501 0.550267 0.291212 0.646328 0.401253 1.06223 0.365322 0.439411 0.356742 0.48373 0.311009 0.472433 0.683776 0.398124 0.416583 0.265587 0.454744 0.31306 0.452192 0.328569 0.373214 0.286638 1.38595 0.405907 0.370111 1.33135 0.412223 0.403255 0.537059 0.362881 1.46696 0.480917 0.780125 0.275511 0.355731 0.394533 0.660476 0.411873 0.549831 0.385354 0.449715 0.677109 0.40151 0.459278 1.03878 0.400039 1.42476 0.335137 0.375747 0.543425 0.678652 0.395022 0.630907 0.353922 0.523732 0.450826 0.400078 0.89737 0.354496 0.318629 0.386129 0.418594 0.892313 0.466135 0.348496 0.333159 0.402183 0.524747 1.73469 1.26083 0.360126 0.312595 0.364409 1.26874 0.546715 1.47902 0.368579 0.403318 0.512238 1.45076 1.35714 0.552713 0.357343 0.328434 0.487527 0.398925 1.08774 1.47617 0.346897 0.686244 0.541325 0.547532 0.404864
Testing:
Lab Growth Rates:
0.42 0.42 0.42
Dot Production Prediction of Lab Growth Rates:
0.304709 0.28808 0.284125
Best performance so far: 
Obj: 4.65827e-310Rho: 6.5069e-314Diff: 4.65827e-310
Test:
 Lab Growth Rates:
0.42 0.42 0.42Dot Product Prediction of Growth Rate:
0.3047087 0.2880801 0.2841255