seed =  5 traits =  1 
Training: part  43 
Training: part  43 
Round  1 
 Goal of obj  0.99 
Temperature range:  0.001953125 3.90625e-16 
Cycle 1Round 1
Iter 500000 pBad 0.784334 T 0.000452671 Obj 1.04413 Rho 0 GRdif 25.3052 success 144138 failure 15816 obj_new 1.04413 SA_pAcc 0.924267 Delta 0.0315569 SA_r 0.481801 freedomratio 0.368553
Iter 1000000 pBad 0.686644 T 0.000104914 Obj 1.02643 Rho 0 GRdif 15.2841 success 285048 failure 39613 obj_new 1.02643 SA_pAcc 1.03397 Delta -0.00355398 SA_r 0.527551 freedomratio 0.368785
Iter 1500000 pBad 0.666678 T 2.43156e-05 Obj 1.01873 Rho 0 GRdif 10.8764 success 421733 failure 71258 obj_new 1.01873 SA_pAcc 1.31115 Delta -0.047559 SA_r 0.4047 freedomratio 0.373963
Iter 2000000 pBad 0.52022 T 5.63556e-06 Obj 1.01444 Rho 0 GRdif 8.39945 success 554147 failure 111501 obj_new 1.01444 SA_pAcc 1.02009 Delta 0.0189845 SA_r 0.203074 freedomratio 0.356882
Iter 2500000 pBad 0.295758 T 1.30614e-06 Obj 1.0106 Rho 0 GRdif 6.1778 success 667374 failure 189331 obj_new 1.0106 SA_pAcc 1 Delta -0.00298672 SA_r 0.327422 freedomratio 0.341492
Iter 3000000 pBad 0.122519 T 3.02719e-07 Obj 1.00906 Rho 0 GRdif 5.28276 success 754278 failure 322357 obj_new 1.00906 SA_pAcc 0.327061 Delta 0.00257827 SA_r 0.172616 freedomratio 0.305845
Iter 3500000 pBad 0.0538384 T 7.01604e-08 Obj 1.00861 Rho 0 GRdif 5.02287 success 803911 failure 539168 obj_new 1.00861 SA_pAcc 0.0661252 Delta -0.00278219 SA_r 0.93745 freedomratio 0.260213
Iter 4000000 pBad 0.0263878 T 1.62609e-08 Obj 1.0085 Rho 0 GRdif 4.95776 success 831586 failure 821094 obj_new 1.0085 SA_pAcc 7.74295e-06 Delta 0.00244972 SA_r 0.927747 freedomratio 0.225819
Iter 4500000 pBad 0.0153164 T 3.76873e-09 Obj 1.00845 Rho 0 GRdif 4.92946 success 846118 failure 1149219 obj_new 1.00845 SA_pAcc 2.93604e-41 Delta 0.000659998 SA_r 0.866215 freedomratio 0.207214
Iter 5000000 pBad 0.00706254 T 8.73467e-10 Obj 1.00843 Rho 0 GRdif 4.91978 success 854086 failure 1506540 obj_new 1.00843 SA_pAcc 0 Delta -0.000668595 SA_r 0.701166 freedomratio 0.198107
Iter 5500000 pBad 0.00235157 T 2.02441e-10 Obj 1.00842 Rho 0 GRdif 4.91578 success 858917 failure 1880809 obj_new 1.00842 SA_pAcc 0 Delta -0.000105988 SA_r 0.784964 freedomratio 0.190755
Iter 6000000 pBad 0.00175906 T 4.69191e-11 Obj 1.00842 Rho 0 GRdif 4.91308 success 861878 failure 2265372 obj_new 1.00842 SA_pAcc 8.189e-161 Delta -0.000162139 SA_r 0.856013 freedomratio 0.188606
Iter 6500000 pBad 0.000716268 T 1.08743e-11 Obj 1.00842 Rho 0 GRdif 4.91211 success 863652 failure 2654446 obj_new 1.00842 SA_pAcc 1 Delta 4.61305e-05 SA_r 0.309327 freedomratio 0.18722
Iter 7000000 pBad 0.000900472 T 2.5203e-12 Obj 1.00842 Rho 0 GRdif 4.91291 success 865415 failure 3046908 obj_new 1.00842 SA_pAcc 0 Delta 5.59237e-05 SA_r 0.217682 freedomratio 0.184103
Iter 7500000 pBad 5.48716e-13 T 5.84122e-13 Obj 1.00842 Rho 0 GRdif 4.91149 success 869344 failure 3428491 obj_new 1.00842 SA_pAcc 0 Delta -7.30592e-15 SA_r 0.763838 freedomratio 0.173527
Iter 8000000 pBad 3.1441e-36 T 1.3538e-13 Obj 1.00842 Rho 0 GRdif 4.9113 success 869493 failure 3738737 obj_new 1.00842 SA_pAcc 1 Delta -1.12535e-38 SA_r 0.806945 freedomratio 0.174613
Iter 8500000 pBad 2.83261e-144 T 3.13767e-14 Obj 1.00842 Rho 0 GRdif 4.9113 success 869493 failure 4049381 obj_new 1.00842 SA_pAcc 1 Delta -2.17914e-145 SA_r 0.910153 freedomratio 0.161521
Iter 9000000 pBad 0 T 7.27207e-15 Obj 1.00842 Rho 0 GRdif 4.9113 success 869493 failure 4386373 obj_new 1.00842 SA_pAcc 1 Delta -0 SA_r 0.0188168 freedomratio 0.0573217
Iter 9500000 pBad 0 T 1.68543e-15 Obj 1.00842 Rho 0 GRdif 4.91251 success 869493 failure 4744988 obj_new 1.00842 SA_pAcc 0 Delta -0 SA_r 0.387833 freedomratio 0.037091
Iter 10000000 pBad 0 T 3.90626e-16 Obj 1.00842 Rho 0 GRdif 4.9137 success 869493 failure 5108104 obj_new 1.00842 SA_pAcc 0 Delta -0 SA_r 0.788419 freedomratio 0.029596
Cannot move further
iter 7.56692e+06 obj1.00842 rho 0 GRdif 4.9113
Training:
Lab Growth Rates:
1.46 0.42 0.09 0.4 0.36 0.42 0.3 0.5 0.5 0.465 0.301 0.59 0.1 0.59 0.762 0.5 0.3 0.53 0.6 0.23 0.65 0.5 0.23 0.377 0.58 1.483 0.65 0.41 0.53 0.54 0.42 0.43 0.46 0.4 0.46 0.56 0.4 0.14 0.59 0.4 0.34 0.4 0.43 0.41 0.22 0.31 0.636 0.33 0.58 0.51 1.03 0.46 1.05 0.27 0.5 0.4 0.48 1.483 0.59 0.47 0.4 0.47 0.4 0.46 0.56 0.36 0.4 0.59 0.4 0.5 0.45 0.47 0.58 0.56 0.465 0.68 0.5 0.4 0.47 0.36 1.345 0.51 0.38 0.27 1.46 0.5 0.52 0.47 0.65 0.55 0.43 0.4 0.47 0.49 0.09 0.23 0.38 0.54 0.45 0.33 0.5 0.54 0.46 0.55 0.4 0.4 0.5 0.637 0.3 0.56 0.25 0.22 0.42 0.56 0.17 0.47 1.38 0.5 0.4 0.54 0.65 0.4 0.54 0.41 0.47 1.248 0.48 0.4 1.345 0.46 0.5 1.483 0.17 0.485 0.55 0.58 0.17 0.46 0.47 0.59 0.55 0.46 0.37 1.345 0.3 0.65 0.22 0.481 0.45 0.6 0.1 0.22 0.1 1.483 0.55 0.3 0.4 0.55 0.58 0.4 0.45 0.4 0.23 0.42 0.45 0.686 0.11 0.4 0.301 0.58 0.46 0.42 0.54 0.2 0.4 0.4 0.45 0.41 0.48 0.54 0.45 0.46 0.41 0.1 0.45 0.4 0.25 0.39 1.483 0.27 0.56 0.53 0.47 0.54 1.43 0.7 1.345 0.58 0.23 0.25 0.42 0.37 0.59 0.27 0.4 0.53 0.1 0.52 0.54 0.4 0.48 0.59 0.22 0.485 0.901 1.67 0.46 0.5 0.1 0.45 0.37 0.27 0.25 0.47 0.19 0.58 0.4 0.54 0.43 0.58 1.66 0.635 0.5 0.52 0.49 0.37 0.37 0.4 1.483 0.37 0.901 0.55 0.4 0.377 0.47 0.43 0.648 0.4 0.5 1.345 0.4 0.58 0.55 0.33 0.33 0.58 0.41 0.54 0.11 0.42 0.46 0.56 0.3 0.724 0.476 0.56 0.4 0.1 0.617 1.248 0.43 0.32 0.47 0.53 0.54 0.53 0.25 0.42 0.5 0.14 0.19 0.46 0.58 0.58 0.42 0.901 0.34 0.42 0.724 0.46 0.901 0.5 0.4 0.42 0.45 0.42 0.55 0.5 0.42 0.4 0.4 0.47 0.55 0.4 0.23 0.5 0.23 0.901 0.54 0.43 0.4 0.4 0.465 0.33 0.36 0.52 0.52 0.47 0.58 0.481 0.54 0.58 0.53 0.45 0.5 0.41 0.49 0.55 0.4 1.46 0.5 0.32 0.2 0.59 0.37 0.11 0.47 0.4 0.52 0.636 0.25 0.54 0.5 0.56 0.54 0.1 0.4 0.53 0.3 0.45 0.37 0.37 0.39 0.33 0.3 0.3 0.635 1.248 0.34 0.36 0.52 0.42 0.7 0.4 0.31 0.26 0.59 0.3 0.58 0.47 0.5 0.5 0.25 0.54 0.762 0.4 0.36 0.3 0.4 0.4 0.38 0.4 0.56 0.47 1.43 0.45 0.54 0.09 0.59 0.52 1.345 0.22 1.483 0.7 0.901 0.56 0.47 0.54 0.46 0.1 0.39 0.23 1.345 0.762 0.53 0.4 0.54 0.37 0.648 1.4 0.54 0.52 1.66 0.55 0.5 0.71 0.724 0.48 0.26 0.65 0.45 1.05 0.68 0.46 0.4 0.46 0.4 0.45 0.68 1.248 0.4 0.686 0.5 0.37 1.345 0.38 0.52 0.23 0.5 1.345 0.36 0.46 0.48 0.58 1.05 0.43 0.56 0.3 0.4 0.46 0.65 0.45 1.248 0.31 0.53 0.635 0.4 0.5 0.42 0.4 0.52 0.45 0.51 0.59 0.4 0.37 1.483 0.25 0.59 0.65 0.22 1.67 0.5 0.5 0.762 0.47 0.54 0.5 0.6 0.54 0.45 0.46 0.33 1.345 0.56 0.4 1.46 0.59 0.485 1.483 0.476 0.4 0.636 0.43 0.59 0.56 0.37 0.47 0.637 0.58 0.5 0.4 1.483 0.33 0.38 0.481 0.54 0.3 0.37 0.54 0.53 0.42 0.56 0.47 1.42 0.71 0.58 0.48 0.54 0.37 0.637 0.27 0.648 0.4 0.42 0.6 1.05 0.3 0.4 1.35 1.483 0.54 0.4 0.39 0.39 0.7 0.56 0.5 0.43 1.05 0.37 0.32 0.58 0.54 0.68 0.22 0.47 0.46 0.686 0.65 0.47 0.36 0.56 0.59 0.45 1.345 0.4 0.43 0.4 0.19 0.36 0.68 0.52 0.4 1.483 0.33 1.44 0.41 0.301 1.49 0.41 0.377 0.2 0.53 0.48 0.48 0.26 1.345 0.43 0.5 0.476 0.39 0.56 0.485 0.71 0.58
Dot Production Prediction of Lab Growth Rates:
1.01765 0.570112 0.334514 0.4015 0.323376 0.341064 0.389474 0.368781 0.378565 0.487947 0.49282 0.390541 1.13153 0.344883 0.775159 0.528254 0.306752 0.441877 0.488195 0.46714 0.636637 0.500429 0.464261 0.497134 0.499938 1.02878 0.631645 0.488058 0.395281 0.546217 0.587901 0.35417 0.503447 0.403282 0.291585 0.504854 0.401419 0.139995 0.543674 0.3928 0.320166 0.400741 0.417259 0.380493 0.502447 0.541336 0.686276 0.375335 0.509469 0.421325 1.35725 0.425436 1.05214 0.351347 0.352991 0.399661 0.319413 1.01836 0.321325 0.441782 0.404087 0.48575 0.407677 0.360559 0.539662 0.365128 0.396147 0.541804 0.403609 0.499844 0.38995 0.354568 0.369765 0.502399 0.49212 0.410571 0.505044 0.39328 0.35627 0.33974 1.0355 0.400552 0.311825 0.387427 1.0273 0.334821 0.395057 0.371804 0.647387 0.54775 0.368432 0.396843 0.382014 0.409316 0.375135 0.541514 0.321741 0.379723 0.419681 0.318855 0.335156 0.344803 0.42963 0.55 0.402568 0.402827 0.605097 0.666399 0.300611 0.542187 0.348995 0.40416 0.32172 0.544424 0.443977 0.481043 1.32679 0.60516 0.400046 0.329757 0.660275 0.402729 0.302846 0.491731 0.36007 0.836678 0.332458 0.396429 1.0559 0.457014 0.359865 1.00268 0.348546 0.480499 0.550481 0.376082 0.327572 0.542163 0.397322 0.336227 0.549316 0.494168 0.460292 0.993168 0.490186 0.649998 0.505926 0.484073 1.52518 0.506244 0.449904 0.507169 0.377331 1.01654 0.471622 0.466649 0.396104 0.48783 0.365853 0.400456 0.403431 0.395577 0.537635 0.351205 1.61095 0.685697 0.332897 0.404838 0.492052 0.497494 0.41214 0.341014 0.374317 0.361375 0.394363 0.401838 1.55807 0.325319 0.314061 0.484802 0.345351 0.364847 0.492106 0.455773 1.55433 0.399573 0.739019 0.324748 1.028 0.592879 0.499363 0.54452 0.330956 0.39282 1.3723 0.707448 1.03747 0.500418 0.464256 0.359798 0.355891 0.445723 0.330934 0.367884 0.402842 0.406497 0.754106 0.34345 0.540421 0.387799 0.315596 0.311377 0.503025 0.480339 0.789425 1.56213 0.513115 0.553142 0.983126 0.385708 0.45859 0.393448 0.511755 0.357056 0.324042 0.358752 0.404708 0.401676 0.355166 0.506405 1.64963 0.675335 0.632848 0.361582 0.376635 0.446644 0.433644 0.405868 0.990428 0.459414 0.900934 0.490576 0.404066 0.496433 0.412644 0.399884 0.675843 0.398359 0.506551 1.01161 0.401588 0.504517 0.484473 0.36804 0.330172 0.499554 0.34018 0.346581 0.376558 0.359135 0.495229 0.505244 0.420067 0.683232 0.491278 0.539533 0.402474 1.24073 0.559456 0.832906 0.437904 0.324723 0.352759 0.363802 0.54245 0.529804 1.57462 0.383927 0.321834 0.142432 0.329829 0.496966 0.323642 0.36798 0.59457 0.901001 0.295346 0.323243 0.684468 0.504243 0.901984 0.637071 0.397926 0.305912 1.54879 0.34457 0.545702 0.632126 0.341729 0.390167 0.403834 0.340853 0.5487 0.393789 0.529197 0.533294 0.544197 0.90661 0.48721 0.419273 0.403339 0.387319 0.489931 0.334249 0.35959 0.383366 0.386076 0.429677 0.50281 0.482144 0.398589 0.393535 0.534258 0.368442 0.543959 0.401838 0.386957 0.485995 0.323677 1.65137 0.543735 0.309016 0.404048 0.546533 0.368145 0.390898 0.391439 0.399836 0.380738 0.669034 0.301071 0.418185 0.324692 0.536634 0.490882 0.98259 0.404324 0.292993 0.506326 0.350169 0.415496 0.306284 0.361319 0.380227 0.441709 0.342839 0.67693 0.830612 0.294362 0.419551 0.365179 0.315392 0.70007 0.404381 0.539837 0.339733 0.546183 0.501816 0.338046 0.397131 0.530608 0.499942 0.544701 0.400156 0.761858 0.402892 0.346963 0.462354 0.399984 0.402715 0.319435 0.398622 0.529691 0.394384 1.36929 0.404765 0.545677 0.450985 0.317824 0.37633 1.01949 0.359653 1.00607 0.701962 0.934283 0.499172 0.469514 0.495824 0.374486 1.48661 0.321268 0.548296 1.0583 0.768478 0.545 0.401647 0.537886 0.460825 0.671305 1.43198 0.532138 0.354071 1.66 0.491565 0.545546 0.679697 0.684391 0.302137 0.563729 0.654131 0.369475 1.02868 0.409676 0.53793 0.407033 0.501867 0.402594 0.35488 0.408495 0.83004 0.404563 0.686133 0.504588 0.450255 1.04486 0.373098 0.383857 0.538372 0.505879 1.0676 0.42445 0.399512 0.336 0.489726 1.05257 0.419492 0.545073 0.387781 0.403409 0.423214 0.650006 1.59676 0.828824 0.536581 0.343861 0.676373 0.404575 0.409789 0.337332 0.390873 0.381645 0.330407 0.416915 0.369405 0.399331 0.454967 1.02864 0.356003 0.550027 0.638839 0.501797 1.42443 0.53469 0.315358 0.764997 0.394863 0.364135 0.32093 0.49016 0.401561 1.57369 0.332161 0.520842 1.00912 0.538228 0.396761 1.01121 0.316281 0.487008 1.05093 0.490153 0.401448 0.684282 0.375472 0.539502 0.53868 0.452592 0.41822 0.669676 0.310964 0.609378 0.404747 1.00606 0.447007 0.380953 0.485444 0.359979 0.467205 0.566628 0.376662 0.326877 0.378263 0.50476 0.367409 1.58345 0.685063 0.50575 0.307314 0.47885 0.447756 0.670026 0.307165 0.675195 0.400391 0.363149 0.487555 1.64904 0.305094 0.34926 1.26456 1.03163 0.543912 0.392967 0.329202 0.295483 0.7079 0.539402 0.318953 0.381295 1.04603 0.378887 0.343612 0.506448 0.484148 0.407306 0.448715 0.365823 0.307671 0.68472 0.653121 0.383269 0.325195 0.541556 0.543796 0.343228 1.0362 0.392484 0.439284 0.401808 0.319571 0.35991 0.412166 0.384936 0.38986 1.03391 0.481052 1.60182 0.369551 0.494128 1.59676 0.395301 0.496015 0.416981 0.492304 0.359735 0.340744 0.472337 1.04282 0.384769 0.548748 0.489156 0.327037 0.545066 0.486681 0.683428 0.509058
Testing:
Lab Growth Rates:
0.53 0.53 0.53
Dot Production Prediction of Lab Growth Rates:
0.529455 0.533254 0.52957
Best performance so far: 
Obj: 4.64819e-310Rho: 2.26291e-314Diff: 4.64819e-310
Anneal again with the best G and E so far as input
Cycle 2Round 1
Iter 500000 pBad 0.771945 T 0.000452671 Obj 1.03166 Rho 0 GRdif 18.2642 success 110140 failure 14034 obj_new 1.03166 SA_pAcc 0.840746 Delta 0.0700103 SA_r 0.138483 freedomratio 0.26444
Iter 1000000 pBad 0.675212 T 0.000104914 Obj 1.02732 Rho 0 GRdif 15.7954 success 216726 failure 34659 obj_new 1.02732 SA_pAcc 0.97748 Delta 0.0064928 SA_r 0.688549 freedomratio 0.26278
Iter 1500000 pBad 0.604636 T 2.43156e-05 Obj 1.02281 Rho 0 GRdif 13.2181 success 320941 failure 61295 obj_new 1.02281 SA_pAcc 1.22737 Delta -0.0231691 SA_r 0.202213 freedomratio 0.26149
Iter 2000000 pBad 0.458463 T 5.63556e-06 Obj 1.01816 Rho 0 GRdif 10.5481 success 420601 failure 99042 obj_new 1.01816 SA_pAcc 1 Delta -0.0128509 SA_r 0.322977 freedomratio 0.25815
Iter 2500000 pBad 0.2162 T 1.30614e-06 Obj 1.01352 Rho 0 GRdif 7.87082 success 505777 failure 168593 obj_new 1.01352 SA_pAcc 1 Delta 0.00103041 SA_r 0.337163 freedomratio 0.23487
Iter 3000000 pBad 0.14836 T 3.02719e-07 Obj 1.01047 Rho 0 GRdif 6.12028 success 580136 failure 268659 obj_new 1.0105 SA_pAcc 4.43056e-45 Delta -0.00583695 SA_r 0.184201 freedomratio 0.225038
Iter 3500000 pBad 0.08459 T 7.01604e-08 Obj 1.00959 Rho 0 GRdif 5.59457 success 632979 failure 422820 obj_new 1.00959 SA_pAcc 0.0395636 Delta -0.000551142 SA_r 0.59481 freedomratio 0.20411
Iter 4000000 pBad 0.032528 T 1.62609e-08 Obj 1.0093 Rho 0 GRdif 5.45948 success 664428 failure 650356 obj_new 1.00936 SA_pAcc 0 Delta 0.000585445 SA_r 0.239639 freedomratio 0.179755
Iter 4500000 pBad 0.0148764 T 3.76873e-09 Obj 1.0092 Rho 0 GRdif 5.36513 success 682675 failure 933866 obj_new 1.0092 SA_pAcc 1 Delta -0.000940361 SA_r 0.972374 freedomratio 0.162597
Iter 5000000 pBad 0.00945327 T 8.73467e-10 Obj 1.00916 Rho 0 GRdif 5.34432 success 694403 failure 1253592 obj_new 1.00916 SA_pAcc 0 Delta -0.000822259 SA_r 0.444666 freedomratio 0.15581
Iter 5500000 pBad 0.00431638 T 2.02441e-10 Obj 1.00914 Rho 0 GRdif 5.32994 success 703990 failure 1597346 obj_new 1.00914 SA_pAcc 1.02916e-55 Delta 0.000355944 SA_r 0.77072 freedomratio 0.146171
Iter 6000000 pBad 0.00436085 T 4.69191e-11 Obj 1.00913 Rho 0 GRdif 5.32473 success 711939 failure 1966232 obj_new 1.00913 SA_pAcc 0 Delta 3.40908e-05 SA_r 0.12664 freedomratio 0.138764
Iter 6500000 pBad 0.00117005 T 1.08743e-11 Obj 1.00912 Rho 0 GRdif 5.32131 success 720462 failure 2357471 obj_new 1.00912 SA_pAcc 0 Delta -4.07896e-05 SA_r 0.723609 freedomratio 0.131272
Iter 7000000 pBad 0.00156977 T 2.5203e-12 Obj 1.00912 Rho 0 GRdif 5.31914 success 730092 failure 2764776 obj_new 1.00912 SA_pAcc 0 Delta 7.42851e-05 SA_r 0.313265 freedomratio 0.128452
Iter 7500000 pBad 2.23294e-14 T 5.84122e-13 Obj 1.00912 Rho 0 GRdif 5.31807 success 739545 failure 3177834 obj_new 1.00912 SA_pAcc 0 Delta 2.16081e-15 SA_r 0.491698 freedomratio 0.121124
Iter 8000000 pBad 9.58131e-111 T 1.3538e-13 Obj 1.00912 Rho 0 GRdif 5.32131 success 739546 failure 3560317 obj_new 1.00912 SA_pAcc 0 Delta -2.79898e-113 SA_r 0.570986 freedomratio 0.119275
Iter 8500000 pBad 0 T 3.13767e-14 Obj 1.00912 Rho 0 GRdif 5.31797 success 739546 failure 3952628 obj_new 1.00912 SA_pAcc 1 Delta -0 SA_r 0.0478255 freedomratio 0.0801532
Iter 9000000 pBad 0 T 7.27207e-15 Obj 1.00912 Rho 0 GRdif 5.31798 success 739546 failure 4359094 obj_new 1.00912 SA_pAcc 0 Delta -0 SA_r 0.646855 freedomratio 0.0545675
Iter 9500000 pBad 0 T 1.68543e-15 Obj 1.00912 Rho 0 GRdif 5.31797 success 739546 failure 4773992 obj_new 1.00912 SA_pAcc 1 Delta -0 SA_r 0.312413 freedomratio 0.0419981
Good enough
iter 7.50384e+06 obj1.00912 rho 0 GRdif 5.31797
Training:
Lab Growth Rates:
1.46 0.42 0.09 0.4 0.36 0.42 0.3 0.5 0.5 0.465 0.301 0.59 0.1 0.59 0.762 0.5 0.3 0.53 0.6 0.23 0.65 0.5 0.23 0.377 0.58 1.483 0.65 0.41 0.53 0.54 0.42 0.43 0.46 0.4 0.46 0.56 0.4 0.14 0.59 0.4 0.34 0.4 0.43 0.41 0.22 0.31 0.636 0.33 0.58 0.51 1.03 0.46 1.05 0.27 0.5 0.4 0.48 1.483 0.59 0.47 0.4 0.47 0.4 0.46 0.56 0.36 0.4 0.59 0.4 0.5 0.45 0.47 0.58 0.56 0.465 0.68 0.5 0.4 0.47 0.36 1.345 0.51 0.38 0.27 1.46 0.5 0.52 0.47 0.65 0.55 0.43 0.4 0.47 0.49 0.09 0.23 0.38 0.54 0.45 0.33 0.5 0.54 0.46 0.55 0.4 0.4 0.5 0.637 0.3 0.56 0.25 0.22 0.42 0.56 0.17 0.47 1.38 0.5 0.4 0.54 0.65 0.4 0.54 0.41 0.47 1.248 0.48 0.4 1.345 0.46 0.5 1.483 0.17 0.485 0.55 0.58 0.17 0.46 0.47 0.59 0.55 0.46 0.37 1.345 0.3 0.65 0.22 0.481 0.45 0.6 0.1 0.22 0.1 1.483 0.55 0.3 0.4 0.55 0.58 0.4 0.45 0.4 0.23 0.42 0.45 0.686 0.11 0.4 0.301 0.58 0.46 0.42 0.54 0.2 0.4 0.4 0.45 0.41 0.48 0.54 0.45 0.46 0.41 0.1 0.45 0.4 0.25 0.39 1.483 0.27 0.56 0.53 0.47 0.54 1.43 0.7 1.345 0.58 0.23 0.25 0.42 0.37 0.59 0.27 0.4 0.53 0.1 0.52 0.54 0.4 0.48 0.59 0.22 0.485 0.901 1.67 0.46 0.5 0.1 0.45 0.37 0.27 0.25 0.47 0.19 0.58 0.4 0.54 0.43 0.58 1.66 0.635 0.5 0.52 0.49 0.37 0.37 0.4 1.483 0.37 0.901 0.55 0.4 0.377 0.47 0.43 0.648 0.4 0.5 1.345 0.4 0.58 0.55 0.33 0.33 0.58 0.41 0.54 0.11 0.42 0.46 0.56 0.3 0.724 0.476 0.56 0.4 0.1 0.617 1.248 0.43 0.32 0.47 0.53 0.54 0.53 0.25 0.42 0.5 0.14 0.19 0.46 0.58 0.58 0.42 0.901 0.34 0.42 0.724 0.46 0.901 0.5 0.4 0.42 0.45 0.42 0.55 0.5 0.42 0.4 0.4 0.47 0.55 0.4 0.23 0.5 0.23 0.901 0.54 0.43 0.4 0.4 0.465 0.33 0.36 0.52 0.52 0.47 0.58 0.481 0.54 0.58 0.53 0.45 0.5 0.41 0.49 0.55 0.4 1.46 0.5 0.32 0.2 0.59 0.37 0.11 0.47 0.4 0.52 0.636 0.25 0.54 0.5 0.56 0.54 0.1 0.4 0.53 0.3 0.45 0.37 0.37 0.39 0.33 0.3 0.3 0.635 1.248 0.34 0.36 0.52 0.42 0.7 0.4 0.31 0.26 0.59 0.3 0.58 0.47 0.5 0.5 0.25 0.54 0.762 0.4 0.36 0.3 0.4 0.4 0.38 0.4 0.56 0.47 1.43 0.45 0.54 0.09 0.59 0.52 1.345 0.22 1.483 0.7 0.901 0.56 0.47 0.54 0.46 0.1 0.39 0.23 1.345 0.762 0.53 0.4 0.54 0.37 0.648 1.4 0.54 0.52 1.66 0.55 0.5 0.71 0.724 0.48 0.26 0.65 0.45 1.05 0.68 0.46 0.4 0.46 0.4 0.45 0.68 1.248 0.4 0.686 0.5 0.37 1.345 0.38 0.52 0.23 0.5 1.345 0.36 0.46 0.48 0.58 1.05 0.43 0.56 0.3 0.4 0.46 0.65 0.45 1.248 0.31 0.53 0.635 0.4 0.5 0.42 0.4 0.52 0.45 0.51 0.59 0.4 0.37 1.483 0.25 0.59 0.65 0.22 1.67 0.5 0.5 0.762 0.47 0.54 0.5 0.6 0.54 0.45 0.46 0.33 1.345 0.56 0.4 1.46 0.59 0.485 1.483 0.476 0.4 0.636 0.43 0.59 0.56 0.37 0.47 0.637 0.58 0.5 0.4 1.483 0.33 0.38 0.481 0.54 0.3 0.37 0.54 0.53 0.42 0.56 0.47 1.42 0.71 0.58 0.48 0.54 0.37 0.637 0.27 0.648 0.4 0.42 0.6 1.05 0.3 0.4 1.35 1.483 0.54 0.4 0.39 0.39 0.7 0.56 0.5 0.43 1.05 0.37 0.32 0.58 0.54 0.68 0.22 0.47 0.46 0.686 0.65 0.47 0.36 0.56 0.59 0.45 1.345 0.4 0.43 0.4 0.19 0.36 0.68 0.52 0.4 1.483 0.33 1.44 0.41 0.301 1.49 0.41 0.377 0.2 0.53 0.48 0.48 0.26 1.345 0.43 0.5 0.476 0.39 0.56 0.485 0.71 0.58
Dot Production Prediction of Lab Growth Rates:
1.00346 0.579794 0.351609 0.396832 0.333021 0.302462 0.373561 0.364392 0.412116 0.565663 0.593346 0.388664 2.29132 0.3184 0.777207 0.725985 0.305112 0.444802 0.586184 0.432756 0.630312 0.471096 0.43138 0.580545 0.470106 1.32106 0.614776 0.577034 0.450698 0.547199 0.604497 0.35714 0.462331 0.399928 0.279056 0.47882 0.399146 0.64688 0.534615 0.384931 0.319137 0.398815 0.405293 0.38113 0.472654 0.583452 0.698235 0.372258 0.469823 0.448149 1.22732 0.413903 1.06206 0.339246 0.382532 0.393401 0.265058 1.32307 0.297762 0.438198 0.399349 0.462239 0.405634 0.343476 0.534738 0.363217 0.390601 0.537961 0.3993 0.481873 0.409839 0.343875 0.385136 0.467778 0.573082 0.462175 0.479686 0.386867 0.367248 0.326356 1.34192 0.412835 0.2705 0.373801 1.01627 0.331985 0.41986 0.3679 0.659005 0.539239 0.379501 0.39221 0.367002 0.419871 0.382443 0.533983 0.283588 0.356586 0.421706 0.305085 0.342167 0.316392 0.424841 0.541793 0.40014 0.398838 0.826012 0.680401 0.299977 0.548975 0.350565 0.418655 0.281648 0.53848 0.459962 0.442254 1.19393 0.819219 0.399283 0.291071 0.661864 0.402483 0.27034 0.579263 0.384167 0.833782 0.337581 0.391659 1.34485 0.482166 0.396789 1.35259 0.305933 0.567037 0.550616 0.389293 0.297276 0.554848 0.409784 0.320518 0.551588 0.447346 0.428432 1.34448 0.612476 0.650011 0.476003 0.562346 1.326 0.636163 0.441813 0.476495 0.357446 1.30347 0.452214 0.573331 0.3914 0.477142 0.340475 0.395005 0.409523 0.390007 0.540206 0.325944 1.38134 0.691448 0.339131 0.40008 0.593441 0.47863 0.378465 0.33243 0.386242 0.353137 0.391414 0.398505 1.34577 0.320833 0.267234 0.455281 0.320168 0.362747 0.580488 0.449484 1.35429 0.400007 0.997369 0.330635 1.35397 0.592657 0.468967 0.528538 0.300086 0.379539 1.23651 0.76293 1.37921 0.471163 0.430642 0.349185 0.323009 0.414315 0.314802 0.371596 0.397776 0.416617 0.979975 0.333575 0.553968 0.381494 0.288325 0.304443 0.48279 0.564781 0.802851 1.38645 0.537944 0.742156 1.96208 0.366784 0.427562 0.377052 0.491226 0.351443 0.297631 0.381962 0.400227 0.400158 0.356405 0.47733 1.4795 0.687204 0.833059 0.370109 0.393958 0.412564 0.458402 0.400272 1.33349 0.427044 0.900913 0.475684 0.403624 0.575518 0.390862 0.396891 0.687608 0.392713 0.487431 1.35445 0.401887 0.48236 0.474127 0.328593 0.321082 0.453191 0.34568 0.335816 0.3748 0.356592 0.460123 0.476273 0.399081 0.688019 0.570651 0.534679 0.400667 2.3236 0.950776 0.82498 0.436136 0.322923 0.366605 0.394038 0.529499 0.528622 1.37971 0.416265 0.308713 0.65279 0.306272 0.459818 0.318207 0.369159 0.612253 0.901047 0.299186 0.31967 0.695154 0.458545 0.904484 0.867642 0.392279 0.297167 1.35563 0.32239 0.543696 0.820856 0.327251 0.35893 0.399858 0.324809 0.543967 0.386345 0.535886 0.526113 0.532511 0.905608 0.459357 0.404547 0.39927 0.378064 0.568804 0.319491 0.351116 0.393928 0.375238 0.432927 0.469638 0.563094 0.396351 0.405795 0.531642 0.359342 0.7536 0.419097 0.410375 0.473674 0.278821 1.48557 0.560125 0.294175 0.367054 0.542485 0.394398 0.412154 0.371299 0.393592 0.379251 0.686068 0.286595 0.413548 0.324127 0.524512 0.469835 1.98012 0.400762 0.262328 0.642614 0.352871 0.413953 0.268791 0.349037 0.381633 0.537269 0.317139 0.69007 0.825182 0.280123 0.440789 0.389615 0.278911 0.768309 0.400475 0.565178 0.382214 0.537329 0.625269 0.35774 0.403331 0.548273 0.469061 0.551023 0.360381 0.759079 0.397467 0.361471 0.579649 0.398818 0.398531 0.283177 0.400869 0.540237 0.408134 1.24983 0.427131 0.528769 0.483595 0.32348 0.375209 1.2989 0.362188 1.34612 0.766857 0.92224 0.468633 0.465882 0.458986 0.370734 1.32053 0.323913 0.537598 1.40594 0.767817 0.534979 0.396371 0.539891 0.42858 0.678672 1.40004 0.543808 0.336623 1.4979 0.47929 0.534131 0.686315 0.69313 0.30151 0.569491 0.657674 0.369629 1.01587 0.454616 0.540557 0.403728 0.473214 0.396701 0.327966 0.461119 0.823017 0.398522 0.692275 0.48544 0.417408 1.34942 0.380963 0.381844 0.53761 0.749697 1.38588 0.444423 0.392501 0.336267 0.448988 1.06191 0.408193 0.534355 0.484724 0.4029 0.403344 0.645685 1.39748 0.82143 0.564542 0.337785 0.688511 0.402203 0.475108 0.349304 0.382223 0.373695 0.287825 0.441815 0.366653 0.399062 0.424394 1.30379 0.343648 0.541226 0.64612 0.482067 1.37848 0.526643 0.318214 0.764605 0.351543 0.388806 0.323731 0.597734 0.379542 1.36035 0.337182 0.528852 1.34847 0.546693 0.391728 1.01843 0.318702 0.567705 1.3885 0.574084 0.40045 0.68984 0.340452 0.536757 0.520431 0.424666 0.386022 0.682689 0.269978 0.798339 0.402057 1.26854 0.470317 0.386185 0.566631 0.396737 0.569097 0.560845 0.367133 0.319359 0.363109 0.475669 0.369832 1.42203 0.6975 0.468207 0.271546 0.444321 0.460632 0.686254 0.270038 0.68569 0.394665 0.339661 0.604924 1.49313 0.298521 0.2922 1.16932 1.37351 0.527639 0.386907 0.302938 0.285979 0.771772 0.538291 0.317647 0.374035 1.05003 0.411875 0.341966 0.47682 0.464943 0.456283 0.467558 0.359187 0.310107 0.68942 0.659094 0.379146 0.342772 0.542305 0.542405 0.352491 1.32072 0.385909 0.42791 0.397801 0.290992 0.371862 0.461591 0.382875 0.382833 1.38004 0.51965 1.40999 0.374132 0.593007 1.39748 0.41491 0.580215 0.36883 0.463481 0.349119 0.351389 0.463632 1.33539 0.349218 0.785395 0.568695 0.302528 0.554534 0.571241 0.688569 0.46868
Testing:
Lab Growth Rates:
0.53 0.53 0.53
Dot Production Prediction of Lab Growth Rates:
0.517193 0.518834 0.518317
Best performance so far: 
Obj: 4.64819e-310Rho: 6.5069e-314Diff: 4.64819e-310
Test:
 Lab Growth Rates:
0.53 0.53 0.53Dot Product Prediction of Growth Rate:
0.517193 0.5188342 0.5183165