seed =  5 traits =  1 
Training: part  135 
Training: part  135 
Round  1 
 Goal of obj  0.99 
Temperature range:  0.00390625 7.8125e-12 
Cycle 1Round 1
Iter 500000 pBad 0.86943 T 0.00143487 Obj 1.0527 Rho 0 GRdif 30.0963 success 146986 failure 8755 obj_new 1.0527 SA_pAcc 0.917118 Delta 0.054983 SA_r 0.205054 freedomratio 0.369483
Iter 1000000 pBad 0.836216 T 0.000527065 Obj 1.03474 Rho 0 GRdif 20.0115 success 291938 failure 22208 obj_new 1.03474 SA_pAcc 0.959886 Delta -0.0492491 SA_r 0.528278 freedomratio 0.364428
Iter 1500000 pBad 0.779304 T 0.000193604 Obj 1.02772 Rho 0 GRdif 16.0247 success 435490 failure 38394 obj_new 1.02772 SA_pAcc 1 Delta -0.0228098 SA_r 0.503605 freedomratio 0.373486
Iter 2000000 pBad 0.675401 T 7.11159e-05 Obj 1.02149 Rho 0 GRdif 12.4606 success 577015 failure 59472 obj_new 1.02149 SA_pAcc 1.02606 Delta -0.0172227 SA_r 0.399753 freedomratio 0.362176
Iter 2500000 pBad 0.56356 T 2.61227e-05 Obj 1.0193 Rho 0 GRdif 11.2016 success 714612 failure 88136 obj_new 1.0193 SA_pAcc 1 Delta 0.0183113 SA_r 0.116547 freedomratio 0.366708
Iter 3000000 pBad 0.467268 T 9.59555e-06 Obj 1.01698 Rho 0 GRdif 9.86878 success 843233 failure 132154 obj_new 1.01698 SA_pAcc 1 Delta -0.0290914 SA_r 0.618203 freedomratio 0.364201
Iter 3500000 pBad 0.330309 T 3.52469e-06 Obj 1.01318 Rho 0 GRdif 7.6717 success 958712 failure 203848 obj_new 1.01318 SA_pAcc 0.75273 Delta -0.0149958 SA_r 0.965963 freedomratio 0.344301
Iter 4000000 pBad 0.314608 T 1.29471e-06 Obj 1.01012 Rho 0 GRdif 5.89973 success 1064918 failure 296033 obj_new 1.01012 SA_pAcc 2.6012 Delta -0.0293605 SA_r 0.808219 freedomratio 0.346131
Iter 4500000 pBad 0.150666 T 4.75581e-07 Obj 1.00913 Rho 0 GRdif 5.32343 success 1152379 failure 426250 obj_new 1.00913 SA_pAcc 0.956645 Delta -0.00536761 SA_r 0.489884 freedomratio 0.310875
Iter 5000000 pBad 0.0783137 T 1.74693e-07 Obj 1.00867 Rho 0 GRdif 5.05966 success 1207956 failure 629527 obj_new 1.00867 SA_pAcc 1 Delta 0.00767134 SA_r 0.427879 freedomratio 0.265399
Iter 5500000 pBad 0.0418024 T 6.41693e-08 Obj 1.00846 Rho 0 GRdif 4.9351 success 1244895 failure 884015 obj_new 1.00846 SA_pAcc 1 Delta -0.00300684 SA_r 0.83566 freedomratio 0.244779
Iter 6000000 pBad 0.0231171 T 2.3571e-08 Obj 1.00835 Rho 0 GRdif 4.90939 success 1269140 failure 1180752 obj_new 1.00841 SA_pAcc 0 Delta 0.00190987 SA_r 0.701025 freedomratio 0.222983
Iter 6500000 pBad 0.0124126 T 8.65826e-09 Obj 1.00828 Rho 0 GRdif 4.83316 success 1286873 failure 1503657 obj_new 1.00828 SA_pAcc 1.17284e-11 Delta -0.000743965 SA_r 0.940756 freedomratio 0.206775
Iter 7000000 pBad 0.0124274 T 3.1804e-09 Obj 1.00824 Rho 0 GRdif 4.81001 success 1298197 failure 1850094 obj_new 1.00824 SA_pAcc 3.60698e-08 Delta -0.000361701 SA_r 0.0467964 freedomratio 0.203684
Iter 7500000 pBad 0.00500765 T 1.16824e-09 Obj 1.00822 Rho 0 GRdif 4.7966 success 1306550 failure 2210915 obj_new 1.00822 SA_pAcc 0 Delta 0.000202711 SA_r 0.514185 freedomratio 0.195464
Iter 8000000 pBad 0.00540668 T 4.29126e-10 Obj 1.00821 Rho 0 GRdif 4.78857 success 1311732 failure 2585495 obj_new 1.00821 SA_pAcc 6.23127e-42 Delta 0.000369018 SA_r 0.882852 freedomratio 0.191441
Iter 8500000 pBad 0.00129383 T 1.57629e-10 Obj 1.0082 Rho 0 GRdif 4.78714 success 1315244 failure 2966336 obj_new 1.0082 SA_pAcc 0 Delta 2.41692e-05 SA_r 0.0388426 freedomratio 0.189154
Iter 9000000 pBad 0.00324909 T 5.79012e-11 Obj 1.00819 Rho 0 GRdif 4.78793 success 1318479 failure 3351428 obj_new 1.0082 SA_pAcc 0 Delta -0.000236286 SA_r 0.647618 freedomratio 0.18734
Iter 9500000 pBad 0.00105625 T 2.12686e-11 Obj 1.00819 Rho 0 GRdif 4.77987 success 1323105 failure 3740768 obj_new 1.00819 SA_pAcc 1 Delta -1.59843e-05 SA_r 0.186997 freedomratio 0.180586
Iter 10000000 pBad 0.000879856 T 7.81252e-12 Obj 1.00819 Rho 0 GRdif 4.77895 success 1326844 failure 4140048 obj_new 1.00819 SA_pAcc 0 Delta -5.10227e-05 SA_r 0.731691 freedomratio 0.177791
Cannot move further
iter 9.99998e+06 obj1.00819 rho 0 GRdif 4.77833
Training:
Lab Growth Rates:
0.48 0.36 0.47 0.46 0.5 0.686 1.483 0.48 1.345 0.58 0.4 0.56 0.55 0.27 0.724 0.43 0.59 0.36 0.46 0.45 0.53 0.43 0.5 0.55 0.37 1.483 0.56 0.53 0.5 0.47 0.3 0.39 0.56 0.1 0.41 0.37 0.45 0.33 0.1 0.45 0.7 0.5 1.248 0.45 0.1 0.59 0.46 0.4 0.4 0.45 0.54 0.58 0.36 0.5 0.42 0.58 0.33 0.43 0.476 0.46 1.345 0.59 0.5 1.345 0.4 1.483 0.5 0.5 1.483 0.59 0.37 0.68 0.23 0.58 0.46 1.05 0.3 0.58 0.31 0.52 0.4 0.54 0.1 0.686 0.23 0.37 0.46 0.52 0.25 0.58 0.54 0.41 0.47 0.476 0.5 0.37 0.4 0.27 0.65 0.71 0.23 1.248 0.4 0.52 0.4 0.377 0.25 0.4 0.4 0.41 0.4 0.41 1.345 0.68 0.68 1.483 0.47 1.345 0.4 0.65 1.345 0.45 0.38 0.19 0.4 1.49 0.59 0.58 0.6 0.3 0.485 0.65 0.51 0.3 0.22 0.5 1.43 0.56 0.58 0.485 0.52 0.59 0.51 1.483 0.68 0.43 0.47 0.4 0.47 0.5 0.52 0.485 0.33 0.53 0.59 0.48 0.5 0.11 1.248 0.4 0.2 0.617 0.45 0.42 1.46 0.56 0.33 0.47 0.5 0.25 0.54 0.52 0.58 0.4 0.41 0.4 0.56 0.4 0.52 1.345 0.36 0.58 1.05 0.5 0.377 0.56 0.3 0.54 0.56 0.46 0.17 0.5 0.4 0.4 0.37 0.39 0.65 0.37 0.25 0.3 0.7 0.476 0.4 0.4 1.345 0.37 0.4 0.54 0.54 0.42 0.49 0.23 0.25 0.65 0.59 0.11 0.4 0.54 0.55 0.53 0.39 0.47 0.54 0.56 0.59 0.58 0.637 0.3 0.23 0.55 0.65 0.22 0.59 0.54 0.55 0.58 0.686 0.4 0.53 0.58 0.481 0.54 0.636 0.22 0.51 0.53 0.4 0.47 0.27 0.3 0.56 0.26 0.54 0.45 0.14 0.4 0.53 0.4 0.4 0.26 0.58 0.4 0.36 0.55 0.46 0.37 0.53 0.4 0.901 0.59 0.56 1.46 0.59 0.65 0.45 0.42 0.46 0.42 0.46 0.1 0.47 0.46 0.52 0.42 1.67 0.71 0.648 0.4 0.22 0.481 0.33 0.26 0.5 0.42 0.4 0.43 0.5 0.47 0.46 0.27 0.4 0.54 0.38 0.27 0.38 0.7 0.47 0.45 0.23 0.47 0.54 0.23 0.45 0.635 0.42 1.483 0.45 0.1 0.58 0.4 0.5 1.03 0.43 1.345 0.65 1.05 1.483 0.2 0.5 0.58 0.36 0.36 0.36 0.36 0.42 0.09 0.53 0.37 1.67 0.762 0.54 0.56 1.483 0.4 0.58 0.4 0.4 0.45 0.23 0.301 0.5 0.59 0.4 0.54 0.3 0.7 0.54 0.42 1.66 1.05 1.483 0.4 0.4 0.52 0.53 0.55 1.46 0.5 0.58 0.32 0.4 0.481 0.38 0.4 0.11 0.37 0.465 0.47 0.37 0.5 0.5 0.31 0.39 0.53 0.47 0.47 0.52 0.71 0.636 0.34 0.22 0.59 0.25 0.42 0.22 0.41 0.43 0.3 0.5 0.53 0.55 0.41 0.46 0.45 0.4 0.5 0.31 0.41 1.42 0.55 0.42 0.54 0.465 0.3 0.56 0.637 0.5 0.301 0.636 0.33 0.4 0.6 1.66 0.54 0.33 0.42 0.46 0.54 0.56 0.901 0.55 0.42 1.35 0.32 0.46 0.39 0.65 0.43 0.22 0.4 0.3 0.4 0.17 0.19 0.485 0.901 0.43 0.48 0.47 0.4 0.45 0.54 0.4 0.48 0.54 0.901 0.5 0.5 0.54 0.5 0.55 0.53 0.22 0.5 0.09 0.42 0.54 1.483 0.46 0.34 0.48 0.48 0.4 0.45 0.46 1.345 0.54 0.6 0.42 0.47 0.5 0.45 0.5 0.45 0.43 0.59 0.724 0.5 0.5 0.4 0.19 0.55 0.762 0.4 0.56 0.52 0.58 0.48 0.49 1.43 0.47 0.377 0.41 0.34 0.23 1.44 0.47 0.37 0.47 0.4 0.3 1.46 1.345 0.762 0.4 0.25 0.56 0.53 0.42 0.53 0.762 0.46 0.635 0.56 1.248 0.648 0.38 0.48 1.38 0.724 0.37 0.54 0.54 0.37 0.33 0.14 0.59 0.43 0.46 1.4 0.47 0.32 0.4 0.648 0.52 0.6 0.301 1.483 0.54 0.09 1.345 0.68 0.49 0.46 1.248 0.56 0.58 0.901 0.27 0.47 0.17 0.465 0.1 0.25 0.4 0.635 0.1 0.58 0.637 0.46 0.1 0.901 0.4 0.42 0.4 0.2 0.45 0.43 0.4 0.39 0.33 0.3 0.37 0.47 1.05 0.4
Dot Production Prediction of Lab Growth Rates:
0.302889 0.443113 0.371462 0.455153 0.654867 0.685933 1.27731 0.32639 1.33668 0.280865 0.40082 0.539534 0.449174 0.275132 0.687046 0.410431 0.548458 0.313807 0.421872 0.335814 0.531914 0.388565 0.725758 0.552107 0.410128 1.26372 0.542982 0.448194 0.340544 0.358422 0.304209 0.324925 0.467477 1.46971 0.326282 0.415501 0.433943 0.538472 1.65864 0.353353 0.70955 0.618877 0.930609 1.64512 1.49601 0.54541 0.336937 0.394398 0.397011 1.59254 0.538543 0.467076 0.425008 0.542371 0.315685 0.469871 0.466534 0.458523 0.53404 0.453328 1.261 0.550454 0.363599 1.25189 0.401742 1.26284 0.467631 0.477219 1.26659 0.392989 0.412848 0.390409 0.540742 0.350759 0.441734 1.05014 0.328301 0.480069 0.620225 0.392422 0.396657 0.381226 0.460551 0.685492 0.426167 0.409068 0.459853 0.336804 0.533707 0.47519 0.444201 0.384477 0.413898 0.536732 0.531748 0.407199 0.403773 0.338067 0.637751 0.680455 0.421346 0.929665 0.400258 0.342546 0.383792 0.532142 0.348601 0.389821 0.400173 0.39734 0.381727 0.536113 1.25462 0.384161 0.386429 1.24694 0.390274 1.29512 0.403901 0.649952 1.23566 0.392149 0.311995 0.290565 0.400183 1.64512 0.549322 0.474379 0.534016 0.300965 0.52882 0.619968 0.447933 0.544279 0.441619 0.541759 1.24758 0.482909 0.380484 0.532821 0.388379 0.555107 0.411983 1.28801 0.391104 0.354839 0.364385 0.396017 0.379186 0.550684 0.37005 0.525831 0.344061 0.417733 0.292099 0.347168 0.720147 0.32848 0.938342 0.400692 0.418653 0.719578 0.340165 0.401652 1.48696 0.477723 0.356612 0.350819 0.327962 0.852366 0.372662 0.400511 0.346861 0.394552 0.355671 0.404955 0.540335 0.398166 0.371529 1.28943 0.351701 0.398243 1.05645 0.314263 0.534128 0.536248 0.483367 0.458857 0.462894 0.336758 0.310611 0.531968 0.378579 0.389841 0.411568 0.313476 0.612683 0.405794 0.297667 0.484939 0.728006 0.540097 0.40137 0.398369 1.24614 0.406336 0.401594 0.461491 0.535951 0.309309 0.412607 0.536345 0.561644 0.650087 0.317097 0.394391 0.400391 0.555311 0.456451 0.560724 0.311972 0.330432 0.397386 0.543016 0.364188 0.375457 0.672464 0.396715 0.534443 0.54065 0.651021 0.474247 0.551095 0.535952 0.453417 0.477299 0.685907 0.402111 0.413511 0.475314 0.527155 0.300944 0.685469 0.469429 0.405498 0.309112 0.399027 0.380037 0.643926 0.543254 0.543108 0.465765 0.447614 0.365739 0.288223 0.401059 0.540207 0.394828 0.385622 0.591976 0.46967 0.309931 0.32087 0.551666 0.471192 0.289502 0.540241 0.400987 0.901 0.363784 0.46812 1.06483 0.337204 0.63861 1.54985 0.386049 0.460018 0.346926 0.475633 1.26168 0.439929 0.401989 0.371435 0.646683 1.43927 0.681957 0.670484 0.401179 0.406941 0.531301 0.314335 0.345074 0.332699 0.318896 0.40014 0.424071 0.36034 0.519221 0.587029 0.369565 0.395395 0.411451 0.373952 0.406869 0.301563 0.708095 0.482562 1.59455 0.541008 0.436557 0.439113 0.541186 0.32924 0.676977 0.366366 1.2379 0.418743 0.47792 0.382189 0.401103 0.601655 1.37296 0.464393 1.30233 0.659746 1.49256 1.24544 0.368311 0.735769 0.465852 0.362219 0.363041 0.330568 0.360285 0.333488 0.380281 0.530069 0.406579 1.59824 0.916145 0.55354 0.542083 1.23286 0.396536 0.468327 0.400254 0.401392 1.6232 0.537216 0.540428 0.700706 0.312614 0.382973 0.295826 0.42184 0.729711 0.374541 0.316666 1.65762 1.04567 1.24027 0.399432 0.39275 0.341643 0.346098 0.543335 1.03471 0.774225 0.319816 0.314238 0.401764 0.525935 0.30075 0.400932 0.372423 0.413752 0.530248 0.322537 0.418673 0.599026 0.469917 0.625399 0.338927 0.365159 0.52025 0.412512 0.393274 0.685834 0.677545 0.316592 0.358758 0.546647 1.6043 0.347965 0.475895 0.536572 0.363875 0.291237 0.432007 0.541684 0.457561 0.407387 0.369136 0.344841 0.40001 0.389378 0.625053 0.527462 1.61673 0.454363 0.340841 0.372903 0.537547 0.512821 0.549353 0.677678 0.663789 0.533704 0.690039 0.329859 0.396388 0.512549 1.61528 0.388159 0.517853 0.353998 0.469209 0.546212 0.475189 0.900984 0.544744 0.31833 1.18132 0.341696 0.30225 0.348712 0.651141 0.391251 0.475284 0.392853 0.502412 0.401745 0.447385 0.297678 0.53537 0.905816 0.416143 0.34626 0.418554 0.40041 0.341726 0.441379 0.400018 0.348998 0.34085 0.906148 0.467836 0.391697 0.389361 0.608851 0.436468 0.57172 0.473584 0.3302 0.479883 0.326476 0.536034 1.25953 0.568179 0.31753 0.282004 0.293833 0.396444 0.356998 0.305164 1.2936 0.331421 0.510997 0.624573 0.357492 0.472878 0.421759 0.477731 1.67813 0.428552 0.330776 0.686531 0.313627 0.327371 0.397934 0.309173 0.547863 0.905686 0.398932 0.5481 0.370234 0.397374 0.296442 0.391114 1.27934 0.387043 0.531206 0.335845 0.323113 0.423206 1.59428 0.370416 0.58051 0.359172 0.397719 0.389935 1.02837 1.3137 0.921899 0.402087 0.354018 0.539836 0.506111 0.640868 0.288724 0.90726 0.559703 0.671929 0.537038 0.927718 0.664478 0.375995 0.34931 1.37998 0.686889 0.448393 0.399967 0.388455 0.450516 0.367308 0.28847 0.344365 0.355184 0.387936 1.47277 0.371985 0.29807 0.401083 0.673096 0.377314 0.5507 0.535625 1.24654 0.363368 0.348161 1.29366 0.38783 0.377484 0.466661 0.932779 0.544873 0.446295 0.901 0.375456 0.374897 0.312552 0.534518 0.341161 0.359012 0.400445 0.672847 0.85971 0.464178 0.669955 0.465008 1.25358 0.900998 0.399781 0.35855 0.402742 0.425481 1.56408 0.364462 0.318952 0.309576 0.325095 0.437833 0.378155 0.390853 1.05 0.392829
Testing:
Lab Growth Rates:
0.4 0.4 0.4
Dot Production Prediction of Lab Growth Rates:
0.396551 0.38496 0.399481
Best performance so far: 
Obj: 4.65791e-310Rho: 2.26291e-314Diff: 4.65791e-310
Anneal again with the best G and E so far as input
Cycle 2Round 1
Iter 500000 pBad 0.856244 T 0.00143487 Obj 1.0463 Rho 0 GRdif 26.5232 success 115386 failure 7355 obj_new 1.0463 SA_pAcc 1.05938 Delta -0.0402037 SA_r 0.450625 freedomratio 0.269797
Iter 1000000 pBad 0.812229 T 0.000527065 Obj 1.03247 Rho 0 GRdif 18.7251 success 228424 failure 18995 obj_new 1.03247 SA_pAcc 1.15898 Delta -0.0596794 SA_r 0.531161 freedomratio 0.26444
Iter 1500000 pBad 0.758447 T 0.000193604 Obj 1.02775 Rho 0 GRdif 16.0418 success 340764 failure 33413 obj_new 1.02775 SA_pAcc 1 Delta -0.0111639 SA_r 0.0490524 freedomratio 0.279314
Iter 2000000 pBad 0.67582 T 7.11159e-05 Obj 1.02189 Rho 0 GRdif 12.6917 success 451054 failure 52148 obj_new 1.02189 SA_pAcc 1 Delta 0.0342566 SA_r 0.626632 freedomratio 0.270171
Iter 2500000 pBad 0.534517 T 2.61227e-05 Obj 1.01937 Rho 0 GRdif 11.2436 success 557936 failure 79381 obj_new 1.01937 SA_pAcc 1 Delta 0.0202102 SA_r 0.855344 freedomratio 0.26576
Iter 3000000 pBad 0.423251 T 9.59555e-06 Obj 1.01801 Rho 0 GRdif 10.462 success 659529 failure 116716 obj_new 1.01801 SA_pAcc 0.99025 Delta -0.00886588 SA_r 0.153092 freedomratio 0.266849
Iter 3500000 pBad 0.313197 T 3.52469e-06 Obj 1.01538 Rho 0 GRdif 8.9465 success 750091 failure 175675 obj_new 1.01538 SA_pAcc 1 Delta -0.00396124 SA_r 0.98236 freedomratio 0.25668
Iter 4000000 pBad 0.245033 T 1.29471e-06 Obj 1.0109 Rho 0 GRdif 6.35537 success 831287 failure 260377 obj_new 1.0109 SA_pAcc 1 Delta 0.0197571 SA_r 0.0606966 freedomratio 0.248516
Iter 4500000 pBad 0.164743 T 4.75581e-07 Obj 1.00966 Rho 0 GRdif 5.63186 success 903918 failure 362665 obj_new 1.00966 SA_pAcc 0.043456 Delta -0.0161428 SA_r 0.102004 freedomratio 0.241949
Iter 5000000 pBad 0.10612 T 1.74693e-07 Obj 1.00889 Rho 0 GRdif 5.18731 success 962037 failure 503688 obj_new 1.00889 SA_pAcc 1.30034e-05 Delta 0.00246246 SA_r 0.32402 freedomratio 0.223068
Iter 5500000 pBad 0.0650922 T 6.41693e-08 Obj 1.00858 Rho 0 GRdif 5.00627 success 1000041 failure 700632 obj_new 1.00858 SA_pAcc 1.44172e-08 Delta 0.00313293 SA_r 0.898456 freedomratio 0.205182
Iter 6000000 pBad 0.0254999 T 2.3571e-08 Obj 1.0084 Rho 0 GRdif 4.90035 success 1026585 failure 942681 obj_new 1.0084 SA_pAcc 0.00130227 Delta 0.00165254 SA_r 0.680867 freedomratio 0.183412
Iter 6500000 pBad 0.0176987 T 8.65826e-09 Obj 1.00832 Rho 0 GRdif 4.85542 success 1043352 failure 1223371 obj_new 1.00832 SA_pAcc 0.611746 Delta 0.000353763 SA_r 0.582393 freedomratio 0.17503
Iter 7000000 pBad 0.00928945 T 3.1804e-09 Obj 1.00829 Rho 0 GRdif 4.84109 success 1055264 failure 1529982 obj_new 1.0083 SA_pAcc 0 Delta -0.00069912 SA_r 0.825239 freedomratio 0.165865
Iter 7500000 pBad 0.00581015 T 1.16824e-09 Obj 1.00826 Rho 0 GRdif 4.82162 success 1063854 failure 1853375 obj_new 1.00826 SA_pAcc 5.93995e-14 Delta 0.000531017 SA_r 0.586312 freedomratio 0.159891
Iter 8000000 pBad 0.00468704 T 4.29126e-10 Obj 1.00825 Rho 0 GRdif 4.8164 success 1069783 failure 2193246 obj_new 1.00825 SA_pAcc 0.557273 Delta 0.000220277 SA_r 0.337395 freedomratio 0.157189
Iter 8500000 pBad 0.00148707 T 1.57629e-10 Obj 1.00825 Rho 0 GRdif 4.8128 success 1075111 failure 2543531 obj_new 1.00825 SA_pAcc 1.06443e-24 Delta -8.0222e-05 SA_r 0.75615 freedomratio 0.153806
Iter 9000000 pBad 0.00214829 T 5.79012e-11 Obj 1.00824 Rho 0 GRdif 4.81124 success 1078625 failure 2901934 obj_new 1.00824 SA_pAcc 1 Delta -0.000159838 SA_r 0.739421 freedomratio 0.151578
Iter 9500000 pBad 0.00207457 T 2.12686e-11 Obj 1.00824 Rho 0 GRdif 4.81016 success 1081907 failure 3267139 obj_new 1.00824 SA_pAcc 1 Delta 0.000169181 SA_r 0.377044 freedomratio 0.148958
Good enough
iter 9.99882e+06 obj1.00824 rho 0 GRdif 4.80917
Training:
Lab Growth Rates:
0.48 0.36 0.47 0.46 0.5 0.686 1.483 0.48 1.345 0.58 0.4 0.56 0.55 0.27 0.724 0.43 0.59 0.36 0.46 0.45 0.53 0.43 0.5 0.55 0.37 1.483 0.56 0.53 0.5 0.47 0.3 0.39 0.56 0.1 0.41 0.37 0.45 0.33 0.1 0.45 0.7 0.5 1.248 0.45 0.1 0.59 0.46 0.4 0.4 0.45 0.54 0.58 0.36 0.5 0.42 0.58 0.33 0.43 0.476 0.46 1.345 0.59 0.5 1.345 0.4 1.483 0.5 0.5 1.483 0.59 0.37 0.68 0.23 0.58 0.46 1.05 0.3 0.58 0.31 0.52 0.4 0.54 0.1 0.686 0.23 0.37 0.46 0.52 0.25 0.58 0.54 0.41 0.47 0.476 0.5 0.37 0.4 0.27 0.65 0.71 0.23 1.248 0.4 0.52 0.4 0.377 0.25 0.4 0.4 0.41 0.4 0.41 1.345 0.68 0.68 1.483 0.47 1.345 0.4 0.65 1.345 0.45 0.38 0.19 0.4 1.49 0.59 0.58 0.6 0.3 0.485 0.65 0.51 0.3 0.22 0.5 1.43 0.56 0.58 0.485 0.52 0.59 0.51 1.483 0.68 0.43 0.47 0.4 0.47 0.5 0.52 0.485 0.33 0.53 0.59 0.48 0.5 0.11 1.248 0.4 0.2 0.617 0.45 0.42 1.46 0.56 0.33 0.47 0.5 0.25 0.54 0.52 0.58 0.4 0.41 0.4 0.56 0.4 0.52 1.345 0.36 0.58 1.05 0.5 0.377 0.56 0.3 0.54 0.56 0.46 0.17 0.5 0.4 0.4 0.37 0.39 0.65 0.37 0.25 0.3 0.7 0.476 0.4 0.4 1.345 0.37 0.4 0.54 0.54 0.42 0.49 0.23 0.25 0.65 0.59 0.11 0.4 0.54 0.55 0.53 0.39 0.47 0.54 0.56 0.59 0.58 0.637 0.3 0.23 0.55 0.65 0.22 0.59 0.54 0.55 0.58 0.686 0.4 0.53 0.58 0.481 0.54 0.636 0.22 0.51 0.53 0.4 0.47 0.27 0.3 0.56 0.26 0.54 0.45 0.14 0.4 0.53 0.4 0.4 0.26 0.58 0.4 0.36 0.55 0.46 0.37 0.53 0.4 0.901 0.59 0.56 1.46 0.59 0.65 0.45 0.42 0.46 0.42 0.46 0.1 0.47 0.46 0.52 0.42 1.67 0.71 0.648 0.4 0.22 0.481 0.33 0.26 0.5 0.42 0.4 0.43 0.5 0.47 0.46 0.27 0.4 0.54 0.38 0.27 0.38 0.7 0.47 0.45 0.23 0.47 0.54 0.23 0.45 0.635 0.42 1.483 0.45 0.1 0.58 0.4 0.5 1.03 0.43 1.345 0.65 1.05 1.483 0.2 0.5 0.58 0.36 0.36 0.36 0.36 0.42 0.09 0.53 0.37 1.67 0.762 0.54 0.56 1.483 0.4 0.58 0.4 0.4 0.45 0.23 0.301 0.5 0.59 0.4 0.54 0.3 0.7 0.54 0.42 1.66 1.05 1.483 0.4 0.4 0.52 0.53 0.55 1.46 0.5 0.58 0.32 0.4 0.481 0.38 0.4 0.11 0.37 0.465 0.47 0.37 0.5 0.5 0.31 0.39 0.53 0.47 0.47 0.52 0.71 0.636 0.34 0.22 0.59 0.25 0.42 0.22 0.41 0.43 0.3 0.5 0.53 0.55 0.41 0.46 0.45 0.4 0.5 0.31 0.41 1.42 0.55 0.42 0.54 0.465 0.3 0.56 0.637 0.5 0.301 0.636 0.33 0.4 0.6 1.66 0.54 0.33 0.42 0.46 0.54 0.56 0.901 0.55 0.42 1.35 0.32 0.46 0.39 0.65 0.43 0.22 0.4 0.3 0.4 0.17 0.19 0.485 0.901 0.43 0.48 0.47 0.4 0.45 0.54 0.4 0.48 0.54 0.901 0.5 0.5 0.54 0.5 0.55 0.53 0.22 0.5 0.09 0.42 0.54 1.483 0.46 0.34 0.48 0.48 0.4 0.45 0.46 1.345 0.54 0.6 0.42 0.47 0.5 0.45 0.5 0.45 0.43 0.59 0.724 0.5 0.5 0.4 0.19 0.55 0.762 0.4 0.56 0.52 0.58 0.48 0.49 1.43 0.47 0.377 0.41 0.34 0.23 1.44 0.47 0.37 0.47 0.4 0.3 1.46 1.345 0.762 0.4 0.25 0.56 0.53 0.42 0.53 0.762 0.46 0.635 0.56 1.248 0.648 0.38 0.48 1.38 0.724 0.37 0.54 0.54 0.37 0.33 0.14 0.59 0.43 0.46 1.4 0.47 0.32 0.4 0.648 0.52 0.6 0.301 1.483 0.54 0.09 1.345 0.68 0.49 0.46 1.248 0.56 0.58 0.901 0.27 0.47 0.17 0.465 0.1 0.25 0.4 0.635 0.1 0.58 0.637 0.46 0.1 0.901 0.4 0.42 0.4 0.2 0.45 0.43 0.4 0.39 0.33 0.3 0.37 0.47 1.05 0.4
Dot Production Prediction of Lab Growth Rates:
0.324333 0.40563 0.353042 0.41641 0.786457 0.689557 1.34727 0.346559 1.39435 0.282871 0.401403 0.560243 0.48901 0.271288 0.68653 0.359438 0.535106 0.324002 0.406781 0.318259 0.526158 0.377513 0.850257 0.546151 0.410526 1.34496 0.541992 0.394799 0.352779 0.327287 0.237463 0.324407 0.464882 1.72998 0.338249 0.413895 0.406513 0.471827 1.71707 0.38479 0.778189 0.780234 0.837641 1.56302 1.43669 0.535659 0.348937 0.392651 0.398657 1.50998 0.539515 0.464348 0.374551 0.556433 0.335171 0.466757 0.451569 0.420095 0.589446 0.446849 1.28995 0.555025 0.34098 1.32766 0.400377 1.35869 0.465613 0.475148 1.31338 0.398014 0.416052 0.344433 0.543145 0.339967 0.417418 1.0607 0.288114 0.471298 0.568375 0.35388 0.381225 0.330846 0.401197 0.688758 0.425416 0.373802 0.454999 0.327892 0.469946 0.475015 0.477783 0.369003 0.37598 0.594181 0.528258 0.41252 0.404995 0.327494 0.675694 0.677085 0.425355 0.83391 0.402314 0.350856 0.377695 0.586023 0.352006 0.389308 0.401934 0.370716 0.374909 0.585935 1.3401 0.33568 0.343034 1.36259 0.350005 1.33647 0.406485 0.659345 1.30319 0.376404 0.330809 0.2857 0.399692 1.56302 0.54272 0.469113 0.614655 0.239211 0.589623 0.618762 0.404178 0.63553 0.412085 0.533824 1.18952 0.47401 0.370636 0.587617 0.346159 0.541736 0.360473 1.37236 0.34497 0.318285 0.352268 0.396719 0.38871 0.56413 0.345223 0.583796 0.313795 0.386953 0.282541 0.342243 0.859899 0.332005 0.841594 0.403319 0.374318 0.611106 0.35597 0.365364 1.4481 0.466278 0.345763 0.367913 0.327471 1.01952 0.368758 0.411301 0.353126 0.392134 0.351075 0.405048 0.541994 0.392778 0.322932 1.32838 0.357193 0.364227 1.0504 0.321694 0.59242 0.534148 0.563089 0.473731 0.462273 0.349106 0.316908 0.530272 0.373728 0.3879 0.414246 0.34135 0.640518 0.411226 0.320384 0.555082 0.785684 0.591307 0.4005 0.396286 1.32821 0.404143 0.400202 0.467377 0.527956 0.292706 0.400634 0.54773 0.48091 0.676854 0.337583 0.362469 0.401918 0.549567 0.481556 0.561107 0.318365 0.338479 0.399008 0.55205 0.373106 0.362672 0.67405 0.487164 0.561075 0.534541 0.650397 0.469697 0.554424 0.531575 0.483377 0.472101 0.684699 0.40293 0.387127 0.468731 0.585911 0.294457 0.684804 0.468139 0.380848 0.29586 0.400268 0.345 0.550214 0.625858 0.555294 0.425259 0.485491 0.346189 0.309453 0.399695 0.545953 0.393453 0.383668 0.525552 0.467579 0.320828 0.332162 0.544901 0.468215 0.295917 0.564732 0.401956 0.811071 0.370788 0.46885 1.10375 0.308981 0.642285 1.48333 0.336432 0.458931 0.337897 0.422874 1.51016 0.383419 0.375329 0.383295 0.556189 1.37842 0.683574 0.678455 0.402759 0.37364 0.589125 0.327251 0.352729 0.328288 0.342381 0.402204 0.3878 0.333113 0.446148 0.523644 0.344307 0.397038 0.389978 0.38946 0.389538 0.295561 0.776591 0.433105 1.49954 0.552907 0.406935 0.460716 0.536892 0.342342 0.681379 0.352816 1.31732 0.391578 0.421161 0.404819 0.401932 0.758225 1.36441 0.425792 1.35239 0.65557 1.39259 1.32794 0.357487 0.885487 0.463472 0.368765 0.353433 0.357235 0.362625 0.353477 0.374039 0.529527 0.411743 1.51349 0.771255 0.558107 0.561375 1.28408 0.392516 0.478918 0.402519 0.401175 1.52706 0.561534 0.59609 0.852618 0.291666 0.376988 0.308571 0.360781 0.786589 0.365993 0.330641 1.55153 1.05061 1.29576 0.400074 0.379827 0.34507 0.334441 0.539833 1.04732 0.864826 0.321938 0.324247 0.404217 0.583634 0.314077 0.39958 0.345345 0.410001 0.585421 0.307214 0.41125 0.70973 0.465863 0.575402 0.338342 0.352849 0.439349 0.399222 0.361278 0.68353 0.699153 0.340564 0.365864 0.53623 1.50984 0.322434 0.473494 0.585055 0.346312 0.239339 0.406763 0.53666 0.490095 0.385037 0.352007 0.350978 0.402261 0.383137 0.599571 0.583585 1.55294 0.487072 0.346966 0.347618 0.590261 0.589125 0.546868 0.676047 0.801993 0.592077 0.692936 0.329575 0.39197 0.586967 1.54024 0.354065 0.493359 0.379562 0.464326 0.551197 0.469717 0.901859 0.546178 0.317242 1.14003 0.359863 0.309102 0.338568 0.649201 0.365801 0.477719 0.39332 0.588727 0.404074 0.393096 0.284302 0.587959 0.906684 0.376543 0.352177 0.383677 0.400278 0.355854 0.475303 0.400523 0.343845 0.36065 0.907074 0.465361 0.356519 0.36138 0.70562 0.471462 0.508634 0.477208 0.319411 0.428619 0.34771 0.532922 1.31808 0.496997 0.347856 0.291068 0.299646 0.393743 0.337151 0.320115 1.39023 0.328272 0.591531 0.537409 0.347221 0.468609 0.417923 0.471503 1.59022 0.409452 0.371025 0.687987 0.323589 0.356025 0.400842 0.291445 0.539039 0.765791 0.40058 0.546304 0.337212 0.417681 0.321411 0.385512 1.25058 0.390442 0.58709 0.316966 0.337379 0.423557 1.4786 0.38074 0.519088 0.349113 0.39828 0.350519 1.03102 1.35264 0.769796 0.40424 0.351013 0.548846 0.426789 0.560379 0.306994 0.768802 0.491669 0.679679 0.526221 0.834928 0.670415 0.377735 0.355878 1.38072 0.688991 0.401435 0.370418 0.394357 0.415566 0.351943 0.30765 0.341289 0.345556 0.369762 1.40084 0.380604 0.314572 0.400221 0.678143 0.364028 0.644274 0.594764 1.32513 0.362788 0.342854 1.34923 0.341911 0.394286 0.471946 0.838433 0.55637 0.443809 0.901233 0.364051 0.362269 0.324694 0.590544 0.317592 0.366502 0.400699 0.678689 1.00545 0.461711 0.673569 0.435419 1.44504 0.901432 0.399303 0.352228 0.40101 0.364494 1.47419 0.346911 0.326727 0.293555 0.327256 0.540677 0.361431 0.407313 1.05057 0.378189
Testing:
Lab Growth Rates:
0.4 0.4 0.4
Dot Production Prediction of Lab Growth Rates:
0.395574 0.380154 0.398863
Best performance so far: 
Obj: 4.65791e-310Rho: 6.5069e-314Diff: 4.65791e-310
Test:
 Lab Growth Rates:
0.4 0.4 0.4Dot Product Prediction of Growth Rate:
0.3955738 0.3801538 0.3988627