seed =  5 traits =  1 
Training: part  165 
Training: part  165 
Round  1 
 Goal of obj  0.99 
Temperature range:  0.015625 6.25e-13 
Cycle 1Round 1
Iter 500000 pBad 0.918872 T 0.00471981 Obj 1.18541 Rho 0 GRdif 99.6709 success 115745 failure 1682 obj_new 1.18541 SA_pAcc 1 Delta 0.0613118 SA_r 0.223269 freedomratio 0.363749
Iter 1000000 pBad 0.840691 T 0.0014257 Obj 1.08419 Rho 0 GRdif 47.3686 success 261832 failure 12327 obj_new 1.08419 SA_pAcc 1 Delta -0.0183592 SA_r 0.352292 freedomratio 0.363975
Iter 1500000 pBad 0.785196 T 0.000430656 Obj 1.0447 Rho 0 GRdif 25.6254 success 404470 failure 31240 obj_new 1.0447 SA_pAcc 1 Delta -0.0481008 SA_r 0.886956 freedomratio 0.3723
Iter 2000000 pBad 0.745832 T 0.000130087 Obj 1.02694 Rho 0 GRdif 15.5777 success 544071 failure 57030 obj_new 1.02694 SA_pAcc 1 Delta 0.0333841 SA_r 0.480908 freedomratio 0.370886
Iter 2500000 pBad 0.65196 T 3.92949e-05 Obj 1.02304 Rho 0 GRdif 13.351 success 682795 failure 84518 obj_new 1.02304 SA_pAcc 1 Delta -0.0371817 SA_r 0.807941 freedomratio 0.362848
Iter 3000000 pBad 0.488706 T 1.18697e-05 Obj 1.01839 Rho 0 GRdif 10.6791 success 819036 failure 118500 obj_new 1.01839 SA_pAcc 1.31347 Delta -0.0149295 SA_r 0.157289 freedomratio 0.355798
Iter 3500000 pBad 0.399102 T 3.58544e-06 Obj 1.01338 Rho 0 GRdif 7.79023 success 941118 failure 176950 obj_new 1.01338 SA_pAcc 1.299 Delta -0.031179 SA_r 0.19219 freedomratio 0.350688
Iter 4000000 pBad 0.298063 T 1.08304e-06 Obj 1.00935 Rho 0 GRdif 5.45474 success 1053337 failure 257346 obj_new 1.00935 SA_pAcc 1 Delta 0.000158979 SA_r 0.738302 freedomratio 0.340302
Iter 4500000 pBad 0.133991 T 3.27151e-07 Obj 1.00878 Rho 0 GRdif 5.1222 success 1135126 failure 399807 obj_new 1.00878 SA_pAcc 1 Delta 0.0127037 SA_r 0.359823 freedomratio 0.305686
Iter 5000000 pBad 0.0711672 T 9.88214e-08 Obj 1.00859 Rho 0 GRdif 5.0111 success 1187910 failure 610223 obj_new 1.00859 SA_pAcc 0.0504879 Delta -0.00369856 SA_r 0.263086 freedomratio 0.266606
Iter 5500000 pBad 0.0270337 T 2.98507e-08 Obj 1.0085 Rho 0 GRdif 4.9602 success 1219744 failure 879629 obj_new 1.0085 SA_pAcc 3.35449e-77 Delta -0.000594952 SA_r 0.716356 freedomratio 0.23254
Iter 6000000 pBad 0.0160954 T 9.0169e-09 Obj 1.00846 Rho 0 GRdif 4.93645 success 1238591 failure 1190239 obj_new 1.00846 SA_pAcc 5.30809e-57 Delta 0.00061419 SA_r 0.180461 freedomratio 0.21752
Iter 6500000 pBad 0.00887724 T 2.7237e-09 Obj 1.00845 Rho 0 GRdif 4.933 success 1248763 failure 1529949 obj_new 1.00845 SA_pAcc 0 Delta 0.000637506 SA_r 0.669867 freedomratio 0.209062
Iter 7000000 pBad 0.00439533 T 8.22741e-10 Obj 1.00844 Rho 0 GRdif 4.92643 success 1255235 failure 1885657 obj_new 1.00844 SA_pAcc 1.71622e-24 Delta -0.000311765 SA_r 0.563069 freedomratio 0.202208
Iter 7500000 pBad 0.00258616 T 2.48523e-10 Obj 1.00844 Rho 0 GRdif 4.92478 success 1258837 failure 2252236 obj_new 1.00844 SA_pAcc 1 Delta 3.17709e-05 SA_r 0.492542 freedomratio 0.19932
Iter 8000000 pBad 0.00252232 T 7.50705e-11 Obj 1.00844 Rho 0 GRdif 4.924 success 1260724 failure 2624685 obj_new 1.00844 SA_pAcc 0 Delta -0.000219135 SA_r 0.302957 freedomratio 0.198577
Iter 8500000 pBad 0.00217282 T 2.26763e-11 Obj 1.00844 Rho 0 GRdif 4.92369 success 1261914 failure 2999474 obj_new 1.00844 SA_pAcc 0 Delta 0.000190451 SA_r 0.781428 freedomratio 0.197572
Iter 9000000 pBad 0.000576271 T 6.84976e-12 Obj 1.00844 Rho 0 GRdif 5.05456 success 1262921 failure 3376069 obj_new 1.00866 SA_pAcc 0 Delta -7.4159e-07 SA_r 0.351493 freedomratio 0.196842
Iter 9500000 pBad 1.38122e-29 T 2.06908e-12 Obj 1.00844 Rho 0 GRdif 4.92302 success 1265914 failure 3746861 obj_new 1.00844 SA_pAcc 1 Delta 9.36079e-31 SA_r 0.949274 freedomratio 0.18764
Iter 10000000 pBad 4.28251e-20 T 6.25001e-13 Obj 1.00844 Rho 0 GRdif 4.95104 success 1271718 failure 4076995 obj_new 1.00848 SA_pAcc 0 Delta 3.32759e-22 SA_r 0.0962713 freedomratio 0.182839
Cannot move further
iter 9.94814e+06 obj1.00844 rho 0 GRdif 4.92296
Training:
Lab Growth Rates:
0.48 0.36 0.47 0.46 0.5 0.686 1.483 0.48 1.345 0.58 0.4 0.56 0.55 0.27 0.724 0.43 0.59 0.36 0.46 0.45 0.53 0.43 0.5 0.55 0.37 1.483 0.56 0.53 0.47 0.47 0.3 0.39 0.56 0.1 0.41 0.37 0.45 0.33 0.1 0.49 0.7 0.5 1.248 0.45 0.1 0.59 0.46 0.4 0.4 0.45 0.54 0.58 0.36 0.5 0.42 0.58 0.33 0.43 0.476 0.46 1.345 0.59 0.47 1.345 0.4 1.483 0.5 0.5 1.483 0.59 0.37 0.68 0.23 0.58 0.46 1.05 0.3 0.58 0.31 0.52 0.4 0.58 0.1 0.686 0.23 0.5 0.46 0.47 0.25 0.58 0.54 0.41 0.36 0.476 0.5 0.37 0.4 0.27 0.65 0.71 0.23 1.248 0.4 0.54 0.4 0.377 0.25 0.4 0.4 0.41 0.4 0.41 1.345 0.68 0.68 1.483 0.36 1.345 0.4 0.65 1.345 0.45 0.38 0.19 0.4 1.49 0.59 0.58 0.6 0.3 0.485 0.65 0.51 0.3 0.22 0.5 1.43 0.56 0.58 0.485 0.47 0.59 0.51 1.483 0.68 0.43 0.47 0.4 0.46 0.5 0.54 0.485 0.5 0.53 0.59 0.48 0.5 0.09 1.248 0.4 0.2 0.617 0.49 0.42 1.46 0.56 0.33 0.47 0.5 0.25 0.45 0.54 0.53 0.4 0.41 0.4 0.56 0.4 0.52 1.345 0.11 0.58 1.05 0.5 0.377 0.56 0.3 0.54 0.56 0.52 0.17 0.5 0.4 0.4 0.37 0.39 0.65 0.37 0.25 0.3 0.7 0.476 0.4 0.4 1.345 0.37 0.4 0.54 0.54 0.42 0.52 0.23 0.25 0.65 0.59 0.09 0.4 0.54 0.55 0.53 0.39 0.47 0.45 0.56 0.59 0.58 0.637 0.3 0.23 0.55 0.65 0.22 0.59 0.54 0.55 0.58 0.686 0.4 0.4 0.58 0.481 0.58 0.636 0.22 0.51 0.4 0.4 0.36 0.27 0.3 0.56 0.26 0.54 0.45 0.14 0.4 0.53 0.4 0.4 0.26 0.58 0.4 0.11 0.55 0.46 0.37 0.53 0.4 0.901 0.59 0.56 1.46 0.59 0.65 0.45 0.42 0.46 0.42 0.46 0.1 0.47 0.46 0.54 0.42 1.67 0.71 0.648 0.4 0.22 0.481 0.33 0.26 0.5 0.42 0.4 0.43 0.47 0.34 0.46 0.27 0.4 0.54 0.38 0.27 0.38 0.7 0.34 0.45 0.23 0.47 0.54 0.23 0.45 0.635 0.42 1.483 0.45 0.1 0.53 0.4 0.5 1.03 0.43 1.345 0.65 1.05 1.483 0.2 0.5 0.58 0.36 0.36 0.11 0.36 0.42 0.37 0.53 0.37 1.67 0.762 0.54 0.56 1.483 0.4 0.58 0.4 0.4 0.45 0.23 0.301 0.5 0.59 0.4 0.54 0.3 0.7 0.54 0.42 1.66 1.05 1.483 0.4 0.4 0.54 0.53 0.55 1.46 0.5 0.58 0.52 0.4 0.481 0.38 0.4 0.09 0.37 0.465 0.47 0.37 0.5 0.5 0.31 0.39 0.4 0.34 0.47 0.52 0.71 0.636 0.32 0.22 0.59 0.25 0.42 0.22 0.41 0.43 0.3 0.5 0.53 0.55 0.41 0.46 0.45 0.4 0.47 0.31 0.41 1.42 0.55 0.42 0.54 0.465 0.3 0.56 0.637 0.5 0.301 0.636 0.5 0.4 0.6 1.66 0.54 0.33 0.42 0.46 0.54 0.56 0.901 0.55 0.42 1.35 0.52 0.52 0.39 0.65 0.43 0.22 0.4 0.3 0.4 0.17 0.19 0.485 0.901 0.43 0.48 0.47 0.4 0.49 0.54 0.4 0.48 0.54 0.901 0.5 0.5 0.54 0.5 0.55 0.53 0.22 0.5 0.37 0.42 0.54 1.483 0.46 0.32 0.48 0.48 0.4 0.45 0.52 1.345 0.58 0.6 0.42 0.47 0.5 0.45 0.5 0.45 0.43 0.59 0.724 0.47 0.47 0.4 0.19 0.55 0.762 0.4 0.56 0.54 0.53 0.48 0.52 1.43 0.47 0.377 0.41 0.32 0.23 1.44 0.46 0.37 0.47 0.4 0.3 1.46 1.345 0.762 0.4 0.25 0.56 0.53 0.42 0.53 0.762 0.46 0.635 0.56 1.248 0.648 0.38 0.48 1.38 0.724 0.5 0.54 0.45 0.5 0.33 0.14 0.59 0.43 0.46 1.4 0.46 0.52 0.4 0.648 0.47 0.6 0.301 1.483 0.54 0.37 1.345 0.68 0.52 0.46 1.248 0.56 0.58 0.901 0.27 0.47 0.17 0.465 0.1 0.25 0.4 0.635 0.1 0.58 0.637 0.46 0.1 0.901 0.4 0.42 0.4 0.2 0.45 0.43 0.4 0.39 0.5 0.3 0.37 0.47 1.05 0.4
Dot Production Prediction of Lab Growth Rates:
0.299997 0.432582 0.358247 0.424613 0.702704 0.724925 1.16083 0.315727 1.21148 0.294937 0.399874 0.544659 0.464358 0.270872 0.722862 0.426631 0.545756 0.330442 0.416437 0.334997 0.531396 0.377172 0.764678 0.554355 0.424001 1.17059 0.54217 0.433913 0.415035 0.343243 0.294768 0.296747 0.461537 0.988298 0.316393 0.436012 0.405399 0.51323 1.09898 0.37236 0.698206 0.702188 1.248 1.61975 1.49869 0.542999 0.357766 0.401769 0.39995 1.57247 0.533344 0.459822 0.409358 0.543707 0.306683 0.467761 0.465601 0.421447 0.498139 0.456175 1.12353 0.552034 0.463404 1.14366 0.402432 1.17077 0.470851 0.470054 1.11284 0.394561 0.431748 0.412539 0.546212 0.358669 0.430632 1.05 0.312627 0.472246 0.55873 0.374221 0.391819 0.345853 0.442681 0.724039 0.447451 0.323164 0.457342 0.346159 0.503435 0.470335 0.453 0.388124 0.323493 0.499787 0.538087 0.427505 0.403623 0.323715 0.67336 0.71786 0.447965 1.24906 0.39767 0.293291 0.376456 0.494242 0.341552 0.394566 0.400003 0.382703 0.404304 0.497831 1.16301 0.405259 0.408665 1.14765 0.32024 1.15727 0.403008 0.651109 1.12485 0.37483 0.317787 0.313152 0.398791 1.61975 0.552473 0.470829 0.509828 0.303858 0.496174 0.627948 0.423794 0.526339 0.444196 0.544225 1.42758 0.47468 0.365138 0.496144 0.34567 0.555052 0.408742 1.15254 0.408768 0.375454 0.3611 0.39841 0.302978 0.544758 0.344821 0.493945 0.318169 0.400266 0.292703 0.324892 0.784084 0.451342 1.26203 0.399083 0.389615 0.608969 0.399174 0.384345 1.54461 0.460484 0.366241 0.343979 0.317334 0.896684 0.34279 0.372486 0.396121 0.397614 0.347146 0.399377 0.540023 0.396215 0.361329 1.16686 0.381108 0.398037 1.05381 0.306257 0.49662 0.536736 0.491446 0.466135 0.460393 0.341307 0.303731 0.534438 0.397387 0.394784 0.425219 0.287657 0.64999 0.428351 0.291061 0.481873 0.701193 0.501541 0.400327 0.399178 1.12448 0.381391 0.402045 0.463142 0.539725 0.331809 0.353233 0.544764 0.533664 0.671384 0.325324 0.370957 0.400559 0.548263 0.465965 0.551473 0.320291 0.354814 0.320976 0.54804 0.371849 0.352397 0.712418 0.405166 0.543885 0.547559 0.649588 0.478901 0.552946 0.54029 0.462854 0.472783 0.723182 0.402146 0.392933 0.470744 0.494865 0.345374 0.724869 0.473704 0.39028 0.39146 0.400636 0.347596 0.60648 0.522677 0.547048 0.450987 0.460883 0.370786 0.140002 0.4013 0.539127 0.401605 0.392751 0.556034 0.467082 0.305613 0.327653 0.555871 0.463471 0.30781 0.547302 0.401057 1.21678 0.333151 0.462154 0.978414 0.32936 0.635141 1.59315 0.354478 0.46 0.33758 0.453542 0.890764 0.456314 0.401216 0.32251 0.584996 1.4808 0.725165 0.716862 0.4031 0.3971 0.494986 0.311034 0.351929 0.326863 0.309302 0.402033 0.402027 0.48211 0.329522 0.548784 0.354846 0.400134 0.398054 0.344563 0.371959 0.322669 0.699503 0.315125 1.56053 0.543115 0.444432 0.458622 0.54453 0.311464 0.722105 0.351688 1.13486 0.397586 0.444699 0.324154 0.401129 0.669216 1.4195 0.451168 1.15327 0.658324 1.61155 1.11597 0.348766 0.786727 0.458859 0.370491 0.347515 0.365592 0.354366 0.327728 0.432848 0.528367 0.422416 1.59958 1.40406 0.544308 0.546405 1.10651 0.394284 0.474212 0.399865 0.402856 1.5961 0.544712 0.496812 0.764573 0.326367 0.399344 0.304203 0.392566 0.705573 0.3713 0.323943 1.66 0.996124 1.12859 0.400943 0.390515 0.346418 0.337465 0.549982 1.0154 0.812592 0.305215 0.403012 0.400377 0.494011 0.320897 0.401431 0.33754 0.437488 0.496182 0.32521 0.439897 0.69573 0.466118 0.561905 0.362065 0.390739 0.310544 0.395797 0.389181 0.720809 0.719935 0.281504 0.35509 0.545854 1.59391 0.318736 0.48004 0.49719 0.374651 0.301384 0.404452 0.526547 0.456568 0.387778 0.36437 0.323595 0.392391 0.398269 0.58265 0.496651 1.63862 0.468508 0.332742 0.367159 0.499185 0.491941 0.547515 0.714288 0.741067 0.496026 0.727507 0.372434 0.402168 0.513712 1.65251 0.391586 0.508897 0.344239 0.462954 0.535069 0.468593 0.895642 0.549287 0.313657 1.33473 0.365226 0.366036 0.31514 0.648333 0.383882 0.466905 0.395693 0.508849 0.401585 0.437914 0.327851 0.497652 0.898773 0.39002 0.341231 0.39462 0.402059 0.359477 0.455446 0.401986 0.328832 0.338022 0.90146 0.469451 0.384955 0.370815 0.660836 0.449933 0.514182 0.468207 0.330594 0.409174 0.333029 0.540008 1.12047 0.529024 0.320612 0.297659 0.288706 0.398479 0.349434 0.402985 1.19895 0.367826 0.504544 0.567564 0.356689 0.468787 0.399357 0.479528 1.6484 0.423535 0.311924 0.723232 0.47162 0.382158 0.400577 0.320032 0.550385 1.38736 0.401822 0.544466 0.361131 0.349486 0.298785 0.37711 1.44827 0.377091 0.495179 0.358673 0.33515 0.449288 1.59662 0.287106 0.550612 0.3555 0.398977 0.354025 1.01466 1.17554 1.39683 0.397823 0.348088 0.545326 0.481413 0.572873 0.269639 1.40064 0.522 0.72079 0.536894 1.2426 0.711832 0.364625 0.357874 1.35551 0.723972 0.353794 0.382887 0.313506 0.348878 0.364198 0.139685 0.309156 0.35612 0.366184 1.48286 0.319707 0.401729 0.400501 0.71806 0.336124 0.518671 0.497303 1.13286 0.370345 0.449367 1.15675 0.409911 0.337832 0.464523 1.24506 0.548378 0.456851 0.901 0.354558 0.370128 0.298637 0.496689 0.364989 0.344272 0.40001 0.720758 0.921819 0.460352 0.711541 0.434466 0.904278 0.896835 0.399893 0.349389 0.402062 0.400749 1.5606 0.368408 0.322112 0.331719 0.315962 0.469025 0.384033 0.375962 1.05 0.389419
Testing:
Lab Growth Rates:
0.33 0.33 0.33
Dot Production Prediction of Lab Growth Rates:
0.312023 0.35583 0.329019
Best performance so far: 
Obj: 4.68392e-310Rho: 2.26291e-314Diff: 4.68392e-310
Anneal again with the best G and E so far as input
Cycle 2Round 1
Iter 500000 pBad 0.931993 T 0.00471981 Obj 1.20079 Rho 0 GRdif 107.226 success 72599 failure 977 obj_new 1.20079 SA_pAcc 1 Delta -0.0340445 SA_r 0.434757 freedomratio 0.26697
Iter 1000000 pBad 0.83404 T 0.0014257 Obj 1.14092 Rho 0 GRdif 77.2534 success 160705 failure 5907 obj_new 1.14092 SA_pAcc 1.03497 Delta -0.0155922 SA_r 0.344639 freedomratio 0.264083
Iter 1500000 pBad 0.745614 T 0.000430656 Obj 1.05887 Rho 0 GRdif 33.5219 success 268471 failure 25490 obj_new 1.05887 SA_pAcc 1.15709 Delta -0.0284449 SA_r 0.673163 freedomratio 0.264799
Iter 2000000 pBad 0.650236 T 0.000130087 Obj 1.03029 Rho 0 GRdif 17.4862 success 372521 failure 52694 obj_new 1.03029 SA_pAcc 1 Delta 0.0440262 SA_r 0.85601 freedomratio 0.260908
Iter 2500000 pBad 0.568618 T 3.92949e-05 Obj 1.02295 Rho 0 GRdif 13.2944 success 473874 failure 86859 obj_new 1.02295 SA_pAcc 0.866783 Delta 0.0196451 SA_r 0.139267 freedomratio 0.264321
Iter 3000000 pBad 0.457153 T 1.18697e-05 Obj 1.01851 Rho 0 GRdif 10.745 success 572669 failure 129141 obj_new 1.01851 SA_pAcc 1 Delta -0.0382245 SA_r 0.694438 freedomratio 0.260329
Iter 3500000 pBad 0.386508 T 3.58544e-06 Obj 1.01534 Rho 0 GRdif 8.92305 success 666014 failure 179492 obj_new 1.01534 SA_pAcc 1.0238 Delta -0.00285635 SA_r 0.232016 freedomratio 0.257923
Iter 4000000 pBad 0.230945 T 1.08304e-06 Obj 1.01281 Rho 0 GRdif 7.45723 success 748046 failure 254372 obj_new 1.01281 SA_pAcc 1 Delta 0.00893259 SA_r 0.0642785 freedomratio 0.239184
Iter 4500000 pBad 0.137898 T 3.27151e-07 Obj 1.01144 Rho 0 GRdif 6.68803 success 817308 failure 362480 obj_new 1.01148 SA_pAcc 4.30854e-45 Delta -0.00811583 SA_r 0.451939 freedomratio 0.231164
Iter 5000000 pBad 0.0902914 T 9.88214e-08 Obj 1.01066 Rho 0 GRdif 6.21567 success 870546 failure 512838 obj_new 1.01066 SA_pAcc 1 Delta 0.00584562 SA_r 0.334705 freedomratio 0.212319
Iter 5500000 pBad 0.0551398 T 2.98507e-08 Obj 1.0102 Rho 0 GRdif 5.94911 success 907617 failure 716751 obj_new 1.0102 SA_pAcc 1 Delta 0.00397485 SA_r 0.619292 freedomratio 0.191378
Iter 6000000 pBad 0.0163842 T 9.0169e-09 Obj 1.00997 Rho 0 GRdif 5.81247 success 931651 failure 972922 obj_new 1.00997 SA_pAcc 0.0311462 Delta 0.000656955 SA_r 0.953617 freedomratio 0.172201
Iter 6500000 pBad 0.0135277 T 2.7237e-09 Obj 1.00985 Rho 0 GRdif 5.74844 success 946640 failure 1270557 obj_new 1.00986 SA_pAcc 0 Delta 0.000255953 SA_r 0.596053 freedomratio 0.162552
Iter 7000000 pBad 0.00580357 T 8.22741e-10 Obj 1.00979 Rho 0 GRdif 5.71152 success 957159 failure 1593384 obj_new 1.00979 SA_pAcc 5.79172e-76 Delta -1.861e-05 SA_r 0.173175 freedomratio 0.155685
Iter 7500000 pBad 0.00230152 T 2.48523e-10 Obj 1.00976 Rho 0 GRdif 5.68972 success 964288 failure 1936753 obj_new 1.00976 SA_pAcc 1 Delta 0.000201314 SA_r 0.860261 freedomratio 0.150411
Iter 8000000 pBad 0.00242933 T 7.50705e-11 Obj 1.00974 Rho 0 GRdif 5.68037 success 969734 failure 2292135 obj_new 1.00974 SA_pAcc 0 Delta 0.000162239 SA_r 0.37264 freedomratio 0.147533
Iter 8500000 pBad 0.00123023 T 2.26763e-11 Obj 1.00973 Rho 0 GRdif 5.67416 success 975284 failure 2657556 obj_new 1.00973 SA_pAcc 1.13261e-18 Delta -8.18785e-05 SA_r 0.477767 freedomratio 0.143945
Iter 9000000 pBad 0.00072531 T 6.84976e-12 Obj 1.00972 Rho 0 GRdif 5.67036 success 980018 failure 3031091 obj_new 1.00972 SA_pAcc 1 Delta 2.18761e-05 SA_r 0.80613 freedomratio 0.142337
Iter 9500000 pBad 0.000633299 T 2.06908e-12 Obj 1.00972 Rho 0 GRdif 5.66831 success 985335 failure 3410895 obj_new 1.00972 SA_pAcc 1 Delta 1.77421e-05 SA_r 0.580441 freedomratio 0.138502
Good enough
iter 9.99652e+06 obj1.00972 rho 0 GRdif 5.667
Training:
Lab Growth Rates:
0.48 0.36 0.47 0.46 0.5 0.686 1.483 0.48 1.345 0.58 0.4 0.56 0.55 0.27 0.724 0.43 0.59 0.36 0.46 0.45 0.53 0.43 0.5 0.55 0.37 1.483 0.56 0.53 0.47 0.47 0.3 0.39 0.56 0.1 0.41 0.37 0.45 0.33 0.1 0.49 0.7 0.5 1.248 0.45 0.1 0.59 0.46 0.4 0.4 0.45 0.54 0.58 0.36 0.5 0.42 0.58 0.33 0.43 0.476 0.46 1.345 0.59 0.47 1.345 0.4 1.483 0.5 0.5 1.483 0.59 0.37 0.68 0.23 0.58 0.46 1.05 0.3 0.58 0.31 0.52 0.4 0.58 0.1 0.686 0.23 0.5 0.46 0.47 0.25 0.58 0.54 0.41 0.36 0.476 0.5 0.37 0.4 0.27 0.65 0.71 0.23 1.248 0.4 0.54 0.4 0.377 0.25 0.4 0.4 0.41 0.4 0.41 1.345 0.68 0.68 1.483 0.36 1.345 0.4 0.65 1.345 0.45 0.38 0.19 0.4 1.49 0.59 0.58 0.6 0.3 0.485 0.65 0.51 0.3 0.22 0.5 1.43 0.56 0.58 0.485 0.47 0.59 0.51 1.483 0.68 0.43 0.47 0.4 0.46 0.5 0.54 0.485 0.5 0.53 0.59 0.48 0.5 0.09 1.248 0.4 0.2 0.617 0.49 0.42 1.46 0.56 0.33 0.47 0.5 0.25 0.45 0.54 0.53 0.4 0.41 0.4 0.56 0.4 0.52 1.345 0.11 0.58 1.05 0.5 0.377 0.56 0.3 0.54 0.56 0.52 0.17 0.5 0.4 0.4 0.37 0.39 0.65 0.37 0.25 0.3 0.7 0.476 0.4 0.4 1.345 0.37 0.4 0.54 0.54 0.42 0.52 0.23 0.25 0.65 0.59 0.09 0.4 0.54 0.55 0.53 0.39 0.47 0.45 0.56 0.59 0.58 0.637 0.3 0.23 0.55 0.65 0.22 0.59 0.54 0.55 0.58 0.686 0.4 0.4 0.58 0.481 0.58 0.636 0.22 0.51 0.4 0.4 0.36 0.27 0.3 0.56 0.26 0.54 0.45 0.14 0.4 0.53 0.4 0.4 0.26 0.58 0.4 0.11 0.55 0.46 0.37 0.53 0.4 0.901 0.59 0.56 1.46 0.59 0.65 0.45 0.42 0.46 0.42 0.46 0.1 0.47 0.46 0.54 0.42 1.67 0.71 0.648 0.4 0.22 0.481 0.33 0.26 0.5 0.42 0.4 0.43 0.47 0.34 0.46 0.27 0.4 0.54 0.38 0.27 0.38 0.7 0.34 0.45 0.23 0.47 0.54 0.23 0.45 0.635 0.42 1.483 0.45 0.1 0.53 0.4 0.5 1.03 0.43 1.345 0.65 1.05 1.483 0.2 0.5 0.58 0.36 0.36 0.11 0.36 0.42 0.37 0.53 0.37 1.67 0.762 0.54 0.56 1.483 0.4 0.58 0.4 0.4 0.45 0.23 0.301 0.5 0.59 0.4 0.54 0.3 0.7 0.54 0.42 1.66 1.05 1.483 0.4 0.4 0.54 0.53 0.55 1.46 0.5 0.58 0.52 0.4 0.481 0.38 0.4 0.09 0.37 0.465 0.47 0.37 0.5 0.5 0.31 0.39 0.4 0.34 0.47 0.52 0.71 0.636 0.32 0.22 0.59 0.25 0.42 0.22 0.41 0.43 0.3 0.5 0.53 0.55 0.41 0.46 0.45 0.4 0.47 0.31 0.41 1.42 0.55 0.42 0.54 0.465 0.3 0.56 0.637 0.5 0.301 0.636 0.5 0.4 0.6 1.66 0.54 0.33 0.42 0.46 0.54 0.56 0.901 0.55 0.42 1.35 0.52 0.52 0.39 0.65 0.43 0.22 0.4 0.3 0.4 0.17 0.19 0.485 0.901 0.43 0.48 0.47 0.4 0.49 0.54 0.4 0.48 0.54 0.901 0.5 0.5 0.54 0.5 0.55 0.53 0.22 0.5 0.37 0.42 0.54 1.483 0.46 0.32 0.48 0.48 0.4 0.45 0.52 1.345 0.58 0.6 0.42 0.47 0.5 0.45 0.5 0.45 0.43 0.59 0.724 0.47 0.47 0.4 0.19 0.55 0.762 0.4 0.56 0.54 0.53 0.48 0.52 1.43 0.47 0.377 0.41 0.32 0.23 1.44 0.46 0.37 0.47 0.4 0.3 1.46 1.345 0.762 0.4 0.25 0.56 0.53 0.42 0.53 0.762 0.46 0.635 0.56 1.248 0.648 0.38 0.48 1.38 0.724 0.5 0.54 0.45 0.5 0.33 0.14 0.59 0.43 0.46 1.4 0.46 0.52 0.4 0.648 0.47 0.6 0.301 1.483 0.54 0.37 1.345 0.68 0.52 0.46 1.248 0.56 0.58 0.901 0.27 0.47 0.17 0.465 0.1 0.25 0.4 0.635 0.1 0.58 0.637 0.46 0.1 0.901 0.4 0.42 0.4 0.2 0.45 0.43 0.4 0.39 0.5 0.3 0.37 0.47 1.05 0.4
Dot Production Prediction of Lab Growth Rates:
0.319121 0.408136 0.392571 0.433042 0.508768 0.714424 0.837305 0.324876 0.871773 0.319744 0.373345 0.533572 0.44756 0.315757 0.712319 0.40132 0.542639 0.350058 0.405349 0.345843 0.536525 0.3867 0.544958 0.553785 0.426091 0.818582 0.544217 0.414136 0.401134 0.359364 0.225517 0.31556 0.472052 1.232 0.32243 0.442081 0.415317 0.477142 1.3743 0.367371 0.685934 0.492 1.21729 1.53651 1.39507 0.541498 0.354458 0.374693 0.318848 1.4672 0.539771 0.473157 0.406418 0.54577 0.307939 0.470802 0.42113 0.431485 0.503807 0.455095 0.833987 0.547835 0.434008 0.812703 0.321012 0.830337 0.475655 0.479258 0.810515 0.388892 0.432324 0.421569 0.534557 0.360177 0.406215 1.0558 0.354969 0.477073 0.516711 0.390877 0.310908 0.346754 0.436592 0.715776 0.443714 0.344679 0.462976 0.357593 0.48411 0.473839 0.441048 0.389316 0.341098 0.505237 0.528804 0.429078 0.33891 0.353718 0.642346 0.709478 0.443547 1.22167 0.316544 0.322834 0.397251 0.501195 0.362577 0.37075 0.374379 0.376759 0.32099 0.501365 0.827032 0.417986 0.419665 0.815589 0.340664 0.843537 0.321298 0.745334 0.805027 0.375121 0.33787 0.343981 0.336637 1.53651 0.544429 0.471956 0.461052 0.231105 0.495829 0.717335 0.410219 0.472628 0.426521 0.53793 1.12035 0.477469 0.367388 0.504101 0.352609 0.544457 0.402662 0.832046 0.421167 0.371815 0.359859 0.318135 0.310014 0.535913 0.359469 0.496337 0.345368 0.391245 0.325046 0.347559 0.541683 0.43107 1.23334 0.372592 0.396335 0.583895 0.383886 0.386548 1.48612 0.477156 0.363851 0.359213 0.339548 0.605703 0.359113 0.384993 0.406681 0.315578 0.351663 0.317503 0.542552 0.334091 0.372809 0.845315 0.377519 0.385263 1.05254 0.333425 0.50174 0.536528 0.433522 0.455802 0.471597 0.35944 0.349102 0.528973 0.315519 0.314399 0.426336 0.29796 0.612932 0.42842 0.327577 0.444071 0.691825 0.507558 0.317766 0.318634 0.798426 0.399665 0.375354 0.456436 0.531016 0.344048 0.377482 0.530197 0.504664 0.634593 0.344318 0.378251 0.32004 0.545498 0.45056 0.546748 0.336974 0.361906 0.340093 0.535899 0.375359 0.367164 0.704008 0.372528 0.526085 0.541993 0.654276 0.465759 0.547923 0.535036 0.448089 0.474341 0.713252 0.319732 0.336558 0.471377 0.500259 0.363578 0.710592 0.459036 0.388964 0.333396 0.337483 0.351487 0.543097 0.477561 0.536717 0.438666 0.440521 0.384245 0.163623 0.319847 0.532392 0.31953 0.313415 0.515494 0.468189 0.335744 0.342998 0.556697 0.461911 0.316323 0.531778 0.319336 1.1708 0.346573 0.473845 1.03065 0.353401 0.645848 1.45195 0.374147 0.460008 0.359539 0.431378 1.12284 0.431805 0.391786 0.346731 0.544253 1.48431 0.712306 0.70316 0.32069 0.385847 0.50216 0.33505 0.358528 0.340144 0.310585 0.338729 0.414272 0.459803 0.340208 0.498273 0.384852 0.318736 0.402752 0.371831 0.389448 0.340599 0.686639 0.322836 1.46962 0.533608 0.418286 0.447902 0.536648 0.316228 0.704626 0.348513 0.79432 0.394244 0.439557 0.336722 0.319112 0.482216 1.38937 0.438682 0.846561 0.66522 1.49236 0.786138 0.367714 0.551476 0.472059 0.373356 0.35977 0.373312 0.362454 0.351233 0.404414 0.531351 0.423695 1.48236 1.34552 0.54218 0.532499 0.815451 0.336084 0.479044 0.319899 0.37763 1.49403 0.533063 0.502625 0.533678 0.337449 0.316424 0.334765 0.411588 0.687186 0.374851 0.343822 1.58293 1.03434 0.803208 0.318998 0.310877 0.361727 0.348287 0.542702 1.02613 0.554555 0.339051 0.401305 0.320684 0.499211 0.323976 0.319161 0.347964 0.44312 0.504932 0.350567 0.443241 0.502322 0.469288 0.518609 0.3574 0.333859 0.321515 0.412096 0.385603 0.71142 0.705546 0.324109 0.363506 0.542285 1.48495 0.340223 0.464078 0.500977 0.378023 0.225083 0.398601 0.534477 0.445776 0.381532 0.35829 0.322419 0.313844 0.407275 0.522324 0.498981 1.50836 0.452974 0.352025 0.383843 0.506965 0.444777 0.541818 0.706469 0.523913 0.500922 0.710664 0.377962 0.319439 0.457183 1.5429 0.386555 0.449972 0.363968 0.459866 0.534588 0.475948 0.900583 0.545799 0.319095 1.06456 0.364793 0.372898 0.330778 0.738965 0.369254 0.465959 0.314619 0.456928 0.320261 0.408933 0.352374 0.507175 0.902775 0.409223 0.348166 0.394758 0.319983 0.373438 0.437553 0.318217 0.354332 0.349996 0.901 0.475262 0.383743 0.398277 0.50369 0.43395 0.498451 0.46967 0.346163 0.393869 0.352368 0.536739 0.829646 0.488016 0.334555 0.312233 0.314932 0.316474 0.363432 0.372215 0.847808 0.374176 0.453405 0.532833 0.36347 0.472855 0.398648 0.477832 1.52459 0.42309 0.339457 0.71513 0.448855 0.374327 0.317685 0.346497 0.550012 1.33337 0.375458 0.545536 0.385897 0.367235 0.298031 0.385134 1.1302 0.388811 0.501284 0.367712 0.362485 0.442725 1.51124 0.296358 0.505434 0.360886 0.372949 0.382577 1.02463 0.850715 1.3485 0.315181 0.371559 0.540113 0.462275 0.53519 0.282691 1.34034 0.476929 0.699428 0.535268 1.21725 0.695714 0.377695 0.361576 1.38 0.714625 0.370453 0.397715 0.343463 0.364069 0.366148 0.164325 0.313822 0.35635 0.370544 1.50828 0.346126 0.393192 0.31963 0.702351 0.381812 0.467826 0.501038 0.81146 0.373105 0.428527 0.830138 0.420219 0.355471 0.464336 1.22523 0.538641 0.457073 0.90089 0.362938 0.372445 0.345538 0.507908 0.36178 0.369731 0.317142 0.705509 0.617273 0.470726 0.702353 0.432505 1.14903 0.916762 0.31823 0.359475 0.319496 0.407597 1.44769 0.363445 0.341152 0.340264 0.336746 0.403685 0.401577 0.387421 1.05 0.310173
Testing:
Lab Growth Rates:
0.33 0.33 0.33
Dot Production Prediction of Lab Growth Rates:
0.328963 0.366338 0.334893
Best performance so far: 
Obj: 4.68392e-310Rho: 6.5069e-314Diff: 4.68392e-310
Test:
 Lab Growth Rates:
0.33 0.33 0.33Dot Product Prediction of Growth Rate:
0.3289631 0.3663376 0.3348928