seed =  5 traits =  1 
Training: part  152 
Training: part  152 
Round  1 
 Goal of obj  0.99 
Temperature range:  0.00390625 1.5625e-12 
Cycle 1Round 1
Iter 500000 pBad 0.852431 T 0.00132393 Obj 1.06489 Rho 0 GRdif 36.8441 success 146323 failure 10205 obj_new 1.06489 SA_pAcc 1 Delta 0.0787861 SA_r 0.375522 freedomratio 0.377091
Iter 1000000 pBad 0.802265 T 0.000448711 Obj 1.04713 Rho 0 GRdif 27.014 success 290001 failure 26400 obj_new 1.04718 SA_pAcc 0.907411 Delta 0.00838397 SA_r 0.988009 freedomratio 0.362848
Iter 1500000 pBad 0.734122 T 0.000152079 Obj 1.03139 Rho 0 GRdif 18.1106 success 432117 failure 47760 obj_new 1.03139 SA_pAcc 1.40704 Delta -0.0699168 SA_r 0.947545 freedomratio 0.365565
Iter 2000000 pBad 0.638963 T 5.15434e-05 Obj 1.0226 Rho 0 GRdif 13.0944 success 569090 failure 78372 obj_new 1.0226 SA_pAcc 1 Delta 0.0221023 SA_r 0.443607 freedomratio 0.355798
Iter 2500000 pBad 0.581543 T 1.74693e-05 Obj 1.01854 Rho 0 GRdif 10.7653 success 701854 failure 117329 obj_new 1.01854 SA_pAcc 1 Delta 0.0159624 SA_r 0.275378 freedomratio 0.355583
Iter 3000000 pBad 0.466552 T 5.92078e-06 Obj 1.0153 Rho 0 GRdif 8.89678 success 833689 failure 158101 obj_new 1.0153 SA_pAcc 1.17099 Delta -0.0166561 SA_r 0.71766 freedomratio 0.35973
Iter 3500000 pBad 0.315515 T 2.0067e-06 Obj 1.01219 Rho 0 GRdif 7.10153 success 952008 failure 224714 obj_new 1.01219 SA_pAcc 0.479728 Delta -0.000828528 SA_r 0.460516 freedomratio 0.353012
Iter 4000000 pBad 0.188573 T 6.80119e-07 Obj 1.01119 Rho 0 GRdif 6.5231 success 1046239 failure 340319 obj_new 1.01119 SA_pAcc 0.00502684 Delta 0.0180039 SA_r 0.522874 freedomratio 0.316244
Iter 4500000 pBad 0.10829 T 2.30509e-07 Obj 1.01044 Rho 0 GRdif 6.08771 success 1117989 failure 505065 obj_new 1.01044 SA_pAcc 0.00198896 Delta -0.00257826 SA_r 0.00465134 freedomratio 0.291687
Iter 5000000 pBad 0.0568514 T 7.81252e-08 Obj 1.01012 Rho 0 GRdif 5.90159 success 1163293 failure 734420 obj_new 1.01012 SA_pAcc 0.00716775 Delta -0.00550435 SA_r 0.0699254 freedomratio 0.25346
Iter 5500000 pBad 0.0318765 T 2.64785e-08 Obj 1.00997 Rho 0 GRdif 5.81644 success 1192282 failure 1010854 obj_new 1.00998 SA_pAcc 1.05801e-38 Delta -0.000593369 SA_r 0.195371 freedomratio 0.236195
Iter 6000000 pBad 0.0244282 T 8.97423e-09 Obj 1.00991 Rho 0 GRdif 5.77997 success 1210504 failure 1323731 obj_new 1.00991 SA_pAcc 0.0445185 Delta 0.000799039 SA_r 0.807 freedomratio 0.218331
Iter 6500000 pBad 0.0115221 T 3.04159e-09 Obj 1.00989 Rho 0 GRdif 5.76598 success 1221957 failure 1663561 obj_new 1.00989 SA_pAcc 0 Delta -0.000842289 SA_r 0.85166 freedomratio 0.204466
Iter 7000000 pBad 0.00631526 T 1.03087e-09 Obj 1.00987 Rho 0 GRdif 5.75488 success 1228950 failure 2020472 obj_new 1.00987 SA_pAcc 9.18954e-190 Delta 0.000184628 SA_r 0.532009 freedomratio 0.201029
Iter 7500000 pBad 0.00382564 T 3.49386e-10 Obj 1.00986 Rho 0 GRdif 5.75787 success 1233533 failure 2389950 obj_new 1.00987 SA_pAcc 0 Delta -2.27328e-05 SA_r 0.432126 freedomratio 0.196842
Iter 8000000 pBad 0.00168556 T 1.18416e-10 Obj 1.00986 Rho 0 GRdif 5.77128 success 1236510 failure 2766470 obj_new 1.0099 SA_pAcc 0 Delta 0.000119058 SA_r 0.21419 freedomratio 0.1927
Iter 8500000 pBad 0.00213037 T 4.0134e-11 Obj 1.00986 Rho 0 GRdif 5.74685 success 1238935 failure 3148897 obj_new 1.00986 SA_pAcc 7.49587e-298 Delta -0.000199489 SA_r 0.812658 freedomratio 0.190693
Iter 9000000 pBad 0.00121163 T 1.36024e-11 Obj 1.00985 Rho 0 GRdif 5.74607 success 1240979 failure 3534484 obj_new 1.00985 SA_pAcc 0 Delta 7.02922e-05 SA_r 0.18354 freedomratio 0.188303
Iter 9500000 pBad 0.000198136 T 4.61018e-12 Obj 1.00985 Rho 0 GRdif 5.74547 success 1242846 failure 3924073 obj_new 1.00985 SA_pAcc 0 Delta -1.12595e-05 SA_r 0.581465 freedomratio 0.186032
Iter 10000000 pBad 0.000717752 T 1.5625e-12 Obj 1.00985 Rho 0 GRdif 5.74738 success 1244961 failure 4315371 obj_new 1.00986 SA_pAcc 0 Delta -5.04521e-06 SA_r 0.49129 freedomratio 0.184045
Cannot move further
iter 1e+07 obj1.00985 rho 0 GRdif 5.74515
Training:
Lab Growth Rates:
0.25 0.485 0.55 0.1 0.46 0.09 0.59 0.476 0.58 0.54 1.05 0.4 0.4 0.52 0.45 0.65 0.42 0.47 0.4 0.6 1.49 0.26 0.4 0.3 0.54 1.67 0.49 0.65 0.47 0.43 0.33 0.5 0.22 0.47 0.46 0.52 0.59 1.483 0.54 0.33 0.17 0.56 0.3 0.46 0.724 0.54 1.483 0.58 0.3 0.59 0.4 0.58 0.11 0.45 0.47 0.47 0.34 0.6 0.4 0.4 0.45 0.4 0.47 0.53 0.42 0.42 0.65 0.46 0.4 1.345 0.59 0.5 0.4 0.46 0.53 0.17 0.4 0.3 0.23 0.31 0.4 0.5 0.2 0.33 0.47 0.52 0.724 0.52 0.48 0.23 0.5 0.22 0.54 0.42 0.45 0.48 0.27 0.42 0.5 1.345 1.345 1.345 0.724 1.483 0.39 0.1 0.23 0.45 1.248 0.22 0.39 0.49 0.59 0.53 0.59 0.45 0.56 0.901 0.54 0.54 0.27 0.6 1.483 0.55 0.4 0.36 0.1 0.42 0.46 0.56 0.4 0.4 0.27 0.53 0.3 0.4 1.05 0.37 0.47 0.48 0.54 1.483 1.35 0.45 0.4 0.42 0.14 0.34 0.39 0.47 0.3 0.636 0.52 0.301 0.46 0.46 0.56 0.4 0.1 0.55 0.53 0.476 0.39 0.43 0.48 0.25 0.19 0.42 1.46 0.37 0.41 0.54 0.53 0.465 0.4 0.58 0.4 0.47 0.58 0.31 0.5 0.4 0.4 0.27 0.59 0.09 0.301 0.51 0.4 1.43 0.33 0.54 0.45 0.48 0.5 0.47 1.483 1.345 0.37 0.481 0.36 1.46 0.901 0.5 0.4 0.55 0.3 1.248 0.58 0.4 0.59 0.48 0.5 0.45 0.5 0.635 0.65 0.68 0.58 0.39 0.4 0.41 0.42 0.55 0.377 0.58 0.54 0.762 0.762 0.5 0.3 0.4 0.465 0.55 0.1 0.54 1.66 0.37 0.4 0.45 0.43 0.53 0.37 0.56 0.7 0.617 0.37 0.58 0.4 0.5 0.47 0.38 0.32 0.637 0.47 1.483 0.37 0.37 1.345 0.38 0.54 0.5 0.22 0.32 0.5 0.26 0.41 0.33 0.4 0.53 0.38 0.37 0.762 0.45 0.54 0.59 0.41 0.43 0.58 0.51 0.25 0.59 0.485 0.46 0.32 0.65 0.4 0.36 0.42 0.52 0.46 0.4 0.38 0.52 0.635 0.53 0.47 0.25 0.4 0.4 0.59 0.59 0.4 0.4 0.4 0.58 0.53 0.42 0.31 0.648 0.46 0.47 0.4 0.47 0.54 0.54 0.37 1.483 0.59 0.54 0.26 1.483 0.49 0.5 0.47 0.4 0.47 0.71 0.33 0.23 0.4 0.56 0.25 1.483 0.23 0.54 0.7 0.45 0.52 0.55 0.34 0.37 0.23 0.648 0.47 0.7 0.5 0.51 0.36 0.22 0.5 0.5 0.762 0.5 0.47 1.43 0.48 0.56 1.483 1.67 0.25 1.05 1.345 0.56 0.56 0.4 0.4 0.54 1.345 0.5 0.5 0.42 0.56 0.27 0.45 0.11 0.5 0.485 0.68 0.4 0.17 0.4 1.42 0.58 0.43 0.37 0.47 0.54 0.37 0.14 1.05 0.33 0.3 0.47 0.71 0.19 0.43 0.2 0.48 0.4 0.3 0.377 1.44 0.4 0.55 0.42 0.41 1.483 0.65 0.5 1.345 0.53 1.38 1.05 1.4 0.465 0.22 0.5 0.43 0.65 0.43 0.39 0.33 1.248 0.45 1.248 0.58 0.43 0.54 0.5 0.41 0.5 0.56 0.42 0.37 0.53 0.1 0.2 0.53 0.33 0.5 0.52 0.71 0.52 0.485 0.43 0.481 0.56 0.37 0.3 0.42 0.56 0.46 0.38 0.46 0.53 0.23 0.6 1.66 0.4 0.7 0.43 0.54 0.5 0.58 0.41 0.54 0.45 0.58 0.54 0.686 0.901 0.3 1.46 0.5 0.4 0.52 0.5 0.55 0.37 0.4 0.52 0.43 0.59 0.54 0.4 0.1 0.901 0.901 0.58 0.4 0.65 0.42 0.54 0.3 0.45 0.56 0.686 0.25 0.59 0.68 0.11 0.377 0.45 0.637 0.5 0.58 0.56 1.345 1.345 1.345 0.4 0.5 0.56 0.36 0.42 0.4 0.3 0.56 0.22 0.1 0.648 0.5 0.25 0.48 0.41 0.41 0.637 1.248 0.42 0.4 0.46 0.36 0.481 0.56 0.4 0.59 1.03 0.65 0.68 0.58 0.55 0.45 0.55 0.46 0.636 0.09 0.53 0.301 0.46 0.68 0.36 0.4 0.23 0.45 0.19 1.46 0.4 0.58 0.47 0.58 0.27 0.476 0.4 0.22 0.636 0.5 0.4 0.46 0.4 0.55 0.47 0.635 0.54 0.686 0.4 0.901 0.36 0.23 0.58 0.4 0.4 0.1 0.54 0.36 0.46
Dot Production Prediction of Lab Growth Rates:
0.360343 0.548832 0.550139 0.43874 0.504128 0.382707 0.548775 0.546912 0.304395 0.448863 1.04378 0.402291 0.400427 0.337436 0.285602 0.640092 0.556174 0.362295 0.390336 0.540965 1.58795 0.46543 0.395992 0.27097 0.447152 1.54812 0.377414 0.660581 0.416863 0.373198 0.313644 0.380561 0.364536 0.415472 0.462949 0.370967 0.322882 1.02319 0.466367 0.47468 0.322549 0.534572 0.306139 0.457534 0.693567 0.549156 1.08306 0.468687 0.276058 0.546103 0.400451 0.448557 0.392528 1.46857 0.441576 0.360752 0.318544 0.54147 0.399363 0.401617 1.49917 0.400195 0.326769 0.533632 0.296054 0.322242 0.678044 0.407926 0.405711 1.05507 0.545228 0.48863 0.402368 0.492637 0.3996 0.43945 0.40213 0.529206 0.545442 0.555789 0.403132 0.39415 0.39724 0.367395 0.413315 0.36861 0.692432 0.378232 0.340807 0.438146 0.477993 0.472353 0.362883 0.328182 0.369168 0.267912 0.380969 0.353769 0.326138 1.06484 1.11446 1.07117 0.689688 1.01007 0.31109 2.24912 0.439076 0.304795 1.24772 0.478795 0.368227 0.388595 0.554635 0.494088 0.327523 0.395594 0.541865 0.901 0.313045 0.533739 0.372839 0.52906 1.03645 0.54682 0.40016 0.31898 2.2513 0.292495 0.449837 0.548292 0.404868 0.40277 0.547466 0.260798 0.269006 0.402607 1.05 0.426678 0.357421 0.304109 0.295797 1.05503 1.2468 0.419467 0.401389 0.332406 0.710477 0.298299 0.287076 0.305031 0.382245 0.68872 0.345581 0.565139 0.424905 0.362353 0.538703 0.397142 0.43443 0.540727 0.529995 0.542809 0.313002 0.438328 0.344572 0.349025 0.304981 0.330735 1.53431 0.425046 0.401872 0.364738 0.538476 0.545567 0.400862 0.412037 0.393077 0.408902 0.471942 0.56462 0.538314 0.403034 0.398143 0.293233 0.331911 0.46376 0.557196 0.434935 0.392793 1.34861 0.507039 0.534472 1.51735 0.280937 0.578618 0.454165 1.06723 1.10883 0.424252 0.541931 0.443533 1.03218 0.897441 0.307449 0.403021 0.444171 0.512949 1.26107 0.476903 0.398549 0.539518 0.329708 0.690071 0.363376 0.326362 0.683239 0.625283 0.599004 0.353494 0.3341 0.404476 0.555851 0.338904 0.463 0.54804 0.482579 0.401857 1.44186 1.44302 0.543262 0.513144 0.403977 0.541231 0.551304 0.32492 0.354073 1.66 0.292654 0.402338 0.425873 0.361035 0.440806 0.397346 0.53576 0.6998 1.07392 0.409836 0.471557 0.400997 0.347364 0.369792 0.302674 0.32005 0.6798 0.397476 1.06149 0.419188 0.421429 1.08793 0.294924 0.367281 0.564633 0.479721 0.361672 0.540318 0.541364 0.37279 0.349737 0.398629 0.340307 0.37651 0.431219 1.46016 1.50579 0.46023 0.414197 0.556119 0.386487 0.46924 0.406538 0.309726 0.307409 0.546319 0.509799 0.317924 0.649123 0.397798 0.332007 0.292905 0.372123 0.413891 0.306809 0.36131 0.348053 0.6871 0.527046 0.331046 1.53587 0.4022 0.398419 0.328247 0.308207 0.401971 0.396496 0.395899 0.490281 0.534525 0.336431 0.547402 0.68451 0.45999 0.381166 0.386626 0.453889 0.377388 0.33784 0.428454 1.07963 0.393225 0.392735 0.358973 1.08532 0.409473 0.646188 0.408203 0.396608 0.377709 0.692983 0.316265 0.547578 0.403287 0.479504 0.806597 1.02453 0.540318 0.448551 0.703735 1.58795 0.356751 0.550437 0.332516 0.460684 0.542047 0.683696 0.340091 0.700081 0.378997 0.417533 0.328874 0.461547 0.368701 0.486054 1.47052 0.576886 0.36807 1.34809 0.363625 0.53842 1.04287 1.53705 0.364903 1.02257 1.06572 0.478044 0.539109 0.401112 0.37606 0.389988 1.08391 0.419294 0.330528 0.276619 0.532192 0.330121 1.48488 0.376439 0.586562 0.543738 0.59357 0.400855 0.327971 0.401071 1.5603 0.38738 0.366949 0.519368 0.381186 0.536155 0.407789 0.719163 1.05293 0.365894 0.519352 0.464865 0.688017 0.324721 0.380115 0.393953 0.282843 0.396972 0.534618 0.552729 1.52775 0.399914 0.461281 0.331824 0.328726 1.03917 0.646282 0.649773 1.03026 0.415493 1.34555 1.51244 1.56277 0.545026 0.473462 0.308043 0.384126 0.675814 0.411001 0.343141 0.307188 1.24871 0.315074 1.2473 0.467205 0.405778 0.380269 0.482114 0.375476 0.475752 0.482736 0.411263 0.432906 0.454777 2.65455 0.352663 0.374898 0.499527 0.651806 0.395141 0.685183 0.393037 0.545268 0.408349 0.542623 0.540767 0.431234 0.466555 0.333281 0.538019 0.468922 0.314607 0.458617 0.536973 0.544876 0.527541 1.63941 0.401508 0.701502 0.45246 0.405595 0.543116 0.485253 0.55583 0.545396 1.57395 0.461427 0.45279 0.688745 0.898112 0.411443 1.03761 0.637125 0.300583 0.402118 0.536542 0.546937 0.415182 0.396735 0.379025 0.422908 0.548022 0.548248 0.387783 2.50166 0.902043 0.896919 0.361732 0.40407 0.654393 0.326583 0.371636 0.557362 0.344742 0.473478 0.690862 0.502049 0.545544 0.599818 0.328583 0.552277 0.370604 0.677549 0.661781 0.366203 0.46854 1.04251 1.05812 1.04718 0.395099 0.46818 0.545145 0.354925 0.56226 0.397324 0.34343 0.536635 0.482044 0.805589 0.677032 0.566187 0.472652 0.299958 0.390685 0.33064 0.685508 1.24256 0.553573 0.395113 0.374559 0.366901 0.546762 0.4673 0.394082 0.303938 1.34195 0.649968 0.60059 0.31219 0.464183 0.383085 0.46192 0.347282 0.692108 0.339197 0.314057 0.554662 0.430154 0.593006 0.352791 0.400346 0.540176 0.35211 0.304301 1.03499 0.39801 0.359608 0.382503 0.46686 0.386119 0.546443 0.392109 0.410224 0.685552 0.308575 0.40233 0.402379 0.40243 0.457573 0.347531 0.683761 0.337073 0.6891 0.403202 1.27442 0.437694 0.439393 0.377248 0.389185 0.402001 1.43536 0.539313 0.367524 0.460034
Testing:
Lab Growth Rates:
0.46 0.46 0.46
Dot Production Prediction of Lab Growth Rates:
0.282592 0.338576 0.300055
Best performance so far: 
Obj: 4.67799e-310Rho: 2.26291e-314Diff: 4.67799e-310
Anneal again with the best G and E so far as input
Cycle 2Round 1
Iter 500000 pBad 0.828814 T 0.00132393 Obj 1.04224 Rho 0 GRdif 24.2436 success 111011 failure 10438 obj_new 1.04224 SA_pAcc 1.16999 Delta -0.0771541 SA_r 0.187661 freedomratio 0.267214
Iter 1000000 pBad 0.755905 T 0.000448711 Obj 1.03612 Rho 0 GRdif 20.7932 success 219376 failure 26260 obj_new 1.03612 SA_pAcc 0.773715 Delta 0.053234 SA_r 0.566261 freedomratio 0.263726
Iter 1500000 pBad 0.709938 T 0.000152079 Obj 1.02729 Rho 0 GRdif 15.7765 success 325521 failure 47487 obj_new 1.02729 SA_pAcc 1 Delta 0.0197037 SA_r 0.348657 freedomratio 0.262545
Iter 2000000 pBad 0.601604 T 5.15434e-05 Obj 1.02432 Rho 0 GRdif 14.0831 success 428411 failure 74886 obj_new 1.02432 SA_pAcc 1 Delta -0.0173475 SA_r 0.134155 freedomratio 0.26576
Iter 2500000 pBad 0.542559 T 1.74693e-05 Obj 1.02072 Rho 0 GRdif 12.0156 success 527236 failure 110344 obj_new 1.02072 SA_pAcc 0.857287 Delta 0.00872289 SA_r 0.332264 freedomratio 0.262192
Iter 3000000 pBad 0.457537 T 5.92078e-06 Obj 1.01589 Rho 0 GRdif 9.241 success 624440 failure 150328 obj_new 1.01589 SA_pAcc 1 Delta -0.037699 SA_r 0.913733 freedomratio 0.259177
Iter 3500000 pBad 0.319025 T 2.0067e-06 Obj 1.01058 Rho 0 GRdif 6.168 success 714916 failure 206952 obj_new 1.01058 SA_pAcc 1 Delta -0.00555335 SA_r 0.588446 freedomratio 0.24841
Iter 4000000 pBad 0.226498 T 6.80119e-07 Obj 1.00951 Rho 0 GRdif 5.5492 success 791301 failure 292559 obj_new 1.00951 SA_pAcc 1 Delta 0.0102943 SA_r 0.654616 freedomratio 0.240657
Iter 4500000 pBad 0.0852387 T 2.30509e-07 Obj 1.00896 Rho 0 GRdif 5.22465 success 848033 failure 427442 obj_new 1.00896 SA_pAcc 0.588572 Delta 0.00180176 SA_r 0.301796 freedomratio 0.217844
Iter 5000000 pBad 0.0729161 T 7.81252e-08 Obj 1.00861 Rho 0 GRdif 5.02648 success 888985 failure 612114 obj_new 1.00861 SA_pAcc 1 Delta -0.00293389 SA_r 0.507206 freedomratio 0.200137
Iter 5500000 pBad 0.0395638 T 2.64785e-08 Obj 1.00843 Rho 0 GRdif 4.92071 success 916913 failure 844642 obj_new 1.00843 SA_pAcc 1 Delta 0.00332205 SA_r 0.323139 freedomratio 0.182782
Iter 6000000 pBad 0.0225426 T 8.97423e-09 Obj 1.00833 Rho 0 GRdif 4.86015 success 936218 failure 1119733 obj_new 1.00833 SA_pAcc 3.60507e-56 Delta 0.000691856 SA_r 0.527799 freedomratio 0.167047
Iter 6500000 pBad 0.00846285 T 3.04159e-09 Obj 1.00828 Rho 0 GRdif 4.83449 success 948204 failure 1427347 obj_new 1.00828 SA_pAcc 1.29262e-05 Delta 0.000707644 SA_r 0.526136 freedomratio 0.15825
Iter 7000000 pBad 0.00724726 T 1.03087e-09 Obj 1.00826 Rho 0 GRdif 4.83201 success 956244 failure 1755856 obj_new 1.00828 SA_pAcc 0 Delta -0.000376471 SA_r 0.288199 freedomratio 0.154904
Iter 7500000 pBad 0.00331108 T 3.49386e-10 Obj 1.00826 Rho 0 GRdif 4.81838 success 961828 failure 2096955 obj_new 1.00826 SA_pAcc 2.17509e-22 Delta 0.000206566 SA_r 0.784711 freedomratio 0.151617
Iter 8000000 pBad 0.00284142 T 1.18416e-10 Obj 1.00825 Rho 0 GRdif 4.81691 success 966708 failure 2447807 obj_new 1.00825 SA_pAcc 0 Delta 7.25494e-06 SA_r 0.972749 freedomratio 0.149147
Iter 8500000 pBad 0.00180407 T 4.0134e-11 Obj 1.00825 Rho 0 GRdif 4.82358 success 970026 failure 2804413 obj_new 1.00827 SA_pAcc 0 Delta 8.68091e-05 SA_r 0.153346 freedomratio 0.147756
Iter 9000000 pBad 0.000811795 T 1.36024e-11 Obj 1.00825 Rho 0 GRdif 4.81947 success 973243 failure 3167901 obj_new 1.00826 SA_pAcc 0 Delta -3.66612e-05 SA_r 0.0931129 freedomratio 0.145373
Iter 9500000 pBad 0.000592442 T 4.61018e-12 Obj 1.00824 Rho 0 GRdif 4.81181 success 976549 failure 3535587 obj_new 1.00825 SA_pAcc 0 Delta 5.01061e-05 SA_r 0.0372902 freedomratio 0.143381
Good enough
iter 9.99811e+06 obj1.00824 rho 0 GRdif 4.81133
Training:
Lab Growth Rates:
0.25 0.485 0.55 0.1 0.46 0.09 0.59 0.476 0.58 0.54 1.05 0.4 0.4 0.52 0.45 0.65 0.42 0.47 0.4 0.6 1.49 0.26 0.4 0.3 0.54 1.67 0.49 0.65 0.47 0.43 0.33 0.5 0.22 0.47 0.46 0.52 0.59 1.483 0.54 0.33 0.17 0.56 0.3 0.46 0.724 0.54 1.483 0.58 0.3 0.59 0.4 0.58 0.11 0.45 0.47 0.47 0.34 0.6 0.4 0.4 0.45 0.4 0.47 0.53 0.42 0.42 0.65 0.46 0.4 1.345 0.59 0.5 0.4 0.46 0.53 0.17 0.4 0.3 0.23 0.31 0.4 0.5 0.2 0.33 0.47 0.52 0.724 0.52 0.48 0.23 0.5 0.22 0.54 0.42 0.45 0.48 0.27 0.42 0.5 1.345 1.345 1.345 0.724 1.483 0.39 0.1 0.23 0.45 1.248 0.22 0.39 0.49 0.59 0.53 0.59 0.45 0.56 0.901 0.54 0.54 0.27 0.6 1.483 0.55 0.4 0.36 0.1 0.42 0.46 0.56 0.4 0.4 0.27 0.53 0.3 0.4 1.05 0.37 0.47 0.48 0.54 1.483 1.35 0.45 0.4 0.42 0.14 0.34 0.39 0.47 0.3 0.636 0.52 0.301 0.46 0.46 0.56 0.4 0.1 0.55 0.53 0.476 0.39 0.43 0.48 0.25 0.19 0.42 1.46 0.37 0.41 0.54 0.53 0.465 0.4 0.58 0.4 0.47 0.58 0.31 0.5 0.4 0.4 0.27 0.59 0.09 0.301 0.51 0.4 1.43 0.33 0.54 0.45 0.48 0.5 0.47 1.483 1.345 0.37 0.481 0.36 1.46 0.901 0.5 0.4 0.55 0.3 1.248 0.58 0.4 0.59 0.48 0.5 0.45 0.5 0.635 0.65 0.68 0.58 0.39 0.4 0.41 0.42 0.55 0.377 0.58 0.54 0.762 0.762 0.5 0.3 0.4 0.465 0.55 0.1 0.54 1.66 0.37 0.4 0.45 0.43 0.53 0.37 0.56 0.7 0.617 0.37 0.58 0.4 0.5 0.47 0.38 0.32 0.637 0.47 1.483 0.37 0.37 1.345 0.38 0.54 0.5 0.22 0.32 0.5 0.26 0.41 0.33 0.4 0.53 0.38 0.37 0.762 0.45 0.54 0.59 0.41 0.43 0.58 0.51 0.25 0.59 0.485 0.46 0.32 0.65 0.4 0.36 0.42 0.52 0.46 0.4 0.38 0.52 0.635 0.53 0.47 0.25 0.4 0.4 0.59 0.59 0.4 0.4 0.4 0.58 0.53 0.42 0.31 0.648 0.46 0.47 0.4 0.47 0.54 0.54 0.37 1.483 0.59 0.54 0.26 1.483 0.49 0.5 0.47 0.4 0.47 0.71 0.33 0.23 0.4 0.56 0.25 1.483 0.23 0.54 0.7 0.45 0.52 0.55 0.34 0.37 0.23 0.648 0.47 0.7 0.5 0.51 0.36 0.22 0.5 0.5 0.762 0.5 0.47 1.43 0.48 0.56 1.483 1.67 0.25 1.05 1.345 0.56 0.56 0.4 0.4 0.54 1.345 0.5 0.5 0.42 0.56 0.27 0.45 0.11 0.5 0.485 0.68 0.4 0.17 0.4 1.42 0.58 0.43 0.37 0.47 0.54 0.37 0.14 1.05 0.33 0.3 0.47 0.71 0.19 0.43 0.2 0.48 0.4 0.3 0.377 1.44 0.4 0.55 0.42 0.41 1.483 0.65 0.5 1.345 0.53 1.38 1.05 1.4 0.465 0.22 0.5 0.43 0.65 0.43 0.39 0.33 1.248 0.45 1.248 0.58 0.43 0.54 0.5 0.41 0.5 0.56 0.42 0.37 0.53 0.1 0.2 0.53 0.33 0.5 0.52 0.71 0.52 0.485 0.43 0.481 0.56 0.37 0.3 0.42 0.56 0.46 0.38 0.46 0.53 0.23 0.6 1.66 0.4 0.7 0.43 0.54 0.5 0.58 0.41 0.54 0.45 0.58 0.54 0.686 0.901 0.3 1.46 0.5 0.4 0.52 0.5 0.55 0.37 0.4 0.52 0.43 0.59 0.54 0.4 0.1 0.901 0.901 0.58 0.4 0.65 0.42 0.54 0.3 0.45 0.56 0.686 0.25 0.59 0.68 0.11 0.377 0.45 0.637 0.5 0.58 0.56 1.345 1.345 1.345 0.4 0.5 0.56 0.36 0.42 0.4 0.3 0.56 0.22 0.1 0.648 0.5 0.25 0.48 0.41 0.41 0.637 1.248 0.42 0.4 0.46 0.36 0.481 0.56 0.4 0.59 1.03 0.65 0.68 0.58 0.55 0.45 0.55 0.46 0.636 0.09 0.53 0.301 0.46 0.68 0.36 0.4 0.23 0.45 0.19 1.46 0.4 0.58 0.47 0.58 0.27 0.476 0.4 0.22 0.636 0.5 0.4 0.46 0.4 0.55 0.47 0.635 0.54 0.686 0.4 0.901 0.36 0.23 0.58 0.4 0.4 0.1 0.54 0.36 0.46
Dot Production Prediction of Lab Growth Rates:
0.32986 0.547274 0.547732 0.399541 0.484053 0.366553 0.542994 0.543719 0.287679 0.467171 1.04508 0.401082 0.395694 0.322578 0.316212 0.650282 0.450063 0.322068 0.385634 0.649511 1.43701 0.426009 0.392619 0.309845 0.465903 1.4378 0.375813 0.655623 0.35154 0.326598 0.329155 0.336795 0.325565 0.323873 0.461241 0.376584 0.322622 1.31193 0.485998 0.418554 0.285337 0.521763 0.328944 0.389942 0.707874 0.549953 1.31171 0.460098 0.310062 0.537044 0.40084 0.448125 0.36257 1.35582 0.357871 0.322824 0.332805 0.663671 0.396767 0.400875 1.39725 0.396541 0.334424 0.514175 0.318292 0.306719 0.649977 0.365392 0.406379 1.33171 0.538442 0.46118 0.399915 0.486536 0.367746 0.339059 0.401211 0.628641 0.539711 0.529096 0.400454 0.407784 0.330669 0.346138 0.369937 0.376977 0.706792 0.319372 0.335532 0.430783 0.47179 0.465626 0.371363 0.363486 0.329745 0.298725 0.349177 0.332983 0.345538 1.34803 1.3602 1.34509 0.702294 1.30525 0.353361 1.13628 0.433397 0.367511 1.24731 0.467429 0.335758 0.35876 0.538858 0.44986 0.319572 0.35281 0.54545 0.897703 0.333483 0.531464 0.355495 0.647146 1.32689 0.537395 0.400116 0.33422 1.15741 0.285721 0.447458 0.552634 0.405155 0.401467 0.473997 0.306694 0.308494 0.400701 1.06509 0.425646 0.339403 0.310788 0.29751 1.34194 1.09264 0.384204 0.398486 0.315784 0.14001 0.304765 0.320617 0.287709 0.361005 0.697063 0.331203 0.559163 0.38033 0.336043 0.533031 0.393809 0.398982 0.540116 0.529292 0.542118 0.349236 0.397599 0.359979 0.337393 0.302205 0.335555 1.46328 0.423607 0.375091 0.326424 0.531377 0.543672 0.399194 0.348363 0.393382 0.373334 0.458962 0.557228 0.527918 0.401293 0.396068 0.286849 0.338627 0.397994 0.561682 0.392377 0.384404 1.11533 0.45636 0.514419 1.41385 0.315346 0.901951 0.385781 1.32558 1.36129 0.42853 0.539596 0.38284 1.05449 0.901 0.336449 0.403408 0.456906 0.596143 1.25673 0.44991 0.399595 0.532059 0.357984 1.01261 0.348915 0.340485 0.703631 0.641169 0.345548 0.356561 0.303847 0.402401 0.550254 0.340616 0.475329 0.547655 0.454336 0.368228 1.44832 1.45765 0.56649 0.568707 0.401369 0.543335 0.540519 0.316484 0.365013 1.54267 0.297954 0.399396 0.393874 0.344512 0.388593 0.369661 0.535562 0.70623 0.536008 0.347848 0.457895 0.398405 0.368261 0.364222 0.303802 0.331231 0.698495 0.353637 1.34737 0.415809 0.417603 1.34773 0.298367 0.380263 0.964595 0.468085 0.333845 0.547748 0.497802 0.375782 0.298211 0.398603 0.31697 0.381052 0.426311 1.46502 1.40695 0.482089 0.364511 0.546336 0.354462 0.460908 0.359328 0.306024 0.328226 0.54401 0.504586 0.319551 0.645802 0.394773 0.29755 0.300463 0.335874 0.358801 0.291505 0.3755 0.34286 0.705719 0.53213 0.359516 1.43284 0.404335 0.39549 0.325337 0.314985 0.399465 0.393612 0.393163 0.447362 0.525022 0.349226 0.50997 0.697927 0.459984 0.327853 0.37572 0.404288 0.334759 0.322948 0.371175 1.35514 0.35905 0.380967 0.395058 1.36885 0.361781 1.01845 0.361288 0.39444 0.355528 0.704917 0.310451 0.554875 0.401682 0.448976 1.14627 1.32801 0.549177 0.471055 0.710419 1.43701 0.343469 0.553526 0.307882 0.365262 0.547049 0.696536 0.366063 0.70597 0.367902 0.390301 0.347435 0.392353 0.361373 0.452073 1.4784 0.927571 0.330542 1.12111 0.33218 0.526239 1.29789 1.33687 0.321882 1.05011 1.32361 0.445746 0.547824 0.399964 0.325793 0.361266 1.33584 0.441107 0.336251 0.30075 0.515305 0.331992 1.38282 0.339469 0.958579 0.546996 0.343862 0.396881 0.257933 0.398448 1.49196 0.362892 0.303736 0.469779 0.340644 0.536883 0.372396 0.14 1.07005 0.329999 0.630877 0.387543 0.699046 0.312676 0.345968 0.317978 0.275274 0.397574 0.62157 0.553638 1.42378 0.39768 0.471959 0.315623 0.337338 1.35834 0.665151 0.98686 1.33005 0.417552 1.2623 1.42152 1.38234 0.541854 0.468575 0.344819 0.354979 0.654171 0.374547 0.306296 0.309238 1.248 0.31971 1.24608 0.460751 0.335967 0.333506 0.45504 0.360949 0.45671 0.441209 0.386777 0.425971 0.393101 1.2093 0.348974 0.365861 0.441634 0.919926 0.354582 0.693728 0.369943 0.543537 0.359314 0.541971 0.525751 0.425507 0.576211 0.335354 0.545846 0.461736 0.282237 0.459898 0.541396 0.542011 0.615483 1.57907 0.401637 0.714923 0.397653 0.363264 0.537579 0.452582 0.552257 0.533774 1.45467 0.442892 0.469663 0.700216 0.898108 0.522374 1.05819 1.00138 0.294444 0.399294 0.528331 0.54408 0.411892 0.391547 0.341564 0.402294 0.539542 0.544321 0.375021 1.26051 0.902298 0.886562 0.379375 0.401301 0.675364 0.337011 0.30918 0.643735 0.352892 0.45766 0.708384 0.457324 0.537497 0.342085 0.333028 0.554742 0.345525 0.694571 0.923391 0.333486 0.456387 1.37169 1.34293 1.34502 0.396624 0.459469 0.537269 0.335691 0.458393 0.388649 0.335834 0.55547 0.467633 1.14659 0.690121 0.858295 0.415858 0.329612 0.383274 0.355752 0.696683 1.23212 0.444379 0.384003 0.317955 0.353257 0.543561 0.455165 0.385847 0.341852 1.25933 0.649475 0.346751 0.320357 0.477027 0.378055 0.473529 0.342069 0.707942 0.348079 0.346652 0.553253 0.373111 0.340896 0.360432 0.399726 0.540458 0.350742 0.290883 1.08154 0.399537 0.380817 0.340806 0.462096 0.349319 0.543107 0.391269 0.372352 0.698195 0.333451 0.401892 0.389479 0.402289 0.47233 0.335304 0.702849 0.327402 0.707435 0.40138 1.28186 0.390412 0.431832 0.327085 0.378553 0.401168 1.39256 0.540568 0.35996 0.457355
Testing:
Lab Growth Rates:
0.46 0.46 0.46
Dot Production Prediction of Lab Growth Rates:
0.323664 0.325752 0.315588
Best performance so far: 
Obj: 4.67799e-310Rho: 6.5069e-314Diff: 4.67799e-310
Test:
 Lab Growth Rates:
0.46 0.46 0.46Dot Product Prediction of Growth Rate:
0.3236636 0.325752 0.315588