seed =  5 traits =  1 
Training: part  81 
Training: part  81 
Round  1 
 Goal of obj  0.99 
Temperature range:  0.00390625 3.125e-15 
Cycle 1Round 1
Iter 500000 pBad 0.833057 T 0.000970322 Obj 1.04606 Rho 0 GRdif 26.4776 success 146049 failure 10580 obj_new 1.04606 SA_pAcc 1 Delta 0.0610758 SA_r 0.640569 freedomratio 0.36727
Iter 1000000 pBad 0.782408 T 0.00024103 Obj 1.03238 Rho 0 GRdif 18.7393 success 289306 failure 28938 obj_new 1.03238 SA_pAcc 1 Delta -0.0125367 SA_r 0.183489 freedomratio 0.371681
Iter 1500000 pBad 0.666394 T 5.98721e-05 Obj 1.02175 Rho 0 GRdif 12.6506 success 429357 failure 54479 obj_new 1.02175 SA_pAcc 1.654 Delta -0.0538093 SA_r 0.754846 freedomratio 0.373808
Iter 2000000 pBad 0.49597 T 1.48723e-05 Obj 1.01691 Rho 0 GRdif 9.85821 success 564120 failure 89627 obj_new 1.01691 SA_pAcc 1.30995 Delta -0.00362364 SA_r 0.337877 freedomratio 0.361401
Iter 2500000 pBad 0.348347 T 3.69431e-06 Obj 1.0135 Rho 0 GRdif 7.89521 success 684579 failure 151846 obj_new 1.01352 SA_pAcc 0.011249 Delta 0.0227728 SA_r 0.118239 freedomratio 0.347929
Iter 3000000 pBad 0.210566 T 9.17674e-07 Obj 1.01042 Rho 0 GRdif 6.10937 success 783756 failure 258368 obj_new 1.01044 SA_pAcc 4.13574e-11 Delta -0.0195005 SA_r 0.579013 freedomratio 0.329227
Iter 3500000 pBad 0.126752 T 2.27952e-07 Obj 1.00957 Rho 0 GRdif 5.60148 success 857060 failure 421027 obj_new 1.00957 SA_pAcc 0.0272014 Delta 0.0112819 SA_r 0.40586 freedomratio 0.297571
Iter 4000000 pBad 0.0523865 T 5.66236e-08 Obj 1.00916 Rho 0 GRdif 5.36436 success 907420 failure 642213 obj_new 1.00916 SA_pAcc 0.000143895 Delta -0.00362684 SA_r 0.500246 freedomratio 0.24947
Iter 4500000 pBad 0.0287466 T 1.40654e-08 Obj 1.00904 Rho 0 GRdif 5.29318 success 935420 failure 930159 obj_new 1.00904 SA_pAcc 0.00123147 Delta 0.00195891 SA_r 0.492364 freedomratio 0.223744
Iter 5000000 pBad 0.0115738 T 3.49387e-09 Obj 1.009 Rho 0 GRdif 5.27115 success 950551 failure 1262131 obj_new 1.009 SA_pAcc 4.99897e-09 Delta 0.000564625 SA_r 0.520982 freedomratio 0.206678
Iter 5500000 pBad 0.00618685 T 8.67882e-10 Obj 1.00899 Rho 0 GRdif 5.26349 success 959202 failure 1619354 obj_new 1.00899 SA_pAcc 0 Delta 0.000439099 SA_r 0.778756 freedomratio 0.198515
Iter 6000000 pBad 0.0023721 T 2.15583e-10 Obj 1.00898 Rho 0 GRdif 5.26506 success 964628 failure 1992081 obj_new 1.00899 SA_pAcc 0 Delta 0.000128733 SA_r 0.13713 freedomratio 0.193167
Iter 6500000 pBad 0.00129254 T 5.35513e-11 Obj 1.00898 Rho 0 GRdif 5.26119 success 968088 failure 2375048 obj_new 1.00899 SA_pAcc 0 Delta 5.96961e-05 SA_r 0.214797 freedomratio 0.188703
Iter 7000000 pBad 0.000606645 T 1.33022e-11 Obj 1.00898 Rho 0 GRdif 5.26032 success 971158 failure 2765521 obj_new 1.00899 SA_pAcc 0 Delta -4.08408e-05 SA_r 0.807887 freedomratio 0.183807
Iter 7500000 pBad 0.00118646 T 3.30429e-12 Obj 1.00898 Rho 0 GRdif 5.25398 success 974296 failure 3163686 obj_new 1.00898 SA_pAcc 1 Delta -4.78516e-05 SA_r 0.476751 freedomratio 0.179104
Iter 8000000 pBad 0.000156047 T 8.20792e-13 Obj 1.00897 Rho 0 GRdif 5.25539 success 979633 failure 3564955 obj_new 1.00898 SA_pAcc 0 Delta -2.53524e-06 SA_r 0.646061 freedomratio 0.176101
Iter 8500000 pBad 3.03923e-91 T 2.03886e-13 Obj 1.00897 Rho 0 GRdif 5.25348 success 980476 failure 3902355 obj_new 1.00897 SA_pAcc 1 Delta 1.29399e-92 SA_r 0.92237 freedomratio 0.169014
Iter 9000000 pBad 0 T 5.06457e-14 Obj 1.00897 Rho 0 GRdif 5.25348 success 980476 failure 4231144 obj_new 1.00897 SA_pAcc 1 Delta -0 SA_r 0.904447 freedomratio 0.131661
Iter 9500000 pBad 0 T 1.25805e-14 Obj 1.00897 Rho 0 GRdif 5.25348 success 980476 failure 4590855 obj_new 1.00897 SA_pAcc 1 Delta -0 SA_r 0.10399 freedomratio 0.0530351
Iter 10000000 pBad 0 T 3.12501e-15 Obj 1.00897 Rho 0 GRdif 5.2535 success 980476 failure 4965277 obj_new 1.00897 SA_pAcc 0 Delta -0 SA_r 0.328876 freedomratio 0.0372482
Cannot move further
iter 8.09082e+06 obj1.00897 rho 0 GRdif 5.25348
Training:
Lab Growth Rates:
0.65 0.1 1.345 0.53 0.47 0.11 0.46 0.56 0.1 0.41 1.483 0.55 0.17 0.58 1.483 0.5 0.46 0.19 0.37 1.248 0.23 0.46 0.22 0.5 0.42 0.3 0.377 0.26 0.47 0.52 0.47 0.55 0.47 0.4 0.23 1.483 1.345 1.345 0.45 0.36 0.26 0.54 0.37 1.483 0.55 0.46 0.25 1.43 0.23 0.55 0.59 0.2 0.71 0.59 1.66 0.476 0.636 0.23 0.56 0.33 0.56 0.5 0.42 0.3 0.5 0.6 0.32 0.59 0.54 0.47 0.52 0.54 0.481 0.46 0.4 0.34 0.43 0.47 0.5 0.636 0.33 0.47 0.58 0.54 0.54 0.47 0.4 0.5 0.4 0.762 0.5 0.53 0.53 0.5 0.5 0.55 0.901 0.54 0.43 0.54 1.483 0.762 0.4 0.59 0.42 1.248 0.1 0.45 0.53 0.54 0.38 0.686 0.5 0.45 0.485 0.4 0.4 0.46 0.4 1.05 0.31 0.4 0.45 0.45 0.5 0.901 0.55 0.47 0.1 0.648 0.465 0.48 0.23 0.7 0.22 0.724 0.762 0.36 0.53 0.45 0.46 0.25 0.37 0.42 0.4 0.4 0.4 1.483 0.54 0.648 0.4 0.2 0.43 0.4 0.54 0.6 1.05 1.345 0.65 0.636 0.39 0.53 0.51 0.52 0.54 0.46 0.42 0.54 1.248 0.32 0.55 0.48 0.49 0.32 0.31 0.48 0.5 0.11 0.25 0.4 0.637 0.55 0.71 0.31 0.46 0.52 0.4 0.4 0.59 0.33 0.55 0.51 0.4 0.54 0.4 0.46 0.635 0.46 0.58 0.52 0.52 0.58 0.5 0.3 0.55 0.45 1.248 0.47 1.248 0.58 0.59 0.3 1.345 0.45 0.54 0.3 0.58 0.54 0.47 0.5 0.901 0.3 0.39 0.71 0.27 0.47 0.37 0.48 0.4 0.686 1.05 0.53 1.67 0.4 0.3 0.34 0.56 1.05 0.42 0.4 1.483 0.33 0.476 0.37 0.4 0.377 0.47 0.5 0.48 0.19 0.4 0.38 0.56 0.901 0.1 0.37 0.4 0.33 0.54 0.42 0.58 1.49 0.4 1.345 0.46 0.37 0.54 0.56 0.4 0.43 0.42 0.45 1.345 0.42 0.25 0.52 0.46 0.4 0.39 0.27 0.58 0.5 0.23 0.37 0.5 0.45 0.23 0.09 1.67 0.4 0.7 0.1 0.58 0.637 0.42 0.56 0.48 1.345 0.22 0.58 0.52 0.37 0.65 0.48 0.5 0.4 1.483 0.58 0.48 0.47 0.6 0.6 0.41 0.485 1.46 0.39 0.55 0.56 0.3 0.3 0.485 0.58 0.5 0.5 0.481 0.25 0.56 0.56 0.43 0.33 1.483 0.54 0.5 0.4 0.42 0.41 0.42 0.41 0.37 0.53 0.43 0.47 0.54 1.05 0.22 0.14 0.53 0.51 0.53 0.59 0.42 0.4 0.27 0.36 0.54 0.5 0.42 0.38 0.58 0.11 0.19 0.47 0.1 0.42 0.42 0.52 1.345 0.54 0.22 0.43 0.48 0.25 0.55 0.301 0.3 0.56 0.36 0.54 0.4 0.49 0.4 0.45 0.4 1.38 0.14 0.56 0.33 0.17 0.27 0.56 0.4 0.46 1.345 0.46 0.59 0.38 0.36 0.38 0.42 0.56 0.4 0.3 0.5 0.68 0.59 0.635 1.345 1.483 0.4 0.476 0.648 0.58 0.47 0.5 0.54 0.68 0.41 0.5 0.56 0.47 0.5 0.68 0.635 0.36 1.03 1.43 0.4 0.58 0.53 0.56 0.56 0.49 0.46 0.41 0.54 0.4 0.43 0.3 0.68 0.58 0.65 0.4 0.54 0.52 0.5 1.66 0.22 0.45 0.45 1.42 0.22 0.45 0.4 1.44 0.27 0.2 0.1 0.45 0.47 0.3 0.4 1.46 0.54 0.09 0.485 0.4 0.45 0.4 0.53 0.42 0.17 0.41 0.37 0.5 0.46 0.58 0.54 0.37 0.4 0.56 1.4 0.09 0.46 1.35 0.481 0.39 0.617 0.5 0.45 0.33 0.3 0.4 0.47 0.4 0.53 0.46 0.68 0.7 0.47 0.4 0.22 0.59 0.36 0.4 0.901 0.5 0.43 0.34 0.27 0.65 0.4 0.58 0.43 0.465 0.43 0.59 0.65 0.4 0.37 0.25 0.4 0.4 1.345 0.5 0.53 0.45 0.377 0.37 0.4 0.65 0.53 0.4 0.5 0.41 0.65 0.52 0.4 0.59 0.58 0.39 0.901 1.483 0.47 0.4 0.26 0.4 0.1 0.25 0.43 0.36 0.59 0.47 0.46 0.301 0.46 0.59 0.23 0.4 0.47 0.52 0.686 0.23 0.36 0.33 1.483 0.59 0.59 0.5 0.58 1.46 0.724 0.762 0.7 0.301 0.4 0.65 0.5 0.37 0.4 0.637 0.724 0.45 0.4 0.465 0.41 0.54 0.58 0.37
Dot Production Prediction of Lab Growth Rates:
0.633634 1.06423 0.963449 0.295234 0.390779 0.390578 0.531588 0.519543 0.449539 0.391168 0.942201 0.541565 0.424786 0.467536 0.954809 0.602719 0.363932 0.337615 0.422587 1.2436 0.525827 0.379986 0.46344 0.32938 0.586911 0.301166 0.51128 0.455729 0.422308 0.355617 0.361562 0.541762 0.387819 0.401766 0.518314 0.918013 0.987177 0.939005 0.394646 0.359666 0.576849 0.339431 0.412697 0.961996 0.550074 0.515883 1.5484 1.22719 0.535917 0.552372 0.540286 0.375093 0.721919 0.326935 1.66003 0.517937 0.721406 0.436576 0.473775 0.329519 0.529667 0.478164 0.331064 0.397974 0.527747 0.404184 0.330175 0.544476 0.450927 0.459517 0.394748 0.332805 0.512648 0.463295 0.398484 0.324174 0.382268 0.36887 0.536819 0.714334 0.374128 0.351187 0.377637 0.369878 0.390551 0.404572 0.398125 0.399198 0.401868 1.42255 0.471159 0.342048 0.40532 0.532525 0.539317 0.45609 0.900997 0.450089 0.415323 0.443796 0.971802 1.39679 0.400579 0.336938 0.564682 1.248 0.873192 1.5332 0.529992 0.453711 0.377536 0.723621 0.340576 1.54241 0.512735 0.398521 0.400888 0.330782 0.403986 1.05 0.576397 0.403907 1.51213 0.348041 0.563865 0.901215 0.458296 0.437333 0.946438 0.716058 0.514891 0.333192 0.436498 0.623857 0.46304 0.723654 1.41583 0.429152 0.499721 0.332909 0.314613 0.359418 0.331545 0.357836 0.402215 0.403873 0.400282 0.979887 0.403113 0.715929 0.399624 0.398814 0.441551 0.397699 0.532422 0.398514 1.02274 0.96903 0.654807 0.723216 0.330331 0.534295 0.42655 0.386121 0.389759 0.45881 0.336347 0.444071 1.25717 0.314161 0.457721 0.305642 0.376716 0.35647 0.584737 0.349692 0.343897 0.340361 0.330679 0.399627 0.713661 0.539044 0.719746 0.587667 0.364126 0.349444 0.397458 0.399137 0.357696 0.366721 0.467774 0.43972 0.403299 0.542998 0.398728 0.45999 0.712097 0.459543 0.465355 0.382117 0.393963 0.478198 0.47741 0.413278 0.548106 0.412551 1.24473 0.35941 1.2481 0.37719 0.539857 0.382417 0.944247 1.54768 0.396871 0.335588 0.367065 0.537543 0.376462 0.525115 0.896059 0.395971 0.376471 0.71311 0.375313 0.441918 0.41971 0.318874 0.399951 0.722147 1.05 0.538523 1.55605 0.399417 0.299047 0.334278 0.529231 1.58404 0.347465 0.399173 0.946576 0.507744 0.51283 0.430916 0.402006 0.510234 0.381244 0.482034 0.31319 0.35634 0.40125 0.334466 0.478886 0.895534 0.706061 0.533339 0.401297 0.36325 0.329568 0.320447 0.469744 1.58188 0.398652 0.973039 0.30648 0.432344 0.374861 0.529371 0.399995 0.379014 0.413061 1.50188 0.950189 0.350895 0.35892 0.359228 0.462288 0.40048 0.355958 0.390383 0.373849 0.594864 0.526502 0.433097 0.425155 0.355291 0.437129 0.377793 1.38285 0.402976 0.627487 1.4943 0.473305 0.717118 0.315486 0.529587 0.350698 0.980903 0.456046 0.471961 0.377404 0.413612 0.663695 0.343254 0.469071 0.400944 0.932644 0.366336 0.355537 0.365797 0.406698 0.403555 0.520213 0.512058 1.00619 0.311454 0.460699 0.533862 0.396204 0.408253 0.515864 0.347063 0.34285 0.529596 0.509539 0.513827 0.482659 0.529585 0.439976 0.329319 0.947958 0.540944 0.550245 0.398357 0.574592 0.400318 0.346369 0.372964 0.400049 0.446228 0.368938 0.356293 0.42182 1.05354 0.371138 0.140031 0.527141 0.399285 0.362413 0.541095 0.347218 0.400283 0.57435 0.438255 0.371738 0.580947 0.336209 0.336801 0.314993 0.383502 0.336262 0.363423 0.369551 0.308182 0.347683 0.413942 0.965955 0.544406 0.457955 0.371854 0.312935 0.54524 0.459815 0.51991 0.377904 0.482754 0.329705 0.366442 0.401798 0.397625 0.398493 1.58188 0.400546 1.36626 0.139935 0.534944 0.453842 0.338486 0.382162 0.533209 0.399622 0.502601 0.94284 0.461387 0.335388 0.328938 0.358956 0.383829 0.338199 0.534933 0.331789 0.323504 0.581377 0.420148 0.541965 0.715189 0.987675 0.920304 0.403371 0.517209 0.712485 0.391526 0.355495 0.538381 0.544329 0.417422 0.517765 0.528392 0.471841 0.390601 0.476589 0.425097 0.717281 0.370546 1.39623 1.23078 0.334063 0.469482 0.403916 0.537874 0.472609 0.368566 0.420228 0.518708 0.458535 0.401262 0.466478 0.309717 0.424457 0.470257 0.628301 0.400715 0.53805 0.373397 0.33297 1.6274 0.46745 0.370908 0.377974 1.59872 0.402182 0.340241 0.400561 1.53208 0.332382 0.416039 0.891608 0.389275 0.353459 0.424696 0.399666 1.02744 0.372795 0.350167 0.516503 0.402988 0.341276 0.401623 0.52707 0.374745 0.33409 0.318979 0.414594 0.38706 0.45495 0.471191 0.378035 0.432316 0.401217 0.537857 1.4 0.461336 0.421696 1.15232 0.51206 0.355482 0.578087 0.341995 1.59638 0.320359 0.35221 0.40437 0.390753 0.40352 0.537017 0.465045 0.423563 0.616286 0.450231 0.400512 0.464223 0.424111 0.348099 0.40047 0.895728 0.544305 0.370707 0.336671 0.351859 0.649925 0.400987 0.475529 0.397388 0.51349 0.414286 0.404072 0.6499 0.400002 0.408396 0.698313 0.401918 0.401493 0.996691 0.378255 0.542269 0.360868 0.514609 0.394014 0.401453 0.655193 0.378997 0.401321 0.52595 0.350285 0.628405 0.421268 0.399879 0.540555 0.482101 0.35457 1.24372 0.952732 0.472676 0.398992 0.376124 0.402067 0.445289 0.353155 0.418895 0.344486 0.544482 0.413093 0.409391 0.524762 0.455742 0.358271 0.538618 0.400528 0.433497 0.387709 0.720868 0.528815 0.3356 0.487212 0.93691 0.371096 0.363541 0.384418 0.458134 1.02544 0.724 1.44519 0.628644 0.516242 0.40209 0.65245 0.351052 0.415928 0.40388 0.719972 0.72371 0.416984 0.400942 0.511609 0.400696 0.345489 0.334271 0.422265
Testing:
Lab Growth Rates:
1.46
Dot Production Prediction of Lab Growth Rates:
1.56362
Best performance so far: 
Obj: 4.6509e-310Rho: 2.26291e-314Diff: 4.6509e-310
Anneal again with the best G and E so far as input
Cycle 2Round 1
Iter 500000 pBad 0.827927 T 0.000970322 Obj 1.05186 Rho 0 GRdif 29.7271 success 115829 failure 10154 obj_new 1.05186 SA_pAcc 1.09321 Delta -0.0259693 SA_r 0.294787 freedomratio 0.277097
Iter 1000000 pBad 0.731565 T 0.00024103 Obj 1.03089 Rho 0 GRdif 17.8872 success 228281 failure 27908 obj_new 1.03089 SA_pAcc 0.998102 Delta 0.00181863 SA_r 0.0391514 freedomratio 0.276186
Iter 1500000 pBad 0.590341 T 5.98721e-05 Obj 1.0286 Rho 0 GRdif 16.5856 success 339285 failure 48934 obj_new 1.02861 SA_pAcc 0.824503 Delta 0.0159671 SA_r 0.968949 freedomratio 0.277228
Iter 2000000 pBad 0.490068 T 1.48723e-05 Obj 1.02254 Rho 0 GRdif 13.1047 success 443389 failure 83347 obj_new 1.02254 SA_pAcc 1 Delta 0.0397179 SA_r 0.828065 freedomratio 0.268984
Iter 2500000 pBad 0.380508 T 3.69431e-06 Obj 1.01586 Rho 0 GRdif 9.25026 success 543877 failure 128050 obj_new 1.01586 SA_pAcc 1.06768 Delta -0.016255 SA_r 0.723442 freedomratio 0.256545
Iter 3000000 pBad 0.279966 T 9.17674e-07 Obj 1.01079 Rho 0 GRdif 6.31262 success 633970 failure 197624 obj_new 1.01079 SA_pAcc 1.19881 Delta 0.0064937 SA_r 0.229915 freedomratio 0.255986
Iter 3500000 pBad 0.138525 T 2.27952e-07 Obj 1.0093 Rho 0 GRdif 5.44419 success 704829 failure 308199 obj_new 1.0093 SA_pAcc 1.10052 Delta -0.00133469 SA_r 0.290856 freedomratio 0.232319
Iter 4000000 pBad 0.0624493 T 5.66236e-08 Obj 1.00872 Rho 0 GRdif 5.10539 success 752798 failure 484150 obj_new 1.00872 SA_pAcc 4.51708e-28 Delta -0.00470804 SA_r 0.540579 freedomratio 0.204878
Iter 4500000 pBad 0.024828 T 1.40654e-08 Obj 1.00846 Rho 0 GRdif 4.95654 success 782669 failure 727996 obj_new 1.00847 SA_pAcc 1.09139e-29 Delta 0.00208595 SA_r 0.818793 freedomratio 0.180202
Iter 5000000 pBad 0.0127851 T 3.49387e-09 Obj 1.00839 Rho 0 GRdif 4.91547 success 796467 failure 1024235 obj_new 1.00839 SA_pAcc 0.2674 Delta -0.00034867 SA_r 0.463939 freedomratio 0.170881
Iter 5500000 pBad 0.00848206 T 8.67882e-10 Obj 1.00837 Rho 0 GRdif 4.89911 success 806616 failure 1346160 obj_new 1.00837 SA_pAcc 1.17865e-16 Delta 0.000539419 SA_r 0.624886 freedomratio 0.160437
Iter 6000000 pBad 0.00281613 T 2.15583e-10 Obj 1.00835 Rho 0 GRdif 4.88867 success 813488 failure 1689140 obj_new 1.00835 SA_pAcc 1 Delta -0.000253469 SA_r 0.178943 freedomratio 0.156508
Iter 6500000 pBad 0.00129059 T 5.35513e-11 Obj 1.00834 Rho 0 GRdif 4.88525 success 818387 failure 2046594 obj_new 1.00834 SA_pAcc 1.16444e-52 Delta 0.000115182 SA_r 0.148397 freedomratio 0.153005
Iter 7000000 pBad 0.000358903 T 1.33022e-11 Obj 1.00834 Rho 0 GRdif 4.89449 success 822264 failure 2412390 obj_new 1.00836 SA_pAcc 0 Delta -1.46027e-05 SA_r 0.24098 freedomratio 0.150653
Iter 7500000 pBad 0.000492743 T 3.30429e-12 Obj 1.00834 Rho 0 GRdif 4.88712 success 826532 failure 2782434 obj_new 1.00835 SA_pAcc 0 Delta 2.36194e-06 SA_r 0.730942 freedomratio 0.148597
Iter 8000000 pBad 7.74126e-23 T 8.20792e-13 Obj 1.00834 Rho 0 GRdif 4.8822 success 830148 failure 3142536 obj_new 1.00834 SA_pAcc 1 Delta 1.27798e-24 SA_r 0.694488 freedomratio 0.142511
Iter 8500000 pBad 1.43974e-104 T 2.03886e-13 Obj 1.00834 Rho 0 GRdif 4.8822 success 830148 failure 3451674 obj_new 1.00834 SA_pAcc 1 Delta -2.06493e-106 SA_r 0.25642 freedomratio 0.140838
Iter 9000000 pBad 2.02012e-265 T 5.06457e-14 Obj 1.00834 Rho 0 GRdif 4.88222 success 830148 failure 3764127 obj_new 1.00834 SA_pAcc 0 Delta -1.60639e-266 SA_r 0.013097 freedomratio 0.0958123
Iter 9500000 pBad 0 T 1.25805e-14 Obj 1.00834 Rho 0 GRdif 4.8822 success 830148 failure 4102850 obj_new 1.00834 SA_pAcc 0 Delta -0 SA_r 0.48396 freedomratio 0.0427295
Good enough
iter 7.90215e+06 obj1.00834 rho 0 GRdif 4.8822
Training:
Lab Growth Rates:
0.65 0.1 1.345 0.53 0.47 0.11 0.46 0.56 0.1 0.41 1.483 0.55 0.17 0.58 1.483 0.5 0.46 0.19 0.37 1.248 0.23 0.46 0.22 0.5 0.42 0.3 0.377 0.26 0.47 0.52 0.47 0.55 0.47 0.4 0.23 1.483 1.345 1.345 0.45 0.36 0.26 0.54 0.37 1.483 0.55 0.46 0.25 1.43 0.23 0.55 0.59 0.2 0.71 0.59 1.66 0.476 0.636 0.23 0.56 0.33 0.56 0.5 0.42 0.3 0.5 0.6 0.32 0.59 0.54 0.47 0.52 0.54 0.481 0.46 0.4 0.34 0.43 0.47 0.5 0.636 0.33 0.47 0.58 0.54 0.54 0.47 0.4 0.5 0.4 0.762 0.5 0.53 0.53 0.5 0.5 0.55 0.901 0.54 0.43 0.54 1.483 0.762 0.4 0.59 0.42 1.248 0.1 0.45 0.53 0.54 0.38 0.686 0.5 0.45 0.485 0.4 0.4 0.46 0.4 1.05 0.31 0.4 0.45 0.45 0.5 0.901 0.55 0.47 0.1 0.648 0.465 0.48 0.23 0.7 0.22 0.724 0.762 0.36 0.53 0.45 0.46 0.25 0.37 0.42 0.4 0.4 0.4 1.483 0.54 0.648 0.4 0.2 0.43 0.4 0.54 0.6 1.05 1.345 0.65 0.636 0.39 0.53 0.51 0.52 0.54 0.46 0.42 0.54 1.248 0.32 0.55 0.48 0.49 0.32 0.31 0.48 0.5 0.11 0.25 0.4 0.637 0.55 0.71 0.31 0.46 0.52 0.4 0.4 0.59 0.33 0.55 0.51 0.4 0.54 0.4 0.46 0.635 0.46 0.58 0.52 0.52 0.58 0.5 0.3 0.55 0.45 1.248 0.47 1.248 0.58 0.59 0.3 1.345 0.45 0.54 0.3 0.58 0.54 0.47 0.5 0.901 0.3 0.39 0.71 0.27 0.47 0.37 0.48 0.4 0.686 1.05 0.53 1.67 0.4 0.3 0.34 0.56 1.05 0.42 0.4 1.483 0.33 0.476 0.37 0.4 0.377 0.47 0.5 0.48 0.19 0.4 0.38 0.56 0.901 0.1 0.37 0.4 0.33 0.54 0.42 0.58 1.49 0.4 1.345 0.46 0.37 0.54 0.56 0.4 0.43 0.42 0.45 1.345 0.42 0.25 0.52 0.46 0.4 0.39 0.27 0.58 0.5 0.23 0.37 0.5 0.45 0.23 0.09 1.67 0.4 0.7 0.1 0.58 0.637 0.42 0.56 0.48 1.345 0.22 0.58 0.52 0.37 0.65 0.48 0.5 0.4 1.483 0.58 0.48 0.47 0.6 0.6 0.41 0.485 1.46 0.39 0.55 0.56 0.3 0.3 0.485 0.58 0.5 0.5 0.481 0.25 0.56 0.56 0.43 0.33 1.483 0.54 0.5 0.4 0.42 0.41 0.42 0.41 0.37 0.53 0.43 0.47 0.54 1.05 0.22 0.14 0.53 0.51 0.53 0.59 0.42 0.4 0.27 0.36 0.54 0.5 0.42 0.38 0.58 0.11 0.19 0.47 0.1 0.42 0.42 0.52 1.345 0.54 0.22 0.43 0.48 0.25 0.55 0.301 0.3 0.56 0.36 0.54 0.4 0.49 0.4 0.45 0.4 1.38 0.14 0.56 0.33 0.17 0.27 0.56 0.4 0.46 1.345 0.46 0.59 0.38 0.36 0.38 0.42 0.56 0.4 0.3 0.5 0.68 0.59 0.635 1.345 1.483 0.4 0.476 0.648 0.58 0.47 0.5 0.54 0.68 0.41 0.5 0.56 0.47 0.5 0.68 0.635 0.36 1.03 1.43 0.4 0.58 0.53 0.56 0.56 0.49 0.46 0.41 0.54 0.4 0.43 0.3 0.68 0.58 0.65 0.4 0.54 0.52 0.5 1.66 0.22 0.45 0.45 1.42 0.22 0.45 0.4 1.44 0.27 0.2 0.1 0.45 0.47 0.3 0.4 1.46 0.54 0.09 0.485 0.4 0.45 0.4 0.53 0.42 0.17 0.41 0.37 0.5 0.46 0.58 0.54 0.37 0.4 0.56 1.4 0.09 0.46 1.35 0.481 0.39 0.617 0.5 0.45 0.33 0.3 0.4 0.47 0.4 0.53 0.46 0.68 0.7 0.47 0.4 0.22 0.59 0.36 0.4 0.901 0.5 0.43 0.34 0.27 0.65 0.4 0.58 0.43 0.465 0.43 0.59 0.65 0.4 0.37 0.25 0.4 0.4 1.345 0.5 0.53 0.45 0.377 0.37 0.4 0.65 0.53 0.4 0.5 0.41 0.65 0.52 0.4 0.59 0.58 0.39 0.901 1.483 0.47 0.4 0.26 0.4 0.1 0.25 0.43 0.36 0.59 0.47 0.46 0.301 0.46 0.59 0.23 0.4 0.47 0.52 0.686 0.23 0.36 0.33 1.483 0.59 0.59 0.5 0.58 1.46 0.724 0.762 0.7 0.301 0.4 0.65 0.5 0.37 0.4 0.637 0.724 0.45 0.4 0.465 0.41 0.54 0.58 0.37
Dot Production Prediction of Lab Growth Rates:
0.643166 1.49142 1.3297 0.307814 0.331301 0.371233 0.487675 0.552498 0.403877 0.350121 1.29272 0.543341 0.37421 0.460608 1.35727 1.00845 0.331866 0.275399 0.42637 1.23825 0.563361 0.334016 0.474112 0.347322 0.519648 0.312273 0.56594 0.420449 0.3657 0.308463 0.304886 0.543907 0.400784 0.393312 0.558231 1.32272 1.34996 1.34524 0.364106 0.347441 0.499583 0.32425 0.39329 1.34177 0.555661 0.470418 1.3882 1.13696 0.541326 0.552018 0.541951 0.356844 0.70837 0.331765 1.52018 0.569914 0.704467 0.43339 0.465289 0.321708 0.547408 0.468016 0.309603 0.59301 0.538453 0.619215 0.324097 0.552391 0.476566 0.399508 0.376309 0.306571 0.572542 0.466635 0.395749 0.340006 0.339383 0.362861 0.562682 0.730901 0.347272 0.358778 0.327837 0.302911 0.347931 0.327768 0.391678 0.406667 0.398245 1.45517 0.460535 0.333275 0.430251 0.899742 0.923817 0.487504 0.901006 0.490025 0.339347 0.471968 1.36867 1.45757 0.393297 0.340786 0.48604 1.24795 1.40356 1.36412 0.529001 0.488273 0.376669 0.702777 0.333762 1.39269 0.569793 0.392668 0.394331 0.337686 0.352978 1.07879 0.569232 0.397916 1.34441 0.386122 0.919879 0.90316 0.480111 0.37347 1.53821 0.697433 0.56797 0.322195 0.434086 0.724938 0.475906 0.709141 1.45486 0.400178 0.410303 0.314431 0.304687 0.317767 0.29694 0.320477 0.398646 0.401362 0.392671 1.32107 0.373435 0.699869 0.398096 0.341038 0.424585 0.389543 0.545266 0.591767 1.05048 1.36803 0.68517 0.710932 0.354728 0.530014 0.392676 0.414621 0.349939 0.458472 0.30606 0.484173 1.25768 0.323407 0.495505 0.300824 0.386916 0.343501 0.577261 0.3591 0.352525 0.322511 0.293139 0.392611 0.700834 0.549315 0.70074 0.603282 0.339419 0.335474 0.399575 0.398062 0.340509 0.323304 0.49318 0.393084 0.396126 0.545717 0.39155 0.46211 0.70356 0.415727 0.458884 0.324994 0.411433 0.481921 0.470505 0.598449 0.548239 0.390443 1.24905 0.376863 1.24692 0.373553 0.541937 0.580378 1.33389 1.34741 0.368672 0.526577 0.399396 0.540593 0.407992 0.535165 0.897001 0.59902 0.328338 0.693891 0.355991 0.409666 0.426537 0.291289 0.39619 0.70447 1.04959 0.524578 1.4256 0.392506 0.313365 0.304913 0.539305 1.42111 0.342444 0.400003 1.3522 0.467807 0.561876 0.428006 0.397428 0.561745 0.318194 0.479685 0.269663 0.282396 0.403446 0.299115 0.474082 0.898733 1.17135 0.48258 0.39729 0.292902 0.281287 0.301761 0.460662 1.41889 0.388435 1.34161 0.313123 0.400906 0.398147 0.550458 0.399644 0.360688 0.391463 1.31265 1.34898 0.374092 0.323468 0.363855 0.458677 0.39453 0.300853 0.338105 0.33633 0.987996 0.546616 0.426622 0.447419 0.311943 0.433734 0.371596 1.29512 0.396876 0.74046 1.37292 0.468781 0.704442 0.312549 0.535954 0.305741 1.34231 0.425636 0.458312 0.321182 0.41629 0.650008 0.322576 0.460288 0.398265 1.34028 0.392479 0.357962 0.320051 0.616254 0.611186 0.586285 0.577432 1.08964 0.32794 0.499552 0.55053 0.569429 0.368307 0.582782 0.356451 0.31158 0.85397 0.568159 0.463893 0.471009 0.54635 0.392238 0.295549 1.31709 0.529977 0.977836 0.399502 0.500824 0.393506 0.329981 0.365901 0.381779 0.414172 0.353284 0.37155 0.36867 1.06966 0.342218 0.139976 0.541499 0.3535 0.335026 0.541429 0.315898 0.393685 0.496894 0.401412 0.334901 0.951601 0.333855 0.296571 0.282847 0.333463 0.256663 0.292754 0.340625 0.291154 0.348368 0.393587 1.31197 0.557127 0.468669 0.357742 0.275769 0.509479 0.494968 0.583555 0.340017 0.466405 0.286696 0.388194 0.398327 0.379241 0.390617 1.41889 0.396015 1.24728 0.141031 0.557767 0.454506 0.257863 0.348041 0.52713 0.400629 0.491852 1.35006 0.421992 0.318977 0.276614 0.338358 0.384251 0.303013 0.525023 0.301047 0.50435 0.922111 0.384991 0.549338 0.705603 1.37974 1.29249 0.397922 0.566454 0.694808 0.361056 0.322079 0.82824 0.54531 0.386624 0.580234 0.927695 0.462507 0.331678 0.47151 0.388941 0.706857 0.335738 1.25609 1.15808 0.297307 0.457562 0.396149 0.533669 0.465833 0.372541 0.400792 0.579367 0.488348 0.401792 0.428533 0.319603 0.389616 0.456699 0.619116 0.396374 0.53439 0.33928 0.323934 1.5568 0.467187 0.332498 0.326248 1.46 0.382483 0.390827 0.390324 1.35806 0.282997 0.334854 1.37562 0.38815 0.312889 0.62946 0.39683 1.09801 0.392505 0.349143 0.572084 0.394014 0.390062 0.39724 0.464847 0.349426 0.297466 0.31377 0.418309 0.337736 0.451503 0.462969 0.347853 0.426028 0.397695 0.559775 1.36691 0.422103 0.386145 1.12022 0.570852 0.358731 0.635603 0.325022 1.40114 0.297016 0.311943 0.397741 0.339939 0.396112 0.529697 0.458741 0.39061 0.724878 0.359133 0.400061 0.478613 0.415513 0.355024 0.394925 0.866225 0.539976 0.297546 0.32758 0.320326 0.641639 0.39535 0.470138 0.368229 0.564902 0.358883 0.399299 0.639595 0.400125 0.362641 1.1783 0.394988 0.400565 1.35877 0.361808 0.536637 0.377885 0.570803 0.354135 0.396273 0.652102 0.380356 0.393921 0.559398 0.337678 0.667786 0.367675 0.393714 0.544009 0.470167 0.306257 1.31527 1.31899 0.408201 0.39183 0.4083 0.39537 0.389023 0.332172 0.366361 0.348449 0.542465 0.338229 0.354337 0.586208 0.404664 0.336933 0.543099 0.394121 0.356357 0.306793 0.700141 0.546194 0.328405 0.494863 1.334 0.327732 0.319906 0.381748 0.447526 1.06377 0.708678 1.47524 0.73578 0.573157 0.400547 0.674583 0.366156 0.420791 0.398615 0.707317 0.711293 0.401362 0.397774 0.565915 0.392576 0.32341 0.321566 0.42317
Testing:
Lab Growth Rates:
1.46
Dot Production Prediction of Lab Growth Rates:
1.45746
Best performance so far: 
Obj: 4.6509e-310Rho: 6.5069e-314Diff: 4.6509e-310
Test:
 Lab Growth Rates:
1.46Dot Product Prediction of Growth Rate:
1.457456