seed =  5 traits =  1 
Training: part  149 
Training: part  149 
Round  1 
 Goal of obj  0.99 
Temperature range:  0.015625 1.25e-13 
Cycle 1Round 1
Iter 500000 pBad 0.956419 T 0.00435487 Obj 1.19741 Rho 0 GRdif 105.574 success 126198 failure 1493 obj_new 1.19741 SA_pAcc 1 Delta 0.00861454 SA_r 0.665557 freedomratio 0.376365
Iter 1000000 pBad 0.816466 T 0.00121375 Obj 1.07824 Rho 0 GRdif 44.1414 success 264642 failure 11722 obj_new 1.07824 SA_pAcc 0.844412 Delta 0.0690337 SA_r 0.213243 freedomratio 0.371356
Iter 1500000 pBad 0.769818 T 0.000338286 Obj 1.04005 Rho 0 GRdif 23.0094 success 406480 failure 33187 obj_new 1.04005 SA_pAcc 4.28434 Delta -0.0196525 SA_r 0.0199369 freedomratio 0.366479
Iter 2000000 pBad 0.681958 T 9.42842e-05 Obj 1.02725 Rho 0 GRdif 15.7533 success 546129 failure 59469 obj_new 1.02725 SA_pAcc 1.02667 Delta -0.0269757 SA_r 0.360912 freedomratio 0.353438
Iter 2500000 pBad 0.590933 T 2.62781e-05 Obj 1.01974 Rho 0 GRdif 11.4572 success 682657 failure 92344 obj_new 1.01974 SA_pAcc 1.44427 Delta -0.0354154 SA_r 0.441276 freedomratio 0.363073
Iter 3000000 pBad 0.466109 T 7.324e-06 Obj 1.01583 Rho 0 GRdif 9.20644 success 811894 failure 136975 obj_new 1.01583 SA_pAcc 0.549156 Delta 0.00545141 SA_r 0.197151 freedomratio 0.350269
Iter 3500000 pBad 0.298339 T 2.04128e-06 Obj 1.01111 Rho 0 GRdif 6.47257 success 926313 failure 211936 obj_new 1.01111 SA_pAcc 0.86164 Delta 0.0030957 SA_r 0.88845 freedomratio 0.340896
Iter 4000000 pBad 0.21029 T 5.68928e-07 Obj 1.00926 Rho 0 GRdif 5.39853 success 1020120 failure 328526 obj_new 1.00926 SA_pAcc 1 Delta -0.0068298 SA_r 0.97221 freedomratio 0.324474
Iter 4500000 pBad 0.0917656 T 1.58567e-07 Obj 1.00861 Rho 0 GRdif 5.0328 success 1089443 failure 500285 obj_new 1.00863 SA_pAcc 1.038e-45 Delta 0.00191409 SA_r 0.719076 freedomratio 0.278782
Iter 5000000 pBad 0.0407092 T 4.41943e-08 Obj 1.00837 Rho 0 GRdif 4.88429 success 1130306 failure 743345 obj_new 1.00837 SA_pAcc 1.41251 Delta -0.00179342 SA_r 0.070878 freedomratio 0.249787
Iter 5500000 pBad 0.0133423 T 1.23174e-08 Obj 1.00827 Rho 0 GRdif 4.82964 success 1154902 failure 1039955 obj_new 1.00828 SA_pAcc 1.80344e-31 Delta 0.0010178 SA_r 0.200321 freedomratio 0.217117
Iter 6000000 pBad 0.0106881 T 3.43301e-09 Obj 1.00826 Rho 0 GRdif 4.82214 success 1165844 failure 1380446 obj_new 1.00826 SA_pAcc 1 Delta -0.000810049 SA_r 0.595554 freedomratio 0.206483
Iter 6500000 pBad 0.00426832 T 9.56819e-10 Obj 1.00826 Rho 0 GRdif 4.83253 success 1171839 failure 1736885 obj_new 1.00828 SA_pAcc 0 Delta -0.000148801 SA_r 0.955658 freedomratio 0.202418
Iter 7000000 pBad 0.00267342 T 2.66676e-10 Obj 1.00825 Rho 0 GRdif 4.82029 success 1175447 failure 2102698 obj_new 1.00826 SA_pAcc 0 Delta -7.93565e-05 SA_r 0.0331085 freedomratio 0.2
Iter 7500000 pBad 0.00288263 T 7.43256e-11 Obj 1.00825 Rho 0 GRdif 4.81631 success 1178039 failure 2474667 obj_new 1.00825 SA_pAcc 1 Delta 7.26299e-06 SA_r 0.681754 freedomratio 0.197174
Iter 8000000 pBad 0.000433243 T 2.07154e-11 Obj 1.00825 Rho 0 GRdif 4.81567 success 1179911 failure 2851733 obj_new 1.00825 SA_pAcc 0 Delta -2.3908e-05 SA_r 0.253387 freedomratio 0.194233
Iter 8500000 pBad 0.000355637 T 5.77361e-12 Obj 1.00825 Rho 0 GRdif 4.81563 success 1181206 failure 3232682 obj_new 1.00825 SA_pAcc 0 Delta 2.8794e-05 SA_r 0.491264 freedomratio 0.191942
Iter 9000000 pBad 7.52961e-15 T 1.60917e-12 Obj 1.00825 Rho 0 GRdif 4.8191 success 1184292 failure 3607551 obj_new 1.00826 SA_pAcc 0 Delta 3.0102e-16 SA_r 0.959479 freedomratio 0.185033
Iter 9500000 pBad 2.2014e-43 T 4.48494e-13 Obj 1.00825 Rho 0 GRdif 4.81505 success 1187940 failure 3905646 obj_new 1.00825 SA_pAcc 1 Delta -9.25398e-45 SA_r 0.0310408 freedomratio 0.180753
Iter 10000000 pBad 1.90423e-73 T 1.25e-13 Obj 1.00825 Rho 0 GRdif 4.81505 success 1187940 failure 4201606 obj_new 1.00825 SA_pAcc 1 Delta -5.61912e-75 SA_r 0.912071 freedomratio 0.176879
Cannot move further
iter 9.19204e+06 obj1.00825 rho 0 GRdif 4.81505
Training:
Lab Growth Rates:
0.1 0.301 0.53 0.71 0.37 0.47 0.19 0.22 0.6 0.635 0.47 0.53 0.53 0.56 0.5 0.5 0.37 0.4 0.724 0.3 0.54 0.42 0.2 1.345 0.901 0.56 0.686 0.59 0.54 0.3 0.33 0.5 0.617 0.47 1.483 0.53 0.37 0.58 0.5 0.23 0.36 0.65 0.46 0.52 1.248 0.4 0.52 0.39 0.4 0.42 0.54 0.36 0.22 0.46 0.42 0.47 0.1 0.58 0.4 0.32 1.483 0.648 0.54 0.52 0.1 0.25 1.483 0.55 0.52 0.56 1.66 0.5 0.1 0.5 0.485 0.17 0.4 0.46 0.51 0.54 1.43 0.22 0.4 1.35 1.42 0.42 0.48 0.4 1.03 0.47 0.59 0.56 0.53 0.5 0.23 0.26 0.5 0.56 0.58 0.25 0.46 0.48 0.54 0.4 1.483 0.686 0.11 0.31 0.65 0.42 0.49 0.42 0.47 0.36 0.48 0.47 1.345 0.54 0.4 0.27 0.465 0.762 0.3 0.4 0.37 1.44 0.55 0.1 0.54 0.4 0.4 0.45 0.39 0.901 0.43 0.3 0.52 0.48 1.483 0.481 0.42 0.54 0.59 0.59 0.49 0.43 0.47 0.4 0.48 0.47 0.485 0.46 0.4 0.54 1.345 0.648 0.54 0.37 0.26 0.38 0.47 0.58 0.25 0.43 0.45 0.56 0.58 0.3 0.52 0.56 0.637 0.25 0.4 0.42 0.45 0.39 0.42 0.59 0.4 0.4 0.4 0.53 0.56 0.4 0.481 1.46 0.37 0.55 0.48 0.39 0.54 0.4 0.4 0.32 0.47 0.42 0.54 0.68 0.58 1.46 0.4 0.41 1.248 1.483 0.4 1.05 0.58 0.25 0.41 0.3 0.53 0.65 0.1 0.4 0.37 0.46 0.41 0.54 1.248 0.42 0.4 0.476 0.55 0.59 1.345 0.23 0.46 0.34 0.4 1.345 0.46 0.47 0.59 0.4 0.5 0.52 0.4 0.58 0.46 0.38 0.54 0.17 0.5 0.43 0.47 0.48 0.636 0.17 0.5 0.23 0.5 0.4 0.36 0.762 0.33 0.59 0.45 0.4 0.4 1.05 0.4 0.4 0.46 0.53 0.5 0.55 0.58 0.4 1.67 0.637 0.27 0.37 0.33 0.56 0.54 1.46 0.68 0.26 0.5 0.5 0.46 0.45 0.38 0.53 0.41 0.2 0.52 0.46 0.37 0.301 0.3 0.59 0.4 0.41 0.54 0.09 0.55 0.46 0.58 0.485 0.19 0.43 0.59 0.38 1.248 0.635 1.05 0.51 0.5 0.5 0.46 0.43 0.45 0.47 1.483 0.724 0.54 0.901 0.47 0.58 0.4 0.59 0.5 0.4 0.4 1.38 0.42 0.4 0.56 1.46 0.27 0.56 0.4 0.54 0.47 1.345 0.33 0.47 0.476 0.5 0.5 1.43 0.25 0.58 0.46 0.3 0.5 0.377 0.09 0.1 0.37 0.4 0.5 0.68 0.4 0.4 0.65 0.3 0.47 0.4 0.3 0.34 0.68 1.66 0.42 0.485 0.65 0.45 0.23 0.901 0.648 0.56 0.45 0.46 0.42 0.45 0.23 0.23 1.345 0.3 0.37 0.37 0.47 0.4 0.52 0.4 0.59 1.483 0.5 0.65 0.43 0.19 0.6 0.52 0.54 0.33 0.55 0.686 0.45 0.635 0.4 0.54 0.33 0.6 0.36 0.41 0.59 0.762 0.32 0.14 0.52 0.5 0.42 0.09 0.31 0.53 0.54 0.4 0.7 0.4 0.55 0.4 0.56 0.1 0.5 0.377 0.46 0.56 0.4 0.55 0.58 0.6 0.51 0.68 0.56 0.47 0.3 0.3 0.54 0.1 0.46 0.41 0.54 0.37 1.4 0.27 0.56 0.65 0.58 0.49 0.5 0.637 0.5 0.55 0.45 0.71 0.4 0.22 0.4 0.23 0.58 1.67 0.37 0.23 0.4 0.4 0.54 1.345 1.345 0.27 0.54 0.55 0.45 0.11 0.636 0.36 0.58 0.14 0.3 0.33 0.71 0.27 0.56 0.5 0.5 1.483 0.53 0.724 0.55 0.48 0.53 0.465 1.49 0.39 0.4 0.47 0.7 0.58 0.4 0.39 0.4 0.48 0.58 0.25 0.22 0.33 1.345 0.41 0.59 0.33 0.45 0.58 0.37 0.7 0.481 0.38 0.47 1.248 0.34 0.41 0.22 0.54 0.42 0.43 0.59 0.42 0.5 1.483 0.53 0.36 1.483 1.05 1.05 0.5 1.345 0.45 0.636 0.11 0.53 0.43 0.46 0.58 0.43 0.53 0.7 0.43 0.65 0.65 0.762 0.4 0.301 0.25 0.42 0.4 0.43 0.476 0.47 0.2 0.31 0.901 0.5 0.58 0.56 0.36 0.46 0.4 0.47 0.4 0.22 0.45 0.22 0.465 0.52 0.5 0.54 1.345 0.5 0.59 0.4 1.483 0.36 0.377 0.46 0.901 0.37 0.45
Dot Production Prediction of Lab Growth Rates:
1.28084 0.451522 0.320925 0.717136 0.430495 0.453359 0.332611 0.452688 0.590463 0.714998 0.378135 0.477718 0.542217 0.551937 0.480046 0.36888 0.415454 0.397236 0.723843 0.569769 0.465843 0.341891 0.395407 1.1819 0.904495 0.52974 0.724957 0.547271 0.404799 0.27402 0.33525 0.472209 0.572196 0.42184 1.1536 0.548385 0.42145 0.474341 0.546023 0.539149 0.360289 0.649721 0.304283 0.368228 1.18825 0.404436 0.361817 0.33656 0.400094 0.582891 0.382344 0.357029 0.406682 0.349929 0.363144 0.364783 0.855325 0.476869 0.398521 0.354979 1.11807 0.70857 0.326622 0.359965 1.41766 0.35427 1.09674 0.548487 0.393138 0.555592 1.63751 0.336015 0.36268 0.625591 0.461469 0.332179 0.397879 0.542843 0.409552 0.292053 1.39094 0.471918 0.401148 1.30787 1.60905 0.589083 0.350846 0.405475 1.42563 0.416201 0.33625 0.471341 0.3513 0.545045 0.539073 0.54918 0.657474 0.550888 0.4768 0.359438 0.384074 0.291004 0.44459 0.398158 1.14005 0.724469 0.330036 0.579236 0.659302 0.393655 0.37208 0.332498 0.418289 0.360507 0.357051 0.467514 1.15136 0.374254 0.403996 0.603434 0.459879 1.2659 0.514709 0.40113 0.447106 1.56946 0.542267 0.450125 0.387253 0.403268 0.404462 0.389021 0.366335 0.900983 0.438052 0.413044 0.393912 0.348038 1.08888 0.457773 0.341354 0.539995 0.317134 0.345363 0.400814 0.369486 0.488603 0.399666 0.366388 0.366884 0.45221 0.460005 0.39633 0.424217 1.18569 0.715124 0.339687 0.437279 0.356903 0.288194 0.415133 0.477544 0.536028 0.387986 1.49616 0.547396 0.471095 0.26461 0.354926 0.552335 0.71602 0.349562 0.398623 0.312096 1.51862 0.317461 0.363932 0.344009 0.400603 0.393811 0.333324 0.528413 0.54854 0.396448 0.455732 1.54073 0.42052 0.552593 0.303758 0.332082 0.527566 0.402085 0.401231 0.320167 0.344328 0.34534 0.374835 0.506293 0.476048 1.0203 0.402356 0.399069 1.19197 1.15153 0.4015 1.05 0.45938 1.57544 0.385973 0.54209 0.415371 0.663469 1.15996 0.388218 0.423164 0.459404 0.447359 0.44793 1.18837 0.362371 0.400299 0.459714 0.441251 0.38753 1.16425 0.546613 0.466806 0.306355 0.39797 1.12944 0.525199 0.389339 0.546866 0.401483 0.323065 0.401207 0.401409 0.346876 0.453025 0.367328 0.53239 0.322577 0.389711 0.411057 0.371459 0.307168 0.71651 0.438536 0.717959 0.543484 0.338911 0.402173 0.334404 1.25657 0.366252 0.562739 1.50918 0.390122 0.392501 1.05001 0.393868 0.40266 0.423599 0.54928 0.548455 0.551208 0.389583 0.401656 1.57608 0.713168 0.344678 0.441208 0.443962 0.546248 0.552207 1.01182 0.503154 0.4564 0.392871 0.692214 0.415858 1.51652 0.365102 0.528278 0.454144 0.392005 0.391606 0.457483 0.551114 0.452349 0.54991 0.348848 0.401773 0.39598 0.458452 0.34017 0.454359 0.347601 0.385627 0.460097 0.325026 0.358007 0.551249 0.312914 1.18006 0.711934 1.6011 0.435398 0.624444 0.613422 0.522944 0.418197 0.377653 0.362509 1.156 0.723247 0.540348 1.12443 0.38833 0.476147 0.400466 0.543491 0.468886 0.401525 0.400318 1.37733 0.358678 0.390817 0.533656 1.00916 0.389303 0.474775 0.397347 0.371436 0.377532 1.11268 0.376333 0.362293 0.462923 0.603732 0.481858 1.36804 0.838003 0.370915 0.460757 0.592445 0.326095 0.454381 0.457991 1.16722 0.44188 0.403068 0.651433 0.503547 0.399289 0.401687 0.649985 0.549785 0.459926 0.40133 0.337231 0.323541 0.501895 1.66 0.574834 0.451389 0.63874 0.312232 0.443099 0.90253 0.714504 0.475124 0.427034 0.447464 0.336083 0.320458 0.443422 0.442828 1.1216 0.37575 0.395462 0.436634 0.349343 0.394758 0.401307 0.388095 0.324129 1.15531 0.333398 0.651981 0.376209 0.324255 0.576092 0.401579 0.405739 0.490182 0.553086 0.728158 0.389984 0.717894 0.400048 0.405516 0.323805 0.568209 0.33599 0.363801 0.373176 1.25446 0.310793 0.140495 0.385141 0.409627 0.358663 0.382168 0.572336 0.36171 0.537019 0.398773 0.716523 0.396109 0.437434 0.400048 0.471578 1.43589 0.353596 0.453751 0.313319 0.474052 0.394349 0.458306 0.475758 0.568237 0.418211 0.50419 0.546911 0.447298 0.267717 0.587478 0.460451 0.462011 0.376083 0.328428 0.397734 0.290122 1.53228 0.379065 0.548774 0.627157 0.303419 0.367927 0.476176 0.711426 0.694955 0.552538 0.414838 0.72628 0.401439 0.474632 0.403511 0.544005 0.376969 1.51017 0.415675 0.549192 0.395373 0.402828 0.534956 1.16533 1.20077 0.369563 0.449991 0.444629 1.62733 0.372929 0.725486 0.328783 0.410552 0.139982 0.444443 0.326051 0.72216 0.301049 0.543482 0.669843 0.527416 1.14399 0.530494 0.723996 0.449754 0.326163 0.446756 0.461287 1.59556 0.306169 0.391292 0.412484 0.70858 0.47204 0.400485 0.325275 0.33949 0.315489 0.474467 0.29762 0.470385 0.36422 1.10595 0.456245 0.551696 0.513762 0.332569 0.362149 0.38405 0.714932 0.4562 0.303456 0.399341 1.18573 0.337443 0.339703 0.365462 0.34621 0.340558 0.400532 0.331307 0.319675 0.323977 1.11039 0.403272 0.32278 1.12797 1.05002 0.9992 0.679405 1.16628 1.56028 0.722021 0.395469 0.536724 0.372262 0.409127 0.32014 0.465661 0.275811 0.714881 0.387186 0.660254 0.644244 1.25673 0.396309 0.453929 0.52145 0.315566 0.401199 0.438688 0.463596 0.38157 0.355492 0.565955 0.899391 0.33345 0.471496 0.473816 0.424148 0.466403 0.392612 0.35015 0.403843 0.45875 1.59556 0.470127 0.463925 0.387328 0.527272 0.393371 1.1465 0.473344 0.556366 0.399973 1.1198 0.43664 0.453787 0.455971 0.901 0.424595 0.42568
Testing:
Lab Growth Rates:
0.45 0.45 0.45
Dot Production Prediction of Lab Growth Rates:
0.364647 0.364778 0.379575
Best performance so far: 
Obj: 4.66422e-310Rho: 2.26291e-314Diff: 4.66422e-310
Anneal again with the best G and E so far as input
Cycle 2Round 1
Iter 500000 pBad 0.88689 T 0.00435487 Obj 1.09381 Rho 0 GRdif 52.5441 success 114874 failure 5304 obj_new 1.09381 SA_pAcc 1 Delta 0.0253682 SA_r 0.406612 freedomratio 0.276546
Iter 1000000 pBad 0.838815 T 0.00121375 Obj 1.07127 Rho 0 GRdif 40.3436 success 227506 failure 15822 obj_new 1.07127 SA_pAcc 1 Delta -0.013812 SA_r 0.142633 freedomratio 0.271926
Iter 1500000 pBad 0.749705 T 0.000338286 Obj 1.03782 Rho 0 GRdif 21.7541 success 337163 failure 33972 obj_new 1.03782 SA_pAcc 0.937312 Delta 0.0154839 SA_r 0.727757 freedomratio 0.272812
Iter 2000000 pBad 0.677606 T 9.42842e-05 Obj 1.0274 Rho 0 GRdif 15.8425 success 443796 failure 60200 obj_new 1.0274 SA_pAcc 1 Delta -0.00661748 SA_r 0.435782 freedomratio 0.269178
Iter 2500000 pBad 0.553638 T 2.62781e-05 Obj 1.0216 Rho 0 GRdif 12.5243 success 548401 failure 90943 obj_new 1.0216 SA_pAcc 1.0848 Delta -0.0189396 SA_r 0.490828 freedomratio 0.264202
Iter 3000000 pBad 0.472488 T 7.324e-06 Obj 1.01778 Rho 0 GRdif 10.3291 success 651023 failure 127202 obj_new 1.01778 SA_pAcc 0.905221 Delta -0.0117431 SA_r 0.896381 freedomratio 0.264083
Iter 3500000 pBad 0.297543 T 2.04128e-06 Obj 1.01288 Rho 0 GRdif 7.49677 success 740856 failure 189918 obj_new 1.01288 SA_pAcc 1 Delta 0.0293753 SA_r 0.993136 freedomratio 0.251071
Iter 4000000 pBad 0.194408 T 5.68928e-07 Obj 1.01046 Rho 0 GRdif 6.09993 success 821398 failure 275467 obj_new 1.01046 SA_pAcc 1 Delta -0.0164359 SA_r 0.892101 freedomratio 0.243558
Iter 4500000 pBad 0.106075 T 1.58567e-07 Obj 1.00957 Rho 0 GRdif 5.5791 success 879805 failure 414553 obj_new 1.00957 SA_pAcc 1 Delta 0.00884158 SA_r 0.368302 freedomratio 0.218902
Iter 5000000 pBad 0.0577686 T 4.41943e-08 Obj 1.009 Rho 0 GRdif 5.25252 success 921367 failure 609265 obj_new 1.009 SA_pAcc 1.40954e-15 Delta 0.0011518 SA_r 0.289537 freedomratio 0.19462
Iter 5500000 pBad 0.0263123 T 1.23174e-08 Obj 1.00884 Rho 0 GRdif 5.15717 success 944662 failure 870008 obj_new 1.00884 SA_pAcc 1 Delta 0.000109238 SA_r 0.925351 freedomratio 0.173168
Iter 6000000 pBad 0.00917497 T 3.43301e-09 Obj 1.00878 Rho 0 GRdif 5.12261 success 957602 failure 1175466 obj_new 1.00878 SA_pAcc 1.34463e-213 Delta -0.0004054 SA_r 0.129172 freedomratio 0.163413
Iter 6500000 pBad 0.00823984 T 9.56819e-10 Obj 1.00875 Rho 0 GRdif 5.10755 success 967417 failure 1501864 obj_new 1.00875 SA_pAcc 1 Delta -0.00074568 SA_r 0.166141 freedomratio 0.157781
Iter 7000000 pBad 0.0036479 T 2.66676e-10 Obj 1.00874 Rho 0 GRdif 5.09828 success 975051 failure 1848862 obj_new 1.00874 SA_pAcc 1.19911e-14 Delta -0.000261742 SA_r 0.987153 freedomratio 0.150565
Iter 7500000 pBad 0.000598405 T 7.43256e-11 Obj 1.00873 Rho 0 GRdif 5.09685 success 980659 failure 2211258 obj_new 1.00874 SA_pAcc 0 Delta 2.38537e-05 SA_r 0.777527 freedomratio 0.146794
Iter 8000000 pBad 0.00110904 T 2.07154e-11 Obj 1.00872 Rho 0 GRdif 5.09064 success 986217 failure 2584444 obj_new 1.00872 SA_pAcc 1 Delta -7.85592e-05 SA_r 0.265093 freedomratio 0.144335
Iter 8500000 pBad 3.75341e-05 T 5.77361e-12 Obj 1.00872 Rho 0 GRdif 5.08891 success 992066 failure 2967424 obj_new 1.00872 SA_pAcc 6.03584e-08 Delta -1.99419e-06 SA_r 0.693489 freedomratio 0.139225
Iter 9000000 pBad 0.000660078 T 1.60917e-12 Obj 1.00872 Rho 0 GRdif 5.08828 success 998502 failure 3336299 obj_new 1.00872 SA_pAcc 0 Delta 5.3998e-05 SA_r 0.434489 freedomratio 0.138797
Iter 9500000 pBad 0.0001896 T 4.48494e-13 Obj 1.00872 Rho 0 GRdif 5.08771 success 1004087 failure 3726065 obj_new 1.00872 SA_pAcc 0 Delta -3.92333e-07 SA_r 0.713014 freedomratio 0.137818
Good enough
iter 9.90969e+06 obj1.00872 rho 0 GRdif 5.08718
Training:
Lab Growth Rates:
0.1 0.301 0.53 0.71 0.37 0.47 0.19 0.22 0.6 0.635 0.47 0.53 0.53 0.56 0.5 0.5 0.37 0.4 0.724 0.3 0.54 0.42 0.2 1.345 0.901 0.56 0.686 0.59 0.54 0.3 0.33 0.5 0.617 0.47 1.483 0.53 0.37 0.58 0.5 0.23 0.36 0.65 0.46 0.52 1.248 0.4 0.52 0.39 0.4 0.42 0.54 0.36 0.22 0.46 0.42 0.47 0.1 0.58 0.4 0.32 1.483 0.648 0.54 0.52 0.1 0.25 1.483 0.55 0.52 0.56 1.66 0.5 0.1 0.5 0.485 0.17 0.4 0.46 0.51 0.54 1.43 0.22 0.4 1.35 1.42 0.42 0.48 0.4 1.03 0.47 0.59 0.56 0.53 0.5 0.23 0.26 0.5 0.56 0.58 0.25 0.46 0.48 0.54 0.4 1.483 0.686 0.11 0.31 0.65 0.42 0.49 0.42 0.47 0.36 0.48 0.47 1.345 0.54 0.4 0.27 0.465 0.762 0.3 0.4 0.37 1.44 0.55 0.1 0.54 0.4 0.4 0.45 0.39 0.901 0.43 0.3 0.52 0.48 1.483 0.481 0.42 0.54 0.59 0.59 0.49 0.43 0.47 0.4 0.48 0.47 0.485 0.46 0.4 0.54 1.345 0.648 0.54 0.37 0.26 0.38 0.47 0.58 0.25 0.43 0.45 0.56 0.58 0.3 0.52 0.56 0.637 0.25 0.4 0.42 0.45 0.39 0.42 0.59 0.4 0.4 0.4 0.53 0.56 0.4 0.481 1.46 0.37 0.55 0.48 0.39 0.54 0.4 0.4 0.32 0.47 0.42 0.54 0.68 0.58 1.46 0.4 0.41 1.248 1.483 0.4 1.05 0.58 0.25 0.41 0.3 0.53 0.65 0.1 0.4 0.37 0.46 0.41 0.54 1.248 0.42 0.4 0.476 0.55 0.59 1.345 0.23 0.46 0.34 0.4 1.345 0.46 0.47 0.59 0.4 0.5 0.52 0.4 0.58 0.46 0.38 0.54 0.17 0.5 0.43 0.47 0.48 0.636 0.17 0.5 0.23 0.5 0.4 0.36 0.762 0.33 0.59 0.45 0.4 0.4 1.05 0.4 0.4 0.46 0.53 0.5 0.55 0.58 0.4 1.67 0.637 0.27 0.37 0.33 0.56 0.54 1.46 0.68 0.26 0.5 0.5 0.46 0.45 0.38 0.53 0.41 0.2 0.52 0.46 0.37 0.301 0.3 0.59 0.4 0.41 0.54 0.09 0.55 0.46 0.58 0.485 0.19 0.43 0.59 0.38 1.248 0.635 1.05 0.51 0.5 0.5 0.46 0.43 0.45 0.47 1.483 0.724 0.54 0.901 0.47 0.58 0.4 0.59 0.5 0.4 0.4 1.38 0.42 0.4 0.56 1.46 0.27 0.56 0.4 0.54 0.47 1.345 0.33 0.47 0.476 0.5 0.5 1.43 0.25 0.58 0.46 0.3 0.5 0.377 0.09 0.1 0.37 0.4 0.5 0.68 0.4 0.4 0.65 0.3 0.47 0.4 0.3 0.34 0.68 1.66 0.42 0.485 0.65 0.45 0.23 0.901 0.648 0.56 0.45 0.46 0.42 0.45 0.23 0.23 1.345 0.3 0.37 0.37 0.47 0.4 0.52 0.4 0.59 1.483 0.5 0.65 0.43 0.19 0.6 0.52 0.54 0.33 0.55 0.686 0.45 0.635 0.4 0.54 0.33 0.6 0.36 0.41 0.59 0.762 0.32 0.14 0.52 0.5 0.42 0.09 0.31 0.53 0.54 0.4 0.7 0.4 0.55 0.4 0.56 0.1 0.5 0.377 0.46 0.56 0.4 0.55 0.58 0.6 0.51 0.68 0.56 0.47 0.3 0.3 0.54 0.1 0.46 0.41 0.54 0.37 1.4 0.27 0.56 0.65 0.58 0.49 0.5 0.637 0.5 0.55 0.45 0.71 0.4 0.22 0.4 0.23 0.58 1.67 0.37 0.23 0.4 0.4 0.54 1.345 1.345 0.27 0.54 0.55 0.45 0.11 0.636 0.36 0.58 0.14 0.3 0.33 0.71 0.27 0.56 0.5 0.5 1.483 0.53 0.724 0.55 0.48 0.53 0.465 1.49 0.39 0.4 0.47 0.7 0.58 0.4 0.39 0.4 0.48 0.58 0.25 0.22 0.33 1.345 0.41 0.59 0.33 0.45 0.58 0.37 0.7 0.481 0.38 0.47 1.248 0.34 0.41 0.22 0.54 0.42 0.43 0.59 0.42 0.5 1.483 0.53 0.36 1.483 1.05 1.05 0.5 1.345 0.45 0.636 0.11 0.53 0.43 0.46 0.58 0.43 0.53 0.7 0.43 0.65 0.65 0.762 0.4 0.301 0.25 0.42 0.4 0.43 0.476 0.47 0.2 0.31 0.901 0.5 0.58 0.56 0.36 0.46 0.4 0.47 0.4 0.22 0.45 0.22 0.465 0.52 0.5 0.54 1.345 0.5 0.59 0.4 1.483 0.36 0.377 0.46 0.901 0.37 0.45
Dot Production Prediction of Lab Growth Rates:
1.66723 0.511665 0.326388 0.692822 0.424709 0.442554 0.31215 0.458784 0.618071 0.695367 0.379682 0.486769 0.54081 0.556477 0.487295 0.376683 0.416529 0.390533 0.70578 0.593109 0.480573 0.338885 0.388816 1.34706 0.903191 0.529228 0.706345 0.539983 0.392013 0.277753 0.330933 0.480045 0.662344 0.410824 1.33701 0.556839 0.414905 0.480048 0.555206 0.54167 0.379552 0.647376 0.285827 0.38693 1.09261 0.399923 0.340492 0.320392 0.392236 0.608187 0.369386 0.357701 0.408033 0.355682 0.359694 0.368086 1.00002 0.469997 0.392924 0.358004 1.28346 0.68544 0.31939 0.345553 1.72898 0.360909 1.31264 0.546511 0.386063 0.558068 1.44819 0.351003 0.363757 0.689287 0.50995 0.311931 0.38967 0.584577 0.401675 0.295513 1.13923 0.475985 0.395493 1.06452 1.46997 0.597129 0.343077 0.404064 1.24902 0.411006 0.326871 0.476344 0.344381 0.544603 0.539742 0.594055 0.731869 0.545875 0.47696 0.365793 0.378007 0.286865 0.471232 0.388136 1.36932 0.701492 0.335425 0.617914 0.653583 0.402466 0.396369 0.318691 0.415089 0.360298 0.354358 0.453374 1.34756 0.376627 0.380332 0.619456 0.504255 1.15427 0.531636 0.394995 0.469842 1.45725 0.546751 0.481045 0.397987 0.394836 0.398872 0.390715 0.356518 0.902917 0.448389 0.412597 0.408968 0.342841 1.32084 0.49918 0.347132 0.557094 0.312487 0.346073 0.405315 0.361557 0.46751 0.400796 0.367696 0.35914 0.495865 0.466066 0.390794 0.430631 1.41398 0.694394 0.336645 0.425861 0.384183 0.293655 0.422199 0.478526 0.56427 0.361688 1.37986 0.546896 0.473552 0.272656 0.361242 0.548136 0.690949 0.351508 0.400517 0.303843 1.39267 0.316954 0.364981 0.325016 0.394475 0.374976 0.307082 0.530785 0.545897 0.386594 0.497078 1.40326 0.414404 0.56205 0.287711 0.321931 0.54632 0.394851 0.395697 0.319247 0.325558 0.337163 0.397614 0.359341 0.475214 1.04523 0.405456 0.408991 1.10741 1.31412 0.39546 1.06001 0.459219 1.43318 0.390483 0.536197 0.422442 0.657368 1.42381 0.374317 0.417213 0.456774 0.500341 0.470515 1.09839 0.360749 0.392517 0.504402 0.471503 0.395592 1.35476 0.541773 0.462608 0.320425 0.394011 1.29805 0.560191 0.388804 0.545346 0.395148 0.307226 0.378099 0.403633 0.353368 0.450105 0.383137 0.531723 0.307204 0.381718 0.436127 0.365342 0.282233 0.692889 0.449518 0.848233 0.540535 0.330016 0.40664 0.356603 1.16835 0.362124 0.551571 1.39758 0.375886 0.381038 1.06232 0.392374 0.393248 0.401835 0.538905 0.566609 0.546618 0.379336 0.394398 1.45241 0.687523 0.337386 0.44997 0.474617 0.550616 0.55341 1.04095 0.359206 0.482411 0.408775 0.809889 0.446911 1.39615 0.373815 0.534158 0.502615 0.404058 0.398088 0.484096 0.584556 0.509749 0.538904 0.337353 0.396144 0.405709 0.468774 0.357078 0.479135 0.334961 0.391832 0.507291 0.300899 0.357558 0.540877 0.314435 1.08904 0.691249 1.35256 0.432082 0.678267 0.707252 0.551039 0.407272 0.374416 0.373158 1.37475 0.698676 0.545248 1.03822 0.373465 0.479511 0.402974 0.542696 0.471061 0.393802 0.392375 1.26087 0.349566 0.371533 0.53226 1.04476 0.392275 0.475929 0.378206 0.370811 0.371064 1.34616 0.373098 0.344185 0.507959 0.749728 0.485856 1.11542 0.995613 0.35939 0.460999 0.611127 0.334124 0.50388 0.486945 1.40951 0.425377 0.396158 0.789477 0.354342 0.400809 0.402679 0.651911 0.551694 0.477603 0.396218 0.332803 0.323239 0.358155 1.45446 0.576751 0.496927 0.624039 0.298271 0.430715 0.903157 0.693531 0.476639 0.446425 0.424498 0.345019 0.323135 0.429982 0.430604 1.34009 0.372795 0.407767 0.426424 0.336295 0.392973 0.411243 0.372214 0.314709 1.35727 0.331363 0.669935 0.370556 0.296088 0.585285 0.395062 0.402351 0.523474 0.554958 0.708028 0.381479 0.696787 0.393408 0.395312 0.314658 0.571623 0.335769 0.377559 0.382088 1.1319 0.311279 0.31803 0.375533 0.437547 0.360132 0.393028 0.59333 0.37659 0.5371 0.389023 0.777376 0.386601 0.459173 0.393802 0.470378 1.35388 0.375671 0.50632 0.3124 0.472939 0.383315 0.473128 0.478886 0.591817 0.432358 0.359481 0.548999 0.45154 0.272754 0.606348 0.475397 0.488211 0.370997 0.327945 0.391964 0.28512 1.40332 0.382901 0.545444 0.649469 0.293291 0.389737 0.480935 0.686304 0.785624 0.553791 0.41841 0.704792 0.394237 0.484073 0.39807 0.544493 0.368948 1.38223 0.411877 0.549386 0.383347 0.397034 0.531977 1.34147 1.38867 0.363991 0.47705 0.471227 1.45663 0.384418 0.706222 0.332527 0.403387 0.317412 0.462394 0.32463 0.698945 0.283744 0.541471 0.788419 0.529103 1.29213 0.531134 0.705462 0.474612 0.322296 0.442761 0.506065 1.47791 0.295398 0.379055 0.430811 0.771366 0.471995 0.396207 0.341815 0.325911 0.300479 0.475972 0.29437 0.476222 0.341578 1.33578 0.505023 0.546283 0.547628 0.321446 0.370353 0.406797 0.783075 0.50254 0.308531 0.411536 1.09722 0.343723 0.344901 0.370301 0.325473 0.334347 0.41456 0.321739 0.314154 0.325537 1.30117 0.434692 0.326934 1.33401 1.05996 1.04343 0.816553 1.35305 1.42897 0.699549 0.397554 0.530333 0.3632 0.406888 0.324227 0.446942 0.274889 0.763637 0.379227 0.669347 0.643953 1.14383 0.386865 0.511545 0.527729 0.316995 0.395218 0.425186 0.507818 0.384961 0.352549 0.595048 0.895349 0.3214 0.470158 0.472261 0.437045 0.464482 0.375526 0.36381 0.396512 0.472813 1.47791 0.483662 0.509816 0.376638 0.529602 0.380639 1.36817 0.472531 0.552951 0.400471 1.27259 0.448608 0.509961 0.439632 0.915151 0.418938 0.421975
Testing:
Lab Growth Rates:
0.45 0.45 0.45
Dot Production Prediction of Lab Growth Rates:
0.341392 0.3358 0.368271
Best performance so far: 
Obj: 4.66422e-310Rho: 6.5069e-314Diff: 4.66422e-310
Test:
 Lab Growth Rates:
0.45 0.45 0.45Dot Product Prediction of Growth Rate:
0.3413917 0.3358004 0.3682709