seed =  5 traits =  1 
Training: part  20 
Training: part  20 
Round  1 
 Goal of obj  0.99 
Temperature range:  0.00390625 7.8125e-15 
Cycle 1Round 1
Iter 500000 pBad 0.825955 T 0.00101581 Obj 1.0529 Rho 0 GRdif 30.3077 success 146645 failure 11474 obj_new 1.0529 SA_pAcc 0.938589 Delta 0.0306169 SA_r 0.209984 freedomratio 0.369811
Iter 1000000 pBad 0.76352 T 0.000264158 Obj 1.03362 Rho 0 GRdif 19.4422 success 289238 failure 31936 obj_new 1.03362 SA_pAcc 1 Delta -0.0536669 SA_r 0.92861 freedomratio 0.3675
Iter 1500000 pBad 0.665233 T 6.86935e-05 Obj 1.02413 Rho 0 GRdif 14.0207 success 428286 failure 59231 obj_new 1.02413 SA_pAcc 1.09987 Delta -0.0106599 SA_r 0.178347 freedomratio 0.360958
Iter 2000000 pBad 0.60462 T 1.78635e-05 Obj 1.01926 Rho 0 GRdif 11.2147 success 565403 failure 91769 obj_new 1.01926 SA_pAcc 0.881323 Delta 0.0274387 SA_r 0.639156 freedomratio 0.363861
Iter 2500000 pBad 0.478078 T 4.64535e-06 Obj 1.01273 Rho 0 GRdif 7.43906 success 698216 failure 132309 obj_new 1.01273 SA_pAcc 1.01108 Delta -0.0375221 SA_r 0.532934 freedomratio 0.3581
Iter 3000000 pBad 0.231132 T 1.20801e-06 Obj 1.0089 Rho 0 GRdif 5.21067 success 810170 failure 212907 obj_new 1.0089 SA_pAcc 2.18034 Delta -0.00211525 SA_r 0.14105 freedomratio 0.328859
Iter 3500000 pBad 0.148802 T 3.14139e-07 Obj 1.00829 Rho 0 GRdif 4.85555 success 895261 failure 349384 obj_new 1.00829 SA_pAcc 0.265746 Delta -0.00969981 SA_r 0.558777 freedomratio 0.308499
Iter 4000000 pBad 0.0565511 T 8.16908e-08 Obj 1.00805 Rho 0 GRdif 4.7128 success 946399 failure 562963 obj_new 1.00805 SA_pAcc 0.009166 Delta -0.00313637 SA_r 0.746599 freedomratio 0.263559
Iter 4500000 pBad 0.0306467 T 2.12434e-08 Obj 1.00795 Rho 0 GRdif 4.65827 success 976789 failure 837570 obj_new 1.00795 SA_pAcc 9.2126e-05 Delta 0.00152162 SA_r 0.17844 freedomratio 0.234731
Iter 5000000 pBad 0.0173857 T 5.52429e-09 Obj 1.0079 Rho 0 GRdif 4.62881 success 994202 failure 1156780 obj_new 1.0079 SA_pAcc 5.81744e-05 Delta 0.000550048 SA_r 0.80848 freedomratio 0.212045
Iter 5500000 pBad 0.00565559 T 1.43657e-09 Obj 1.00789 Rho 0 GRdif 4.61856 success 1003852 failure 1508645 obj_new 1.00789 SA_pAcc 2.87748e-17 Delta 0.000534761 SA_r 0.677036 freedomratio 0.200683
Iter 6000000 pBad 0.00382008 T 3.73576e-10 Obj 1.00788 Rho 0 GRdif 4.61411 success 1009393 failure 1879059 obj_new 1.00788 SA_pAcc 1.01086e-12 Delta 2.95517e-05 SA_r 0.298439 freedomratio 0.194188
Iter 6500000 pBad 0.00142676 T 9.71473e-11 Obj 1.00787 Rho 0 GRdif 4.61214 success 1012601 failure 2260596 obj_new 1.00787 SA_pAcc 9.3773e-25 Delta 6.10285e-05 SA_r 0.35723 freedomratio 0.189494
Iter 7000000 pBad 0.000479481 T 2.52628e-11 Obj 1.00787 Rho 0 GRdif 4.62541 success 1014909 failure 2647637 obj_new 1.0079 SA_pAcc 0 Delta 1.18516e-05 SA_r 0.531529 freedomratio 0.187919
Iter 7500000 pBad 0.000480371 T 6.56952e-12 Obj 1.00787 Rho 0 GRdif 4.61116 success 1016550 failure 3039435 obj_new 1.00787 SA_pAcc 0 Delta -8.13276e-06 SA_r 0.0977682 freedomratio 0.18543
Iter 8000000 pBad 0.000289468 T 1.70838e-12 Obj 1.00787 Rho 0 GRdif 4.62123 success 1019517 failure 3427330 obj_new 1.00789 SA_pAcc 0 Delta 1.06507e-05 SA_r 0.812861 freedomratio 0.183292
Iter 8500000 pBad 1.7805e-23 T 4.44259e-13 Obj 1.00787 Rho 0 GRdif 4.61066 success 1023107 failure 3788287 obj_new 1.00787 SA_pAcc 1 Delta -1.084e-24 SA_r 0.976967 freedomratio 0.17381
Iter 9000000 pBad 8.53052e-93 T 1.15528e-13 Obj 1.00787 Rho 0 GRdif 4.6222 success 1023107 failure 4099800 obj_new 1.00789 SA_pAcc 0 Delta -3.67506e-94 SA_r 0.341307 freedomratio 0.170534
Iter 9500000 pBad 1.90524e-296 T 3.00428e-14 Obj 1.00787 Rho 0 GRdif 4.61066 success 1023107 failure 4420000 obj_new 1.00787 SA_pAcc 1 Delta -1.83215e-297 SA_r 0.231532 freedomratio 0.107811
Iter 10000000 pBad 0 T 7.81252e-15 Obj 1.00787 Rho 0 GRdif 4.61343 success 1023107 failure 4773092 obj_new 1.00788 SA_pAcc 0 Delta -0 SA_r 0.94465 freedomratio 0.0447148
Cannot move further
iter 8.41905e+06 obj1.00787 rho 0 GRdif 4.61066
Training:
Lab Growth Rates:
0.42 1.483 0.3 0.4 0.48 0.45 0.59 0.377 0.27 0.54 0.25 0.47 0.4 0.42 0.47 0.56 0.56 0.33 0.41 0.23 0.45 0.56 1.345 0.4 0.47 0.4 1.483 0.37 0.32 0.49 0.46 0.45 0.68 0.5 0.47 0.09 0.56 0.1 0.46 0.46 0.5 0.26 0.5 0.19 0.47 0.637 0.762 0.54 0.37 0.4 0.52 0.46 0.26 0.4 0.42 0.53 0.56 1.345 0.55 0.4 0.45 1.248 0.53 0.43 0.55 0.52 0.23 0.46 0.1 0.48 0.47 0.3 0.724 0.53 0.59 0.7 0.34 0.48 0.59 0.48 0.46 0.5 0.636 0.3 0.33 0.686 0.43 0.47 0.4 0.53 0.59 0.43 1.248 0.58 0.4 0.42 0.52 0.37 0.22 0.5 0.53 0.901 0.4 0.49 0.43 0.36 0.5 0.648 0.5 0.5 0.45 0.6 0.4 0.1 0.53 0.37 0.4 0.1 0.36 0.47 1.345 0.65 0.56 0.55 0.37 0.54 0.43 0.68 0.33 0.25 0.48 0.38 0.47 0.37 0.45 0.5 1.248 0.3 1.483 0.4 0.1 0.39 1.248 0.36 0.54 1.44 1.42 0.56 0.43 1.46 0.52 0.1 0.65 0.4 0.5 0.55 0.3 0.58 0.4 0.5 1.483 0.14 0.465 0.25 1.05 0.58 0.45 0.37 0.42 0.52 0.56 0.6 0.481 0.4 0.39 0.55 0.46 0.54 0.27 0.31 0.19 0.5 0.686 0.36 1.483 0.4 0.43 0.58 0.5 0.54 0.5 0.41 0.55 0.22 0.58 0.43 0.481 0.39 0.485 0.47 0.5 0.45 0.65 1.67 0.42 0.51 0.23 0.47 0.42 0.58 0.54 0.6 0.22 0.54 0.22 0.42 0.22 0.4 0.45 0.43 0.23 0.47 1.05 0.1 0.49 0.58 0.54 0.32 0.47 0.54 0.59 0.4 0.47 0.648 0.901 0.465 0.37 0.22 0.5 0.4 0.48 0.42 0.4 0.37 0.23 0.3 0.53 0.53 1.38 0.53 0.46 1.345 1.66 0.31 0.54 0.52 0.53 0.27 0.635 1.46 0.47 0.14 0.5 0.4 0.46 1.49 0.4 0.4 0.31 0.4 0.42 0.45 0.1 1.03 0.41 0.485 0.37 0.58 0.5 0.52 1.483 0.5 0.33 0.54 0.4 0.36 0.54 0.54 1.345 0.42 0.724 0.42 0.65 0.53 0.7 0.52 0.3 0.4 0.5 0.5 0.2 0.59 0.485 0.301 0.59 0.36 0.47 0.11 0.4 0.4 0.25 0.52 0.45 0.41 0.762 0.762 0.59 0.42 0.54 0.4 0.43 0.46 1.4 0.4 0.901 1.483 1.345 0.4 0.45 1.35 0.4 0.724 0.36 0.26 0.637 0.901 0.54 0.47 0.54 0.4 0.4 0.53 0.56 0.41 0.37 0.55 1.05 1.46 0.46 0.17 0.68 0.68 0.5 0.4 0.59 0.34 0.377 0.4 0.4 0.36 0.54 0.4 0.4 0.65 0.45 0.65 0.4 0.7 0.377 0.476 0.4 0.59 0.56 0.58 0.25 0.617 1.05 0.37 0.71 0.5 0.58 0.37 0.46 0.4 0.54 0.301 0.58 0.5 0.1 0.481 0.4 0.5 0.41 0.47 0.27 1.66 0.42 0.58 0.42 0.301 0.5 0.5 1.345 0.53 0.48 0.58 0.7 0.3 0.465 0.22 0.56 0.55 0.54 0.762 0.39 0.476 0.476 0.65 0.5 0.42 0.4 0.58 0.39 0.27 0.2 0.4 0.17 0.56 0.23 0.51 0.53 0.23 0.56 0.59 0.59 0.54 0.59 0.4 1.345 0.59 1.05 0.4 0.68 0.54 0.3 0.45 0.33 0.47 0.43 0.5 0.4 0.3 1.483 0.5 0.19 0.51 0.09 0.47 0.33 0.48 0.25 0.4 0.23 0.38 0.55 0.54 0.59 0.55 0.3 0.11 0.58 0.3 0.41 0.4 0.33 0.4 0.5 0.47 0.65 0.33 0.4 0.56 0.43 0.54 0.4 0.4 0.37 0.901 0.635 0.46 0.56 0.33 0.648 0.46 0.41 0.55 0.58 0.47 0.46 0.39 0.637 0.4 0.47 0.22 0.686 0.636 0.6 0.4 1.483 0.09 0.52 0.36 0.58 1.248 0.42 0.32 0.59 0.25 0.46 0.34 0.5 0.46 0.56 0.27 1.345 0.37 0.45 0.46 0.4 0.45 1.43 0.485 0.65 0.56 0.48 0.45 0.4 1.345 0.901 0.5 0.41 0.54 0.45 0.52 0.54 0.37 0.46 0.46 0.636 0.3 0.71 0.58 0.38 0.47 1.67 0.54 0.4 0.25 0.42 0.53 1.345 1.483 0.4 0.54 1.483 0.55 0.17 0.56 1.46 1.43 0.71 0.23 0.4 0.52 0.2 0.38 0.635 0.58 0.58 0.38 0.11 1.483 0.4 0.46 1.345 0.3 0.58 0.5
Dot Production Prediction of Lab Growth Rates:
0.327077 1.14777 0.411285 0.398476 0.331894 1.58014 0.389411 0.522365 0.378826 0.34226 0.84974 0.334768 0.401959 0.338203 0.366977 0.536354 0.544406 0.437575 0.346662 0.547054 0.402294 0.468994 1.23459 0.398996 0.367724 0.400544 1.13046 0.413035 0.301228 0.375916 0.413232 0.341746 0.599458 0.465483 0.354971 0.367799 0.535769 1.28274 0.456483 0.421653 0.379316 0.475919 0.366918 0.314208 0.367934 0.697258 0.766148 0.547957 0.443284 0.401604 0.365389 0.429583 0.596916 0.383445 0.601986 0.544488 0.545691 1.15879 0.545195 0.402862 0.399592 0.829973 0.543666 0.359467 0.441918 0.382072 0.545149 0.575069 1.45252 0.313934 0.390278 0.503469 0.723077 0.555374 0.550678 0.705046 0.340059 0.358553 0.300866 0.307323 0.453798 0.467747 0.701934 0.546712 0.326379 0.722755 0.368003 0.34502 0.319196 0.530999 0.553621 0.379367 0.828922 0.467254 0.406174 0.333014 0.3468 0.424361 0.467876 0.354284 0.533843 0.940323 0.401719 0.389973 0.389787 0.359989 0.544805 0.707967 0.666111 0.767108 1.55959 0.535955 0.39248 1.0147 0.340945 0.419958 0.389057 1.02388 0.402332 0.415394 1.21039 0.683116 0.461224 0.431103 0.371109 0.361024 0.410846 0.600431 0.364305 0.352134 0.311327 0.315228 0.369437 0.404566 0.376973 0.793461 0.830026 0.499219 1.20067 0.377552 1.16997 0.316435 0.827353 0.358664 0.534739 1.58178 1.55596 0.463329 0.450081 1.03178 0.34043 0.451589 0.677055 0.388101 0.470069 0.445839 0.42057 0.315317 0.399083 0.326004 1.14808 0.140013 0.522967 0.583149 1.05014 0.304512 0.375658 0.411426 0.342939 0.365341 0.552536 0.558562 0.51973 0.381991 0.326117 0.550004 0.460669 0.440073 0.301287 0.581155 0.329106 0.661564 0.725763 0.328803 1.17425 0.402213 0.356529 0.393905 0.532657 0.353327 0.749409 0.380598 0.442157 0.467808 0.464708 0.351624 0.519393 0.357466 0.522774 0.473652 0.319 0.40111 0.651172 1.53954 0.333651 0.390449 0.539016 0.419194 0.575009 0.467557 0.541444 0.532783 0.435419 0.439328 0.34899 0.343963 0.468439 0.393227 1.52537 0.421322 0.431124 0.326838 1.05024 0.363997 0.365237 0.349388 0.394136 0.325143 0.36469 0.384835 0.32012 0.390221 0.342454 0.707998 0.901035 0.524184 0.298157 0.466356 0.752581 0.400032 0.343005 0.35579 0.40206 0.415602 0.537048 0.530856 0.541284 0.532738 1.34215 0.297613 0.466485 1.16827 1.60663 0.574802 0.445516 0.340152 0.496416 0.635516 0.71222 1.61159 0.38701 0.139902 0.468502 0.404362 0.538247 1.58014 0.394074 0.40001 0.571152 0.401255 0.329685 0.327095 0.443358 1.37054 0.37607 0.513845 0.595795 0.351003 0.66412 0.379993 1.17878 0.692532 0.322754 0.384732 0.399972 0.343529 0.540293 0.533785 1.2096 0.370958 0.723972 0.311807 0.649948 0.394857 0.697169 0.347988 0.368198 0.401665 0.317623 0.317484 0.347077 0.543169 0.513723 0.517382 0.341281 0.359372 0.440047 0.339087 0.394871 0.401041 0.531973 0.370502 1.52769 0.335082 0.76199 0.768835 0.321483 0.591561 0.380973 0.399284 0.430507 0.333098 1.50175 0.392346 0.903865 1.2111 1.20045 0.400161 1.52922 1.32148 0.401381 0.71975 0.420444 0.338442 0.699817 0.90068 0.350745 0.396338 0.385395 0.39198 0.402133 0.312741 0.540404 0.518662 0.426649 0.544645 1.05 1.02549 0.459997 0.336314 0.603071 0.594621 0.321588 0.395923 0.544033 0.325504 0.524496 0.39785 0.379888 0.322404 0.417043 0.400415 0.402077 0.632587 0.357683 0.653581 0.401062 0.69996 0.522349 0.525622 0.402006 0.549707 0.540695 0.463982 0.315927 0.616957 1.62244 0.411601 0.718296 0.527937 0.460359 0.422614 0.403118 0.401259 0.551922 0.516685 0.346394 0.547761 0.8922 0.5207 0.375474 0.370771 0.339048 0.334481 0.354961 1.66 0.314045 0.446132 0.342728 0.517837 0.688256 0.324836 1.20445 0.380774 0.338118 0.465268 0.708765 0.301063 0.520477 0.390924 0.468572 0.446211 0.318963 0.763874 0.304023 0.526288 0.525226 0.649993 0.347422 0.374222 0.397729 0.356103 0.322262 0.327601 0.407793 0.399879 0.308548 0.547389 0.43166 0.418848 0.430623 0.535819 0.54633 0.545376 0.549378 0.441493 0.319473 0.397045 1.12557 0.364067 1.0136 0.389714 0.599158 0.443222 0.488044 0.32725 0.353796 0.472287 0.359191 0.460061 0.402071 0.300031 1.15676 0.543396 0.320165 0.402076 0.45283 0.361375 0.481855 0.309374 0.34848 0.39975 0.432414 0.322399 0.544098 0.307655 0.317308 0.549413 0.295756 0.382784 0.466756 0.326882 0.518345 0.401815 0.360295 0.392689 0.772237 0.413794 0.63685 0.526004 0.402625 0.472433 0.407336 0.533671 0.403522 0.40075 0.42537 0.901 0.710634 0.465406 0.464255 0.318269 0.704688 0.309572 0.380142 0.547225 0.469214 0.35046 0.358565 0.331517 0.697906 0.402204 0.4645 0.461082 0.726985 0.720445 0.534215 0.339949 1.16715 0.336823 0.37259 0.334432 0.467317 0.823969 0.334313 0.333076 0.327592 0.343846 0.447264 0.331473 0.331586 0.588633 0.540253 0.368667 1.2398 0.373835 0.333682 0.377818 0.40163 0.34144 1.4302 0.520769 0.642219 0.531639 0.323964 1.53742 0.394328 1.1605 0.783211 0.460237 0.50618 0.38653 0.340469 0.381837 0.339979 0.407624 0.44242 0.29829 0.717358 0.496771 0.721363 0.466977 0.306311 0.360517 1.4806 0.397968 0.404916 1.56207 0.313239 0.34711 1.12949 1.15569 0.387582 0.44952 1.17304 0.44967 0.437936 0.54183 1.0078 1.41581 0.714185 0.540118 0.402377 0.369587 0.404656 0.351796 0.708851 0.365677 0.368438 0.355465 0.385274 1.15748 0.397683 0.349789 1.21194 0.574026 0.474433 0.791706
Testing:
Lab Growth Rates:
0.45
Dot Production Prediction of Lab Growth Rates:
1.62148
Best performance so far: 
Obj: 4.64642e-310Rho: 2.26291e-314Diff: 4.64642e-310
Anneal again with the best G and E so far as input
Cycle 2Round 1
Iter 500000 pBad 0.809196 T 0.00101581 Obj 1.05961 Rho 0 GRdif 34.0469 success 110845 failure 11469 obj_new 1.05961 SA_pAcc 1 Delta -0.0547384 SA_r 0.176131 freedomratio 0.270221
Iter 1000000 pBad 0.743123 T 0.000264158 Obj 1.03293 Rho 0 GRdif 19.0534 success 217845 failure 31683 obj_new 1.03293 SA_pAcc 0.767672 Delta 0.0523304 SA_r 0.567283 freedomratio 0.261101
Iter 1500000 pBad 0.635665 T 6.86935e-05 Obj 1.02607 Rho 0 GRdif 15.1307 success 323216 failure 56268 obj_new 1.02607 SA_pAcc 1.18175 Delta -0.0214789 SA_r 0.742357 freedomratio 0.267516
Iter 2000000 pBad 0.501458 T 1.78635e-05 Obj 1.02057 Rho 0 GRdif 11.9702 success 424147 failure 92621 obj_new 1.02057 SA_pAcc 1 Delta -0.0364595 SA_r 0.600044 freedomratio 0.266184
Iter 2500000 pBad 0.36609 T 4.64535e-06 Obj 1.0173 Rho 0 GRdif 10.0882 success 522240 failure 134108 obj_new 1.0173 SA_pAcc 1 Delta 0.00677427 SA_r 0.76697 freedomratio 0.261333
Iter 3000000 pBad 0.247359 T 1.20801e-06 Obj 1.01208 Rho 0 GRdif 7.0586 success 602753 failure 215799 obj_new 1.01208 SA_pAcc 1 Delta 0.0231543 SA_r 0.620007 freedomratio 0.243579
Iter 3500000 pBad 0.123908 T 3.14139e-07 Obj 1.01021 Rho 0 GRdif 5.97443 success 673904 failure 319250 obj_new 1.01021 SA_pAcc 1.77632 Delta 0.00358138 SA_r 0.130345 freedomratio 0.232044
Iter 4000000 pBad 0.071895 T 8.16908e-08 Obj 1.00965 Rho 0 GRdif 5.67289 success 720468 failure 485848 obj_new 1.00969 SA_pAcc 2.10524e-227 Delta -0.00231172 SA_r 0.989196 freedomratio 0.207774
Iter 4500000 pBad 0.0421755 T 2.12434e-08 Obj 1.00937 Rho 0 GRdif 5.48353 success 751758 failure 707267 obj_new 1.00937 SA_pAcc 1 Delta 0.00197246 SA_r 0.0533346 freedomratio 0.183693
Iter 5000000 pBad 0.0221145 T 5.52429e-09 Obj 1.00923 Rho 0 GRdif 5.40476 success 771605 failure 987209 obj_new 1.00923 SA_pAcc 1.04182e-15 Delta -0.000545885 SA_r 0.612391 freedomratio 0.1642
Iter 5500000 pBad 0.00579216 T 1.43657e-09 Obj 1.00919 Rho 0 GRdif 5.37781 success 785182 failure 1307354 obj_new 1.00919 SA_pAcc 0 Delta -0.000124274 SA_r 0.475451 freedomratio 0.152135
Iter 6000000 pBad 0.00312383 T 3.73576e-10 Obj 1.00917 Rho 0 GRdif 5.36978 success 791264 failure 1655713 obj_new 1.00917 SA_pAcc 0 Delta -0.000239804 SA_r 0.71174 freedomratio 0.15
Iter 6500000 pBad 0.00317628 T 9.71473e-11 Obj 1.00917 Rho 0 GRdif 5.36923 success 795529 failure 2013878 obj_new 1.00917 SA_pAcc 0 Delta -0.000170701 SA_r 0.290975 freedomratio 0.147295
Iter 7000000 pBad 0.000994157 T 2.52628e-11 Obj 1.00916 Rho 0 GRdif 5.36268 success 799944 failure 2378440 obj_new 1.00916 SA_pAcc 4.015e-297 Delta -2.01242e-05 SA_r 0.741116 freedomratio 0.144828
Iter 7500000 pBad 0.000690344 T 6.56952e-12 Obj 1.00916 Rho 0 GRdif 5.36622 success 803110 failure 2752164 obj_new 1.00917 SA_pAcc 0 Delta -3.89178e-05 SA_r 0.014333 freedomratio 0.142304
Iter 8000000 pBad 0.000115127 T 1.70838e-12 Obj 1.00916 Rho 0 GRdif 5.36334 success 809866 failure 3138298 obj_new 1.00916 SA_pAcc 0 Delta -1.50407e-06 SA_r 0.864217 freedomratio 0.136143
Iter 8500000 pBad 0.000141047 T 4.44259e-13 Obj 1.00916 Rho 0 GRdif 5.36537 success 815345 failure 3535332 obj_new 1.00917 SA_pAcc 0 Delta 8.52405e-07 SA_r 0.0423505 freedomratio 0.132671
Iter 9000000 pBad 5.05613e-97 T 1.15528e-13 Obj 1.00916 Rho 0 GRdif 5.35972 success 819060 failure 3912146 obj_new 1.00916 SA_pAcc 0 Delta -2.75997e-98 SA_r 0.867557 freedomratio 0.128834
Iter 9500000 pBad 0 T 3.00428e-14 Obj 1.00916 Rho 0 GRdif 5.35927 success 819060 failure 4262181 obj_new 1.00916 SA_pAcc 0 Delta -0 SA_r 0.0551752 freedomratio 0.124761
Good enough
iter 8.88929e+06 obj1.00916 rho 0 GRdif 5.35927
Training:
Lab Growth Rates:
0.42 1.483 0.3 0.4 0.48 0.45 0.59 0.377 0.27 0.54 0.25 0.47 0.4 0.42 0.47 0.56 0.56 0.33 0.41 0.23 0.45 0.56 1.345 0.4 0.47 0.4 1.483 0.37 0.32 0.49 0.46 0.45 0.68 0.5 0.47 0.09 0.56 0.1 0.46 0.46 0.5 0.26 0.5 0.19 0.47 0.637 0.762 0.54 0.37 0.4 0.52 0.46 0.26 0.4 0.42 0.53 0.56 1.345 0.55 0.4 0.45 1.248 0.53 0.43 0.55 0.52 0.23 0.46 0.1 0.48 0.47 0.3 0.724 0.53 0.59 0.7 0.34 0.48 0.59 0.48 0.46 0.5 0.636 0.3 0.33 0.686 0.43 0.47 0.4 0.53 0.59 0.43 1.248 0.58 0.4 0.42 0.52 0.37 0.22 0.5 0.53 0.901 0.4 0.49 0.43 0.36 0.5 0.648 0.5 0.5 0.45 0.6 0.4 0.1 0.53 0.37 0.4 0.1 0.36 0.47 1.345 0.65 0.56 0.55 0.37 0.54 0.43 0.68 0.33 0.25 0.48 0.38 0.47 0.37 0.45 0.5 1.248 0.3 1.483 0.4 0.1 0.39 1.248 0.36 0.54 1.44 1.42 0.56 0.43 1.46 0.52 0.1 0.65 0.4 0.5 0.55 0.3 0.58 0.4 0.5 1.483 0.14 0.465 0.25 1.05 0.58 0.45 0.37 0.42 0.52 0.56 0.6 0.481 0.4 0.39 0.55 0.46 0.54 0.27 0.31 0.19 0.5 0.686 0.36 1.483 0.4 0.43 0.58 0.5 0.54 0.5 0.41 0.55 0.22 0.58 0.43 0.481 0.39 0.485 0.47 0.5 0.45 0.65 1.67 0.42 0.51 0.23 0.47 0.42 0.58 0.54 0.6 0.22 0.54 0.22 0.42 0.22 0.4 0.45 0.43 0.23 0.47 1.05 0.1 0.49 0.58 0.54 0.32 0.47 0.54 0.59 0.4 0.47 0.648 0.901 0.465 0.37 0.22 0.5 0.4 0.48 0.42 0.4 0.37 0.23 0.3 0.53 0.53 1.38 0.53 0.46 1.345 1.66 0.31 0.54 0.52 0.53 0.27 0.635 1.46 0.47 0.14 0.5 0.4 0.46 1.49 0.4 0.4 0.31 0.4 0.42 0.45 0.1 1.03 0.41 0.485 0.37 0.58 0.5 0.52 1.483 0.5 0.33 0.54 0.4 0.36 0.54 0.54 1.345 0.42 0.724 0.42 0.65 0.53 0.7 0.52 0.3 0.4 0.5 0.5 0.2 0.59 0.485 0.301 0.59 0.36 0.47 0.11 0.4 0.4 0.25 0.52 0.45 0.41 0.762 0.762 0.59 0.42 0.54 0.4 0.43 0.46 1.4 0.4 0.901 1.483 1.345 0.4 0.45 1.35 0.4 0.724 0.36 0.26 0.637 0.901 0.54 0.47 0.54 0.4 0.4 0.53 0.56 0.41 0.37 0.55 1.05 1.46 0.46 0.17 0.68 0.68 0.5 0.4 0.59 0.34 0.377 0.4 0.4 0.36 0.54 0.4 0.4 0.65 0.45 0.65 0.4 0.7 0.377 0.476 0.4 0.59 0.56 0.58 0.25 0.617 1.05 0.37 0.71 0.5 0.58 0.37 0.46 0.4 0.54 0.301 0.58 0.5 0.1 0.481 0.4 0.5 0.41 0.47 0.27 1.66 0.42 0.58 0.42 0.301 0.5 0.5 1.345 0.53 0.48 0.58 0.7 0.3 0.465 0.22 0.56 0.55 0.54 0.762 0.39 0.476 0.476 0.65 0.5 0.42 0.4 0.58 0.39 0.27 0.2 0.4 0.17 0.56 0.23 0.51 0.53 0.23 0.56 0.59 0.59 0.54 0.59 0.4 1.345 0.59 1.05 0.4 0.68 0.54 0.3 0.45 0.33 0.47 0.43 0.5 0.4 0.3 1.483 0.5 0.19 0.51 0.09 0.47 0.33 0.48 0.25 0.4 0.23 0.38 0.55 0.54 0.59 0.55 0.3 0.11 0.58 0.3 0.41 0.4 0.33 0.4 0.5 0.47 0.65 0.33 0.4 0.56 0.43 0.54 0.4 0.4 0.37 0.901 0.635 0.46 0.56 0.33 0.648 0.46 0.41 0.55 0.58 0.47 0.46 0.39 0.637 0.4 0.47 0.22 0.686 0.636 0.6 0.4 1.483 0.09 0.52 0.36 0.58 1.248 0.42 0.32 0.59 0.25 0.46 0.34 0.5 0.46 0.56 0.27 1.345 0.37 0.45 0.46 0.4 0.45 1.43 0.485 0.65 0.56 0.48 0.45 0.4 1.345 0.901 0.5 0.41 0.54 0.45 0.52 0.54 0.37 0.46 0.46 0.636 0.3 0.71 0.58 0.38 0.47 1.67 0.54 0.4 0.25 0.42 0.53 1.345 1.483 0.4 0.54 1.483 0.55 0.17 0.56 1.46 1.43 0.71 0.23 0.4 0.52 0.2 0.38 0.635 0.58 0.58 0.38 0.11 1.483 0.4 0.46 1.345 0.3 0.58 0.5
Dot Production Prediction of Lab Growth Rates:
0.359874 1.29756 0.412346 0.357901 0.298331 1.41533 0.374552 0.615102 0.377403 0.330721 0.984449 0.367391 0.351588 0.333867 0.409145 0.544115 0.545659 0.476664 0.37337 0.545574 0.419447 0.457614 1.36224 0.357292 0.355347 0.359912 1.31195 0.418625 0.297586 0.381876 0.412092 0.330483 0.365238 0.464446 0.379732 0.386833 0.532798 1.94152 0.450698 0.429639 0.443431 0.48392 0.385982 0.309419 0.373913 0.679942 0.767236 0.554598 0.460382 0.350791 0.37291 0.442962 0.606024 0.340792 0.617737 0.543066 0.542657 1.31441 0.548454 0.352604 0.426129 0.83369 0.53419 0.36959 0.464871 0.367997 0.546678 0.559516 1.33412 0.280252 0.419041 0.633484 0.691775 0.553112 0.550935 0.880733 0.336288 0.343705 0.298844 0.297972 0.483032 0.461602 0.686133 0.69927 0.304526 0.68976 0.373845 0.379295 0.303313 0.526842 0.548296 0.383988 0.836458 0.46061 0.397823 0.30963 0.330706 0.439556 0.468394 0.385135 0.529992 0.9316 0.362443 0.413863 0.403863 0.381088 0.554873 0.683528 0.723842 0.763722 1.40001 0.670439 0.357029 1.59974 0.346159 0.424646 0.348427 1.60358 0.43745 0.406875 1.34927 0.656129 0.45756 0.445595 0.388474 0.398545 0.411661 0.364296 0.380298 0.34975 0.26898 0.304565 0.409419 0.406341 0.403498 0.825095 0.837504 0.621859 1.31871 0.335742 1.82139 0.315364 0.83083 0.351965 0.545722 1.40686 1.43456 0.459214 0.453648 1.05873 0.359847 0.471504 0.649939 0.345384 0.469653 0.460073 0.523698 0.313171 0.359093 0.321199 1.33831 0.424312 0.621011 0.574927 1.1104 0.272212 0.385153 0.416008 0.352655 0.413382 0.545575 0.673873 0.615687 0.339458 0.31038 0.556248 0.45043 0.446795 0.27131 0.646324 0.319181 0.724245 0.690125 0.34205 1.31476 0.351949 0.36972 0.397361 0.529532 0.384681 0.801936 0.406965 0.46199 0.4702 0.45814 0.354924 0.614702 0.342884 0.618185 0.486618 0.318793 0.436734 0.663741 1.38009 0.330877 0.405085 0.555204 0.439993 0.617612 0.46196 0.535942 0.658719 0.46542 0.448195 0.36697 0.337761 0.463995 0.344142 1.3092 0.430483 0.434137 0.315006 1.10642 0.373077 0.398707 0.380161 0.379397 0.318742 0.354233 0.359393 0.304327 0.353371 0.370259 0.684374 0.901 0.621043 0.273252 0.463153 0.808005 0.351746 0.329635 0.334758 0.351573 0.41903 0.548566 0.650282 0.5398 0.532587 1.25089 0.262527 0.455548 1.3365 1.42241 0.625229 0.457112 0.364124 0.49357 0.621072 0.688169 1.43049 0.376668 0.419789 0.463358 0.355308 0.536597 1.41533 0.346989 0.350944 0.631583 0.352028 0.286564 0.347352 0.457692 1.27602 0.407003 0.609087 0.576453 0.379815 0.719674 0.407906 1.33867 0.716034 0.297571 0.409036 0.358271 0.359974 0.539589 0.538124 1.34457 0.378365 0.690097 0.319405 0.626745 0.42985 0.875247 0.385172 0.381212 0.360412 0.310494 0.344787 0.358511 0.539426 0.612049 0.628241 0.331434 0.363114 0.439426 0.333834 0.345324 0.353131 0.527518 0.36713 1.35938 0.301245 0.761713 0.767787 0.327975 0.637347 0.398436 0.352935 0.436122 0.331685 1.4 0.346638 0.904563 1.34895 1.32949 0.349682 1.34543 1.16346 0.349626 0.687838 0.443657 0.380892 0.683815 0.901 0.378298 0.390622 0.373905 0.345174 0.351674 0.323861 0.546896 0.625809 0.430115 0.54701 1.09914 1.06746 0.456743 0.300172 0.367949 0.364628 0.318385 0.346272 0.5416 0.319206 0.615761 0.349986 0.339828 0.329654 0.427521 0.349917 0.361476 0.621277 0.386347 0.652921 0.353064 0.868253 0.618985 0.62107 0.3525 0.550663 0.549294 0.459954 0.292797 0.693456 1.42815 0.41694 0.68835 0.528748 0.460715 0.429241 0.401787 0.352368 0.551566 0.629314 0.343159 0.558182 0.999281 0.614064 0.335558 0.38215 0.342914 0.339007 0.375167 1.45082 0.290336 0.441999 0.31793 0.626156 0.751565 0.335551 1.35187 0.43152 0.338852 0.459995 0.872086 0.252367 0.618888 0.40586 0.462333 0.466254 0.313954 0.764052 0.290765 0.621611 0.619402 0.649981 0.362256 0.41721 0.360321 0.358356 0.326667 0.340282 0.40428 0.349034 0.311208 0.545034 0.435521 0.450774 0.450384 0.543488 0.547134 0.542453 0.551179 0.443272 0.321191 0.347917 1.31641 0.353005 1.04833 0.343148 0.36706 0.444663 0.556105 0.299467 0.347268 0.498043 0.356249 0.449676 0.363988 0.248611 1.31373 0.539375 0.296743 0.434494 0.486019 0.378358 0.530617 0.288705 0.349529 0.352151 0.434203 0.305057 0.548799 0.277499 0.307044 0.553257 0.245836 0.383349 0.463747 0.328906 0.625978 0.349763 0.365313 0.358705 0.812901 0.391885 0.646095 0.542282 0.352904 0.4646 0.409839 0.538818 0.354401 0.351582 0.427012 0.904513 0.686139 0.454956 0.458522 0.31761 0.678801 0.288114 0.373243 0.550119 0.45987 0.345579 0.358671 0.30988 0.683993 0.363261 0.496373 0.458258 0.690357 0.692641 0.657221 0.319205 1.34359 0.345041 0.367629 0.314399 0.458149 0.830825 0.329404 0.338424 0.31838 0.357323 0.443145 0.305459 0.327484 0.571184 0.55296 0.377026 1.37316 0.400737 0.353152 0.371741 0.352941 0.31747 1.23788 0.620448 0.650105 0.527951 0.331619 1.35828 0.345709 1.35619 0.794153 0.454586 0.622585 0.384785 0.366902 0.422448 0.339021 0.412682 0.444983 0.275251 0.687282 0.618122 0.694436 0.462318 0.281414 0.352519 1.34801 0.372014 0.367105 1.37351 0.298499 0.379523 1.32552 1.30551 0.34638 0.450032 1.31066 0.463156 0.43988 0.546705 1.07627 1.22105 0.682861 0.542009 0.35258 0.409505 0.386897 0.380945 0.684604 0.390463 0.375353 0.377641 0.400443 1.31368 0.348981 0.341856 1.38929 0.673446 0.451443 0.837693
Testing:
Lab Growth Rates:
0.45
Dot Production Prediction of Lab Growth Rates:
1.42489
Best performance so far: 
Obj: 4.64642e-310Rho: 6.5069e-314Diff: 4.64642e-310
Test:
 Lab Growth Rates:
0.45Dot Product Prediction of Growth Rate:
1.424891