seed =  5 traits =  1 
Training: part  97 
Training: part  97 
Round  1 
 Goal of obj  0.99 
Temperature range:  0.00390625 7.8125e-15 
Cycle 1Round 1
Iter 500000 pBad 0.849978 T 0.00101581 Obj 1.08106 Rho 0 GRdif 45.8283 success 146347 failure 10494 obj_new 1.08106 SA_pAcc 1 Delta -0.00218574 SA_r 0.00717956 freedomratio 0.373808
Iter 1000000 pBad 0.743731 T 0.000264158 Obj 1.03683 Rho 0 GRdif 21.2663 success 288147 failure 32026 obj_new 1.03683 SA_pAcc 0.809562 Delta -0.0612617 SA_r 0.557086 freedomratio 0.373333
Iter 1500000 pBad 0.696759 T 6.86935e-05 Obj 1.02364 Rho 0 GRdif 13.7386 success 427955 failure 58698 obj_new 1.02364 SA_pAcc 0.735847 Delta -0.0362097 SA_r 0.381924 freedomratio 0.362069
Iter 2000000 pBad 0.555583 T 1.78635e-05 Obj 1.01727 Rho 0 GRdif 10.0681 success 564649 failure 90864 obj_new 1.01727 SA_pAcc 1 Delta 0.0373775 SA_r 0.567278 freedomratio 0.352096
Iter 2500000 pBad 0.41071 T 4.64535e-06 Obj 1.01401 Rho 0 GRdif 8.18043 success 692796 failure 137896 obj_new 1.01401 SA_pAcc 1.16471 Delta 0.0263349 SA_r 0.399717 freedomratio 0.361401
Iter 3000000 pBad 0.252877 T 1.20801e-06 Obj 1.00979 Rho 0 GRdif 5.72668 success 805407 failure 216780 obj_new 1.00979 SA_pAcc 0.475284 Delta -0.022107 SA_r 0.775907 freedomratio 0.33871
Iter 3500000 pBad 0.133464 T 3.14139e-07 Obj 1.00864 Rho 0 GRdif 5.05877 success 891130 failure 351725 obj_new 1.00864 SA_pAcc 0.344658 Delta 0.00273243 SA_r 0.165766 freedomratio 0.303093
Iter 4000000 pBad 0.0545227 T 8.16908e-08 Obj 1.0084 Rho 0 GRdif 4.91984 success 941168 failure 567944 obj_new 1.0084 SA_pAcc 1 Delta 0.00526457 SA_r 0.191368 freedomratio 0.260292
Iter 4500000 pBad 0.0229942 T 2.12434e-08 Obj 1.00834 Rho 0 GRdif 4.88376 success 966778 failure 853303 obj_new 1.00834 SA_pAcc 0.00441129 Delta -0.00231505 SA_r 0.607301 freedomratio 0.230227
Iter 5000000 pBad 0.010661 T 5.52429e-09 Obj 1.00831 Rho 0 GRdif 4.86586 success 981143 failure 1179529 obj_new 1.00831 SA_pAcc 3.00404e-292 Delta -0.000355234 SA_r 0.636559 freedomratio 0.213974
Iter 5500000 pBad 0.00695362 T 1.43657e-09 Obj 1.00829 Rho 0 GRdif 4.85597 success 989390 failure 1528414 obj_new 1.00829 SA_pAcc 1 Delta 0.000520468 SA_r 0.412464 freedomratio 0.204735
Iter 6000000 pBad 0.00347207 T 3.73576e-10 Obj 1.00829 Rho 0 GRdif 4.96915 success 994607 failure 1891530 obj_new 1.00849 SA_pAcc 0 Delta -0.000271162 SA_r 0.194455 freedomratio 0.199864
Iter 6500000 pBad 0.00142637 T 9.71473e-11 Obj 1.00829 Rho 0 GRdif 4.85224 success 997304 failure 2265303 obj_new 1.00829 SA_pAcc 6.95584e-49 Delta -8.06957e-05 SA_r 0.141782 freedomratio 0.196524
Iter 7000000 pBad 0.000796647 T 2.52628e-11 Obj 1.00828 Rho 0 GRdif 4.87295 success 999161 failure 2644017 obj_new 1.00832 SA_pAcc 0 Delta 4.21544e-05 SA_r 0.994298 freedomratio 0.193931
Iter 7500000 pBad 0.00022642 T 6.56952e-12 Obj 1.00828 Rho 0 GRdif 4.85093 success 1001149 failure 3023885 obj_new 1.00828 SA_pAcc 1 Delta 5.61069e-06 SA_r 0.729549 freedomratio 0.192787
Iter 8000000 pBad 0.00129934 T 1.70838e-12 Obj 1.00828 Rho 0 GRdif 4.85064 success 1003890 failure 3402153 obj_new 1.00828 SA_pAcc 0 Delta 3.31602e-05 SA_r 0.239954 freedomratio 0.191157
Iter 8500000 pBad 2.65931e-05 T 4.44259e-13 Obj 1.00828 Rho 0 GRdif 4.85042 success 1006977 failure 3779263 obj_new 1.00828 SA_pAcc 6.45127e-47 Delta -6.61412e-07 SA_r 0.906531 freedomratio 0.1906
Iter 9000000 pBad 4.61033e-36 T 1.15528e-13 Obj 1.00828 Rho 0 GRdif 4.85036 success 1010215 failure 4137060 obj_new 1.00828 SA_pAcc 0 Delta 3.12047e-37 SA_r 0.417808 freedomratio 0.177536
Iter 9500000 pBad 7.37297e-60 T 3.00428e-14 Obj 1.00828 Rho 0 GRdif 4.85032 success 1010319 failure 4434149 obj_new 1.00828 SA_pAcc 1 Delta 6.04289e-61 SA_r 0.750861 freedomratio 0.179104
Iter 10000000 pBad 2.26699e-287 T 7.81252e-15 Obj 1.00828 Rho 0 GRdif 4.85042 success 1010319 failure 4735770 obj_new 1.00828 SA_pAcc 0 Delta 1.99644e-288 SA_r 0.697047 freedomratio 0.139568
Cannot move further
iter 9.03043e+06 obj1.00828 rho 0 GRdif 4.85032
Training:
Lab Growth Rates:
1.42 0.55 0.45 0.47 0.39 0.56 0.59 0.4 0.59 0.45 0.47 0.51 0.52 0.54 1.345 0.377 0.71 0.4 0.68 0.42 0.26 0.1 1.66 0.37 1.345 0.47 0.58 0.5 0.635 0.7 1.46 0.37 0.54 0.55 0.4 0.19 0.33 0.56 0.32 0.301 0.485 0.3 0.5 0.7 0.47 0.4 1.03 0.09 0.4 0.686 0.55 0.19 0.45 0.5 0.4 0.4 0.4 0.901 0.485 0.56 0.1 0.2 0.686 1.345 0.38 0.56 0.4 0.25 0.65 0.47 0.4 0.71 0.11 0.23 0.4 0.58 1.4 0.22 0.54 0.33 0.43 0.37 0.56 1.67 0.59 0.54 0.46 0.901 0.14 0.724 0.52 0.34 0.56 0.41 0.56 0.59 0.34 0.4 0.43 0.5 0.2 0.58 0.5 0.31 0.3 0.901 0.4 0.47 0.48 0.54 0.56 0.5 0.46 0.4 1.483 0.58 0.46 1.38 0.4 0.46 1.483 0.58 0.27 1.483 0.45 0.23 0.37 0.45 0.31 0.4 0.5 0.55 0.6 1.05 0.54 0.47 0.5 0.476 0.55 0.6 1.49 0.4 0.5 0.47 0.53 0.4 0.4 0.5 0.45 0.481 0.58 0.3 0.47 0.46 0.48 0.46 0.52 0.36 0.36 0.4 0.68 0.1 0.42 0.37 0.59 0.1 0.648 0.49 0.42 0.42 0.23 0.4 1.345 0.54 0.4 0.4 0.4 0.47 0.45 0.54 0.45 0.25 0.65 0.53 0.56 0.4 0.65 0.53 1.345 0.4 0.5 0.4 1.44 0.45 0.38 1.483 0.47 0.377 0.4 0.43 0.4 0.46 0.762 0.58 0.59 0.42 0.54 0.5 0.33 1.46 0.54 0.47 0.53 0.4 0.45 0.42 0.485 0.4 1.345 1.483 0.58 0.59 0.43 0.33 0.3 0.45 0.43 0.34 0.58 0.23 0.4 0.636 1.483 0.39 0.65 0.4 0.37 1.345 0.23 0.48 0.47 0.37 0.43 0.4 0.19 0.686 0.53 0.55 0.5 0.46 0.53 1.345 0.33 0.41 0.38 0.32 0.1 0.36 0.33 0.53 0.3 0.45 0.47 0.52 0.724 0.4 0.59 0.4 0.52 0.56 0.42 0.43 0.22 0.4 0.42 0.48 0.42 1.483 0.41 0.4 0.3 0.22 0.46 0.68 0.37 0.54 0.4 0.3 0.4 0.27 1.248 0.54 0.42 0.762 0.5 1.05 0.53 0.4 0.09 0.26 0.23 0.41 0.27 0.11 0.48 0.58 0.42 1.345 0.39 0.39 0.53 1.483 1.248 0.41 0.481 0.54 0.54 0.32 0.41 0.42 0.42 0.43 0.27 0.635 0.47 0.45 0.3 0.51 0.648 1.67 0.31 0.54 0.36 0.476 0.55 0.5 1.248 0.17 0.59 0.5 0.4 1.05 0.36 0.53 0.481 0.46 0.5 0.45 0.46 0.59 0.25 0.45 1.483 0.25 0.7 0.5 0.56 0.17 0.5 0.43 0.43 0.59 0.54 0.901 0.901 1.483 0.25 0.47 0.52 0.25 0.42 0.53 0.42 1.43 0.2 0.59 0.901 0.56 0.56 0.45 0.14 0.65 0.48 0.11 0.59 0.37 0.47 0.46 0.54 0.5 1.345 0.37 0.4 0.54 0.37 0.56 0.52 1.345 0.46 0.4 0.52 0.4 0.301 0.46 0.46 0.59 0.22 1.483 0.36 0.47 0.54 0.4 0.39 0.41 0.65 0.47 0.5 0.724 0.52 0.47 0.46 0.56 0.27 0.1 0.68 0.71 0.52 0.55 0.55 0.46 1.483 0.56 0.53 0.68 0.23 0.65 1.05 0.53 0.58 0.41 0.4 1.66 0.5 0.58 0.27 0.65 0.5 0.33 0.54 0.37 0.37 0.43 0.648 0.762 0.1 0.59 0.4 0.58 0.48 0.49 1.345 0.52 0.4 0.5 0.47 0.5 0.4 0.42 0.54 0.17 0.42 0.38 0.46 0.465 0.476 0.4 0.3 1.248 0.637 0.4 0.4 0.5 1.35 0.1 0.5 0.37 0.46 0.53 0.26 0.6 0.56 0.48 0.3 0.4 0.52 1.05 0.47 0.36 0.36 0.58 0.53 0.4 0.47 0.55 0.3 0.43 0.39 0.45 0.58 0.54 0.762 0.637 0.635 0.301 0.3 0.37 0.58 0.49 0.55 0.617 0.22 0.54 0.45 0.45 0.33 0.54 0.636 0.465 0.47 0.5 0.54 0.636 0.58 0.3 0.58 0.25 0.4 0.22 0.4 0.5 0.377 0.7 0.41 0.5 0.5 0.5 0.54 0.46 0.23 0.4 0.4 0.09 0.37 0.54 0.48 0.465 0.58 1.43 0.56 0.4 0.58 0.46 0.65 0.4 0.4 0.58 0.3 0.23 0.5 0.51 0.22 0.637 0.36 0.33 0.6 0.38 1.248 0.22 0.55 1.46 0.1 0.42 0.485 0.4 0.5 0.59 0.25 0.54
Dot Production Prediction of Lab Growth Rates:
1.58474 0.550629 0.355924 0.380209 0.308214 0.540755 0.330093 0.399001 0.540962 0.379745 0.358619 0.418409 0.369024 0.457651 1.03244 0.506841 0.714996 0.393114 0.413526 0.379144 0.550719 0.435713 1.66 0.430811 1.03835 0.352832 0.466617 0.365555 0.714427 0.702877 1.01561 0.316912 0.3143 0.545263 0.403369 0.332355 0.368217 0.52721 0.314599 0.509471 0.505064 0.403151 0.540223 0.697529 0.402705 0.392638 1.39979 0.369291 0.400362 0.724564 0.546036 0.34867 0.332298 0.731759 0.399312 0.39996 0.396968 0.901 0.51117 0.544859 1.42997 0.403693 0.7223 1.05908 0.36108 0.469265 0.399533 0.512363 0.681562 0.456112 0.395091 0.722045 0.385975 0.437987 0.342206 0.370841 1.54457 0.467082 0.535649 0.501367 0.365204 0.428586 0.540172 1.5524 0.393761 0.378541 0.458505 0.903931 0.139741 0.722289 0.372048 0.318105 0.467062 0.355405 0.526173 0.318058 0.337326 0.400252 0.402174 0.464614 0.392568 0.469397 0.463154 0.549117 0.372198 0.90742 0.401641 0.420166 0.340329 0.367933 0.544842 0.370698 0.462792 0.40109 1.00181 0.468211 0.372934 1.34077 0.401577 0.441797 0.999453 0.469503 0.298901 1.01757 1.61724 0.53881 0.42763 1.64101 0.54911 0.399995 0.668392 0.553229 0.437665 1.04376 0.534451 0.457983 0.339811 0.516019 0.458173 0.425227 1.61724 0.402463 0.368462 0.411256 0.53532 0.392264 0.400589 0.332137 0.387954 0.510596 0.467051 0.299792 0.326558 0.459986 0.326684 0.421692 0.392319 0.334364 0.372812 0.400084 0.410148 0.796376 0.317606 0.418739 0.336789 0.896531 0.704183 0.396619 0.337095 0.349213 0.438186 0.39926 1.00527 0.548337 0.402087 0.402293 0.399505 0.409701 1.53745 0.454951 1.57609 0.541096 0.675169 0.429649 0.539951 0.398179 0.62427 0.401606 1.0674 0.401016 0.471563 0.402721 1.5771 1.52591 0.31478 0.995556 0.429798 0.508078 0.403031 0.382607 0.405328 0.442947 0.830272 0.397612 0.32895 0.585615 0.457498 0.389907 0.366639 1.57819 0.323288 0.402982 0.536519 0.400034 1.53556 0.343672 0.508475 0.398525 1.02726 1.02822 0.47863 0.338624 0.362672 0.320078 0.300644 0.371864 0.352866 0.321857 0.330623 0.535432 0.400322 0.721462 0.996017 0.329027 0.638098 0.399353 0.402076 1.03783 0.437132 0.333222 0.35827 0.419518 0.39011 0.403198 0.332621 0.725222 0.547262 0.45813 0.327242 0.370101 0.477157 1.0359 0.361034 0.394406 0.316444 0.325348 1.09572 0.337322 0.331409 0.399756 0.443028 1.5239 0.374113 0.374666 0.720477 0.40277 0.54811 0.402832 0.355815 0.476256 0.339236 0.398042 0.465438 0.401281 0.316547 0.343633 0.350356 0.990037 0.51144 0.400523 0.383991 0.394663 0.502195 0.413647 0.416332 0.388485 0.402937 0.406722 0.39934 0.364186 0.879725 0.382873 0.35139 0.82506 0.396763 1.053 0.529979 0.396614 0.44649 0.45511 0.536808 0.503995 0.384079 0.375196 0.31642 0.453239 0.329602 0.991223 0.321001 0.350322 0.350163 0.979648 0.88041 0.368126 0.511109 0.403624 0.34914 0.344075 0.327886 0.344038 0.344444 0.42212 0.365574 0.709819 0.358683 0.395717 0.406148 0.407517 0.709148 1.54114 0.560617 0.540287 0.350268 0.516421 0.453106 0.527955 0.883946 0.422097 0.337602 0.632447 0.401729 1.05 0.418807 0.527345 0.510123 0.388038 0.329805 0.406861 0.424997 0.548287 0.355594 0.377938 0.993954 0.786484 0.704022 0.47355 0.539433 0.332678 0.474141 0.449212 0.363346 0.382279 0.381212 0.901977 0.844346 1.01796 0.35301 0.370839 0.370676 1.56836 0.569588 0.333529 0.343814 1.32327 0.360335 0.549043 0.900849 0.541302 0.542992 0.382914 0.14001 0.649908 0.328439 0.342565 0.546276 0.432697 0.352578 0.463365 0.451806 0.543866 1.05588 0.444221 0.395974 0.393783 0.421319 0.468168 0.390792 0.987944 0.540581 0.395806 0.387142 0.328015 0.512512 0.524701 0.356051 0.320599 0.475551 1.01906 0.365365 0.397279 0.380001 0.4002 0.328848 0.386717 0.652142 0.444607 0.588296 0.723866 0.3463 0.394061 0.465255 0.465275 0.590897 1.0237 0.414946 0.718114 0.40061 0.551386 0.45115 0.451777 1.02943 0.472566 0.52759 0.412831 0.541877 0.646212 1.00777 0.525561 0.469569 0.512217 0.399922 1.66 0.694185 0.345188 0.34718 0.643422 0.469114 0.326597 0.547375 0.383513 0.432339 0.368705 0.709137 0.83484 0.44072 0.547157 0.402254 0.358711 0.318599 0.377814 1.01619 0.390033 0.398372 0.657679 0.363348 0.680021 0.402288 0.385017 0.362046 0.325935 0.573267 0.323157 0.337525 0.515378 0.518801 0.392669 0.34542 0.879839 0.705702 0.400125 0.397946 0.343396 1.2222 0.893353 0.607338 0.553959 0.305868 0.361551 0.362908 0.428086 0.541384 0.314347 0.432572 0.388318 0.398621 1.60546 0.46755 0.409695 0.33955 0.374414 0.308146 0.399988 0.354701 0.552708 0.30826 0.426107 0.326517 0.367697 0.371489 0.531111 0.835026 0.706855 0.712082 0.509598 0.417712 0.385545 0.469775 0.380042 0.452926 0.61532 0.435099 0.376169 0.348887 0.35126 0.43588 0.456656 0.716742 0.513802 0.369053 0.697884 0.345827 0.718469 0.466443 0.402616 0.367468 0.35021 0.401111 0.47222 0.397742 0.528302 0.505942 0.699293 0.387508 0.610911 0.325458 0.545256 0.390792 0.317361 0.540108 0.399382 0.39647 0.345276 0.425117 0.454895 0.364342 0.513566 0.464168 1.3297 0.545322 0.401312 0.321644 0.423624 0.653939 0.401554 0.397859 0.470665 0.335062 0.538115 0.334935 0.385862 0.46712 0.705741 0.357812 0.479264 0.426101 0.367825 0.880599 0.368305 0.440583 1.01805 0.385806 0.335661 0.513403 0.400046 0.617542 0.542557 0.320078 0.537877
Testing:
Lab Growth Rates:
1.46
Dot Production Prediction of Lab Growth Rates:
1.00931
Best performance so far: 
Obj: 4.67376e-310Rho: 2.26291e-314Diff: 4.67376e-310
Anneal again with the best G and E so far as input
Cycle 2Round 1
Iter 500000 pBad 0.822366 T 0.00101581 Obj 1.04516 Rho 0 GRdif 25.9699 success 110817 failure 11465 obj_new 1.04516 SA_pAcc 1 Delta -0.048069 SA_r 0.216478 freedomratio 0.267638
Iter 1000000 pBad 0.710413 T 0.000264158 Obj 1.03086 Rho 0 GRdif 17.8686 success 217862 failure 31482 obj_new 1.03086 SA_pAcc 1 Delta -0.0405134 SA_r 0.0394823 freedomratio 0.266425
Iter 1500000 pBad 0.594361 T 6.86935e-05 Obj 1.02505 Rho 0 GRdif 14.5488 success 323428 failure 56759 obj_new 1.02505 SA_pAcc 1.00321 Delta 0.000709635 SA_r 0.538386 freedomratio 0.263559
Iter 2000000 pBad 0.546308 T 1.78635e-05 Obj 1.02061 Rho 0 GRdif 11.9956 success 425929 failure 89025 obj_new 1.02061 SA_pAcc 1.07847 Delta 0.015762 SA_r 0.532436 freedomratio 0.262266
Iter 2500000 pBad 0.404763 T 4.64535e-06 Obj 1.01625 Rho 0 GRdif 9.47759 success 524499 failure 130806 obj_new 1.01625 SA_pAcc 1.0069 Delta -0.000359486 SA_r 0.174679 freedomratio 0.252686
Iter 3000000 pBad 0.208331 T 1.20801e-06 Obj 1.01137 Rho 0 GRdif 6.64682 success 607702 failure 206259 obj_new 1.01137 SA_pAcc 0.429816 Delta 0.0185311 SA_r 0.445491 freedomratio 0.229687
Iter 3500000 pBad 0.174912 T 3.14139e-07 Obj 1.00935 Rho 0 GRdif 5.47197 success 678253 failure 314645 obj_new 1.00935 SA_pAcc 1 Delta -0.0127098 SA_r 0.447266 freedomratio 0.230679
Iter 4000000 pBad 0.0813631 T 8.16908e-08 Obj 1.00856 Rho 0 GRdif 5.01271 success 731271 failure 471075 obj_new 1.00856 SA_pAcc 1 Delta -0.00282975 SA_r 0.567975 freedomratio 0.207042
Iter 4500000 pBad 0.0301302 T 2.12434e-08 Obj 1.00819 Rho 0 GRdif 4.79516 success 765904 failure 691843 obj_new 1.00819 SA_pAcc 1 Delta 7.71503e-05 SA_r 0.960299 freedomratio 0.178887
Iter 5000000 pBad 0.0159071 T 5.52429e-09 Obj 1.00811 Rho 0 GRdif 4.7474 success 783800 failure 972118 obj_new 1.00811 SA_pAcc 1 Delta -0.00144301 SA_r 0.829 freedomratio 0.166951
Iter 5500000 pBad 0.0132277 T 1.43657e-09 Obj 1.00806 Rho 0 GRdif 4.72266 success 795668 failure 1288201 obj_new 1.00806 SA_pAcc 1 Delta 0.00132327 SA_r 0.619019 freedomratio 0.15815
Iter 6000000 pBad 0.00254876 T 3.73576e-10 Obj 1.00805 Rho 0 GRdif 4.71161 success 804131 failure 1631631 obj_new 1.00805 SA_pAcc 1 Delta -0.000196139 SA_r 0.948091 freedomratio 0.14841
Iter 6500000 pBad 0.00207683 T 9.71473e-11 Obj 1.00804 Rho 0 GRdif 4.70843 success 808960 failure 1990750 obj_new 1.00804 SA_pAcc 1 Delta -1.05706e-05 SA_r 0.612039 freedomratio 0.145906
Iter 7000000 pBad 0.0015675 T 2.52628e-11 Obj 1.00804 Rho 0 GRdif 4.70799 success 812258 failure 2360660 obj_new 1.00804 SA_pAcc 0 Delta -0.000148757 SA_r 0.775747 freedomratio 0.14331
Iter 7500000 pBad 0.000738618 T 6.56952e-12 Obj 1.00804 Rho 0 GRdif 4.70612 success 815318 failure 2737612 obj_new 1.00804 SA_pAcc 1 Delta 3.17522e-05 SA_r 0.786803 freedomratio 0.140838
Iter 8000000 pBad 0.000161161 T 1.70838e-12 Obj 1.00803 Rho 0 GRdif 4.70685 success 818488 failure 3122072 obj_new 1.00804 SA_pAcc 0 Delta 7.1466e-06 SA_r 0.34424 freedomratio 0.138125
Iter 8500000 pBad 0.000132273 T 4.44259e-13 Obj 1.00803 Rho 0 GRdif 4.70539 success 823806 failure 3508818 obj_new 1.00803 SA_pAcc 0 Delta 1.08295e-05 SA_r 0.0471802 freedomratio 0.135235
Iter 9000000 pBad 4.98719e-25 T 1.15528e-13 Obj 1.00803 Rho 0 GRdif 4.71426 success 826871 failure 3881723 obj_new 1.00805 SA_pAcc 0 Delta 4.84736e-27 SA_r 0.450658 freedomratio 0.130609
Iter 9500000 pBad 7.93633e-86 T 3.00428e-14 Obj 1.00803 Rho 0 GRdif 4.71505 success 826871 failure 4221665 obj_new 1.00805 SA_pAcc 0 Delta 1.90127e-86 SA_r 0.649743 freedomratio 0.124077
Good enough
iter 8.8596e+06 obj1.00803 rho 0 GRdif 4.70523
Training:
Lab Growth Rates:
1.42 0.55 0.45 0.47 0.39 0.56 0.59 0.4 0.59 0.45 0.47 0.51 0.52 0.54 1.345 0.377 0.71 0.4 0.68 0.42 0.26 0.1 1.66 0.37 1.345 0.47 0.58 0.5 0.635 0.7 1.46 0.37 0.54 0.55 0.4 0.19 0.33 0.56 0.32 0.301 0.485 0.3 0.5 0.7 0.47 0.4 1.03 0.09 0.4 0.686 0.55 0.19 0.45 0.5 0.4 0.4 0.4 0.901 0.485 0.56 0.1 0.2 0.686 1.345 0.38 0.56 0.4 0.25 0.65 0.47 0.4 0.71 0.11 0.23 0.4 0.58 1.4 0.22 0.54 0.33 0.43 0.37 0.56 1.67 0.59 0.54 0.46 0.901 0.14 0.724 0.52 0.34 0.56 0.41 0.56 0.59 0.34 0.4 0.43 0.5 0.2 0.58 0.5 0.31 0.3 0.901 0.4 0.47 0.48 0.54 0.56 0.5 0.46 0.4 1.483 0.58 0.46 1.38 0.4 0.46 1.483 0.58 0.27 1.483 0.45 0.23 0.37 0.45 0.31 0.4 0.5 0.55 0.6 1.05 0.54 0.47 0.5 0.476 0.55 0.6 1.49 0.4 0.5 0.47 0.53 0.4 0.4 0.5 0.45 0.481 0.58 0.3 0.47 0.46 0.48 0.46 0.52 0.36 0.36 0.4 0.68 0.1 0.42 0.37 0.59 0.1 0.648 0.49 0.42 0.42 0.23 0.4 1.345 0.54 0.4 0.4 0.4 0.47 0.45 0.54 0.45 0.25 0.65 0.53 0.56 0.4 0.65 0.53 1.345 0.4 0.5 0.4 1.44 0.45 0.38 1.483 0.47 0.377 0.4 0.43 0.4 0.46 0.762 0.58 0.59 0.42 0.54 0.5 0.33 1.46 0.54 0.47 0.53 0.4 0.45 0.42 0.485 0.4 1.345 1.483 0.58 0.59 0.43 0.33 0.3 0.45 0.43 0.34 0.58 0.23 0.4 0.636 1.483 0.39 0.65 0.4 0.37 1.345 0.23 0.48 0.47 0.37 0.43 0.4 0.19 0.686 0.53 0.55 0.5 0.46 0.53 1.345 0.33 0.41 0.38 0.32 0.1 0.36 0.33 0.53 0.3 0.45 0.47 0.52 0.724 0.4 0.59 0.4 0.52 0.56 0.42 0.43 0.22 0.4 0.42 0.48 0.42 1.483 0.41 0.4 0.3 0.22 0.46 0.68 0.37 0.54 0.4 0.3 0.4 0.27 1.248 0.54 0.42 0.762 0.5 1.05 0.53 0.4 0.09 0.26 0.23 0.41 0.27 0.11 0.48 0.58 0.42 1.345 0.39 0.39 0.53 1.483 1.248 0.41 0.481 0.54 0.54 0.32 0.41 0.42 0.42 0.43 0.27 0.635 0.47 0.45 0.3 0.51 0.648 1.67 0.31 0.54 0.36 0.476 0.55 0.5 1.248 0.17 0.59 0.5 0.4 1.05 0.36 0.53 0.481 0.46 0.5 0.45 0.46 0.59 0.25 0.45 1.483 0.25 0.7 0.5 0.56 0.17 0.5 0.43 0.43 0.59 0.54 0.901 0.901 1.483 0.25 0.47 0.52 0.25 0.42 0.53 0.42 1.43 0.2 0.59 0.901 0.56 0.56 0.45 0.14 0.65 0.48 0.11 0.59 0.37 0.47 0.46 0.54 0.5 1.345 0.37 0.4 0.54 0.37 0.56 0.52 1.345 0.46 0.4 0.52 0.4 0.301 0.46 0.46 0.59 0.22 1.483 0.36 0.47 0.54 0.4 0.39 0.41 0.65 0.47 0.5 0.724 0.52 0.47 0.46 0.56 0.27 0.1 0.68 0.71 0.52 0.55 0.55 0.46 1.483 0.56 0.53 0.68 0.23 0.65 1.05 0.53 0.58 0.41 0.4 1.66 0.5 0.58 0.27 0.65 0.5 0.33 0.54 0.37 0.37 0.43 0.648 0.762 0.1 0.59 0.4 0.58 0.48 0.49 1.345 0.52 0.4 0.5 0.47 0.5 0.4 0.42 0.54 0.17 0.42 0.38 0.46 0.465 0.476 0.4 0.3 1.248 0.637 0.4 0.4 0.5 1.35 0.1 0.5 0.37 0.46 0.53 0.26 0.6 0.56 0.48 0.3 0.4 0.52 1.05 0.47 0.36 0.36 0.58 0.53 0.4 0.47 0.55 0.3 0.43 0.39 0.45 0.58 0.54 0.762 0.637 0.635 0.301 0.3 0.37 0.58 0.49 0.55 0.617 0.22 0.54 0.45 0.45 0.33 0.54 0.636 0.465 0.47 0.5 0.54 0.636 0.58 0.3 0.58 0.25 0.4 0.22 0.4 0.5 0.377 0.7 0.41 0.5 0.5 0.5 0.54 0.46 0.23 0.4 0.4 0.09 0.37 0.54 0.48 0.465 0.58 1.43 0.56 0.4 0.58 0.46 0.65 0.4 0.4 0.58 0.3 0.23 0.5 0.51 0.22 0.637 0.36 0.33 0.6 0.38 1.248 0.22 0.55 1.46 0.1 0.42 0.485 0.4 0.5 0.59 0.25 0.54
Dot Production Prediction of Lab Growth Rates:
1.44173 0.547232 0.340204 0.367381 0.309039 0.542317 0.325515 0.400638 0.535131 0.395102 0.336517 0.439047 0.324963 0.466824 1.34938 0.462696 0.705357 0.386371 0.436304 0.392215 0.625671 0.474005 1.37253 0.40325 1.345 0.342814 0.473298 0.365885 0.708186 0.734231 1.06326 0.273855 0.269561 0.538964 0.403698 0.283125 0.370017 0.530587 0.307759 0.471246 0.468249 0.589645 0.535708 0.73871 0.393873 0.386334 1.1886 0.392549 0.390015 0.716136 0.539292 0.297702 0.314588 0.85511 0.400024 0.400508 0.392124 0.904413 0.47398 0.550778 1.33569 0.373586 0.71294 1.37102 0.37644 0.470733 0.400549 0.548742 0.663948 0.482011 0.387217 0.715922 0.395252 0.404489 0.321016 0.380053 1.34328 0.46296 0.529574 0.556283 0.364648 0.444825 0.544359 1.41163 0.403563 0.372263 0.454842 0.904582 0.140106 0.71682 0.406158 0.2949 0.46669 0.351743 0.528097 0.304477 0.318482 0.399797 0.413127 0.470846 0.395846 0.474147 0.470854 0.633613 0.390473 0.901 0.402365 0.421397 0.34421 0.379571 0.540659 0.370589 0.462745 0.399411 1.31877 0.467284 0.361561 1.20616 0.402231 0.4721 1.33102 0.47546 0.27 1.36191 1.44341 0.54779 0.402892 1.4405 0.644836 0.398999 0.849026 0.554843 0.634482 1.04798 0.54328 0.490196 0.333254 0.473341 0.45894 0.620474 1.44341 0.401377 0.361923 0.405224 0.524299 0.403486 0.400661 0.328715 0.363663 0.469085 0.471933 0.2998 0.305371 0.457072 0.296644 0.435748 0.411025 0.322936 0.381091 0.396433 0.425292 0.986271 0.31123 0.39496 0.337155 0.966474 0.699757 0.408472 0.300298 0.360254 0.405862 0.395144 1.30746 0.557826 0.401346 0.402398 0.399961 0.395697 1.34878 0.472491 1.40214 0.577066 0.665158 0.449829 0.546174 0.394945 0.622553 0.410275 1.38675 0.398567 0.477716 0.401413 1.44153 1.37335 0.28475 1.30207 0.399181 0.465449 0.402626 0.409227 0.405871 0.474216 0.822938 0.388908 0.300949 0.625204 0.470666 0.405453 0.342801 1.33905 0.312493 0.388865 0.531642 0.398095 1.36857 0.318554 0.4682 0.394319 1.34674 1.35064 0.478355 0.322478 0.339748 0.298893 0.299999 0.355783 0.355238 0.321304 0.307825 0.542863 0.400994 0.720455 1.31628 0.304226 0.648371 0.400469 0.412682 1.33638 0.404473 0.346234 0.374538 0.395909 0.402552 0.401884 0.297496 0.716728 0.537939 0.465091 0.326138 0.355635 0.514763 1.36806 0.358804 0.419867 0.292375 0.320567 1.09451 0.337204 0.316866 0.426109 0.619927 1.37259 0.362615 0.377131 0.710656 0.40172 0.549019 0.40242 0.347302 0.473069 0.339189 0.39375 0.460104 0.401026 0.302432 0.329698 0.35334 1.32656 0.472503 0.401353 0.526834 0.400915 0.557893 0.433912 0.393805 0.384596 0.404363 0.572976 0.398874 0.368728 0.87692 0.370327 0.327537 0.816347 0.45261 1.05664 0.532775 0.390194 0.471124 0.506405 0.543153 0.470396 0.393468 0.364353 0.293921 0.449456 0.334646 1.31297 0.339316 0.333862 0.333501 1.31787 0.873275 0.361942 0.4711 0.398936 0.335661 0.334288 0.315023 0.348039 0.333696 0.452307 0.367575 0.703715 0.354656 0.412386 0.568622 0.426313 0.7065 1.27079 0.648152 0.533174 0.358489 0.474394 0.471527 0.522007 0.888244 0.442655 0.329265 0.791278 0.400945 1.05849 0.420102 0.532188 0.471055 0.386388 0.315406 0.438614 0.454808 0.545017 0.348886 0.350825 1.31534 0.973541 0.737481 0.480395 0.540861 0.297929 0.477675 0.473225 0.349082 0.382745 0.370943 0.902373 0.845852 1.34519 0.357005 0.377478 0.366874 1.39867 0.607516 0.312859 0.364284 1.03817 0.340372 0.550462 0.901 0.551032 0.54404 0.398962 0.139987 0.638153 0.299142 0.340806 0.536287 0.403382 0.344141 0.460641 0.471171 0.556093 1.35672 0.447574 0.394245 0.395805 0.39754 0.469923 0.348973 1.30256 0.586207 0.39491 0.419194 0.314621 0.46772 0.571805 0.338241 0.320927 0.471798 1.34216 0.356624 0.391429 0.385476 0.399027 0.328742 0.401804 0.654488 0.422615 0.757144 0.713566 0.359452 0.388119 0.46701 0.471656 0.629637 1.07547 0.435623 0.710047 0.372464 0.546153 0.472155 0.445256 1.39159 0.469986 0.523249 0.431177 0.542827 0.646503 1.05002 0.591945 0.467648 0.472041 0.399999 1.3824 0.83964 0.350162 0.340974 0.649999 0.47464 0.309892 0.55258 0.385548 0.40355 0.372522 0.705951 0.828327 0.483927 0.539187 0.400639 0.371405 0.293874 0.380761 1.32736 0.378795 0.389972 0.805444 0.347083 0.819857 0.402371 0.405042 0.381498 0.31104 0.612705 0.292422 0.339022 0.473529 0.477508 0.384119 0.473424 0.878909 0.708065 0.398878 0.393393 0.354264 0.976541 0.961989 0.741502 0.587337 0.296322 0.361502 0.375676 0.603806 0.544594 0.311738 0.63076 0.384986 0.356658 1.30444 0.488739 0.431881 0.325408 0.385775 0.284418 0.389009 0.363085 0.558342 0.306175 0.454522 0.303547 0.367418 0.349446 0.525844 0.841714 0.706304 0.708407 0.472337 0.596052 0.397815 0.463153 0.396494 0.46411 0.51219 0.446826 0.397427 0.342081 0.349829 0.470858 0.46382 0.719365 0.473511 0.371816 0.849128 0.340597 0.711424 0.464957 0.425321 0.346588 0.354162 0.400092 0.472086 0.395924 0.521108 0.465578 0.729615 0.379987 0.721369 0.321506 0.552252 0.389072 0.308206 0.532544 0.398262 0.391586 0.353903 0.399282 0.465541 0.333203 0.471092 0.470929 1.02875 0.549529 0.40149 0.273534 0.424812 0.654178 0.398768 0.394736 0.476062 0.330317 0.537145 0.324746 0.392854 0.461249 0.702328 0.348518 0.515269 0.599417 0.379533 0.882722 0.347307 0.446042 1.0761 0.379553 0.32811 0.476217 0.39903 0.789177 0.536161 0.291118 0.539987
Testing:
Lab Growth Rates:
1.46
Dot Production Prediction of Lab Growth Rates:
1.07438
Best performance so far: 
Obj: 4.67376e-310Rho: 6.5069e-314Diff: 4.67376e-310
Test:
 Lab Growth Rates:
1.46Dot Product Prediction of Growth Rate:
1.07438