seed =  5 traits =  1 
Training: part  215 
Training: part  215 
Round  1 
 Goal of obj  0.99 
Temperature range:  0.00390625 6.25e-14 
Cycle 1Round 1
Iter 500000 pBad 0.842685 T 0.00112711 Obj 1.06498 Rho 0 GRdif 36.8912 success 146873 failure 9327 obj_new 1.06498 SA_pAcc 1.01683 Delta -0.00611327 SA_r 0.874119 freedomratio 0.36925
Iter 1000000 pBad 0.789795 T 0.000325217 Obj 1.03448 Rho 0 GRdif 19.8641 success 290166 failure 26530 obj_new 1.03448 SA_pAcc 0.475619 Delta -0.0558727 SA_r 0.401272 freedomratio 0.372774
Iter 1500000 pBad 0.726484 T 9.38381e-05 Obj 1.0241 Rho 0 GRdif 13.9551 success 432172 failure 46452 obj_new 1.0241 SA_pAcc 1 Delta 0.0584009 SA_r 0.129979 freedomratio 0.360615
Iter 2000000 pBad 0.575746 T 2.7076e-05 Obj 1.01947 Rho 0 GRdif 11.3 success 570272 failure 74921 obj_new 1.01947 SA_pAcc 1.27906 Delta -0.0422811 SA_r 0.914797 freedomratio 0.371121
Iter 2500000 pBad 0.492903 T 7.81252e-06 Obj 1.01617 Rho 0 GRdif 9.39996 success 699760 failure 119483 obj_new 1.01617 SA_pAcc 1.03087 Delta -0.0311587 SA_r 0.707357 freedomratio 0.365793
Iter 3000000 pBad 0.312572 T 2.25422e-06 Obj 1.01126 Rho 0 GRdif 6.56022 success 817204 failure 188526 obj_new 1.01126 SA_pAcc 1 Delta 0.00691439 SA_r 0.822385 freedomratio 0.33971
Iter 3500000 pBad 0.193683 T 6.50434e-07 Obj 1.00924 Rho 0 GRdif 5.388 success 913944 failure 299602 obj_new 1.00924 SA_pAcc 1 Delta 0.019344 SA_r 0.61603 freedomratio 0.316073
Iter 4000000 pBad 0.102616 T 1.87676e-07 Obj 1.00861 Rho 0 GRdif 5.02578 success 984361 failure 468500 obj_new 1.00861 SA_pAcc 1 Delta 0.00357548 SA_r 0.0381954 freedomratio 0.286273
Iter 4500000 pBad 0.0384994 T 5.41521e-08 Obj 1.00838 Rho 0 GRdif 4.89213 success 1025971 failure 707737 obj_new 1.00838 SA_pAcc 0.0357894 Delta -0.00256568 SA_r 0.595911 freedomratio 0.255338
Iter 5000000 pBad 0.0237319 T 1.5625e-08 Obj 1.00828 Rho 0 GRdif 4.83189 success 1050199 failure 1000321 obj_new 1.00828 SA_pAcc 0.674228 Delta 0.000146904 SA_r 0.509091 freedomratio 0.22722
Iter 5500000 pBad 0.0119382 T 4.50845e-09 Obj 1.00824 Rho 0 GRdif 4.80776 success 1064817 failure 1328738 obj_new 1.00824 SA_pAcc 0.000197159 Delta -0.000265535 SA_r 0.352814 freedomratio 0.209961
Iter 6000000 pBad 0.00390334 T 1.30087e-09 Obj 1.00822 Rho 0 GRdif 4.8644 success 1072981 failure 1683160 obj_new 1.00834 SA_pAcc 0 Delta -6.0622e-06 SA_r 0.666417 freedomratio 0.201582
Iter 6500000 pBad 0.0034634 T 3.75352e-10 Obj 1.00822 Rho 0 GRdif 4.79447 success 1078754 failure 2048938 obj_new 1.00822 SA_pAcc 1 Delta -0.000231848 SA_r 0.691742 freedomratio 0.195659
Iter 7000000 pBad 0.00444621 T 1.08304e-10 Obj 1.00821 Rho 0 GRdif 4.79185 success 1082431 failure 2426370 obj_new 1.00821 SA_pAcc 3.69491e-137 Delta 0.00028379 SA_r 0.605309 freedomratio 0.191066
Iter 7500000 pBad 0.001148 T 3.12501e-11 Obj 1.00821 Rho 0 GRdif 4.7903 success 1084959 failure 2809329 obj_new 1.00821 SA_pAcc 8.19765e-60 Delta 6.23165e-05 SA_r 0.281336 freedomratio 0.189521
Iter 8000000 pBad 0.00033886 T 9.0169e-12 Obj 1.00821 Rho 0 GRdif 4.79045 success 1087795 failure 3198064 obj_new 1.00821 SA_pAcc 0 Delta -1.73532e-05 SA_r 0.950465 freedomratio 0.184625
Iter 8500000 pBad 1.24862e-10 T 2.60174e-12 Obj 1.00821 Rho 0 GRdif 4.78879 success 1091536 failure 3580947 obj_new 1.00821 SA_pAcc 1 Delta 5.21202e-12 SA_r 0.401903 freedomratio 0.174978
Iter 9000000 pBad 3.31714e-42 T 7.50705e-13 Obj 1.00821 Rho 0 GRdif 4.78879 success 1092405 failure 3889956 obj_new 1.00821 SA_pAcc 1 Delta -2.7491e-44 SA_r 0.912233 freedomratio 0.174978
Iter 9500000 pBad 1.24487e-301 T 2.16608e-13 Obj 1.00821 Rho 0 GRdif 4.79173 success 1092405 failure 4198690 obj_new 1.00821 SA_pAcc 0 Delta -1.24153e-302 SA_r 0.428579 freedomratio 0.170746
Iter 10000000 pBad 7.37583e-291 T 6.25002e-14 Obj 1.00821 Rho 0 GRdif 4.78894 success 1092405 failure 4522089 obj_new 1.00821 SA_pAcc 0 Delta -3.48396e-292 SA_r 0.331941 freedomratio 0.0747544
Cannot move further
iter 8.63118e+06 obj1.00821 rho 0 GRdif 4.78879
Training:
Lab Growth Rates:
0.59 0.48 0.52 0.58 0.5 0.686 1.483 0.47 1.345 0.3 0.4 0.56 0.55 0.27 0.724 0.27 0.59 0.43 0.58 0.45 0.53 0.22 0.5 0.55 0.37 1.483 0.56 0.42 0.47 0.5 0.3 0.58 0.56 0.1 0.47 0.37 0.41 0.42 0.1 0.49 0.7 0.5 1.248 0.45 0.1 0.59 0.33 0.4 0.4 0.45 0.54 0.58 0.48 0.5 0.48 0.58 0.42 0.47 0.476 0.46 1.345 0.59 0.47 1.345 0.4 1.483 0.5 0.5 1.483 0.59 0.37 0.68 0.23 0.3 0.33 1.05 0.46 0.58 0.26 0.1 0.4 0.58 0.46 0.686 0.23 0.5 0.46 0.47 0.25 0.58 0.54 0.47 0.36 0.476 0.5 0.37 0.4 0.27 0.65 0.71 0.23 1.248 0.4 0.54 0.4 0.377 0.25 0.4 0.4 0.46 0.4 0.41 1.345 0.68 0.68 1.483 0.36 1.345 0.4 0.65 1.345 0.41 0.38 0.47 0.4 1.49 0.59 0.58 0.6 0.3 0.485 0.65 0.19 0.3 0.17 0.5 1.43 0.56 0.36 0.485 0.47 0.59 0.19 1.483 0.68 0.27 0.39 0.4 0.46 0.5 0.54 0.485 0.5 0.42 0.59 0.59 0.5 0.09 1.248 0.4 0.42 0.617 0.49 0.43 1.46 0.56 0.36 0.47 0.33 0.25 0.45 0.54 0.53 0.4 0.46 0.4 0.56 0.4 0.1 1.345 0.11 0.36 1.05 0.33 0.377 0.56 0.3 0.54 0.56 0.52 0.31 0.5 0.4 0.4 0.37 0.58 0.65 0.37 0.25 0.3 0.7 0.476 0.4 0.4 1.345 0.37 0.4 0.54 0.54 0.43 0.52 0.23 0.25 0.65 0.59 0.09 0.4 0.54 0.55 0.53 0.42 0.5 0.45 0.56 0.59 0.3 0.637 0.3 0.23 0.55 0.65 0.22 0.59 0.54 0.55 0.58 0.686 0.4 0.4 0.58 0.481 0.58 0.636 0.22 0.19 0.4 0.4 0.36 0.45 0.3 0.56 0.46 0.54 0.45 0.14 0.4 0.53 0.4 0.4 0.46 0.58 0.4 0.11 0.55 0.46 0.2 0.53 0.4 0.901 0.51 0.56 1.46 0.59 0.65 0.45 0.38 0.46 0.54 0.43 0.1 0.5 0.33 0.54 0.54 1.67 0.71 0.648 0.4 0.17 0.481 0.36 0.46 0.33 0.48 0.4 0.47 0.47 0.34 0.53 0.27 0.4 0.42 0.38 0.45 0.2 0.7 0.34 0.45 0.23 0.5 0.54 0.23 0.45 0.635 0.54 1.483 0.41 0.46 0.53 0.4 0.5 1.03 0.22 1.345 0.65 1.05 1.483 0.42 0.5 0.58 0.43 0.48 0.11 0.43 0.42 0.37 0.53 0.37 1.67 0.762 0.54 0.56 1.483 0.4 0.58 0.4 0.4 0.45 0.23 0.301 0.5 0.59 0.4 0.42 0.46 0.7 0.48 0.48 1.66 1.05 1.483 0.4 0.4 0.54 0.42 0.55 1.46 0.5 0.36 0.52 0.4 0.481 0.2 0.4 0.09 0.37 0.465 0.52 0.37 0.5 0.5 0.26 0.42 0.4 0.34 0.52 0.1 0.71 0.636 0.32 0.17 0.59 0.25 0.37 0.22 0.41 0.27 0.3 0.33 0.53 0.55 0.46 0.43 0.45 0.4 0.47 0.26 0.41 1.42 0.55 0.43 0.54 0.465 0.3 0.56 0.637 0.5 0.301 0.636 0.5 0.4 0.6 1.66 0.48 0.42 0.42 0.46 0.54 0.56 0.901 0.55 0.38 1.35 0.52 0.52 0.58 0.65 0.41 0.22 0.4 0.3 0.4 0.31 0.47 0.485 0.901 0.47 0.47 0.5 0.4 0.49 0.54 0.4 0.59 0.48 0.901 0.5 0.33 0.54 0.5 0.55 0.39 0.22 0.33 0.37 0.42 0.54 1.483 0.53 0.32 0.53 0.53 0.4 0.45 0.52 1.345 0.58 0.6 0.54 0.39 0.5 0.45 0.5 0.45 0.22 0.51 0.724 0.47 0.47 0.4 0.47 0.55 0.762 0.4 0.56 0.54 0.53 0.53 0.52 1.43 0.47 0.377 0.47 0.32 0.23 1.44 0.46 0.37 0.39 0.4 0.46 1.46 1.345 0.762 0.4 0.25 0.56 0.39 0.54 0.39 0.762 0.53 0.635 0.56 1.248 0.648 0.38 0.47 1.38 0.724 0.5 0.54 0.45 0.5 0.36 0.14 0.51 0.41 0.43 1.4 0.46 0.52 0.4 0.648 0.47 0.6 0.301 1.483 0.42 0.37 1.345 0.68 0.52 0.46 1.248 0.56 0.58 0.901 0.45 0.5 0.31 0.465 0.46 0.25 0.4 0.635 0.1 0.58 0.637 0.58 0.1 0.901 0.4 0.54 0.4 0.42 0.45 0.41 0.4 0.42 0.5 0.3 0.37 0.47 1.05 0.4
Dot Production Prediction of Lab Growth Rates:
0.324927 0.322025 0.374476 0.359199 0.556965 0.723199 1.16433 0.374317 1.19622 0.371182 0.394865 0.553602 0.452295 0.291379 0.720847 0.403162 0.548063 0.396036 0.315559 0.338164 0.529432 0.444831 0.655326 0.563699 0.405811 1.15189 0.557904 0.369795 0.406785 0.323188 0.261349 0.329062 0.469264 1.29326 0.342935 0.419025 0.378716 0.35583 1.39831 0.399105 0.729563 0.570585 1.00889 1.61557 1.41346 0.547516 0.46602 0.396472 0.392899 1.52833 0.537957 0.469222 0.347493 0.558314 0.339708 0.465431 0.348535 0.365092 0.552324 0.448233 1.12648 0.559916 0.467424 1.12856 0.395696 1.14952 0.47634 0.477761 1.14562 0.388468 0.409168 0.384667 0.540204 0.40419 0.527443 1.05 0.526018 0.477163 0.472641 0.493057 0.379464 0.348501 0.45431 0.723337 0.427594 0.334207 0.461036 0.356128 0.545237 0.47839 0.453737 0.422055 0.330776 0.553932 0.516659 0.404758 0.399657 0.332091 0.677559 0.718993 0.428381 1.00868 0.39084 0.312196 0.41788 0.544445 0.350395 0.388019 0.394867 0.397072 0.39613 0.549255 1.14735 0.380918 0.384475 1.12568 0.326758 1.16001 0.398058 0.651926 1.12003 0.328775 0.321855 0.404162 0.390726 1.61557 0.548229 0.465541 0.522235 0.268118 0.541618 0.621854 0.317696 0.55583 0.334135 0.531396 1.38462 0.476324 0.376851 0.547528 0.353249 0.546344 0.316502 1.15667 0.39006 0.597241 0.318592 0.390208 0.325934 0.553422 0.362243 0.545155 0.336557 0.333178 0.293431 0.354648 0.661042 0.476028 1.01689 0.394703 0.579995 0.459557 0.436912 0.408867 1.57739 0.477128 0.443445 0.360601 0.333493 0.801758 0.360438 0.38173 0.405768 0.387101 0.333957 0.391198 0.55406 0.387448 0.354462 1.14377 0.397466 0.367027 1.0536 0.322811 0.545396 0.531333 0.498456 0.45198 0.471351 0.342813 0.584724 0.512294 0.387704 0.38332 0.406101 0.394387 0.633093 0.40268 0.303311 0.501381 0.732633 0.555154 0.393349 0.389865 1.11067 0.393776 0.396966 0.45065 0.528531 0.361321 0.381162 0.542059 0.534282 0.670153 0.318557 0.394133 0.392583 0.557606 0.455597 0.533207 0.344647 0.419608 0.341572 0.547052 0.360852 0.324525 0.708661 0.401335 0.549395 0.539852 0.649999 0.463793 0.548677 0.529704 0.450143 0.47311 0.716397 0.393298 0.392763 0.467358 0.54398 0.369787 0.717367 0.458949 0.318165 0.390291 0.395561 0.343892 0.389968 0.548624 0.54217 0.469709 0.45532 0.373061 0.139996 0.394163 0.524019 0.395284 0.382244 0.375024 0.46712 0.316366 0.350452 0.562336 0.467514 0.347047 0.533275 0.392775 0.957517 0.432749 0.469993 1.01406 0.323157 0.64642 1.50246 0.305789 0.460024 0.327871 0.38064 1.16534 0.408661 0.501356 0.328308 0.391241 1.42479 0.725774 0.712383 0.393407 0.434901 0.548193 0.427791 0.384501 0.32633 0.346712 0.395458 0.317875 0.48914 0.333582 0.405602 0.372637 0.392127 0.332212 0.372616 0.439714 0.391721 0.725548 0.32145 1.53451 0.551613 0.351267 0.450576 0.535947 0.309611 0.716273 0.419892 1.11761 0.405507 0.446394 0.32391 0.39562 0.532785 1.40299 0.407279 1.18468 0.665231 1.61901 1.12073 0.572184 0.659608 0.468407 0.439477 0.349425 0.387671 0.460543 0.343718 0.438781 0.527483 0.400985 1.57226 1.01238 0.556698 0.541091 1.11379 0.387314 0.47546 0.394645 0.397505 1.5734 0.551237 0.545994 0.628754 0.32644 0.387062 0.353805 0.52697 0.734149 0.294623 0.363742 1.66 1.01042 1.12988 0.392188 0.376686 0.35732 0.300147 0.539808 1.02672 0.659381 0.334716 0.387415 0.395177 0.544958 0.389913 0.394718 0.355314 0.416707 0.550659 0.403225 0.420059 0.545507 0.468499 0.359586 0.335881 0.390413 0.318325 0.397661 0.487238 0.721117 0.723098 0.302476 0.318887 0.54612 1.58254 0.2912 0.462275 0.547122 0.370822 0.263079 0.323151 0.533057 0.451939 0.413031 0.356757 0.332556 0.381254 0.400356 0.566531 0.544697 1.59829 0.458971 0.356112 0.368633 0.551172 0.511403 0.546911 0.70978 0.601171 0.542902 0.726521 0.385299 0.394685 0.526138 1.65609 0.292613 0.347954 0.359669 0.459334 0.542736 0.474419 0.897174 0.547356 0.300022 1.28303 0.335845 0.366579 0.37918 0.649748 0.40034 0.471157 0.385904 0.524981 0.394007 0.591022 0.372724 0.550755 0.902103 0.392604 0.371515 0.320655 0.393595 0.408205 0.445862 0.393018 0.317591 0.296868 0.901009 0.476614 0.378066 0.390002 0.560764 0.439158 0.340378 0.471807 0.363303 0.417217 0.342407 0.531745 1.14351 0.340149 0.313586 0.281352 0.482421 0.387196 0.34285 0.372578 1.16944 0.383475 0.52285 0.343703 0.316682 0.468857 0.42116 0.474982 1.62186 0.362207 0.427636 0.72116 0.486145 0.362635 0.394246 0.343166 0.550109 0.998042 0.395931 0.560017 0.396238 0.355907 0.538221 0.403577 1.43069 0.382889 0.543891 0.442 0.345275 0.427527 1.58821 0.305199 0.556139 0.345444 0.393533 0.545263 1.02012 1.17621 1.00391 0.384491 0.349356 0.541578 0.317259 0.377667 0.314285 1.00558 0.43425 0.715386 0.527656 1.0058 0.704889 0.375741 0.373728 1.3538 0.724023 0.376101 0.398627 0.3358 0.366795 0.360329 0.14006 0.398637 0.390679 0.366868 1.48935 0.346445 0.36983 0.390552 0.714298 0.368617 0.563349 0.541331 1.12186 0.408455 0.454012 1.1809 0.384937 0.350284 0.465582 1.00833 0.547196 0.449311 0.900624 0.408869 0.329456 0.601422 0.555093 0.422802 0.350385 0.392624 0.713453 0.809982 0.468238 0.706783 0.371442 1.17117 0.900407 0.390521 0.399582 0.396547 0.588876 1.50119 0.351163 0.325238 0.331248 0.333397 0.456974 0.392128 0.383287 1.05 0.379215
Testing:
Lab Growth Rates:
0.43 0.43 0.43
Dot Production Prediction of Lab Growth Rates:
0.436676 0.403687 0.396396
Best performance so far: 
Obj: 4.64037e-310Rho: 2.26291e-314Diff: 4.64037e-310
Anneal again with the best G and E so far as input
Cycle 2Round 1
Iter 500000 pBad 0.838778 T 0.00112711 Obj 1.04763 Rho 0 GRdif 27.2661 success 112365 failure 8075 obj_new 1.04763 SA_pAcc 1 Delta -0.028016 SA_r 0.953546 freedomratio 0.26697
Iter 1000000 pBad 0.780149 T 0.000325217 Obj 1.02832 Rho 0 GRdif 16.3676 success 221296 failure 22192 obj_new 1.02832 SA_pAcc 0.988272 Delta 0.00784791 SA_r 0.290728 freedomratio 0.267825
Iter 1500000 pBad 0.733322 T 9.38381e-05 Obj 1.02632 Rho 0 GRdif 15.2258 success 329687 failure 37830 obj_new 1.02632 SA_pAcc 1 Delta 0.0125746 SA_r 0.751933 freedomratio 0.267214
Iter 2000000 pBad 0.609567 T 2.7076e-05 Obj 1.02022 Rho 0 GRdif 11.7324 success 434728 failure 61771 obj_new 1.02022 SA_pAcc 1 Delta 0.0567391 SA_r 0.0736752 freedomratio 0.264679
Iter 2500000 pBad 0.447815 T 7.81252e-06 Obj 1.0182 Rho 0 GRdif 10.5666 success 536762 failure 93040 obj_new 1.0182 SA_pAcc 0.137843 Delta 0.0248045 SA_r 0.00235633 freedomratio 0.256455
Iter 3000000 pBad 0.269487 T 2.25422e-06 Obj 1.0141 Rho 0 GRdif 8.20438 success 626689 failure 149305 obj_new 1.0141 SA_pAcc 1 Delta 0.0166769 SA_r 0.47986 freedomratio 0.242249
Iter 3500000 pBad 0.215569 T 6.50434e-07 Obj 1.01052 Rho 0 GRdif 6.13414 success 703689 failure 238471 obj_new 1.01052 SA_pAcc 0.401732 Delta 0.00995038 SA_r 0.973177 freedomratio 0.240558
Iter 4000000 pBad 0.138467 T 1.87676e-07 Obj 1.00947 Rho 0 GRdif 5.52105 success 764351 failure 366940 obj_new 1.00947 SA_pAcc 0.275681 Delta -0.011785 SA_r 0.113282 freedomratio 0.221383
Iter 4500000 pBad 0.0538402 T 5.41521e-08 Obj 1.00906 Rho 0 GRdif 5.28448 success 802890 failure 560353 obj_new 1.00906 SA_pAcc 5.78651e-09 Delta -0.00179887 SA_r 0.183594 freedomratio 0.196644
Iter 5000000 pBad 0.021303 T 1.5625e-08 Obj 1.00889 Rho 0 GRdif 5.18548 success 826261 failure 807186 obj_new 1.00889 SA_pAcc 1 Delta -0.000530305 SA_r 0.516441 freedomratio 0.177093
Iter 5500000 pBad 0.0135425 T 4.50845e-09 Obj 1.00884 Rho 0 GRdif 22.1323 success 840066 failure 1097707 obj_new 1.03849 SA_pAcc 0 Delta -0.000364124 SA_r 0.369645 freedomratio 0.166572
Iter 6000000 pBad 0.00493093 T 1.30087e-09 Obj 1.00882 Rho 0 GRdif 5.14413 success 848303 failure 1413974 obj_new 1.00882 SA_pAcc 6.87287e-82 Delta 0.0004229 SA_r 0.0416543 freedomratio 0.158765
Iter 6500000 pBad 0.0035703 T 3.75352e-10 Obj 1.00881 Rho 0 GRdif 5.14367 success 854504 failure 1745843 obj_new 1.00882 SA_pAcc 0 Delta 0.000213263 SA_r 0.424883 freedomratio 0.155273
Iter 7000000 pBad 0.00245442 T 1.08304e-10 Obj 1.0088 Rho 0 GRdif 5.13402 success 860086 failure 2091596 obj_new 1.0088 SA_pAcc 1 Delta 0.000191146 SA_r 0.951168 freedomratio 0.149337
Iter 7500000 pBad 0.000753544 T 3.12501e-11 Obj 1.0088 Rho 0 GRdif 5.1325 success 863961 failure 2449216 obj_new 1.0088 SA_pAcc 0 Delta 5.05974e-05 SA_r 0.666274 freedomratio 0.147162
Iter 8000000 pBad 0.000512586 T 9.0169e-12 Obj 1.00879 Rho 0 GRdif 5.1308 success 868684 failure 2812997 obj_new 1.00879 SA_pAcc 1.01544e-06 Delta 6.61144e-06 SA_r 0.534414 freedomratio 0.144978
Iter 8500000 pBad 0.000663774 T 2.60174e-12 Obj 1.00879 Rho 0 GRdif 5.13196 success 874154 failure 3189939 obj_new 1.0088 SA_pAcc 0 Delta -4.28553e-06 SA_r 0.357201 freedomratio 0.139027
Iter 9000000 pBad 0.00048849 T 7.50705e-13 Obj 1.00879 Rho 0 GRdif 5.12908 success 880543 failure 3573385 obj_new 1.00879 SA_pAcc 0 Delta -1.0346e-05 SA_r 0.528498 freedomratio 0.135241
Iter 9500000 pBad 0.000398384 T 2.16608e-13 Obj 1.00879 Rho 0 GRdif 5.13258 success 888104 failure 3971355 obj_new 1.0088 SA_pAcc 0 Delta 1.56176e-06 SA_r 0.700424 freedomratio 0.129646
Good enough
iter 9.57772e+06 obj1.00879 rho 0 GRdif 5.12857
Training:
Lab Growth Rates:
0.59 0.48 0.52 0.58 0.5 0.686 1.483 0.47 1.345 0.3 0.4 0.56 0.55 0.27 0.724 0.27 0.59 0.43 0.58 0.45 0.53 0.22 0.5 0.55 0.37 1.483 0.56 0.42 0.47 0.5 0.3 0.58 0.56 0.1 0.47 0.37 0.41 0.42 0.1 0.49 0.7 0.5 1.248 0.45 0.1 0.59 0.33 0.4 0.4 0.45 0.54 0.58 0.48 0.5 0.48 0.58 0.42 0.47 0.476 0.46 1.345 0.59 0.47 1.345 0.4 1.483 0.5 0.5 1.483 0.59 0.37 0.68 0.23 0.3 0.33 1.05 0.46 0.58 0.26 0.1 0.4 0.58 0.46 0.686 0.23 0.5 0.46 0.47 0.25 0.58 0.54 0.47 0.36 0.476 0.5 0.37 0.4 0.27 0.65 0.71 0.23 1.248 0.4 0.54 0.4 0.377 0.25 0.4 0.4 0.46 0.4 0.41 1.345 0.68 0.68 1.483 0.36 1.345 0.4 0.65 1.345 0.41 0.38 0.47 0.4 1.49 0.59 0.58 0.6 0.3 0.485 0.65 0.19 0.3 0.17 0.5 1.43 0.56 0.36 0.485 0.47 0.59 0.19 1.483 0.68 0.27 0.39 0.4 0.46 0.5 0.54 0.485 0.5 0.42 0.59 0.59 0.5 0.09 1.248 0.4 0.42 0.617 0.49 0.43 1.46 0.56 0.36 0.47 0.33 0.25 0.45 0.54 0.53 0.4 0.46 0.4 0.56 0.4 0.1 1.345 0.11 0.36 1.05 0.33 0.377 0.56 0.3 0.54 0.56 0.52 0.31 0.5 0.4 0.4 0.37 0.58 0.65 0.37 0.25 0.3 0.7 0.476 0.4 0.4 1.345 0.37 0.4 0.54 0.54 0.43 0.52 0.23 0.25 0.65 0.59 0.09 0.4 0.54 0.55 0.53 0.42 0.5 0.45 0.56 0.59 0.3 0.637 0.3 0.23 0.55 0.65 0.22 0.59 0.54 0.55 0.58 0.686 0.4 0.4 0.58 0.481 0.58 0.636 0.22 0.19 0.4 0.4 0.36 0.45 0.3 0.56 0.46 0.54 0.45 0.14 0.4 0.53 0.4 0.4 0.46 0.58 0.4 0.11 0.55 0.46 0.2 0.53 0.4 0.901 0.51 0.56 1.46 0.59 0.65 0.45 0.38 0.46 0.54 0.43 0.1 0.5 0.33 0.54 0.54 1.67 0.71 0.648 0.4 0.17 0.481 0.36 0.46 0.33 0.48 0.4 0.47 0.47 0.34 0.53 0.27 0.4 0.42 0.38 0.45 0.2 0.7 0.34 0.45 0.23 0.5 0.54 0.23 0.45 0.635 0.54 1.483 0.41 0.46 0.53 0.4 0.5 1.03 0.22 1.345 0.65 1.05 1.483 0.42 0.5 0.58 0.43 0.48 0.11 0.43 0.42 0.37 0.53 0.37 1.67 0.762 0.54 0.56 1.483 0.4 0.58 0.4 0.4 0.45 0.23 0.301 0.5 0.59 0.4 0.42 0.46 0.7 0.48 0.48 1.66 1.05 1.483 0.4 0.4 0.54 0.42 0.55 1.46 0.5 0.36 0.52 0.4 0.481 0.2 0.4 0.09 0.37 0.465 0.52 0.37 0.5 0.5 0.26 0.42 0.4 0.34 0.52 0.1 0.71 0.636 0.32 0.17 0.59 0.25 0.37 0.22 0.41 0.27 0.3 0.33 0.53 0.55 0.46 0.43 0.45 0.4 0.47 0.26 0.41 1.42 0.55 0.43 0.54 0.465 0.3 0.56 0.637 0.5 0.301 0.636 0.5 0.4 0.6 1.66 0.48 0.42 0.42 0.46 0.54 0.56 0.901 0.55 0.38 1.35 0.52 0.52 0.58 0.65 0.41 0.22 0.4 0.3 0.4 0.31 0.47 0.485 0.901 0.47 0.47 0.5 0.4 0.49 0.54 0.4 0.59 0.48 0.901 0.5 0.33 0.54 0.5 0.55 0.39 0.22 0.33 0.37 0.42 0.54 1.483 0.53 0.32 0.53 0.53 0.4 0.45 0.52 1.345 0.58 0.6 0.54 0.39 0.5 0.45 0.5 0.45 0.22 0.51 0.724 0.47 0.47 0.4 0.47 0.55 0.762 0.4 0.56 0.54 0.53 0.53 0.52 1.43 0.47 0.377 0.47 0.32 0.23 1.44 0.46 0.37 0.39 0.4 0.46 1.46 1.345 0.762 0.4 0.25 0.56 0.39 0.54 0.39 0.762 0.53 0.635 0.56 1.248 0.648 0.38 0.47 1.38 0.724 0.5 0.54 0.45 0.5 0.36 0.14 0.51 0.41 0.43 1.4 0.46 0.52 0.4 0.648 0.47 0.6 0.301 1.483 0.42 0.37 1.345 0.68 0.52 0.46 1.248 0.56 0.58 0.901 0.45 0.5 0.31 0.465 0.46 0.25 0.4 0.635 0.1 0.58 0.637 0.58 0.1 0.901 0.4 0.54 0.4 0.42 0.45 0.41 0.4 0.42 0.5 0.3 0.37 0.47 1.05 0.4
Dot Production Prediction of Lab Growth Rates:
0.322988 0.343678 0.381007 0.354757 0.793544 0.696762 1.33172 0.366361 1.37814 0.34009 0.357284 0.577298 0.499052 0.269799 0.697895 0.379135 0.540348 0.34597 0.311476 0.29926 0.524451 0.430846 0.84371 0.557516 0.400331 1.39638 0.554031 0.338007 0.358821 0.33147 0.263385 0.316302 0.469953 2.13903 0.306347 0.409758 0.385897 0.344773 2.01159 0.438238 0.786944 0.793841 0.898765 1.43343 1.30069 0.539634 0.486867 0.360926 0.329724 1.38604 0.534117 0.474494 0.357149 0.576991 0.313396 0.455305 0.329269 0.335392 0.644048 0.431252 1.26054 0.559749 0.435625 1.34676 0.330104 1.35403 0.477207 0.477697 1.30427 0.355336 0.40721 0.342316 0.537771 0.359891 0.503602 1.05432 0.536511 0.470686 0.448836 0.489805 0.314071 0.368163 0.403509 0.696945 0.422854 0.324865 0.459941 0.362492 0.495918 0.478718 0.489645 0.378751 0.342857 0.647304 0.507612 0.399119 0.341618 0.285974 0.647241 0.693246 0.422623 0.897078 0.323643 0.295633 0.365422 0.636687 0.34861 0.35025 0.358458 0.387331 0.332654 0.652345 1.38144 0.339595 0.340969 1.36974 0.339395 1.30265 0.337748 0.656046 1.34855 0.35018 0.309165 0.381905 0.334444 1.43343 0.531531 0.453682 0.62535 0.263358 0.645506 0.618166 0.280041 0.662916 0.285387 0.509087 1.24147 0.469326 0.39057 0.6446 0.359368 0.549582 0.273306 1.3612 0.34125 0.524233 0.311969 0.323901 0.336473 0.577181 0.372832 0.649443 0.336781 0.288522 0.276895 0.342198 0.896094 0.476578 0.905065 0.357489 0.513357 0.763661 0.455531 0.380572 1.49762 0.477005 0.448046 0.382923 0.275829 1.08223 0.368947 0.325283 0.405244 0.322757 0.346665 0.325666 0.546806 0.329761 0.307015 1.29958 0.421788 0.385365 1.04982 0.304381 0.644886 0.514115 0.608829 0.468836 0.466079 0.345623 0.581456 0.507191 0.321966 0.318254 0.401573 0.404342 0.624219 0.403101 0.30477 0.592134 0.795394 0.647507 0.326736 0.325899 1.34479 0.393909 0.3592 0.465501 0.502479 0.338602 0.357458 0.557057 0.463892 0.648925 0.299246 0.418174 0.329748 0.558394 0.500455 0.526116 0.326508 0.439755 0.342937 0.560195 0.337427 0.299934 0.69388 0.510375 0.572389 0.524825 0.649872 0.469177 0.549216 0.50753 0.490039 0.480041 0.694044 0.331028 0.32213 0.458358 0.650136 0.40229 0.695453 0.471496 0.279669 0.315835 0.339055 0.363632 0.399247 0.659232 0.546218 0.473532 0.493002 0.362763 0.467599 0.329983 0.525976 0.330244 0.317852 0.36922 0.455656 0.275784 0.374193 0.552925 0.46155 0.321993 0.544867 0.331794 0.863769 0.436816 0.469894 1.07065 0.291979 0.654161 1.33749 0.280512 0.460197 0.311603 0.390819 1.84244 0.424557 0.511106 0.312641 0.397887 1.33825 0.703274 0.68967 0.332067 0.409814 0.645751 0.435593 0.373437 0.314772 0.365748 0.340267 0.276978 0.422723 0.331619 0.401568 0.326382 0.326561 0.312016 0.365481 0.431162 0.342569 0.788127 0.3414 1.37124 0.561165 0.363128 0.465249 0.529978 0.299276 0.697604 0.403285 1.35474 0.415752 0.400491 0.295399 0.330605 0.772172 1.20967 0.409597 1.34537 0.662385 1.45275 1.34108 0.50196 0.888551 0.469692 0.392873 0.37531 0.404387 0.403553 0.330221 0.450027 0.526346 0.396868 1.42746 0.856053 0.572461 0.55993 1.24819 0.328967 0.480382 0.331191 0.36109 1.42155 0.578861 0.655896 0.858227 0.274845 0.322759 0.328903 0.517133 0.802516 0.293112 0.353958 1.55669 1.04321 1.29768 0.327203 0.312976 0.370513 0.269356 0.526221 1.03555 0.865244 0.318748 0.314992 0.331439 0.648223 0.32988 0.330874 0.378831 0.40941 0.642736 0.408158 0.41346 0.728076 0.466933 0.37563 0.321648 0.317807 0.299062 0.391461 0.481173 0.696738 0.718833 0.303626 0.284048 0.53237 1.41515 0.264497 0.4766 0.651643 0.38084 0.262334 0.321953 0.530369 0.488465 0.401621 0.36275 0.329688 0.314499 0.353727 0.524454 0.648133 1.43404 0.500348 0.285607 0.338022 0.643018 0.596567 0.537555 0.693406 0.826707 0.655445 0.706426 0.36897 0.328671 0.638755 1.54405 0.246897 0.327296 0.345208 0.451486 0.55685 0.476184 0.900099 0.545594 0.283312 1.20343 0.301701 0.359254 0.375174 0.649832 0.412472 0.493115 0.320207 0.646303 0.332078 0.572095 0.36213 0.646496 0.902808 0.343851 0.361811 0.32486 0.332305 0.439962 0.486405 0.330383 0.328879 0.285745 0.901756 0.474925 0.383925 0.354481 0.731283 0.468895 0.316024 0.491142 0.364292 0.41312 0.329216 0.51276 1.28524 0.332293 0.319782 0.280514 0.414461 0.323549 0.345581 0.364169 1.40441 0.408818 0.614747 0.345869 0.317377 0.460578 0.418049 0.479158 1.45437 0.352728 0.432112 0.699067 0.431896 0.313862 0.329365 0.326596 0.535379 0.850758 0.35863 0.554718 0.406913 0.364923 0.474484 0.384464 1.2885 0.37197 0.63723 0.396602 0.332107 0.423403 1.44587 0.305782 0.518217 0.334006 0.354868 0.534775 1.02748 1.34732 0.859193 0.321233 0.333753 0.541021 0.296396 0.383341 0.300586 0.846241 0.432436 0.694502 0.503476 0.893247 0.682134 0.384877 0.366327 1.18828 0.703125 0.393168 0.366823 0.340935 0.386603 0.352274 0.46148 0.391923 0.381635 0.366912 1.39974 0.363676 0.312095 0.325657 0.688122 0.356416 0.676504 0.657125 1.34308 0.416532 0.427725 1.35755 0.342277 0.333075 0.473752 0.899515 0.555585 0.428512 0.900878 0.420151 0.327595 0.608034 0.646454 0.377069 0.332434 0.327311 0.696962 1.06979 0.469764 0.691701 0.387578 1.81457 0.900869 0.328592 0.389448 0.332705 0.517062 1.35512 0.337465 0.294815 0.341765 0.335011 0.57823 0.387867 0.38279 1.05501 0.313042
Testing:
Lab Growth Rates:
0.43 0.43 0.43
Dot Production Prediction of Lab Growth Rates:
0.406385 0.377279 0.377474
Best performance so far: 
Obj: 4.64037e-310Rho: 2.122e-314Diff: 4.64037e-310
Test:
 Lab Growth Rates:
0.43 0.43 0.43Dot Product Prediction of Growth Rate:
0.4063854 0.3772789 0.3774741