seed =  5 traits =  1 
Training: part  55 
Training: part  55 
Round  1 
 Goal of obj  0.99 
Temperature range:  0.00390625 7.8125e-11 
Cycle 1Round 1
Iter 500000 pBad 0.88432 T 0.00160995 Obj 1.07594 Rho 0 GRdif 42.8906 success 146326 failure 9794 obj_new 1.07594 SA_pAcc 1 Delta 0.0587981 SA_r 0.832489 freedomratio 0.36925
Iter 1000000 pBad 0.808021 T 0.000663535 Obj 1.04636 Rho 0 GRdif 26.556 success 289529 failure 26556 obj_new 1.04636 SA_pAcc 1.16789 Delta -0.0500606 SA_r 0.482284 freedomratio 0.374441
Iter 1500000 pBad 0.780931 T 0.000273474 Obj 1.03304 Rho 0 GRdif 19.0476 success 431541 failure 47262 obj_new 1.03304 SA_pAcc 1 Delta -0.0579827 SA_r 0.60651 freedomratio 0.365109
Iter 2000000 pBad 0.735675 T 0.000112711 Obj 1.02686 Rho 0 GRdif 15.5302 success 572702 failure 70097 obj_new 1.02686 SA_pAcc 0.928134 Delta 0.0139862 SA_r 0.670054 freedomratio 0.36809
Iter 2500000 pBad 0.630334 T 4.64535e-05 Obj 1.01989 Rho 0 GRdif 11.5429 success 711861 failure 97091 obj_new 1.01989 SA_pAcc 1.55308 Delta -0.0554978 SA_r 0.360188 freedomratio 0.367168
Iter 3000000 pBad 0.561289 T 1.91456e-05 Obj 1.01762 Rho 0 GRdif 10.2361 success 845418 failure 133866 obj_new 1.01762 SA_pAcc 1 Delta 0.0475059 SA_r 0.157918 freedomratio 0.364201
Iter 3500000 pBad 0.43612 T 7.8908e-06 Obj 1.01519 Rho 0 GRdif 8.83467 success 968588 failure 189429 obj_new 1.01519 SA_pAcc 0.592431 Delta -0.0265643 SA_r 0.854041 freedomratio 0.356231
Iter 4000000 pBad 0.333907 T 3.25217e-06 Obj 1.01121 Rho 0 GRdif 6.5354 success 1080406 failure 268539 obj_new 1.01121 SA_pAcc 0.853202 Delta -0.0309701 SA_r 0.279077 freedomratio 0.345315
Iter 4500000 pBad 0.268153 T 1.34037e-06 Obj 1.00953 Rho 0 GRdif 5.55847 success 1182461 failure 366677 obj_new 1.00953 SA_pAcc 0.674889 Delta -0.0197461 SA_r 0.923515 freedomratio 0.336202
Iter 5000000 pBad 0.122936 T 5.52428e-07 Obj 1.00831 Rho 0 GRdif 4.85153 success 1267440 failure 501964 obj_new 1.00831 SA_pAcc 0.120411 Delta -0.0122911 SA_r 0.758609 freedomratio 0.307289
Iter 5500000 pBad 0.11064 T 2.27681e-07 Obj 1.00778 Rho 0 GRdif 4.54449 success 1328265 failure 691982 obj_new 1.00779 SA_pAcc 0.00354173 Delta 0.0104786 SA_r 0.085454 freedomratio 0.283229
Iter 6000000 pBad 0.0503144 T 9.3838e-08 Obj 1.00762 Rho 0 GRdif 4.4455 success 1370176 failure 930728 obj_new 1.00762 SA_pAcc 1 Delta -0.00219677 SA_r 0.144715 freedomratio 0.25161
Iter 6500000 pBad 0.0297985 T 3.8675e-08 Obj 1.00756 Rho 0 GRdif 4.41199 success 1396790 failure 1215038 obj_new 1.00756 SA_pAcc 0.0961671 Delta 0.00139359 SA_r 0.550036 freedomratio 0.228016
Iter 7000000 pBad 0.0156527 T 1.59398e-08 Obj 1.00752 Rho 0 GRdif 4.39585 success 1415874 failure 1528868 obj_new 1.00753 SA_pAcc 4.24938e-157 Delta -0.00155097 SA_r 0.587308 freedomratio 0.216077
Iter 7500000 pBad 0.0111136 T 6.56951e-09 Obj 1.00751 Rho 0 GRdif 4.39365 success 1428560 failure 1864101 obj_new 1.00753 SA_pAcc 0 Delta -0.000444372 SA_r 0.00265226 freedomratio 0.206994
Iter 8000000 pBad 0.00822884 T 2.7076e-09 Obj 1.0075 Rho 0 GRdif 4.40037 success 1437018 failure 2216075 obj_new 1.00754 SA_pAcc 0 Delta 0.000630789 SA_r 0.122899 freedomratio 0.203826
Iter 8500000 pBad 0.00302665 T 1.11593e-09 Obj 1.00749 Rho 0 GRdif 4.37543 success 1442715 failure 2577737 obj_new 1.00749 SA_pAcc 1.0171e-10 Delta 0.000217022 SA_r 0.749102 freedomratio 0.200137
Iter 9000000 pBad 0.00290173 T 4.59926e-10 Obj 1.00749 Rho 0 GRdif 4.37384 success 1446278 failure 2946611 obj_new 1.00749 SA_pAcc 1 Delta -0.000219735 SA_r 0.618702 freedomratio 0.198375
Iter 9500000 pBad 0.00122968 T 1.89557e-10 Obj 1.00749 Rho 0 GRdif 4.37296 success 1448929 failure 3319483 obj_new 1.00749 SA_pAcc 2.64276e-08 Delta -3.38626e-05 SA_r 0.0262968 freedomratio 0.197174
Iter 10000000 pBad 0.000995414 T 7.81251e-11 Obj 1.00749 Rho 0 GRdif 4.37231 success 1450583 failure 3695991 obj_new 1.00749 SA_pAcc 8.9171e-35 Delta -3.38694e-05 SA_r 0.00275739 freedomratio 0.196447
Cannot move further
iter 9.99987e+06 obj1.00749 rho 0 GRdif 4.37231
Training:
Lab Growth Rates:
0.45 0.37 0.1 0.46 0.53 0.42 0.48 0.36 0.47 0.46 0.4 0.686 1.483 0.48 1.345 0.58 0.4 0.56 0.55 0.47 0.724 0.43 0.59 0.36 0.46 0.38 0.53 0.43 0.5 0.55 0.23 1.483 0.56 0.53 0.5 0.47 0.3 0.39 0.58 1.66 0.41 0.37 0.45 0.33 0.1 0.45 0.7 0.5 1.248 0.45 0.1 0.59 0.46 0.4 0.4 0.45 0.54 0.46 0.36 0.5 0.42 0.5 0.33 0.52 0.476 0.58 1.345 0.59 0.5 1.345 0.4 1.483 0.5 0.5 0.25 0.42 1.483 0.55 0.45 0.45 0.22 0.43 0.37 0.58 0.42 0.762 0.36 0.68 0.23 0.46 0.46 1.46 0.59 0.58 0.31 0.27 0.4 0.54 0.58 0.686 0.7 0.37 0.58 0.52 0.4 0.58 0.54 0.41 0.47 0.476 0.5 0.37 0.4 0.47 0.65 0.71 0.7 1.248 0.4 0.52 0.38 0.377 0.27 0.4 0.4 0.41 0.4 0.41 1.345 0.68 0.68 1.483 0.47 1.345 0.4 0.65 1.345 0.45 0.36 0.19 0.4 1.49 0.59 0.5 0.5 0.3 0.485 0.65 0.51 0.3 0.43 0.5 0.1 0.56 0.26 0.485 0.52 0.59 0.51 1.483 0.68 0.22 0.4 0.47 0.5 0.52 0.485 0.33 0.37 0.43 0.48 0.5 0.11 1.248 0.4 0.43 0.7 0.45 0.47 1.05 0.56 0.5 0.5 1.05 0.54 0.52 0.58 0.4 0.42 0.4 0.56 0.4 0.45 1.345 0.36 0.31 1.46 0.377 0.56 0.6 0.55 0.58 0.46 0.46 0.5 0.4 0.4 0.23 0.17 0.65 0.37 0.4 0.3 0.3 0.476 0.4 0.4 1.345 0.47 0.4 0.55 0.54 0.47 0.49 0.23 0.4 0.65 0.45 0.47 0.4 0.54 0.55 0.53 0.36 0.5 0.54 0.56 0.3 0.27 0.637 0.6 0.23 0.55 1.35 0.65 0.59 0.54 0.56 0.58 0.686 0.4 0.53 0.5 0.481 0.636 0.46 0.5 0.4 0.39 0.33 0.3 0.56 0.46 0.54 0.54 0.14 0.4 0.25 0.4 0.45 0.58 0.37 0.5 0.55 0.65 0.54 0.53 0.4 0.901 0.59 0.48 0.3 0.47 1.43 0.45 0.42 0.58 0.54 0.4 1.66 0.46 0.27 0.4 0.53 0.37 0.71 0.648 0.4 0.43 0.481 0.42 0.3 0.11 0.25 0.59 0.52 0.47 0.46 0.42 0.4 0.4 0.47 0.59 0.47 0.39 1.46 0.5 0.45 0.23 0.59 0.54 0.23 0.43 0.635 0.54 1.483 0.4 0.58 0.4 0.25 0.48 0.1 0.5 0.22 0.901 0.56 1.345 0.53 0.36 1.43 0.4 0.762 0.47 0.1 0.56 1.483 0.39 0.39 0.4 0.901 0.25 0.54 0.22 0.1 0.3 0.46 0.4 0.32 0.26 0.52 0.34 0.53 1.67 0.5 0.54 0.56 1.483 0.4 0.58 0.5 0.4 0.45 0.23 0.301 0.36 0.4 0.4 0.53 0.34 0.34 0.45 1.483 0.42 1.05 0.54 0.46 0.55 0.6 0.38 0.52 0.33 0.481 1.05 0.3 0.3 0.25 0.465 0.1 1.05 0.5 0.4 0.47 0.33 0.47 0.37 0.4 0.71 0.636 0.33 0.41 0.59 0.25 0.41 0.5 1.67 0.59 0.37 0.56 0.42 0.54 0.38 0.4 0.53 0.5 0.41 1.42 0.55 0.53 1.38 0.465 0.37 0.637 0.47 0.301 0.636 0.2 0.37 0.65 0.22 0.4 0.52 0.58 0.58 0.2 0.5 0.901 0.55 1.03 0.617 0.32 0.49 0.38 0.4 1.46 0.46 0.43 0.41 0.46 0.485 0.48 0.58 0.58 0.54 0.43 0.27 0.19 0.32 0.42 0.42 0.635 0.45 0.47 0.47 0.56 0.27 0.37 0.48 0.4 0.648 0.58 0.762 0.47 0.33 0.09 0.4 0.1 1.483 0.56 0.4 0.46 0.54 0.54 1.345 0.5 0.41 0.4 0.37 0.45 0.52 0.45 0.37 0.43 0.724 0.3 0.5 0.14 0.48 0.53 0.09 0.49 0.65 1.4 0.09 0.4 0.54 0.46 0.377 0.47 0.4 0.46 0.56 0.22 0.17 1.483 0.52 0.5 0.17 1.345 0.68 1.345 0.59 0.25 0.6 0.31 0.39 1.248 0.4 0.2 0.11 0.901 0.42 0.59 0.42 0.58 0.54 0.33 0.648 0.43 0.22 0.56 0.42 0.55 0.5 0.4 0.901 0.762 0.5 0.53 0.465 0.26 0.51 0.301 0.19 0.46 0.4 0.4 0.42 0.4 0.22 0.59 1.44 0.42 0.56 0.4 0.47 0.724 0.54 0.42 0.53 0.23 0.54 0.48 0.3 0.637 0.635 1.248
Dot Production Prediction of Lab Growth Rates:
1.58004 0.415106 1.37307 0.415797 0.533626 0.342215 0.320499 0.382692 0.349664 0.414409 0.399632 0.720154 1.30463 0.331189 1.36796 0.280877 0.403672 0.547267 0.456497 0.363965 0.715175 0.383864 0.540894 0.326631 0.396474 0.342999 0.527634 0.379591 0.784132 0.562315 0.419194 1.26419 0.54833 0.371781 0.335084 0.331214 0.585762 0.300304 0.478016 1.66 0.332626 0.408484 0.399071 0.453122 1.11219 0.375382 0.71263 0.693269 0.941431 1.65761 1.51039 0.540041 0.316127 0.393043 0.402811 1.58052 0.538896 0.442075 0.374691 0.55309 0.311821 0.491248 0.39566 0.324689 0.580191 0.482115 1.26052 0.552105 0.336883 1.24651 0.403735 1.28223 0.47804 0.471754 0.360193 0.343691 1.27372 0.555475 0.368088 0.39096 0.479555 0.345492 0.401924 0.444994 0.333268 0.900664 0.328054 0.424118 0.544674 0.497505 0.387238 1.51166 0.297103 0.473306 0.52777 0.293364 0.385495 0.349729 0.33494 0.720382 0.703685 0.378617 0.471982 0.347127 0.380464 0.471219 0.469043 0.353987 0.388902 0.582605 0.520276 0.402811 0.407115 0.401055 0.649852 0.711679 0.700951 0.939706 0.399972 0.348977 0.321398 0.568759 0.337467 0.395623 0.406724 0.367836 0.379893 0.568725 1.2674 0.418285 0.418819 1.26288 0.360186 1.30786 0.405348 0.652449 1.20753 0.358905 0.383826 0.296532 0.405026 1.65761 0.549831 0.482769 0.811324 0.52483 0.562707 0.61945 0.389698 0.54247 0.329078 0.538426 0.910212 0.472724 0.437841 0.574795 0.376097 0.556525 0.357761 1.32558 0.422854 0.348703 0.396789 0.348925 0.547151 0.35464 0.565341 0.311613 0.324853 0.416096 0.334371 0.792139 0.307379 0.949275 0.403529 0.34281 0.710692 0.352515 0.335343 1.52964 0.47048 0.352985 0.319852 1.05 0.341953 0.381939 0.334563 0.410251 0.313252 0.407926 0.545616 0.404422 0.353203 1.30418 0.351453 0.530273 1.00202 0.568572 0.529857 0.5522 0.471567 0.494783 0.335501 0.337508 0.518736 0.377882 0.395724 0.417009 0.306504 0.650023 0.397777 0.33285 0.517982 0.2943 0.583834 0.40455 0.405694 1.20362 0.3867 0.403531 0.462407 0.527362 0.391432 0.372479 0.538967 0.320535 0.655086 0.338589 0.453695 0.398524 0.556134 0.457699 0.548516 0.348962 0.365337 0.374365 0.541819 0.342452 0.336778 0.695209 0.555776 0.543395 0.544765 1.2317 0.63015 0.558606 0.533361 0.485068 0.473311 0.717325 0.403011 0.379208 0.484863 0.570725 0.712506 0.463176 0.33358 0.40775 0.340199 0.311442 0.537535 0.548891 0.485093 0.455631 0.384935 0.138597 0.397527 0.351947 0.404832 0.326091 0.470069 0.389184 0.320726 0.565717 0.664638 0.353268 0.542602 0.40589 0.900036 0.33571 0.281323 0.300648 0.473328 1.37549 1.58176 0.559687 0.483123 0.357863 0.405574 1.66 0.314321 0.374585 0.383107 0.501622 0.417293 0.721152 0.699167 0.387904 0.329186 0.572435 0.328109 0.361204 0.351027 0.307413 0.318938 0.342808 0.345274 0.296773 0.312796 0.404193 0.406083 0.405959 0.353146 0.341245 0.324214 1.05084 0.366995 1.58321 0.550006 0.32994 0.461183 0.542335 0.415881 0.702741 0.30495 1.23032 0.394495 0.32642 0.394354 0.348295 0.340763 1.30358 0.321734 0.386545 0.905774 0.551694 1.32653 0.525654 0.334349 1.36362 0.399806 0.914953 0.399939 1.1395 0.548663 1.19365 0.297689 0.30761 0.402997 0.903228 0.48541 0.543798 0.357979 0.427948 0.450117 0.453381 0.395731 0.317136 0.354007 0.344773 0.33014 0.524778 1.6453 0.709556 0.561983 0.547308 1.23657 0.401304 0.468833 0.299336 0.398687 1.64839 0.54661 0.560987 0.323517 0.403476 0.401839 0.309401 0.340389 0.333292 0.348824 1.257 0.346049 1.05025 0.322875 0.351883 0.548249 0.568209 0.330798 0.341485 0.332308 0.570685 1.05 0.303288 0.528289 0.899144 0.575921 0.42809 1.02983 0.786325 0.39015 0.361185 0.329133 0.35192 0.414188 0.401915 0.717147 0.716548 0.334554 0.35937 0.541193 1.59801 0.569282 0.337118 1.45965 0.361885 0.520933 0.474164 0.34946 0.353446 0.344099 0.406678 0.345964 0.764656 0.555811 1.6149 0.442504 0.363023 1.34827 0.579166 0.384896 0.696849 0.314009 0.561385 0.716202 0.364804 0.413017 0.649991 0.473358 0.404627 0.380348 0.372894 0.36322 0.380224 0.787683 0.902957 0.55627 1.37178 0.616312 0.347055 0.361905 0.326892 0.39955 1.02047 0.364234 0.383354 0.348583 0.459968 0.577015 0.318711 0.305552 0.347962 0.364292 0.424928 0.569907 0.296849 0.315352 0.322863 0.547374 0.699016 0.32094 0.373284 0.332589 0.525172 0.368213 0.388843 0.342382 0.404811 0.699955 0.470232 0.918349 0.431897 0.337718 0.369406 0.402734 0.319572 1.25591 0.486908 0.403004 0.47833 0.364247 0.539962 1.32681 0.747069 0.324986 0.396644 0.410939 0.309728 0.335053 1.6889 0.418533 0.355062 0.7171 0.559307 0.688307 0.140076 0.281715 0.289232 0.332556 0.352259 0.649784 1.47932 0.416172 0.380567 0.344823 0.399198 0.566279 0.337491 0.406379 0.506291 0.546284 0.47245 0.303646 1.23534 0.363472 0.673308 0.380956 1.34419 0.422586 1.32383 0.37841 0.505536 0.57735 0.539799 0.311749 0.94387 0.38215 0.37677 0.344151 0.900962 0.337834 0.330565 0.542183 0.356645 0.389867 0.429783 0.692696 0.385206 0.470252 0.468639 0.303532 0.457522 0.471778 0.401298 0.900878 0.911966 0.312421 0.440401 0.583008 0.518023 0.367417 0.559624 0.295653 0.453156 0.403266 0.384714 0.353549 0.385197 0.479322 0.325277 1.62784 0.351591 0.547221 0.406096 0.342094 0.717643 0.352538 0.333897 0.304812 0.415835 0.297255 0.330319 0.309043 0.692432 0.70238 0.942574
Testing:
Lab Growth Rates:
0.54 0.54 0.54
Dot Production Prediction of Lab Growth Rates:
0.468109 0.456363 0.46787
Best performance so far: 
Obj: 4.66511e-310Rho: 2.26291e-314Diff: 4.66511e-310
Anneal again with the best G and E so far as input
Cycle 2Round 1
Iter 500000 pBad 0.827612 T 0.00160995 Obj 1.05137 Rho 0 GRdif 29.3568 success 105219 failure 10152 obj_new 1.05137 SA_pAcc 1 Delta -0.0718108 SA_r 0.45521 freedomratio 0.249893
Iter 1000000 pBad 0.769858 T 0.000663535 Obj 1.03986 Rho 0 GRdif 22.9018 success 208457 failure 24310 obj_new 1.03986 SA_pAcc 0.904062 Delta 0.0241351 SA_r 0.12881 freedomratio 0.251394
Iter 1500000 pBad 0.723849 T 0.000273474 Obj 1.02989 Rho 0 GRdif 17.2596 success 310119 failure 42858 obj_new 1.02989 SA_pAcc 0.952923 Delta 0.0207678 SA_r 0.463682 freedomratio 0.24968
Iter 2000000 pBad 0.716805 T 0.000112711 Obj 1.02689 Rho 0 GRdif 15.5503 success 410885 failure 62536 obj_new 1.02689 SA_pAcc 1.33403 Delta -0.0581224 SA_r 0.531342 freedomratio 0.24915
Iter 2500000 pBad 0.595051 T 4.64535e-05 Obj 1.02393 Rho 0 GRdif 13.8593 success 510186 failure 86662 obj_new 1.02393 SA_pAcc 1 Delta -0.0520855 SA_r 0.975699 freedomratio 0.245086
Iter 3000000 pBad 0.56499 T 1.91456e-05 Obj 1.02045 Rho 0 GRdif 11.8649 success 606451 failure 117975 obj_new 1.02045 SA_pAcc 0.693987 Delta -0.0205431 SA_r 0.246807 freedomratio 0.246115
Iter 3500000 pBad 0.426002 T 7.8908e-06 Obj 1.01784 Rho 0 GRdif 10.3598 success 700288 failure 155049 obj_new 1.01784 SA_pAcc 1 Delta 0.00624737 SA_r 0.244094 freedomratio 0.245599
Iter 4000000 pBad 0.322408 T 3.25217e-06 Obj 1.01492 Rho 0 GRdif 8.67908 success 782603 failure 214111 obj_new 1.01492 SA_pAcc 1 Delta -0.0241567 SA_r 0.0643077 freedomratio 0.238502
Iter 4500000 pBad 0.234794 T 1.34037e-06 Obj 1.01078 Rho 0 GRdif 6.2824 success 858907 failure 292973 obj_new 1.01078 SA_pAcc 1.05656 Delta -0.00780301 SA_r 0.381134 freedomratio 0.23089
Iter 5000000 pBad 0.164161 T 5.52428e-07 Obj 1.00971 Rho 0 GRdif 5.66375 success 924430 failure 393516 obj_new 1.00971 SA_pAcc 1 Delta 0.00327115 SA_r 0.309568 freedomratio 0.223494
Iter 5500000 pBad 0.107019 T 2.27681e-07 Obj 1.0091 Rho 0 GRdif 5.31042 success 975188 failure 531334 obj_new 1.0091 SA_pAcc 3.83748e-06 Delta 0.00704208 SA_r 0.549292 freedomratio 0.208615
Iter 6000000 pBad 0.0606656 T 9.3838e-08 Obj 1.00863 Rho 0 GRdif 5.03495 success 1015064 failure 707121 obj_new 1.00863 SA_pAcc 1.39385e-07 Delta -0.00400934 SA_r 0.00562532 freedomratio 0.19462
Iter 6500000 pBad 0.0353645 T 3.8675e-08 Obj 1.00839 Rho 0 GRdif 4.89421 success 1043901 failure 925508 obj_new 1.00839 SA_pAcc 0.000148529 Delta 0.0030226 SA_r 0.358907 freedomratio 0.174821
Iter 7000000 pBad 0.0224255 T 1.59398e-08 Obj 1.00826 Rho 0 GRdif 4.82403 success 1066023 failure 1178289 obj_new 1.00827 SA_pAcc 5.00899e-37 Delta 0.00187168 SA_r 0.429211 freedomratio 0.166241
Iter 7500000 pBad 0.014044 T 6.56951e-09 Obj 1.00822 Rho 0 GRdif 4.79693 success 1079315 failure 1466874 obj_new 1.00822 SA_pAcc 1 Delta 0.000502574 SA_r 0.944695 freedomratio 0.15825
Iter 8000000 pBad 0.00561144 T 2.7076e-09 Obj 1.0082 Rho 0 GRdif 4.78569 success 1087365 failure 1776345 obj_new 1.0082 SA_pAcc 1 Delta 3.75184e-05 SA_r 0.310676 freedomratio 0.153806
Iter 8500000 pBad 0.00535304 T 1.11593e-09 Obj 1.00819 Rho 0 GRdif 4.778 success 1093422 failure 2097926 obj_new 1.00819 SA_pAcc 1 Delta 0.000414544 SA_r 0.277588 freedomratio 0.151343
Iter 9000000 pBad 0.00266128 T 4.59926e-10 Obj 1.00818 Rho 0 GRdif 4.77281 success 1098292 failure 2426456 obj_new 1.00818 SA_pAcc 1 Delta -0.000158007 SA_r 0.979646 freedomratio 0.14991
Iter 9500000 pBad 0.00180891 T 1.89557e-10 Obj 1.00817 Rho 0 GRdif 4.76824 success 1101930 failure 2761227 obj_new 1.00817 SA_pAcc 2.73062e-13 Delta -5.92958e-05 SA_r 0.40958 freedomratio 0.14858
Good enough
iter 9.9999e+06 obj1.00816 rho 0 GRdif 4.76461
Training:
Lab Growth Rates:
0.45 0.37 0.1 0.46 0.53 0.42 0.48 0.36 0.47 0.46 0.4 0.686 1.483 0.48 1.345 0.58 0.4 0.56 0.55 0.47 0.724 0.43 0.59 0.36 0.46 0.38 0.53 0.43 0.5 0.55 0.23 1.483 0.56 0.53 0.5 0.47 0.3 0.39 0.58 1.66 0.41 0.37 0.45 0.33 0.1 0.45 0.7 0.5 1.248 0.45 0.1 0.59 0.46 0.4 0.4 0.45 0.54 0.46 0.36 0.5 0.42 0.5 0.33 0.52 0.476 0.58 1.345 0.59 0.5 1.345 0.4 1.483 0.5 0.5 0.25 0.42 1.483 0.55 0.45 0.45 0.22 0.43 0.37 0.58 0.42 0.762 0.36 0.68 0.23 0.46 0.46 1.46 0.59 0.58 0.31 0.27 0.4 0.54 0.58 0.686 0.7 0.37 0.58 0.52 0.4 0.58 0.54 0.41 0.47 0.476 0.5 0.37 0.4 0.47 0.65 0.71 0.7 1.248 0.4 0.52 0.38 0.377 0.27 0.4 0.4 0.41 0.4 0.41 1.345 0.68 0.68 1.483 0.47 1.345 0.4 0.65 1.345 0.45 0.36 0.19 0.4 1.49 0.59 0.5 0.5 0.3 0.485 0.65 0.51 0.3 0.43 0.5 0.1 0.56 0.26 0.485 0.52 0.59 0.51 1.483 0.68 0.22 0.4 0.47 0.5 0.52 0.485 0.33 0.37 0.43 0.48 0.5 0.11 1.248 0.4 0.43 0.7 0.45 0.47 1.05 0.56 0.5 0.5 1.05 0.54 0.52 0.58 0.4 0.42 0.4 0.56 0.4 0.45 1.345 0.36 0.31 1.46 0.377 0.56 0.6 0.55 0.58 0.46 0.46 0.5 0.4 0.4 0.23 0.17 0.65 0.37 0.4 0.3 0.3 0.476 0.4 0.4 1.345 0.47 0.4 0.55 0.54 0.47 0.49 0.23 0.4 0.65 0.45 0.47 0.4 0.54 0.55 0.53 0.36 0.5 0.54 0.56 0.3 0.27 0.637 0.6 0.23 0.55 1.35 0.65 0.59 0.54 0.56 0.58 0.686 0.4 0.53 0.5 0.481 0.636 0.46 0.5 0.4 0.39 0.33 0.3 0.56 0.46 0.54 0.54 0.14 0.4 0.25 0.4 0.45 0.58 0.37 0.5 0.55 0.65 0.54 0.53 0.4 0.901 0.59 0.48 0.3 0.47 1.43 0.45 0.42 0.58 0.54 0.4 1.66 0.46 0.27 0.4 0.53 0.37 0.71 0.648 0.4 0.43 0.481 0.42 0.3 0.11 0.25 0.59 0.52 0.47 0.46 0.42 0.4 0.4 0.47 0.59 0.47 0.39 1.46 0.5 0.45 0.23 0.59 0.54 0.23 0.43 0.635 0.54 1.483 0.4 0.58 0.4 0.25 0.48 0.1 0.5 0.22 0.901 0.56 1.345 0.53 0.36 1.43 0.4 0.762 0.47 0.1 0.56 1.483 0.39 0.39 0.4 0.901 0.25 0.54 0.22 0.1 0.3 0.46 0.4 0.32 0.26 0.52 0.34 0.53 1.67 0.5 0.54 0.56 1.483 0.4 0.58 0.5 0.4 0.45 0.23 0.301 0.36 0.4 0.4 0.53 0.34 0.34 0.45 1.483 0.42 1.05 0.54 0.46 0.55 0.6 0.38 0.52 0.33 0.481 1.05 0.3 0.3 0.25 0.465 0.1 1.05 0.5 0.4 0.47 0.33 0.47 0.37 0.4 0.71 0.636 0.33 0.41 0.59 0.25 0.41 0.5 1.67 0.59 0.37 0.56 0.42 0.54 0.38 0.4 0.53 0.5 0.41 1.42 0.55 0.53 1.38 0.465 0.37 0.637 0.47 0.301 0.636 0.2 0.37 0.65 0.22 0.4 0.52 0.58 0.58 0.2 0.5 0.901 0.55 1.03 0.617 0.32 0.49 0.38 0.4 1.46 0.46 0.43 0.41 0.46 0.485 0.48 0.58 0.58 0.54 0.43 0.27 0.19 0.32 0.42 0.42 0.635 0.45 0.47 0.47 0.56 0.27 0.37 0.48 0.4 0.648 0.58 0.762 0.47 0.33 0.09 0.4 0.1 1.483 0.56 0.4 0.46 0.54 0.54 1.345 0.5 0.41 0.4 0.37 0.45 0.52 0.45 0.37 0.43 0.724 0.3 0.5 0.14 0.48 0.53 0.09 0.49 0.65 1.4 0.09 0.4 0.54 0.46 0.377 0.47 0.4 0.46 0.56 0.22 0.17 1.483 0.52 0.5 0.17 1.345 0.68 1.345 0.59 0.25 0.6 0.31 0.39 1.248 0.4 0.2 0.11 0.901 0.42 0.59 0.42 0.58 0.54 0.33 0.648 0.43 0.22 0.56 0.42 0.55 0.5 0.4 0.901 0.762 0.5 0.53 0.465 0.26 0.51 0.301 0.19 0.46 0.4 0.4 0.42 0.4 0.22 0.59 1.44 0.42 0.56 0.4 0.47 0.724 0.54 0.42 0.53 0.23 0.54 0.48 0.3 0.637 0.635 1.248
Dot Production Prediction of Lab Growth Rates:
1.29391 0.422641 1.36196 0.425065 0.544949 0.385259 0.310073 0.412079 0.355632 0.411698 0.397161 0.692613 1.3543 0.304271 1.38332 0.287044 0.404934 0.555448 0.457367 0.395059 0.691906 0.383887 0.54553 0.327877 0.395876 0.382517 0.528938 0.379868 0.99169 0.555894 0.429276 1.3757 0.55756 0.418753 0.326852 0.344324 0.679684 0.341537 0.466402 1.4515 0.323197 0.418918 0.421807 0.517617 1.21344 0.399688 0.794793 0.791959 0.857804 1.42944 1.35187 0.543429 0.346313 0.394566 0.402346 1.35169 0.544095 0.447262 0.417121 0.568595 0.314864 0.462878 0.459943 0.382241 0.492887 0.468242 1.32247 0.555161 0.38567 1.35284 0.40689 1.37856 0.469362 0.45766 0.364801 0.34486 1.33007 0.550754 0.40664 0.388231 0.484978 0.37146 0.413231 0.442967 0.330187 0.800018 0.349774 0.353134 0.552498 0.557151 0.44219 1.39127 0.32058 0.466794 0.586079 0.289256 0.388113 0.359776 0.381999 0.68974 0.785989 0.393759 0.469473 0.345424 0.370003 0.453205 0.463305 0.394786 0.411034 0.49394 0.540608 0.415065 0.404807 0.426356 0.655417 0.685945 0.782793 0.854738 0.40285 0.361829 0.29859 0.489599 0.353271 0.39919 0.403603 0.363761 0.378587 0.492127 1.3701 0.351882 0.350499 1.35309 0.387182 1.34133 0.404256 0.672325 1.34722 0.403699 0.379075 0.302452 0.406404 1.42944 0.550193 0.467394 0.987841 0.648702 0.492114 0.654754 0.423469 0.688308 0.356573 0.549647 1.08532 0.462622 0.472696 0.49363 0.368884 0.561345 0.416595 1.37187 0.352615 0.338793 0.393347 0.383006 0.573026 0.352813 0.491447 0.327173 0.290343 0.442648 0.34647 0.921819 0.344245 0.859607 0.404589 0.330307 0.788258 0.386204 0.350228 1.38162 0.462074 0.420318 0.32872 1.0725 0.392171 0.399059 0.356853 0.409888 0.335465 0.409731 0.551587 0.402982 0.359442 1.35402 0.367319 0.5702 1.09083 0.49189 0.532503 0.69333 0.459441 0.471208 0.339612 0.357663 0.53824 0.381376 0.392373 0.430121 0.293009 0.651452 0.411 0.324258 0.618921 0.302334 0.496137 0.405249 0.404708 1.33753 0.363091 0.402341 0.46316 0.537698 0.38999 0.395618 0.557698 0.319531 0.661333 0.364534 0.455051 0.401628 0.559314 0.459442 0.554287 0.353517 0.334873 0.39833 0.557291 0.381914 0.365077 0.678645 0.679979 0.565459 0.546076 1.04092 0.608001 0.56312 0.541986 0.467482 0.468352 0.690712 0.404106 0.442219 0.474465 0.490264 0.6896 0.464272 0.336973 0.405044 0.333978 0.339527 0.673968 0.558546 0.535113 0.460491 0.383857 0.140751 0.397669 0.358631 0.405244 0.352616 0.464779 0.420748 0.378145 0.550658 0.649781 0.378016 0.551534 0.403925 0.841948 0.327114 0.304217 0.304454 0.473644 1.09173 1.26592 0.579216 0.464473 0.359274 0.404705 1.42652 0.313205 0.395885 0.384141 0.543877 0.418266 0.691228 0.682255 0.392334 0.34442 0.491517 0.333877 0.41373 0.387247 0.287677 0.33993 0.394905 0.379554 0.304189 0.326417 0.400719 0.408645 0.389675 0.399235 0.344279 0.333157 1.10357 0.447703 1.31913 0.558113 0.317561 0.459179 0.550032 0.422901 0.686276 0.296725 1.34691 0.397152 0.32264 0.397901 0.356128 0.358225 1.38056 0.335191 0.440353 0.907047 0.560992 1.37443 0.526112 0.339922 1.08671 0.398368 0.799574 0.420871 1.24805 0.555018 1.34307 0.304426 0.311634 0.404266 0.909943 0.508461 0.547269 0.397096 0.463394 0.573523 0.456346 0.396732 0.333865 0.393722 0.343784 0.282353 0.533011 1.37964 0.863538 0.559923 0.563031 1.30951 0.400247 0.460132 0.322294 0.399039 1.36614 0.568076 0.492057 0.336076 0.403385 0.402596 0.327083 0.318503 0.315081 0.383965 1.33888 0.34373 1.09729 0.3441 0.346977 0.546452 0.707783 0.296158 0.372586 0.328252 0.490066 1.09807 0.302479 0.657567 1.07688 0.491093 0.465791 1.05796 0.969903 0.388552 0.382657 0.298846 0.370052 0.424155 0.406 0.68912 0.703145 0.373521 0.401293 0.544563 1.36668 0.491037 0.363882 1.34906 0.322824 0.549467 0.464354 0.358167 0.347567 0.387178 0.406482 0.376243 0.91352 0.482423 1.43682 0.443908 0.390859 1.26451 0.490453 0.38275 0.679963 0.302128 0.491204 0.697355 0.362157 0.418425 0.680986 0.470459 0.406741 0.373444 0.397964 0.388617 0.3813 0.955895 0.907425 0.556036 1.27975 0.568196 0.348226 0.385604 0.301038 0.401481 1.08263 0.383271 0.399965 0.361668 0.462996 0.494916 0.305641 0.326201 0.34275 0.386724 0.44741 0.576349 0.28925 0.316259 0.310506 0.572622 0.686433 0.362421 0.400003 0.336844 0.527049 0.3671 0.403532 0.339649 0.408808 0.679392 0.458012 0.811024 0.452304 0.359732 0.396333 0.40142 0.371082 1.33081 0.468718 0.404058 0.462346 0.37339 0.542186 1.38912 0.877833 0.367261 0.396998 0.419136 0.33773 0.37237 1.4074 0.452234 0.373067 0.69166 0.722713 0.881652 0.140832 0.293937 0.28948 0.354475 0.393793 0.632633 1.39726 0.442888 0.384259 0.396356 0.435437 0.488222 0.344269 0.404808 0.564106 0.552887 0.478931 0.320165 1.34951 0.39352 0.825975 0.401858 1.35937 0.356378 1.3775 0.418248 0.53025 0.715331 0.598649 0.305993 0.856069 0.383736 0.362579 0.350767 0.907185 0.341372 0.331012 0.56377 0.392707 0.399298 0.492493 0.675449 0.402256 0.467818 0.461078 0.309903 0.461404 0.45889 0.403389 0.906759 0.797459 0.356287 0.480284 0.492717 0.578623 0.384413 0.49219 0.300218 0.455648 0.401144 0.387847 0.34717 0.384527 0.47728 0.32506 1.4231 0.405077 0.560653 0.404943 0.361382 0.693496 0.387255 0.376781 0.338475 0.427804 0.310214 0.339315 0.34021 0.675516 0.685704 0.852684
Testing:
Lab Growth Rates:
0.54 0.54 0.54
Dot Production Prediction of Lab Growth Rates:
0.448464 0.451762 0.453203
Best performance so far: 
Obj: 4.66511e-310Rho: 6.5069e-314Diff: 4.66511e-310
Test:
 Lab Growth Rates:
0.54 0.54 0.54Dot Product Prediction of Growth Rate:
0.4484643 0.4517623 0.4532032