seed =  5 traits =  1 
Training: part  47 
Training: part  47 
Round  1 
 Goal of obj  0.99 
Temperature range:  0.00390625 1.5625e-14 
Cycle 1Round 1
Iter 500000 pBad 0.809158 T 0.00105163 Obj 1.0591 Rho 0 GRdif 33.6489 success 145478 failure 12318 obj_new 1.0591 SA_pAcc 1.06648 Delta -0.0628255 SA_r 0.698041 freedomratio 0.366708
Iter 1000000 pBad 0.767719 T 0.000283118 Obj 1.03748 Rho 0 GRdif 21.5616 success 287987 failure 31523 obj_new 1.03748 SA_pAcc 1 Delta 0.0513377 SA_r 0.11124 freedomratio 0.364882
Iter 1500000 pBad 0.680105 T 7.62202e-05 Obj 1.02529 Rho 0 GRdif 14.6339 success 427556 failure 56853 obj_new 1.02529 SA_pAcc 1 Delta 0.0298783 SA_r 0.0635327 freedomratio 0.367398
Iter 2000000 pBad 0.632528 T 2.05198e-05 Obj 1.01878 Rho 0 GRdif 10.903 success 563871 failure 90427 obj_new 1.01878 SA_pAcc 0.998285 Delta -0.0539022 SA_r 0.515152 freedomratio 0.356882
Iter 2500000 pBad 0.496661 T 5.52429e-06 Obj 1.01405 Rho 0 GRdif 8.17625 success 697071 failure 130215 obj_new 1.01405 SA_pAcc 1 Delta 0.0260926 SA_r 0.329377 freedomratio 0.35841
Iter 3000000 pBad 0.291372 T 1.48723e-06 Obj 1.00956 Rho 0 GRdif 5.57578 success 812926 failure 202795 obj_new 1.00956 SA_pAcc 0.674274 Delta 0.0184498 SA_r 0.528744 freedomratio 0.34881
Iter 3500000 pBad 0.159833 T 4.00389e-07 Obj 1.00856 Rho 0 GRdif 4.99293 success 905514 failure 322330 obj_new 1.00856 SA_pAcc 0.0500909 Delta -0.00555204 SA_r 0.720592 freedomratio 0.312034
Iter 4000000 pBad 0.0825759 T 1.07792e-07 Obj 1.00825 Rho 0 GRdif 4.81335 success 965471 failure 513041 obj_new 1.00825 SA_pAcc 0.871802 Delta -0.00024841 SA_r 0.387472 freedomratio 0.28119
Iter 4500000 pBad 0.0351564 T 2.90194e-08 Obj 1.00815 Rho 0 GRdif 4.75613 success 997681 failure 778251 obj_new 1.00815 SA_pAcc 1 Delta -0.00275054 SA_r 0.734946 freedomratio 0.235815
Iter 5000000 pBad 0.0133659 T 7.81252e-09 Obj 1.00811 Rho 0 GRdif 4.74088 success 1015841 failure 1088953 obj_new 1.00812 SA_pAcc 0 Delta 0.000538777 SA_r 0.211823 freedomratio 0.21752
Iter 5500000 pBad 0.00658774 T 2.10327e-09 Obj 1.0081 Rho 0 GRdif 4.72882 success 1025273 failure 1428884 obj_new 1.0081 SA_pAcc 1.53119e-118 Delta 0.000369002 SA_r 0.633226 freedomratio 0.211019
Iter 6000000 pBad 0.00385082 T 5.66236e-10 Obj 1.0081 Rho 0 GRdif 4.72614 success 1030565 failure 1784192 obj_new 1.0081 SA_pAcc 3.28403e-197 Delta 0.000270375 SA_r 0.92347 freedomratio 0.204181
Iter 6500000 pBad 0.00199319 T 1.5244e-10 Obj 1.00809 Rho 0 GRdif 4.72456 success 1033041 failure 2149115 obj_new 1.00809 SA_pAcc 1 Delta 0.000154685 SA_r 0.966409 freedomratio 0.203472
Iter 7000000 pBad 0.00144727 T 4.10396e-11 Obj 1.00809 Rho 0 GRdif 4.72397 success 1034702 failure 2518507 obj_new 1.00809 SA_pAcc 0 Delta -8.81631e-05 SA_r 0.573287 freedomratio 0.202069
Iter 7500000 pBad 0.00033373 T 1.10486e-11 Obj 1.00809 Rho 0 GRdif 4.72337 success 1036023 failure 2889420 obj_new 1.00809 SA_pAcc 5.53749e-38 Delta 7.62834e-06 SA_r 0.882409 freedomratio 0.201305
Iter 8000000 pBad 0.000393894 T 2.97447e-12 Obj 1.00809 Rho 0 GRdif 4.7231 success 1037272 failure 3261563 obj_new 1.00809 SA_pAcc 3.6421e-12 Delta 2.12653e-06 SA_r 0.9931 freedomratio 0.199252
Iter 8500000 pBad 0.000276345 T 8.00778e-13 Obj 1.00809 Rho 0 GRdif 4.72283 success 1039225 failure 3631534 obj_new 1.00809 SA_pAcc 1 Delta 1.03426e-05 SA_r 0.491599 freedomratio 0.198914
Iter 9000000 pBad 8.00121e-13 T 2.15583e-13 Obj 1.00809 Rho 0 GRdif 4.73631 success 1043570 failure 3992375 obj_new 1.00812 SA_pAcc 0 Delta -4.51307e-14 SA_r 0.551921 freedomratio 0.192636
Iter 9500000 pBad 3.77675e-29 T 5.80388e-14 Obj 1.00809 Rho 0 GRdif 4.72265 success 1046936 failure 4291850 obj_new 1.00809 SA_pAcc 1 Delta 5.53311e-31 SA_r 0.368604 freedomratio 0.183699
Iter 10000000 pBad 1.08934e-97 T 1.5625e-14 Obj 1.00809 Rho 0 GRdif 4.72265 success 1046936 failure 4574063 obj_new 1.00809 SA_pAcc 1 Delta -5.09071e-99 SA_r 0.571022 freedomratio 0.183354
Cannot move further
iter 9.31255e+06 obj1.00809 rho 0 GRdif 4.72265
Training:
Lab Growth Rates:
0.56 0.25 0.38 0.47 0.56 0.48 0.4 0.59 0.27 0.41 0.59 0.32 0.54 1.345 0.377 0.71 0.4 0.68 0.42 0.26 0.1 0.37 0.37 1.345 0.48 0.46 0.5 0.635 0.7 1.38 0.42 0.54 0.55 0.4 0.51 0.5 0.56 0.32 0.301 0.485 0.3 0.23 0.3 0.5 0.4 0.1 0.11 0.53 0.686 0.55 0.19 0.45 0.5 0.4 0.4 0.4 0.901 0.485 0.59 0.1 0.2 0.686 1.345 0.27 0.58 0.4 0.1 0.65 0.5 0.4 0.71 0.36 0.7 0.4 0.58 0.37 0.22 0.54 0.46 0.43 0.09 0.56 1.67 0.59 0.52 0.58 0.901 0.14 0.724 0.49 0.47 0.58 0.43 0.56 0.54 0.34 0.4 0.43 0.22 0.46 0.58 0.22 0.17 0.58 0.901 0.4 0.47 0.36 0.52 0.56 0.37 0.65 0.4 1.483 0.5 0.26 0.1 0.4 0.46 1.483 0.58 0.45 1.483 0.45 0.23 0.37 0.45 0.58 0.4 0.5 0.56 0.6 1.46 0.54 0.5 0.37 0.476 0.55 0.5 1.49 0.4 0.33 0.5 0.53 0.45 0.4 0.33 0.45 0.481 0.46 0.3 0.47 0.58 0.48 0.41 0.52 0.47 0.36 0.4 0.68 1.05 0.42 0.23 0.54 1.66 0.648 0.45 0.59 0.33 0.7 0.4 1.345 0.54 0.4 0.4 0.4 0.47 0.45 0.55 0.45 0.25 0.65 0.53 0.56 0.4 0.65 0.46 1.345 0.4 0.22 0.4 1.44 0.45 0.37 1.483 0.47 0.377 0.4 0.43 0.4 0.17 0.762 0.39 0.51 0.42 0.54 0.47 0.33 1.05 0.42 0.47 0.53 0.4 0.45 0.42 0.485 0.4 1.345 1.483 0.58 0.59 0.54 0.5 0.3 0.54 0.43 0.09 0.31 0.54 0.4 0.636 1.483 0.39 1.43 0.4 0.37 1.345 0.617 0.48 0.47 0.23 0.52 0.4 0.1 0.686 0.53 0.56 0.54 0.46 0.53 1.345 0.45 0.42 0.38 0.34 0.1 0.38 0.33 0.53 0.3 0.45 0.47 0.47 0.724 0.4 0.59 0.4 0.43 0.56 0.34 0.5 0.46 0.42 0.49 0.41 0.46 1.483 0.41 0.4 0.3 0.33 0.46 0.68 0.23 0.22 0.4 0.6 0.4 0.27 1.248 0.59 0.53 0.762 0.5 1.46 0.53 0.4 0.09 0.31 0.23 0.41 0.43 0.52 0.48 0.58 0.42 1.345 0.39 0.53 0.4 1.483 1.248 0.45 0.481 0.47 0.53 0.37 0.36 0.42 0.42 0.37 0.47 0.635 0.36 0.45 0.3 0.41 0.648 0.37 0.5 0.52 0.54 0.476 0.55 0.23 1.248 0.22 0.4 0.5 0.54 1.46 0.36 0.53 0.481 0.54 0.5 0.26 0.54 0.5 0.38 0.52 1.483 1.05 0.36 0.5 0.56 0.17 0.5 0.59 0.43 0.47 0.47 0.901 0.901 1.483 0.25 0.47 0.52 0.25 0.4 0.53 0.42 1.05 0.36 0.59 0.901 0.56 0.56 0.45 0.14 0.65 0.4 0.11 0.5 0.54 0.19 0.65 0.55 0.5 1.345 1.03 0.4 0.4 0.46 0.56 0.46 1.345 0.3 0.25 1.4 0.4 0.301 0.7 1.05 0.4 0.42 1.483 0.58 0.47 0.43 0.4 0.53 0.47 0.47 0.58 0.4 0.724 0.52 0.37 0.5 0.47 0.58 0.4 0.68 0.71 0.33 0.55 0.55 0.58 1.483 0.54 0.53 0.68 0.54 0.22 0.41 0.45 1.43 0.41 0.4 1.67 0.54 0.46 0.51 0.59 0.5 0.46 0.54 0.37 0.37 0.37 0.648 0.762 0.59 0.54 0.49 0.58 0.48 0.58 1.345 0.11 0.52 0.46 0.25 0.5 0.52 0.54 0.41 0.46 0.47 0.38 0.46 0.465 0.476 0.52 0.4 1.248 0.637 0.25 0.4 0.43 0.39 0.5 0.59 1.66 0.47 0.43 0.5 0.4 0.3 0.5 1.42 0.27 0.27 0.58 0.4 0.3 0.48 0.3 0.56 0.4 0.22 0.37 0.54 0.1 0.39 0.42 0.58 0.4 0.762 0.637 0.635 0.301 0.31 0.4 0.56 0.32 0.3 0.25 0.5 0.1 0.5 0.2 0.48 0.46 0.42 0.2 0.636 0.465 0.54 0.5 0.58 0.636 0.5 0.3 0.5 0.56 0.45 0.42 1.248 0.377 1.35 0.36 0.65 0.5 0.39 0.23 0.47 0.54 0.4 0.56 0.23 0.5 0.4 0.4 0.6 0.465 0.4 0.59 0.42 0.46 0.19 0.54 0.46 1.46 0.55 0.58 0.45 0.46 0.637 0.4 0.59 0.65 0.42 0.33 0.65 0.59 0.43 0.33 0.54 0.27 0.485 0.3 0.4 0.6 0.48
Dot Production Prediction of Lab Growth Rates:
0.541537 0.301302 0.327041 0.362692 0.540997 0.332742 0.403546 0.550894 0.357327 0.379639 0.31428 0.30257 0.462437 1.06444 0.468827 0.717593 0.393688 0.482852 0.362267 0.475842 0.389083 0.430459 0.42985 1.09518 0.331142 0.470619 0.356096 0.717286 0.697922 1.32285 0.338102 0.322949 0.547651 0.40336 0.41503 0.405465 0.540442 0.322988 0.46677 0.46398 0.435119 0.543784 0.30167 0.314513 0.398688 0.884931 0.349403 0.324327 0.727015 0.547988 0.321969 0.365174 0.610458 0.401492 0.399995 0.400308 0.902489 0.477329 0.553404 1.43763 0.380666 0.722876 1.08856 0.339483 0.464537 0.40195 0.475161 0.642519 0.350981 0.406592 0.722317 0.327723 0.706476 0.336483 0.353371 0.433025 0.471199 0.544097 0.336081 0.392891 0.454589 0.54909 1.47405 0.330787 0.351871 0.481666 0.905307 0.140043 0.722361 0.373637 0.48992 0.474043 0.349491 0.540934 0.42396 0.320324 0.403114 0.44358 0.462678 0.565895 0.480465 0.471717 0.324464 0.362413 0.920213 0.405154 0.407418 0.397757 0.365275 0.544816 0.403383 0.658046 0.40401 1.08382 0.481922 0.55938 0.994725 0.40514 0.443514 1.04555 0.476292 0.357683 1.05094 1.52078 0.535854 0.421318 1.53816 0.384795 0.399834 0.708597 0.536692 0.448816 1.03428 0.536032 0.334282 0.439053 0.480423 0.446068 0.659256 1.52078 0.403047 0.356523 0.328259 0.536388 0.413168 0.406745 0.330801 0.327581 0.473421 0.456808 0.297199 0.378717 0.484044 0.333769 0.379402 0.369695 0.434208 0.347908 0.398013 0.479648 1.04993 0.324074 0.435246 0.41792 1.66 0.713253 0.327593 0.364663 0.472932 0.702464 0.404658 1.03943 0.548727 0.395978 0.402789 0.396638 0.383651 1.41418 0.447664 1.48371 0.538156 0.659601 0.343326 0.54738 0.40116 0.64997 0.526344 1.12247 0.400048 0.465884 0.402788 1.52114 1.45671 0.311004 1.04107 0.3541 0.468424 0.398841 0.418734 0.402957 0.333042 0.768721 0.331732 0.387378 0.560797 0.459327 0.414577 0.324341 1.74143 0.321967 0.349574 0.534143 0.403961 1.45984 0.310101 0.466012 0.393017 1.11008 1.06432 0.480062 0.29634 0.375435 0.337925 0.42237 0.349528 0.350822 0.339947 0.566878 0.455028 0.403654 0.725986 1.0648 0.317218 1.37324 0.404697 0.419358 1.09207 0.563357 0.336656 0.367708 0.436025 0.349254 0.400018 0.470259 0.727132 0.549035 0.481621 0.321812 0.375191 0.305378 1.11375 0.349014 0.331079 0.367745 0.33161 0.798452 0.334614 0.361625 0.338199 0.453572 1.46317 0.384116 0.408727 0.72294 0.395088 0.5424 0.403994 0.453915 0.476746 0.312262 0.366852 0.472913 0.341412 0.369099 0.388272 0.386944 1.03466 0.468282 0.391243 0.421392 0.516714 0.553391 0.483683 0.434741 0.419531 0.404718 0.471455 0.404233 0.596886 0.842035 0.335674 0.414153 0.761999 0.374561 1.67226 0.53634 0.403659 0.38894 0.565192 0.536445 0.46028 0.363851 0.389222 0.307225 0.477302 0.380282 1.02572 0.306622 0.498217 0.393216 1.025 0.845211 0.389627 0.473644 0.328716 0.56137 0.378646 0.358394 0.361038 0.371279 0.385757 0.418687 0.714588 0.403779 0.380895 0.423998 0.349199 0.716811 0.431559 0.607363 0.377919 0.543469 0.480631 0.429023 0.543593 0.848152 0.348293 0.398574 0.596107 0.382048 1.02539 0.374173 0.534512 0.47428 0.350675 0.326031 0.348847 0.345308 0.527711 0.374237 0.384585 1.07122 1.0636 0.353814 0.473632 0.550583 0.421706 0.474617 0.318182 0.364641 0.378478 0.471649 0.901001 0.793391 1.08305 0.362598 0.369254 0.366498 1.48079 0.401246 0.399679 0.341203 1.00942 0.330616 0.547252 0.899523 0.549203 0.549351 0.366524 0.139997 0.646744 0.390656 0.38883 0.547072 0.390295 0.324162 0.648345 0.446079 0.525415 1.11514 1.38826 0.393951 0.401411 0.427399 0.477891 0.333669 1.02086 0.350453 0.552192 1.43587 0.413562 0.465647 0.69678 1.05 0.405358 0.578935 1.08713 0.363677 0.350292 0.35585 0.39798 0.404158 0.416425 0.365591 0.353626 0.395468 0.723974 0.408709 0.42257 0.683824 0.481193 0.476862 0.392986 0.483342 0.71973 0.326641 0.549449 0.446452 0.362883 1.09545 0.400644 0.530016 0.481673 0.449759 0.387313 0.324582 0.417933 1.36852 0.467839 0.401314 1.40515 0.377195 0.459995 0.405369 0.316972 0.48237 0.425349 0.55395 0.565726 0.42704 0.418521 0.715399 0.767167 0.39177 0.449469 0.394968 0.333675 0.310336 0.476979 1.07835 0.380291 0.378546 0.46347 0.361321 0.665989 0.399962 0.41684 0.35472 0.441486 0.362692 0.327783 0.312428 0.481833 0.481143 0.348154 0.405929 0.847582 0.708384 0.745219 0.402737 0.405967 0.324233 0.338261 0.327268 1.66 0.358658 0.441174 0.61985 0.403828 0.420588 0.549549 1.52852 0.381475 0.398777 0.480599 0.403451 0.400974 0.304357 0.469264 0.479346 0.405841 0.466313 0.421231 0.538408 0.770091 0.323298 0.358488 0.320674 0.399378 0.77207 0.709699 0.715726 0.46329 0.56068 0.399451 0.475197 0.336778 0.305637 0.362252 0.676131 0.803062 0.605597 0.411222 0.343419 0.303116 0.369729 0.417554 0.718237 0.478978 0.457253 0.67639 0.47907 0.721133 0.479704 0.394915 0.485404 0.482374 0.341922 0.347583 0.846758 0.469414 1.20264 0.351401 0.67882 0.547277 0.336465 0.545923 0.365369 0.307264 0.402328 0.535866 0.538713 0.321461 0.394598 0.401545 0.446921 0.477721 0.404264 0.551403 0.584113 0.453656 0.32263 0.538615 0.469902 1.01846 0.446797 0.300182 0.388395 0.367162 0.708873 0.39863 0.552797 0.676582 0.395979 0.437764 0.625325 0.543827 0.407002 0.359428 0.372678 0.297347 0.477605 0.363214 0.349945 0.453115 0.315759
Testing:
Lab Growth Rates:
0.55 0.55 0.55
Dot Production Prediction of Lab Growth Rates:
0.563068 0.553231 0.559104
Best performance so far: 
Obj: 4.64819e-310Rho: 2.26291e-314Diff: 4.64819e-310
Anneal again with the best G and E so far as input
Cycle 2Round 1
Iter 500000 pBad 0.800516 T 0.00105163 Obj 1.05626 Rho 0 GRdif 32.0756 success 110164 failure 11539 obj_new 1.05626 SA_pAcc 1.13989 Delta -0.0556499 SA_r 0.835039 freedomratio 0.263489
Iter 1000000 pBad 0.750067 T 0.000283118 Obj 1.03169 Rho 0 GRdif 18.28 success 216834 failure 31038 obj_new 1.03169 SA_pAcc 1.12157 Delta 0.0275411 SA_r 0.481044 freedomratio 0.263608
Iter 1500000 pBad 0.650202 T 7.62202e-05 Obj 1.02686 Rho 0 GRdif 15.5314 success 321163 failure 56438 obj_new 1.02686 SA_pAcc 1.03325 Delta 0.00649612 SA_r 0.904067 freedomratio 0.258948
Iter 2000000 pBad 0.515512 T 2.05198e-05 Obj 1.02113 Rho 0 GRdif 12.2557 success 422410 failure 90595 obj_new 1.02113 SA_pAcc 0.473399 Delta -0.0386092 SA_r 0.218208 freedomratio 0.25368
Iter 2500000 pBad 0.389217 T 5.52429e-06 Obj 1.01699 Rho 0 GRdif 9.87311 success 520004 failure 133263 obj_new 1.01699 SA_pAcc 0.71809 Delta -0.014202 SA_r 0.484907 freedomratio 0.253132
Iter 3000000 pBad 0.217629 T 1.48723e-06 Obj 1.01159 Rho 0 GRdif 6.75466 success 605645 failure 202840 obj_new 1.01159 SA_pAcc 1 Delta -0.0188478 SA_r 0.824418 freedomratio 0.238308
Iter 3500000 pBad 0.177126 T 4.00389e-07 Obj 1.00896 Rho 0 GRdif 5.22458 success 681515 failure 296183 obj_new 1.00896 SA_pAcc 0.818869 Delta 0.0150399 SA_r 0.451437 freedomratio 0.229804
Iter 4000000 pBad 0.106596 T 1.07792e-07 Obj 1.00828 Rho 0 GRdif 4.82942 success 736670 failure 441198 obj_new 1.00828 SA_pAcc 0.594272 Delta -0.00207935 SA_r 0.41895 freedomratio 0.213013
Iter 4500000 pBad 0.0394524 T 2.90194e-08 Obj 1.00804 Rho 0 GRdif 4.68976 success 770752 failure 649648 obj_new 1.00804 SA_pAcc 1 Delta -0.00300075 SA_r 0.833619 freedomratio 0.189338
Iter 5000000 pBad 0.0180601 T 7.81252e-09 Obj 1.00794 Rho 0 GRdif 4.63484 success 791666 failure 914232 obj_new 1.00794 SA_pAcc 6.75744e-07 Delta 0.00118184 SA_r 0.335176 freedomratio 0.170895
Iter 5500000 pBad 0.00907986 T 2.10327e-09 Obj 1.0079 Rho 0 GRdif 4.61415 success 803367 failure 1217251 obj_new 1.00791 SA_pAcc 3.14545e-73 Delta -2.46021e-05 SA_r 0.670979 freedomratio 0.161834
Iter 6000000 pBad 0.00463292 T 5.66236e-10 Obj 1.00789 Rho 0 GRdif 4.60775 success 810111 failure 1543765 obj_new 1.00789 SA_pAcc 2.01227e-24 Delta -0.000462956 SA_r 0.62844 freedomratio 0.157147
Iter 6500000 pBad 0.00397981 T 1.5244e-10 Obj 1.00789 Rho 0 GRdif 4.60629 success 814038 failure 1882327 obj_new 1.00789 SA_pAcc 0 Delta 0.0003073 SA_r 0.288196 freedomratio 0.15474
Iter 7000000 pBad 0.000953982 T 4.10396e-11 Obj 1.00789 Rho 0 GRdif 4.60576 success 817874 failure 2227803 obj_new 1.00789 SA_pAcc 0 Delta -5.27906e-05 SA_r 0.658669 freedomratio 0.15072
Iter 7500000 pBad 0.000598828 T 1.10486e-11 Obj 1.00789 Rho 0 GRdif 4.60329 success 822045 failure 2586194 obj_new 1.00789 SA_pAcc 2.2664e-117 Delta -4.69467e-05 SA_r 0.268392 freedomratio 0.145121
Iter 8000000 pBad 0.000791088 T 2.97447e-12 Obj 1.00789 Rho 0 GRdif 4.60414 success 825496 failure 2956314 obj_new 1.00789 SA_pAcc 0 Delta -4.38517e-05 SA_r 0.702427 freedomratio 0.140933
Iter 8500000 pBad 0.000331738 T 8.00778e-13 Obj 1.00789 Rho 0 GRdif 4.60256 success 829129 failure 3336479 obj_new 1.00789 SA_pAcc 8.92838e-40 Delta 9.21116e-06 SA_r 0.851004 freedomratio 0.139126
Iter 9000000 pBad 0.000148972 T 2.15583e-13 Obj 1.00788 Rho 0 GRdif 4.60563 success 832337 failure 3722698 obj_new 1.00789 SA_pAcc 0 Delta 3.48415e-06 SA_r 0.784112 freedomratio 0.13521
Iter 9500000 pBad 1.88254e-69 T 5.80388e-14 Obj 1.00788 Rho 0 GRdif 4.60236 success 835026 failure 4077467 obj_new 1.00788 SA_pAcc 0 Delta -1.55309e-70 SA_r 0.765402 freedomratio 0.131038
Good enough
iter 9.18723e+06 obj1.00788 rho 0 GRdif 4.60235
Training:
Lab Growth Rates:
0.56 0.25 0.38 0.47 0.56 0.48 0.4 0.59 0.27 0.41 0.59 0.32 0.54 1.345 0.377 0.71 0.4 0.68 0.42 0.26 0.1 0.37 0.37 1.345 0.48 0.46 0.5 0.635 0.7 1.38 0.42 0.54 0.55 0.4 0.51 0.5 0.56 0.32 0.301 0.485 0.3 0.23 0.3 0.5 0.4 0.1 0.11 0.53 0.686 0.55 0.19 0.45 0.5 0.4 0.4 0.4 0.901 0.485 0.59 0.1 0.2 0.686 1.345 0.27 0.58 0.4 0.1 0.65 0.5 0.4 0.71 0.36 0.7 0.4 0.58 0.37 0.22 0.54 0.46 0.43 0.09 0.56 1.67 0.59 0.52 0.58 0.901 0.14 0.724 0.49 0.47 0.58 0.43 0.56 0.54 0.34 0.4 0.43 0.22 0.46 0.58 0.22 0.17 0.58 0.901 0.4 0.47 0.36 0.52 0.56 0.37 0.65 0.4 1.483 0.5 0.26 0.1 0.4 0.46 1.483 0.58 0.45 1.483 0.45 0.23 0.37 0.45 0.58 0.4 0.5 0.56 0.6 1.46 0.54 0.5 0.37 0.476 0.55 0.5 1.49 0.4 0.33 0.5 0.53 0.45 0.4 0.33 0.45 0.481 0.46 0.3 0.47 0.58 0.48 0.41 0.52 0.47 0.36 0.4 0.68 1.05 0.42 0.23 0.54 1.66 0.648 0.45 0.59 0.33 0.7 0.4 1.345 0.54 0.4 0.4 0.4 0.47 0.45 0.55 0.45 0.25 0.65 0.53 0.56 0.4 0.65 0.46 1.345 0.4 0.22 0.4 1.44 0.45 0.37 1.483 0.47 0.377 0.4 0.43 0.4 0.17 0.762 0.39 0.51 0.42 0.54 0.47 0.33 1.05 0.42 0.47 0.53 0.4 0.45 0.42 0.485 0.4 1.345 1.483 0.58 0.59 0.54 0.5 0.3 0.54 0.43 0.09 0.31 0.54 0.4 0.636 1.483 0.39 1.43 0.4 0.37 1.345 0.617 0.48 0.47 0.23 0.52 0.4 0.1 0.686 0.53 0.56 0.54 0.46 0.53 1.345 0.45 0.42 0.38 0.34 0.1 0.38 0.33 0.53 0.3 0.45 0.47 0.47 0.724 0.4 0.59 0.4 0.43 0.56 0.34 0.5 0.46 0.42 0.49 0.41 0.46 1.483 0.41 0.4 0.3 0.33 0.46 0.68 0.23 0.22 0.4 0.6 0.4 0.27 1.248 0.59 0.53 0.762 0.5 1.46 0.53 0.4 0.09 0.31 0.23 0.41 0.43 0.52 0.48 0.58 0.42 1.345 0.39 0.53 0.4 1.483 1.248 0.45 0.481 0.47 0.53 0.37 0.36 0.42 0.42 0.37 0.47 0.635 0.36 0.45 0.3 0.41 0.648 0.37 0.5 0.52 0.54 0.476 0.55 0.23 1.248 0.22 0.4 0.5 0.54 1.46 0.36 0.53 0.481 0.54 0.5 0.26 0.54 0.5 0.38 0.52 1.483 1.05 0.36 0.5 0.56 0.17 0.5 0.59 0.43 0.47 0.47 0.901 0.901 1.483 0.25 0.47 0.52 0.25 0.4 0.53 0.42 1.05 0.36 0.59 0.901 0.56 0.56 0.45 0.14 0.65 0.4 0.11 0.5 0.54 0.19 0.65 0.55 0.5 1.345 1.03 0.4 0.4 0.46 0.56 0.46 1.345 0.3 0.25 1.4 0.4 0.301 0.7 1.05 0.4 0.42 1.483 0.58 0.47 0.43 0.4 0.53 0.47 0.47 0.58 0.4 0.724 0.52 0.37 0.5 0.47 0.58 0.4 0.68 0.71 0.33 0.55 0.55 0.58 1.483 0.54 0.53 0.68 0.54 0.22 0.41 0.45 1.43 0.41 0.4 1.67 0.54 0.46 0.51 0.59 0.5 0.46 0.54 0.37 0.37 0.37 0.648 0.762 0.59 0.54 0.49 0.58 0.48 0.58 1.345 0.11 0.52 0.46 0.25 0.5 0.52 0.54 0.41 0.46 0.47 0.38 0.46 0.465 0.476 0.52 0.4 1.248 0.637 0.25 0.4 0.43 0.39 0.5 0.59 1.66 0.47 0.43 0.5 0.4 0.3 0.5 1.42 0.27 0.27 0.58 0.4 0.3 0.48 0.3 0.56 0.4 0.22 0.37 0.54 0.1 0.39 0.42 0.58 0.4 0.762 0.637 0.635 0.301 0.31 0.4 0.56 0.32 0.3 0.25 0.5 0.1 0.5 0.2 0.48 0.46 0.42 0.2 0.636 0.465 0.54 0.5 0.58 0.636 0.5 0.3 0.5 0.56 0.45 0.42 1.248 0.377 1.35 0.36 0.65 0.5 0.39 0.23 0.47 0.54 0.4 0.56 0.23 0.5 0.4 0.4 0.6 0.465 0.4 0.59 0.42 0.46 0.19 0.54 0.46 1.46 0.55 0.58 0.45 0.46 0.637 0.4 0.59 0.65 0.42 0.33 0.65 0.59 0.43 0.33 0.54 0.27 0.485 0.3 0.4 0.6 0.48
Dot Production Prediction of Lab Growth Rates:
0.543449 0.298865 0.311331 0.358901 0.538161 0.320434 0.401985 0.550924 0.360662 0.38536 0.314313 0.290526 0.456578 1.3356 0.53401 0.705818 0.394891 0.364363 0.327092 0.480253 0.348058 0.43004 0.428272 1.3379 0.306652 0.463841 0.35697 0.703187 0.736843 1.33701 0.29853 0.337032 0.550444 0.399575 0.433081 0.418326 0.530209 0.320761 0.540623 0.528165 0.579337 0.545451 0.298673 0.306147 0.397941 1.19768 0.329326 0.299379 0.715247 0.551274 0.303838 0.321354 0.736099 0.404929 0.399624 0.401421 0.90385 0.533028 0.550461 1.39806 0.370487 0.711444 1.37075 0.336038 0.458542 0.39871 0.466947 0.639718 0.347106 0.404838 0.711709 0.322267 0.722759 0.315261 0.348964 0.433207 0.477287 0.539949 0.355392 0.420429 0.473008 0.54706 1.45699 0.317286 0.33828 0.47829 0.903538 0.139989 0.71428 0.372377 0.498614 0.480077 0.353445 0.531353 0.395749 0.316982 0.399759 0.458604 0.470344 0.603286 0.481466 0.475988 0.301266 0.357652 0.926253 0.404683 0.400094 0.412263 0.378733 0.543711 0.419157 0.652468 0.401749 1.31138 0.478049 0.616797 1.31147 0.402164 0.453702 1.31197 0.472578 0.338218 1.3377 1.51414 0.53967 0.419003 1.51174 0.393551 0.400001 0.87998 0.542504 0.580502 1.02378 0.536815 0.312474 0.475119 0.532722 0.461575 0.82295 1.51414 0.401197 0.362418 0.323054 0.530223 0.419036 0.40372 0.314611 0.328972 0.528467 0.454079 0.300002 0.383588 0.475338 0.340934 0.395662 0.36038 0.427719 0.332635 0.394508 0.362052 1.05001 0.303308 0.436586 0.394641 1.56863 0.695565 0.329389 0.358704 0.519621 0.729954 0.401753 1.3198 0.546206 0.397372 0.399787 0.397233 0.389462 1.41987 0.463121 1.46126 0.550759 0.660547 0.331725 0.543508 0.401531 0.650001 0.560837 1.37345 0.397643 0.475733 0.39957 1.48591 1.4369 0.287977 1.30613 0.344086 0.537108 0.397966 0.433098 0.401706 0.319083 0.762004 0.330241 0.394979 0.631409 0.45784 0.440138 0.315842 1.51856 0.305135 0.350073 0.535383 0.401113 1.41619 0.305534 0.527374 0.389346 1.34138 1.33304 0.47433 0.303624 0.392456 0.336055 0.553139 0.360291 0.357881 0.34154 0.613601 0.453765 0.401877 0.711215 1.3159 0.318147 1.20611 0.404009 0.442934 1.32958 0.617003 0.338801 0.360081 0.436275 0.359704 0.398872 0.454505 0.715218 0.547704 0.481138 0.31276 0.374218 0.277227 1.34501 0.347467 0.318751 0.368424 0.320328 1.06622 0.310796 0.363857 0.362579 0.610952 1.44438 0.402238 0.435628 0.711324 0.396005 0.548805 0.400272 0.4721 0.475236 0.306393 0.374202 0.471499 0.328827 0.378831 0.398256 0.401003 1.31836 0.536256 0.385127 0.540689 0.552112 0.588134 0.365396 0.436575 0.460497 0.400756 0.6122 0.402023 0.651909 0.831904 0.341503 0.438968 0.758523 0.385484 1.50598 0.52284 0.400044 0.377024 0.634946 0.539062 0.526 0.373103 0.395224 0.273709 0.473921 0.342672 1.30167 0.29413 0.510995 0.388878 1.2952 0.8317 0.403522 0.529564 0.312304 0.58757 0.395006 0.354204 0.339121 0.352063 0.39934 0.443615 0.700515 0.422265 0.392779 0.554635 0.347278 0.700765 0.428071 0.738539 0.38095 0.543289 0.534705 0.448717 0.543713 0.83848 0.355546 0.398807 0.729817 0.386223 1.02576 0.372383 0.522986 0.53078 0.337107 0.311521 0.356638 0.370821 0.53504 0.379763 0.399144 1.32529 1.05001 0.359498 0.47598 0.546719 0.437142 0.472246 0.320043 0.36551 0.392012 0.488065 0.901934 0.794873 1.30932 0.364417 0.368717 0.379155 1.47622 0.401914 0.424615 0.341606 1.03038 0.333954 0.549771 0.901004 0.549367 0.548444 0.368161 0.140738 0.649639 0.386644 0.389607 0.550276 0.387731 0.311599 0.649852 0.460556 0.534646 1.36093 1.36395 0.393244 0.398665 0.438216 0.474338 0.332986 1.28893 0.315499 0.58944 1.40277 0.405942 0.53954 0.725439 1.05639 0.401534 0.662242 1.34078 0.36584 0.348615 0.366151 0.395228 0.412765 0.392223 0.365187 0.363248 0.394295 0.711964 0.39269 0.4202 0.879943 0.497684 0.478476 0.394705 0.367862 0.707229 0.318916 0.551713 0.467879 0.385658 1.34051 0.372168 0.526495 0.362816 0.451349 0.396311 0.317419 0.434751 1.20056 0.535466 0.398437 1.39439 0.376303 0.459983 0.41854 0.317118 0.485298 0.427908 0.553799 0.606038 0.424035 0.414607 0.696795 0.763953 0.387854 0.447205 0.398088 0.346558 0.293314 0.477668 1.31426 0.377427 0.385649 0.46089 0.360324 0.849052 0.397376 0.43605 0.34675 0.477781 0.353639 0.302708 0.295556 0.534313 0.537162 0.347575 0.403515 0.833873 0.698553 0.979571 0.400749 0.386335 0.318389 0.324226 0.327355 1.56596 0.351604 0.444196 0.758403 0.402985 0.416369 0.545888 1.52315 0.391192 0.397323 0.482792 0.400305 0.514537 0.295028 0.616544 0.479183 0.402377 0.476039 0.425115 0.538308 0.981712 0.308062 0.356462 0.315486 0.39785 0.769461 0.698228 0.702767 0.539606 0.619023 0.398436 0.47348 0.341298 0.306487 0.360438 0.862081 1.0733 0.746838 0.418195 0.35341 0.280455 0.3818 0.412285 0.702886 0.533568 0.448027 0.850339 0.481515 0.708525 0.485059 0.375395 0.479952 0.477232 0.30491 0.341185 0.83404 0.534535 1.13257 0.351606 0.666929 0.544006 0.354982 0.545978 0.374415 0.287561 0.400966 0.539016 0.544916 0.325947 0.397055 0.401714 0.580796 0.531459 0.401961 0.550066 0.650633 0.465917 0.296744 0.539893 0.472309 1.03264 0.458672 0.27929 0.382778 0.356406 0.693533 0.395221 0.548456 0.667129 0.370176 0.469442 0.621516 0.549803 0.414748 0.363475 0.386345 0.283421 0.534015 0.444763 0.323728 0.59212 0.286362
Testing:
Lab Growth Rates:
0.55 0.55 0.55
Dot Production Prediction of Lab Growth Rates:
0.559054 0.554027 0.557379
Best performance so far: 
Obj: 4.64819e-310Rho: 6.5069e-314Diff: 4.64819e-310
Test:
 Lab Growth Rates:
0.55 0.55 0.55Dot Product Prediction of Growth Rate:
0.5590544 0.5540269 0.5573786