seed =  5 traits =  1 
Training: part  148 
Training: part  148 
Round  1 
 Goal of obj  0.99 
Temperature range:  0.00390625 7.8125e-11 
Cycle 1Round 1
Iter 500000 pBad 0.859823 T 0.00160995 Obj 1.08057 Rho 0 GRdif 45.4075 success 146433 failure 10524 obj_new 1.08057 SA_pAcc 1.08016 Delta -0.0294981 SA_r 0.383132 freedomratio 0.369949
Iter 1000000 pBad 0.804843 T 0.000663535 Obj 1.03957 Rho 0 GRdif 22.7383 success 290417 failure 26997 obj_new 1.03957 SA_pAcc 0.82625 Delta 0.0220447 SA_r 0.629033 freedomratio 0.364428
Iter 1500000 pBad 0.771542 T 0.000273474 Obj 1.0337 Rho 0 GRdif 19.4223 success 432557 failure 47458 obj_new 1.0337 SA_pAcc 1.04849 Delta -0.0644374 SA_r 0.0622906 freedomratio 0.377091
Iter 2000000 pBad 0.715554 T 0.000112711 Obj 1.02625 Rho 0 GRdif 15.1831 success 573374 failure 71021 obj_new 1.02625 SA_pAcc 1.08904 Delta -0.0614988 SA_r 0.102331 freedomratio 0.362176
Iter 2500000 pBad 0.649653 T 4.64535e-05 Obj 1.02009 Rho 0 GRdif 11.6564 success 711339 failure 100103 obj_new 1.02009 SA_pAcc 0.908466 Delta 0.0564238 SA_r 0.991063 freedomratio 0.366479
Iter 3000000 pBad 0.525569 T 1.91456e-05 Obj 1.01728 Rho 0 GRdif 10.0382 success 847365 failure 133756 obj_new 1.01728 SA_pAcc 0.564353 Delta 0.0303287 SA_r 0.260336 freedomratio 0.359289
Iter 3500000 pBad 0.469772 T 7.8908e-06 Obj 1.01501 Rho 0 GRdif 8.73162 success 977373 failure 176265 obj_new 1.01501 SA_pAcc 1 Delta -0.0310576 SA_r 0.479762 freedomratio 0.361952
Iter 4000000 pBad 0.371574 T 3.25217e-06 Obj 1.01031 Rho 0 GRdif 6.01356 success 1096268 failure 241754 obj_new 1.01031 SA_pAcc 1 Delta -0.0307972 SA_r 0.524428 freedomratio 0.347774
Iter 4500000 pBad 0.256278 T 1.34037e-06 Obj 1.00904 Rho 0 GRdif 5.27167 success 1200718 failure 335237 obj_new 1.00904 SA_pAcc 0.605367 Delta -0.0181674 SA_r 0.342951 freedomratio 0.334094
Iter 5000000 pBad 0.187764 T 5.52428e-07 Obj 1.00834 Rho 0 GRdif 4.86933 success 1288712 failure 464041 obj_new 1.00834 SA_pAcc 1 Delta 0.00552572 SA_r 0.893462 freedomratio 0.325556
Iter 5500000 pBad 0.080223 T 2.27681e-07 Obj 1.00793 Rho 0 GRdif 4.62951 success 1355681 failure 640752 obj_new 1.00793 SA_pAcc 1.99995 Delta -0.00422259 SA_r 0.333613 freedomratio 0.280517
Iter 6000000 pBad 0.0672618 T 9.3838e-08 Obj 1.00775 Rho 0 GRdif 4.5227 success 1399040 failure 875468 obj_new 1.00775 SA_pAcc 9.05256e-05 Delta -0.00495256 SA_r 0.967507 freedomratio 0.256905
Iter 6500000 pBad 0.0369523 T 3.8675e-08 Obj 1.00768 Rho 0 GRdif 4.51295 success 1427166 failure 1155965 obj_new 1.00773 SA_pAcc 0 Delta -0.000945031 SA_r 0.208247 freedomratio 0.233746
Iter 7000000 pBad 0.021298 T 1.59398e-08 Obj 1.00765 Rho 0 GRdif 4.46789 success 1445889 failure 1465921 obj_new 1.00765 SA_pAcc 1.19144e-44 Delta -0.00102564 SA_r 0.742882 freedomratio 0.220218
Iter 7500000 pBad 0.010653 T 6.56951e-09 Obj 1.00764 Rho 0 GRdif 4.4632 success 1458021 failure 1799142 obj_new 1.00765 SA_pAcc 0 Delta 1.65025e-05 SA_r 0.775826 freedomratio 0.212165
Iter 8000000 pBad 0.00805069 T 2.7076e-09 Obj 1.00763 Rho 0 GRdif 4.45628 success 1466208 failure 2148098 obj_new 1.00763 SA_pAcc 0 Delta 0.000182046 SA_r 0.777627 freedomratio 0.206411
Iter 8500000 pBad 0.00377731 T 1.11593e-09 Obj 1.00763 Rho 0 GRdif 4.45238 success 1471705 failure 2507051 obj_new 1.00763 SA_pAcc 4.384 Delta 6.60823e-05 SA_r 0.865495 freedomratio 0.20312
Iter 9000000 pBad 0.00330425 T 4.59926e-10 Obj 1.00762 Rho 0 GRdif 4.55245 success 1475865 failure 2870639 obj_new 1.0078 SA_pAcc 0 Delta 0.000228657 SA_r 0.64053 freedomratio 0.202348
Iter 9500000 pBad 0.00191111 T 1.89557e-10 Obj 1.00762 Rho 0 GRdif 4.45013 success 1478520 failure 3238183 obj_new 1.00762 SA_pAcc 1 Delta 1.57645e-05 SA_r 0.360914 freedomratio 0.199932
Iter 10000000 pBad 0.000870349 T 7.81251e-11 Obj 1.00762 Rho 0 GRdif 4.45073 success 1480210 failure 3609026 obj_new 1.00762 SA_pAcc 0 Delta 8.69142e-05 SA_r 0.25069 freedomratio 0.199795
Cannot move further
iter 9.99986e+06 obj1.00762 rho 0 GRdif 4.44972
Training:
Lab Growth Rates:
0.617 0.37 0.4 0.4 0.33 0.55 0.54 0.58 0.1 0.11 0.19 0.636 0.4 0.38 0.54 0.4 0.54 0.42 0.23 0.23 0.5 0.23 0.4 0.53 0.56 0.43 0.58 0.485 0.2 0.4 0.33 0.42 0.3 0.56 0.46 0.648 0.65 0.4 0.1 0.17 0.55 0.56 0.5 0.3 0.37 0.47 0.5 0.5 0.485 0.46 0.4 1.67 0.48 0.1 0.52 0.5 0.45 0.5 0.4 0.58 0.4 0.5 0.59 0.6 0.54 0.23 0.4 0.58 1.05 0.4 0.25 0.55 0.33 0.36 1.483 0.41 0.47 0.38 0.4 0.53 0.65 1.03 0.59 0.23 0.4 1.345 0.53 0.4 0.46 0.42 0.59 0.686 0.377 0.59 0.09 0.43 0.25 0.47 0.37 0.4 0.22 0.25 0.4 0.17 0.56 0.54 0.45 0.4 0.37 1.4 0.56 0.22 0.4 0.45 0.1 0.48 0.54 0.58 0.59 0.686 0.53 0.26 0.47 0.56 0.4 0.54 0.56 0.33 0.47 0.68 0.59 0.47 0.4 0.36 0.52 0.54 0.4 0.465 1.483 0.4 0.58 0.38 0.481 0.37 0.47 0.4 0.635 0.51 0.648 1.483 0.55 0.11 0.4 0.901 0.54 0.33 0.47 0.5 1.483 0.65 0.37 0.68 0.42 0.476 0.42 0.59 0.5 0.4 0.635 0.31 0.58 0.4 1.345 0.46 0.42 1.05 0.33 0.54 0.48 0.46 0.43 0.56 1.345 0.31 0.58 0.4 0.37 0.5 0.27 0.47 0.46 0.71 0.52 0.59 0.53 1.42 0.5 0.71 0.37 0.37 0.71 0.25 0.48 0.46 0.3 0.43 0.47 0.36 0.43 0.53 1.46 1.248 0.762 0.3 0.54 0.52 0.39 0.59 0.55 0.4 0.476 0.7 0.19 0.4 0.47 0.5 0.22 0.648 0.47 0.53 0.41 0.47 0.53 0.3 0.637 0.377 0.42 0.41 0.37 0.36 1.46 0.42 0.5 0.36 1.05 0.65 0.465 0.46 0.22 0.4 0.45 0.54 0.33 0.5 1.345 0.4 0.4 0.47 0.45 0.58 0.4 1.35 0.43 0.43 0.43 0.4 0.59 1.345 0.43 0.54 0.52 0.22 0.3 0.56 0.42 0.41 0.53 0.46 0.1 0.22 0.45 0.5 0.41 1.248 0.2 0.37 0.7 0.46 0.23 0.58 1.483 0.3 0.42 0.5 0.56 0.4 0.53 1.248 0.3 0.65 0.45 1.46 0.635 0.901 0.56 0.56 0.36 0.25 0.25 0.4 0.47 1.483 0.42 0.27 0.59 0.09 0.39 0.55 0.58 0.42 0.4 0.54 0.901 0.4 0.485 1.483 0.55 0.27 0.5 0.7 0.53 0.47 0.58 0.47 0.54 0.46 0.5 0.5 0.52 0.6 0.36 0.42 0.2 0.4 0.41 0.41 0.5 0.686 0.32 0.34 0.46 0.39 0.59 0.46 0.58 0.39 0.481 1.66 0.637 0.901 0.52 0.46 0.4 0.54 0.762 0.301 0.4 1.345 0.55 0.19 0.5 0.47 0.53 0.5 0.42 0.56 0.3 0.58 0.54 0.485 0.45 0.46 0.42 0.54 0.54 0.52 0.6 0.46 0.3 0.4 0.476 0.46 1.345 0.54 0.27 0.37 0.23 0.45 0.56 0.46 0.301 0.42 0.47 0.17 0.65 0.14 0.4 0.53 0.5 0.26 0.59 0.42 0.4 1.345 0.37 0.45 0.68 0.5 0.4 1.38 0.4 0.4 0.55 0.4 0.47 0.45 0.41 0.59 1.483 0.5 1.43 0.26 1.248 0.45 0.48 0.25 0.43 0.5 0.27 0.45 1.483 1.345 1.67 0.724 0.45 0.58 0.56 0.5 1.49 0.4 0.5 0.55 0.27 1.66 0.5 0.58 0.4 0.636 1.345 0.32 0.3 1.483 0.4 0.36 0.51 0.09 0.65 0.5 0.53 0.7 0.58 0.65 1.248 0.45 0.58 0.48 0.5 0.37 0.68 0.4 0.46 1.345 0.5 0.301 0.45 0.38 0.54 0.3 0.48 0.68 0.59 0.23 0.56 0.465 0.54 0.38 0.3 0.4 1.46 0.47 0.23 0.33 0.22 0.48 0.5 0.724 0.4 0.54 0.14 0.33 0.58 0.54 0.45 0.39 0.51 0.1 0.52 0.46 1.345 0.39 0.4 0.54 0.52 0.45 0.31 0.5 0.47 0.54 0.52 0.6 0.43 0.55 0.45 0.58 0.637 0.4 0.41 1.05 0.4 1.05 0.34 0.52 0.53 0.636 0.4 0.65 0.1 0.377 0.22 0.36 0.901 0.47 0.34 0.58 0.37 0.901 0.46 0.25 0.43 0.4 0.3 0.1 1.43 0.37 0.47 0.32 1.483 0.56 1.44 0.54 0.4 0.481 0.762 1.483 0.56 0.48 0.54 0.11 0.4 0.1 0.762 0.42 0.724 0.59 0.55 0.4
Dot Production Prediction of Lab Growth Rates:
0.616403 0.3946 0.404296 0.401524 0.509852 0.452203 0.456089 0.289223 0.968211 0.349376 0.306142 0.717341 0.400303 0.358423 0.353272 0.401426 0.377074 0.319459 0.538952 0.440005 0.377637 0.541024 0.399074 0.334102 0.541032 0.418794 0.473761 0.512623 0.362642 0.399807 0.467731 0.317259 0.486923 0.542555 0.297928 0.708731 0.629004 0.401623 0.959853 0.312061 0.467089 0.532451 0.547658 0.532561 0.422283 0.366681 0.798006 0.336328 0.513799 0.332638 0.402561 1.47808 0.301426 0.424051 0.387195 0.314327 0.366287 0.475813 0.393771 0.474158 0.395839 0.470139 0.39404 0.544547 0.414208 0.546447 0.402256 0.352062 1.05 0.400612 0.571924 0.550825 0.350246 0.311434 1.30839 0.384103 0.367334 0.317172 0.395772 0.493459 0.643478 1.43949 0.542475 0.541945 0.395178 1.35786 0.531634 0.396052 0.446911 0.291691 0.379816 0.717493 0.513382 0.33342 0.36209 0.38553 1.63743 0.331979 0.437548 0.396319 0.476595 0.311492 0.398704 0.413554 0.462484 0.3821 1.65788 0.401864 0.300301 1.50181 0.540811 0.47447 0.397349 0.31998 1.20206 0.284968 0.462055 0.468324 0.353094 0.715148 0.531311 0.589051 0.493397 0.542086 0.40093 0.318978 0.547045 0.320332 0.340617 0.463239 0.55311 0.379463 0.392653 0.335237 0.383304 0.290133 0.399998 0.523653 1.28318 0.395209 0.477376 0.358827 0.519851 0.417757 0.43142 0.399997 0.7157 0.384152 0.713539 1.29399 0.467627 0.368827 0.4022 0.792495 0.36963 0.422226 0.403218 0.54591 1.20432 0.650245 0.405862 0.471172 0.34313 0.522512 0.625328 0.349619 0.319435 0.399766 0.711509 0.57197 0.482602 0.390118 1.35464 0.544393 0.37615 1.05522 0.310495 0.539074 0.335796 0.347426 0.424515 0.545054 1.345 0.565767 0.462377 0.39947 0.420595 0.791419 0.358156 0.334353 0.524159 0.714462 0.377943 0.34289 0.534973 1.65251 0.303965 0.712719 0.427558 0.438495 0.718626 0.344553 0.277639 0.390623 0.580705 0.380196 0.339549 0.326687 0.455338 0.383025 1.00331 0.858603 0.761972 0.385893 0.397818 0.384239 0.303949 0.321123 0.548819 0.397302 0.522902 0.699693 0.328355 0.396395 0.457525 0.403961 0.423616 0.713583 0.39162 0.547484 0.347674 0.343128 0.355039 0.5242 0.710205 0.513854 0.315631 0.316918 0.547393 0.36053 1.51921 0.332954 0.777353 0.424543 1.04981 0.65486 0.524128 0.467331 0.359973 0.316433 1.59662 0.53829 0.308761 0.788806 1.23452 0.402023 0.401176 0.402211 0.38623 0.351571 0.399294 1.27209 0.339492 0.366872 0.427093 0.394324 0.318791 1.24824 0.391247 0.537754 0.346151 0.473367 0.35538 0.474156 0.343724 0.515096 0.553421 0.455515 0.439883 0.476492 0.293405 0.531047 0.370623 0.850791 0.404538 0.42053 0.708907 0.385318 0.531014 0.460634 1.20778 0.300338 0.350044 0.691744 0.543148 0.399893 0.383183 0.852521 0.302589 0.650007 1.60517 1.0158 0.710921 0.901138 0.477907 0.539147 0.351633 0.891938 0.53903 0.400627 0.334709 1.25242 0.299687 0.348803 0.550205 0.442152 0.32013 0.552439 0.476447 0.326407 0.40245 0.360326 0.904497 0.401926 0.520113 1.24191 0.464815 0.348191 0.707553 0.709153 0.284981 0.359575 0.381322 0.362116 0.453694 0.466346 0.778476 0.531902 0.345603 0.562669 0.4035 0.320401 0.400194 0.40135 0.517076 0.327666 0.721828 0.715649 0.312979 0.340682 0.44879 0.320928 0.553899 0.322494 0.346382 0.31097 0.516862 1.66 0.712185 0.901 0.381999 0.439545 0.401253 0.460114 0.77331 0.519363 0.396609 1.29291 0.469362 0.307397 0.318746 0.337667 0.528933 0.474712 0.334935 0.459674 0.575398 0.478627 0.453707 0.518748 1.60884 0.464868 0.639753 0.329573 0.538503 0.320242 0.550608 0.492616 0.309374 0.330264 0.522263 0.407588 1.21286 0.316751 0.336173 0.382331 0.534561 1.64238 0.47534 0.462631 0.516436 0.653746 0.508473 0.303744 0.664715 0.140037 0.402729 0.421162 0.312815 0.45268 0.342266 0.360675 0.39171 1.33902 0.438868 0.328068 0.469098 0.313432 0.392471 1.36242 0.403868 0.393928 0.464159 0.398189 0.472323 0.349895 0.517033 0.545614 1.22572 0.545671 1.40473 0.36018 0.849186 0.324711 0.353807 0.320306 0.37232 0.47844 0.298783 1.68568 1.29551 1.2948 1.65118 0.716476 0.400054 0.461698 0.459895 0.46692 1.65788 0.399791 0.713378 0.543433 0.643008 1.66 0.812947 0.361047 0.403171 0.714707 1.30938 0.327505 0.296586 1.24767 0.402565 0.339592 0.377219 0.320645 0.64145 0.361704 0.309348 0.698856 0.363601 0.660997 0.848625 0.339164 0.482124 0.317066 0.349798 0.378856 0.471785 0.399571 0.290566 1.19287 0.318167 0.519252 0.413232 0.313948 0.547723 0.529354 0.308895 0.465286 0.544819 0.43828 0.537257 0.518449 0.544942 0.32384 0.540833 0.402737 1.02339 0.378976 0.440169 0.352728 0.476181 0.326839 0.481489 0.715235 0.395953 0.370328 0.139999 0.343935 0.300739 0.456075 0.321942 0.347918 0.411837 1.49014 0.372819 0.362575 1.32118 0.29652 0.404655 0.539928 0.35266 1.65852 0.582985 0.710653 0.325182 0.36619 0.394745 0.544997 0.359715 0.542672 0.376171 0.459017 0.708796 0.402795 0.384117 1.00396 0.402909 1.5665 0.336344 0.356645 0.537219 0.715941 0.396418 0.623518 0.343811 0.514127 0.375306 0.323341 0.900734 0.339071 0.327552 0.379136 0.419564 0.917053 0.459298 0.345463 0.35352 0.402402 0.43341 1.04216 1.37479 0.430101 0.39341 0.307261 1.28844 0.542637 1.62301 0.370807 0.402189 0.515569 0.765965 1.26675 0.536672 0.314122 0.365627 0.3076 0.399283 0.895274 0.770753 0.345175 0.718212 0.544118 0.547388 0.404518
Testing:
Lab Growth Rates:
0.49 0.49 0.49
Dot Production Prediction of Lab Growth Rates:
0.358868 0.349548 0.386413
Best performance so far: 
Obj: 4.66422e-310Rho: 2.26291e-314Diff: 4.66422e-310
Anneal again with the best G and E so far as input
Cycle 2Round 1
Iter 500000 pBad 0.855143 T 0.00160995 Obj 1.06249 Rho 0 GRdif 35.5198 success 103799 failure 9553 obj_new 1.06249 SA_pAcc 1 Delta 0.0794254 SA_r 0.552561 freedomratio 0.248621
Iter 1000000 pBad 0.749034 T 0.000663535 Obj 1.04845 Rho 0 GRdif 27.7232 success 204811 failure 25090 obj_new 1.04845 SA_pAcc 1 Delta 0.013745 SA_r 0.400981 freedomratio 0.243963
Iter 1500000 pBad 0.752004 T 0.000273474 Obj 1.03622 Rho 0 GRdif 20.8495 success 304020 failure 45636 obj_new 1.03622 SA_pAcc 1.08708 Delta 0.0201469 SA_r 0.31681 freedomratio 0.245702
Iter 2000000 pBad 0.699385 T 0.000112711 Obj 1.02863 Rho 0 GRdif 16.5406 success 402553 failure 67399 obj_new 1.02863 SA_pAcc 1 Delta -0.0294782 SA_r 0.837471 freedomratio 0.240361
Iter 2500000 pBad 0.575693 T 4.64535e-05 Obj 1.02431 Rho 0 GRdif 14.0765 success 499333 failure 95423 obj_new 1.02431 SA_pAcc 1.89351 Delta 0.024094 SA_r 0.395309 freedomratio 0.239086
Iter 3000000 pBad 0.486001 T 1.91456e-05 Obj 1.02026 Rho 0 GRdif 11.7532 success 593651 failure 129333 obj_new 1.02026 SA_pAcc 1.07384 Delta -0.00441448 SA_r 0.870043 freedomratio 0.238989
Iter 3500000 pBad 0.428854 T 7.8908e-06 Obj 1.01808 Rho 0 GRdif 10.4993 success 686349 failure 165541 obj_new 1.01808 SA_pAcc 1.05596 Delta -0.00389135 SA_r 0.971263 freedomratio 0.243457
Iter 4000000 pBad 0.33068 T 3.25217e-06 Obj 1.015 Rho 0 GRdif 8.72246 success 769359 failure 221087 obj_new 1.015 SA_pAcc 1.3602 Delta -0.0100135 SA_r 0.550204 freedomratio 0.231073
Iter 4500000 pBad 0.259134 T 1.34037e-06 Obj 1.0114 Rho 0 GRdif 6.64486 success 848310 failure 290010 obj_new 1.0114 SA_pAcc 1 Delta -0.0199403 SA_r 0.971809 freedomratio 0.230075
Iter 5000000 pBad 0.192394 T 5.52428e-07 Obj 1.00991 Rho 0 GRdif 5.77724 success 923232 failure 367337 obj_new 1.00991 SA_pAcc 0.076441 Delta -0.0143577 SA_r 0.0458321 freedomratio 0.227573
Iter 5500000 pBad 0.122326 T 2.27681e-07 Obj 1.00943 Rho 0 GRdif 5.50212 success 977333 failure 494310 obj_new 1.00943 SA_pAcc 7.84108e-11 Delta 0.00678041 SA_r 0.187602 freedomratio 0.209735
Iter 6000000 pBad 0.0719114 T 9.3838e-08 Obj 1.00899 Rho 0 GRdif 5.24492 success 1021033 failure 656248 obj_new 1.00899 SA_pAcc 0.0865653 Delta 0.00394265 SA_r 0.64199 freedomratio 0.195659
Iter 6500000 pBad 0.028821 T 3.8675e-08 Obj 1.00875 Rho 0 GRdif 5.11621 success 1052571 failure 861284 obj_new 1.00877 SA_pAcc 7.87126e-178 Delta 0.00222884 SA_r 0.214161 freedomratio 0.179755
Iter 7000000 pBad 0.0324612 T 1.59398e-08 Obj 1.00861 Rho 0 GRdif 5.02385 success 1075885 failure 1102225 obj_new 1.00861 SA_pAcc 0.365387 Delta -0.000633968 SA_r 0.281753 freedomratio 0.16719
Iter 7500000 pBad 0.0157139 T 6.56951e-09 Obj 1.00856 Rho 0 GRdif 4.99351 success 1090849 failure 1378362 obj_new 1.00856 SA_pAcc 7.99042 Delta 0.000345121 SA_r 0.417618 freedomratio 0.159109
Iter 8000000 pBad 0.00873337 T 2.7076e-09 Obj 1.00852 Rho 0 GRdif 4.97363 success 1101900 failure 1675449 obj_new 1.00852 SA_pAcc 1 Delta 2.83294e-06 SA_r 0.647514 freedomratio 0.154211
Iter 8500000 pBad 0.0077245 T 1.11593e-09 Obj 1.00851 Rho 0 GRdif 4.97114 success 1109318 failure 1991309 obj_new 1.00852 SA_pAcc 0 Delta -0.000609883 SA_r 0.145152 freedomratio 0.150256
Iter 9000000 pBad 0.00446269 T 4.59926e-10 Obj 1.0085 Rho 0 GRdif 4.95878 success 1114571 failure 2318052 obj_new 1.0085 SA_pAcc 8.85322e-17 Delta 0.000255685 SA_r 0.554417 freedomratio 0.147607
Iter 9500000 pBad 0.00246146 T 1.89557e-10 Obj 1.00849 Rho 0 GRdif 4.95569 success 1118711 failure 2652467 obj_new 1.00849 SA_pAcc 1.5731e-06 Delta -4.30751e-05 SA_r 0.876814 freedomratio 0.14588
Good enough
iter 9.99998e+06 obj1.00849 rho 0 GRdif 4.95363
Training:
Lab Growth Rates:
0.617 0.37 0.4 0.4 0.33 0.55 0.54 0.58 0.1 0.11 0.19 0.636 0.4 0.38 0.54 0.4 0.54 0.42 0.23 0.23 0.5 0.23 0.4 0.53 0.56 0.43 0.58 0.485 0.2 0.4 0.33 0.42 0.3 0.56 0.46 0.648 0.65 0.4 0.1 0.17 0.55 0.56 0.5 0.3 0.37 0.47 0.5 0.5 0.485 0.46 0.4 1.67 0.48 0.1 0.52 0.5 0.45 0.5 0.4 0.58 0.4 0.5 0.59 0.6 0.54 0.23 0.4 0.58 1.05 0.4 0.25 0.55 0.33 0.36 1.483 0.41 0.47 0.38 0.4 0.53 0.65 1.03 0.59 0.23 0.4 1.345 0.53 0.4 0.46 0.42 0.59 0.686 0.377 0.59 0.09 0.43 0.25 0.47 0.37 0.4 0.22 0.25 0.4 0.17 0.56 0.54 0.45 0.4 0.37 1.4 0.56 0.22 0.4 0.45 0.1 0.48 0.54 0.58 0.59 0.686 0.53 0.26 0.47 0.56 0.4 0.54 0.56 0.33 0.47 0.68 0.59 0.47 0.4 0.36 0.52 0.54 0.4 0.465 1.483 0.4 0.58 0.38 0.481 0.37 0.47 0.4 0.635 0.51 0.648 1.483 0.55 0.11 0.4 0.901 0.54 0.33 0.47 0.5 1.483 0.65 0.37 0.68 0.42 0.476 0.42 0.59 0.5 0.4 0.635 0.31 0.58 0.4 1.345 0.46 0.42 1.05 0.33 0.54 0.48 0.46 0.43 0.56 1.345 0.31 0.58 0.4 0.37 0.5 0.27 0.47 0.46 0.71 0.52 0.59 0.53 1.42 0.5 0.71 0.37 0.37 0.71 0.25 0.48 0.46 0.3 0.43 0.47 0.36 0.43 0.53 1.46 1.248 0.762 0.3 0.54 0.52 0.39 0.59 0.55 0.4 0.476 0.7 0.19 0.4 0.47 0.5 0.22 0.648 0.47 0.53 0.41 0.47 0.53 0.3 0.637 0.377 0.42 0.41 0.37 0.36 1.46 0.42 0.5 0.36 1.05 0.65 0.465 0.46 0.22 0.4 0.45 0.54 0.33 0.5 1.345 0.4 0.4 0.47 0.45 0.58 0.4 1.35 0.43 0.43 0.43 0.4 0.59 1.345 0.43 0.54 0.52 0.22 0.3 0.56 0.42 0.41 0.53 0.46 0.1 0.22 0.45 0.5 0.41 1.248 0.2 0.37 0.7 0.46 0.23 0.58 1.483 0.3 0.42 0.5 0.56 0.4 0.53 1.248 0.3 0.65 0.45 1.46 0.635 0.901 0.56 0.56 0.36 0.25 0.25 0.4 0.47 1.483 0.42 0.27 0.59 0.09 0.39 0.55 0.58 0.42 0.4 0.54 0.901 0.4 0.485 1.483 0.55 0.27 0.5 0.7 0.53 0.47 0.58 0.47 0.54 0.46 0.5 0.5 0.52 0.6 0.36 0.42 0.2 0.4 0.41 0.41 0.5 0.686 0.32 0.34 0.46 0.39 0.59 0.46 0.58 0.39 0.481 1.66 0.637 0.901 0.52 0.46 0.4 0.54 0.762 0.301 0.4 1.345 0.55 0.19 0.5 0.47 0.53 0.5 0.42 0.56 0.3 0.58 0.54 0.485 0.45 0.46 0.42 0.54 0.54 0.52 0.6 0.46 0.3 0.4 0.476 0.46 1.345 0.54 0.27 0.37 0.23 0.45 0.56 0.46 0.301 0.42 0.47 0.17 0.65 0.14 0.4 0.53 0.5 0.26 0.59 0.42 0.4 1.345 0.37 0.45 0.68 0.5 0.4 1.38 0.4 0.4 0.55 0.4 0.47 0.45 0.41 0.59 1.483 0.5 1.43 0.26 1.248 0.45 0.48 0.25 0.43 0.5 0.27 0.45 1.483 1.345 1.67 0.724 0.45 0.58 0.56 0.5 1.49 0.4 0.5 0.55 0.27 1.66 0.5 0.58 0.4 0.636 1.345 0.32 0.3 1.483 0.4 0.36 0.51 0.09 0.65 0.5 0.53 0.7 0.58 0.65 1.248 0.45 0.58 0.48 0.5 0.37 0.68 0.4 0.46 1.345 0.5 0.301 0.45 0.38 0.54 0.3 0.48 0.68 0.59 0.23 0.56 0.465 0.54 0.38 0.3 0.4 1.46 0.47 0.23 0.33 0.22 0.48 0.5 0.724 0.4 0.54 0.14 0.33 0.58 0.54 0.45 0.39 0.51 0.1 0.52 0.46 1.345 0.39 0.4 0.54 0.52 0.45 0.31 0.5 0.47 0.54 0.52 0.6 0.43 0.55 0.45 0.58 0.637 0.4 0.41 1.05 0.4 1.05 0.34 0.52 0.53 0.636 0.4 0.65 0.1 0.377 0.22 0.36 0.901 0.47 0.34 0.58 0.37 0.901 0.46 0.25 0.43 0.4 0.3 0.1 1.43 0.37 0.47 0.32 1.483 0.56 1.44 0.54 0.4 0.481 0.762 1.483 0.56 0.48 0.54 0.11 0.4 0.1 0.762 0.42 0.724 0.59 0.55 0.4
Dot Production Prediction of Lab Growth Rates:
0.7835 0.374578 0.405846 0.400767 0.479692 0.462435 0.478589 0.271202 1.75698 0.34322 0.280434 0.661663 0.397629 0.379865 0.380826 0.402618 0.359363 0.323041 0.558526 0.428337 0.368563 0.550169 0.398635 0.325489 0.551842 0.393155 0.475536 0.530136 0.350653 0.399544 0.480937 0.317317 0.511961 0.54998 0.295159 0.644854 0.642966 0.400318 1.81265 0.276664 0.484076 0.52812 0.557902 0.554596 0.416871 0.367257 0.900728 0.370963 0.531503 0.327399 0.404535 1.39355 0.279158 0.390332 0.331134 0.333053 0.381207 0.476537 0.383209 0.477237 0.385591 0.471231 0.365231 0.58337 0.378736 0.555493 0.402943 0.322752 1.04984 0.402007 0.479962 0.551244 0.300525 0.319299 1.33035 0.389877 0.403989 0.292136 0.392654 0.421511 0.66655 1.20276 0.536735 0.561875 0.396339 1.3818 0.529959 0.394341 0.421909 0.311522 0.353976 0.659013 0.530658 0.340176 0.376006 0.364137 1.45911 0.286937 0.417604 0.392175 0.48223 0.313227 0.399489 0.386074 0.474271 0.361426 1.48707 0.401786 0.281273 1.39979 0.545175 0.480612 0.396338 0.324288 2.05161 0.270127 0.482977 0.473484 0.326494 0.654128 0.527324 0.534155 0.444942 0.54164 0.400339 0.31721 0.544259 0.299982 0.366214 0.438934 0.550623 0.401273 0.387301 0.347197 0.391922 0.283097 0.395662 0.536626 1.30891 0.397124 0.470968 0.375403 0.534309 0.404394 0.4079 0.400035 0.656702 0.383518 0.652879 1.35513 0.491098 0.367149 0.400314 0.821823 0.356773 0.453093 0.373932 0.555682 1.33551 0.65206 0.395212 0.44567 0.35318 0.5379 0.543321 0.307082 0.342176 0.399386 0.657334 0.576638 0.48026 0.368142 1.3443 0.500498 0.402036 1.04983 0.322868 0.533219 0.355313 0.347032 0.417641 0.54621 1.35366 0.550553 0.472082 0.400565 0.406474 0.874821 0.344831 0.341676 0.490127 0.653308 0.367472 0.309952 0.536808 1.51202 0.325953 0.650156 0.419306 0.4175 0.658312 0.34475 0.248682 0.384401 0.603713 0.326896 0.341373 0.348045 0.423609 0.375712 1.07936 0.852212 0.78156 0.348023 0.357539 0.348989 0.315036 0.302664 0.546727 0.394519 0.537792 0.782486 0.308822 0.396408 0.39622 0.436022 0.413787 0.652812 0.352427 0.538919 0.346927 0.343271 0.371545 0.556277 0.65133 0.532441 0.27236 0.301311 0.494188 0.365807 1.34859 0.330628 0.846833 0.403119 1.06217 0.650002 0.537779 0.473137 0.349169 0.282486 1.44597 0.545447 0.297332 0.857375 1.34624 0.401021 0.400714 0.34879 0.397593 0.366696 0.39896 1.09256 0.340572 0.36495 0.372061 0.393576 0.319562 1.35206 0.367433 0.531262 0.341225 0.484117 0.333888 0.473431 0.339332 0.52803 0.497378 0.455749 0.400335 0.481763 0.278482 0.534513 0.354975 0.8476 0.336225 0.415967 0.796763 0.359088 0.550452 0.471492 1.3264 0.297722 0.340137 0.809404 0.54681 0.3906 0.416733 0.848247 0.300517 0.658943 1.41693 1.06201 0.6536 0.903789 0.471413 0.555882 0.350553 1.0719 0.459471 0.398253 0.328031 1.30092 0.30226 0.362187 0.547829 0.424723 0.344975 0.551714 0.478596 0.321414 0.401193 0.382829 0.902433 0.400842 0.537737 1.35305 0.484597 0.355927 0.72908 0.794473 0.267776 0.323929 0.367141 0.351911 0.469203 0.473032 0.836186 0.535263 0.351086 0.620501 0.407039 0.35052 0.348883 0.402124 0.527769 0.349153 0.809448 0.657953 0.324507 0.338873 0.410741 0.312994 0.538904 0.333822 0.353353 0.304431 0.531149 1.50197 0.650833 0.902515 0.379237 0.40294 0.401017 0.481964 0.789075 0.532027 0.398801 1.31847 0.494103 0.298476 0.339733 0.336799 0.536023 0.479244 0.288982 0.471743 0.62679 0.483774 0.473007 0.53447 1.45489 0.469891 0.557266 0.318461 0.533043 0.337593 0.591599 0.484777 0.297154 0.293159 0.536696 0.381537 1.33581 0.320937 0.318495 0.387119 0.543027 1.39981 0.473959 0.463332 0.535362 0.556682 0.449072 0.302235 0.64981 0.475692 0.402609 0.401893 0.341737 0.423453 0.340758 0.339652 0.382744 1.34892 0.419086 0.356366 0.442709 0.347014 0.381464 1.2094 0.403884 0.386684 0.48502 0.38821 0.437388 0.353515 0.530129 0.556554 1.34083 0.539703 1.19421 0.405379 0.846476 0.355009 0.339523 0.346194 0.373128 0.480031 0.27633 1.47727 1.32823 1.37522 1.48676 0.658012 0.396694 0.470485 0.470298 0.472744 1.48707 0.39985 0.744093 0.543511 0.541484 1.49033 0.870718 0.399212 0.400599 0.668187 1.33585 0.358183 0.295536 1.31638 0.404238 0.360226 0.366111 0.352182 0.63987 0.401102 0.322138 0.785087 0.364524 0.658405 0.845488 0.378605 0.4792 0.291677 0.376166 0.398372 0.443767 0.399929 0.278319 1.34593 0.339246 0.535079 0.400169 0.296892 0.550803 0.572155 0.308336 0.440489 0.538079 0.426602 0.534984 0.532928 0.548054 0.287016 0.588076 0.40107 1.04567 0.340976 0.429858 0.357169 0.484324 0.341254 0.480446 0.657774 0.395942 0.34678 0.474734 0.341514 0.328687 0.476707 0.290452 0.327262 0.408028 1.4382 0.39518 0.351199 1.32242 0.315226 0.405584 0.539387 0.360639 1.46965 0.562445 0.78851 0.348798 0.336139 0.358877 0.605872 0.378396 0.548756 0.348128 0.459453 0.649554 0.403289 0.393829 1.05062 0.402943 1.28973 0.311832 0.359159 0.546955 0.657242 0.397887 0.630133 0.292868 0.536161 0.370355 0.303854 0.898502 0.372148 0.341303 0.391763 0.40745 0.900882 0.46001 0.338447 0.353999 0.398957 0.48497 1.96887 1.17771 0.413553 0.385541 0.31131 1.32054 0.538335 1.4744 0.325343 0.403064 0.53187 0.783429 1.33176 0.551834 0.348064 0.396635 0.320486 0.397743 1.02616 0.791111 0.350379 0.660474 0.537805 0.545581 0.402843
Testing:
Lab Growth Rates:
0.49 0.49 0.49
Dot Production Prediction of Lab Growth Rates:
0.372597 0.378243 0.378994
Best performance so far: 
Obj: 4.66422e-310Rho: 2.26291e-314Diff: 4.66422e-310
Test:
 Lab Growth Rates:
0.49 0.49 0.49Dot Product Prediction of Growth Rate:
0.3725968 0.3782432 0.3789941