seed =  5 traits =  1 
Training: part  95 
Training: part  95 
Round  1 
 Goal of obj  0.99 
Temperature range:  0.0078125 1.5625e-09 
Cycle 1Round 1
Iter 500000 pBad 0.900776 T 0.00361279 Obj 1.08666 Rho 0 GRdif 48.8692 success 147889 failure 6432 obj_new 1.08666 SA_pAcc 0.888098 Delta 0.0737104 SA_r 0.162322 freedomratio 0.369579
Iter 1000000 pBad 0.841785 T 0.00167068 Obj 1.07052 Rho 0 GRdif 40.068 success 293830 failure 17428 obj_new 1.07052 SA_pAcc 1 Delta 0.0133953 SA_r 0.904138 freedomratio 0.372152
Iter 1500000 pBad 0.825376 T 0.000772583 Obj 1.04303 Rho 0 GRdif 24.7713 success 438787 failure 32442 obj_new 1.04303 SA_pAcc 1 Delta 0.021067 SA_r 0.0174779 freedomratio 0.373096
Iter 2000000 pBad 0.811577 T 0.00035727 Obj 1.03197 Rho 0 GRdif 18.5047 success 582037 failure 50521 obj_new 1.03197 SA_pAcc 0.90996 Delta 0.0796204 SA_r 0.657028 freedomratio 0.37286
Iter 2500000 pBad 0.730795 T 0.000165215 Obj 1.02665 Rho 0 GRdif 15.4657 success 725418 failure 69387 obj_new 1.02665 SA_pAcc 1 Delta -0.0139099 SA_r 0.870558 freedomratio 0.380091
Iter 3000000 pBad 0.700727 T 7.64011e-05 Obj 1.02366 Rho 0 GRdif 13.7477 success 866196 failure 92510 obj_new 1.02366 SA_pAcc 1 Delta 0.0201189 SA_r 0.117769 freedomratio 0.370044
Iter 3500000 pBad 0.608645 T 3.53306e-05 Obj 1.02067 Rho 0 GRdif 12.0295 success 1004764 failure 121689 obj_new 1.02067 SA_pAcc 0.925174 Delta 0.0199388 SA_r 0.255958 freedomratio 0.371917
Iter 4000000 pBad 0.541139 T 1.63381e-05 Obj 1.01764 Rho 0 GRdif 10.282 success 1141336 failure 153061 obj_new 1.01764 SA_pAcc 1.46836 Delta -0.0199258 SA_r 0.829731 freedomratio 0.360958
Iter 4500000 pBad 0.450977 T 7.55534e-06 Obj 1.01501 Rho 0 GRdif 8.76312 success 1266834 failure 205075 obj_new 1.01501 SA_pAcc 1 Delta 0.0227347 SA_r 0.556469 freedomratio 0.361624
Iter 5000000 pBad 0.367377 T 3.49386e-06 Obj 1.01013 Rho 0 GRdif 5.92381 success 1384482 failure 273836 obj_new 1.01013 SA_pAcc 1.23357 Delta 0.00766168 SA_r 0.216055 freedomratio 0.352518
Iter 5500000 pBad 0.250905 T 1.61569e-06 Obj 1.00865 Rho 0 GRdif 5.06436 success 1488353 failure 369476 obj_new 1.00865 SA_pAcc 1 Delta -0.0188298 SA_r 0.142278 freedomratio 0.336963
Iter 6000000 pBad 0.190676 T 7.47152e-07 Obj 1.0079 Rho 0 GRdif 4.62576 success 1576399 failure 498422 obj_new 1.0079 SA_pAcc 1 Delta 0.0143288 SA_r 0.350882 freedomratio 0.322545
Iter 6500000 pBad 0.168271 T 3.4551e-07 Obj 1.00741 Rho 0 GRdif 4.34948 success 1652316 failure 654996 obj_new 1.00742 SA_pAcc 2.696e-18 Delta 0.00615054 SA_r 0.183269 freedomratio 0.301384
Iter 7000000 pBad 0.0599427 T 1.59776e-07 Obj 1.00721 Rho 0 GRdif 4.22313 success 1706048 failure 862894 obj_new 1.00721 SA_pAcc 0.173096 Delta 0.00258941 SA_r 0.667864 freedomratio 0.268126
Iter 7500000 pBad 0.0459927 T 7.38862e-08 Obj 1.00712 Rho 0 GRdif 4.16988 success 1741401 failure 1119060 obj_new 1.00712 SA_pAcc 0.697733 Delta 0.000585831 SA_r 0.274472 freedomratio 0.252361
Iter 8000000 pBad 0.0340604 T 3.41676e-08 Obj 1.00708 Rho 0 GRdif 4.14548 success 1765752 failure 1411389 obj_new 1.00708 SA_pAcc 1 Delta -0.00239099 SA_r 0.0240476 freedomratio 0.229687
Iter 8500000 pBad 0.0184353 T 1.58003e-08 Obj 1.00705 Rho 0 GRdif 4.13288 success 1782728 failure 1729227 obj_new 1.00705 SA_pAcc 1 Delta 0.000985378 SA_r 0.703856 freedomratio 0.216176
Iter 9000000 pBad 0.0177877 T 7.30664e-09 Obj 1.00705 Rho 0 GRdif 4.12847 success 1794084 failure 2066906 obj_new 1.00705 SA_pAcc 6.79992e-30 Delta 0.000493845 SA_r 0.119782 freedomratio 0.212274
Iter 9500000 pBad 0.00697004 T 3.37885e-09 Obj 1.00704 Rho 0 GRdif 4.12562 success 1802097 failure 2416277 obj_new 1.00704 SA_pAcc 2.90194e-50 Delta 0.000593018 SA_r 0.0698816 freedomratio 0.207481
Iter 10000000 pBad 0.00522974 T 1.5625e-09 Obj 1.00704 Rho 0 GRdif 4.12644 success 1807628 failure 2775326 obj_new 1.00704 SA_pAcc 0 Delta 0.000109986 SA_r 0.168201 freedomratio 0.204096
Cannot move further
iter 9.99994e+06 obj1.00704 rho 0 GRdif 4.12376
Training:
Lab Growth Rates:
0.59 0.48 0.47 0.58 0.5 0.686 1.483 0.47 1.345 0.58 0.4 0.56 0.55 0.27 0.724 0.43 0.59 0.43 0.46 0.45 0.53 0.22 0.5 0.55 0.37 1.483 0.56 0.42 0.47 0.47 0.3 0.58 0.56 0.1 0.47 0.37 0.45 0.33 0.1 0.49 0.7 0.5 1.248 0.45 0.1 0.59 0.33 0.4 0.4 0.45 0.54 0.58 0.48 0.5 0.48 0.58 0.42 0.43 0.476 0.46 1.345 0.59 0.5 1.345 0.4 1.483 0.5 0.5 1.483 0.59 0.37 0.68 0.23 0.58 0.46 1.05 0.3 0.58 0.31 0.52 0.4 0.58 0.1 0.686 0.23 0.5 0.46 0.47 0.25 0.58 0.54 0.47 0.36 0.476 0.5 0.37 0.4 0.27 0.65 0.71 0.23 1.248 0.4 0.54 0.53 0.377 0.25 0.4 0.4 0.46 0.4 0.41 1.345 0.68 0.68 1.483 0.17 0.36 1.345 0.4 0.65 1.345 0.41 0.42 0.47 0.4 1.49 0.59 0.58 0.5 0.3 0.485 0.65 0.19 0.3 0.22 0.5 1.43 0.56 0.58 0.485 0.52 0.59 0.51 1.483 0.68 0.27 0.47 0.4 0.46 0.5 0.52 0.485 0.5 0.53 0.59 0.59 0.5 0.09 1.248 0.4 0.43 0.617 0.45 0.42 1.46 0.56 0.36 0.43 0.33 0.25 0.45 0.54 0.53 0.4 0.41 0.4 0.56 0.4 0.52 1.345 0.36 0.54 1.05 0.5 0.377 0.56 0.3 0.54 0.56 0.52 0.17 0.5 0.4 0.4 0.37 0.39 0.65 0.37 0.25 0.3 0.7 0.476 0.4 0.4 1.345 0.37 0.4 0.54 0.54 0.43 0.49 0.23 0.25 0.65 0.59 0.11 0.4 0.54 0.55 0.53 0.39 0.54 0.45 0.56 0.46 0.37 0.637 0.6 0.23 0.55 0.65 0.22 0.59 0.54 0.55 0.58 0.686 0.4 0.4 0.58 0.481 0.58 0.636 0.22 0.47 0.4 0.4 0.4 0.27 0.3 0.56 0.26 0.54 0.45 0.14 0.4 0.53 0.4 0.4 0.59 0.58 0.47 0.19 0.55 0.46 0.37 0.53 0.4 0.901 0.4 0.56 0.3 0.11 0.65 0.45 0.42 0.46 0.42 0.47 0.1 0.4 0.54 0.52 0.42 1.67 0.71 0.648 0.34 0.39 0.481 0.36 0.37 0.33 0.42 0.4 0.43 0.47 0.34 0.46 0.4 0.4 0.42 0.38 0.33 0.38 0.7 0.47 0.45 0.23 0.5 0.54 0.23 0.48 0.635 0.54 1.483 0.58 0.1 0.48 0.59 0.5 1.03 0.52 1.345 0.65 1.05 1.483 0.2 0.4 0.58 0.4 0.47 0.11 0.36 0.4 0.09 0.53 0.37 1.67 0.762 0.54 0.56 1.483 0.45 0.58 0.4 0.27 0.45 0.23 0.301 0.43 0.59 0.5 0.58 0.3 0.4 0.4 0.37 1.66 1.05 1.483 0.54 0.41 0.54 0.4 0.55 1.46 0.5 0.5 0.32 0.37 0.481 0.43 1.4 0.3 0.38 0.465 0.47 0.48 0.5 0.5 0.42 0.54 0.53 0.47 0.42 0.46 0.71 0.636 0.32 0.22 0.59 0.25 0.42 0.22 0.41 0.42 0.5 0.5 0.53 0.55 0.3 0.43 0.45 0.19 0.47 0.65 0.41 1.42 0.55 0.47 0.53 0.465 0.3 0.56 0.637 0.6 0.301 0.636 0.41 0.2 0.09 1.05 1.46 0.47 0.52 0.46 0.54 0.33 0.901 0.55 0.5 0.54 0.58 0.46 0.39 0.47 0.43 0.54 0.26 0.39 0.4 0.17 0.42 0.485 0.901 0.5 0.25 0.4 0.55 0.23 0.5 0.53 0.52 0.31 0.901 0.36 0.1 0.46 0.4 0.4 0.32 0.47 1.38 0.4 0.47 0.54 1.483 0.27 0.53 0.55 0.48 0.46 0.45 0.52 1.345 0.3 0.47 0.53 0.22 0.4 0.22 0.51 0.5 0.45 0.43 0.42 0.724 0.6 0.46 0.4 0.53 0.42 0.762 0.46 0.46 0.4 0.54 0.54 0.48 0.36 0.54 0.377 0.5 0.56 0.39 1.44 1.43 0.45 0.46 1.35 0.2 0.54 1.345 0.762 0.54 0.1 0.56 0.42 0.25 0.37 0.762 0.3 0.635 0.56 1.248 0.648 0.38 0.31 0.33 0.724 1.46 0.4 0.37 0.52 0.34 0.14 0.56 0.41 0.37 0.5 0.4 0.4 0.51 0.648 0.46 0.6 0.301 1.483 0.59 0.4 1.345 0.68 0.52 0.4 1.248 0.56 0.58 0.901 0.33 0.5 0.41 0.465 0.4 0.4 0.4 0.635 0.45 0.4 0.637 0.5 1.66 0.901 0.4 0.42 0.4 0.38 0.45 0.49 0.33 0.26 0.48 0.1 0.45 0.36 0.46 0.5
Dot Production Prediction of Lab Growth Rates:
0.348116 0.34178 0.333429 0.262711 0.825148 0.718117 1.34484 0.310197 1.38741 0.347252 0.400013 0.544629 0.472695 0.270022 0.718336 0.336661 0.554599 0.415059 0.389374 0.313649 0.518932 0.352699 0.824299 0.556588 0.414894 1.35636 0.54756 0.288862 0.333967 0.326019 0.297224 0.338852 0.465982 1.2005 0.344681 0.415098 0.368513 0.434533 1.25627 0.386687 0.753432 0.86885 0.905677 1.56903 1.45702 0.551495 0.449636 0.400042 0.403259 1.48312 0.535561 0.461271 0.343373 0.55833 0.328309 0.46455 0.344978 0.374605 0.476407 0.452732 1.3258 0.552193 0.335236 1.30883 0.403659 1.34676 0.474649 0.480427 1.33006 0.358932 0.41869 0.473555 0.549861 0.300091 0.361349 1.05021 0.291844 0.471551 0.54096 0.358542 0.380305 0.387577 0.371903 0.713893 0.424223 0.35569 0.457513 0.374077 0.424778 0.472603 0.45085 0.316738 0.335836 0.481128 0.544836 0.413634 0.401892 0.324062 0.668308 0.706544 0.424984 0.903933 0.396867 0.321975 0.369873 0.468917 0.344879 0.399159 0.400766 0.330512 0.39654 0.489218 1.34496 0.463043 0.467783 1.33662 0.270125 0.357997 1.34399 0.403595 0.649677 1.29704 0.338631 0.323589 0.32619 0.399129 1.56903 0.548579 0.466255 0.874188 0.300023 0.482337 0.628845 0.262825 0.557461 0.390483 0.547914 1.27121 0.473675 0.33278 0.480158 0.340786 0.554112 0.348332 1.36508 0.471432 0.334183 0.316044 0.401229 0.29791 0.554553 0.331903 0.477034 0.344666 0.351036 0.293276 0.338238 0.823381 0.381348 0.910359 0.400255 0.346541 0.594916 0.358767 0.343483 1.55033 0.468491 0.38523 0.326592 0.311397 0.99676 0.351489 0.323215 0.364612 0.388395 0.34301 0.403348 0.537117 0.400557 0.330304 1.34067 0.34601 0.313386 1.04983 0.322077 0.474954 0.528858 0.451386 0.47098 0.463686 0.330915 0.231871 0.54504 0.38103 0.399089 0.417148 0.329529 0.649593 0.413648 0.309817 0.600054 0.755172 0.485074 0.400141 0.407549 1.34129 0.388128 0.397744 0.464037 0.54182 0.35934 0.375588 0.546808 0.444711 0.657399 0.307483 0.320568 0.402119 0.555949 0.475268 0.552752 0.286374 0.350713 0.34959 0.549828 0.366588 0.365988 0.711766 0.599988 0.551476 0.546701 0.647632 0.478294 0.553837 0.538702 0.470748 0.475007 0.716057 0.397982 0.384843 0.470755 0.4784 0.366361 0.719731 0.471415 0.346498 0.387363 0.402083 0.303014 0.340613 0.530536 0.53287 0.402977 0.455971 0.338323 0.140054 0.400814 0.532291 0.407588 0.396222 0.314644 0.467132 0.345835 0.26271 0.554371 0.460423 0.308486 0.540455 0.401101 0.88078 0.402637 0.467206 0.299993 0.331307 0.640885 1.48271 0.32397 0.458593 0.35459 0.363346 1.10394 0.393895 0.338847 0.379597 0.544751 1.35968 0.716175 0.709647 0.337976 0.292839 0.478883 0.321463 0.467085 0.324655 0.311589 0.405163 0.360302 0.439408 0.360156 0.47885 0.400326 0.397723 0.36832 0.364378 0.296162 0.295151 0.75163 0.436666 1.49007 0.553092 0.368785 0.453662 0.543233 0.316504 0.71826 0.378557 1.31233 0.397641 0.374478 0.310467 0.327052 0.337021 1.32022 0.324609 1.36791 0.656744 1.48709 1.31851 0.371869 0.40121 0.460608 0.387147 0.354959 0.353479 0.347525 0.385799 0.395237 0.522733 0.412527 1.56825 0.87418 0.553176 0.549981 1.30925 0.321145 0.485929 0.394417 0.345277 1.55515 0.558432 0.484554 0.351261 0.305097 0.345434 0.310392 0.337622 0.39925 0.385508 0.417408 1.66 1.04865 1.32279 0.333994 0.361901 0.392417 0.400299 0.548889 1.06246 0.715994 0.397344 0.320065 0.380789 0.475825 0.393123 1.40001 0.53104 0.321512 0.478724 0.287677 0.330544 0.821122 0.466023 0.338464 0.350551 0.393158 0.437125 0.31879 0.37335 0.714134 0.736116 0.323188 0.329745 0.549464 1.52769 0.286101 0.485732 0.48788 0.306623 0.329361 0.3441 0.519474 0.477321 0.588449 0.353297 0.353227 0.267461 0.324541 0.665237 0.480589 1.5522 0.48552 0.346942 0.454188 0.482083 0.576609 0.535739 0.714967 0.579678 0.486124 0.725821 0.380058 0.35076 0.33881 1.05 1.06813 0.379178 0.305952 0.387252 0.534449 0.314382 0.901978 0.551848 0.477966 0.328863 0.450758 0.3346 0.341839 0.363916 0.325451 0.391175 0.487211 0.313016 0.39583 0.348054 0.513217 0.48165 0.900994 0.728549 0.32097 0.311303 0.463697 0.426113 0.330487 0.298987 0.355486 0.516915 0.902355 0.366187 0.283359 0.387217 0.392191 0.363623 0.310456 0.350587 1.32494 0.402921 0.318419 0.545543 1.3421 0.50069 0.391084 0.549818 0.279911 0.461186 0.316635 0.310375 1.38621 0.54217 0.356626 0.303661 0.485409 0.401705 0.489175 0.359631 0.469911 1.58765 0.337455 0.327875 0.720851 0.583016 0.323086 0.393406 0.33387 0.31864 0.863875 0.461529 0.472537 0.39882 0.35249 0.282253 0.344421 0.369534 0.31381 0.468469 0.879442 0.474194 0.323213 1.50506 1.30452 0.363058 0.300624 1.23857 0.320133 0.450414 1.35408 0.872218 0.333795 1.01999 0.53069 0.523518 0.337421 0.40374 0.867766 0.332085 0.711521 0.52153 0.902191 0.697738 0.357687 0.524598 0.338428 0.723989 1.0478 0.401491 0.413915 0.314183 0.339838 0.139882 0.547191 0.293039 0.373271 0.837591 0.395986 0.403458 0.378344 0.7101 0.472048 0.562135 0.487571 1.32432 0.355169 0.392689 1.35712 0.470811 0.395459 0.40443 0.904999 0.545808 0.462739 0.905778 0.31168 0.314267 0.368294 0.480606 0.402252 0.389813 0.402425 0.716128 0.362317 0.402685 0.707217 0.46691 1.66 0.895354 0.3988 0.331517 0.399649 0.304892 1.47327 0.37355 0.393211 0.402345 0.269983 1.06632 0.370939 0.296297 0.317328 0.804375
Testing:
Lab Growth Rates:
0.7
Dot Production Prediction of Lab Growth Rates:
0.748778
Best performance so far: 
Obj: 4.67376e-310Rho: 2.26291e-314Diff: 4.67376e-310
Anneal again with the best G and E so far as input
Cycle 2Round 1
Iter 500000 pBad 0.873402 T 0.00361279 Obj 1.08347 Rho 0 GRdif 47.1402 success 103895 failure 6643 obj_new 1.08347 SA_pAcc 1.05717 Delta -0.0282993 SA_r 0.451469 freedomratio 0.243478
Iter 1000000 pBad 0.847555 T 0.00167068 Obj 1.06706 Rho 0 GRdif 38.1667 success 206298 failure 16137 obj_new 1.06706 SA_pAcc 1 Delta 0.0557866 SA_r 0.966706 freedomratio 0.243579
Iter 1500000 pBad 0.780746 T 0.000772583 Obj 1.04402 Rho 0 GRdif 25.3282 success 307208 failure 29775 obj_new 1.04402 SA_pAcc 0.749035 Delta 0.0133498 SA_r 0.120836 freedomratio 0.237097
Iter 2000000 pBad 0.741357 T 0.00035727 Obj 1.03519 Rho 0 GRdif 20.4036 success 406506 failure 47569 obj_new 1.03531 SA_pAcc 0.72098 Delta -0.0240088 SA_r 0.787841 freedomratio 0.245614
Iter 2500000 pBad 0.676096 T 0.000165215 Obj 1.0293 Rho 0 GRdif 16.978 success 504506 failure 67961 obj_new 1.0293 SA_pAcc 0.614576 Delta 0.0469161 SA_r 0.395124 freedomratio 0.240098
Iter 3000000 pBad 0.699657 T 7.64011e-05 Obj 1.0251 Rho 0 GRdif 14.5744 success 601950 failure 89863 obj_new 1.0251 SA_pAcc 0.864343 Delta 0.0552546 SA_r 0.244088 freedomratio 0.242875
Iter 3500000 pBad 0.614403 T 3.53306e-05 Obj 1.02111 Rho 0 GRdif 12.2828 success 697419 failure 116855 obj_new 1.02111 SA_pAcc 1 Delta 0.0173035 SA_r 0.439516 freedomratio 0.238443
Iter 4000000 pBad 0.439119 T 1.63381e-05 Obj 1.01784 Rho 0 GRdif 10.3983 success 791013 failure 149291 obj_new 1.01784 SA_pAcc 0.508219 Delta -0.0249167 SA_r 0.024836 freedomratio 0.235671
Iter 4500000 pBad 0.390445 T 7.55534e-06 Obj 1.01656 Rho 0 GRdif 9.65931 success 878913 failure 191397 obj_new 1.01656 SA_pAcc 1 Delta -0.0111495 SA_r 0.866427 freedomratio 0.23662
Iter 5000000 pBad 0.317649 T 3.49386e-06 Obj 1.01239 Rho 0 GRdif 7.24029 success 958996 failure 251776 obj_new 1.01239 SA_pAcc 1 Delta -0.0175926 SA_r 0.0889852 freedomratio 0.229957
Iter 5500000 pBad 0.261056 T 1.61569e-06 Obj 1.01089 Rho 0 GRdif 6.36997 success 1033425 failure 324793 obj_new 1.01089 SA_pAcc 1.29289 Delta 0.00692425 SA_r 0.356174 freedomratio 0.229777
Iter 6000000 pBad 0.170585 T 7.47152e-07 Obj 1.0099 Rho 0 GRdif 5.79011 success 1099656 failure 416505 obj_new 1.0099 SA_pAcc 1 Delta 0.00636012 SA_r 0.047995 freedomratio 0.219731
Iter 6500000 pBad 0.129276 T 3.4551e-07 Obj 1.00917 Rho 0 GRdif 5.36826 success 1151423 failure 544304 obj_new 1.00917 SA_pAcc 1 Delta -0.00136661 SA_r 0.437704 freedomratio 0.213198
Iter 7000000 pBad 0.0712386 T 1.59776e-07 Obj 1.00881 Rho 0 GRdif 5.15474 success 1190734 failure 710659 obj_new 1.00881 SA_pAcc 1 Delta 0.00474808 SA_r 0.330329 freedomratio 0.196065
Iter 7500000 pBad 0.0460248 T 7.38862e-08 Obj 1.00852 Rho 0 GRdif 4.9868 success 1222558 failure 908585 obj_new 1.00852 SA_pAcc 1 Delta 0.00202146 SA_r 0.471431 freedomratio 0.183178
Iter 8000000 pBad 0.0306134 T 3.41676e-08 Obj 1.00835 Rho 0 GRdif 4.88882 success 1245744 failure 1139983 obj_new 1.00835 SA_pAcc 0.0397723 Delta -0.00179542 SA_r 0.565369 freedomratio 0.170732
Iter 8500000 pBad 0.0275776 T 1.58003e-08 Obj 1.00824 Rho 0 GRdif 4.82451 success 1264350 failure 1398752 obj_new 1.00824 SA_pAcc 1 Delta -0.00101104 SA_r 0.508672 freedomratio 0.163333
Iter 9000000 pBad 0.0155284 T 7.30664e-09 Obj 1.00818 Rho 0 GRdif 4.78835 success 1277635 failure 1684122 obj_new 1.00818 SA_pAcc 9.37553e-12 Delta -0.00119824 SA_r 0.192011 freedomratio 0.157177
Iter 9500000 pBad 0.0106261 T 3.37885e-09 Obj 1.00814 Rho 0 GRdif 4.76879 success 1287361 failure 1986121 obj_new 1.00814 SA_pAcc 1 Delta 0.000725557 SA_r 0.56924 freedomratio 0.151351
Good enough
iter 9.99998e+06 obj1.00812 rho 0 GRdif 4.7579
Training:
Lab Growth Rates:
0.59 0.48 0.47 0.58 0.5 0.686 1.483 0.47 1.345 0.58 0.4 0.56 0.55 0.27 0.724 0.43 0.59 0.43 0.46 0.45 0.53 0.22 0.5 0.55 0.37 1.483 0.56 0.42 0.47 0.47 0.3 0.58 0.56 0.1 0.47 0.37 0.45 0.33 0.1 0.49 0.7 0.5 1.248 0.45 0.1 0.59 0.33 0.4 0.4 0.45 0.54 0.58 0.48 0.5 0.48 0.58 0.42 0.43 0.476 0.46 1.345 0.59 0.5 1.345 0.4 1.483 0.5 0.5 1.483 0.59 0.37 0.68 0.23 0.58 0.46 1.05 0.3 0.58 0.31 0.52 0.4 0.58 0.1 0.686 0.23 0.5 0.46 0.47 0.25 0.58 0.54 0.47 0.36 0.476 0.5 0.37 0.4 0.27 0.65 0.71 0.23 1.248 0.4 0.54 0.53 0.377 0.25 0.4 0.4 0.46 0.4 0.41 1.345 0.68 0.68 1.483 0.17 0.36 1.345 0.4 0.65 1.345 0.41 0.42 0.47 0.4 1.49 0.59 0.58 0.5 0.3 0.485 0.65 0.19 0.3 0.22 0.5 1.43 0.56 0.58 0.485 0.52 0.59 0.51 1.483 0.68 0.27 0.47 0.4 0.46 0.5 0.52 0.485 0.5 0.53 0.59 0.59 0.5 0.09 1.248 0.4 0.43 0.617 0.45 0.42 1.46 0.56 0.36 0.43 0.33 0.25 0.45 0.54 0.53 0.4 0.41 0.4 0.56 0.4 0.52 1.345 0.36 0.54 1.05 0.5 0.377 0.56 0.3 0.54 0.56 0.52 0.17 0.5 0.4 0.4 0.37 0.39 0.65 0.37 0.25 0.3 0.7 0.476 0.4 0.4 1.345 0.37 0.4 0.54 0.54 0.43 0.49 0.23 0.25 0.65 0.59 0.11 0.4 0.54 0.55 0.53 0.39 0.54 0.45 0.56 0.46 0.37 0.637 0.6 0.23 0.55 0.65 0.22 0.59 0.54 0.55 0.58 0.686 0.4 0.4 0.58 0.481 0.58 0.636 0.22 0.47 0.4 0.4 0.4 0.27 0.3 0.56 0.26 0.54 0.45 0.14 0.4 0.53 0.4 0.4 0.59 0.58 0.47 0.19 0.55 0.46 0.37 0.53 0.4 0.901 0.4 0.56 0.3 0.11 0.65 0.45 0.42 0.46 0.42 0.47 0.1 0.4 0.54 0.52 0.42 1.67 0.71 0.648 0.34 0.39 0.481 0.36 0.37 0.33 0.42 0.4 0.43 0.47 0.34 0.46 0.4 0.4 0.42 0.38 0.33 0.38 0.7 0.47 0.45 0.23 0.5 0.54 0.23 0.48 0.635 0.54 1.483 0.58 0.1 0.48 0.59 0.5 1.03 0.52 1.345 0.65 1.05 1.483 0.2 0.4 0.58 0.4 0.47 0.11 0.36 0.4 0.09 0.53 0.37 1.67 0.762 0.54 0.56 1.483 0.45 0.58 0.4 0.27 0.45 0.23 0.301 0.43 0.59 0.5 0.58 0.3 0.4 0.4 0.37 1.66 1.05 1.483 0.54 0.41 0.54 0.4 0.55 1.46 0.5 0.5 0.32 0.37 0.481 0.43 1.4 0.3 0.38 0.465 0.47 0.48 0.5 0.5 0.42 0.54 0.53 0.47 0.42 0.46 0.71 0.636 0.32 0.22 0.59 0.25 0.42 0.22 0.41 0.42 0.5 0.5 0.53 0.55 0.3 0.43 0.45 0.19 0.47 0.65 0.41 1.42 0.55 0.47 0.53 0.465 0.3 0.56 0.637 0.6 0.301 0.636 0.41 0.2 0.09 1.05 1.46 0.47 0.52 0.46 0.54 0.33 0.901 0.55 0.5 0.54 0.58 0.46 0.39 0.47 0.43 0.54 0.26 0.39 0.4 0.17 0.42 0.485 0.901 0.5 0.25 0.4 0.55 0.23 0.5 0.53 0.52 0.31 0.901 0.36 0.1 0.46 0.4 0.4 0.32 0.47 1.38 0.4 0.47 0.54 1.483 0.27 0.53 0.55 0.48 0.46 0.45 0.52 1.345 0.3 0.47 0.53 0.22 0.4 0.22 0.51 0.5 0.45 0.43 0.42 0.724 0.6 0.46 0.4 0.53 0.42 0.762 0.46 0.46 0.4 0.54 0.54 0.48 0.36 0.54 0.377 0.5 0.56 0.39 1.44 1.43 0.45 0.46 1.35 0.2 0.54 1.345 0.762 0.54 0.1 0.56 0.42 0.25 0.37 0.762 0.3 0.635 0.56 1.248 0.648 0.38 0.31 0.33 0.724 1.46 0.4 0.37 0.52 0.34 0.14 0.56 0.41 0.37 0.5 0.4 0.4 0.51 0.648 0.46 0.6 0.301 1.483 0.59 0.4 1.345 0.68 0.52 0.4 1.248 0.56 0.58 0.901 0.33 0.5 0.41 0.465 0.4 0.4 0.4 0.635 0.45 0.4 0.637 0.5 1.66 0.901 0.4 0.42 0.4 0.38 0.45 0.49 0.33 0.26 0.48 0.1 0.45 0.36 0.46 0.5
Dot Production Prediction of Lab Growth Rates:
0.350902 0.35723 0.364456 0.281261 0.908826 0.68705 1.37103 0.336027 1.41272 0.360276 0.373312 0.543254 0.489027 0.284571 0.686419 0.339466 0.541008 0.421798 0.412179 0.314651 0.532232 0.381264 0.953396 0.55388 0.425429 1.3636 0.547149 0.285978 0.363261 0.358437 0.286483 0.383867 0.47856 1.4159 0.392717 0.439688 0.402133 0.474023 1.43293 0.374466 0.877422 0.974563 0.868313 1.48109 1.39596 0.538252 0.4857 0.381994 0.373949 1.44869 0.538214 0.474883 0.363102 0.560195 0.33006 0.477852 0.356656 0.418804 0.577015 0.456511 1.33146 0.550048 0.352388 1.3454 0.373553 1.35727 0.483617 0.484337 1.35569 0.405349 0.431269 0.225792 0.546032 0.333541 0.389131 1.05354 0.295887 0.480668 0.568604 0.392639 0.36186 0.403301 0.426035 0.685154 0.445882 0.37168 0.467725 0.350929 0.483176 0.478465 0.462867 0.320183 0.344127 0.575186 0.529702 0.42867 0.376705 0.327094 0.664998 0.686865 0.443776 0.864286 0.381024 0.313585 0.424082 0.566468 0.34552 0.369339 0.38228 0.322815 0.365849 0.573284 1.3454 0.223211 0.222931 1.34673 0.291622 0.360178 1.34507 0.37335 0.658607 1.33488 0.348309 0.328746 0.324552 0.369766 1.48109 0.548614 0.478746 0.958404 0.28583 0.566018 0.630546 0.274435 0.693675 0.412952 0.539471 1.10702 0.483336 0.360621 0.573483 0.333809 0.558384 0.386942 1.37597 0.223607 0.353966 0.336833 0.372606 0.308927 0.556702 0.323031 0.563708 0.35934 0.374149 0.320649 0.336759 0.927092 0.383612 0.872352 0.373472 0.355967 0.523503 0.376701 0.347979 1.35746 0.481 0.41396 0.320458 0.304982 1.04925 0.369574 0.325113 0.361349 0.362565 0.362835 0.373881 0.540284 0.376718 0.35438 1.34895 0.358223 0.345322 1.05001 0.316001 0.568312 0.535084 0.609777 0.48129 0.475515 0.345015 0.281695 0.526267 0.357154 0.370033 0.425347 0.319356 0.647522 0.42834 0.295056 0.739108 0.893122 0.577495 0.374882 0.379495 1.30777 0.391545 0.380224 0.469722 0.534025 0.377806 0.372996 0.547992 0.51763 0.655314 0.337744 0.325582 0.375493 0.558435 0.484905 0.553854 0.303263 0.378933 0.355454 0.545495 0.374975 0.383887 0.678021 0.740263 0.549413 0.545534 0.649668 0.473841 0.54963 0.533326 0.477229 0.486347 0.685797 0.371443 0.362107 0.481303 0.568407 0.354346 0.689766 0.477175 0.368144 0.36451 0.375816 0.30152 0.356859 0.673844 0.550141 0.397803 0.470196 0.339058 0.139987 0.374179 0.543802 0.377378 0.370538 0.332027 0.473796 0.381927 0.279086 0.556493 0.468858 0.281372 0.538863 0.371849 0.839187 0.373309 0.477542 0.284953 0.344059 0.642389 1.39049 0.340214 0.463809 0.356018 0.405316 1.29619 0.366319 0.370048 0.379869 0.593695 1.34735 0.694832 0.680091 0.32848 0.315885 0.571282 0.3376 0.523057 0.336548 0.314292 0.378716 0.389674 0.437532 0.356201 0.534765 0.374067 0.368098 0.399148 0.364808 0.299218 0.272049 0.881484 0.487847 1.41928 0.549816 0.385054 0.472057 0.544877 0.313296 0.683887 0.370547 1.3422 0.38397 0.442816 0.333373 0.335693 0.342372 1.25857 0.372346 1.39483 0.65686 1.27834 1.34382 0.356236 0.372279 0.47186 0.361678 0.389287 0.368861 0.350574 0.362365 0.440245 0.534192 0.418922 1.47273 0.807178 0.560408 0.54448 1.31562 0.307381 0.489093 0.36918 0.361783 1.46981 0.552533 0.567537 0.372641 0.313213 0.348038 0.31157 0.357901 0.383121 0.362523 0.440315 1.47434 1.05102 1.34037 0.335723 0.346041 0.37522 0.370729 0.547272 1.08078 0.858863 0.427519 0.34562 0.401169 0.569985 0.412771 1.40003 0.6397 0.300007 0.569033 0.305897 0.337714 0.934892 0.473358 0.35773 0.351834 0.399409 0.489856 0.335002 0.445477 0.688605 0.683974 0.324762 0.353789 0.54132 1.44469 0.292228 0.478329 0.572702 0.316223 0.330566 0.357933 0.525435 0.479742 0.739055 0.373178 0.333715 0.293581 0.352842 0.649026 0.564458 1.49718 0.488419 0.373637 0.524883 0.574706 0.705248 0.551776 0.680871 0.728549 0.570321 0.69501 0.392563 0.362165 0.343407 1.04962 1.10166 0.361002 0.30928 0.407083 0.550774 0.307332 0.90073 0.553345 0.489123 0.370572 0.458688 0.344969 0.336496 0.379537 0.346055 0.397804 0.575666 0.338999 0.367706 0.416687 0.585088 0.575192 0.904486 0.848316 0.348206 0.315619 0.470795 0.446629 0.314446 0.314687 0.360974 0.557831 0.901088 0.369578 0.278846 0.406308 0.366166 0.356911 0.316156 0.407763 1.28885 0.374889 0.344449 0.539999 1.32632 0.571927 0.463484 0.550428 0.268691 0.467798 0.333987 0.335777 1.37499 0.686143 0.374449 0.303264 0.484259 0.374775 0.481491 0.402853 0.484208 1.4848 0.346703 0.338206 0.689633 0.699245 0.318017 0.365718 0.275569 0.324306 0.803896 0.505237 0.51787 0.381348 0.361361 0.279436 0.297343 0.423405 0.310469 0.563233 0.971794 0.478604 0.328512 1.46813 1.13365 0.37101 0.3433 1.09522 0.362561 0.46107 1.39088 0.814939 0.36473 1.07458 0.541708 0.569457 0.338142 0.428407 0.806576 0.328473 0.681618 0.541281 0.864622 0.674367 0.365218 0.561755 0.35618 0.688556 1.05749 0.386236 0.437743 0.347152 0.337416 0.141571 0.553183 0.330218 0.375271 0.925173 0.366172 0.375404 0.4193 0.678535 0.473429 0.709622 0.569664 1.33381 0.385733 0.375821 1.38406 0.22558 0.377031 0.375461 0.867084 0.556039 0.471039 0.904368 0.313866 0.30696 0.390278 0.573183 0.373324 0.364565 0.373718 0.684491 0.396971 0.383385 0.679134 0.476512 1.48463 0.900992 0.376762 0.335863 0.372739 0.300487 1.41232 0.404516 0.438144 0.432702 0.274641 1.27344 0.411366 0.306552 0.344591 0.915943
Testing:
Lab Growth Rates:
0.7
Dot Production Prediction of Lab Growth Rates:
0.898525
Best performance so far: 
Obj: 4.67376e-310Rho: 6.5069e-314Diff: 4.67376e-310
Test:
 Lab Growth Rates:
0.7Dot Product Prediction of Growth Rate:
0.8985249