seed =  5 traits =  1 
Training: part  4 
Training: part  4 
Round  1 
 Goal of obj  0.99 
Temperature range:  0.0078125 1.25e-09 
Cycle 1Round 1
Iter 500000 pBad 0.895802 T 0.0035727 Obj 1.18995 Rho 0 GRdif 101.914 success 129169 failure 3644 obj_new 1.18995 SA_pAcc 1.10148 Delta -0.0196738 SA_r 0.252347 freedomratio 0.367398
Iter 1000000 pBad 0.857657 T 0.00163381 Obj 1.09412 Rho 0 GRdif 52.7083 success 265389 failure 14053 obj_new 1.09412 SA_pAcc 1 Delta -0.0150172 SA_r 0.274226 freedomratio 0.365793
Iter 1500000 pBad 0.838634 T 0.000747152 Obj 1.04798 Rho 0 GRdif 27.4642 success 409084 failure 30351 obj_new 1.04798 SA_pAcc 0.910363 Delta -0.0787419 SA_r 0.0176057 freedomratio 0.373486
Iter 2000000 pBad 0.813096 T 0.000341676 Obj 1.0341 Rho 0 GRdif 19.6497 success 551876 failure 48755 obj_new 1.0341 SA_pAcc 1 Delta 0.00735317 SA_r 0.921362 freedomratio 0.363298
Iter 2500000 pBad 0.765592 T 0.00015625 Obj 1.02896 Rho 0 GRdif 16.7298 success 692997 failure 70619 obj_new 1.02896 SA_pAcc 1.02428 Delta 0.0617442 SA_r 0.409888 freedomratio 0.368785
Iter 3000000 pBad 0.666038 T 7.1454e-05 Obj 1.0228 Rho 0 GRdif 13.2091 success 833047 failure 95751 obj_new 1.0228 SA_pAcc 0.883442 Delta 0.051257 SA_r 0.135105 freedomratio 0.358849
Iter 3500000 pBad 0.645579 T 3.26763e-05 Obj 1.02035 Rho 0 GRdif 11.8033 success 971771 failure 124015 obj_new 1.02035 SA_pAcc 1.03997 Delta -0.0122866 SA_r 0.0748027 freedomratio 0.366021
Iter 4000000 pBad 0.58205 T 1.4943e-05 Obj 1.01675 Rho 0 GRdif 9.73625 success 1109146 failure 155456 obj_new 1.01675 SA_pAcc 1 Delta -0.0296265 SA_r 0.696044 freedomratio 0.358629
Iter 4500000 pBad 0.479504 T 6.83352e-06 Obj 1.01338 Rho 0 GRdif 7.78881 success 1239920 failure 197848 obj_new 1.01338 SA_pAcc 0.982997 Delta -0.0477699 SA_r 0.498724 freedomratio 0.36106
Iter 5000000 pBad 0.376721 T 3.125e-06 Obj 1.01001 Rho 0 GRdif 5.83752 success 1356768 failure 266531 obj_new 1.01001 SA_pAcc 1 Delta -0.0359204 SA_r 0.409497 freedomratio 0.345519
Iter 5500000 pBad 0.261791 T 1.42908e-06 Obj 1.00836 Rho 0 GRdif 4.88035 success 1460429 failure 361528 obj_new 1.00836 SA_pAcc 0.271417 Delta 0.0239146 SA_r 0.897369 freedomratio 0.340698
Iter 6000000 pBad 0.162692 T 6.53526e-07 Obj 1.00776 Rho 0 GRdif 4.53167 success 1546257 failure 494254 obj_new 1.00776 SA_pAcc 3.25994 Delta -0.0125643 SA_r 0.00339335 freedomratio 0.314378
Iter 6500000 pBad 0.102239 T 2.98861e-07 Obj 1.00743 Rho 0 GRdif 4.33844 success 1614045 failure 667045 obj_new 1.00743 SA_pAcc 0.642665 Delta 0.0101808 SA_r 0.0407846 freedomratio 0.285575
Iter 7000000 pBad 0.0509322 T 1.3667e-07 Obj 1.00726 Rho 0 GRdif 4.23668 success 1664580 failure 883473 obj_new 1.00726 SA_pAcc 0.0072493 Delta -0.00407053 SA_r 0.241994 freedomratio 0.25872
Iter 7500000 pBad 0.0415719 T 6.25001e-08 Obj 1.00722 Rho 0 GRdif 4.22006 success 1695216 failure 1151736 obj_new 1.00723 SA_pAcc 3.30323e-83 Delta -0.00212726 SA_r 0.609141 freedomratio 0.240855
Iter 8000000 pBad 0.0243499 T 2.85816e-08 Obj 1.00719 Rho 0 GRdif 4.19734 success 1717735 failure 1448129 obj_new 1.00719 SA_pAcc 0.255331 Delta 0.00232277 SA_r 0.434203 freedomratio 0.232079
Iter 8500000 pBad 0.0121616 T 1.30705e-08 Obj 1.00718 Rho 0 GRdif 4.19002 success 1732950 failure 1768614 obj_new 1.00718 SA_pAcc 1.58997e-09 Delta 0.000910073 SA_r 0.24057 freedomratio 0.216876
Iter 9000000 pBad 0.00849693 T 5.97721e-09 Obj 1.00717 Rho 0 GRdif 4.18765 success 1743308 failure 2108114 obj_new 1.00717 SA_pAcc 1.6778e-108 Delta -0.000322055 SA_r 0.653641 freedomratio 0.209286
Iter 9500000 pBad 0.00646783 T 2.73341e-09 Obj 1.00717 Rho 0 GRdif 4.19138 success 1750387 failure 2457814 obj_new 1.00718 SA_pAcc 0 Delta 0.00042791 SA_r 0.558207 freedomratio 0.207949
Iter 10000000 pBad 0.00612407 T 1.25e-09 Obj 1.00716 Rho 0 GRdif 4.18363 success 1755371 failure 2815197 obj_new 1.00716 SA_pAcc 1 Delta -0.000611406 SA_r 0.808319 freedomratio 0.20468
Cannot move further
iter 9.99999e+06 obj1.00716 rho 0 GRdif 4.18363
Training:
Lab Growth Rates:
0.4 0.33 0.5 0.43 0.48 0.31 0.46 0.53 0.485 0.37 0.4 0.36 0.5 1.35 0.45 0.54 0.41 0.48 0.1 0.4 0.53 0.46 0.59 0.23 0.25 0.762 0.46 0.47 0.54 0.53 0.637 0.901 0.59 0.5 0.19 0.42 0.11 1.05 0.68 1.345 0.46 0.4 0.54 0.54 1.483 0.4 0.53 0.39 0.5 0.54 0.636 0.4 0.3 0.37 0.59 0.4 0.1 1.345 0.25 0.58 1.345 0.47 0.4 0.54 0.52 0.27 0.46 0.53 0.45 0.52 0.49 0.54 0.47 0.724 0.48 0.4 1.66 0.4 0.5 0.45 0.55 0.6 0.45 0.301 0.42 1.483 0.1 1.248 0.6 0.7 0.481 0.52 0.65 0.637 0.25 0.41 0.1 0.45 0.4 0.636 0.901 0.43 0.65 0.4 1.43 0.55 0.56 0.3 0.4 0.37 0.3 0.42 0.4 0.33 0.59 0.39 0.58 0.36 0.56 0.53 0.36 0.43 0.6 0.4 0.46 0.4 0.4 0.38 1.345 0.47 1.483 0.46 0.37 0.481 0.4 0.37 0.635 0.4 0.4 0.37 0.58 0.46 0.56 0.55 0.476 0.45 0.4 0.33 0.26 0.27 0.377 0.56 0.33 0.5 0.43 0.42 1.345 0.42 0.686 0.485 0.22 0.42 0.4 0.26 0.42 0.1 0.4 0.2 0.33 0.53 0.636 0.3 0.56 0.27 0.5 0.46 0.17 0.25 0.22 0.53 0.3 0.22 0.39 0.901 0.36 0.58 0.55 0.47 0.724 0.59 0.901 0.54 0.43 0.47 0.4 0.25 0.1 0.19 0.54 0.58 0.635 0.43 0.5 0.11 0.37 0.4 0.59 0.47 1.05 0.4 0.56 0.23 0.42 0.19 0.2 0.4 0.39 0.7 0.09 1.483 0.59 0.54 0.3 0.42 0.17 0.301 0.25 0.4 0.4 0.56 0.37 0.42 1.49 0.4 0.39 0.3 0.23 0.42 0.54 0.58 0.4 0.47 0.65 0.45 0.4 0.45 0.5 0.5 0.58 0.52 0.23 0.7 1.483 0.648 0.37 0.5 0.54 0.46 0.58 0.52 0.5 1.03 0.23 0.45 0.46 0.68 0.4 0.52 0.6 0.5 0.42 0.5 0.65 0.46 0.38 0.686 0.58 0.42 0.58 0.31 1.46 0.5 0.22 0.5 0.4 0.45 0.45 0.47 0.46 0.46 0.59 0.4 0.762 0.465 0.53 0.11 0.46 0.47 0.47 0.53 0.58 0.32 0.54 0.5 0.45 0.37 0.4 0.59 0.58 0.45 0.48 0.3 0.23 0.46 0.3 0.54 0.4 0.4 0.58 0.4 0.476 0.56 0.59 0.45 0.47 1.483 1.345 0.56 0.23 0.56 0.54 0.686 0.41 0.56 0.3 0.53 0.377 0.58 0.46 0.58 0.37 0.59 0.5 0.481 0.25 0.4 0.59 0.56 0.58 0.4 0.58 0.53 0.762 0.55 0.56 0.47 0.45 1.05 0.41 0.476 0.5 0.51 1.67 0.36 1.46 0.46 0.56 0.635 0.56 0.55 0.4 0.33 1.248 1.345 0.42 0.42 0.55 0.637 0.22 0.54 0.52 0.54 0.65 0.648 0.27 0.1 0.37 0.52 0.17 0.09 0.3 0.27 0.46 0.47 0.42 0.38 0.48 0.46 0.25 0.485 1.46 0.37 0.3 0.47 0.54 1.248 0.5 0.5 0.58 0.36 0.901 0.465 1.248 0.54 1.345 0.56 0.4 0.58 0.33 1.43 0.54 1.345 0.3 0.71 0.45 0.34 0.617 0.1 0.7 0.45 0.52 0.4 0.5 0.43 0.68 0.53 0.58 1.345 1.67 0.1 0.14 0.51 0.37 0.34 0.33 0.37 0.36 0.37 0.36 0.31 0.4 0.46 0.71 0.26 0.22 0.34 0.27 0.23 0.49 0.38 0.4 0.65 0.4 0.43 0.648 0.48 0.5 0.4 0.65 0.55 0.4 0.4 0.762 0.49 0.54 0.47 0.5 0.5 0.55 0.5 1.483 0.56 0.5 0.47 0.22 0.68 0.53 0.32 1.05 0.47 1.345 0.56 0.58 0.09 1.38 0.4 1.05 0.59 0.43 0.52 0.47 0.32 0.59 1.4 0.724 0.36 0.54 1.483 0.5 0.465 0.42 0.68 0.43 0.52 0.55 0.4 0.4 0.47 0.5 0.4 0.4 0.45 0.47 0.5 0.43 0.47 0.48 0.54 0.45 0.2 0.43 0.48 1.46 0.54 0.23 0.41 1.483 0.301 0.54 1.44 0.59 0.33 0.54 0.4 0.4 1.483 0.5 0.54 0.22 0.5 0.48 0.4 0.55 0.51 0.71 0.65 0.47 0.14 1.248 1.483 1.483 0.54 0.52 0.377 0.4 0.3 0.53 0.59 0.65 0.5 0.901 0.39 1.66 1.345 0.4 0.38 0.485 0.4 1.42 0.41 0.47 0.42 0.4 0.4 0.5 0.55
Dot Production Prediction of Lab Growth Rates:
0.401313 0.323172 0.548413 0.308861 0.346428 0.500363 0.276666 0.54742 0.456935 0.39157 0.398692 0.354188 0.476768 1.26835 0.40233 0.347407 0.336784 0.324412 0.444118 0.40305 0.524291 0.471569 0.348151 0.528287 0.302005 0.773576 0.487164 0.317455 0.314641 0.458978 0.69943 0.910774 0.355476 0.40901 0.292743 0.343534 0.309621 1.05948 0.590081 1.2774 0.413135 0.402212 0.372833 0.377738 1.32175 0.405025 0.38518 0.347974 0.810139 0.336365 0.714601 0.391517 0.300955 0.497805 0.336468 0.401505 1.14522 1.37317 0.350443 0.296945 1.33415 0.349209 0.393751 0.342541 0.351142 0.547053 0.396895 0.326752 1.46434 0.327666 0.356794 0.313387 0.358433 0.719218 0.310212 0.340535 1.66 0.398855 0.490196 1.54914 0.557574 0.540111 0.336316 0.446565 0.338881 1.24745 0.831742 0.85692 0.521024 0.700248 0.457771 0.375642 0.630052 0.695115 0.348438 0.330276 1.49569 1.47732 0.397837 0.721311 0.906488 0.330072 0.651868 0.398267 1.37909 0.45818 0.48452 0.529286 0.400062 0.403252 0.477002 0.574285 0.401934 0.33463 0.343019 0.325017 0.470921 0.333679 0.533037 0.523284 0.310433 0.374054 0.507092 0.407141 0.370111 0.392261 0.402443 0.346892 1.21421 0.386119 1.24208 0.335567 0.375426 0.458024 0.402023 0.354848 0.699769 0.403857 0.400651 0.361448 0.31082 0.458381 0.541084 0.447037 0.466894 0.330285 0.393454 0.330895 0.527395 0.318202 0.4489 0.558584 0.330718 0.320887 0.389189 0.566348 1.22196 0.341447 0.716655 0.459682 0.478955 0.322492 0.404708 0.393383 0.591143 1.0042 0.39932 0.393823 0.314715 0.509531 0.715308 0.414761 0.470091 0.348159 0.740906 0.327278 0.310478 0.840566 0.369811 0.340899 0.333403 0.470777 0.367374 0.898206 0.323867 0.467169 0.465295 0.329649 0.718319 0.361999 0.901005 0.366269 0.37032 0.369579 0.397382 0.481233 0.342312 0.299699 0.545179 0.4721 0.700642 0.353393 0.489691 0.318863 0.397828 0.392249 0.552035 0.367268 1.61098 0.404461 0.53522 0.543174 0.361487 0.295242 0.378663 0.404726 0.288793 0.6992 0.326272 1.331 0.555936 0.347785 0.444248 0.348634 0.34873 0.447248 0.499601 0.40025 0.402568 0.481472 0.388867 0.348467 1.51821 0.399274 0.329862 0.473567 0.403784 0.317402 0.481378 0.448376 0.401069 0.471059 0.641532 0.402478 0.400282 0.374176 0.322867 0.328164 0.488574 0.377538 0.537453 0.699713 1.25997 0.698338 0.389692 0.524826 0.371038 0.471739 0.322216 0.364147 0.713574 1.28708 0.532038 0.345754 0.321817 0.594543 0.399956 0.337759 0.521857 0.787593 0.326474 0.548334 0.626727 0.310974 0.327785 0.719185 0.476511 0.371671 0.321206 0.515885 1.60659 0.776792 0.340535 0.78204 0.396485 0.331573 1.57697 0.317988 0.40633 0.371497 0.544382 0.369451 0.761984 0.46606 0.305597 0.330587 0.484226 0.377876 0.373002 0.378202 0.354639 0.302095 0.540407 0.339797 0.3324 0.407221 0.399841 0.547594 0.358348 0.375302 0.326555 0.486785 0.406693 0.45407 0.390538 0.539973 0.398963 0.404406 0.365846 0.398358 0.46349 0.490564 0.537071 0.342263 0.304632 1.31186 1.35458 0.535944 0.533782 0.531328 0.368168 0.716502 0.350844 0.535458 0.356253 0.529258 0.450287 0.49081 0.483541 0.467239 0.393675 0.364721 0.476084 0.45475 1.50222 0.398555 0.30814 0.530928 0.47778 0.399675 0.341918 0.33609 0.77317 0.458994 0.470821 0.325882 1.50362 1.04998 0.350436 0.465923 0.522259 0.367547 1.3769 0.341253 1.01326 0.329148 0.466638 0.698224 0.550838 0.53979 0.400962 0.448368 0.864433 1.34524 0.333144 0.351899 0.554822 0.696962 0.464637 0.341668 0.34556 0.556592 0.655998 0.703645 0.333855 1.27143 0.403028 0.327727 0.308403 0.356939 0.300166 0.367682 0.323734 0.474034 0.317575 0.333845 0.320657 0.448869 0.348714 0.462277 1.00757 0.4004 0.536072 0.336843 0.466896 0.855497 0.672561 0.346576 0.495361 0.323551 0.797421 0.461796 0.853286 0.477993 1.36291 0.534952 0.40213 0.467922 0.431018 1.32611 0.555205 1.35084 0.493324 0.710694 0.345063 0.341035 0.584391 0.434714 0.705835 1.51821 0.368059 0.400661 0.764353 0.420907 0.598872 0.525505 0.315896 1.32482 1.52755 0.993352 0.13998 0.35459 0.330819 0.338571 0.338759 0.369564 0.372802 0.402587 0.379763 0.497544 0.405716 0.459259 0.716963 0.438469 0.315865 0.318092 0.360523 0.540843 0.35071 0.372394 0.351615 0.670239 0.405895 0.349578 0.697675 0.297081 0.343865 0.3919 0.643853 0.542059 0.398217 0.391779 0.785605 0.333618 0.544636 0.429902 0.747253 0.331811 0.450135 0.335196 1.20253 0.527372 0.307729 0.306296 0.48084 0.58682 0.521259 0.318537 1.02187 0.39581 1.32943 0.547335 0.493829 0.386085 1.27776 0.38908 1.04992 0.32798 0.311614 0.323947 0.363906 0.331821 0.53746 1.40001 0.717178 0.338085 0.34077 1.28456 0.542891 0.46551 0.333239 0.598739 0.390104 0.325171 0.543315 0.392615 0.400849 0.386928 0.661406 0.400508 0.403135 1.47002 0.389774 0.48934 0.332004 0.318712 0.339512 0.457902 0.353653 0.386194 0.393272 0.34379 1.031 0.3595 0.40687 0.317363 1.30827 0.444559 0.540991 1.50769 0.544125 0.382957 0.477531 0.398356 0.397772 1.2826 0.331209 0.353421 0.472305 0.720011 0.315961 0.400104 0.566598 0.339356 0.723941 0.655012 0.368139 0.140949 0.853413 1.23254 1.34274 0.475317 0.365263 0.450313 0.391336 0.297966 0.361492 0.354984 0.649885 0.474621 0.91097 0.304178 1.66 1.23489 0.39502 0.313549 0.453593 0.402118 1.52299 0.364061 0.376517 0.348487 0.399072 0.395873 0.365228 0.455942
Testing:
Lab Growth Rates:
0.41 0.41 0.41
Dot Production Prediction of Lab Growth Rates:
0.451469 0.450625 0.446477
Best performance so far: 
Obj: 4.67679e-310Rho: 2.26291e-314Diff: 4.67679e-310
Anneal again with the best G and E so far as input
Cycle 2Round 1
Iter 500000 pBad 0.870458 T 0.0035727 Obj 1.08782 Rho 0 GRdif 49.3258 success 103137 failure 6983 obj_new 1.08782 SA_pAcc 1 Delta 0.0284411 SA_r 0.517834 freedomratio 0.244881
Iter 1000000 pBad 0.835625 T 0.00163381 Obj 1.06984 Rho 0 GRdif 39.5601 success 204608 failure 16532 obj_new 1.06984 SA_pAcc 1.03429 Delta -0.014397 SA_r 0.507578 freedomratio 0.24255
Iter 1500000 pBad 0.762327 T 0.000747152 Obj 1.05115 Rho 0 GRdif 29.2303 success 304538 failure 30430 obj_new 1.05115 SA_pAcc 1 Delta -0.0228724 SA_r 0.481226 freedomratio 0.237535
Iter 2000000 pBad 0.74163 T 0.000341676 Obj 1.03499 Rho 0 GRdif 20.151 success 402891 failure 48767 obj_new 1.03499 SA_pAcc 0.705458 Delta -0.0132052 SA_r 0.00399766 freedomratio 0.237921
Iter 2500000 pBad 0.672539 T 0.00015625 Obj 1.02958 Rho 0 GRdif 17.0839 success 499673 failure 71406 obj_new 1.02958 SA_pAcc 1 Delta 0.0403318 SA_r 0.895255 freedomratio 0.237825
Iter 3000000 pBad 0.616352 T 7.1454e-05 Obj 1.02515 Rho 0 GRdif 14.5545 success 595224 failure 96962 obj_new 1.02515 SA_pAcc 1.32952 Delta -0.0337065 SA_r 0.217274 freedomratio 0.240657
Iter 3500000 pBad 0.544281 T 3.26763e-05 Obj 1.02061 Rho 0 GRdif 11.9559 success 689128 failure 127139 obj_new 1.02061 SA_pAcc 0.927122 Delta -0.00995747 SA_r 0.299558 freedomratio 0.2361
Iter 4000000 pBad 0.455683 T 1.4943e-05 Obj 1.01953 Rho 0 GRdif 11.3359 success 781029 failure 161253 obj_new 1.01953 SA_pAcc 1 Delta 0.0232739 SA_r 0.606587 freedomratio 0.236959
Iter 4500000 pBad 0.408013 T 6.83352e-06 Obj 1.01693 Rho 0 GRdif 9.83979 success 871921 failure 197138 obj_new 1.01693 SA_pAcc 1 Delta -0.0334091 SA_r 0.65155 freedomratio 0.233746
Iter 5000000 pBad 0.287653 T 3.125e-06 Obj 1.01318 Rho 0 GRdif 7.67104 success 951097 failure 258367 obj_new 1.01318 SA_pAcc 1 Delta -0.021236 SA_r 0.493335 freedomratio 0.225471
Iter 5500000 pBad 0.275634 T 1.42908e-06 Obj 1.01168 Rho 0 GRdif 6.80579 success 1021517 failure 339911 obj_new 1.01168 SA_pAcc 1 Delta 0.0226685 SA_r 0.735269 freedomratio 0.229804
Iter 6000000 pBad 0.19827 T 6.53526e-07 Obj 1.01081 Rho 0 GRdif 6.29816 success 1088113 failure 430165 obj_new 1.01081 SA_pAcc 1 Delta -0.0168303 SA_r 0.179662 freedomratio 0.218331
Iter 6500000 pBad 0.144295 T 2.98861e-07 Obj 1.00992 Rho 0 GRdif 5.78725 success 1145922 failure 545917 obj_new 1.00992 SA_pAcc 1 Delta 0.00682686 SA_r 0.734808 freedomratio 0.208764
Iter 7000000 pBad 0.0857903 T 1.3667e-07 Obj 1.00931 Rho 0 GRdif 5.43248 success 1192867 failure 696988 obj_new 1.00931 SA_pAcc 1 Delta -0.00114898 SA_r 0.474968 freedomratio 0.195529
Iter 7500000 pBad 0.0505614 T 6.25001e-08 Obj 1.009 Rho 0 GRdif 5.24772 success 1226713 failure 889947 obj_new 1.009 SA_pAcc 0.117109 Delta -0.000189569 SA_r 0.501541 freedomratio 0.179205
Iter 8000000 pBad 0.0276572 T 2.85816e-08 Obj 1.00888 Rho 0 GRdif 5.18114 success 1249096 failure 1124011 obj_new 1.00888 SA_pAcc 1 Delta -0.00196248 SA_r 0.5792 freedomratio 0.167956
Iter 8500000 pBad 0.0124734 T 1.30705e-08 Obj 1.00883 Rho 0 GRdif 5.15412 success 1263917 failure 1390438 obj_new 1.00883 SA_pAcc 3.97507e-79 Delta -0.00121499 SA_r 0.627497 freedomratio 0.160724
Iter 9000000 pBad 0.0148055 T 5.97721e-09 Obj 1.00879 Rho 0 GRdif 5.12689 success 1276872 failure 1672256 obj_new 1.00879 SA_pAcc 1 Delta -0.0014577 SA_r 0.289165 freedomratio 0.1561
Iter 9500000 pBad 0.0058886 T 2.73341e-09 Obj 1.00877 Rho 0 GRdif 5.1151 success 1285542 failure 1973552 obj_new 1.00877 SA_pAcc 4.58749e-10 Delta 0.000410869 SA_r 0.742811 freedomratio 0.151696
Good enough
iter 9.99998e+06 obj1.00876 rho 0 GRdif 5.10983
Training:
Lab Growth Rates:
0.4 0.33 0.5 0.43 0.48 0.31 0.46 0.53 0.485 0.37 0.4 0.36 0.5 1.35 0.45 0.54 0.41 0.48 0.1 0.4 0.53 0.46 0.59 0.23 0.25 0.762 0.46 0.47 0.54 0.53 0.637 0.901 0.59 0.5 0.19 0.42 0.11 1.05 0.68 1.345 0.46 0.4 0.54 0.54 1.483 0.4 0.53 0.39 0.5 0.54 0.636 0.4 0.3 0.37 0.59 0.4 0.1 1.345 0.25 0.58 1.345 0.47 0.4 0.54 0.52 0.27 0.46 0.53 0.45 0.52 0.49 0.54 0.47 0.724 0.48 0.4 1.66 0.4 0.5 0.45 0.55 0.6 0.45 0.301 0.42 1.483 0.1 1.248 0.6 0.7 0.481 0.52 0.65 0.637 0.25 0.41 0.1 0.45 0.4 0.636 0.901 0.43 0.65 0.4 1.43 0.55 0.56 0.3 0.4 0.37 0.3 0.42 0.4 0.33 0.59 0.39 0.58 0.36 0.56 0.53 0.36 0.43 0.6 0.4 0.46 0.4 0.4 0.38 1.345 0.47 1.483 0.46 0.37 0.481 0.4 0.37 0.635 0.4 0.4 0.37 0.58 0.46 0.56 0.55 0.476 0.45 0.4 0.33 0.26 0.27 0.377 0.56 0.33 0.5 0.43 0.42 1.345 0.42 0.686 0.485 0.22 0.42 0.4 0.26 0.42 0.1 0.4 0.2 0.33 0.53 0.636 0.3 0.56 0.27 0.5 0.46 0.17 0.25 0.22 0.53 0.3 0.22 0.39 0.901 0.36 0.58 0.55 0.47 0.724 0.59 0.901 0.54 0.43 0.47 0.4 0.25 0.1 0.19 0.54 0.58 0.635 0.43 0.5 0.11 0.37 0.4 0.59 0.47 1.05 0.4 0.56 0.23 0.42 0.19 0.2 0.4 0.39 0.7 0.09 1.483 0.59 0.54 0.3 0.42 0.17 0.301 0.25 0.4 0.4 0.56 0.37 0.42 1.49 0.4 0.39 0.3 0.23 0.42 0.54 0.58 0.4 0.47 0.65 0.45 0.4 0.45 0.5 0.5 0.58 0.52 0.23 0.7 1.483 0.648 0.37 0.5 0.54 0.46 0.58 0.52 0.5 1.03 0.23 0.45 0.46 0.68 0.4 0.52 0.6 0.5 0.42 0.5 0.65 0.46 0.38 0.686 0.58 0.42 0.58 0.31 1.46 0.5 0.22 0.5 0.4 0.45 0.45 0.47 0.46 0.46 0.59 0.4 0.762 0.465 0.53 0.11 0.46 0.47 0.47 0.53 0.58 0.32 0.54 0.5 0.45 0.37 0.4 0.59 0.58 0.45 0.48 0.3 0.23 0.46 0.3 0.54 0.4 0.4 0.58 0.4 0.476 0.56 0.59 0.45 0.47 1.483 1.345 0.56 0.23 0.56 0.54 0.686 0.41 0.56 0.3 0.53 0.377 0.58 0.46 0.58 0.37 0.59 0.5 0.481 0.25 0.4 0.59 0.56 0.58 0.4 0.58 0.53 0.762 0.55 0.56 0.47 0.45 1.05 0.41 0.476 0.5 0.51 1.67 0.36 1.46 0.46 0.56 0.635 0.56 0.55 0.4 0.33 1.248 1.345 0.42 0.42 0.55 0.637 0.22 0.54 0.52 0.54 0.65 0.648 0.27 0.1 0.37 0.52 0.17 0.09 0.3 0.27 0.46 0.47 0.42 0.38 0.48 0.46 0.25 0.485 1.46 0.37 0.3 0.47 0.54 1.248 0.5 0.5 0.58 0.36 0.901 0.465 1.248 0.54 1.345 0.56 0.4 0.58 0.33 1.43 0.54 1.345 0.3 0.71 0.45 0.34 0.617 0.1 0.7 0.45 0.52 0.4 0.5 0.43 0.68 0.53 0.58 1.345 1.67 0.1 0.14 0.51 0.37 0.34 0.33 0.37 0.36 0.37 0.36 0.31 0.4 0.46 0.71 0.26 0.22 0.34 0.27 0.23 0.49 0.38 0.4 0.65 0.4 0.43 0.648 0.48 0.5 0.4 0.65 0.55 0.4 0.4 0.762 0.49 0.54 0.47 0.5 0.5 0.55 0.5 1.483 0.56 0.5 0.47 0.22 0.68 0.53 0.32 1.05 0.47 1.345 0.56 0.58 0.09 1.38 0.4 1.05 0.59 0.43 0.52 0.47 0.32 0.59 1.4 0.724 0.36 0.54 1.483 0.5 0.465 0.42 0.68 0.43 0.52 0.55 0.4 0.4 0.47 0.5 0.4 0.4 0.45 0.47 0.5 0.43 0.47 0.48 0.54 0.45 0.2 0.43 0.48 1.46 0.54 0.23 0.41 1.483 0.301 0.54 1.44 0.59 0.33 0.54 0.4 0.4 1.483 0.5 0.54 0.22 0.5 0.48 0.4 0.55 0.51 0.71 0.65 0.47 0.14 1.248 1.483 1.483 0.54 0.52 0.377 0.4 0.3 0.53 0.59 0.65 0.5 0.901 0.39 1.66 1.345 0.4 0.38 0.485 0.4 1.42 0.41 0.47 0.42 0.4 0.4 0.5 0.55
Dot Production Prediction of Lab Growth Rates:
0.371384 0.330997 0.537257 0.342546 0.287292 0.588274 0.328608 0.549071 0.646782 0.408724 0.375832 0.396344 0.475088 1.02976 0.420671 0.343469 0.356297 0.343878 0.452804 0.370595 0.549048 0.459839 0.294933 0.545264 0.327716 0.899809 0.511313 0.333298 0.292649 0.456564 0.700576 0.901794 0.3137 0.434933 0.296012 0.342811 0.331445 1.05486 0.416044 1.34944 0.422168 0.368444 0.381544 0.428311 1.26155 0.383364 0.426911 0.3232 0.80304 0.320073 0.706737 0.354482 0.264209 0.536543 0.347499 0.369688 1.92338 1.37253 0.366556 0.275132 1.31467 0.368262 0.369633 0.355572 0.349078 0.577649 0.418975 0.310443 1.46132 0.339917 0.403278 0.322516 0.368695 0.709458 0.250084 0.313075 1.51365 0.364468 0.490715 1.52551 0.553959 0.608238 0.360568 0.651643 0.287602 1.31334 0.959674 0.921779 0.610527 0.775096 0.644962 0.403165 0.619789 0.696244 0.366547 0.369486 1.41566 1.48305 0.36608 0.718152 0.906992 0.363072 0.642987 0.368237 1.08555 0.501646 0.488263 0.610491 0.381197 0.421115 0.548668 0.592437 0.37408 0.32837 0.349987 0.31597 0.47164 0.366621 0.550347 0.536481 0.347219 0.425014 0.582639 0.372125 0.390558 0.356559 0.372278 0.375978 1.30589 0.407936 1.29904 0.354403 0.439217 0.650021 0.372497 0.372027 0.697619 0.383674 0.369274 0.426473 0.314737 0.460396 0.551877 0.492525 0.654376 0.360141 0.355196 0.298716 0.578058 0.270808 0.644289 0.54247 0.325061 0.316488 0.39651 0.568566 1.30551 0.355552 0.704168 0.651367 0.499548 0.360219 0.372192 0.418797 0.578502 1.68205 0.369486 0.369964 0.335663 0.52161 0.711989 0.487521 0.47585 0.334536 0.740178 0.292643 0.347824 0.964071 0.404196 0.266872 0.30475 0.481446 0.348629 0.901723 0.344387 0.475425 0.496619 0.35383 0.703259 0.367878 0.900872 0.377215 0.366867 0.400084 0.377188 0.500524 0.302526 0.299545 0.534107 0.474988 0.703312 0.333356 0.494562 0.342686 0.411654 0.353146 0.563928 0.379361 1.3262 0.372421 0.55244 0.553822 0.361153 0.27227 0.361829 0.372907 0.298389 0.767766 0.361514 1.32568 0.549412 0.337703 0.518545 0.376453 0.406028 0.657633 0.522169 0.371735 0.371774 0.484478 0.406035 0.37529 1.5551 0.367885 0.328605 0.552675 0.423969 0.343898 0.48305 0.451932 0.38061 0.474521 0.651737 0.451262 0.369108 0.296149 0.360916 0.325998 0.484813 0.377333 0.554432 0.787717 1.277 0.699066 0.410625 0.527138 0.373168 0.467003 0.357636 0.390488 0.729709 1.23354 0.552397 0.313204 0.32615 0.421826 0.374535 0.360051 0.569232 0.782871 0.271971 0.549874 0.620885 0.326665 0.30288 0.708683 0.472969 0.343388 0.345037 0.591167 1.40426 0.746143 0.373829 0.789319 0.356358 0.340903 1.56068 0.284421 0.424265 0.403132 0.548485 0.379942 0.886003 0.653875 0.30374 0.36237 0.520088 0.398328 0.424575 0.382584 0.414317 0.326393 0.526187 0.376372 0.294501 0.441778 0.369286 0.557722 0.349922 0.356756 0.334361 0.572189 0.425116 0.462308 0.366886 0.562553 0.368822 0.371034 0.404141 0.364041 0.651152 0.49335 0.546678 0.38022 0.338614 1.31043 1.32104 0.543642 0.538046 0.547998 0.384113 0.707909 0.361796 0.54719 0.353049 0.549043 0.643857 0.484157 0.477617 0.478178 0.409577 0.32307 0.473125 0.644194 1.52144 0.365821 0.311943 0.528847 0.473901 0.375956 0.365506 0.373169 0.891547 0.503094 0.475564 0.337599 1.49823 1.05063 0.404515 0.663952 0.525213 0.418001 1.35151 0.359395 1.04966 0.344239 0.475884 0.6986 0.542236 0.542565 0.378733 0.504269 0.939278 1.31117 0.356409 0.355923 0.548137 0.69783 0.485356 0.342687 0.347211 0.553813 0.652462 0.700787 0.348659 2.0075 0.421891 0.334148 0.329519 0.410539 0.262682 0.370058 0.360551 0.493105 0.346418 0.305286 0.337171 0.447053 0.37728 0.65854 1.04899 0.416308 0.621435 0.383276 0.480909 0.923527 0.653298 0.346798 0.496479 0.347556 0.8953 0.646447 0.923375 0.496486 1.34646 0.553632 0.372141 0.474511 0.481246 1.06201 0.567946 1.30426 0.582153 0.700311 0.39691 0.349435 0.791315 0.450072 0.802114 1.5551 0.375409 0.37126 0.786973 0.426928 0.419238 0.532153 0.328455 1.38424 1.52991 1.63168 0.515336 0.386122 0.297949 0.321846 0.342876 0.402301 0.395265 0.421302 0.404654 0.614676 0.377183 0.516762 0.703978 0.47002 0.350799 0.340647 0.392818 0.548455 0.393715 0.380228 0.308665 0.664776 0.378102 0.375468 0.686821 0.259369 0.373769 0.349538 0.6358 0.542207 0.370639 0.348065 0.916073 0.402593 0.531867 0.458682 0.77944 0.33926 0.483925 0.352189 1.29097 0.527247 0.313195 0.325076 0.499311 0.415484 0.539738 0.317616 1.05078 0.346759 1.29023 0.538235 0.493824 0.445481 1.26678 0.345536 1.05069 0.301573 0.33042 0.353107 0.352941 0.366883 0.546839 1.40557 0.708284 0.353873 0.343243 1.33865 0.565933 0.654161 0.360501 0.42309 0.40157 0.358357 0.547365 0.360028 0.369278 0.407045 0.671841 0.370018 0.373112 1.45768 0.393506 0.495396 0.362004 0.333068 0.382703 0.470555 0.389093 0.363348 0.439476 0.379921 1.09208 0.357026 0.42382 0.358652 1.28654 0.65234 0.534813 1.52828 0.54141 0.444936 0.473271 0.363702 0.37084 1.31907 0.364713 0.381365 0.488457 0.713787 0.328927 0.379455 0.553723 0.378766 0.715971 0.65447 0.425378 0.521244 0.925127 1.31483 1.29078 0.495029 0.385071 0.647581 0.34939 0.261093 0.374372 0.371063 0.651307 0.479541 0.904206 0.298031 1.53278 1.30579 0.361206 0.320022 0.650489 0.371234 1.5384 0.365082 0.377452 0.383373 0.377587 0.359216 0.400195 0.509317
Testing:
Lab Growth Rates:
0.41 0.41 0.41
Dot Production Prediction of Lab Growth Rates:
0.649456 0.651616 0.645265
Best performance so far: 
Obj: 4.67679e-310Rho: 6.5069e-314Diff: 4.67679e-310
Test:
 Lab Growth Rates:
0.41 0.41 0.41Dot Product Prediction of Growth Rate:
0.6494557 0.6516164 0.6452655