seed =  5 traits =  1 
Training: part  200 
Training: part  200 
Round  1 
 Goal of obj  0.99 
Temperature range:  0.00390625 3.125e-13 
Cycle 1Round 1
Iter 500000 pBad 0.863603 T 0.00122156 Obj 1.07736 Rho 0 GRdif 43.6659 success 146811 failure 9652 obj_new 1.07736 SA_pAcc 0.924406 Delta 0.0619924 SA_r 0.822977 freedomratio 0.374441
Iter 1000000 pBad 0.79391 T 0.000382006 Obj 1.03771 Rho 0 GRdif 21.6912 success 290078 failure 26609 obj_new 1.03771 SA_pAcc 1 Delta -0.0571428 SA_r 0.975574 freedomratio 0.359289
Iter 1500000 pBad 0.727699 T 0.000119461 Obj 1.02643 Rho 0 GRdif 15.2874 success 430967 failure 49893 obj_new 1.02643 SA_pAcc 1.01617 Delta 0.0133487 SA_r 0.92455 freedomratio 0.364428
Iter 2000000 pBad 0.630578 T 3.73576e-05 Obj 1.02118 Rho 0 GRdif 12.283 success 567346 failure 80950 obj_new 1.02118 SA_pAcc 1 Delta -0.00124822 SA_r 0.297755 freedomratio 0.363524
Iter 2500000 pBad 0.545215 T 1.16824e-05 Obj 1.01615 Rho 0 GRdif 9.38771 success 699610 failure 120448 obj_new 1.01615 SA_pAcc 1.0648 Delta -0.0213011 SA_r 0.879854 freedomratio 0.365793
Iter 3000000 pBad 0.427563 T 3.65332e-06 Obj 1.01289 Rho 0 GRdif 7.50458 success 825910 failure 171288 obj_new 1.01289 SA_pAcc 1.80316 Delta -0.0340281 SA_r 0.298305 freedomratio 0.347568
Iter 3500000 pBad 0.274934 T 1.14246e-06 Obj 1.01013 Rho 0 GRdif 5.90784 success 932830 failure 261428 obj_new 1.01013 SA_pAcc 1 Delta -0.000283656 SA_r 0.764072 freedomratio 0.333144
Iter 4000000 pBad 0.125247 T 3.5727e-07 Obj 1.00934 Rho 0 GRdif 5.50578 success 1017426 failure 398101 obj_new 1.00944 SA_pAcc 1.31124e-122 Delta -0.00155628 SA_r 0.920691 freedomratio 0.305367
Iter 4500000 pBad 0.0671004 T 1.11725e-07 Obj 1.00906 Rho 0 GRdif 5.28753 success 1069769 failure 608343 obj_new 1.00906 SA_pAcc 1 Delta 0.00288129 SA_r 0.205168 freedomratio 0.265158
Iter 5000000 pBad 0.0307031 T 3.49386e-08 Obj 1.00897 Rho 0 GRdif 5.23276 success 1099513 failure 881287 obj_new 1.00897 SA_pAcc 3.00327e-29 Delta 0.00127087 SA_r 0.176561 freedomratio 0.23629
Iter 5500000 pBad 0.0127469 T 1.0926e-08 Obj 1.00894 Rho 0 GRdif 5.21403 success 1116707 failure 1193749 obj_new 1.00894 SA_pAcc 1.63818 Delta 0.000230038 SA_r 0.195198 freedomratio 0.220467
Iter 6000000 pBad 0.0072572 T 3.41676e-09 Obj 1.00893 Rho 0 GRdif 5.20716 success 1126579 failure 1531603 obj_new 1.00893 SA_pAcc 1 Delta -0.000485328 SA_r 0.973628 freedomratio 0.212012
Iter 6500000 pBad 0.00526793 T 1.06849e-09 Obj 1.00892 Rho 0 GRdif 5.21034 success 1132351 failure 1883784 obj_new 1.00893 SA_pAcc 0 Delta -8.72362e-05 SA_r 0.0833789 freedomratio 0.209062
Iter 7000000 pBad 0.0024812 T 3.34137e-10 Obj 1.00892 Rho 0 GRdif 5.20126 success 1135633 failure 2243481 obj_new 1.00892 SA_pAcc 1 Delta -0.000240631 SA_r 0.0921551 freedomratio 0.206411
Iter 7500000 pBad 0.00245956 T 1.04491e-10 Obj 1.00891 Rho 0 GRdif 5.20019 success 1137864 failure 2606957 obj_new 1.00891 SA_pAcc 7.30403e-88 Delta -0.000114967 SA_r 0.849147 freedomratio 0.205398
Iter 8000000 pBad 0.000401921 T 3.26763e-11 Obj 1.00891 Rho 0 GRdif 5.19952 success 1139255 failure 2973261 obj_new 1.00891 SA_pAcc 1 Delta 3.09696e-05 SA_r 0.733134 freedomratio 0.20468
Iter 8500000 pBad 0.000418505 T 1.02185e-11 Obj 1.00891 Rho 0 GRdif 5.20644 success 1140225 failure 3341547 obj_new 1.00892 SA_pAcc 0 Delta 2.56422e-05 SA_r 0.648135 freedomratio 0.202909
Iter 9000000 pBad 0.000469123 T 3.19552e-12 Obj 1.00891 Rho 0 GRdif 5.19934 success 1143121 failure 3705639 obj_new 1.00891 SA_pAcc 0 Delta 2.66287e-05 SA_r 0.966733 freedomratio 0.201375
Iter 9500000 pBad 8.85843e-25 T 9.99301e-13 Obj 1.00891 Rho 0 GRdif 5.20094 success 1147815 failure 4021304 obj_new 1.00891 SA_pAcc 0 Delta -8.24027e-26 SA_r 0.690092 freedomratio 0.18728
Iter 10000000 pBad 5.06289e-35 T 3.12501e-13 Obj 1.00891 Rho 0 GRdif 5.19885 success 1147841 failure 4296331 obj_new 1.00891 SA_pAcc 1 Delta 2.21899e-36 SA_r 0.26639 freedomratio 0.1877
Cannot move further
iter 9.5249e+06 obj1.00891 rho 0 GRdif 5.19885
Training:
Lab Growth Rates:
0.4 0.48 0.45 0.59 0.377 0.27 0.42 1.43 0.38 0.4 0.53 0.38 0.56 0.56 0.33 0.41 0.23 0.45 0.55 1.345 0.4 0.39 0.4 1.483 0.37 0.52 0.52 0.1 0.25 0.68 0.58 0.46 0.09 0.56 1.05 0.46 0.46 0.5 0.26 0.5 0.19 0.43 0.637 0.762 0.54 0.5 0.4 0.52 0.1 0.46 0.4 0.42 0.53 0.56 0.45 0.55 0.4 0.41 1.248 0.53 0.27 0.55 0.52 0.23 0.3 1.67 0.48 0.47 0.3 0.724 0.48 0.56 0.7 0.32 0.47 0.54 0.59 0.46 0.5 0.636 0.3 0.5 0.686 0.43 0.47 0.45 0.53 0.59 0.43 1.248 0.58 0.45 0.42 0.52 0.37 0.22 0.5 0.53 0.901 0.4 0.49 0.37 0.43 0.5 0.648 0.5 0.6 0.45 0.6 0.4 0.1 0.46 0.37 0.4 0.1 0.36 0.36 1.345 0.65 0.56 0.55 0.59 0.54 0.43 0.68 0.33 0.42 0.54 0.42 0.27 0.37 0.45 0.5 1.248 0.3 1.483 0.4 0.1 0.39 1.248 0.36 0.54 1.483 1.44 0.56 0.36 0.7 0.54 0.52 0.65 0.4 0.5 0.55 0.3 0.58 0.4 0.5 1.483 0.25 0.465 0.59 1.05 0.42 0.47 0.37 1.345 0.52 0.56 0.3 0.481 0.4 0.39 0.55 0.46 0.54 0.46 0.31 0.47 0.5 0.686 0.11 1.483 0.4 0.43 0.58 0.5 0.54 0.5 0.41 0.54 0.22 0.58 0.33 0.481 0.39 0.485 0.47 0.5 0.25 0.65 1.49 0.42 0.47 0.5 0.47 0.2 0.56 0.54 0.6 0.22 0.54 0.22 0.42 0.22 0.4 0.45 0.42 0.23 0.19 1.05 0.37 0.49 0.46 0.26 0.2 0.37 0.46 0.09 0.4 0.47 0.648 0.901 0.465 0.54 0.5 0.5 0.4 0.48 0.42 0.4 0.37 0.23 0.3 0.56 0.53 1.46 0.38 0.22 1.345 0.1 0.45 0.54 0.52 0.43 0.4 0.635 1.46 0.47 0.14 0.5 0.4 0.3 1.42 0.4 0.4 0.31 0.4 0.42 0.45 0.46 1.38 0.45 0.485 0.59 0.58 0.5 0.47 1.483 0.5 0.46 0.4 0.42 0.51 0.54 0.54 1.345 0.53 0.724 0.42 0.65 0.43 0.7 0.47 0.58 0.4 0.47 0.25 0.37 0.59 0.485 0.301 0.59 0.36 0.5 0.11 0.4 0.4 0.25 0.45 0.45 0.49 0.762 0.762 0.54 0.34 0.4 0.4 0.33 0.46 1.67 0.4 0.901 1.483 1.345 0.34 0.45 0.65 0.33 0.724 0.31 0.58 0.637 0.901 0.41 0.47 0.54 0.17 0.4 0.53 0.55 0.41 0.37 0.55 1.05 1.05 0.58 0.17 0.68 0.68 0.32 0.33 0.59 0.34 0.377 0.27 0.4 0.47 0.36 0.4 0.59 0.46 0.4 0.65 0.4 0.7 0.377 0.476 0.58 0.59 0.56 0.58 0.52 0.617 0.42 0.37 0.71 0.5 0.58 0.4 0.47 0.36 0.53 0.301 0.58 0.59 0.1 0.481 0.2 0.45 0.42 0.41 0.47 0.4 1.66 0.33 0.58 0.4 0.301 0.4 0.23 1.345 0.48 0.27 0.58 0.53 0.3 0.465 0.43 0.56 0.55 0.54 0.762 0.52 0.476 0.476 1.35 0.4 0.42 0.4 0.46 0.39 0.38 0.5 0.4 0.4 0.14 0.37 0.51 0.4 0.23 0.56 0.59 0.59 0.54 0.5 0.4 1.345 0.48 0.4 0.4 0.68 0.54 0.65 0.25 0.5 0.65 0.48 0.5 0.47 0.3 1.483 0.5 0.43 0.51 0.47 0.4 0.46 0.54 0.32 0.4 1.46 0.53 0.54 0.25 0.59 0.55 0.3 0.11 0.58 0.4 0.41 0.4 0.37 0.4 1.4 0.5 0.4 1.46 0.6 0.56 0.43 0.54 0.65 0.4 0.54 0.901 0.635 0.46 0.56 0.43 0.648 0.52 0.3 0.55 0.58 0.5 0.33 0.39 0.637 0.48 0.53 0.22 0.686 0.636 0.22 0.4 1.483 0.09 0.47 0.36 0.58 1.248 0.58 0.23 0.47 0.42 0.46 0.37 0.5 0.46 0.56 0.25 1.345 0.59 0.45 0.47 0.4 1.03 0.45 0.485 0.4 0.56 0.48 0.45 0.42 1.345 0.901 0.5 0.41 0.54 0.4 0.47 0.54 0.33 0.4 0.54 0.636 0.3 0.71 0.46 0.47 0.52 0.41 0.4 0.4 0.1 0.27 1.66 1.345 1.483 0.3 0.23 1.483 0.55 0.17 0.56 0.37 1.43 0.71 0.23 0.4 0.54 0.38 0.36 0.635 0.58 0.26 0.45 0.19 1.483 0.1 0.5 1.345 0.46 0.58 0.5
Dot Production Prediction of Lab Growth Rates:
0.400093 0.335637 1.49374 0.348048 0.484481 0.506655 0.487705 1.4303 0.327538 0.400528 0.34898 0.360984 0.549777 0.531624 0.42422 0.330166 0.532426 0.361269 0.453108 0.941164 0.402886 0.322742 0.399478 0.879971 0.418228 0.380866 0.370509 0.413159 0.3521 0.550166 0.467883 0.319288 0.407506 0.534867 1.81582 0.456911 0.34704 0.341317 0.346945 0.387113 0.344549 0.400122 0.711225 1.43445 0.548606 0.358181 0.397366 0.344626 0.401562 0.405301 0.397568 0.478089 0.530732 0.536293 1.45949 0.55752 0.399505 0.358057 1.248 0.529305 0.366199 0.458452 0.357376 0.529087 0.386339 1.51621 0.327489 0.349678 0.354312 0.723995 0.340275 0.552126 0.68638 0.324805 0.347055 0.374226 0.336357 0.358654 0.482536 0.712385 0.335511 0.358845 0.724006 0.353673 0.362763 0.358791 0.541691 0.544556 0.38565 1.25078 0.458037 0.362694 0.33219 0.376834 0.378613 0.470291 0.339116 0.527187 0.892681 0.401611 0.368901 0.373302 0.398021 0.541721 0.714583 0.622306 0.346986 1.45483 0.343664 0.40231 0.946791 0.445687 0.415007 0.399783 1.01239 0.375444 0.342359 0.932465 0.674707 0.481491 0.462156 0.337808 0.362372 0.355778 0.546414 0.331001 0.337975 0.337328 0.374204 0.350217 0.392004 0.379833 0.551701 1.2684 0.351093 0.885472 0.400011 1.1485 0.33521 1.24029 0.390392 0.543728 0.869803 1.46977 0.45946 0.370762 0.681287 0.359941 0.380091 0.661267 0.394188 0.478885 0.443501 0.333355 0.32822 0.401332 0.334823 0.88827 1.47965 0.48808 0.324352 1.05019 0.354702 0.351148 0.407749 0.873497 0.377978 0.535 0.306759 0.48184 0.401267 0.331296 0.554899 0.469608 0.456548 0.383197 0.468201 0.345196 0.568234 0.722764 0.367042 0.914768 0.398954 0.365192 0.366873 0.53565 0.363562 0.612431 0.373913 0.474999 0.468766 0.458009 0.361914 0.484454 0.349109 0.485039 0.429137 0.334918 0.335537 0.641316 1.49374 0.346642 0.384001 0.528047 0.401686 0.362065 0.461053 0.539964 0.351631 0.384947 0.462345 0.341132 0.353884 0.464794 0.401097 1.47948 0.328472 0.427237 0.339294 1.05 0.464694 0.356437 0.399874 0.468116 0.375846 0.396914 0.450899 0.36062 0.400179 0.347001 0.717691 0.895867 0.487728 0.366401 0.471216 0.598395 0.398834 0.340287 0.355843 0.402479 0.42734 0.539504 0.320163 0.535419 0.520207 1.80248 0.320313 0.470234 0.925268 0.953279 0.376577 0.451608 0.348823 0.377745 0.333449 0.719311 1.02141 0.386996 0.140125 0.47867 0.399964 0.339494 1.49979 0.401466 0.398562 0.460282 0.402109 0.326405 0.342003 0.428803 1.28703 0.344609 0.481976 0.333618 0.358647 0.586963 0.379526 0.876808 0.595392 0.32963 0.396281 0.33423 0.36227 0.541442 0.541439 0.922716 0.395449 0.723208 0.338216 0.645658 0.363537 0.683972 0.365486 0.323929 0.400003 0.400129 0.460047 0.31121 0.539516 0.480061 0.480916 0.339785 0.359753 0.338001 0.336469 0.39664 0.400997 0.355116 0.354927 1.47769 0.386846 1.41323 1.45121 0.375624 0.333938 0.37597 0.399923 0.404621 0.343573 1.33958 0.398787 0.902878 0.904524 0.914462 0.326339 1.47394 0.628192 0.432752 0.722516 0.46241 0.347095 0.717801 0.898145 0.360469 0.363362 0.366479 0.329679 0.402062 0.326391 0.563758 0.486321 0.42563 0.548623 0.997997 1.05114 0.460037 0.330931 0.548159 0.542015 0.316288 0.333957 0.547987 0.327916 0.483258 0.320673 0.39617 0.4074 0.349784 0.401173 0.35407 0.459991 0.401271 0.632719 0.401706 0.684138 0.483944 0.489262 0.37 0.54041 0.531688 0.458685 0.346463 0.522227 0.472235 0.412757 0.720624 0.546536 0.47534 0.40165 0.357275 0.325528 0.528287 0.483896 0.344763 0.549243 0.69012 0.481854 0.366226 0.391165 0.351473 0.339191 0.353124 0.400005 1.66 0.347894 0.47426 0.396949 0.481284 0.399558 0.427797 0.913147 0.322986 0.362031 0.46115 0.373883 0.302135 0.485863 0.371768 0.467818 0.45319 0.334271 1.42578 0.363756 0.491394 0.486456 1.39518 0.399701 0.376574 0.398152 0.396493 0.336338 0.36411 0.56185 0.401403 0.400704 0.139755 0.41779 0.386763 0.397713 0.524377 0.539411 0.540018 0.543983 0.465393 0.557265 0.399339 0.87798 0.344687 0.401273 0.396411 0.545784 0.456666 0.670969 0.357507 0.584145 0.652494 0.32988 0.472551 0.350142 0.298892 0.883898 0.528721 0.385809 0.387429 0.355239 0.400663 0.358184 0.365101 0.338242 0.400925 1.02551 0.377144 0.540377 0.487117 0.334709 0.545665 0.300189 0.35537 0.475333 0.40205 0.487441 0.400679 0.410447 0.398386 1.39992 0.372082 0.402319 0.989733 0.348181 0.476806 0.383282 0.536536 0.649986 0.400063 0.319542 0.901 0.718004 0.4631 0.463738 0.354476 0.711745 0.364605 0.337566 0.547686 0.469866 0.355152 0.335923 0.330929 0.714718 0.335894 0.346102 0.467106 0.725669 0.727251 0.36326 0.401455 0.87002 0.343204 0.346157 0.332365 0.468922 1.24754 0.349457 0.428594 0.362177 0.344496 0.457313 0.367325 0.346502 0.370336 0.5459 0.657795 0.919655 0.33235 0.33595 0.428599 0.401143 1.3128 0.336603 0.488872 0.399399 0.537727 0.346017 1.5095 0.341737 0.873951 1.25881 0.466281 0.479401 0.359711 0.402282 0.343613 0.340175 0.355576 0.39768 0.362619 0.723989 0.369657 0.729916 0.461796 0.370923 0.359263 0.370167 0.338688 0.403614 1.41771 0.37518 1.66 0.909237 0.880478 0.337864 0.5394 0.907279 0.458578 0.380784 0.534777 0.42672 1.42988 0.718704 0.541461 0.4003 0.383636 0.321486 0.336861 0.712668 0.355909 0.399206 0.355164 0.334614 0.90487 0.359198 0.336128 0.922155 0.397362 0.483477 0.60774
Testing:
Lab Growth Rates:
0.53 0.53 0.53
Dot Production Prediction of Lab Growth Rates:
0.449971 0.327435 0.43593
Best performance so far: 
Obj: 4.65827e-310Rho: 2.26291e-314Diff: 4.65827e-310
Anneal again with the best G and E so far as input
Cycle 2Round 1
Iter 500000 pBad 0.84765 T 0.00122156 Obj 1.05366 Rho 0 GRdif 30.6319 success 109325 failure 9186 obj_new 1.05366 SA_pAcc 0.918359 Delta 0.0445968 SA_r 0.869014 freedomratio 0.258948
Iter 1000000 pBad 0.783879 T 0.000382006 Obj 1.03331 Rho 0 GRdif 19.1991 success 216342 failure 23464 obj_new 1.03331 SA_pAcc 1.11924 Delta -0.0280606 SA_r 0.54269 freedomratio 0.259177
Iter 1500000 pBad 0.685947 T 0.000119461 Obj 1.02864 Rho 0 GRdif 16.5448 success 321737 failure 41831 obj_new 1.02864 SA_pAcc 1.95379 Delta -0.0653966 SA_r 0.728969 freedomratio 0.261724
Iter 2000000 pBad 0.625623 T 3.73576e-05 Obj 1.02248 Rho 0 GRdif 13.0291 success 424048 failure 67333 obj_new 1.02248 SA_pAcc 1 Delta 0.019315 SA_r 0.817936 freedomratio 0.254672
Iter 2500000 pBad 0.523816 T 1.16824e-05 Obj 1.01932 Rho 0 GRdif 11.2154 success 522348 failure 103000 obj_new 1.01932 SA_pAcc 1 Delta -0.0075932 SA_r 0.784968 freedomratio 0.251179
Iter 3000000 pBad 0.430582 T 3.65332e-06 Obj 1.01556 Rho 0 GRdif 9.04869 success 620603 failure 138892 obj_new 1.01556 SA_pAcc 1 Delta 0.0379127 SA_r 0.379637 freedomratio 0.253022
Iter 3500000 pBad 0.267112 T 1.14246e-06 Obj 1.01111 Rho 0 GRdif 6.47488 success 706902 failure 203337 obj_new 1.01111 SA_pAcc 1 Delta 0.0127306 SA_r 0.509351 freedomratio 0.245394
Iter 4000000 pBad 0.164518 T 3.5727e-07 Obj 1.01022 Rho 0 GRdif 6.04275 success 772165 failure 311494 obj_new 1.01037 SA_pAcc 4.37256e-175 Delta -0.00164765 SA_r 0.970108 freedomratio 0.231073
Iter 4500000 pBad 0.0867944 T 1.11725e-07 Obj 1.0096 Rho 0 GRdif 5.59927 success 822014 failure 464766 obj_new 1.0096 SA_pAcc 2.3032e-06 Delta 0.00796147 SA_r 0.504031 freedomratio 0.206629
Iter 5000000 pBad 0.0477084 T 3.49386e-08 Obj 1.00931 Rho 0 GRdif 5.4283 success 854549 failure 673917 obj_new 1.00931 SA_pAcc 0.248372 Delta 0.000564698 SA_r 0.628995 freedomratio 0.185914
Iter 5500000 pBad 0.0268289 T 1.0926e-08 Obj 1.00921 Rho 0 GRdif 5.37051 success 874017 failure 932835 obj_new 1.00921 SA_pAcc 1 Delta -0.000708431 SA_r 0.397368 freedomratio 0.171596
Iter 6000000 pBad 0.0133812 T 3.41676e-09 Obj 1.00916 Rho 0 GRdif 5.34127 success 886642 failure 1225389 obj_new 1.00916 SA_pAcc 1 Delta -0.000937628 SA_r 0.609657 freedomratio 0.162327
Iter 6500000 pBad 0.00544 T 1.06849e-09 Obj 1.00914 Rho 0 GRdif 5.33336 success 893786 failure 1542597 obj_new 1.00914 SA_pAcc 6.33306e-34 Delta -0.000197538 SA_r 0.725929 freedomratio 0.157315
Iter 7000000 pBad 0.0044566 T 3.34137e-10 Obj 1.00913 Rho 0 GRdif 5.32755 success 899673 failure 1870655 obj_new 1.00913 SA_pAcc 1 Delta 6.31244e-05 SA_r 0.23155 freedomratio 0.153524
Iter 7500000 pBad 0.00279059 T 1.04491e-10 Obj 1.00913 Rho 0 GRdif 5.3247 success 904348 failure 2215233 obj_new 1.00913 SA_pAcc 0 Delta 0.000207295 SA_r 0.685695 freedomratio 0.148055
Iter 8000000 pBad 0.00232182 T 3.26763e-11 Obj 1.00912 Rho 0 GRdif 5.32367 success 908738 failure 2570095 obj_new 1.00913 SA_pAcc 0 Delta -7.16285e-05 SA_r 0.110635 freedomratio 0.144942
Iter 8500000 pBad 0.000481215 T 1.02185e-11 Obj 1.00912 Rho 0 GRdif 5.32101 success 913696 failure 2934830 obj_new 1.00912 SA_pAcc 1.02078e-226 Delta -4.09553e-05 SA_r 0.811195 freedomratio 0.140696
Iter 9000000 pBad 0.000502139 T 3.19552e-12 Obj 1.00912 Rho 0 GRdif 5.32014 success 918183 failure 3309068 obj_new 1.00912 SA_pAcc 1 Delta 4.65857e-05 SA_r 0.0267616 freedomratio 0.139159
Iter 9500000 pBad 0.000371949 T 9.99301e-13 Obj 1.00912 Rho 0 GRdif 5.32085 success 921960 failure 3687615 obj_new 1.00912 SA_pAcc 0 Delta -1.72453e-07 SA_r 0.73675 freedomratio 0.138142
Good enough
iter 1e+07 obj1.00912 rho 0 GRdif 5.31909
Training:
Lab Growth Rates:
0.4 0.48 0.45 0.59 0.377 0.27 0.42 1.43 0.38 0.4 0.53 0.38 0.56 0.56 0.33 0.41 0.23 0.45 0.55 1.345 0.4 0.39 0.4 1.483 0.37 0.52 0.52 0.1 0.25 0.68 0.58 0.46 0.09 0.56 1.05 0.46 0.46 0.5 0.26 0.5 0.19 0.43 0.637 0.762 0.54 0.5 0.4 0.52 0.1 0.46 0.4 0.42 0.53 0.56 0.45 0.55 0.4 0.41 1.248 0.53 0.27 0.55 0.52 0.23 0.3 1.67 0.48 0.47 0.3 0.724 0.48 0.56 0.7 0.32 0.47 0.54 0.59 0.46 0.5 0.636 0.3 0.5 0.686 0.43 0.47 0.45 0.53 0.59 0.43 1.248 0.58 0.45 0.42 0.52 0.37 0.22 0.5 0.53 0.901 0.4 0.49 0.37 0.43 0.5 0.648 0.5 0.6 0.45 0.6 0.4 0.1 0.46 0.37 0.4 0.1 0.36 0.36 1.345 0.65 0.56 0.55 0.59 0.54 0.43 0.68 0.33 0.42 0.54 0.42 0.27 0.37 0.45 0.5 1.248 0.3 1.483 0.4 0.1 0.39 1.248 0.36 0.54 1.483 1.44 0.56 0.36 0.7 0.54 0.52 0.65 0.4 0.5 0.55 0.3 0.58 0.4 0.5 1.483 0.25 0.465 0.59 1.05 0.42 0.47 0.37 1.345 0.52 0.56 0.3 0.481 0.4 0.39 0.55 0.46 0.54 0.46 0.31 0.47 0.5 0.686 0.11 1.483 0.4 0.43 0.58 0.5 0.54 0.5 0.41 0.54 0.22 0.58 0.33 0.481 0.39 0.485 0.47 0.5 0.25 0.65 1.49 0.42 0.47 0.5 0.47 0.2 0.56 0.54 0.6 0.22 0.54 0.22 0.42 0.22 0.4 0.45 0.42 0.23 0.19 1.05 0.37 0.49 0.46 0.26 0.2 0.37 0.46 0.09 0.4 0.47 0.648 0.901 0.465 0.54 0.5 0.5 0.4 0.48 0.42 0.4 0.37 0.23 0.3 0.56 0.53 1.46 0.38 0.22 1.345 0.1 0.45 0.54 0.52 0.43 0.4 0.635 1.46 0.47 0.14 0.5 0.4 0.3 1.42 0.4 0.4 0.31 0.4 0.42 0.45 0.46 1.38 0.45 0.485 0.59 0.58 0.5 0.47 1.483 0.5 0.46 0.4 0.42 0.51 0.54 0.54 1.345 0.53 0.724 0.42 0.65 0.43 0.7 0.47 0.58 0.4 0.47 0.25 0.37 0.59 0.485 0.301 0.59 0.36 0.5 0.11 0.4 0.4 0.25 0.45 0.45 0.49 0.762 0.762 0.54 0.34 0.4 0.4 0.33 0.46 1.67 0.4 0.901 1.483 1.345 0.34 0.45 0.65 0.33 0.724 0.31 0.58 0.637 0.901 0.41 0.47 0.54 0.17 0.4 0.53 0.55 0.41 0.37 0.55 1.05 1.05 0.58 0.17 0.68 0.68 0.32 0.33 0.59 0.34 0.377 0.27 0.4 0.47 0.36 0.4 0.59 0.46 0.4 0.65 0.4 0.7 0.377 0.476 0.58 0.59 0.56 0.58 0.52 0.617 0.42 0.37 0.71 0.5 0.58 0.4 0.47 0.36 0.53 0.301 0.58 0.59 0.1 0.481 0.2 0.45 0.42 0.41 0.47 0.4 1.66 0.33 0.58 0.4 0.301 0.4 0.23 1.345 0.48 0.27 0.58 0.53 0.3 0.465 0.43 0.56 0.55 0.54 0.762 0.52 0.476 0.476 1.35 0.4 0.42 0.4 0.46 0.39 0.38 0.5 0.4 0.4 0.14 0.37 0.51 0.4 0.23 0.56 0.59 0.59 0.54 0.5 0.4 1.345 0.48 0.4 0.4 0.68 0.54 0.65 0.25 0.5 0.65 0.48 0.5 0.47 0.3 1.483 0.5 0.43 0.51 0.47 0.4 0.46 0.54 0.32 0.4 1.46 0.53 0.54 0.25 0.59 0.55 0.3 0.11 0.58 0.4 0.41 0.4 0.37 0.4 1.4 0.5 0.4 1.46 0.6 0.56 0.43 0.54 0.65 0.4 0.54 0.901 0.635 0.46 0.56 0.43 0.648 0.52 0.3 0.55 0.58 0.5 0.33 0.39 0.637 0.48 0.53 0.22 0.686 0.636 0.22 0.4 1.483 0.09 0.47 0.36 0.58 1.248 0.58 0.23 0.47 0.42 0.46 0.37 0.5 0.46 0.56 0.25 1.345 0.59 0.45 0.47 0.4 1.03 0.45 0.485 0.4 0.56 0.48 0.45 0.42 1.345 0.901 0.5 0.41 0.54 0.4 0.47 0.54 0.33 0.4 0.54 0.636 0.3 0.71 0.46 0.47 0.52 0.41 0.4 0.4 0.1 0.27 1.66 1.345 1.483 0.3 0.23 1.483 0.55 0.17 0.56 0.37 1.43 0.71 0.23 0.4 0.54 0.38 0.36 0.635 0.58 0.26 0.45 0.19 1.483 0.1 0.5 1.345 0.46 0.58 0.5
Dot Production Prediction of Lab Growth Rates:
0.398736 0.338427 1.51528 0.370629 0.629635 0.522424 0.538614 1.1551 0.318171 0.399842 0.325491 0.381541 0.553891 0.550033 0.48135 0.309176 0.555407 0.382998 0.462303 1.37561 0.403978 0.312055 0.399113 1.35214 0.418577 0.380435 0.391302 0.407291 0.369993 0.414573 0.465479 0.292137 0.445127 0.540172 1.39403 0.452066 0.334224 0.355653 0.382141 0.436186 0.315261 0.404904 0.685473 1.45373 0.551902 0.377734 0.397867 0.347059 0.393064 0.426796 0.394021 0.525198 0.533893 0.527741 1.42867 0.55537 0.400063 0.355913 1.24446 0.543767 0.373762 0.477872 0.364497 0.544314 0.378425 1.52466 0.297878 0.365266 0.64805 0.690969 0.273157 0.558832 0.727444 0.32393 0.338327 0.36073 0.334798 0.339553 0.48146 0.699562 0.560017 0.361531 0.686446 0.351578 0.373364 0.367943 0.547523 0.550995 0.418939 1.24601 0.461906 0.368323 0.322423 0.3786 0.398962 0.481635 0.329379 0.532487 0.893436 0.400596 0.37237 0.406885 0.426835 0.562943 0.68179 0.876786 0.627768 1.49807 0.594397 0.401749 1.7079 0.487659 0.418213 0.399376 1.88547 0.416382 0.358849 1.3419 0.658158 0.476003 0.470636 0.308341 0.386692 0.331627 0.413197 0.324054 0.351718 0.343866 0.346818 0.330138 0.428558 0.40408 0.763664 1.26034 0.612863 1.30697 0.398978 2.00736 0.315886 1.23325 0.420946 0.552735 1.34772 1.47868 0.464725 0.372686 0.731724 0.374405 0.390904 0.630486 0.387461 0.482683 0.466557 0.573402 0.306071 0.402831 0.340136 1.36376 1.49851 0.624978 0.328975 1.07074 0.376062 0.346309 0.407468 1.34587 0.410057 0.533003 0.491263 0.627691 0.400004 0.317684 0.549864 0.469907 0.446191 0.399722 0.594038 0.344485 0.732661 0.6834 0.383032 1.35274 0.399556 0.388251 0.377254 0.550426 0.395713 0.84341 0.37976 0.485833 0.473539 0.465312 0.368604 0.62646 0.342392 0.627443 0.436193 0.327513 0.312663 0.649963 1.51528 0.347896 0.35879 0.544212 0.407177 0.375205 0.471192 0.539185 0.628041 0.433856 0.45255 0.344274 0.335308 0.47983 0.39802 1.45867 0.311258 0.426685 0.303651 1.05 0.484461 0.379798 0.411788 0.505928 0.336792 0.42308 0.497531 0.383537 0.4 0.353706 0.68204 0.898274 0.625269 0.365454 0.469346 0.797226 0.398098 0.339947 0.336488 0.403134 0.42421 0.544743 0.529423 0.53923 0.521524 1.43466 0.310771 0.474669 1.38391 1.68623 0.40295 0.450966 0.363105 0.375304 0.31697 0.687409 1.07497 0.343217 0.448756 0.484336 0.399536 0.319087 1.55412 0.40218 0.398758 0.55446 0.404808 0.305328 0.351838 0.501573 1.30131 0.359414 0.629561 0.315211 0.385027 0.798513 0.368292 1.35064 0.835873 0.320651 0.395788 0.296456 0.378135 0.544425 0.537052 1.34044 0.405084 0.687257 0.316216 0.651426 0.37175 0.731081 0.36889 0.288999 0.400502 0.41026 0.446038 0.29207 0.550325 0.633698 0.636113 0.327666 0.391571 0.354217 0.327757 0.394923 0.401374 0.358047 0.330427 1.49996 0.391496 1.44084 1.46192 0.360584 0.339911 0.378604 0.402318 0.449302 0.334619 1.36491 0.399253 0.901002 1.34305 1.31289 0.296244 1.48413 0.642589 0.474053 0.689575 0.569343 0.356081 0.689695 0.900993 0.347429 0.353844 0.349161 0.306029 0.40197 0.314056 0.557913 0.637528 0.422685 0.54199 1.04865 1.07155 0.463305 0.283054 0.415439 0.41619 0.309455 0.317199 0.54456 0.332149 0.621977 0.283653 0.39155 0.435487 0.346756 0.402061 0.394486 0.459427 0.40333 0.612397 0.402258 0.726471 0.624802 0.626061 0.369063 0.549626 0.553442 0.446471 0.338556 0.832183 0.520842 0.41407 0.686538 0.545757 0.479096 0.4 0.403852 0.326871 0.532166 0.641216 0.369582 0.552998 1.01307 0.623419 0.349337 0.414156 0.304022 0.346618 0.347784 0.399264 1.52703 0.311423 0.474045 0.38957 0.633506 0.398702 0.427272 1.30613 0.308502 0.36569 0.4648 0.421173 0.301159 0.621766 0.377651 0.471385 0.47628 0.291445 1.45088 0.340012 0.631119 0.619135 1.13219 0.398991 0.392981 0.399991 0.409844 0.337741 0.380036 0.790908 0.399357 0.401251 0.450161 0.41994 0.407916 0.397868 0.549497 0.534172 0.546925 0.550422 0.480968 0.704878 0.397878 1.34131 0.354083 0.403174 0.395766 0.41511 0.469632 0.651522 0.372441 0.7977 0.649882 0.282149 0.471129 0.344286 0.295829 1.29785 0.54397 0.384577 0.401367 0.364235 0.40049 0.34114 0.384675 0.352163 0.400765 1.05427 0.384806 0.531238 0.474582 0.322711 0.546122 0.3 0.35404 0.479045 0.40309 0.638964 0.399124 0.411904 0.396911 1.4 0.400907 0.403672 1.06669 0.607808 0.474237 0.38616 0.538915 0.661748 0.400774 0.284632 0.903037 0.686652 0.459984 0.468338 0.364901 0.675334 0.366736 0.597603 0.545282 0.466659 0.368307 0.319031 0.302221 0.687486 0.321517 0.37111 0.480752 0.686133 0.693506 0.390099 0.40084 1.33246 0.346563 0.377887 0.3293 0.467811 1.24801 0.334058 0.425913 0.401973 0.362552 0.463655 0.391056 0.332873 0.371457 0.547494 1.00068 1.33642 0.298228 0.348567 0.443573 0.401729 1.29203 0.311306 0.631682 0.399558 0.535372 0.355273 1.53556 0.318221 1.34331 1.27507 0.467804 0.636665 0.352391 0.403256 0.299288 0.324382 0.356452 0.395496 0.336373 0.689057 0.358422 0.692665 0.46661 0.399479 0.356603 0.390645 0.316984 0.404092 1.48033 0.362524 1.49034 1.3725 1.30332 0.606921 0.542358 1.31826 0.473079 0.393365 0.54958 0.422588 1.16244 0.682071 0.5485 0.401813 0.372853 0.282265 0.345304 0.681711 0.39943 0.416904 0.325001 0.292289 1.3612 0.294277 0.318421 1.3312 0.399709 0.479903 0.848693
Testing:
Lab Growth Rates:
0.53 0.53 0.53
Dot Production Prediction of Lab Growth Rates:
0.477664 0.283697 0.415345
Best performance so far: 
Obj: 4.65827e-310Rho: 6.5069e-314Diff: 4.65827e-310
Test:
 Lab Growth Rates:
0.53 0.53 0.53Dot Product Prediction of Growth Rate:
0.4776637 0.2836967 0.4153449