seed =  5 traits =  1 
Training: part  110 
Training: part  110 
Round  1 
 Goal of obj  0.99 
Temperature range:  0.00390625 7.8125e-15 
Cycle 1Round 1
Iter 500000 pBad 0.854844 T 0.00101581 Obj 1.08701 Rho 0 GRdif 49.0549 success 146650 failure 11134 obj_new 1.08701 SA_pAcc 1 Delta 0.0531635 SA_r 0.888365 freedomratio 0.377165
Iter 1000000 pBad 0.747526 T 0.000264158 Obj 1.03456 Rho 0 GRdif 19.9779 success 288162 failure 32138 obj_new 1.03456 SA_pAcc 0.940604 Delta 0.0264006 SA_r 0.302869 freedomratio 0.37051
Iter 1500000 pBad 0.672161 T 6.86935e-05 Obj 1.02282 Rho 0 GRdif 13.2909 success 426778 failure 60689 obj_new 1.02286 SA_pAcc 0.58249 Delta 0.0458468 SA_r 0.831973 freedomratio 0.371447
Iter 2000000 pBad 0.511009 T 1.78635e-05 Obj 1.01715 Rho 0 GRdif 9.9988 success 562831 failure 95013 obj_new 1.01715 SA_pAcc 1 Delta -0.0411281 SA_r 0.786499 freedomratio 0.358755
Iter 2500000 pBad 0.486153 T 4.64535e-06 Obj 1.01357 Rho 0 GRdif 7.92495 success 691995 failure 140045 obj_new 1.01357 SA_pAcc 1 Delta 0.0447802 SA_r 0.957564 freedomratio 0.365217
Iter 3000000 pBad 0.290732 T 1.20801e-06 Obj 1.01021 Rho 0 GRdif 5.9705 success 806039 failure 215887 obj_new 1.01021 SA_pAcc 1.08123 Delta -0.00428259 SA_r 0.864013 freedomratio 0.337543
Iter 3500000 pBad 0.17515 T 3.14139e-07 Obj 1.009 Rho 0 GRdif 5.26643 success 890951 failure 351732 obj_new 1.009 SA_pAcc 0.927139 Delta -0.0138334 SA_r 0.376476 freedomratio 0.315282
Iter 4000000 pBad 0.0585725 T 8.16908e-08 Obj 1.00849 Rho 0 GRdif 4.97002 success 943505 failure 562229 obj_new 1.00849 SA_pAcc 0.356903 Delta 0.00272683 SA_r 0.715598 freedomratio 0.268004
Iter 4500000 pBad 0.038893 T 2.12434e-08 Obj 1.0084 Rho 0 GRdif 4.92104 success 972363 failure 837269 obj_new 1.0084 SA_pAcc 9.8735e-06 Delta 0.000224354 SA_r 0.539896 freedomratio 0.234263
Iter 5000000 pBad 0.0110349 T 5.52429e-09 Obj 1.00837 Rho 0 GRdif 4.90137 success 987849 failure 1157284 obj_new 1.00837 SA_pAcc 1 Delta -0.000996031 SA_r 0.842241 freedomratio 0.216894
Iter 5500000 pBad 0.00656518 T 1.43657e-09 Obj 1.00836 Rho 0 GRdif 4.89495 success 996633 failure 1503151 obj_new 1.00836 SA_pAcc 1 Delta 0.000480527 SA_r 0.851586 freedomratio 0.207188
Iter 6000000 pBad 0.00379516 T 3.73576e-10 Obj 1.00835 Rho 0 GRdif 4.89474 success 1001630 failure 1864639 obj_new 1.00836 SA_pAcc 0 Delta -0.000131498 SA_r 0.323305 freedomratio 0.202131
Iter 6500000 pBad 0.00208338 T 9.71473e-11 Obj 1.00835 Rho 0 GRdif 4.88867 success 1005192 failure 2235344 obj_new 1.00835 SA_pAcc 0 Delta -9.12838e-05 SA_r 0.372477 freedomratio 0.196985
Iter 7000000 pBad 0.00079163 T 2.52628e-11 Obj 1.00835 Rho 0 GRdif 4.88857 success 1007704 failure 2613738 obj_new 1.00835 SA_pAcc 0 Delta 2.85113e-05 SA_r 0.17327 freedomratio 0.192977
Iter 7500000 pBad 0.000881897 T 6.56952e-12 Obj 1.00835 Rho 0 GRdif 4.89176 success 1009719 failure 2997341 obj_new 1.00835 SA_pAcc 0 Delta 5.71701e-05 SA_r 0.231851 freedomratio 0.1881
Iter 8000000 pBad 0.000119721 T 1.70838e-12 Obj 1.00834 Rho 0 GRdif 4.88831 success 1012539 failure 3387899 obj_new 1.00835 SA_pAcc 0 Delta -1.00226e-05 SA_r 0.788829 freedomratio 0.183578
Iter 8500000 pBad 0.000151083 T 4.44259e-13 Obj 1.00834 Rho 0 GRdif 4.88832 success 1016506 failure 3775745 obj_new 1.00835 SA_pAcc 0 Delta 5.40432e-06 SA_r 0.718944 freedomratio 0.180092
Iter 9000000 pBad 3.26779e-31 T 1.15528e-13 Obj 1.00834 Rho 0 GRdif 4.8862 success 1020591 failure 4132686 obj_new 1.00834 SA_pAcc 1 Delta -2.19378e-32 SA_r 0.149973 freedomratio 0.168675
Iter 9500000 pBad 6.45712e-119 T 3.00428e-14 Obj 1.00834 Rho 0 GRdif 4.90494 success 1020591 failure 4455492 obj_new 1.00838 SA_pAcc 0 Delta -4.24256e-120 SA_r 0.635825 freedomratio 0.164614
Iter 10000000 pBad 2.22993e-179 T 7.81252e-15 Obj 1.00834 Rho 0 GRdif 4.8862 success 1020591 failure 4789848 obj_new 1.00834 SA_pAcc 1 Delta -3.80679e-182 SA_r 0.268291 freedomratio 0.0917031
Cannot move further
iter 8.97789e+06 obj1.00834 rho 0 GRdif 4.8862
Training:
Lab Growth Rates:
0.42 1.345 0.3 0.4 0.48 0.45 0.59 0.377 0.27 0.54 1.43 0.47 0.4 0.42 0.47 0.56 0.56 0.33 0.41 0.23 0.45 0.55 1.345 0.4 0.47 0.4 1.483 0.37 0.32 0.49 0.46 0.45 0.68 0.58 0.47 0.09 0.56 1.05 0.46 0.46 0.5 0.26 0.5 0.19 0.47 0.637 0.762 0.54 0.37 0.4 0.52 0.46 0.26 0.4 0.42 0.53 0.56 0.45 0.55 0.4 0.45 1.248 0.53 0.43 0.55 0.52 0.23 0.46 1.67 0.48 0.47 0.3 0.724 0.53 0.56 0.7 0.34 0.48 0.59 0.48 0.46 0.5 0.636 0.3 0.33 0.686 0.43 0.47 0.4 0.53 0.59 0.43 1.248 0.58 0.4 0.42 0.52 0.37 0.22 0.5 0.53 0.901 0.4 0.49 0.43 0.36 0.5 0.648 0.5 0.5 0.45 0.6 0.4 0.1 0.53 0.37 0.4 0.1 0.36 0.47 1.345 0.65 0.56 0.55 0.37 0.54 0.43 0.68 0.33 0.25 0.48 0.38 0.47 0.37 0.45 0.5 1.248 0.3 1.483 0.4 0.1 0.39 1.248 0.36 0.54 1.483 1.44 0.56 0.43 0.7 0.52 0.1 0.65 0.4 0.5 0.55 0.3 0.58 0.4 0.5 1.483 0.25 0.465 0.25 1.05 0.58 0.45 0.37 0.42 0.52 0.56 0.3 0.481 0.4 0.39 0.55 0.46 0.54 0.27 0.31 0.19 0.5 0.686 0.36 1.483 0.4 0.43 0.58 0.5 0.54 0.5 0.41 0.54 0.22 0.58 0.43 0.481 0.39 0.485 0.47 0.5 0.45 0.65 1.49 0.42 0.51 0.5 0.47 0.42 0.56 0.54 0.6 0.22 0.54 0.22 0.42 0.22 0.4 0.45 0.43 0.23 0.47 1.05 0.1 0.49 0.58 0.54 0.32 0.47 0.54 0.59 0.4 0.47 0.648 0.901 0.465 0.37 0.5 0.5 0.4 0.48 0.42 0.4 0.37 0.23 0.3 0.56 0.53 1.46 0.53 0.22 1.345 0.1 0.31 0.54 0.52 0.53 0.27 0.635 1.46 0.47 0.14 0.5 0.4 0.46 1.42 0.4 0.4 0.31 0.4 0.42 0.45 0.1 1.38 0.41 0.485 0.37 0.58 0.5 0.52 1.483 0.5 0.33 0.54 0.4 0.36 0.54 0.54 1.345 0.42 0.724 0.42 0.65 0.53 0.7 0.52 0.3 0.4 0.5 0.5 0.2 0.59 0.485 0.301 0.59 0.36 0.47 0.11 0.4 0.4 0.25 0.52 0.45 0.41 0.762 0.762 0.59 0.42 0.54 0.4 0.43 0.46 1.67 0.4 0.901 1.483 1.345 0.4 0.45 0.65 0.4 0.724 0.36 0.26 0.637 0.901 0.54 0.47 0.54 0.4 0.4 0.53 0.55 0.41 0.37 0.55 1.05 1.05 0.58 0.17 0.68 0.68 0.5 0.4 0.59 0.34 0.377 0.4 0.4 0.36 0.54 0.4 0.4 0.46 0.45 0.65 0.4 0.617 0.377 0.476 0.4 0.59 0.56 0.58 0.25 0.23 1.03 0.37 0.71 0.5 0.58 0.37 0.46 0.4 0.53 0.301 0.58 0.59 0.25 0.481 0.4 0.5 0.41 0.47 0.27 1.66 0.42 0.58 0.42 0.301 0.5 0.5 1.345 0.53 0.48 0.58 0.7 0.3 0.465 0.22 0.56 0.55 0.54 0.762 0.39 0.476 0.476 0.65 0.5 0.42 0.4 0.58 0.39 0.27 0.2 0.4 0.17 0.14 0.37 0.51 0.53 0.23 0.56 0.59 0.59 0.54 0.59 0.4 1.345 0.59 0.1 0.4 0.68 0.54 0.3 0.45 0.33 0.47 0.43 0.5 0.4 1.46 1.483 0.5 0.19 0.51 0.09 0.47 0.33 0.48 0.25 0.4 0.23 0.38 0.54 0.54 0.59 0.55 0.3 0.11 0.58 0.3 0.41 0.4 0.33 0.4 0.5 0.47 0.65 0.33 0.4 0.56 0.43 0.54 0.4 0.4 1.4 0.901 0.635 0.46 0.56 0.33 0.648 0.46 0.41 0.55 0.58 0.47 0.46 0.39 0.637 0.4 0.47 0.22 0.686 0.636 0.6 0.4 1.483 0.09 0.52 0.36 0.58 1.248 0.42 0.32 0.59 0.25 0.46 0.34 0.5 0.46 0.56 0.27 1.345 0.37 0.45 0.46 0.4 0.45 1.43 0.485 0.65 0.56 0.48 0.45 0.4 1.345 0.901 0.5 0.41 0.54 0.45 0.52 0.54 0.37 0.46 0.46 0.636 0.3 0.71 0.46 0.38 0.47 1.66 0.54 0.4 0.1 0.42 0.53 1.345 1.483 0.4 0.23 1.483 0.55 0.17 0.56 1.46 1.35 0.71 0.23 0.4 0.52 0.2 0.38 0.635 0.58 0.58 0.38 0.11 1.483 0.4 0.46 1.345 0.3 0.58 0.5
Dot Production Prediction of Lab Growth Rates:
0.348566 0.954747 0.40456 0.400017 0.319993 1.58737 0.380048 0.550418 0.389113 0.336644 1.34032 0.357361 0.403392 0.339641 0.391792 0.5428 0.537993 0.411544 0.366808 0.543435 0.413885 0.446458 1.0192 0.397886 0.347629 0.401006 0.955248 0.417833 0.321932 0.357312 0.408208 0.342758 0.430325 0.465208 0.385207 0.377783 0.547542 1.56509 0.450894 0.392605 0.409289 0.456462 0.384217 0.326077 0.381502 0.70831 0.849639 0.549366 0.416402 0.399879 0.355349 0.430577 0.533188 0.393734 0.546254 0.537019 0.526879 1.52824 0.550613 0.400927 0.384354 0.888823 0.532486 0.362417 0.437309 0.357105 0.539228 0.495217 1.57807 0.307797 0.391056 0.395849 0.723394 0.518859 0.544896 0.699995 0.347637 0.340108 0.319062 0.316236 0.415652 0.469204 0.723964 0.360179 0.328622 0.715622 0.356357 0.353091 0.328232 0.545727 0.546473 0.390837 0.889706 0.466946 0.397445 0.330986 0.340933 0.394841 0.455704 0.362769 0.531044 0.908393 0.400392 0.375411 0.414217 0.361625 0.54228 0.711692 0.550007 0.610392 1.53105 0.385666 0.395856 1.07325 0.341897 0.417223 0.393053 1.15487 0.398932 0.418846 1.00035 0.680738 0.4701 0.436178 0.392595 0.391052 0.397161 0.42666 0.361182 0.377448 0.301625 0.338154 0.401176 0.389748 0.364202 0.636188 0.894852 0.395847 0.985773 0.386738 1.3103 0.326467 0.884973 0.346091 0.54437 0.946194 1.5886 0.465707 0.433232 0.703701 0.336556 0.454789 0.649997 0.389902 0.463884 0.420366 0.35868 0.310174 0.399244 0.331082 0.9705 1.57293 0.561758 0.493916 1.05399 0.300562 0.37598 0.41384 0.365065 0.388219 0.53832 0.310796 0.556504 0.392247 0.3149 0.544523 0.463302 0.429431 0.303196 0.534019 0.33194 0.548906 0.720674 0.32785 0.977695 0.400815 0.364269 0.362485 0.540032 0.362353 0.597028 0.364781 0.4453 0.454782 0.464806 0.344551 0.556797 0.34188 0.558417 0.434295 0.312335 0.420977 0.637606 1.58737 0.347248 0.375884 0.526162 0.39719 0.540195 0.46488 0.534505 0.392634 0.409587 0.435136 0.349818 0.354868 0.469359 0.395217 1.52551 0.422056 0.429893 0.335487 1.05 0.345561 0.365177 0.359165 0.405194 0.320356 0.339424 0.391354 0.336731 0.396038 0.344723 0.710385 0.901 0.562478 0.316346 0.461766 0.618183 0.400832 0.330501 0.34829 0.402053 0.427036 0.539012 0.331698 0.526896 0.534645 1.53733 0.287951 0.461026 0.992815 1.08851 0.537508 0.427878 0.354027 0.467358 0.543809 0.711928 1.03271 0.379457 0.140014 0.472405 0.405927 0.484876 1.58791 0.398224 0.400999 0.540939 0.403552 0.302913 0.336983 0.451216 1.30238 0.386343 0.558303 0.506979 0.360805 0.560054 0.3746 0.957414 0.557842 0.312649 0.373238 0.398738 0.334592 0.543392 0.540001 1.01049 0.368365 0.719179 0.337621 0.649958 0.373945 0.700993 0.359376 0.375454 0.40198 0.320575 0.334735 0.382026 0.538718 0.554731 0.550346 0.332909 0.351746 0.408602 0.325892 0.395525 0.403427 0.489881 0.367344 1.58116 0.326433 0.837516 0.847632 0.339407 0.559758 0.369194 0.402786 0.443024 0.34115 1.44768 0.397143 0.90106 0.968625 0.990228 0.400134 1.52417 0.636616 0.399806 0.717179 0.403425 0.376783 0.714492 0.898357 0.360868 0.412795 0.368661 0.395938 0.401455 0.335828 0.553208 0.556721 0.427825 0.542827 1.02148 1.05005 0.468435 0.333578 0.428111 0.423399 0.32231 0.39826 0.546699 0.330217 0.551424 0.401995 0.390583 0.320431 0.380582 0.397996 0.400614 0.46145 0.356517 0.63139 0.401893 0.616999 0.549779 0.561355 0.403378 0.541338 0.538804 0.455111 0.318368 0.429904 1.34033 0.42298 0.719813 0.538165 0.466705 0.425942 0.375862 0.404733 0.526039 0.550652 0.3339 0.544687 0.687664 0.554043 0.389868 0.367303 0.339413 0.33905 0.358362 1.63941 0.309339 0.463972 0.342395 0.551554 0.579784 0.352077 0.979755 0.3915 0.347603 0.46646 0.699238 0.300658 0.559454 0.372147 0.471652 0.444621 0.33033 0.840327 0.312206 0.56448 0.561429 0.656453 0.357511 0.384512 0.399433 0.345609 0.325997 0.348206 0.394159 0.400297 0.343833 0.139996 0.417064 0.396254 0.405844 0.536196 0.543445 0.538159 0.552751 0.445897 0.336651 0.400301 0.952243 0.369163 0.687337 0.394186 0.426876 0.431936 0.365879 0.324983 0.356296 0.475678 0.350356 0.468071 0.401519 1.02091 0.968276 0.527773 0.315505 0.385745 0.41555 0.364484 0.445736 0.304281 0.371462 0.402902 0.429542 0.314071 0.538108 0.298232 0.310094 0.545592 0.304126 0.347612 0.467321 0.340378 0.557632 0.399991 0.355248 0.397364 0.613288 0.40414 0.653887 0.477334 0.402696 0.467895 0.413993 0.533019 0.402544 0.402459 1.48128 0.904192 0.709701 0.463749 0.465018 0.321148 0.703343 0.305084 0.353766 0.544173 0.465138 0.348091 0.344209 0.321173 0.713026 0.403704 0.46107 0.465213 0.720154 0.724537 0.372688 0.341538 0.943835 0.331782 0.361542 0.338106 0.465313 0.889715 0.347834 0.341116 0.346749 0.359072 0.457516 0.314791 0.325568 0.505933 0.541194 0.370119 0.9831 0.39719 0.338307 0.356143 0.403959 0.348958 1.33177 0.56059 0.682568 0.53628 0.341298 1.59171 0.39658 0.921851 0.858379 0.45669 0.553905 0.360521 0.365535 0.382182 0.338009 0.416785 0.431736 0.302305 0.719496 0.368979 0.723648 0.459995 0.324822 0.338892 1.66 0.403927 0.402424 1.52457 0.319014 0.35737 0.972181 0.96961 0.390181 0.538635 0.985426 0.443414 0.393477 0.542463 1.02709 1.19187 0.716112 0.54419 0.403594 0.393017 0.397913 0.371471 0.709581 0.381804 0.354741 0.374942 0.35791 0.972647 0.400414 0.335744 0.987527 0.298014 0.463565 0.625932
Testing:
Lab Growth Rates:
0.6
Dot Production Prediction of Lab Growth Rates:
0.38175
Best performance so far: 
Obj: 4.64818e-310Rho: 2.26291e-314Diff: 4.64818e-310
Anneal again with the best G and E so far as input
Cycle 2Round 1
Iter 500000 pBad 0.79021 T 0.00101581 Obj 1.05391 Rho 0 GRdif 30.8733 success 114771 failure 12202 obj_new 1.05391 SA_pAcc 1.20435 Delta -0.0396438 SA_r 0.956149 freedomratio 0.28
Iter 1000000 pBad 0.73468 T 0.000264158 Obj 1.0334 Rho 0 GRdif 19.3172 success 226543 failure 31693 obj_new 1.0334 SA_pAcc 1 Delta 0.0317474 SA_r 0.0612819 freedomratio 0.279601
Iter 1500000 pBad 0.670163 T 6.86935e-05 Obj 1.02727 Rho 0 GRdif 15.82 success 336250 failure 56777 obj_new 1.02727 SA_pAcc 0.946232 Delta 0.00571787 SA_r 0.920764 freedomratio 0.28134
Iter 2000000 pBad 0.573468 T 1.78635e-05 Obj 1.0197 Rho 0 GRdif 11.4688 success 443419 failure 87084 obj_new 1.0197 SA_pAcc 1 Delta -0.0456289 SA_r 0.472389 freedomratio 0.269108
Iter 2500000 pBad 0.402023 T 4.64535e-06 Obj 1.01668 Rho 0 GRdif 9.72506 success 545027 failure 129347 obj_new 1.01668 SA_pAcc 0.663055 Delta -0.0294539 SA_r 0.232169 freedomratio 0.269849
Iter 3000000 pBad 0.221595 T 1.20801e-06 Obj 1.01204 Rho 0 GRdif 7.03932 success 630217 failure 208714 obj_new 1.01204 SA_pAcc 1 Delta -0.0158208 SA_r 0.181654 freedomratio 0.247579
Iter 3500000 pBad 0.166069 T 3.14139e-07 Obj 1.00974 Rho 0 GRdif 5.70093 success 704220 failure 315883 obj_new 1.00974 SA_pAcc 0.808344 Delta 0.0157926 SA_r 0.909698 freedomratio 0.241776
Iter 4000000 pBad 0.0536178 T 8.16908e-08 Obj 1.00871 Rho 0 GRdif 5.10315 success 758628 failure 476121 obj_new 1.00872 SA_pAcc 5.29423e-10 Delta -0.00197927 SA_r 0.00526658 freedomratio 0.211055
Iter 4500000 pBad 0.0309997 T 2.12434e-08 Obj 1.00836 Rho 0 GRdif 4.89544 success 789309 failure 710773 obj_new 1.00836 SA_pAcc 1 Delta -0.00184489 SA_r 0.793348 freedomratio 0.185547
Iter 5000000 pBad 0.0216027 T 5.52429e-09 Obj 1.00821 Rho 0 GRdif 4.81249 success 809326 failure 994033 obj_new 1.00822 SA_pAcc 0 Delta 0.00200105 SA_r 0.10312 freedomratio 0.170732
Iter 5500000 pBad 0.00958901 T 1.43657e-09 Obj 1.00815 Rho 0 GRdif 4.77316 success 822665 failure 1313771 obj_new 1.00815 SA_pAcc 1 Delta -0.000752975 SA_r 0.183719 freedomratio 0.159826
Iter 6000000 pBad 0.00362956 T 3.73576e-10 Obj 1.00813 Rho 0 GRdif 4.99951 success 831231 failure 1660935 obj_new 1.00854 SA_pAcc 0 Delta 0.000108955 SA_r 0.858205 freedomratio 0.153125
Iter 6500000 pBad 0.00304783 T 9.71473e-11 Obj 1.00812 Rho 0 GRdif 4.75781 success 838640 failure 2024271 obj_new 1.00812 SA_pAcc 1 Delta -0.000113977 SA_r 0.97778 freedomratio 0.148372
Iter 7000000 pBad 0.00149836 T 2.52628e-11 Obj 1.00812 Rho 0 GRdif 4.75583 success 844504 failure 2402604 obj_new 1.00812 SA_pAcc 0 Delta 7.50518e-05 SA_r 0.532506 freedomratio 0.143415
Iter 7500000 pBad 0.000506392 T 6.56952e-12 Obj 1.00812 Rho 0 GRdif 4.75359 success 850413 failure 2792050 obj_new 1.00812 SA_pAcc 1 Delta -3.95473e-05 SA_r 0.136513 freedomratio 0.141789
Iter 8000000 pBad 0.00150439 T 1.70838e-12 Obj 1.00812 Rho 0 GRdif 4.75286 success 856241 failure 3185215 obj_new 1.00812 SA_pAcc 1 Delta 2.82671e-05 SA_r 0.179756 freedomratio 0.139403
Iter 8500000 pBad 1.24536e-22 T 4.44259e-13 Obj 1.00812 Rho 0 GRdif 4.75258 success 859702 failure 3546152 obj_new 1.00812 SA_pAcc 0 Delta 5.72189e-24 SA_r 0.546504 freedomratio 0.134461
Iter 9000000 pBad 1.32873e-157 T 1.15528e-13 Obj 1.00812 Rho 0 GRdif 4.75559 success 859702 failure 3888675 obj_new 1.00812 SA_pAcc 0 Delta 1.02791e-158 SA_r 0.506783 freedomratio 0.130204
Iter 9500000 pBad 0 T 3.00428e-14 Obj 1.00812 Rho 0 GRdif 4.75307 success 859702 failure 4238904 obj_new 1.00812 SA_pAcc 0 Delta -0 SA_r 0.263018 freedomratio 0.0809806
Good enough
iter 8.34399e+06 obj1.00812 rho 0 GRdif 4.75254
Training:
Lab Growth Rates:
0.42 1.345 0.3 0.4 0.48 0.45 0.59 0.377 0.27 0.54 1.43 0.47 0.4 0.42 0.47 0.56 0.56 0.33 0.41 0.23 0.45 0.55 1.345 0.4 0.47 0.4 1.483 0.37 0.32 0.49 0.46 0.45 0.68 0.58 0.47 0.09 0.56 1.05 0.46 0.46 0.5 0.26 0.5 0.19 0.47 0.637 0.762 0.54 0.37 0.4 0.52 0.46 0.26 0.4 0.42 0.53 0.56 0.45 0.55 0.4 0.45 1.248 0.53 0.43 0.55 0.52 0.23 0.46 1.67 0.48 0.47 0.3 0.724 0.53 0.56 0.7 0.34 0.48 0.59 0.48 0.46 0.5 0.636 0.3 0.33 0.686 0.43 0.47 0.4 0.53 0.59 0.43 1.248 0.58 0.4 0.42 0.52 0.37 0.22 0.5 0.53 0.901 0.4 0.49 0.43 0.36 0.5 0.648 0.5 0.5 0.45 0.6 0.4 0.1 0.53 0.37 0.4 0.1 0.36 0.47 1.345 0.65 0.56 0.55 0.37 0.54 0.43 0.68 0.33 0.25 0.48 0.38 0.47 0.37 0.45 0.5 1.248 0.3 1.483 0.4 0.1 0.39 1.248 0.36 0.54 1.483 1.44 0.56 0.43 0.7 0.52 0.1 0.65 0.4 0.5 0.55 0.3 0.58 0.4 0.5 1.483 0.25 0.465 0.25 1.05 0.58 0.45 0.37 0.42 0.52 0.56 0.3 0.481 0.4 0.39 0.55 0.46 0.54 0.27 0.31 0.19 0.5 0.686 0.36 1.483 0.4 0.43 0.58 0.5 0.54 0.5 0.41 0.54 0.22 0.58 0.43 0.481 0.39 0.485 0.47 0.5 0.45 0.65 1.49 0.42 0.51 0.5 0.47 0.42 0.56 0.54 0.6 0.22 0.54 0.22 0.42 0.22 0.4 0.45 0.43 0.23 0.47 1.05 0.1 0.49 0.58 0.54 0.32 0.47 0.54 0.59 0.4 0.47 0.648 0.901 0.465 0.37 0.5 0.5 0.4 0.48 0.42 0.4 0.37 0.23 0.3 0.56 0.53 1.46 0.53 0.22 1.345 0.1 0.31 0.54 0.52 0.53 0.27 0.635 1.46 0.47 0.14 0.5 0.4 0.46 1.42 0.4 0.4 0.31 0.4 0.42 0.45 0.1 1.38 0.41 0.485 0.37 0.58 0.5 0.52 1.483 0.5 0.33 0.54 0.4 0.36 0.54 0.54 1.345 0.42 0.724 0.42 0.65 0.53 0.7 0.52 0.3 0.4 0.5 0.5 0.2 0.59 0.485 0.301 0.59 0.36 0.47 0.11 0.4 0.4 0.25 0.52 0.45 0.41 0.762 0.762 0.59 0.42 0.54 0.4 0.43 0.46 1.67 0.4 0.901 1.483 1.345 0.4 0.45 0.65 0.4 0.724 0.36 0.26 0.637 0.901 0.54 0.47 0.54 0.4 0.4 0.53 0.55 0.41 0.37 0.55 1.05 1.05 0.58 0.17 0.68 0.68 0.5 0.4 0.59 0.34 0.377 0.4 0.4 0.36 0.54 0.4 0.4 0.46 0.45 0.65 0.4 0.617 0.377 0.476 0.4 0.59 0.56 0.58 0.25 0.23 1.03 0.37 0.71 0.5 0.58 0.37 0.46 0.4 0.53 0.301 0.58 0.59 0.25 0.481 0.4 0.5 0.41 0.47 0.27 1.66 0.42 0.58 0.42 0.301 0.5 0.5 1.345 0.53 0.48 0.58 0.7 0.3 0.465 0.22 0.56 0.55 0.54 0.762 0.39 0.476 0.476 0.65 0.5 0.42 0.4 0.58 0.39 0.27 0.2 0.4 0.17 0.14 0.37 0.51 0.53 0.23 0.56 0.59 0.59 0.54 0.59 0.4 1.345 0.59 0.1 0.4 0.68 0.54 0.3 0.45 0.33 0.47 0.43 0.5 0.4 1.46 1.483 0.5 0.19 0.51 0.09 0.47 0.33 0.48 0.25 0.4 0.23 0.38 0.54 0.54 0.59 0.55 0.3 0.11 0.58 0.3 0.41 0.4 0.33 0.4 0.5 0.47 0.65 0.33 0.4 0.56 0.43 0.54 0.4 0.4 1.4 0.901 0.635 0.46 0.56 0.33 0.648 0.46 0.41 0.55 0.58 0.47 0.46 0.39 0.637 0.4 0.47 0.22 0.686 0.636 0.6 0.4 1.483 0.09 0.52 0.36 0.58 1.248 0.42 0.32 0.59 0.25 0.46 0.34 0.5 0.46 0.56 0.27 1.345 0.37 0.45 0.46 0.4 0.45 1.43 0.485 0.65 0.56 0.48 0.45 0.4 1.345 0.901 0.5 0.41 0.54 0.45 0.52 0.54 0.37 0.46 0.46 0.636 0.3 0.71 0.46 0.38 0.47 1.66 0.54 0.4 0.1 0.42 0.53 1.345 1.483 0.4 0.23 1.483 0.55 0.17 0.56 1.46 1.35 0.71 0.23 0.4 0.52 0.2 0.38 0.635 0.58 0.58 0.38 0.11 1.483 0.4 0.46 1.345 0.3 0.58 0.5
Dot Production Prediction of Lab Growth Rates:
0.360238 1.31632 0.42781 0.398708 0.29441 1.47656 0.400193 0.534219 0.382376 0.323825 1.14489 0.37996 0.403225 0.330336 0.409638 0.549448 0.548672 0.478778 0.379929 0.551217 0.440857 0.466787 1.3727 0.398345 0.351474 0.400179 1.32335 0.424423 0.290071 0.388329 0.422149 0.348779 0.31381 0.477417 0.391573 0.396871 0.549296 1.3977 0.455906 0.439047 0.446975 0.492128 0.417421 0.303262 0.398725 0.683738 0.809326 0.547275 0.448548 0.401476 0.384312 0.459498 0.618261 0.387803 0.612321 0.532903 0.532643 1.37444 0.554822 0.40229 0.427789 0.857576 0.543077 0.382789 0.471443 0.362105 0.547804 0.55696 1.44678 0.277124 0.41241 0.625572 0.703872 0.574565 0.551364 0.74014 0.298751 0.342323 0.299037 0.28876 0.478804 0.480504 0.695656 0.561534 0.306638 0.699995 0.390777 0.374238 0.312268 0.546665 0.555735 0.405178 0.858634 0.468376 0.395618 0.300196 0.336892 0.434618 0.470608 0.384839 0.530232 0.906256 0.401082 0.420523 0.418671 0.373491 0.552757 0.690818 0.696199 0.76347 1.40354 0.611925 0.396275 1.19844 0.338675 0.427058 0.388441 1.35614 0.444858 0.389868 1.35611 0.63989 0.476109 0.465747 0.398218 0.408497 0.400888 0.311919 0.381027 0.37059 0.261845 0.307637 0.415617 0.408336 0.40244 0.815287 0.866762 0.620871 1.30369 0.379491 1.40171 0.310298 0.852074 0.352592 0.557052 1.31748 1.45371 0.475924 0.480063 0.734879 0.357992 0.480076 0.612108 0.384242 0.474332 0.448949 0.560843 0.310929 0.400203 0.318858 1.35224 1.42765 0.53485 0.569891 1.07152 0.270335 0.373968 0.413413 0.368158 0.410084 0.54942 0.475933 0.526072 0.384826 0.313738 0.550248 0.466304 0.457102 0.27065 0.641423 0.320677 0.700542 0.700571 0.330976 1.36899 0.402584 0.360532 0.405017 0.547962 0.37069 0.782075 0.415233 0.470498 0.470188 0.476338 0.366991 0.529028 0.351088 0.533445 0.466754 0.303176 0.415114 0.650471 1.47656 0.34521 0.411368 0.53419 0.42455 0.584895 0.47778 0.532571 0.625264 0.468901 0.458988 0.354915 0.360435 0.476432 0.393629 1.394 0.466761 0.431388 0.327073 1.05407 0.353825 0.395804 0.382312 0.397971 0.321186 0.347017 0.372388 0.314831 0.392561 0.361533 0.693468 0.901383 0.530975 0.291256 0.476734 0.827246 0.401877 0.323187 0.369158 0.402145 0.431946 0.537543 0.528108 0.532076 0.532643 1.4162 0.250771 0.473959 1.35671 1.19167 0.631569 0.45598 0.371882 0.501204 0.616663 0.694142 1.04938 0.368581 0.140411 0.485176 0.406757 0.541055 1.48606 0.396123 0.400949 0.626863 0.402086 0.278423 0.346939 0.468013 1.26122 0.420239 0.523495 0.570506 0.378118 0.724653 0.398664 1.28767 0.690477 0.288527 0.404542 0.400897 0.362688 0.539328 0.53963 1.34171 0.378346 0.69991 0.338885 0.650461 0.41668 0.73117 0.386838 0.393148 0.401646 0.308132 0.344394 0.37054 0.547048 0.526214 0.535326 0.323745 0.359046 0.434737 0.332383 0.394639 0.40434 0.530702 0.37088 1.4214 0.310917 0.797153 0.816618 0.340462 0.610753 0.396492 0.403955 0.459147 0.316272 1.36765 0.395098 0.906858 1.33296 1.35259 0.399365 1.40002 0.640639 0.400004 0.698584 0.444032 0.380448 0.690914 0.901461 0.382865 0.395059 0.379623 0.393329 0.400516 0.332115 0.557472 0.53015 0.430003 0.546975 1.04426 1.07122 0.477112 0.298593 0.316236 0.310178 0.316439 0.396654 0.546802 0.292924 0.531422 0.400368 0.383366 0.327709 0.428262 0.39854 0.402712 0.466694 0.370377 0.631279 0.403201 0.580014 0.533752 0.534168 0.401918 0.547841 0.544573 0.46027 0.27833 0.431353 1.27731 0.431115 0.695278 0.541748 0.478454 0.430386 0.410731 0.403658 0.530064 0.535126 0.346354 0.543785 0.998573 0.525958 0.38205 0.370687 0.349467 0.337296 0.383938 1.46595 0.279813 0.480054 0.35397 0.536577 0.755426 0.357745 1.31508 0.448658 0.348904 0.473839 0.739266 0.300194 0.529405 0.4132 0.469836 0.469712 0.321404 0.802831 0.282489 0.535351 0.531898 0.658315 0.376091 0.415941 0.399999 0.360447 0.333624 0.350226 0.407427 0.399037 0.305162 0.140042 0.415214 0.45289 0.453728 0.545319 0.547633 0.545863 0.557501 0.470174 0.317841 0.398741 1.31574 0.38095 0.997286 0.392541 0.315658 0.464799 0.588532 0.312958 0.344833 0.476217 0.367215 0.481606 0.402499 1.05482 1.28781 0.532316 0.286767 0.438766 0.480619 0.378102 0.5168 0.273723 0.368342 0.401991 0.429427 0.29879 0.530627 0.267667 0.295042 0.550377 0.3052 0.380832 0.478727 0.335019 0.52954 0.399634 0.374876 0.394739 0.814275 0.405214 0.660829 0.535994 0.40309 0.471302 0.425262 0.544916 0.404115 0.402382 1.40073 0.906208 0.693393 0.468544 0.478326 0.317542 0.685955 0.269605 0.37768 0.54764 0.478807 0.349732 0.365603 0.315955 0.688722 0.403835 0.471803 0.477875 0.702634 0.700892 0.585578 0.307783 1.29526 0.333767 0.359012 0.315287 0.477828 0.855627 0.342419 0.340436 0.324275 0.365852 0.458998 0.268803 0.312787 0.574042 0.545292 0.391872 1.33131 0.414765 0.34979 0.377408 0.402415 0.343176 1.1262 0.535336 0.653422 0.542829 0.350074 1.45655 0.395748 1.29618 0.834092 0.472889 0.527044 0.385088 0.376235 0.422885 0.334781 0.417259 0.472548 0.271124 0.697125 0.590983 0.700993 0.460205 0.301124 0.355708 1.45845 0.398904 0.404632 1.37872 0.29589 0.377754 1.33485 1.30843 0.384265 0.542878 1.30805 0.473458 0.43935 0.54787 1.03627 1.0854 0.69052 0.545959 0.402446 0.414409 0.395909 0.380478 0.688809 0.384828 0.367293 0.388665 0.408406 1.32581 0.397891 0.351096 1.33269 0.297194 0.479351 0.851334
Testing:
Lab Growth Rates:
0.6
Dot Production Prediction of Lab Growth Rates:
0.5919
Best performance so far: 
Obj: 4.64818e-310Rho: 6.5069e-314Diff: 4.64818e-310
Test:
 Lab Growth Rates:
0.6Dot Product Prediction of Growth Rate:
0.5918999