seed =  5 traits =  1 
Training: part  114 
Training: part  114 
Round  1 
 Goal of obj  0.99 
Temperature range:  0.00390625 7.8125e-12 
Cycle 1Round 1
Iter 500000 pBad 0.825808 T 0.00143487 Obj 1.08811 Rho 0 GRdif 49.6502 success 146208 failure 10920 obj_new 1.08811 SA_pAcc 0.88635 Delta -0.0523393 SA_r 0.282274 freedomratio 0.379355
Iter 1000000 pBad 0.802948 T 0.000527065 Obj 1.05094 Rho 0 GRdif 29.2147 success 289268 failure 29142 obj_new 1.05094 SA_pAcc 1.3384 Delta -0.0419925 SA_r 0.654456 freedomratio 0.371681
Iter 1500000 pBad 0.789387 T 0.000193604 Obj 1.03172 Rho 0 GRdif 18.3597 success 431566 failure 49990 obj_new 1.03172 SA_pAcc 1 Delta 0.00101027 SA_r 0.37924 freedomratio 0.364312
Iter 2000000 pBad 0.700091 T 7.11159e-05 Obj 1.02417 Rho 0 GRdif 14.0411 success 571474 failure 75691 obj_new 1.02417 SA_pAcc 0.744092 Delta -0.0643403 SA_r 0.538112 freedomratio 0.367041
Iter 2500000 pBad 0.635511 T 2.61227e-05 Obj 1.01945 Rho 0 GRdif 11.324 success 709686 failure 105266 obj_new 1.01945 SA_pAcc 1 Delta -0.0120716 SA_r 0.893557 freedomratio 0.374522
Iter 3000000 pBad 0.544773 T 9.59555e-06 Obj 1.01531 Rho 0 GRdif 8.93129 success 845651 failure 139463 obj_new 1.01531 SA_pAcc 1.37929 Delta -0.00297654 SA_r 0.778126 freedomratio 0.361179
Iter 3500000 pBad 0.424768 T 3.52469e-06 Obj 1.01015 Rho 0 GRdif 5.93766 success 970731 failure 192920 obj_new 1.01015 SA_pAcc 1 Delta 0.0353628 SA_r 0.711102 freedomratio 0.365444
Iter 4000000 pBad 0.255693 T 1.29471e-06 Obj 1.00883 Rho 0 GRdif 5.16907 success 1084079 failure 269656 obj_new 1.00883 SA_pAcc 1 Delta -0.00789856 SA_r 0.539886 freedomratio 0.340672
Iter 4500000 pBad 0.137727 T 4.75581e-07 Obj 1.00839 Rho 0 GRdif 4.91438 success 1161717 failure 420281 obj_new 1.00839 SA_pAcc 1 Delta 0.000259954 SA_r 0.0464656 freedomratio 0.305931
Iter 5000000 pBad 0.0818928 T 1.74693e-07 Obj 1.00814 Rho 0 GRdif 4.76802 success 1219658 failure 615935 obj_new 1.00814 SA_pAcc 1 Delta 0.0026931 SA_r 0.728689 freedomratio 0.280802
Iter 5500000 pBad 0.0448701 T 6.41693e-08 Obj 1.00803 Rho 0 GRdif 4.70141 success 1256730 failure 866716 obj_new 1.00803 SA_pAcc 1 Delta 0.00249883 SA_r 0.235694 freedomratio 0.251389
Iter 6000000 pBad 0.0266357 T 2.3571e-08 Obj 1.00797 Rho 0 GRdif 4.66958 success 1279918 failure 1159775 obj_new 1.00797 SA_pAcc 2.11406e-05 Delta -0.00229271 SA_r 0.0535346 freedomratio 0.229957
Iter 6500000 pBad 0.0137776 T 8.65826e-09 Obj 1.00795 Rho 0 GRdif 4.65516 success 1294518 failure 1482110 obj_new 1.00795 SA_pAcc 1 Delta -0.000608025 SA_r 0.744942 freedomratio 0.219731
Iter 7000000 pBad 0.0059977 T 3.1804e-09 Obj 1.00794 Rho 0 GRdif 4.64979 success 1303263 failure 1826729 obj_new 1.00794 SA_pAcc 6.72785e-76 Delta 0.000403293 SA_r 0.521009 freedomratio 0.207334
Iter 7500000 pBad 0.00606815 T 1.16824e-09 Obj 1.00793 Rho 0 GRdif 4.6533 success 1309585 failure 2181472 obj_new 1.00795 SA_pAcc 0 Delta 4.38679e-05 SA_r 0.118644 freedomratio 0.204807
Iter 8000000 pBad 0.0015937 T 4.29126e-10 Obj 1.00793 Rho 0 GRdif 4.65302 success 1314348 failure 2543825 obj_new 1.00794 SA_pAcc 0 Delta -0.000149488 SA_r 0.802606 freedomratio 0.201646
Iter 8500000 pBad 0.00199891 T 1.57629e-10 Obj 1.00793 Rho 0 GRdif 4.65796 success 1317224 failure 2914101 obj_new 1.00795 SA_pAcc 0 Delta 5.50797e-05 SA_r 0.497078 freedomratio 0.199728
Iter 9000000 pBad 0.000817281 T 5.79012e-11 Obj 1.00792 Rho 0 GRdif 4.64128 success 1319201 failure 3287586 obj_new 1.00792 SA_pAcc 9.78463e-45 Delta -4.61976e-05 SA_r 0.207915 freedomratio 0.197183
Iter 9500000 pBad 0.000744769 T 2.12686e-11 Obj 1.00792 Rho 0 GRdif 4.68536 success 1320239 failure 3665667 obj_new 1.008 SA_pAcc 0 Delta 1.26894e-06 SA_r 0.245221 freedomratio 0.196262
Iter 10000000 pBad 0.000586636 T 7.81252e-12 Obj 1.00792 Rho 0 GRdif 4.66414 success 1321168 failure 4044798 obj_new 1.00796 SA_pAcc 0 Delta 1.60442e-05 SA_r 0.855731 freedomratio 0.196393
Cannot move further
iter 9.99885e+06 obj1.00792 rho 0 GRdif 4.64059
Training:
Lab Growth Rates:
0.33 0.5 0.41 0.48 0.26 0.33 0.56 0.465 0.37 0.4 0.43 0.5 0.65 0.4 0.48 0.47 0.46 0.48 0.46 0.4 0.53 0.22 0.37 0.23 0.25 0.901 0.53 0.39 0.58 0.39 0.648 0.901 0.37 0.33 0.47 0.43 0.09 0.1 0.724 1.345 0.58 0.4 0.59 0.45 1.345 0.4 0.4 0.58 0.5 0.42 0.485 0.4 0.7 0.54 0.59 0.4 1.03 1.345 0.25 0.58 1.345 0.47 0.4 0.54 0.52 0.45 0.46 0.4 0.45 0.54 0.52 0.54 0.5 0.2 0.637 0.1 0.4 0.58 0.54 0.45 0.55 0.3 0.49 0.41 0.42 1.483 1.43 0.901 0.6 0.23 0.301 0.54 0.65 0.648 0.42 0.41 1.42 0.45 0.4 0.485 0.68 0.43 0.65 0.4 0.65 0.54 0.55 0.3 0.4 1.4 0.3 0.42 0.4 0.36 0.1 0.39 0.58 0.36 0.55 0.56 0.36 0.43 0.3 0.4 0.59 0.5 0.4 0.46 1.345 0.47 1.483 0.52 0.37 0.301 0.4 0.5 0.686 0.4 0.4 0.25 0.43 0.58 0.55 0.54 0.476 0.42 0.45 0.4 0.5 0.26 0.45 0.377 0.56 0.5 0.33 0.43 0.53 1.345 0.42 0.636 0.485 0.22 0.42 0.4 0.26 0.42 1.05 0.4 0.48 0.22 0.46 0.485 0.3 0.56 0.36 0.5 0.46 0.17 1.35 0.22 0.53 0.59 0.5 0.43 0.68 0.36 0.58 0.54 0.41 0.637 0.3 0.901 0.45 0.42 0.5 0.4 0.25 0.1 0.47 0.54 0.46 0.686 0.43 0.58 0.09 0.37 0.4 0.56 0.46 1.46 0.4 0.14 0.5 0.42 0.19 0.47 0.4 0.39 0.23 0.37 1.483 0.59 0.58 0.3 0.45 0.54 0.41 0.43 0.4 0.4 0.55 0.37 0.42 1.483 0.4 0.4 0.3 0.37 0.42 0.54 0.56 0.4 0.47 0.65 0.33 0.4 0.45 0.5 0.5 0.56 0.52 0.5 0.617 1.483 0.635 0.37 0.59 0.54 0.22 0.58 0.47 0.5 1.46 0.23 0.46 0.53 0.68 0.4 0.59 0.3 0.6 0.52 0.59 0.22 0.52 0.54 0.636 0.58 0.42 0.58 0.36 1.05 0.6 0.22 0.6 0.46 0.45 0.762 0.54 0.46 0.47 0.56 0.47 0.762 0.481 0.4 0.11 0.46 0.47 0.48 0.27 0.53 0.32 0.54 0.5 0.45 0.41 0.5 0.56 0.58 0.45 0.39 0.3 0.37 0.46 0.38 0.53 0.4 0.25 0.38 0.4 0.476 0.55 0.59 0.4 0.47 1.483 0.45 0.55 0.5 0.56 0.54 0.636 0.52 0.25 0.3 0.56 0.377 0.46 0.58 0.58 0.37 0.51 0.5 0.301 1.49 0.34 0.4 0.4 0.56 0.58 0.4 0.52 0.53 1.248 0.55 0.56 0.2 0.762 0.25 0.47 0.476 0.5 0.4 0.1 0.36 1.05 0.42 0.56 0.686 0.56 0.54 0.33 0.37 0.901 0.45 0.36 0.4 0.55 0.648 0.22 0.54 0.39 0.53 0.65 0.635 0.47 1.38 1.67 0.7 0.17 0.46 0.59 0.4 0.4 0.4 0.42 0.49 0.41 0.58 0.31 0.465 1.05 0.37 0.3 0.54 0.54 1.248 0.4 0.4 0.56 0.31 1.248 0.481 0.901 0.23 1.345 0.14 0.4 0.58 0.27 0.65 0.53 1.345 0.5 0.71 0.36 0.59 0.23 0.1 0.7 0.762 0.53 0.37 0.47 0.43 0.68 0.53 0.4 1.345 1.44 0.1 0.1 0.51 0.52 0.34 0.33 0.4 0.43 1.66 0.48 0.31 0.4 0.47 0.71 0.42 0.4 0.32 0.27 0.23 1.46 0.27 0.52 0.46 0.46 0.27 0.635 0.3 0.59 0.4 0.65 0.54 0.53 0.34 1.248 0.38 0.54 0.47 0.5 0.5 0.55 0.53 1.483 0.56 0.5 0.47 0.5 0.724 0.53 0.38 1.43 0.5 0.45 0.56 0.46 0.52 1.46 0.43 1.05 0.48 0.47 0.46 0.19 0.32 0.59 1.66 0.637 0.11 0.42 1.483 0.59 0.481 0.42 0.724 0.11 0.4 0.54 0.5 0.51 0.58 0.5 0.4 0.3 0.45 0.37 0.58 0.27 0.4 0.5 0.54 0.41 0.2 0.4 0.48 0.7 0.54 0.37 0.47 1.345 0.41 0.54 1.483 0.59 0.33 0.23 0.4 0.4 1.483 0.25 0.45 0.5 0.4 0.4 0.47 0.55 0.19 0.71 0.65 0.48 1.67 1.248 1.483 1.345 0.23 0.52 0.377 0.47 0.46 0.54 0.59 0.46 0.5 0.68 0.4 0.1 1.345 0.09 0.38 0.465 0.45 1.483 0.47 0.47 0.17 0.5 0.33 0.49 0.55
Dot Production Prediction of Lab Growth Rates:
0.331924 0.558468 0.356082 0.307216 0.441169 0.483242 0.534123 0.491702 0.427179 0.400024 0.371625 0.466534 0.649957 0.329762 0.313165 0.408386 0.417385 0.326418 0.397281 0.408249 0.533313 0.465944 0.374769 0.53542 0.304832 0.780211 0.389227 0.322575 0.348162 0.316483 0.717078 0.902214 0.508255 0.356664 0.332096 0.352084 0.384069 0.841946 0.72181 1.18682 0.347994 0.408144 0.322496 0.36276 1.11745 0.408107 0.400007 0.375304 0.717904 0.367172 0.489285 0.398855 0.713335 0.389532 0.341383 0.408708 1.36485 1.19987 0.354114 0.305952 1.18376 0.366716 0.40166 0.380501 0.369783 0.411762 0.353799 0.400294 1.43971 0.361942 0.386073 0.315307 0.318581 0.400234 0.710349 1.20015 0.407685 0.472312 0.334632 1.50821 0.542806 0.561841 0.391268 0.490225 0.337164 1.18074 1.38917 0.901 0.585212 0.437625 0.488531 0.335575 0.615422 0.715813 0.344472 0.375542 1.51485 1.5591 0.405 0.478699 0.453519 0.338415 0.649344 0.407914 0.64437 0.446303 0.419627 0.25752 0.408181 1.43298 0.539426 0.565859 0.407094 0.342192 0.452365 0.342155 0.465695 0.348238 0.551764 0.537886 0.397323 0.396569 0.463035 0.408959 0.340915 0.665061 0.40681 0.516714 1.17723 0.423834 1.14217 0.360683 0.388077 0.485889 0.397904 0.355126 0.722399 0.406938 0.406295 0.512307 0.403892 0.472202 0.549945 0.433403 0.498353 0.345802 0.380081 0.397024 0.357688 0.538272 0.333119 0.487598 0.538907 0.334702 0.344763 0.394405 0.472608 1.11099 0.34284 0.718416 0.480308 0.460728 0.321154 0.398712 0.351209 0.556009 1.67459 0.406653 0.308879 0.343373 0.430079 0.491223 0.513531 0.464705 0.382008 0.718819 0.332836 0.31494 1.30598 0.390224 0.302146 0.35902 0.477644 0.360818 0.452447 0.339471 0.46182 0.444621 0.380813 0.708276 0.32888 0.901629 0.364121 0.3396 0.367368 0.399656 0.473528 0.370952 0.374308 0.535801 0.460012 0.72492 0.356675 0.474018 0.431222 0.433184 0.402075 0.547251 0.311504 1.65028 0.402783 0.14 0.544353 0.352613 0.338676 0.347192 0.408802 0.324064 0.437009 0.390922 1.16411 0.541946 0.382134 0.54108 0.365963 0.319422 0.489886 0.389437 0.407635 0.405322 0.438063 0.421068 0.34959 1.10126 0.398148 0.389482 0.260483 0.418374 0.311348 0.431891 0.470584 0.403453 0.461037 0.626435 0.327423 0.40271 0.325832 0.343316 0.323552 0.468874 0.372536 0.528738 0.570836 1.1693 0.718039 0.434183 0.547963 0.388188 0.454439 0.372349 0.348795 0.639972 1.0219 0.545056 0.335239 0.512876 0.448155 0.407123 0.305815 0.534089 0.568754 0.385213 0.545517 0.4617 0.391679 0.374251 0.714687 0.463333 0.37999 0.360803 0.337145 1.05 0.562612 0.370532 0.571666 0.357041 0.341375 0.773951 0.356195 0.415783 0.36794 0.551542 0.332238 0.774654 0.488608 0.397043 0.332849 0.531845 0.39476 0.323655 0.356821 0.342138 0.34802 0.529506 0.336365 0.344432 0.369685 0.396115 0.550791 0.371384 0.370487 0.334833 0.589131 0.416374 0.453374 0.355101 0.530014 0.404976 0.36186 0.321941 0.400843 0.498439 0.439894 0.551699 0.406407 0.333442 1.14338 1.44928 0.550663 0.526223 0.542833 0.387624 0.723355 0.347116 1.49002 0.367231 0.531985 0.48628 0.462769 0.47537 0.459553 0.427264 0.388171 0.473431 0.488596 1.50821 0.315517 0.399969 0.406566 0.5403 0.466874 0.403188 0.372224 0.382525 0.841639 0.44312 0.460889 0.366454 0.761994 0.837266 0.437144 0.495624 0.546183 0.406685 1.08021 0.359196 1.05 0.316318 0.459167 0.724337 0.539182 0.540955 0.455467 0.415914 0.960828 1.43983 0.354798 0.395807 0.542975 0.711606 0.466073 0.369014 0.325449 0.530314 0.656064 0.718724 0.317718 1.30791 1.39082 0.707324 0.318949 0.423884 0.342814 0.402458 0.406681 0.408776 0.311185 0.369322 0.322709 0.473958 0.528475 0.49646 1.05115 0.434124 0.597244 0.365165 0.441846 0.836742 0.406642 0.401245 0.469051 0.529705 0.849168 0.485077 0.89794 0.538979 1.19282 0.139435 0.40486 0.468567 0.293597 0.65665 0.531078 1.16552 0.729161 0.716197 0.389671 0.319942 0.435493 0.432201 0.705128 0.768508 0.31478 0.381938 0.457213 0.431495 0.450841 0.539509 0.406208 1.20366 1.50992 1.31683 1.37755 0.41061 0.34018 0.317986 0.327067 0.39473 0.420378 1.66 0.351507 0.549497 0.408423 0.441553 0.72008 0.332231 0.399848 0.32069 0.569564 0.535233 0.986156 0.336902 0.40127 0.465067 0.310771 0.363929 0.715405 0.403901 0.30787 0.39428 0.660331 0.535817 0.343716 0.32709 0.84058 0.312714 0.545008 0.381442 0.728986 0.345371 0.447927 0.408858 1.11275 0.539928 0.323411 0.374209 0.462555 0.724003 0.534013 0.319417 1.41787 0.679542 1.43717 0.540827 0.455425 0.357372 1.02566 0.341053 1.0098 0.348846 0.363812 0.492068 0.33506 0.316405 0.549891 1.66 0.710502 0.375883 0.557835 1.12072 0.544094 0.485738 0.363286 0.718557 0.355897 0.395266 0.537631 0.334308 0.374496 0.32471 0.646428 0.400186 0.25506 1.4938 0.311549 0.471831 0.389864 0.396701 0.665963 0.433265 0.345872 0.388127 0.409871 0.322917 0.71004 0.371972 0.413134 0.403607 1.09947 0.486096 0.54989 1.14518 0.547823 0.413418 0.539397 0.409986 0.338051 1.17573 0.360876 0.402096 0.464449 0.402733 0.410335 0.366858 0.54631 0.326337 0.72485 0.654578 0.3318 1.46547 0.839131 1.15702 1.15327 0.537338 0.39038 0.484881 0.334048 0.375278 0.363066 0.3555 0.465541 0.468017 0.454277 0.412304 1.06674 1.19628 0.345176 0.363343 0.492856 0.384794 1.11969 0.374807 0.376447 0.398849 0.734213 0.344984 0.373232 0.437207
Testing:
Lab Growth Rates:
0.5
Dot Production Prediction of Lab Growth Rates:
0.704553
Best performance so far: 
Obj: 4.65801e-310Rho: 2.26291e-314Diff: 4.65801e-310
Anneal again with the best G and E so far as input
Cycle 2Round 1
Iter 500000 pBad 0.843442 T 0.00143487 Obj 1.05662 Rho 0 GRdif 32.3815 success 105409 failure 9805 obj_new 1.05662 SA_pAcc 1 Delta -0.00673159 SA_r 0.531895 freedomratio 0.252252
Iter 1000000 pBad 0.783314 T 0.000527065 Obj 1.0364 Rho 0 GRdif 21.0229 success 208408 failure 25575 obj_new 1.0364 SA_pAcc 1.00266 Delta 0.000776067 SA_r 0.175861 freedomratio 0.246851
Iter 1500000 pBad 0.704666 T 0.000193604 Obj 1.02969 Rho 0 GRdif 17.2008 success 309405 failure 46905 obj_new 1.02969 SA_pAcc 1 Delta 0.00813418 SA_r 0.134561 freedomratio 0.253667
Iter 2000000 pBad 0.653818 T 7.11159e-05 Obj 1.0275 Rho 0 GRdif 15.9533 success 408869 failure 71194 obj_new 1.0275 SA_pAcc 1.06788 Delta 0.0314347 SA_r 0.603258 freedomratio 0.246025
Iter 2500000 pBad 0.531362 T 2.61227e-05 Obj 1.02066 Rho 0 GRdif 12.0235 success 506382 failure 101125 obj_new 1.02066 SA_pAcc 1 Delta -0.050329 SA_r 0.19727 freedomratio 0.242374
Iter 3000000 pBad 0.533836 T 9.59555e-06 Obj 1.01794 Rho 0 GRdif 10.4579 success 601891 failure 136044 obj_new 1.01794 SA_pAcc 1 Delta 0.0325804 SA_r 0.10811 freedomratio 0.246231
Iter 3500000 pBad 0.357402 T 3.52469e-06 Obj 1.01353 Rho 0 GRdif 7.9035 success 693331 failure 179316 obj_new 1.01353 SA_pAcc 1 Delta 0.0116545 SA_r 0.677798 freedomratio 0.236239
Iter 4000000 pBad 0.30831 T 1.29471e-06 Obj 1.01044 Rho 0 GRdif 6.10401 success 776930 failure 240389 obj_new 1.01044 SA_pAcc 1 Delta 0.020015 SA_r 0.990312 freedomratio 0.237288
Iter 4500000 pBad 0.20146 T 4.75581e-07 Obj 1.00932 Rho 0 GRdif 5.45564 success 849344 failure 326004 obj_new 1.00932 SA_pAcc 1 Delta -0.00285301 SA_r 0.12842 freedomratio 0.227202
Iter 5000000 pBad 0.0963302 T 1.74693e-07 Obj 1.00869 Rho 0 GRdif 5.08518 success 902959 failure 459786 obj_new 1.00869 SA_pAcc 0.843108 Delta 0.00394255 SA_r 0.130014 freedomratio 0.209253
Iter 5500000 pBad 0.0534301 T 6.41693e-08 Obj 1.0084 Rho 0 GRdif 4.91656 success 940688 failure 641644 obj_new 1.0084 SA_pAcc 1 Delta -0.0040137 SA_r 0.124514 freedomratio 0.19509
Iter 6000000 pBad 0.0306146 T 2.3571e-08 Obj 1.00823 Rho 0 GRdif 4.82149 success 967824 failure 866979 obj_new 1.00823 SA_pAcc 0.00258252 Delta -0.00267386 SA_r 0.966925 freedomratio 0.17589
Iter 6500000 pBad 0.0215825 T 8.65826e-09 Obj 1.00815 Rho 0 GRdif 4.7863 success 986121 failure 1131657 obj_new 1.00817 SA_pAcc 0 Delta 0.000526881 SA_r 0.774325 freedomratio 0.1642
Iter 7000000 pBad 0.00869256 T 3.1804e-09 Obj 1.0081 Rho 0 GRdif 4.74438 success 1000089 failure 1425436 obj_new 1.0081 SA_pAcc 2.45236e-235 Delta 0.000392105 SA_r 0.0620857 freedomratio 0.15535
Iter 7500000 pBad 0.00813529 T 1.16824e-09 Obj 1.00807 Rho 0 GRdif 4.72827 success 1009738 failure 1743656 obj_new 1.00807 SA_pAcc 1 Delta 0.000346543 SA_r 0.684913 freedomratio 0.150153
Iter 8000000 pBad 0.00429539 T 4.29126e-10 Obj 1.00805 Rho 0 GRdif 4.71909 success 1016861 failure 2077201 obj_new 1.00806 SA_pAcc 0 Delta -0.000343694 SA_r 0.422233 freedomratio 0.14667
Iter 8500000 pBad 0.002682 T 1.57629e-10 Obj 1.00804 Rho 0 GRdif 4.71429 success 1022485 failure 2422644 obj_new 1.00805 SA_pAcc 0 Delta 0.00010567 SA_r 0.857996 freedomratio 0.143555
Iter 9000000 pBad 0.00277215 T 5.79012e-11 Obj 1.00804 Rho 0 GRdif 4.70955 success 1026270 failure 2777216 obj_new 1.00804 SA_pAcc 0 Delta 0.000192132 SA_r 0.997093 freedomratio 0.142098
Iter 9500000 pBad 0.000830473 T 2.12686e-11 Obj 1.00804 Rho 0 GRdif 4.70739 success 1030133 failure 3135073 obj_new 1.00804 SA_pAcc 0 Delta 4.33586e-05 SA_r 0.104549 freedomratio 0.140435
Good enough
iter 9.99982e+06 obj1.00804 rho 0 GRdif 4.70593
Training:
Lab Growth Rates:
0.33 0.5 0.41 0.48 0.26 0.33 0.56 0.465 0.37 0.4 0.43 0.5 0.65 0.4 0.48 0.47 0.46 0.48 0.46 0.4 0.53 0.22 0.37 0.23 0.25 0.901 0.53 0.39 0.58 0.39 0.648 0.901 0.37 0.33 0.47 0.43 0.09 0.1 0.724 1.345 0.58 0.4 0.59 0.45 1.345 0.4 0.4 0.58 0.5 0.42 0.485 0.4 0.7 0.54 0.59 0.4 1.03 1.345 0.25 0.58 1.345 0.47 0.4 0.54 0.52 0.45 0.46 0.4 0.45 0.54 0.52 0.54 0.5 0.2 0.637 0.1 0.4 0.58 0.54 0.45 0.55 0.3 0.49 0.41 0.42 1.483 1.43 0.901 0.6 0.23 0.301 0.54 0.65 0.648 0.42 0.41 1.42 0.45 0.4 0.485 0.68 0.43 0.65 0.4 0.65 0.54 0.55 0.3 0.4 1.4 0.3 0.42 0.4 0.36 0.1 0.39 0.58 0.36 0.55 0.56 0.36 0.43 0.3 0.4 0.59 0.5 0.4 0.46 1.345 0.47 1.483 0.52 0.37 0.301 0.4 0.5 0.686 0.4 0.4 0.25 0.43 0.58 0.55 0.54 0.476 0.42 0.45 0.4 0.5 0.26 0.45 0.377 0.56 0.5 0.33 0.43 0.53 1.345 0.42 0.636 0.485 0.22 0.42 0.4 0.26 0.42 1.05 0.4 0.48 0.22 0.46 0.485 0.3 0.56 0.36 0.5 0.46 0.17 1.35 0.22 0.53 0.59 0.5 0.43 0.68 0.36 0.58 0.54 0.41 0.637 0.3 0.901 0.45 0.42 0.5 0.4 0.25 0.1 0.47 0.54 0.46 0.686 0.43 0.58 0.09 0.37 0.4 0.56 0.46 1.46 0.4 0.14 0.5 0.42 0.19 0.47 0.4 0.39 0.23 0.37 1.483 0.59 0.58 0.3 0.45 0.54 0.41 0.43 0.4 0.4 0.55 0.37 0.42 1.483 0.4 0.4 0.3 0.37 0.42 0.54 0.56 0.4 0.47 0.65 0.33 0.4 0.45 0.5 0.5 0.56 0.52 0.5 0.617 1.483 0.635 0.37 0.59 0.54 0.22 0.58 0.47 0.5 1.46 0.23 0.46 0.53 0.68 0.4 0.59 0.3 0.6 0.52 0.59 0.22 0.52 0.54 0.636 0.58 0.42 0.58 0.36 1.05 0.6 0.22 0.6 0.46 0.45 0.762 0.54 0.46 0.47 0.56 0.47 0.762 0.481 0.4 0.11 0.46 0.47 0.48 0.27 0.53 0.32 0.54 0.5 0.45 0.41 0.5 0.56 0.58 0.45 0.39 0.3 0.37 0.46 0.38 0.53 0.4 0.25 0.38 0.4 0.476 0.55 0.59 0.4 0.47 1.483 0.45 0.55 0.5 0.56 0.54 0.636 0.52 0.25 0.3 0.56 0.377 0.46 0.58 0.58 0.37 0.51 0.5 0.301 1.49 0.34 0.4 0.4 0.56 0.58 0.4 0.52 0.53 1.248 0.55 0.56 0.2 0.762 0.25 0.47 0.476 0.5 0.4 0.1 0.36 1.05 0.42 0.56 0.686 0.56 0.54 0.33 0.37 0.901 0.45 0.36 0.4 0.55 0.648 0.22 0.54 0.39 0.53 0.65 0.635 0.47 1.38 1.67 0.7 0.17 0.46 0.59 0.4 0.4 0.4 0.42 0.49 0.41 0.58 0.31 0.465 1.05 0.37 0.3 0.54 0.54 1.248 0.4 0.4 0.56 0.31 1.248 0.481 0.901 0.23 1.345 0.14 0.4 0.58 0.27 0.65 0.53 1.345 0.5 0.71 0.36 0.59 0.23 0.1 0.7 0.762 0.53 0.37 0.47 0.43 0.68 0.53 0.4 1.345 1.44 0.1 0.1 0.51 0.52 0.34 0.33 0.4 0.43 1.66 0.48 0.31 0.4 0.47 0.71 0.42 0.4 0.32 0.27 0.23 1.46 0.27 0.52 0.46 0.46 0.27 0.635 0.3 0.59 0.4 0.65 0.54 0.53 0.34 1.248 0.38 0.54 0.47 0.5 0.5 0.55 0.53 1.483 0.56 0.5 0.47 0.5 0.724 0.53 0.38 1.43 0.5 0.45 0.56 0.46 0.52 1.46 0.43 1.05 0.48 0.47 0.46 0.19 0.32 0.59 1.66 0.637 0.11 0.42 1.483 0.59 0.481 0.42 0.724 0.11 0.4 0.54 0.5 0.51 0.58 0.5 0.4 0.3 0.45 0.37 0.58 0.27 0.4 0.5 0.54 0.41 0.2 0.4 0.48 0.7 0.54 0.37 0.47 1.345 0.41 0.54 1.483 0.59 0.33 0.23 0.4 0.4 1.483 0.25 0.45 0.5 0.4 0.4 0.47 0.55 0.19 0.71 0.65 0.48 1.67 1.248 1.483 1.345 0.23 0.52 0.377 0.47 0.46 0.54 0.59 0.46 0.5 0.68 0.4 0.1 1.345 0.09 0.38 0.465 0.45 1.483 0.47 0.47 0.17 0.5 0.33 0.49 0.55
Dot Production Prediction of Lab Growth Rates:
0.313605 0.562942 0.337109 0.281559 0.446885 0.472849 0.530071 0.477737 0.420782 0.398612 0.363903 0.474387 0.647475 0.29302 0.311871 0.413549 0.379671 0.347703 0.383284 0.400932 0.546858 0.485076 0.373998 0.554657 0.30464 0.775225 0.36234 0.312849 0.340382 0.292632 0.656908 0.897847 0.524941 0.329544 0.315595 0.322584 0.369597 1.02368 0.677109 1.38188 0.315477 0.400501 0.292733 0.346433 1.30343 0.399892 0.370979 0.347823 0.85983 0.363501 0.481245 0.370798 0.758884 0.358313 0.323445 0.400051 1.29998 1.33993 0.352862 0.288536 1.31505 0.348641 0.402035 0.370741 0.347568 0.3681 0.323925 0.373502 1.44884 0.367747 0.375003 0.29022 0.31202 0.357701 0.654911 1.633 0.401737 0.476579 0.353764 1.51162 0.547046 0.594946 0.363011 0.471814 0.28222 1.33322 1.2095 0.901723 0.620313 0.436039 0.470856 0.314095 0.630389 0.664989 0.368755 0.374273 1.48519 1.50959 0.398466 0.461443 0.420374 0.333062 0.647448 0.401913 0.643141 0.472308 0.449914 0.303341 0.3992 1.39519 0.554249 0.579494 0.400635 0.323745 0.416146 0.311 0.478467 0.343692 0.55434 0.54644 0.382394 0.409482 0.461429 0.402098 0.330577 0.801493 0.398726 0.521723 1.3458 0.388733 1.31213 0.33214 0.379339 0.470816 0.388501 0.34308 0.670815 0.401187 0.395803 0.499658 0.3721 0.471914 0.55743 0.478452 0.479845 0.351639 0.379895 0.373371 0.347445 0.554294 0.332493 0.480644 0.551249 0.334782 0.297057 0.369386 0.423637 1.33672 0.322909 0.672904 0.46565 0.481294 0.319692 0.398914 0.410064 0.553406 1.40723 0.399938 0.275665 0.330024 0.380985 0.480891 0.549966 0.465766 0.391037 0.81523 0.313287 0.286439 1.13288 0.399322 0.293841 0.333315 0.480951 0.345127 0.417009 0.338538 0.47402 0.464599 0.353003 0.652324 0.302238 0.899387 0.352839 0.356417 0.366867 0.396561 0.456166 0.310338 0.328763 0.530842 0.455947 0.677481 0.34761 0.475887 0.41152 0.425513 0.389323 0.543622 0.294235 1.45725 0.389221 0.298238 0.542287 0.333289 0.284868 0.338747 0.401204 0.291999 0.434907 0.380793 1.27361 0.542149 0.371447 0.548791 0.366251 0.29576 0.470966 0.360525 0.401238 0.393934 0.462733 0.422322 0.329543 1.30972 0.397936 0.363506 0.29883 0.417778 0.321231 0.479034 0.472695 0.393188 0.433434 0.639272 0.312313 0.392448 0.319707 0.333725 0.329057 0.470449 0.349213 0.527643 0.635868 1.29448 0.665284 0.424919 0.546414 0.346285 0.473859 0.376014 0.360309 0.693093 1.03641 0.557465 0.295113 0.496687 0.416465 0.399169 0.276609 0.546425 0.581632 0.357811 0.541885 0.483232 0.379048 0.33025 0.672847 0.47086 0.339617 0.339212 0.33942 1.04587 0.578328 0.359822 0.592325 0.322264 0.342152 0.763899 0.35121 0.405314 0.378906 0.549095 0.321599 0.763807 0.474165 0.386745 0.324252 0.548964 0.369396 0.321577 0.327451 0.363086 0.338767 0.528734 0.335256 0.310772 0.333663 0.411217 0.55109 0.337763 0.352677 0.33679 0.604656 0.417594 0.463046 0.370246 0.52816 0.393995 0.357828 0.337299 0.388118 0.479084 0.461676 0.551265 0.400551 0.316252 1.26002 1.41221 0.546259 0.524342 0.546457 0.382326 0.675798 0.328612 1.46615 0.331452 0.526726 0.475304 0.459333 0.472061 0.448275 0.428041 0.354675 0.479801 0.472688 1.51162 0.31707 0.382383 0.399756 0.545393 0.472963 0.392208 0.341567 0.40644 0.84007 0.46767 0.469544 0.356811 0.758833 0.994294 0.369636 0.480314 0.557617 0.397808 1.34503 0.346767 1.04164 0.286131 0.469102 0.678223 0.556 0.535419 0.461679 0.391466 0.940183 1.4254 0.357627 0.373351 0.548133 0.654344 0.485058 0.341012 0.301218 0.53192 0.654621 0.665064 0.273652 1.29047 1.36115 0.757011 0.260312 0.40827 0.336316 0.402785 0.403441 0.398954 0.314737 0.364045 0.298814 0.473318 0.566764 0.478916 1.04915 0.428831 0.619232 0.335184 0.462958 0.833605 0.399026 0.402349 0.468185 0.572144 0.841692 0.470186 0.893682 0.551254 1.34342 0.297842 0.398566 0.479347 0.266462 0.653195 0.533849 1.27348 0.818643 0.665615 0.377885 0.30754 0.43599 0.408619 0.757775 0.762168 0.313799 0.356233 0.438782 0.395627 0.416656 0.543286 0.399721 1.36378 1.49098 1.65342 1.39335 0.377966 0.323133 0.335769 0.326423 0.36835 0.415515 1.53908 0.335429 0.592595 0.400786 0.444804 0.669196 0.301367 0.385663 0.327242 0.559083 0.541932 1.04471 0.327791 0.376974 0.466893 0.306225 0.35215 0.6642 0.345909 0.288384 0.368834 0.659243 0.529937 0.310755 0.347886 0.836512 0.331753 0.544436 0.361083 0.854778 0.342929 0.469134 0.376583 1.31539 0.54381 0.335368 0.360311 0.473217 0.674788 0.539231 0.318234 1.2281 0.763777 1.4254 0.551379 0.447401 0.348576 1.03088 0.335505 1.04585 0.325146 0.366777 0.498937 0.282501 0.316373 0.54811 1.53901 0.654899 0.356001 0.578434 1.33035 0.543041 0.470866 0.369143 0.672601 0.339643 0.384182 0.534466 0.337224 0.342964 0.322067 0.731588 0.398364 0.297588 1.48347 0.31959 0.476075 0.356282 0.371575 0.764873 0.487256 0.34339 0.370358 0.400435 0.299943 0.753889 0.332176 0.41439 0.4078 1.30972 0.463373 0.551492 1.35689 0.555862 0.428475 0.543678 0.405573 0.307447 1.33526 0.358225 0.387343 0.473307 0.391764 0.405257 0.354158 0.552903 0.287753 0.671314 0.661394 0.343335 1.48645 0.831759 1.33325 1.34004 0.551699 0.376616 0.475401 0.325584 0.337257 0.356013 0.352735 0.466724 0.472882 0.41769 0.407219 1.392 1.34742 0.340363 0.374866 0.477923 0.365776 1.318 0.344212 0.333282 0.354744 0.814395 0.324577 0.355521 0.47626
Testing:
Lab Growth Rates:
0.5
Dot Production Prediction of Lab Growth Rates:
0.822074
Best performance so far: 
Obj: 4.65801e-310Rho: 6.5069e-314Diff: 4.65801e-310
Test:
 Lab Growth Rates:
0.5Dot Product Prediction of Growth Rate:
0.8220745