seed =  5 traits =  1 
Training: part  68 
Training: part  68 
Round  1 
 Goal of obj  0.99 
Temperature range:  0.0078125 3.125e-09 
Cycle 1Round 1
Iter 500000 pBad 0.921611 T 0.00374019 Obj 1.17259 Rho 0 GRdif 93.3024 success 148350 failure 4650 obj_new 1.17259 SA_pAcc 1 Delta -0.0915363 SA_r 0.831875 freedomratio 0.372537
Iter 1000000 pBad 0.858553 T 0.00179059 Obj 1.0941 Rho 0 GRdif 52.6984 success 294739 failure 14684 obj_new 1.0941 SA_pAcc 0.879439 Delta 0.0659709 SA_r 0.260343 freedomratio 0.3723
Iter 1500000 pBad 0.824171 T 0.000857235 Obj 1.05659 Rho 0 GRdif 32.2579 success 438778 failure 30294 obj_new 1.05659 SA_pAcc 1 Delta -0.0141605 SA_r 0.28214 freedomratio 0.36106
Iter 2000000 pBad 0.801801 T 0.000410396 Obj 1.04272 Rho 0 GRdif 24.5123 success 581390 failure 49385 obj_new 1.04272 SA_pAcc 1 Delta -0.050248 SA_r 0.959311 freedomratio 0.36925
Iter 2500000 pBad 0.775905 T 0.000196474 Obj 1.03368 Rho 0 GRdif 19.4097 success 722923 failure 70845 obj_new 1.03368 SA_pAcc 1 Delta 0.00744333 SA_r 0.311527 freedomratio 0.37468
Iter 3000000 pBad 0.732614 T 9.40608e-05 Obj 1.02365 Rho 0 GRdif 13.6965 success 862002 failure 96538 obj_new 1.02365 SA_pAcc 1 Delta -0.0270097 SA_r 0.266675 freedomratio 0.359509
Iter 3500000 pBad 0.675265 T 4.5031e-05 Obj 1.01999 Rho 0 GRdif 11.5969 success 999835 failure 125404 obj_new 1.01999 SA_pAcc 0.633547 Delta 0.056047 SA_r 0.302197 freedomratio 0.354507
Iter 4000000 pBad 0.601609 T 2.15583e-05 Obj 1.0175 Rho 0 GRdif 10.1644 success 1136357 failure 156613 obj_new 1.0175 SA_pAcc 1 Delta 0.0499714 SA_r 0.188733 freedomratio 0.355798
Iter 4500000 pBad 0.521601 T 1.03209e-05 Obj 1.01531 Rho 0 GRdif 8.9028 success 1268719 failure 195223 obj_new 1.01531 SA_pAcc 0.942638 Delta 0.0131182 SA_r 0.548055 freedomratio 0.354507
Iter 5000000 pBad 0.387229 T 4.94107e-06 Obj 1.01298 Rho 0 GRdif 7.56012 success 1391858 failure 251625 obj_new 1.01298 SA_pAcc 1 Delta -0.0369214 SA_r 0.315086 freedomratio 0.357099
Iter 5500000 pBad 0.273931 T 2.3655e-06 Obj 1.01188 Rho 0 GRdif 6.91819 success 1498651 failure 339557 obj_new 1.01188 SA_pAcc 0.66486 Delta 0.00652759 SA_r 0.405746 freedomratio 0.346336
Iter 6000000 pBad 0.227706 T 1.13247e-06 Obj 1.01098 Rho 0 GRdif 6.39979 success 1593453 failure 453562 obj_new 1.01098 SA_pAcc 0.482924 Delta 0.0136972 SA_r 0.422304 freedomratio 0.326281
Iter 6500000 pBad 0.15434 T 5.42163e-07 Obj 1.01022 Rho 0 GRdif 5.95953 success 1675280 failure 595563 obj_new 1.01022 SA_pAcc 1.27338 Delta 0.00611669 SA_r 0.558219 freedomratio 0.308097
Iter 7000000 pBad 0.123024 T 2.59557e-07 Obj 1.00976 Rho 0 GRdif 5.69355 success 1737884 failure 782967 obj_new 1.00976 SA_pAcc 1 Delta -0.0103303 SA_r 0.250401 freedomratio 0.287114
Iter 7500000 pBad 0.0629569 T 1.24261e-07 Obj 1.00951 Rho 0 GRdif 5.54745 success 1782996 failure 1015415 obj_new 1.00951 SA_pAcc 0.145235 Delta -0.00375506 SA_r 0.680198 freedomratio 0.259292
Iter 8000000 pBad 0.0419601 T 5.94893e-08 Obj 1.00935 Rho 0 GRdif 5.45101 success 1817847 failure 1278602 obj_new 1.00935 SA_pAcc 1 Delta -0.000652517 SA_r 0.274884 freedomratio 0.240558
Iter 8500000 pBad 0.0263432 T 2.84801e-08 Obj 1.00922 Rho 0 GRdif 5.37906 success 1844192 failure 1570274 obj_new 1.00922 SA_pAcc 5.55351e-05 Delta 0.00257236 SA_r 0.210636 freedomratio 0.220799
Iter 9000000 pBad 0.020818 T 1.36347e-08 Obj 1.00917 Rho 0 GRdif 5.34904 success 1862646 failure 1891987 obj_new 1.00917 SA_pAcc 4.57936e-18 Delta -0.00176536 SA_r 0.426707 freedomratio 0.211782
Iter 9500000 pBad 0.0105007 T 6.52751e-09 Obj 1.00914 Rho 0 GRdif 5.33438 success 1876493 failure 2232400 obj_new 1.00914 SA_pAcc 0 Delta 0.000473707 SA_r 0.472076 freedomratio 0.204538
Iter 10000000 pBad 0.00754341 T 3.125e-09 Obj 1.00911 Rho 0 GRdif 5.31687 success 1885485 failure 2589026 obj_new 1.00911 SA_pAcc 1 Delta -0.000312792 SA_r 0.951416 freedomratio 0.198577
Cannot move further
iter 9.99987e+06 obj1.00911 rho 0 GRdif 5.31687
Training:
Lab Growth Rates:
0.7 0.37 0.4 0.4 0.33 0.55 0.54 0.58 1.67 0.11 0.19 0.636 0.4 0.38 0.54 0.4 0.54 0.42 0.23 0.7 0.5 0.23 0.4 0.53 0.56 0.43 0.58 0.485 0.2 0.4 0.33 0.42 0.3 0.56 0.46 0.648 0.65 0.4 1.66 0.17 0.55 0.56 0.5 0.3 0.37 0.47 0.5 0.5 0.485 0.46 0.4 0.37 0.48 0.1 0.52 0.5 0.45 0.5 0.4 0.58 0.53 0.22 0.59 0.5 0.54 0.23 0.4 0.58 1.46 0.4 0.25 0.55 0.33 0.36 1.483 0.41 0.47 0.38 0.4 0.53 0.65 0.1 0.59 0.23 0.4 1.345 0.53 0.4 0.46 0.42 0.59 0.686 0.377 0.59 0.09 0.43 0.25 0.47 0.37 0.4 0.65 0.25 0.4 0.17 0.56 0.54 0.45 0.4 0.37 0.37 0.56 0.22 0.4 0.45 0.1 0.48 0.54 0.58 0.59 0.686 0.53 0.26 0.47 0.56 0.4 0.54 0.56 0.33 0.47 0.68 0.59 0.47 0.4 0.36 0.49 0.52 0.4 0.465 1.483 0.4 0.58 0.38 0.481 0.23 0.47 0.4 0.635 0.51 0.648 1.483 0.55 0.11 0.4 0.901 0.54 0.33 0.47 0.5 1.483 1.35 0.37 0.68 0.42 0.476 0.42 0.59 0.5 0.4 0.635 0.31 0.58 0.4 1.345 0.46 0.42 1.46 0.33 0.54 0.48 0.46 0.43 0.56 1.345 0.31 0.58 0.4 0.23 0.5 0.27 0.47 0.46 0.71 0.52 0.59 0.53 1.42 0.5 0.71 0.37 0.37 0.71 0.25 0.48 0.46 0.3 0.43 0.47 0.36 0.43 0.53 0.3 1.248 0.762 0.3 0.54 0.52 0.39 0.59 0.55 0.4 0.476 1.46 0.19 0.4 0.47 0.5 0.22 0.648 0.47 0.53 0.41 0.47 0.58 0.6 0.637 0.377 0.42 0.41 0.37 0.36 1.05 0.42 0.5 0.36 1.46 0.65 0.465 0.46 0.22 0.4 0.45 0.54 0.33 0.5 1.345 0.4 0.4 0.47 0.45 0.58 0.4 0.25 0.43 0.43 0.43 0.4 0.59 1.345 0.43 0.54 0.52 0.22 0.3 0.56 0.42 0.41 0.53 0.46 0.1 0.46 0.45 0.5 0.41 1.248 0.2 0.37 0.3 0.46 0.23 0.58 1.483 0.3 0.42 0.4 0.56 0.53 0.58 1.248 0.3 0.65 0.45 1.03 0.635 0.901 0.56 0.56 0.36 1.05 0.25 0.4 0.47 1.483 0.42 0.27 0.59 0.09 0.39 0.55 0.58 0.42 0.4 0.54 0.901 0.4 0.485 1.483 0.55 0.27 0.4 0.3 0.53 0.47 0.58 0.47 0.54 0.65 0.5 0.5 0.52 0.6 0.36 0.42 0.2 0.4 0.41 0.41 0.4 0.686 0.32 0.34 0.46 0.39 0.59 0.46 0.54 0.39 0.481 1.4 0.637 0.901 0.52 0.46 0.4 0.54 0.762 0.301 0.4 1.345 0.55 0.19 0.5 0.47 0.53 0.22 0.42 0.56 0.3 0.58 0.54 0.485 0.45 0.65 0.42 0.54 0.54 0.52 0.5 0.46 0.3 0.4 0.476 0.46 1.345 0.52 0.27 0.37 0.23 0.45 0.56 0.46 0.301 0.42 0.47 0.17 1.43 0.14 0.4 0.53 0.5 0.26 0.59 0.42 0.4 1.345 0.37 0.45 0.68 0.5 0.4 0.1 0.4 0.4 0.55 0.53 0.47 0.45 0.41 0.59 1.483 0.5 1.05 0.26 1.248 0.45 0.48 0.25 0.43 0.5 0.27 0.45 1.483 1.345 1.67 0.724 0.45 0.58 0.56 0.22 1.49 0.4 0.5 0.55 0.27 0.37 0.5 0.54 0.4 0.636 1.345 0.32 0.3 1.483 0.4 0.36 0.51 0.09 1.43 0.5 0.58 0.7 0.58 0.65 1.248 0.45 0.58 0.48 0.5 0.37 0.68 0.4 0.46 1.345 0.5 0.301 0.45 0.38 0.54 0.3 0.48 0.68 0.59 0.617 0.56 0.465 0.54 0.38 0.6 0.4 1.38 0.47 0.7 0.33 0.46 0.48 0.5 0.724 0.4 0.54 0.14 0.33 0.58 0.54 0.45 0.39 0.51 0.1 0.49 0.46 1.345 0.39 0.4 0.54 0.49 0.45 0.31 0.5 0.47 0.54 0.52 0.5 0.43 0.55 0.45 0.58 0.637 0.4 0.41 1.05 0.4 0.1 0.34 0.52 0.53 0.636 0.4 0.65 0.1 0.377 0.22 0.36 0.901 0.47 0.34 0.54 0.23 0.901 0.46 0.25 0.43 0.4 0.6 1.66 0.1 0.37 0.47 0.32 1.483 0.56 1.44 0.52 0.4 0.481 0.762 1.483 0.56 0.48 0.54 0.11 0.4 1.05 0.762 0.42 0.724 0.59 0.55 0.4
Dot Production Prediction of Lab Growth Rates:
0.704969 0.388956 0.405752 0.397443 0.45227 0.478147 0.464779 0.274934 1.36294 0.358582 0.32286 0.670505 0.406932 0.367169 0.368834 0.405784 0.308839 0.32375 0.554264 0.700446 0.381741 0.546826 0.402083 0.339558 0.552637 0.39219 0.462632 0.51771 0.344076 0.4042 0.477426 0.300596 0.439536 0.539225 0.306447 0.652347 0.64997 0.403595 1.65999 0.258647 0.50323 0.53031 0.550834 0.474088 0.399299 0.349923 0.572214 0.35893 0.514472 0.334564 0.392004 0.415612 0.295777 0.392082 0.36711 0.321367 0.371205 0.481598 0.394183 0.468727 0.293184 0.487875 0.381726 0.62155 0.396608 0.548098 0.404356 0.349361 1.02995 0.398826 0.48043 0.563848 0.310898 0.323447 1.09645 0.389568 0.4018 0.298864 0.402697 0.421642 0.657259 1.86277 0.542905 0.560973 0.398715 1.21381 0.528949 0.382109 0.425904 0.301827 0.359845 0.671668 0.515294 0.330225 0.370229 0.371592 1.67712 0.316717 0.406533 0.396067 0.625884 0.297648 0.390547 0.390747 0.466162 0.318828 1.69042 0.404416 0.281478 0.415477 0.555795 0.492409 0.404079 0.329576 1.60665 0.257982 0.474193 0.451383 0.363389 0.667761 0.547203 0.497107 0.414741 0.532456 0.402061 0.308443 0.538099 0.302972 0.356212 0.525916 0.555095 0.39235 0.401563 0.344604 0.368435 0.351369 0.399742 0.520432 1.04917 0.405971 0.476944 0.341361 0.517053 0.436181 0.45875 0.40268 0.664127 0.406256 0.659922 1.15613 0.490358 0.378699 0.39856 1.26088 0.372649 0.441969 0.371297 0.562113 1.06659 1.30845 0.409586 0.529742 0.34113 0.515569 0.535331 0.340527 0.319592 0.406334 0.665042 0.556422 0.48689 0.349678 1.15868 0.475812 0.386186 1.0386 0.314152 0.531799 0.34923 0.352133 0.39455 0.542582 1.12983 0.538593 0.465311 0.402455 0.440466 0.570257 0.368568 0.365143 0.461429 0.669072 0.423494 0.312785 0.527295 1.67832 0.304355 0.662828 0.398839 0.40283 0.675341 0.347299 0.271554 0.389084 0.535 0.347119 0.343849 0.34482 0.412219 0.402008 0.296511 1.2626 1.43768 0.342383 0.383564 0.403202 0.299224 0.323358 0.566997 0.41109 0.517707 1.03201 0.346468 0.400455 0.468743 0.418929 0.418714 0.659975 0.370434 0.5472 0.348849 0.345223 0.397808 0.549462 0.664062 0.5126 0.283561 0.300092 0.480088 0.364002 1.47214 0.33231 0.637136 0.413019 1.51406 0.648309 0.518405 0.468084 0.351424 0.298534 1.67058 0.54519 0.298639 0.700253 1.11431 0.398884 0.400251 0.347156 0.404266 0.36806 0.404574 0.847419 0.363494 0.379328 0.39083 0.404282 0.320886 1.15869 0.368589 0.525941 0.393524 0.486488 0.34332 0.46906 0.340117 0.523673 0.436698 0.448769 0.398461 0.469801 0.305986 0.526938 0.385453 1.24775 0.323568 0.394433 0.301089 0.380541 0.5484 0.459951 1.09829 0.573003 0.337088 0.40326 0.54063 0.411881 0.370119 1.24912 0.53298 0.66339 1.63839 1.366 0.657642 0.903493 0.481218 0.557493 0.369802 1.04993 0.419824 0.390037 0.349582 1.05955 0.295427 0.351292 0.562111 0.432896 0.330148 0.569536 0.467598 0.330215 0.407156 0.377262 0.901 0.398032 0.519481 1.1452 0.495382 0.360887 0.394334 0.292648 0.274332 0.359598 0.38283 0.373829 0.471525 0.653937 0.637851 0.527105 0.348808 0.560492 0.420553 0.33717 0.369153 0.409132 0.526005 0.357765 0.401285 0.670274 0.319974 0.31837 0.398011 0.348365 0.553657 0.318678 0.33391 0.336691 0.51489 1.41427 0.657117 0.895693 0.385765 0.399165 0.402434 0.473732 1.45215 0.520698 0.406088 1.08198 0.493358 0.3204 0.318024 0.337628 0.532343 0.489478 0.312044 0.4654 0.541332 0.488042 0.470061 0.515153 1.61515 0.636793 0.52247 0.324176 0.529181 0.330958 0.673604 0.465868 0.29551 0.303263 0.514123 0.375763 1.09207 0.379394 0.331917 0.391824 0.544508 1.59449 0.474193 0.458584 0.530924 0.54581 0.412784 0.284802 1.37646 0.468811 0.399552 0.415194 0.335494 0.40004 0.351322 0.331886 0.392721 1.09597 0.402461 0.359836 0.531357 0.33819 0.390582 1.90877 0.40193 0.40656 0.498265 0.384141 0.411694 0.354159 0.519949 0.562436 1.10919 0.543433 1.03157 0.387325 1.24667 0.35576 0.357639 0.361473 0.352513 0.481793 0.286375 1.76469 1.10996 1.21169 1.70688 0.668138 0.390187 0.462529 0.464001 0.491246 1.69042 0.408166 0.591631 0.544938 0.565591 0.418808 0.625884 0.292943 0.400719 0.674257 1.12487 0.343015 0.566109 1.15217 0.408084 0.360707 0.383328 0.342681 1.36389 0.395645 0.382986 0.711862 0.369444 0.644717 1.24797 0.362581 0.482567 0.305686 0.369274 0.411006 0.531835 0.40191 0.285139 1.1392 0.31963 0.524441 0.400199 0.308025 0.554899 0.524113 0.318139 0.527135 0.542411 0.793277 0.537897 0.510574 0.551557 0.269904 0.561126 0.40131 1.35619 0.338206 0.701076 0.351576 0.464101 0.342957 0.48918 0.672161 0.388601 0.349801 0.462688 0.349 0.312127 0.472251 0.316444 0.355857 0.416218 1.53012 0.395906 0.359505 1.14806 0.291201 0.407709 0.536562 0.381369 1.70651 0.518971 0.571228 0.35166 0.300537 0.396848 0.666345 0.384566 0.551976 0.346859 0.44286 0.657937 0.40283 0.39679 1.05174 0.407221 1.62275 0.332914 0.368695 0.550902 0.669147 0.404066 0.62999 0.313475 0.520372 0.396817 0.299059 0.89752 0.366046 0.344457 0.334409 0.43576 0.899255 0.461369 0.34374 0.366227 0.403748 0.549165 1.63334 0.833012 0.410107 0.394099 0.302786 1.0509 0.531132 1.59517 0.381203 0.402389 0.513099 1.44633 1.16368 0.546284 0.338295 0.382663 0.315646 0.397651 1.05001 1.46227 0.351403 0.673108 0.541823 0.548621 0.390636
Testing:
Lab Growth Rates:
0.5 0.5 0.5
Dot Production Prediction of Lab Growth Rates:
0.472935 0.47097 0.465834
Best performance so far: 
Obj: 4.68461e-310Rho: 2.26291e-314Diff: 4.68461e-310
Anneal again with the best G and E so far as input
Cycle 2Round 1
Iter 500000 pBad 0.88224 T 0.00374019 Obj 1.08862 Rho 0 GRdif 49.7593 success 105587 failure 6073 obj_new 1.08862 SA_pAcc 0.978597 Delta -0.060568 SA_r 0.892961 freedomratio 0.244779
Iter 1000000 pBad 0.852618 T 0.00179059 Obj 1.0705 Rho 0 GRdif 39.9198 success 209455 failure 15995 obj_new 1.0705 SA_pAcc 1 Delta -0.0263282 SA_r 0.421851 freedomratio 0.245496
Iter 1500000 pBad 0.795237 T 0.000857235 Obj 1.05089 Rho 0 GRdif 29.0892 success 312265 failure 28993 obj_new 1.05089 SA_pAcc 1.16698 Delta -0.0385527 SA_r 0.265405 freedomratio 0.244779
Iter 2000000 pBad 0.751421 T 0.000410396 Obj 1.03618 Rho 0 GRdif 20.829 success 413491 failure 46400 obj_new 1.03618 SA_pAcc 1.10056 Delta -0.0243579 SA_r 0.0392436 freedomratio 0.24265
Iter 2500000 pBad 0.717645 T 0.000196474 Obj 1.03144 Rho 0 GRdif 18.139 success 513030 failure 67287 obj_new 1.03144 SA_pAcc 1 Delta 0.0647252 SA_r 0.965324 freedomratio 0.246633
Iter 3000000 pBad 0.624921 T 9.40608e-05 Obj 1.02814 Rho 0 GRdif 16.2622 success 611528 failure 91045 obj_new 1.02814 SA_pAcc 0.975872 Delta -0.0447519 SA_r 0.196556 freedomratio 0.246633
Iter 3500000 pBad 0.565718 T 4.5031e-05 Obj 1.02291 Rho 0 GRdif 13.2755 success 707843 failure 120686 obj_new 1.02291 SA_pAcc 1 Delta -0.00161185 SA_r 0.915536 freedomratio 0.248516
Iter 4000000 pBad 0.522015 T 2.15583e-05 Obj 1.02009 Rho 0 GRdif 11.656 success 802677 failure 153435 obj_new 1.02009 SA_pAcc 1 Delta -0.047527 SA_r 0.0183472 freedomratio 0.243053
Iter 4500000 pBad 0.436689 T 1.03209e-05 Obj 1.01802 Rho 0 GRdif 10.4637 success 896096 failure 189482 obj_new 1.01802 SA_pAcc 1 Delta -0.0191082 SA_r 0.259356 freedomratio 0.246115
Iter 5000000 pBad 0.393729 T 4.94107e-06 Obj 1.01599 Rho 0 GRdif 9.29667 success 983301 failure 235902 obj_new 1.01599 SA_pAcc 1 Delta 0.00380167 SA_r 0.512442 freedomratio 0.240657
Iter 5500000 pBad 0.299273 T 2.3655e-06 Obj 1.01196 Rho 0 GRdif 6.96663 success 1064235 failure 299267 obj_new 1.01196 SA_pAcc 1.23702 Delta -0.0058968 SA_r 0.997173 freedomratio 0.233839
Iter 6000000 pBad 0.26343 T 1.13247e-06 Obj 1.01046 Rho 0 GRdif 6.09649 success 1142580 failure 368108 obj_new 1.01046 SA_pAcc 1 Delta 0.00656859 SA_r 0.630779 freedomratio 0.232079
Iter 6500000 pBad 0.203692 T 5.42163e-07 Obj 1.00942 Rho 0 GRdif 5.49225 success 1212158 failure 458606 obj_new 1.00942 SA_pAcc 0.864038 Delta -0.000442175 SA_r 0.0782683 freedomratio 0.226342
Iter 7000000 pBad 0.153612 T 2.59557e-07 Obj 1.0085 Rho 0 GRdif 4.9598 success 1272121 failure 573467 obj_new 1.0085 SA_pAcc 1 Delta 0.00660011 SA_r 0.367406 freedomratio 0.2156
Iter 7500000 pBad 0.0834901 T 1.24261e-07 Obj 1.00787 Rho 0 GRdif 4.59428 success 1319072 failure 725650 obj_new 1.00787 SA_pAcc 1 Delta 0.000275987 SA_r 0.0588416 freedomratio 0.204466
Iter 8000000 pBad 0.0634738 T 5.94893e-08 Obj 1.0076 Rho 0 GRdif 4.43421 success 1355003 failure 914300 obj_new 1.0076 SA_pAcc 4.27971 Delta 0.000637747 SA_r 0.412704 freedomratio 0.1877
Iter 8500000 pBad 0.0291283 T 2.84801e-08 Obj 1.00753 Rho 0 GRdif 4.39332 success 1375779 failure 1150419 obj_new 1.00753 SA_pAcc 1 Delta 0.00113138 SA_r 0.578962 freedomratio 0.177414
Iter 9000000 pBad 0.0141927 T 1.36347e-08 Obj 1.00749 Rho 0 GRdif 4.37164 success 1391989 failure 1409845 obj_new 1.00749 SA_pAcc 1 Delta 0.00133194 SA_r 0.646011 freedomratio 0.168391
Iter 9500000 pBad 0.0135343 T 6.52751e-09 Obj 1.00747 Rho 0 GRdif 4.35913 success 1404689 failure 1689877 obj_new 1.00747 SA_pAcc 1 Delta 0.00040201 SA_r 0.443493 freedomratio 0.160109
Good enough
iter 9.9997e+06 obj1.00745 rho 0 GRdif 4.35185
Training:
Lab Growth Rates:
0.7 0.37 0.4 0.4 0.33 0.55 0.54 0.58 1.67 0.11 0.19 0.636 0.4 0.38 0.54 0.4 0.54 0.42 0.23 0.7 0.5 0.23 0.4 0.53 0.56 0.43 0.58 0.485 0.2 0.4 0.33 0.42 0.3 0.56 0.46 0.648 0.65 0.4 1.66 0.17 0.55 0.56 0.5 0.3 0.37 0.47 0.5 0.5 0.485 0.46 0.4 0.37 0.48 0.1 0.52 0.5 0.45 0.5 0.4 0.58 0.53 0.22 0.59 0.5 0.54 0.23 0.4 0.58 1.46 0.4 0.25 0.55 0.33 0.36 1.483 0.41 0.47 0.38 0.4 0.53 0.65 0.1 0.59 0.23 0.4 1.345 0.53 0.4 0.46 0.42 0.59 0.686 0.377 0.59 0.09 0.43 0.25 0.47 0.37 0.4 0.65 0.25 0.4 0.17 0.56 0.54 0.45 0.4 0.37 0.37 0.56 0.22 0.4 0.45 0.1 0.48 0.54 0.58 0.59 0.686 0.53 0.26 0.47 0.56 0.4 0.54 0.56 0.33 0.47 0.68 0.59 0.47 0.4 0.36 0.49 0.52 0.4 0.465 1.483 0.4 0.58 0.38 0.481 0.23 0.47 0.4 0.635 0.51 0.648 1.483 0.55 0.11 0.4 0.901 0.54 0.33 0.47 0.5 1.483 1.35 0.37 0.68 0.42 0.476 0.42 0.59 0.5 0.4 0.635 0.31 0.58 0.4 1.345 0.46 0.42 1.46 0.33 0.54 0.48 0.46 0.43 0.56 1.345 0.31 0.58 0.4 0.23 0.5 0.27 0.47 0.46 0.71 0.52 0.59 0.53 1.42 0.5 0.71 0.37 0.37 0.71 0.25 0.48 0.46 0.3 0.43 0.47 0.36 0.43 0.53 0.3 1.248 0.762 0.3 0.54 0.52 0.39 0.59 0.55 0.4 0.476 1.46 0.19 0.4 0.47 0.5 0.22 0.648 0.47 0.53 0.41 0.47 0.58 0.6 0.637 0.377 0.42 0.41 0.37 0.36 1.05 0.42 0.5 0.36 1.46 0.65 0.465 0.46 0.22 0.4 0.45 0.54 0.33 0.5 1.345 0.4 0.4 0.47 0.45 0.58 0.4 0.25 0.43 0.43 0.43 0.4 0.59 1.345 0.43 0.54 0.52 0.22 0.3 0.56 0.42 0.41 0.53 0.46 0.1 0.46 0.45 0.5 0.41 1.248 0.2 0.37 0.3 0.46 0.23 0.58 1.483 0.3 0.42 0.4 0.56 0.53 0.58 1.248 0.3 0.65 0.45 1.03 0.635 0.901 0.56 0.56 0.36 1.05 0.25 0.4 0.47 1.483 0.42 0.27 0.59 0.09 0.39 0.55 0.58 0.42 0.4 0.54 0.901 0.4 0.485 1.483 0.55 0.27 0.4 0.3 0.53 0.47 0.58 0.47 0.54 0.65 0.5 0.5 0.52 0.6 0.36 0.42 0.2 0.4 0.41 0.41 0.4 0.686 0.32 0.34 0.46 0.39 0.59 0.46 0.54 0.39 0.481 1.4 0.637 0.901 0.52 0.46 0.4 0.54 0.762 0.301 0.4 1.345 0.55 0.19 0.5 0.47 0.53 0.22 0.42 0.56 0.3 0.58 0.54 0.485 0.45 0.65 0.42 0.54 0.54 0.52 0.5 0.46 0.3 0.4 0.476 0.46 1.345 0.52 0.27 0.37 0.23 0.45 0.56 0.46 0.301 0.42 0.47 0.17 1.43 0.14 0.4 0.53 0.5 0.26 0.59 0.42 0.4 1.345 0.37 0.45 0.68 0.5 0.4 0.1 0.4 0.4 0.55 0.53 0.47 0.45 0.41 0.59 1.483 0.5 1.05 0.26 1.248 0.45 0.48 0.25 0.43 0.5 0.27 0.45 1.483 1.345 1.67 0.724 0.45 0.58 0.56 0.22 1.49 0.4 0.5 0.55 0.27 0.37 0.5 0.54 0.4 0.636 1.345 0.32 0.3 1.483 0.4 0.36 0.51 0.09 1.43 0.5 0.58 0.7 0.58 0.65 1.248 0.45 0.58 0.48 0.5 0.37 0.68 0.4 0.46 1.345 0.5 0.301 0.45 0.38 0.54 0.3 0.48 0.68 0.59 0.617 0.56 0.465 0.54 0.38 0.6 0.4 1.38 0.47 0.7 0.33 0.46 0.48 0.5 0.724 0.4 0.54 0.14 0.33 0.58 0.54 0.45 0.39 0.51 0.1 0.49 0.46 1.345 0.39 0.4 0.54 0.49 0.45 0.31 0.5 0.47 0.54 0.52 0.5 0.43 0.55 0.45 0.58 0.637 0.4 0.41 1.05 0.4 0.1 0.34 0.52 0.53 0.636 0.4 0.65 0.1 0.377 0.22 0.36 0.901 0.47 0.34 0.54 0.23 0.901 0.46 0.25 0.43 0.4 0.6 1.66 0.1 0.37 0.47 0.32 1.483 0.56 1.44 0.52 0.4 0.481 0.762 1.483 0.56 0.48 0.54 0.11 0.4 1.05 0.762 0.42 0.724 0.59 0.55 0.4
Dot Production Prediction of Lab Growth Rates:
0.839353 0.370773 0.3832 0.399427 0.478739 0.453932 0.473678 0.266913 1.36767 0.335275 0.279729 0.703892 0.387388 0.368489 0.393041 0.384311 0.387685 0.328456 0.54588 0.82489 0.354933 0.545979 0.380217 0.313703 0.548264 0.419986 0.475165 0.560482 0.365371 0.388333 0.451976 0.337839 0.47612 0.546779 0.307103 0.678584 0.643055 0.381742 1.65997 0.289996 0.473969 0.526214 0.547778 0.536447 0.410752 0.382838 0.742122 0.341224 0.56125 0.304804 0.388206 0.420386 0.30392 0.436753 0.325689 0.347638 0.369563 0.479972 0.368513 0.478575 0.324183 0.482291 0.366721 0.763193 0.379175 0.542465 0.384579 0.312571 1.04495 0.374538 0.498482 0.558436 0.30544 0.321384 1.31195 0.381114 0.435882 0.313778 0.380678 0.45925 0.654383 1.43138 0.54216 0.549114 0.376061 1.37465 0.529809 0.356261 0.407847 0.32438 0.3523 0.698472 0.560909 0.340713 0.371542 0.393013 1.44049 0.318033 0.414112 0.370843 0.631694 0.297133 0.360209 0.373681 0.476698 0.382687 1.48967 0.382973 0.310386 0.422156 0.544946 0.471752 0.380864 0.322104 1.16965 0.269156 0.482088 0.474293 0.335485 0.697558 0.524064 0.517223 0.458176 0.546533 0.382638 0.304407 0.550781 0.308379 0.381023 0.307195 0.552879 0.433116 0.402205 0.33261 0.383109 0.348794 0.398683 0.571353 1.30943 0.385262 0.477311 0.378495 0.563009 0.430401 0.382955 0.381465 0.68744 0.364421 0.687352 1.369 0.470735 0.357281 0.368238 0.820582 0.348666 0.413697 0.388513 0.557188 1.30273 1.19207 0.390386 0.310146 0.352181 0.571551 0.570351 0.307904 0.336686 0.383042 0.688432 0.541119 0.480157 0.381 1.35209 0.500256 0.373525 1.04466 0.329208 0.536217 0.346156 0.333821 0.397072 0.541764 1.35378 0.532128 0.474421 0.381227 0.430368 0.677475 0.365027 0.335658 0.492475 0.696364 0.379993 0.309206 0.530501 1.50031 0.316034 0.692214 0.412836 0.410622 0.701034 0.369623 0.264657 0.392839 0.567798 0.350722 0.336387 0.335451 0.420592 0.383815 0.26495 0.855311 0.782158 0.381304 0.3464 0.377237 0.325175 0.301778 0.549182 0.391618 0.570285 1.08206 0.279344 0.400331 0.378286 0.427046 0.402197 0.685544 0.380319 0.550419 0.354208 0.34261 0.393678 0.57697 0.69067 0.554537 0.29796 0.318817 0.501017 0.387338 1.41994 0.354635 0.798283 0.387325 1.50201 0.650552 0.573673 0.467499 0.335858 0.298576 1.43336 0.541584 0.323413 0.782684 1.32537 0.37899 0.374103 0.387005 0.371986 0.362847 0.38664 0.99904 0.321299 0.36361 0.377083 0.407524 0.338749 1.34824 0.39695 0.530814 0.334454 0.486186 0.366515 0.473337 0.335349 0.560319 0.50891 0.445802 0.448765 0.459787 0.308738 0.528385 0.348014 0.856993 0.355657 0.410262 0.268144 0.358582 0.544429 0.473486 1.2917 0.612217 0.373328 0.379924 0.54382 0.414885 0.347646 0.857852 0.541333 0.649666 1.42554 1.24254 0.686006 0.903102 0.480553 0.551694 0.354365 1.04998 0.462259 0.363152 0.324593 1.30757 0.322065 0.382079 0.547978 0.422345 0.362536 0.559294 0.477201 0.353956 0.39045 0.385902 0.901683 0.372069 0.570464 1.37614 0.465635 0.337337 0.367385 0.263364 0.280654 0.36485 0.365178 0.338214 0.472935 0.660657 0.806923 0.526658 0.35098 0.605899 0.3823 0.356839 0.383224 0.38704 0.560171 0.34118 0.3778 0.699802 0.318707 0.336135 0.424861 0.299321 0.5439 0.335481 0.345518 0.306697 0.565074 1.39997 0.690211 0.901085 0.370528 0.414615 0.381216 0.4803 0.785668 0.55882 0.385038 1.32694 0.471536 0.276078 0.322338 0.336142 0.529643 0.475724 0.303762 0.474742 0.587133 0.489799 0.468145 0.568144 1.44388 0.648892 0.562071 0.336024 0.539686 0.340385 0.783918 0.4925 0.320903 0.315894 0.56605 0.386173 1.31392 0.393732 0.335602 0.389646 0.538923 1.39617 0.481234 0.456153 0.560111 0.582888 0.459192 0.30221 1.24729 0.140013 0.399388 0.40168 0.342456 0.424261 0.365999 0.351522 0.365052 1.36478 0.420838 0.378786 0.308621 0.350391 0.365978 1.43543 0.403888 0.383868 0.478115 0.349584 0.440086 0.342604 0.559393 0.559863 1.325 0.540765 1.03378 0.403187 0.851178 0.382826 0.338149 0.378232 0.363072 0.483394 0.269875 1.50217 1.35236 1.35707 1.47559 0.699797 0.398387 0.473015 0.473963 0.486484 1.48967 0.384314 0.745221 0.542795 0.534385 0.42238 0.749994 0.302 0.400584 0.715982 1.34914 0.355532 0.604938 1.32079 0.387006 0.340715 0.360494 0.336159 1.27394 0.377267 0.383271 0.839264 0.35566 0.646121 0.857816 0.413774 0.48243 0.325429 0.358926 0.409232 0.309997 0.382246 0.299568 1.30846 0.330775 0.558384 0.41112 0.317872 0.557814 0.551076 0.298544 0.307725 0.539356 0.541621 0.530098 0.568814 0.551018 0.295534 0.614667 0.38105 1.27725 0.374017 0.825002 0.342123 0.459539 0.341439 0.484881 0.70049 0.360417 0.350946 0.141076 0.334859 0.325384 0.474977 0.319202 0.323581 0.395969 1.40231 0.37059 0.355986 1.34595 0.327923 0.384336 0.53995 0.365296 1.50148 0.543712 0.662872 0.36838 0.367409 0.350363 0.82619 0.352838 0.550768 0.362162 0.447451 0.68863 0.383322 0.358762 1.03932 0.385831 1.21297 0.330922 0.363336 0.546446 0.698581 0.383217 0.628028 0.32011 0.55679 0.370829 0.335703 0.898779 0.393856 0.34645 0.323629 0.429012 0.900963 0.454973 0.367249 0.327049 0.380829 0.585263 1.65932 0.992884 0.418387 0.369468 0.321247 1.31879 0.541306 1.47875 0.384048 0.383866 0.562876 0.786864 1.32522 0.549279 0.350104 0.411462 0.313424 0.37276 1.05012 0.788042 0.373584 0.703829 0.539523 0.544917 0.358466
Testing:
Lab Growth Rates:
0.5 0.5 0.5
Dot Production Prediction of Lab Growth Rates:
0.481668 0.476289 0.474435
Best performance so far: 
Obj: 4.68461e-310Rho: 2.26291e-314Diff: 4.68461e-310
Test:
 Lab Growth Rates:
0.5 0.5 0.5Dot Product Prediction of Growth Rate:
0.4816681 0.4762888 0.4744354