seed =  5 traits =  1 
Training: part  203 
Training: part  203 
Round  1 
 Goal of obj  0.99 
Temperature range:  0.00390625 1.5625e-14 
Cycle 1Round 1
Iter 500000 pBad 0.837178 T 0.00105163 Obj 1.06053 Rho 0 GRdif 34.4389 success 145685 failure 12054 obj_new 1.06053 SA_pAcc 0.992463 Delta 0.00460592 SA_r 0.325837 freedomratio 0.361952
Iter 1000000 pBad 0.774893 T 0.000283118 Obj 1.03659 Rho 0 GRdif 21.0592 success 288889 failure 30322 obj_new 1.03659 SA_pAcc 1.18041 Delta -0.0676353 SA_r 0.120767 freedomratio 0.366938
Iter 1500000 pBad 0.697307 T 7.62202e-05 Obj 1.02197 Rho 0 GRdif 12.7367 success 428500 failure 56120 obj_new 1.02197 SA_pAcc 1 Delta 0.0230501 SA_r 0.00556505 freedomratio 0.373486
Iter 2000000 pBad 0.602751 T 2.05198e-05 Obj 1.01703 Rho 0 GRdif 9.89436 success 564363 failure 90062 obj_new 1.01703 SA_pAcc 0.925846 Delta 0.0147371 SA_r 0.43997 freedomratio 0.351741
Iter 2500000 pBad 0.420541 T 5.52429e-06 Obj 1.01345 Rho 0 GRdif 7.83102 success 694650 failure 134169 obj_new 1.01345 SA_pAcc 0.321407 Delta 0.0315436 SA_r 0.594794 freedomratio 0.363524
Iter 3000000 pBad 0.292061 T 1.48723e-06 Obj 1.01107 Rho 0 GRdif 6.45193 success 806998 failure 211400 obj_new 1.01107 SA_pAcc 1 Delta -0.0104013 SA_r 0.875947 freedomratio 0.344099
Iter 3500000 pBad 0.160368 T 4.00389e-07 Obj 1.00957 Rho 0 GRdif 5.58253 success 899500 failure 332266 obj_new 1.00957 SA_pAcc 0.32623 Delta -0.00590255 SA_r 0.257771 freedomratio 0.305845
Iter 4000000 pBad 0.102256 T 1.07792e-07 Obj 1.00903 Rho 0 GRdif 5.26993 success 960115 failure 524121 obj_new 1.00903 SA_pAcc 0.820337 Delta -0.000766354 SA_r 0.190306 freedomratio 0.279048
Iter 4500000 pBad 0.0292381 T 2.90194e-08 Obj 1.00885 Rho 0 GRdif 5.1673 success 992459 failure 790773 obj_new 1.00886 SA_pAcc 4.45192e-121 Delta 0.0019692 SA_r 0.961726 freedomratio 0.233559
Iter 5000000 pBad 0.0153047 T 7.81252e-09 Obj 1.00881 Rho 0 GRdif 5.14172 success 1009022 failure 1105229 obj_new 1.00881 SA_pAcc 6.31578e-12 Delta -0.00127385 SA_r 0.67775 freedomratio 0.219723
Iter 5500000 pBad 0.00870007 T 2.10327e-09 Obj 1.00879 Rho 0 GRdif 5.17193 success 1017936 failure 1445393 obj_new 1.00886 SA_pAcc 0 Delta 3.58917e-05 SA_r 0.125368 freedomratio 0.213479
Iter 6000000 pBad 0.00267425 T 5.66236e-10 Obj 1.00878 Rho 0 GRdif 5.16214 success 1023906 failure 1798225 obj_new 1.00885 SA_pAcc 0 Delta 0.000116916 SA_r 0.13569 freedomratio 0.205831
Iter 6500000 pBad 0.00164549 T 1.5244e-10 Obj 1.00878 Rho 0 GRdif 5.12201 success 1026889 failure 2161631 obj_new 1.00878 SA_pAcc 1 Delta -7.622e-05 SA_r 0.576085 freedomratio 0.204395
Iter 7000000 pBad 0.000832473 T 4.10396e-11 Obj 1.00878 Rho 0 GRdif 5.12057 success 1028658 failure 2530211 obj_new 1.00878 SA_pAcc 0.00144413 Delta 4.86935e-06 SA_r 0.578666 freedomratio 0.201999
Iter 7500000 pBad 0.00107665 T 1.10486e-11 Obj 1.00878 Rho 0 GRdif 5.12183 success 1029858 failure 2901303 obj_new 1.00878 SA_pAcc 0 Delta 7.40685e-05 SA_r 0.978508 freedomratio 0.200616
Iter 8000000 pBad 0.000535203 T 2.97447e-12 Obj 1.00877 Rho 0 GRdif 5.12022 success 1030907 failure 3273764 obj_new 1.00878 SA_pAcc 0 Delta -4.78694e-05 SA_r 0.680307 freedomratio 0.200273
Iter 8500000 pBad 0.000215009 T 8.00778e-13 Obj 1.00877 Rho 0 GRdif 5.11909 success 1032754 failure 3644086 obj_new 1.00877 SA_pAcc 1 Delta 2.81662e-06 SA_r 0.981438 freedomratio 0.199049
Iter 9000000 pBad 1.1254e-43 T 2.15583e-13 Obj 1.00877 Rho 0 GRdif 5.12674 success 1034164 failure 3966859 obj_new 1.00879 SA_pAcc 0 Delta -9.6701e-45 SA_r 0.523793 freedomratio 0.1848
Iter 9500000 pBad 1.78186e-140 T 5.80388e-14 Obj 1.00877 Rho 0 GRdif 5.12005 success 1034164 failure 4248126 obj_new 1.00878 SA_pAcc 0 Delta 1.04139e-142 SA_r 0.150152 freedomratio 0.183987
Iter 10000000 pBad 0 T 1.5625e-14 Obj 1.00877 Rho 0 GRdif 5.11934 success 1034164 failure 4538948 obj_new 1.00877 SA_pAcc 0 Delta -0 SA_r 0.146635 freedomratio 0.0932082
Cannot move further
iter 8.7796e+06 obj1.00877 rho 0 GRdif 5.11898
Training:
Lab Growth Rates:
1.05 0.54 0.37 0.4 0.11 0.42 0.3 0.47 0.33 0.465 0.301 0.59 1.03 0.59 0.762 0.5 0.7 0.53 0.3 0.37 0.65 0.5 0.37 0.377 0.58 1.483 0.22 0.41 0.4 0.53 0.54 0.41 0.22 0.4 0.52 0.55 0.4 0.14 0.59 0.5 0.32 0.4 0.27 0.46 0.5 0.26 0.636 0.36 0.58 0.19 1.46 0.46 0.1 0.27 0.47 0.5 0.53 1.483 0.59 0.5 0.4 0.34 0.4 0.33 0.56 0.43 0.4 0.59 0.4 0.58 0.41 0.5 0.58 0.56 0.465 0.68 0.5 0.4 0.47 0.43 1.345 0.19 0.38 0.27 0.7 0.33 0.52 0.39 0.65 0.54 0.41 0.4 0.47 0.52 0.37 0.5 0.38 0.54 0.41 0.5 0.33 0.48 0.33 0.54 0.4 0.4 0.5 0.637 1.46 0.56 0.25 0.17 0.42 0.56 0.31 0.34 1.46 0.6 0.4 0.42 0.65 0.4 0.58 0.41 0.46 1.248 0.59 0.4 1.345 0.43 0.47 1.483 0.31 0.485 0.55 0.53 0.31 0.46 0.47 0.59 0.55 0.58 1.67 1.345 0.3 0.65 0.5 0.481 0.45 0.3 0.1 0.22 0.1 1.483 0.55 0.3 0.4 0.54 0.58 0.4 0.45 0.4 0.5 0.54 0.45 0.686 0.09 0.4 0.301 0.56 0.46 0.42 0.45 0.2 0.4 0.4 0.45 0.47 0.53 0.54 0.45 0.43 0.41 0.1 0.45 0.4 1.35 0.58 1.483 0.45 0.56 0.39 0.47 0.54 0.65 0.23 1.345 0.58 0.37 0.25 0.54 0.37 0.51 0.45 0.4 0.53 1.43 0.47 0.53 0.4 0.47 0.59 0.22 0.485 0.901 1.67 0.46 0.5 0.1 0.45 1.66 0.45 0.25 0.39 0.47 0.53 0.4 0.48 0.41 0.46 0.1 0.635 0.5 0.54 0.52 0.37 0.5 0.4 1.483 0.37 0.901 0.55 0.4 0.377 0.47 0.43 0.648 0.4 0.58 1.345 0.4 0.46 0.54 0.5 0.36 0.46 0.46 0.58 0.09 0.42 0.46 0.55 0.3 0.724 0.476 0.55 0.4 1.38 0.23 1.248 0.43 0.52 0.46 0.4 0.54 0.53 0.25 0.43 0.33 0.14 0.47 0.58 0.36 0.36 0.54 0.901 0.32 0.43 0.724 0.22 0.901 0.6 0.4 0.48 0.45 0.48 0.54 0.5 0.42 0.4 0.4 0.5 0.55 0.4 0.23 0.5 0.5 0.901 0.54 0.22 0.4 0.4 0.465 0.5 0.48 0.52 0.54 0.5 0.58 0.481 0.48 0.36 0.53 0.49 0.5 0.47 0.52 0.54 0.4 1.05 0.59 0.52 0.2 0.59 0.37 0.09 0.36 0.4 0.47 0.636 0.25 0.42 0.47 0.56 0.23 1.05 0.4 0.39 0.3 0.49 0.5 0.37 0.42 0.36 0.3 0.3 0.635 1.248 0.32 0.48 0.52 0.48 0.617 0.4 0.26 0.46 0.56 0.3 0.53 0.5 0.59 0.5 0.25 0.58 0.762 0.4 0.11 0.3 0.4 0.4 0.38 0.4 0.55 0.47 0.65 0.41 0.54 0.37 0.51 0.54 1.345 0.17 1.483 0.7 0.901 0.56 0.34 0.54 0.43 0.1 0.58 0.23 1.345 0.762 0.53 0.5 0.54 1.4 0.648 1.66 0.53 0.54 0.1 0.55 0.5 0.71 0.724 0.59 0.46 0.65 0.45 1.43 0.68 0.46 0.4 0.58 0.4 0.45 0.68 1.248 0.4 0.686 0.58 0.37 1.345 0.38 0.54 0.23 0.5 1.345 0.48 0.33 0.47 0.56 1.05 0.43 0.56 0.3 0.4 0.46 0.46 0.45 1.248 0.26 0.53 0.635 0.4 0.33 0.43 0.4 0.47 0.45 0.19 0.59 0.4 0.37 1.483 0.25 0.56 0.65 0.5 0.1 0.59 0.47 0.762 0.36 0.45 0.33 0.3 0.54 0.45 0.52 0.42 1.345 0.56 0.4 1.05 0.51 0.485 1.483 0.476 0.4 0.636 0.27 0.59 0.56 0.37 0.36 0.637 0.58 0.6 0.4 1.483 0.42 0.38 0.481 0.45 0.3 0.37 0.42 0.4 0.42 0.55 0.5 1.42 0.71 0.58 0.53 0.23 0.5 0.637 0.27 0.648 0.4 0.54 0.6 1.46 0.7 0.4 0.65 1.483 0.54 0.4 0.42 0.58 0.23 0.55 0.47 0.27 0.25 0.37 0.52 0.56 0.23 0.68 0.17 0.39 0.52 0.686 0.46 0.46 0.11 0.56 0.56 0.49 1.345 0.4 0.22 0.4 0.47 0.43 0.68 0.54 0.4 1.483 0.42 1.44 0.47 0.301 1.49 0.46 0.377 0.2 0.39 0.47 0.59 0.46 1.345 0.22 0.5 0.476 0.42 0.56 0.485 0.71 0.58
Dot Production Prediction of Lab Growth Rates:
1.05 0.356246 0.412609 0.389535 0.337114 0.368808 0.396422 0.40684 0.369038 0.502276 0.497422 0.404025 1.34357 0.359862 0.773348 0.50004 0.708531 0.407554 0.322814 0.417476 0.63091 0.475542 0.415769 0.494757 0.477324 0.857336 0.467339 0.494883 0.395662 0.534015 0.37927 0.353857 0.460687 0.394614 0.359737 0.454947 0.388502 0.140023 0.544955 0.534604 0.322649 0.393645 0.387604 0.382365 0.473351 0.536713 0.724737 0.403045 0.474703 0.336867 1.03884 0.437081 0.62595 0.371274 0.468873 0.521744 0.301863 0.834797 0.354274 0.37698 0.392556 0.338679 0.389717 0.419717 0.53685 0.431435 0.392073 0.545046 0.391546 0.471386 0.328382 0.333174 0.369315 0.473272 0.505797 0.38532 0.476532 0.382894 0.369967 0.39261 0.866763 0.351165 0.330812 0.396731 0.69941 0.331274 0.391467 0.347969 0.649966 0.540655 0.375493 0.39026 0.389278 0.378954 0.400741 0.542286 0.338803 0.388454 0.364505 0.359333 0.360527 0.308957 0.479539 0.539132 0.401351 0.391221 0.533375 0.713485 1.04024 0.530503 0.365287 0.405534 0.351426 0.540842 0.531132 0.327972 1.03859 0.389688 0.39073 0.363685 0.658841 0.393883 0.35741 0.498414 0.315835 0.838144 0.350569 0.385209 0.87663 0.365542 0.432801 0.807909 0.53032 0.497049 0.543776 0.359218 0.527139 0.500482 0.397701 0.362064 0.54305 0.471932 1.36038 0.815134 0.399912 0.622025 0.474551 0.498975 1.42533 0.375745 0.442582 0.466407 0.379305 0.864118 0.451374 0.376961 0.388899 0.44102 0.355166 0.393355 0.409611 0.393043 0.530542 0.399669 1.50557 0.723307 0.423835 0.395325 0.494906 0.47279 0.413279 0.362989 0.346911 0.371134 0.393461 0.389399 1.4469 0.35056 0.481497 0.45468 0.373477 0.349763 0.497354 0.448911 1.45131 0.391222 1.20245 0.360498 0.828036 0.375412 0.474625 0.355592 0.356666 0.404734 0.657065 0.433069 0.837833 0.458208 0.418959 0.379177 0.335322 0.422721 0.404488 0.389382 0.390525 0.39248 1.34594 0.355151 0.529305 0.39543 0.355096 0.333714 0.465705 0.497627 0.803996 1.46435 0.476723 0.535172 0.892526 0.383499 1.66 0.419938 0.489529 0.315725 0.35337 0.348208 0.399264 0.325925 0.377 0.459761 0.776899 0.71271 0.551438 0.357446 0.350253 0.429059 0.368947 0.406967 0.820597 0.435213 0.901963 0.449635 0.392634 0.494207 0.405522 0.412997 0.715571 0.391511 0.469861 0.816395 0.384737 0.455248 0.459671 0.332649 0.399599 0.460001 0.344632 0.364281 0.337928 0.372004 0.466772 0.443363 0.419668 0.723817 0.504052 0.552897 0.392899 1.33928 0.432775 0.833176 0.434154 0.385586 0.314108 0.392246 0.535305 0.532108 1.48246 0.399772 0.330373 0.139395 0.370336 0.472628 0.348647 0.371518 0.384995 0.90094 0.325616 0.371138 0.723985 0.468146 0.901 0.393791 0.387433 0.33982 1.46164 0.340819 0.541872 0.554635 0.35785 0.401329 0.385242 0.397825 0.54328 0.385033 0.538341 0.545111 0.528844 0.902249 0.440952 0.360273 0.390683 0.387596 0.502722 0.331474 0.350158 0.38546 0.382749 0.351596 0.472696 0.500089 0.321788 0.354292 0.532118 0.354511 0.556364 0.410503 0.393227 0.459617 0.353812 1.05 0.541379 0.372133 0.393015 0.541654 0.39238 0.378979 0.348578 0.39176 0.373568 0.722123 0.326214 0.348362 0.458298 0.534416 0.533877 1.66443 0.3908 0.336241 0.263306 0.381152 0.355974 0.327748 0.33015 0.365355 0.37761 0.366915 0.713735 0.832801 0.352177 0.350538 0.369858 0.332005 0.402657 0.393823 0.450408 0.370585 0.544667 0.260805 0.393099 0.326547 0.541181 0.480936 0.516908 0.336117 0.761996 0.399149 0.37591 0.403323 0.38866 0.391587 0.337403 0.390957 0.550438 0.408097 0.639402 0.38033 0.5439 0.382676 0.40024 0.341787 0.865059 0.347567 0.802612 0.696237 0.903493 0.475911 0.328619 0.440361 0.360078 1.41744 0.33505 0.536895 0.854015 0.769294 0.54423 0.487523 0.547793 1.42732 0.710702 1.66 0.528317 0.329536 0.735941 0.45021 0.540858 0.718448 0.723548 0.323523 0.354984 0.651251 0.36863 1.35711 0.380904 0.492239 0.386386 0.472488 0.394139 0.348367 0.384452 0.833316 0.40338 0.723357 0.470154 0.424465 0.878737 0.379684 0.389698 0.53949 0.510438 0.877276 0.326046 0.450327 0.36005 0.47496 1.03193 0.413674 0.542621 0.338799 0.387291 0.436612 0.46559 1.50399 0.832224 0.371364 0.350373 0.713175 0.392005 0.331272 0.375123 0.392164 0.35363 0.342222 0.330488 0.391784 0.391495 0.43295 0.852171 0.369048 0.545573 0.659354 0.470721 0.738411 0.546372 0.409582 0.7676 0.342035 0.352791 0.352378 0.370813 0.406107 1.45755 0.355712 0.35528 0.82276 0.538546 0.391776 1.05167 0.384311 0.502095 0.852651 0.507348 0.390503 0.721445 0.544283 0.549172 0.534363 0.433751 0.337024 0.713828 0.318212 0.386397 0.403501 0.857315 0.35176 0.381004 0.502657 0.366819 0.268025 0.509165 0.382283 0.394401 0.389156 0.458547 0.332188 1.50573 0.723902 0.468334 0.509547 0.538049 0.3605 0.717324 0.334872 0.714085 0.386533 0.369763 0.40005 1.64261 0.704684 0.352542 0.645821 0.833078 0.539743 0.38247 0.318956 0.373042 0.432388 0.549994 0.400045 0.368914 0.613645 0.394838 0.351135 0.475434 0.54089 0.382022 0.351041 0.335198 0.366758 0.722431 0.467163 0.332827 0.366739 0.543757 0.54601 0.367642 0.874463 0.390203 0.382996 0.391248 0.391941 0.421526 0.384567 0.355989 0.388158 0.83237 0.360918 1.49975 0.421974 0.497427 1.50399 0.407855 0.494229 0.417031 0.33807 0.350936 0.333763 0.431666 0.866121 0.418367 0.575044 0.503089 0.330636 0.5368 0.504074 0.721102 0.475665
Testing:
Lab Growth Rates:
0.42 0.42 0.42
Dot Production Prediction of Lab Growth Rates:
0.543718 0.544837 0.557265
Best performance so far: 
Obj: 4.6618e-310Rho: 2.26291e-314Diff: 4.6618e-310
Anneal again with the best G and E so far as input
Cycle 2Round 1
Iter 500000 pBad 0.81008 T 0.00105163 Obj 1.05719 Rho 0 GRdif 32.5878 success 103041 failure 11959 obj_new 1.05719 SA_pAcc 1 Delta 0.0804276 SA_r 0.16919 freedomratio 0.248938
Iter 1000000 pBad 0.6909 T 0.000283118 Obj 1.0371 Rho 0 GRdif 21.3468 success 202117 failure 32359 obj_new 1.0371 SA_pAcc 1 Delta 0.0352278 SA_r 0.682065 freedomratio 0.242851
Iter 1500000 pBad 0.660068 T 7.62202e-05 Obj 1.02828 Rho 0 GRdif 16.3435 success 298590 failure 59955 obj_new 1.02828 SA_pAcc 1.48185 Delta -0.0521515 SA_r 0.728133 freedomratio 0.24255
Iter 2000000 pBad 0.536002 T 2.05198e-05 Obj 1.02305 Rho 0 GRdif 13.3529 success 392755 failure 92987 obj_new 1.02305 SA_pAcc 0.98312 Delta 0.00967679 SA_r 0.0401755 freedomratio 0.238599
Iter 2500000 pBad 0.372248 T 5.52429e-06 Obj 1.0183 Rho 0 GRdif 10.6263 success 485262 failure 131104 obj_new 1.0183 SA_pAcc 1 Delta 0.0189452 SA_r 0.92412 freedomratio 0.239184
Iter 3000000 pBad 0.320219 T 1.48723e-06 Obj 1.01441 Rho 0 GRdif 8.38224 success 570388 failure 185456 obj_new 1.01441 SA_pAcc 1 Delta -0.0160913 SA_r 0.889585 freedomratio 0.229624
Iter 3500000 pBad 0.225412 T 4.00389e-07 Obj 1.01106 Rho 0 GRdif 6.44311 success 644455 failure 269735 obj_new 1.01106 SA_pAcc 1 Delta 0.0130571 SA_r 0.105756 freedomratio 0.223921
Iter 4000000 pBad 0.102407 T 1.07792e-07 Obj 1.0095 Rho 0 GRdif 5.54318 success 705521 failure 388520 obj_new 1.0095 SA_pAcc 1 Delta -0.00852406 SA_r 0.0208754 freedomratio 0.199523
Iter 4500000 pBad 0.0505701 T 2.90194e-08 Obj 1.0089 Rho 0 GRdif 5.19116 success 744021 failure 577564 obj_new 1.0089 SA_pAcc 1 Delta 0.00492601 SA_r 0.462747 freedomratio 0.176241
Iter 5000000 pBad 0.0242989 T 7.81252e-09 Obj 1.00863 Rho 0 GRdif 5.03761 success 770010 failure 827450 obj_new 1.00863 SA_pAcc 6.79236e-17 Delta 3.42769e-05 SA_r 0.698135 freedomratio 0.158464
Iter 5500000 pBad 0.0124759 T 2.10327e-09 Obj 1.0085 Rho 0 GRdif 4.96322 success 788950 failure 1124636 obj_new 1.00851 SA_pAcc 0 Delta 0.000606379 SA_r 0.862251 freedomratio 0.147162
Iter 6000000 pBad 0.00643073 T 5.66236e-10 Obj 1.00846 Rho 0 GRdif 4.93574 success 799552 failure 1451795 obj_new 1.00846 SA_pAcc 1 Delta 0.000567691 SA_r 0.88447 freedomratio 0.144087
Iter 6500000 pBad 0.0040347 T 1.5244e-10 Obj 1.00844 Rho 0 GRdif 4.92601 success 808400 failure 1793890 obj_new 1.00844 SA_pAcc 0 Delta -0.000275743 SA_r 0.0665716 freedomratio 0.139557
Iter 7000000 pBad 0.00178154 T 4.10396e-11 Obj 1.00843 Rho 0 GRdif 4.9192 success 817070 failure 2152451 obj_new 1.00843 SA_pAcc 0 Delta -2.63046e-05 SA_r 0.70758 freedomratio 0.13462
Iter 7500000 pBad 0.00053891 T 1.10486e-11 Obj 1.00843 Rho 0 GRdif 4.91676 success 823045 failure 2522029 obj_new 1.00843 SA_pAcc 1 Delta 3.45254e-05 SA_r 0.446139 freedomratio 0.133242
Iter 8000000 pBad 4.57835e-05 T 2.97447e-12 Obj 1.00842 Rho 0 GRdif 4.91603 success 828600 failure 2896238 obj_new 1.00842 SA_pAcc 0 Delta 4.74656e-07 SA_r 0.958489 freedomratio 0.132489
Iter 8500000 pBad 0.000962238 T 8.00778e-13 Obj 1.00842 Rho 0 GRdif 4.91551 success 835013 failure 3272848 obj_new 1.00842 SA_pAcc 0 Delta -8.039e-05 SA_r 0.676406 freedomratio 0.131038
Iter 9000000 pBad 2.43037e-79 T 2.15583e-13 Obj 1.00842 Rho 0 GRdif 4.91433 success 837306 failure 3611395 obj_new 1.00842 SA_pAcc 0 Delta -5.78256e-81 SA_r 0.0342959 freedomratio 0.127585
Iter 9500000 pBad 7.00056e-146 T 5.80388e-14 Obj 1.00842 Rho 0 GRdif 4.91433 success 837306 failure 3933738 obj_new 1.00842 SA_pAcc 1 Delta -1.48579e-147 SA_r 0.970565 freedomratio 0.125967
Good enough
iter 8.70666e+06 obj1.00842 rho 0 GRdif 4.91433
Training:
Lab Growth Rates:
1.05 0.54 0.37 0.4 0.11 0.42 0.3 0.47 0.33 0.465 0.301 0.59 1.03 0.59 0.762 0.5 0.7 0.53 0.3 0.37 0.65 0.5 0.37 0.377 0.58 1.483 0.22 0.41 0.4 0.53 0.54 0.41 0.22 0.4 0.52 0.55 0.4 0.14 0.59 0.5 0.32 0.4 0.27 0.46 0.5 0.26 0.636 0.36 0.58 0.19 1.46 0.46 0.1 0.27 0.47 0.5 0.53 1.483 0.59 0.5 0.4 0.34 0.4 0.33 0.56 0.43 0.4 0.59 0.4 0.58 0.41 0.5 0.58 0.56 0.465 0.68 0.5 0.4 0.47 0.43 1.345 0.19 0.38 0.27 0.7 0.33 0.52 0.39 0.65 0.54 0.41 0.4 0.47 0.52 0.37 0.5 0.38 0.54 0.41 0.5 0.33 0.48 0.33 0.54 0.4 0.4 0.5 0.637 1.46 0.56 0.25 0.17 0.42 0.56 0.31 0.34 1.46 0.6 0.4 0.42 0.65 0.4 0.58 0.41 0.46 1.248 0.59 0.4 1.345 0.43 0.47 1.483 0.31 0.485 0.55 0.53 0.31 0.46 0.47 0.59 0.55 0.58 1.67 1.345 0.3 0.65 0.5 0.481 0.45 0.3 0.1 0.22 0.1 1.483 0.55 0.3 0.4 0.54 0.58 0.4 0.45 0.4 0.5 0.54 0.45 0.686 0.09 0.4 0.301 0.56 0.46 0.42 0.45 0.2 0.4 0.4 0.45 0.47 0.53 0.54 0.45 0.43 0.41 0.1 0.45 0.4 1.35 0.58 1.483 0.45 0.56 0.39 0.47 0.54 0.65 0.23 1.345 0.58 0.37 0.25 0.54 0.37 0.51 0.45 0.4 0.53 1.43 0.47 0.53 0.4 0.47 0.59 0.22 0.485 0.901 1.67 0.46 0.5 0.1 0.45 1.66 0.45 0.25 0.39 0.47 0.53 0.4 0.48 0.41 0.46 0.1 0.635 0.5 0.54 0.52 0.37 0.5 0.4 1.483 0.37 0.901 0.55 0.4 0.377 0.47 0.43 0.648 0.4 0.58 1.345 0.4 0.46 0.54 0.5 0.36 0.46 0.46 0.58 0.09 0.42 0.46 0.55 0.3 0.724 0.476 0.55 0.4 1.38 0.23 1.248 0.43 0.52 0.46 0.4 0.54 0.53 0.25 0.43 0.33 0.14 0.47 0.58 0.36 0.36 0.54 0.901 0.32 0.43 0.724 0.22 0.901 0.6 0.4 0.48 0.45 0.48 0.54 0.5 0.42 0.4 0.4 0.5 0.55 0.4 0.23 0.5 0.5 0.901 0.54 0.22 0.4 0.4 0.465 0.5 0.48 0.52 0.54 0.5 0.58 0.481 0.48 0.36 0.53 0.49 0.5 0.47 0.52 0.54 0.4 1.05 0.59 0.52 0.2 0.59 0.37 0.09 0.36 0.4 0.47 0.636 0.25 0.42 0.47 0.56 0.23 1.05 0.4 0.39 0.3 0.49 0.5 0.37 0.42 0.36 0.3 0.3 0.635 1.248 0.32 0.48 0.52 0.48 0.617 0.4 0.26 0.46 0.56 0.3 0.53 0.5 0.59 0.5 0.25 0.58 0.762 0.4 0.11 0.3 0.4 0.4 0.38 0.4 0.55 0.47 0.65 0.41 0.54 0.37 0.51 0.54 1.345 0.17 1.483 0.7 0.901 0.56 0.34 0.54 0.43 0.1 0.58 0.23 1.345 0.762 0.53 0.5 0.54 1.4 0.648 1.66 0.53 0.54 0.1 0.55 0.5 0.71 0.724 0.59 0.46 0.65 0.45 1.43 0.68 0.46 0.4 0.58 0.4 0.45 0.68 1.248 0.4 0.686 0.58 0.37 1.345 0.38 0.54 0.23 0.5 1.345 0.48 0.33 0.47 0.56 1.05 0.43 0.56 0.3 0.4 0.46 0.46 0.45 1.248 0.26 0.53 0.635 0.4 0.33 0.43 0.4 0.47 0.45 0.19 0.59 0.4 0.37 1.483 0.25 0.56 0.65 0.5 0.1 0.59 0.47 0.762 0.36 0.45 0.33 0.3 0.54 0.45 0.52 0.42 1.345 0.56 0.4 1.05 0.51 0.485 1.483 0.476 0.4 0.636 0.27 0.59 0.56 0.37 0.36 0.637 0.58 0.6 0.4 1.483 0.42 0.38 0.481 0.45 0.3 0.37 0.42 0.4 0.42 0.55 0.5 1.42 0.71 0.58 0.53 0.23 0.5 0.637 0.27 0.648 0.4 0.54 0.6 1.46 0.7 0.4 0.65 1.483 0.54 0.4 0.42 0.58 0.23 0.55 0.47 0.27 0.25 0.37 0.52 0.56 0.23 0.68 0.17 0.39 0.52 0.686 0.46 0.46 0.11 0.56 0.56 0.49 1.345 0.4 0.22 0.4 0.47 0.43 0.68 0.54 0.4 1.483 0.42 1.44 0.47 0.301 1.49 0.46 0.377 0.2 0.39 0.47 0.59 0.46 1.345 0.22 0.5 0.476 0.42 0.56 0.485 0.71 0.58
Dot Production Prediction of Lab Growth Rates:
1.09218 0.323988 0.451998 0.391286 0.338012 0.318178 0.369663 0.395753 0.386779 0.536545 0.547967 0.37646 1.24847 0.310542 0.827639 0.730918 0.792302 0.449874 0.545951 0.429709 0.638918 0.487577 0.427992 0.536724 0.488467 1.24079 0.483229 0.531393 0.397737 0.524325 0.391836 0.34249 0.478728 0.398683 0.377574 0.490692 0.385263 0.139982 0.549282 0.681615 0.319125 0.39361 0.37699 0.400957 0.476525 0.572528 0.728418 0.439324 0.481424 0.328496 1.06901 0.425188 0.940754 0.343546 0.453124 0.736331 0.273133 1.21951 0.321512 0.418621 0.394665 0.322849 0.389902 0.45445 0.546521 0.429037 0.393202 0.55221 0.393356 0.479826 0.320227 0.327547 0.386655 0.481085 0.54067 0.239469 0.484397 0.370916 0.383495 0.366791 1.26591 0.341692 0.285085 0.383108 0.793695 0.312771 0.412349 0.340942 0.661738 0.538521 0.406934 0.391276 0.379285 0.399421 0.43603 0.544485 0.308154 0.364358 0.37686 0.373788 0.377339 0.288326 0.513829 0.531769 0.405077 0.392271 0.753264 0.705944 1.03112 0.545613 0.36045 0.443145 0.292816 0.550869 0.564778 0.307298 1.05818 0.62596 0.390039 0.351596 0.669622 0.395343 0.388232 0.53669 0.308886 0.889971 0.339847 0.372516 1.26882 0.380046 0.45232 1.21457 0.565408 0.528713 0.549675 0.385233 0.580161 0.536908 0.411576 0.349378 0.552233 0.479948 1.35022 1.22363 0.686149 0.62572 0.486731 0.529878 1.32218 0.655109 0.450332 0.49275 0.370888 1.20027 0.489118 0.629775 0.387277 0.481252 0.362653 0.394169 0.409094 0.394596 0.524774 0.416779 1.39355 0.729258 0.467121 0.398564 0.547545 0.47717 0.393556 0.343356 0.360005 0.349691 0.392319 0.392794 1.34415 0.353514 0.467377 0.479536 0.329812 0.357094 0.538473 0.459726 1.34599 0.391768 1.21343 0.368871 1.21105 0.388788 0.481964 0.359539 0.326784 0.384848 0.662483 0.453886 1.24905 0.468103 0.429943 0.367224 0.326174 0.434662 0.435964 0.423244 0.392178 0.402336 1.26536 0.368329 0.522546 0.394931 0.366892 0.323014 0.480793 0.528774 0.839182 1.40271 0.516328 0.774888 1.35051 0.374897 1.49341 0.419991 0.515751 0.309901 0.351457 0.323599 0.401982 0.296422 0.379368 0.460415 1.34818 0.714093 0.767477 0.392722 0.352382 0.442559 0.3892 0.415179 1.21336 0.451473 0.899427 0.491186 0.394753 0.53676 0.406262 0.40459 0.715564 0.393755 0.48225 1.23706 0.371766 0.455725 0.475122 0.330086 0.436756 0.464502 0.344933 0.389667 0.345988 0.35861 0.474372 0.474213 0.406238 0.721092 0.541049 0.562252 0.39488 1.21879 0.454482 0.88615 0.435173 0.395556 0.297319 0.395436 0.543376 0.530888 1.37612 0.409856 0.31681 0.140016 0.376351 0.476309 0.335161 0.372731 0.397058 0.901 0.329871 0.367199 0.727417 0.491452 0.904225 0.649472 0.384596 0.309191 1.35225 0.370958 0.534821 0.74894 0.338221 0.372462 0.375849 0.445143 0.547058 0.379566 0.54952 0.554609 0.522733 0.903155 0.489704 0.357877 0.388602 0.384576 0.538804 0.328682 0.357859 0.395827 0.37768 0.361766 0.484188 0.531538 0.294227 0.376399 0.537771 0.390039 0.807491 0.444759 0.386852 0.484658 0.299023 1.10062 0.543716 0.395928 0.391536 0.543978 0.405937 0.381555 0.355616 0.393338 0.387863 0.717576 0.317752 0.339302 0.451153 0.522297 0.544827 1.44148 0.393639 0.333759 0.295405 0.414055 0.337844 0.279406 0.297777 0.357238 0.613854 0.330104 0.719198 0.881682 0.361749 0.347064 0.382975 0.353007 0.482027 0.395174 0.465861 0.379222 0.55314 0.30003 0.433153 0.335451 0.545173 0.492777 0.575624 0.354856 0.808294 0.401256 0.398923 0.671991 0.387019 0.39308 0.301661 0.392035 0.555925 0.412682 0.648379 0.401042 0.559611 0.40774 0.434783 0.347774 1.21246 0.319762 1.20738 0.801802 0.904951 0.483783 0.321593 0.484064 0.36643 1.33298 0.329151 0.541192 1.28646 0.816625 0.545814 0.72438 0.554681 1.40027 0.706757 1.51138 0.519616 0.302153 1.20525 0.490763 0.564843 0.718469 0.725756 0.319002 0.366761 0.651787 0.381024 1.24677 0.237084 0.525617 0.386191 0.47936 0.396685 0.336483 0.239111 0.88295 0.413924 0.730485 0.480844 0.435594 1.27474 0.371449 0.390396 0.541243 0.683885 1.30167 0.318231 0.48713 0.363116 0.476535 1.04107 0.41357 0.552272 0.585933 0.380158 0.421705 0.466789 1.40527 0.879502 0.380516 0.34503 0.717858 0.38991 0.328954 0.365543 0.391529 0.356666 0.305127 0.323627 0.360953 0.392112 0.449535 1.20356 0.362601 0.560012 0.660194 0.472877 1.2212 0.551015 0.393589 0.812699 0.332273 0.355311 0.346318 0.612163 0.375914 1.37402 0.359596 0.348292 1.23018 0.545041 0.392992 1.09993 0.403128 0.539446 1.26578 0.544597 0.391902 0.720406 0.605799 0.553006 0.529387 0.452897 0.340618 0.709166 0.295699 0.649431 0.409904 1.18813 0.34118 0.380041 0.534178 0.372529 0.300774 0.555183 0.425157 0.39435 0.364281 0.489021 0.34084 1.43775 0.728861 0.480766 0.524863 0.540405 0.38415 0.711187 0.294017 0.716408 0.382642 0.380242 0.664983 1.4334 0.796882 0.312093 0.649449 1.24992 0.539942 0.369756 0.311148 0.40426 0.453409 0.550279 0.362137 0.379248 0.945982 0.413349 0.364513 0.477709 0.545226 0.237463 0.309995 0.336186 0.38047 0.726281 0.468923 0.337642 0.379653 0.553795 0.559137 0.389349 1.24753 0.391311 0.404507 0.395355 0.411528 0.408087 0.240632 0.382989 0.384376 1.2339 0.351224 1.41755 0.463259 0.546718 1.40527 0.408247 0.540317 0.38652 0.326104 0.369638 0.334104 0.481534 1.26208 0.457122 0.764478 0.538891 0.325487 0.537164 0.541395 0.721964 0.484406
Testing:
Lab Growth Rates:
0.42 0.42 0.42
Dot Production Prediction of Lab Growth Rates:
0.583723 0.553729 0.57353
Best performance so far: 
Obj: 4.6618e-310Rho: 6.5069e-314Diff: 4.6618e-310
Test:
 Lab Growth Rates:
0.42 0.42 0.42Dot Product Prediction of Growth Rate:
0.5837234 0.5537294 0.5735303