seed =  5 traits =  1 
Training: part  131 
Training: part  131 
Round  1 
 Goal of obj  0.99 
Temperature range:  0.00390625 3.125e-14 
Cycle 1Round 1
Iter 500000 pBad 0.819041 T 0.00108872 Obj 1.06115 Rho 0 GRdif 34.7783 success 145954 failure 11813 obj_new 1.06115 SA_pAcc 1 Delta 0.00323136 SA_r 0.307962 freedomratio 0.383007
Iter 1000000 pBad 0.778895 T 0.000303438 Obj 1.03017 Rho 0 GRdif 17.4182 success 288564 failure 31337 obj_new 1.03017 SA_pAcc 1 Delta 0.045232 SA_r 0.640635 freedomratio 0.368322
Iter 1500000 pBad 0.714022 T 8.45716e-05 Obj 1.02455 Rho 0 GRdif 14.2129 success 428926 failure 55865 obj_new 1.02455 SA_pAcc 0.967422 Delta 0.0105626 SA_r 0.73626 freedomratio 0.371827
Iter 2000000 pBad 0.573932 T 2.35711e-05 Obj 1.01843 Rho 0 GRdif 10.699 success 565658 failure 88854 obj_new 1.01843 SA_pAcc 1.20433 Delta -0.0266882 SA_r 0.196704 freedomratio 0.360394
Iter 2500000 pBad 0.475579 T 6.56952e-06 Obj 1.01384 Rho 0 GRdif 8.05588 success 694124 failure 135524 obj_new 1.01384 SA_pAcc 1 Delta -0.0336648 SA_r 0.356675 freedomratio 0.3624
Iter 3000000 pBad 0.308015 T 1.831e-06 Obj 1.01044 Rho 0 GRdif 6.08792 success 805295 failure 216003 obj_new 1.01044 SA_pAcc 0.972501 Delta 0.017577 SA_r 0.979134 freedomratio 0.349642
Iter 3500000 pBad 0.184385 T 5.1032e-07 Obj 1.00915 Rho 0 GRdif 5.3361 success 902306 failure 326179 obj_new 1.00915 SA_pAcc 0.046933 Delta 0.0149367 SA_r 0.524858 freedomratio 0.320744
Iter 4000000 pBad 0.0750618 T 1.42232e-07 Obj 1.00875 Rho 0 GRdif 5.10579 success 965203 failure 510755 obj_new 1.00875 SA_pAcc 1 Delta 0.00323233 SA_r 0.686297 freedomratio 0.278517
Iter 4500000 pBad 0.0308939 T 3.96416e-08 Obj 1.00863 Rho 0 GRdif 5.08747 success 998855 failure 771004 obj_new 1.00872 SA_pAcc 0 Delta 0.002916 SA_r 0.870128 freedomratio 0.246841
Iter 5000000 pBad 0.0207178 T 1.10486e-08 Obj 1.00857 Rho 0 GRdif 5.00301 success 1017921 failure 1075882 obj_new 1.00857 SA_pAcc 1 Delta 0.000823669 SA_r 0.211771 freedomratio 0.223921
Iter 5500000 pBad 0.00953095 T 3.07936e-09 Obj 1.00856 Rho 0 GRdif 4.99344 success 1028772 failure 1410285 obj_new 1.00856 SA_pAcc 0.00193695 Delta 0.000267485 SA_r 0.395492 freedomratio 0.215204
Iter 6000000 pBad 0.00614479 T 8.58253e-10 Obj 1.00855 Rho 0 GRdif 4.99083 success 1034713 failure 1761961 obj_new 1.00855 SA_pAcc 0 Delta -0.000463843 SA_r 0.381128 freedomratio 0.20714
Iter 6500000 pBad 0.00232916 T 2.39205e-10 Obj 1.00855 Rho 0 GRdif 4.98672 success 1039447 failure 2122329 obj_new 1.00855 SA_pAcc 0.00557215 Delta 1.95939e-05 SA_r 0.745468 freedomratio 0.202979
Iter 7000000 pBad 0.00118797 T 6.6669e-11 Obj 1.00854 Rho 0 GRdif 4.98492 success 1042973 failure 2491496 obj_new 1.00854 SA_pAcc 1.45138e-20 Delta -1.52822e-05 SA_r 0.98538 freedomratio 0.197107
Iter 7500000 pBad 0.000872196 T 1.85814e-11 Obj 1.00854 Rho 0 GRdif 4.9841 success 1045513 failure 2867715 obj_new 1.00854 SA_pAcc 0 Delta -3.66226e-05 SA_r 0.724531 freedomratio 0.19404
Iter 8000000 pBad 0.000570561 T 5.17885e-12 Obj 1.00854 Rho 0 GRdif 4.98918 success 1048244 failure 3247510 obj_new 1.00855 SA_pAcc 0 Delta -4.84719e-05 SA_r 0.410859 freedomratio 0.190507
Iter 8500000 pBad 2.35716e-34 T 1.4434e-12 Obj 1.00854 Rho 0 GRdif 4.98301 success 1049941 failure 3560698 obj_new 1.00854 SA_pAcc 1 Delta -1.78555e-36 SA_r 0.648659 freedomratio 0.180086
Iter 9000000 pBad 1.83081e-91 T 4.02293e-13 Obj 1.00854 Rho 0 GRdif 4.98301 success 1049941 failure 3853046 obj_new 1.00854 SA_pAcc 1 Delta -1.17544e-93 SA_r 0.841757 freedomratio 0.180086
Iter 9500000 pBad 0 T 1.12123e-13 Obj 1.00854 Rho 0 GRdif 4.98301 success 1049941 failure 4152024 obj_new 1.00854 SA_pAcc 1 Delta -0 SA_r 0.137681 freedomratio 0.113215
Iter 10000000 pBad 0 T 3.12501e-14 Obj 1.00854 Rho 0 GRdif 4.99332 success 1049941 failure 4485282 obj_new 1.00856 SA_pAcc 0 Delta -0 SA_r 0.172428 freedomratio 0.0438393
Cannot move further
iter 8.25523e+06 obj1.00854 rho 0 GRdif 4.98301
Training:
Lab Growth Rates:
0.65 1.05 1.345 0.48 0.47 0.36 0.3 0.56 0.52 0.41 1.483 0.55 0.22 0.58 1.483 0.5 0.46 0.51 0.37 1.248 0.23 0.26 0.22 0.5 0.2 1.46 0.377 0.31 0.19 0.32 0.48 0.55 0.47 0.4 0.23 1.483 1.345 1.345 0.45 0.36 0.26 0.42 0.09 1.483 0.55 0.3 0.25 1.43 0.23 0.55 0.59 0.38 0.71 0.59 1.66 0.476 0.636 0.23 0.56 0.5 0.56 0.5 0.53 0.3 0.5 0.6 0.34 0.59 0.54 0.5 0.46 0.42 0.481 0.46 0.58 0.4 0.47 0.46 0.47 0.5 0.636 0.5 0.52 0.58 0.52 0.54 0.47 0.53 0.47 0.4 0.762 0.5 0.53 0.58 0.5 0.5 0.55 0.901 0.54 0.42 0.54 1.483 0.762 0.4 0.48 0.54 1.248 0.1 0.45 0.53 0.54 0.38 0.686 0.33 0.45 0.485 0.4 0.4 0.46 1.05 0.4 0.4 0.45 0.45 0.5 0.901 0.55 0.47 0.1 0.648 0.465 0.48 0.37 0.617 0.22 0.724 0.762 0.33 0.39 0.45 0.47 0.53 0.37 0.42 0.4 0.4 0.4 1.483 0.54 0.648 0.4 0.42 0.17 0.4 0.54 0.6 1.05 1.345 0.65 0.636 0.39 0.53 0.59 0.49 0.47 0.46 0.42 0.54 1.248 0.32 0.55 0.48 0.45 0.34 0.43 0.58 0.37 0.36 0.25 0.5 0.637 0.55 0.71 0.31 0.46 0.52 0.4 0.4 0.59 0.33 0.55 0.51 0.4 0.54 0.4 0.46 0.635 0.59 0.58 0.46 0.49 0.58 0.5 0.3 0.55 0.45 1.248 0.47 1.248 0.58 0.59 0.3 1.345 0.45 0.33 0.3 0.54 0.54 0.19 0.5 0.901 0.3 0.11 0.71 0.27 0.47 0.37 0.54 0.4 0.686 1.05 0.53 1.67 0.4 0.3 0.42 0.56 1.03 0.25 0.4 1.483 0.33 0.476 0.37 0.4 0.377 0.25 0.5 0.25 0.4 0.4 0.46 0.56 0.901 0.1 0.37 0.4 0.33 0.54 0.42 0.58 1.49 0.59 1.345 0.46 0.47 0.54 0.56 0.4 0.43 0.42 0.45 1.345 0.39 0.4 0.53 0.46 0.45 0.39 0.27 0.38 0.5 0.23 0.37 0.52 0.46 0.23 0.09 1.66 0.4 0.7 0.1 0.58 0.637 0.53 0.56 0.47 1.345 0.5 0.58 0.52 0.37 0.65 0.48 0.5 0.4 1.483 0.48 0.43 0.47 0.3 0.6 0.41 0.485 0.7 0.39 0.55 0.56 0.3 0.45 0.485 0.4 0.5 0.4 0.481 0.46 0.56 0.56 0.43 0.33 0.47 0.19 0.56 1.483 0.54 0.5 0.42 0.45 0.27 0.5 0.41 0.37 0.4 0.43 0.47 0.54 1.05 0.17 0.14 0.53 0.23 0.53 0.59 0.36 0.5 0.58 0.36 0.54 0.47 0.42 0.43 0.4 0.47 0.47 0.1 0.42 0.4 0.52 1.345 0.54 0.22 0.43 0.34 0.25 0.55 0.301 0.59 0.56 1.38 0.7 0.17 0.49 0.5 0.45 0.4 0.3 0.14 0.56 0.33 0.4 0.22 0.56 1.35 0.42 1.345 1.67 0.4 0.38 0.36 0.38 0.42 0.56 0.37 0.3 0.46 0.68 0.59 0.635 1.345 1.483 0.46 0.476 0.648 0.4 0.43 0.37 0.54 0.68 0.41 0.5 0.52 0.68 0.635 0.36 0.47 0.4 0.41 0.58 0.11 0.56 0.7 0.51 0.37 0.41 0.43 0.36 0.43 0.42 0.68 0.11 0.46 0.27 0.54 0.52 0.54 0.59 0.1 1.46 0.47 1.42 0.22 0.45 0.59 1.44 0.32 0.58 0.46 0.45 0.54 0.5 0.4 0.39 0.45 0.52 0.4 0.54 0.09 0.485 0.4 1.46 0.4 0.42 0.4 0.4 0.41 0.58 0.58 0.54 0.27 0.53 0.5 0.65 0.58 0.2 0.27 0.481 0.58 0.4 0.45 0.52 0.65 0.4 0.47 0.65 0.53 0.65 0.68 0.46 0.43 0.58 0.22 0.31 0.4 0.47 0.901 0.5 0.43 0.46 0.54 0.36 1.483 0.42 0.52 0.465 0.37 0.65 0.65 1.345 0.2 0.33 0.5 0.4 0.4 0.637 0.25 0.1 0.5 0.377 0.37 0.5 0.53 0.41 0.5 0.37 0.41 0.26 0.59 0.4 0.901 0.3 0.54 0.4 1.43 1.46 0.5 0.56 0.48 1.483 0.4 0.58 0.23 0.5 0.301 0.46 0.45 0.724 0.4 0.58 0.6 0.59 0.4 0.4 0.3 0.53 0.22 0.4 1.4 0.724 0.23 0.762 0.25 0.301 0.47 0.54 0.4 0.4 0.48 0.686 0.59 0.4 0.42 0.465 0.1 0.1 0.56 0.4
Dot Production Prediction of Lab Growth Rates:
0.634164 1.61535 0.925222 0.322097 0.355216 0.32832 0.430064 0.531847 0.37747 0.379141 0.92122 0.539793 0.411349 0.476212 0.891001 0.515885 0.432567 0.38436 0.405446 1.01591 0.535196 0.540143 0.467183 0.366371 0.412002 1.02921 0.474591 0.531346 0.340889 0.313033 0.34747 0.541235 0.384276 0.385805 0.525167 0.86223 0.943155 0.860156 0.405442 0.35042 0.457224 0.547596 0.427386 0.891236 0.555928 0.373147 1.57239 1.12569 0.537967 0.5537 0.541025 0.340591 0.721674 0.325602 1.66 0.482745 0.718149 0.419131 0.470968 0.354095 0.536982 0.480944 0.416029 0.29983 0.523197 0.324642 0.329473 0.55166 0.452556 0.357027 0.502479 0.376785 0.476599 0.467996 0.365218 0.402448 0.465452 0.360327 0.354319 0.542673 0.714269 0.395319 0.34519 0.350999 0.35353 0.412948 0.407913 0.398585 0.347077 0.401964 1.03904 0.473481 0.357324 0.360217 0.559041 0.518851 0.446548 0.903439 0.457459 0.361519 0.447359 0.932725 1.02105 0.401274 0.347551 0.356769 1.02174 0.589594 1.53697 0.530928 0.453905 0.371542 0.722515 0.347774 1.59327 0.481414 0.401165 0.402095 0.31055 1.04853 0.399433 0.399092 1.53051 0.338018 0.583758 0.901041 0.451632 0.418192 0.657826 0.705828 0.486567 0.349675 0.404547 0.551673 0.468554 0.720996 1.03178 0.359326 0.347191 0.34648 0.376034 0.487917 0.333302 0.359576 0.397292 0.400847 0.39975 0.928969 0.377071 0.70575 0.401845 0.54303 0.341229 0.402588 0.5346 0.326127 1.02512 0.892839 0.670352 0.720769 0.35456 0.529962 0.346864 0.369978 0.358652 0.460023 0.349287 0.445912 1.0239 0.325749 0.43959 0.326462 0.353686 0.333493 0.416683 0.360994 0.427875 0.327008 0.316712 0.502784 0.70724 0.541164 0.720567 0.535174 0.3521 0.370091 0.393917 0.40067 0.358626 0.443138 0.45157 0.41223 0.403497 0.548736 0.398131 0.458177 0.704986 0.324514 0.471494 0.317511 0.356111 0.479308 0.471474 0.304157 0.547753 0.388683 1.01805 0.348652 1.01258 0.364134 0.539481 0.32094 0.870016 1.54869 0.364848 0.321347 0.384835 0.540664 0.333494 0.524618 0.900897 0.336503 0.333626 0.715532 0.364974 0.437885 0.406832 0.411378 0.403344 0.725225 1.05069 0.53651 1.55979 0.388741 0.311258 0.366557 0.541051 1.36878 0.358816 0.401943 0.882906 0.480357 0.481016 0.416471 0.402057 0.476165 0.366662 0.477442 0.370191 0.349225 0.400404 0.41469 0.47658 0.898886 0.651675 0.511846 0.402007 0.366359 0.324473 0.368852 0.474292 1.59544 0.326583 0.937945 0.444114 0.435597 0.380886 0.536873 0.400046 0.360182 0.387054 1.5301 0.927579 0.319136 0.396947 0.523899 0.46894 0.415841 0.326485 0.391681 0.349184 0.558047 0.53394 0.414527 0.388648 0.511356 0.41801 0.372285 1.66 0.401356 0.584677 1.48075 0.478478 0.710985 0.347404 0.538007 0.353103 0.942666 0.335664 0.471263 0.37436 0.404379 0.650165 0.338189 0.470553 0.406085 0.864165 0.333716 0.438348 0.354868 0.280065 0.337584 0.466587 0.471246 0.582119 0.334765 0.451712 0.539534 0.345455 0.366432 0.470468 0.404575 0.334729 0.402121 0.476689 0.476975 0.477303 0.539688 0.44793 0.332249 0.394238 0.3288 0.468804 0.917687 0.540017 0.326097 0.348205 0.383092 0.321947 0.606826 0.368369 0.392528 0.392146 0.348728 0.357148 0.401361 1.05149 0.406575 0.139998 0.530559 0.421025 0.339839 0.543418 0.399218 0.328022 0.339267 0.404947 0.407929 0.3882 0.364867 0.413884 0.403342 0.472287 0.350022 0.40436 0.320555 0.39785 0.386671 0.931228 0.546985 0.467358 0.367227 0.326892 0.522878 0.449508 0.467656 0.393599 0.473058 1.36677 0.580553 0.34283 0.376702 0.328693 1.59544 0.401935 0.400295 0.140102 0.540294 0.411182 0.399539 0.354932 0.533861 1.03992 0.353819 0.867673 1.43293 0.397555 0.335375 0.345987 0.373691 0.349452 0.537801 0.40041 0.312501 0.367634 0.546877 0.549573 0.707211 0.912429 0.89401 0.453448 0.483125 0.702952 0.398546 0.406943 0.40179 0.535348 0.543873 0.471369 0.509243 0.395889 0.551426 0.707226 0.352712 0.426698 0.39971 0.378088 0.47371 0.362956 0.545574 0.58308 0.396347 0.411599 0.472155 0.426586 0.369983 0.395972 0.34051 0.551219 0.368943 0.391792 0.547243 0.534918 0.363896 0.3441 0.403406 0.533085 1.60875 0.405998 1.58512 0.374945 0.333237 0.547013 1.57403 0.348273 0.456097 0.335942 0.373835 0.383802 0.581394 0.362366 0.324306 0.359333 0.390924 0.405167 0.363433 0.339222 0.481103 0.394795 1.03139 0.402635 0.538638 0.394397 0.397189 0.332785 0.31404 0.469447 0.378916 0.356164 0.389217 0.478354 0.627804 0.333655 0.385095 0.38798 0.480031 0.379935 0.398464 1.6338 0.351724 0.674568 0.390526 0.417475 0.653871 0.533111 0.639453 0.549289 0.419799 0.355664 0.469937 0.46692 0.529367 0.397141 0.377513 0.900908 0.53463 0.37641 0.469222 0.462166 0.345762 0.927757 0.394521 0.364999 0.484386 0.417903 0.649947 0.647403 0.950638 0.410502 0.328584 0.530561 0.4029 0.40277 0.710118 0.495911 0.541944 0.53927 0.47588 0.390423 0.385192 0.310823 0.382685 0.346677 0.394014 0.349616 0.367448 0.356171 0.402173 0.975292 0.31182 0.356406 0.400368 1.13619 1.0314 0.574532 0.54278 0.321427 0.868333 0.40467 0.480567 0.539193 0.366789 0.469894 0.438597 0.360017 0.723993 0.400808 0.4696 0.331838 0.546545 0.396042 0.404399 0.297981 0.547527 0.465757 0.389219 1.4856 0.720829 0.540854 1.04365 0.64603 0.464862 0.366919 0.339362 0.399832 0.400554 0.321588 0.724551 0.365037 0.387756 0.326447 0.481849 0.451606 0.444435 0.468127 0.405021
Testing:
Lab Growth Rates:
0.4 0.4 0.4
Dot Production Prediction of Lab Growth Rates:
0.400978 0.402177 0.403626
Best performance so far: 
Obj: 4.65791e-310Rho: 2.26291e-314Diff: 4.65791e-310
Anneal again with the best G and E so far as input
Cycle 2Round 1
Iter 500000 pBad 0.790039 T 0.00108872 Obj 1.05714 Rho 0 GRdif 32.5613 success 106179 failure 11755 obj_new 1.05714 SA_pAcc 1 Delta 0.0686954 SA_r 0.210963 freedomratio 0.25668
Iter 1000000 pBad 0.725651 T 0.000303438 Obj 1.02264 Rho 0 GRdif 13.1196 success 209141 failure 30863 obj_new 1.02264 SA_pAcc 1.11801 Delta 0.00874883 SA_r 0.722392 freedomratio 0.251935
Iter 1500000 pBad 0.676149 T 8.45716e-05 Obj 1.02042 Rho 0 GRdif 11.8469 success 308999 failure 57623 obj_new 1.02042 SA_pAcc 1 Delta -0.0251891 SA_r 0.645027 freedomratio 0.246633
Iter 2000000 pBad 0.505818 T 2.35711e-05 Obj 1.0163 Rho 0 GRdif 9.47456 success 407539 failure 88385 obj_new 1.0163 SA_pAcc 1 Delta -0.0138656 SA_r 0.642733 freedomratio 0.246426
Iter 2500000 pBad 0.378936 T 6.56952e-06 Obj 1.01488 Rho 0 GRdif 8.65594 success 497729 failure 134275 obj_new 1.01488 SA_pAcc 1.68801 Delta -0.01174 SA_r 0.744185 freedomratio 0.246012
Iter 3000000 pBad 0.292476 T 1.831e-06 Obj 1.01284 Rho 0 GRdif 7.47919 success 578708 failure 199467 obj_new 1.01284 SA_pAcc 1 Delta 0.00883488 SA_r 0.63721 freedomratio 0.240954
Iter 3500000 pBad 0.155884 T 5.1032e-07 Obj 1.01138 Rho 0 GRdif 6.63371 success 644151 failure 301599 obj_new 1.01138 SA_pAcc 0.0728513 Delta 0.0139903 SA_r 0.353287 freedomratio 0.231438
Iter 4000000 pBad 0.0868939 T 1.42232e-07 Obj 1.0104 Rho 0 GRdif 6.06313 success 697666 failure 442358 obj_new 1.0104 SA_pAcc 1 Delta 0.00617486 SA_r 0.709614 freedomratio 0.205254
Iter 4500000 pBad 0.0418099 T 3.96416e-08 Obj 1.0101 Rho 0 GRdif 5.89195 success 728297 failure 653400 obj_new 1.01011 SA_pAcc 4.88224e-71 Delta 0.00413965 SA_r 0.842875 freedomratio 0.182839
Iter 5000000 pBad 0.0163404 T 1.10486e-08 Obj 1.00995 Rho 0 GRdif 5.80092 success 747987 failure 909460 obj_new 1.00995 SA_pAcc 1 Delta 0.00101954 SA_r 0.564404 freedomratio 0.169364
Iter 5500000 pBad 0.00764752 T 3.07936e-09 Obj 1.00989 Rho 0 GRdif 5.76781 success 761565 failure 1202621 obj_new 1.00989 SA_pAcc 0.382274 Delta 9.8079e-05 SA_r 0.460338 freedomratio 0.156936
Iter 6000000 pBad 0.00438046 T 8.58253e-10 Obj 1.00987 Rho 0 GRdif 5.75625 success 770050 failure 1522667 obj_new 1.00987 SA_pAcc 0 Delta -0.000344719 SA_r 0.496787 freedomratio 0.152089
Iter 6500000 pBad 0.00213616 T 2.39205e-10 Obj 1.00986 Rho 0 GRdif 5.74723 success 776297 failure 1858661 obj_new 1.00986 SA_pAcc 0 Delta 6.37782e-07 SA_r 0.763896 freedomratio 0.145373
Iter 7000000 pBad 0.00299479 T 6.6669e-11 Obj 1.00985 Rho 0 GRdif 5.7449 success 779395 failure 2212836 obj_new 1.00985 SA_pAcc 0 Delta -7.60931e-05 SA_r 0.843857 freedomratio 0.142997
Iter 7500000 pBad 0.00206342 T 1.85814e-11 Obj 1.00985 Rho 0 GRdif 5.74271 success 782865 failure 2576157 obj_new 1.00985 SA_pAcc 0 Delta 0.000204292 SA_r 0.332136 freedomratio 0.1386
Iter 8000000 pBad 0.000215277 T 5.17885e-12 Obj 1.00984 Rho 0 GRdif 5.74065 success 787437 failure 2953514 obj_new 1.00984 SA_pAcc 0 Delta 8.36575e-07 SA_r 0.120093 freedomratio 0.132729
Iter 8500000 pBad 0.000228646 T 1.4434e-12 Obj 1.00984 Rho 0 GRdif 5.73998 success 791626 failure 3346130 obj_new 1.00984 SA_pAcc 0 Delta -1.17892e-05 SA_r 0.127115 freedomratio 0.12916
Iter 9000000 pBad 0.000337517 T 4.02293e-13 Obj 1.00984 Rho 0 GRdif 5.73929 success 795667 failure 3753491 obj_new 1.00984 SA_pAcc 0 Delta 1.29018e-05 SA_r 0.64059 freedomratio 0.124601
Iter 9500000 pBad 1.43123e-165 T 1.12123e-13 Obj 1.00984 Rho 0 GRdif 5.73927 success 796097 failure 4118314 obj_new 1.00984 SA_pAcc 0 Delta -3.45135e-167 SA_r 0.838652 freedomratio 0.123161
Good enough
iter 9.11731e+06 obj1.00984 rho 0 GRdif 5.73919
Training:
Lab Growth Rates:
0.65 1.05 1.345 0.48 0.47 0.36 0.3 0.56 0.52 0.41 1.483 0.55 0.22 0.58 1.483 0.5 0.46 0.51 0.37 1.248 0.23 0.26 0.22 0.5 0.2 1.46 0.377 0.31 0.19 0.32 0.48 0.55 0.47 0.4 0.23 1.483 1.345 1.345 0.45 0.36 0.26 0.42 0.09 1.483 0.55 0.3 0.25 1.43 0.23 0.55 0.59 0.38 0.71 0.59 1.66 0.476 0.636 0.23 0.56 0.5 0.56 0.5 0.53 0.3 0.5 0.6 0.34 0.59 0.54 0.5 0.46 0.42 0.481 0.46 0.58 0.4 0.47 0.46 0.47 0.5 0.636 0.5 0.52 0.58 0.52 0.54 0.47 0.53 0.47 0.4 0.762 0.5 0.53 0.58 0.5 0.5 0.55 0.901 0.54 0.42 0.54 1.483 0.762 0.4 0.48 0.54 1.248 0.1 0.45 0.53 0.54 0.38 0.686 0.33 0.45 0.485 0.4 0.4 0.46 1.05 0.4 0.4 0.45 0.45 0.5 0.901 0.55 0.47 0.1 0.648 0.465 0.48 0.37 0.617 0.22 0.724 0.762 0.33 0.39 0.45 0.47 0.53 0.37 0.42 0.4 0.4 0.4 1.483 0.54 0.648 0.4 0.42 0.17 0.4 0.54 0.6 1.05 1.345 0.65 0.636 0.39 0.53 0.59 0.49 0.47 0.46 0.42 0.54 1.248 0.32 0.55 0.48 0.45 0.34 0.43 0.58 0.37 0.36 0.25 0.5 0.637 0.55 0.71 0.31 0.46 0.52 0.4 0.4 0.59 0.33 0.55 0.51 0.4 0.54 0.4 0.46 0.635 0.59 0.58 0.46 0.49 0.58 0.5 0.3 0.55 0.45 1.248 0.47 1.248 0.58 0.59 0.3 1.345 0.45 0.33 0.3 0.54 0.54 0.19 0.5 0.901 0.3 0.11 0.71 0.27 0.47 0.37 0.54 0.4 0.686 1.05 0.53 1.67 0.4 0.3 0.42 0.56 1.03 0.25 0.4 1.483 0.33 0.476 0.37 0.4 0.377 0.25 0.5 0.25 0.4 0.4 0.46 0.56 0.901 0.1 0.37 0.4 0.33 0.54 0.42 0.58 1.49 0.59 1.345 0.46 0.47 0.54 0.56 0.4 0.43 0.42 0.45 1.345 0.39 0.4 0.53 0.46 0.45 0.39 0.27 0.38 0.5 0.23 0.37 0.52 0.46 0.23 0.09 1.66 0.4 0.7 0.1 0.58 0.637 0.53 0.56 0.47 1.345 0.5 0.58 0.52 0.37 0.65 0.48 0.5 0.4 1.483 0.48 0.43 0.47 0.3 0.6 0.41 0.485 0.7 0.39 0.55 0.56 0.3 0.45 0.485 0.4 0.5 0.4 0.481 0.46 0.56 0.56 0.43 0.33 0.47 0.19 0.56 1.483 0.54 0.5 0.42 0.45 0.27 0.5 0.41 0.37 0.4 0.43 0.47 0.54 1.05 0.17 0.14 0.53 0.23 0.53 0.59 0.36 0.5 0.58 0.36 0.54 0.47 0.42 0.43 0.4 0.47 0.47 0.1 0.42 0.4 0.52 1.345 0.54 0.22 0.43 0.34 0.25 0.55 0.301 0.59 0.56 1.38 0.7 0.17 0.49 0.5 0.45 0.4 0.3 0.14 0.56 0.33 0.4 0.22 0.56 1.35 0.42 1.345 1.67 0.4 0.38 0.36 0.38 0.42 0.56 0.37 0.3 0.46 0.68 0.59 0.635 1.345 1.483 0.46 0.476 0.648 0.4 0.43 0.37 0.54 0.68 0.41 0.5 0.52 0.68 0.635 0.36 0.47 0.4 0.41 0.58 0.11 0.56 0.7 0.51 0.37 0.41 0.43 0.36 0.43 0.42 0.68 0.11 0.46 0.27 0.54 0.52 0.54 0.59 0.1 1.46 0.47 1.42 0.22 0.45 0.59 1.44 0.32 0.58 0.46 0.45 0.54 0.5 0.4 0.39 0.45 0.52 0.4 0.54 0.09 0.485 0.4 1.46 0.4 0.42 0.4 0.4 0.41 0.58 0.58 0.54 0.27 0.53 0.5 0.65 0.58 0.2 0.27 0.481 0.58 0.4 0.45 0.52 0.65 0.4 0.47 0.65 0.53 0.65 0.68 0.46 0.43 0.58 0.22 0.31 0.4 0.47 0.901 0.5 0.43 0.46 0.54 0.36 1.483 0.42 0.52 0.465 0.37 0.65 0.65 1.345 0.2 0.33 0.5 0.4 0.4 0.637 0.25 0.1 0.5 0.377 0.37 0.5 0.53 0.41 0.5 0.37 0.41 0.26 0.59 0.4 0.901 0.3 0.54 0.4 1.43 1.46 0.5 0.56 0.48 1.483 0.4 0.58 0.23 0.5 0.301 0.46 0.45 0.724 0.4 0.58 0.6 0.59 0.4 0.4 0.3 0.53 0.22 0.4 1.4 0.724 0.23 0.762 0.25 0.301 0.47 0.54 0.4 0.4 0.48 0.686 0.59 0.4 0.42 0.465 0.1 0.1 0.56 0.4
Dot Production Prediction of Lab Growth Rates:
0.638291 1.28203 0.911496 0.308749 0.36049 0.336941 0.407568 0.531807 0.388536 0.392788 0.909179 0.536647 0.431912 0.472644 0.896112 0.50608 0.440902 0.395754 0.407645 0.848354 0.533815 0.524002 0.466056 0.382692 0.381079 1.07557 0.617729 0.535737 0.3385 0.314254 0.352554 0.536672 0.394228 0.392139 0.526436 0.863718 0.926223 0.867369 0.406819 0.371647 0.439861 0.54288 0.437929 0.899587 0.564842 0.344064 1.49439 0.738027 0.529311 0.557016 0.535763 0.321564 0.712644 0.33447 1.49934 0.619894 0.714547 0.414479 0.470867 0.34636 0.531338 0.479125 0.4229 0.296472 0.528555 0.335875 0.319235 0.544754 0.446396 0.367078 0.478903 0.347868 0.612101 0.47305 0.3822 0.402075 0.452189 0.358869 0.353339 0.556079 0.717656 0.412047 0.341453 0.359189 0.3622 0.393377 0.400816 0.403741 0.34742 0.400096 0.802803 0.474308 0.366263 0.363702 0.57095 0.519228 0.456048 0.905253 0.452419 0.346328 0.440078 0.920154 0.789847 0.399964 0.346358 0.342888 0.853681 1.23034 1.48246 0.527314 0.465497 0.374983 0.710925 0.324124 1.51074 0.617852 0.401936 0.403164 0.295437 1.05077 0.400458 0.39895 1.47603 0.343837 0.559203 0.905098 0.4653 0.423472 1.30098 0.709905 0.62191 0.352504 0.407483 0.750561 0.476365 0.713099 0.795905 0.36872 0.361118 0.327203 0.383634 0.4668 0.311687 0.367923 0.399869 0.401426 0.400456 0.92145 0.382485 0.70695 0.399924 0.529567 0.333485 0.403547 0.544355 0.331815 1.04982 0.903529 0.649368 0.717902 0.33541 0.533131 0.345177 0.381385 0.357923 0.458965 0.353192 0.435207 0.859686 0.323501 0.442702 0.31194 0.365786 0.342052 0.41578 0.368178 0.426425 0.337202 0.322656 0.498744 0.705957 0.537527 0.710765 0.534356 0.348465 0.366006 0.397252 0.400171 0.344244 0.451744 0.462279 0.417209 0.404073 0.54508 0.399005 0.460512 0.703802 0.326285 0.468664 0.302172 0.367819 0.475317 0.476301 0.319062 0.545735 0.403628 0.847754 0.358403 0.847096 0.379351 0.533448 0.326764 0.87693 1.46746 0.377447 0.329788 0.381471 0.539945 0.32365 0.524607 0.901695 0.348412 0.339247 0.706461 0.37542 0.432508 0.410598 0.393474 0.404426 0.714348 1.04732 0.542958 1.50782 0.393739 0.330264 0.348846 0.530769 1.21959 0.360834 0.402173 0.894816 0.472942 0.61655 0.418351 0.402189 0.610106 0.363056 0.484407 0.362658 0.343227 0.399027 0.402563 0.476872 0.900901 0.63357 0.485703 0.400559 0.358666 0.302044 0.35368 0.473794 1.51452 0.32679 0.927246 0.43899 0.405822 0.386954 0.531153 0.398329 0.374375 0.398821 1.44975 0.923289 0.30253 0.397957 0.492139 0.461145 0.423371 0.336818 0.392238 0.320965 0.549563 0.533943 0.418552 0.387169 0.481458 0.412659 0.374668 1.48503 0.401701 0.510056 1.43495 0.477359 0.710243 0.334246 0.52854 0.359041 0.918216 0.331751 0.458516 0.367543 0.406834 0.650081 0.327156 0.47274 0.404044 0.881904 0.342942 0.431129 0.357947 0.274745 0.344412 0.62386 0.611821 0.505869 0.316732 0.462132 0.546403 0.343704 0.351694 0.614407 0.403082 0.344373 0.402972 0.611926 0.471712 0.484261 0.531446 0.441099 0.323924 0.400315 0.334418 0.470725 0.905477 0.529538 0.326755 0.340852 0.373159 0.313718 0.583264 0.36942 0.40515 0.395367 0.358649 0.361983 0.404495 1.05434 0.422476 0.391097 0.526318 0.415811 0.345972 0.535672 0.416138 0.328316 0.343652 0.415611 0.377248 0.382962 0.345898 0.402295 0.402884 0.458176 0.340536 0.349814 0.305958 0.399469 0.401421 0.897591 0.557301 0.468137 0.378828 0.326313 0.500325 0.45618 0.620724 0.378045 0.476371 1.26418 0.503586 0.331633 0.393948 0.331298 1.51452 0.401958 0.3832 0.389197 0.546836 0.423767 0.398751 0.359167 0.531207 0.704299 0.317568 0.887427 1.35668 0.400784 0.324048 0.335214 0.380976 0.346544 0.532013 0.403833 0.322133 0.378299 0.336082 0.543654 0.707938 0.923066 0.878856 0.454905 0.621768 0.704668 0.399882 0.397428 0.420563 0.548122 0.335069 0.617549 0.505436 0.395519 0.340298 0.708171 0.359911 0.403768 0.398411 0.38399 0.477729 0.375786 0.532634 0.508272 0.411805 0.410239 0.617849 0.428115 0.367444 0.394408 0.322059 0.339294 0.387798 0.389874 0.518195 0.536796 0.372834 0.342524 0.390084 1.12311 1.35487 0.407862 1.49042 0.385401 0.340346 0.53512 1.49758 0.359142 0.462673 0.331633 0.37661 0.393554 0.572716 0.344231 0.337612 0.367376 0.375544 0.406104 0.361283 0.3442 0.622216 0.395828 1.04453 0.402458 0.526994 0.397024 0.400443 0.319648 0.311496 0.47296 0.371858 0.356501 0.399713 0.475776 0.63034 0.330426 0.368005 0.385935 0.615769 0.385298 0.399285 1.54098 0.35258 0.655491 0.395253 0.393343 0.659696 0.530864 0.651474 0.340712 0.415115 0.366891 0.473835 0.467187 0.528734 0.398576 0.393075 0.900895 0.540673 0.37191 0.464127 0.462772 0.351472 0.914863 0.382019 0.378645 0.621053 0.41795 0.627378 0.649772 0.938193 0.404273 0.333848 0.517103 0.402695 0.402075 0.711321 0.477258 1.11917 0.539881 0.614388 0.400024 0.383352 0.284031 0.388962 0.336311 0.395386 0.353916 0.366316 0.341474 0.402937 0.832649 0.319208 0.366425 0.401372 0.732647 1.05213 0.57779 0.550078 0.294342 0.870787 0.405605 0.481533 0.532143 0.37506 0.62306 0.440838 0.338243 0.719041 0.39937 0.474991 0.349099 0.54228 0.396859 0.405387 0.318389 0.539172 0.47419 0.395941 1.40268 0.714909 0.533707 0.814902 0.641542 0.620124 0.376688 0.324999 0.399355 0.39983 0.311004 0.713816 0.356179 0.391541 0.308885 0.618802 0.44352 0.435409 0.47127 0.401825
Testing:
Lab Growth Rates:
0.4 0.4 0.4
Dot Production Prediction of Lab Growth Rates:
0.403133 0.403338 0.403705
Best performance so far: 
Obj: 4.65791e-310Rho: 6.5069e-314Diff: 4.65791e-310
Test:
 Lab Growth Rates:
0.4 0.4 0.4Dot Product Prediction of Growth Rate:
0.4031331 0.4033383 0.4037055