seed =  5 traits =  1 
Training: part  221 
Training: part  221 
Round  1 
 Goal of obj  0.99 
Temperature range:  0.00390625 7.8125e-13 
Cycle 1Round 1
Iter 500000 pBad 0.865226 T 0.00127883 Obj 1.09534 Rho 0 GRdif 53.3641 success 146567 failure 9772 obj_new 1.09534 SA_pAcc 1.17589 Delta -0.0789267 SA_r 0.753723 freedomratio 0.373724
Iter 1000000 pBad 0.786539 T 0.000418662 Obj 1.03758 Rho 0 GRdif 21.6433 success 289580 failure 28400 obj_new 1.03762 SA_pAcc 0.889343 Delta 0.0396113 SA_r 0.933232 freedomratio 0.364428
Iter 1500000 pBad 0.748271 T 0.000137062 Obj 1.02719 Rho 0 GRdif 15.7201 success 431525 failure 49555 obj_new 1.02719 SA_pAcc 1 Delta 0.04686 SA_r 0.880269 freedomratio 0.369716
Iter 2000000 pBad 0.611408 T 4.48711e-05 Obj 1.02139 Rho 0 GRdif 12.4042 success 571363 failure 75173 obj_new 1.02139 SA_pAcc 1 Delta 0.0208634 SA_r 0.0907212 freedomratio 0.3624
Iter 2500000 pBad 0.542885 T 1.46899e-05 Obj 1.01679 Rho 0 GRdif 9.75698 success 708483 failure 106113 obj_new 1.01679 SA_pAcc 0.934963 Delta -0.013391 SA_r 0.231011 freedomratio 0.370886
Iter 3000000 pBad 0.420702 T 4.80917e-06 Obj 1.01262 Rho 0 GRdif 7.3478 success 834087 failure 157801 obj_new 1.01262 SA_pAcc 1 Delta -0.0031425 SA_r 0.736529 freedomratio 0.350898
Iter 3500000 pBad 0.316964 T 1.57442e-06 Obj 1.00908 Rho 0 GRdif 5.29819 success 945422 failure 239298 obj_new 1.00908 SA_pAcc 1.00878 Delta -0.00549592 SA_r 0.93894 freedomratio 0.341691
Iter 4000000 pBad 0.176187 T 5.15434e-07 Obj 1.00801 Rho 0 GRdif 4.6751 success 1040770 failure 352193 obj_new 1.00801 SA_pAcc 0.107021 Delta -0.0174176 SA_r 0.925044 freedomratio 0.320394
Iter 4500000 pBad 0.0814753 T 1.68743e-07 Obj 1.00774 Rho 0 GRdif 4.52 success 1097787 failure 549979 obj_new 1.00774 SA_pAcc 0.78037 Delta 0.00179564 SA_r 0.871112 freedomratio 0.273576
Iter 5000000 pBad 0.0369477 T 5.52428e-08 Obj 1.00763 Rho 0 GRdif 4.45228 success 1132876 failure 807008 obj_new 1.00763 SA_pAcc 1 Delta -0.00114059 SA_r 0.123184 freedomratio 0.250214
Iter 5500000 pBad 0.0159998 T 1.80854e-08 Obj 1.00757 Rho 0 GRdif 4.4194 success 1154574 failure 1107170 obj_new 1.00757 SA_pAcc 1 Delta -0.00131872 SA_r 0.909159 freedomratio 0.221466
Iter 6000000 pBad 0.00903244 T 5.92078e-09 Obj 1.00755 Rho 0 GRdif 4.40859 success 1167148 failure 1436918 obj_new 1.00755 SA_pAcc 8.04629e-09 Delta 0.000283931 SA_r 0.0230404 freedomratio 0.214338
Iter 6500000 pBad 0.00534233 T 1.93834e-09 Obj 1.00754 Rho 0 GRdif 4.40041 success 1174929 failure 1782953 obj_new 1.00754 SA_pAcc 1 Delta -0.000244744 SA_r 0.402316 freedomratio 0.20981
Iter 7000000 pBad 0.00423357 T 6.34574e-10 Obj 1.00753 Rho 0 GRdif 4.39597 success 1179162 failure 2140256 obj_new 1.00753 SA_pAcc 6.83185e-46 Delta 0.000344573 SA_r 0.899719 freedomratio 0.207067
Iter 7500000 pBad 0.003021 T 2.07746e-10 Obj 1.00752 Rho 0 GRdif 4.39054 success 1182345 failure 2502851 obj_new 1.00752 SA_pAcc 4.51613e-63 Delta 0.000238141 SA_r 0.890812 freedomratio 0.204466
Iter 8000000 pBad 0.00193419 T 6.80119e-11 Obj 1.00751 Rho 0 GRdif 4.38733 success 1184222 failure 2869172 obj_new 1.00752 SA_pAcc 6.33118e-250 Delta -0.000192959 SA_r 0.467045 freedomratio 0.20312
Iter 8500000 pBad 0.000763783 T 2.22657e-11 Obj 1.00751 Rho 0 GRdif 4.38558 success 1185477 failure 3238282 obj_new 1.00751 SA_pAcc 1 Delta 6.45868e-05 SA_r 0.11883 freedomratio 0.202348
Iter 9000000 pBad 0.000275811 T 7.28934e-12 Obj 1.00751 Rho 0 GRdif 4.38534 success 1186443 failure 3608690 obj_new 1.00751 SA_pAcc 0 Delta -4.92673e-06 SA_r 0.721683 freedomratio 0.202139
Iter 9500000 pBad 0.000929618 T 2.38638e-12 Obj 1.00751 Rho 0 GRdif 4.3864 success 1189637 failure 3971123 obj_new 1.00751 SA_pAcc 0 Delta -6.00902e-05 SA_r 0.08194 freedomratio 0.200754
Iter 10000000 pBad 0.0010203 T 7.81252e-13 Obj 1.00751 Rho 0 GRdif 4.44884 success 1191407 failure 4340740 obj_new 1.00762 SA_pAcc 0 Delta 2.2856e-05 SA_r 0.955457 freedomratio 0.199388
Cannot move further
iter 9.99904e+06 obj1.00751 rho 0 GRdif 4.38317
Training:
Lab Growth Rates:
0.65 1.05 1.345 0.53 0.5 0.11 0.46 0.56 0.1 0.46 1.483 0.55 0.17 0.58 1.483 0.5 0.43 0.19 0.37 1.248 0.23 0.46 0.22 0.47 0.42 1.46 0.377 0.26 0.47 0.52 0.47 0.55 0.47 0.4 0.23 1.483 1.345 1.345 0.4 0.43 0.46 0.54 0.37 1.483 0.55 0.46 0.25 1.43 0.23 0.55 0.59 0.2 0.71 0.51 1.66 0.476 0.636 0.23 0.56 0.33 0.56 0.5 0.42 0.3 0.5 0.6 0.32 0.59 0.54 0.47 0.53 0.54 0.481 0.46 0.53 0.4 0.34 0.43 0.46 0.5 0.636 0.33 0.47 0.3 0.54 0.59 0.52 0.4 0.5 0.4 0.762 0.5 0.4 0.53 0.5 0.5 0.55 0.901 0.54 0.43 0.54 1.483 0.762 0.4 0.59 0.48 1.248 0.1 0.45 0.53 0.54 0.38 0.686 0.5 0.45 0.485 0.4 0.4 0.52 1.05 0.54 0.4 0.45 0.49 0.5 0.901 0.55 0.5 0.1 0.648 0.465 0.59 0.37 0.617 0.22 0.724 0.762 0.36 0.42 0.45 0.46 0.39 0.2 0.42 0.4 0.4 0.4 1.483 0.48 0.648 0.4 0.54 0.31 0.4 0.54 0.6 1.05 1.345 0.65 0.636 0.58 0.53 0.51 0.52 0.39 0.46 0.42 0.54 1.248 0.52 0.55 0.53 0.49 0.32 0.47 0.36 0.5 0.11 0.45 0.5 0.637 0.55 0.71 0.26 0.33 0.54 0.4 0.4 0.59 0.42 0.55 0.19 0.4 0.54 0.4 0.46 0.635 0.51 0.58 0.52 0.52 0.58 0.5 0.3 0.55 0.41 1.248 0.47 1.248 0.3 0.59 0.3 1.345 0.45 0.36 0.3 0.58 0.54 0.47 0.5 0.901 0.3 0.09 0.71 0.45 0.34 0.37 0.59 0.4 0.686 1.05 0.53 1.67 0.4 0.3 0.37 0.56 1.03 0.25 0.4 1.483 0.42 0.476 0.37 0.4 0.377 0.25 0.5 0.25 0.54 0.4 0.58 0.56 0.901 0.1 0.43 0.4 0.5 0.58 0.54 0.58 1.49 0.37 1.345 0.58 0.36 0.45 0.56 0.4 0.41 0.43 0.45 1.345 0.58 0.4 0.39 0.46 0.41 0.42 0.27 0.2 0.5 0.23 0.37 0.54 0.53 0.23 0.37 1.66 0.4 0.7 0.1 0.58 0.637 0.4 0.56 0.39 1.345 0.47 0.58 0.47 0.37 0.65 0.47 0.5 0.4 1.483 0.47 0.47 0.39 0.3 0.6 0.41 0.485 0.7 0.58 0.55 0.56 0.3 0.45 0.485 0.4 0.33 0.4 0.481 0.53 0.56 0.56 0.22 0.5 0.5 0.47 0.56 1.483 0.54 0.33 0.43 0.4 0.27 0.5 0.47 0.43 0.4 0.41 0.46 0.42 1.05 0.31 0.14 0.53 0.23 0.42 0.59 0.48 0.33 0.53 0.48 0.59 0.52 0.54 0.47 0.4 0.34 0.52 0.46 0.48 0.4 0.1 1.345 0.54 0.22 0.27 0.32 0.45 0.55 0.301 0.59 0.56 1.38 0.7 0.31 0.52 0.47 0.45 0.4 0.46 0.14 0.56 0.42 0.4 0.17 0.56 1.35 0.38 1.345 1.67 0.4 0.38 0.43 0.38 0.42 0.56 0.37 0.3 0.43 0.68 0.59 0.635 1.345 1.483 0.46 0.476 0.648 0.4 0.27 0.5 0.54 0.68 0.41 0.5 0.54 0.68 0.635 0.48 0.36 0.4 0.46 0.58 0.09 0.56 0.7 0.19 0.37 0.41 0.22 0.43 0.22 0.48 0.68 0.09 0.33 0.45 0.54 0.54 0.58 0.59 0.1 1.46 0.5 1.42 0.17 0.49 0.59 1.44 0.52 0.58 0.52 0.41 0.48 0.5 0.54 0.42 0.4 0.47 0.4 0.45 0.37 0.485 0.4 1.46 0.4 0.54 0.4 0.4 0.47 0.3 0.58 0.42 0.27 0.42 0.5 0.65 0.36 0.42 0.45 0.481 0.36 0.4 0.45 0.54 0.65 0.4 0.36 0.65 0.53 0.65 0.68 0.33 0.41 0.58 0.22 0.26 0.4 0.47 0.901 0.5 0.27 0.46 0.54 0.11 1.483 0.38 0.1 0.465 0.37 0.65 0.65 1.345 0.42 0.36 0.5 0.4 0.4 0.637 0.45 0.1 0.5 0.377 0.5 0.33 0.39 0.47 0.47 0.43 0.46 0.46 0.37 0.4 0.901 0.3 0.45 0.4 1.43 1.46 0.5 0.56 0.53 1.483 0.4 0.58 0.23 0.47 0.301 0.58 0.45 0.724 0.4 0.58 0.6 0.59 0.4 0.4 0.3 0.53 0.22 0.4 1.4 0.724 0.23 0.762 0.25 0.301 0.5 0.42 0.4 0.4 0.59 0.686 0.37 0.4 0.48 0.465 0.46 0.46 0.56 0.4
Dot Production Prediction of Lab Growth Rates:
0.645764 1.59231 1.26826 0.474661 0.325079 0.330673 0.524665 0.525131 0.431059 0.399763 1.24044 0.540954 0.342144 0.472048 1.23059 0.724517 0.36356 0.331909 0.384362 0.898313 0.527846 0.359005 0.461234 0.405706 0.591332 1.02182 0.482788 0.346394 0.368653 0.411015 0.366216 0.541859 0.383974 0.404425 0.521385 1.19895 1.29597 1.22108 0.327127 0.441081 0.440962 0.364106 0.409184 1.25241 0.562861 0.497245 1.58731 1.29322 0.531354 0.562125 0.537045 0.384913 0.720941 0.406903 1.66 0.493099 0.72044 0.400342 0.479257 0.360991 0.524918 0.49295 0.350734 0.415984 0.516224 0.472348 0.362867 0.540731 0.482448 0.489417 0.32158 0.408037 0.48224 0.477045 0.365123 0.399701 0.326548 0.347669 0.311036 0.550695 0.716156 0.327586 0.359005 0.38903 0.310761 0.310165 0.373164 0.390077 0.418427 0.399413 0.84185 0.478797 0.385106 0.298575 0.736835 0.670999 0.468573 0.9076 0.473866 0.341798 0.479674 1.27423 0.823006 0.388117 0.355502 0.3217 0.900312 1.01797 1.55563 0.524253 0.46368 0.34197 0.721623 0.340488 1.64604 0.484802 0.400444 0.403622 0.37837 1.05262 0.388583 0.401899 1.55912 0.390984 0.802984 0.907898 0.46377 0.375928 1.08466 0.708179 0.492137 0.340773 0.388331 0.606256 0.466165 0.722785 0.836924 0.409196 0.322482 0.317087 0.348236 0.316298 0.341228 0.353282 0.401344 0.397824 0.40133 1.25787 0.306549 0.704818 0.401713 0.334793 0.556108 0.388876 0.542263 0.467005 1.00299 1.24436 0.662954 0.726546 0.37075 0.523746 0.422969 0.378502 0.345543 0.457634 0.330845 0.469248 0.906176 0.405032 0.450089 0.298458 0.369125 0.31922 0.30641 0.362256 0.358504 0.373337 0.41251 0.68557 0.699482 0.547645 0.718687 0.550109 0.420983 0.372172 0.401142 0.401166 0.294607 0.338636 0.462504 0.322222 0.401152 0.550608 0.386981 0.455008 0.703353 0.396452 0.468155 0.372723 0.339626 0.490485 0.474386 0.297871 0.552214 0.377825 0.896953 0.331965 0.897643 0.302977 0.533548 0.455487 1.21373 1.58609 0.352754 0.446802 0.348098 0.541953 0.393068 0.519061 0.904611 0.479683 0.449663 0.71677 0.398074 0.328692 0.388292 0.295952 0.406106 0.730407 1.05008 0.526996 1.6292 0.395912 0.309194 0.282049 0.533952 1.36724 0.333244 0.398002 1.20099 0.336392 0.492514 0.396348 0.399718 0.484228 0.357143 0.488881 0.353007 0.366426 0.399409 0.302219 0.490066 0.899833 0.875712 0.441194 0.403082 0.334978 0.372738 0.358559 0.47223 1.6493 0.562134 1.29471 0.362127 0.332367 0.33994 0.526771 0.396809 0.392213 0.391497 1.57195 1.26674 0.396449 0.401728 0.342671 0.460003 0.353398 0.348195 0.361366 0.389155 0.741598 0.520916 0.397269 0.347582 0.382773 0.399673 0.430659 1.66 0.400865 0.707254 1.46865 0.487428 0.701062 0.390411 0.530624 0.310155 1.31117 0.392208 0.469296 0.372909 0.384918 0.652172 0.364738 0.476426 0.400392 1.19484 0.362467 0.353842 0.331049 0.392558 0.487728 0.472102 0.477191 0.710713 0.319605 0.470526 0.539188 0.479173 0.331588 0.475628 0.395365 0.321716 0.402745 0.482765 0.417509 0.488045 0.535966 0.387344 0.384387 0.335235 0.349965 0.478362 1.23301 0.536082 0.337226 0.347319 0.375534 0.289733 0.794445 0.443824 0.401712 0.393429 0.385121 0.319359 0.319502 1.04982 0.559815 0.142052 0.522488 0.402096 0.294296 0.542293 0.334451 0.32762 0.387234 0.322445 0.318079 0.351394 0.314282 0.422194 0.400934 0.34094 0.381823 0.392853 0.321984 0.385305 0.435915 1.29248 0.55608 0.460943 0.368973 0.319467 0.342369 0.474356 0.480854 0.356897 0.480542 1.35147 0.695579 0.562812 0.356962 0.428603 1.6493 0.400174 0.533852 0.13999 0.545111 0.334441 0.401889 0.319589 0.52772 1.28599 0.286244 1.18946 1.39259 0.401502 0.309129 0.371564 0.354939 0.340236 0.524338 0.383983 0.442733 0.354212 0.489913 0.542625 0.707795 1.28936 1.22265 0.443262 0.492313 0.702474 0.394642 0.397114 0.362826 0.540697 0.482206 0.479194 0.682772 0.367245 0.496728 0.706035 0.350009 0.346916 0.400568 0.380657 0.485309 0.338771 0.537749 0.699847 0.332074 0.387496 0.480738 0.350049 0.413632 0.422039 0.355872 0.494614 0.382074 0.453028 0.377437 0.530723 0.391088 0.390023 0.380937 0.910147 1.56983 0.338041 1.62967 0.425129 0.380983 0.548344 1.60835 0.35548 0.447819 0.349588 0.330254 0.305686 0.738449 0.395065 0.327565 0.291929 0.344324 0.406209 0.359823 0.457643 0.485446 0.39696 1.02392 0.40327 0.359061 0.404692 0.397463 0.340024 0.35151 0.478819 0.386394 0.316957 0.312099 0.483918 0.556429 0.334459 0.582693 0.423985 0.48341 0.366155 0.401096 1.67832 0.367212 0.674108 0.390653 0.326271 0.584106 0.523202 0.649052 0.495172 0.483315 0.337635 0.480661 0.461345 0.44759 0.396547 0.380766 0.901 0.537123 0.617324 0.463304 0.474063 0.382682 1.27357 0.29729 0.351654 0.489777 0.396042 0.651023 0.576205 1.32319 0.608389 0.412393 0.715731 0.395199 0.402332 0.699205 0.368655 0.909513 0.540786 0.48357 0.319155 0.374002 0.322765 0.435407 0.477048 0.411136 0.330659 0.37459 0.398357 0.402376 0.851186 0.445261 0.339922 0.400038 1.29537 1.01712 0.760012 0.545466 0.535251 1.22911 0.405463 0.479046 0.535175 0.449595 0.480261 0.339464 0.352098 0.724004 0.400349 0.479778 0.4794 0.548227 0.395388 0.402588 0.300532 0.544363 0.465901 0.400002 1.39999 0.722945 0.538364 0.841238 0.841693 0.48061 0.341041 0.329505 0.400188 0.402279 0.330742 0.729919 0.396416 0.397001 0.345446 0.490856 0.409091 0.416703 0.477325 0.401187
Testing:
Lab Growth Rates:
0.25 0.25 0.25
Dot Production Prediction of Lab Growth Rates:
0.541696 0.323607 0.508461
Best performance so far: 
Obj: 4.64319e-310Rho: 2.26291e-314Diff: 4.64319e-310
Anneal again with the best G and E so far as input
Cycle 2Round 1
Iter 500000 pBad 0.826013 T 0.00127883 Obj 1.05474 Rho 0 GRdif 31.2321 success 104246 failure 9948 obj_new 1.05474 SA_pAcc 0.895638 Delta -0.0814041 SA_r 0.450903 freedomratio 0.251826
Iter 1000000 pBad 0.741677 T 0.000418662 Obj 1.03319 Rho 0 GRdif 19.1324 success 205612 failure 25906 obj_new 1.03319 SA_pAcc 1.22809 Delta -0.0127824 SA_r 0.922002 freedomratio 0.244881
Iter 1500000 pBad 0.679019 T 0.000137062 Obj 1.02569 Rho 0 GRdif 14.8625 success 303686 failure 49681 obj_new 1.02569 SA_pAcc 1 Delta 0.0105258 SA_r 0.865962 freedomratio 0.245188
Iter 2000000 pBad 0.570622 T 4.48711e-05 Obj 1.02415 Rho 0 GRdif 13.9814 success 400788 failure 76675 obj_new 1.02415 SA_pAcc 1 Delta 0.0226096 SA_r 0.963596 freedomratio 0.24376
Iter 2500000 pBad 0.4949 T 1.46899e-05 Obj 1.02041 Rho 0 GRdif 11.842 success 495491 failure 109108 obj_new 1.02041 SA_pAcc 1 Delta -0.0283088 SA_r 0.886702 freedomratio 0.239869
Iter 3000000 pBad 0.396184 T 4.80917e-06 Obj 1.01698 Rho 0 GRdif 9.86729 success 587651 failure 148401 obj_new 1.01698 SA_pAcc 2.10525 Delta -0.0240898 SA_r 0.968476 freedomratio 0.236005
Iter 3500000 pBad 0.292799 T 1.57442e-06 Obj 1.01102 Rho 0 GRdif 6.42263 success 667611 failure 216637 obj_new 1.01102 SA_pAcc 1 Delta -0.0239505 SA_r 0.0294524 freedomratio 0.22678
Iter 4000000 pBad 0.232633 T 5.15434e-07 Obj 1.00934 Rho 0 GRdif 5.44607 success 741498 failure 297658 obj_new 1.00934 SA_pAcc 0.899087 Delta -0.00470846 SA_r 0.208819 freedomratio 0.224349
Iter 4500000 pBad 0.128703 T 1.68743e-07 Obj 1.00874 Rho 0 GRdif 5.0976 success 796992 failure 424476 obj_new 1.00874 SA_pAcc 1 Delta 0.00781955 SA_r 0.366824 freedomratio 0.20981
Iter 5000000 pBad 0.0505495 T 5.52428e-08 Obj 1.00832 Rho 0 GRdif 4.85707 success 835107 failure 603788 obj_new 1.00832 SA_pAcc 0.0136732 Delta -0.00335723 SA_r 0.425076 freedomratio 0.185267
Iter 5500000 pBad 0.0357138 T 1.80854e-08 Obj 1.00813 Rho 0 GRdif 5.94251 success 860688 failure 834339 obj_new 1.01019 SA_pAcc 0 Delta -0.00166794 SA_r 0.34139 freedomratio 0.171948
Iter 6000000 pBad 0.0139181 T 5.92078e-09 Obj 1.00805 Rho 0 GRdif 4.69965 success 876273 failure 1109369 obj_new 1.00805 SA_pAcc 1 Delta 0.00109641 SA_r 0.0243237 freedomratio 0.15855
Iter 6500000 pBad 0.00585489 T 1.93834e-09 Obj 1.00803 Rho 0 GRdif 4.68604 success 885440 failure 1414944 obj_new 1.00803 SA_pAcc 4.81165e-22 Delta 0.000238571 SA_r 0.156637 freedomratio 0.152883
Iter 7000000 pBad 0.00434881 T 6.34574e-10 Obj 1.00801 Rho 0 GRdif 4.6996 success 892592 failure 1735003 obj_new 1.00805 SA_pAcc 0 Delta 0.000207485 SA_r 0.383517 freedomratio 0.148317
Iter 7500000 pBad 0.00470816 T 2.07746e-10 Obj 1.008 Rho 0 GRdif 4.67131 success 897304 failure 2071568 obj_new 1.008 SA_pAcc 1 Delta -0.00025134 SA_r 0.214205 freedomratio 0.144442
Iter 8000000 pBad 0.00283947 T 6.80119e-11 Obj 1.008 Rho 0 GRdif 4.66784 success 901959 failure 2420699 obj_new 1.008 SA_pAcc 0 Delta -0.000204403 SA_r 0.987936 freedomratio 0.138797
Iter 8500000 pBad 0.000765417 T 2.22657e-11 Obj 1.00799 Rho 0 GRdif 4.67056 success 905300 failure 2782852 obj_new 1.008 SA_pAcc 0 Delta 6.5773e-05 SA_r 0.50743 freedomratio 0.13682
Iter 9000000 pBad 0.000328858 T 7.28934e-12 Obj 1.00799 Rho 0 GRdif 4.66364 success 908960 failure 3150749 obj_new 1.00799 SA_pAcc 0 Delta 2.62946e-07 SA_r 0.0719441 freedomratio 0.13493
Iter 9500000 pBad 0.000584536 T 2.38638e-12 Obj 1.00799 Rho 0 GRdif 4.66289 success 911955 failure 3522545 obj_new 1.00799 SA_pAcc 0 Delta -4.38042e-05 SA_r 0.615656 freedomratio 0.134527
Good enough
iter 9.94195e+06 obj1.00799 rho 0 GRdif 4.66157
Training:
Lab Growth Rates:
0.65 1.05 1.345 0.53 0.5 0.11 0.46 0.56 0.1 0.46 1.483 0.55 0.17 0.58 1.483 0.5 0.43 0.19 0.37 1.248 0.23 0.46 0.22 0.47 0.42 1.46 0.377 0.26 0.47 0.52 0.47 0.55 0.47 0.4 0.23 1.483 1.345 1.345 0.4 0.43 0.46 0.54 0.37 1.483 0.55 0.46 0.25 1.43 0.23 0.55 0.59 0.2 0.71 0.51 1.66 0.476 0.636 0.23 0.56 0.33 0.56 0.5 0.42 0.3 0.5 0.6 0.32 0.59 0.54 0.47 0.53 0.54 0.481 0.46 0.53 0.4 0.34 0.43 0.46 0.5 0.636 0.33 0.47 0.3 0.54 0.59 0.52 0.4 0.5 0.4 0.762 0.5 0.4 0.53 0.5 0.5 0.55 0.901 0.54 0.43 0.54 1.483 0.762 0.4 0.59 0.48 1.248 0.1 0.45 0.53 0.54 0.38 0.686 0.5 0.45 0.485 0.4 0.4 0.52 1.05 0.54 0.4 0.45 0.49 0.5 0.901 0.55 0.5 0.1 0.648 0.465 0.59 0.37 0.617 0.22 0.724 0.762 0.36 0.42 0.45 0.46 0.39 0.2 0.42 0.4 0.4 0.4 1.483 0.48 0.648 0.4 0.54 0.31 0.4 0.54 0.6 1.05 1.345 0.65 0.636 0.58 0.53 0.51 0.52 0.39 0.46 0.42 0.54 1.248 0.52 0.55 0.53 0.49 0.32 0.47 0.36 0.5 0.11 0.45 0.5 0.637 0.55 0.71 0.26 0.33 0.54 0.4 0.4 0.59 0.42 0.55 0.19 0.4 0.54 0.4 0.46 0.635 0.51 0.58 0.52 0.52 0.58 0.5 0.3 0.55 0.41 1.248 0.47 1.248 0.3 0.59 0.3 1.345 0.45 0.36 0.3 0.58 0.54 0.47 0.5 0.901 0.3 0.09 0.71 0.45 0.34 0.37 0.59 0.4 0.686 1.05 0.53 1.67 0.4 0.3 0.37 0.56 1.03 0.25 0.4 1.483 0.42 0.476 0.37 0.4 0.377 0.25 0.5 0.25 0.54 0.4 0.58 0.56 0.901 0.1 0.43 0.4 0.5 0.58 0.54 0.58 1.49 0.37 1.345 0.58 0.36 0.45 0.56 0.4 0.41 0.43 0.45 1.345 0.58 0.4 0.39 0.46 0.41 0.42 0.27 0.2 0.5 0.23 0.37 0.54 0.53 0.23 0.37 1.66 0.4 0.7 0.1 0.58 0.637 0.4 0.56 0.39 1.345 0.47 0.58 0.47 0.37 0.65 0.47 0.5 0.4 1.483 0.47 0.47 0.39 0.3 0.6 0.41 0.485 0.7 0.58 0.55 0.56 0.3 0.45 0.485 0.4 0.33 0.4 0.481 0.53 0.56 0.56 0.22 0.5 0.5 0.47 0.56 1.483 0.54 0.33 0.43 0.4 0.27 0.5 0.47 0.43 0.4 0.41 0.46 0.42 1.05 0.31 0.14 0.53 0.23 0.42 0.59 0.48 0.33 0.53 0.48 0.59 0.52 0.54 0.47 0.4 0.34 0.52 0.46 0.48 0.4 0.1 1.345 0.54 0.22 0.27 0.32 0.45 0.55 0.301 0.59 0.56 1.38 0.7 0.31 0.52 0.47 0.45 0.4 0.46 0.14 0.56 0.42 0.4 0.17 0.56 1.35 0.38 1.345 1.67 0.4 0.38 0.43 0.38 0.42 0.56 0.37 0.3 0.43 0.68 0.59 0.635 1.345 1.483 0.46 0.476 0.648 0.4 0.27 0.5 0.54 0.68 0.41 0.5 0.54 0.68 0.635 0.48 0.36 0.4 0.46 0.58 0.09 0.56 0.7 0.19 0.37 0.41 0.22 0.43 0.22 0.48 0.68 0.09 0.33 0.45 0.54 0.54 0.58 0.59 0.1 1.46 0.5 1.42 0.17 0.49 0.59 1.44 0.52 0.58 0.52 0.41 0.48 0.5 0.54 0.42 0.4 0.47 0.4 0.45 0.37 0.485 0.4 1.46 0.4 0.54 0.4 0.4 0.47 0.3 0.58 0.42 0.27 0.42 0.5 0.65 0.36 0.42 0.45 0.481 0.36 0.4 0.45 0.54 0.65 0.4 0.36 0.65 0.53 0.65 0.68 0.33 0.41 0.58 0.22 0.26 0.4 0.47 0.901 0.5 0.27 0.46 0.54 0.11 1.483 0.38 0.1 0.465 0.37 0.65 0.65 1.345 0.42 0.36 0.5 0.4 0.4 0.637 0.45 0.1 0.5 0.377 0.5 0.33 0.39 0.47 0.47 0.43 0.46 0.46 0.37 0.4 0.901 0.3 0.45 0.4 1.43 1.46 0.5 0.56 0.53 1.483 0.4 0.58 0.23 0.47 0.301 0.58 0.45 0.724 0.4 0.58 0.6 0.59 0.4 0.4 0.3 0.53 0.22 0.4 1.4 0.724 0.23 0.762 0.25 0.301 0.5 0.42 0.4 0.4 0.59 0.686 0.37 0.4 0.48 0.465 0.46 0.46 0.56 0.4
Dot Production Prediction of Lab Growth Rates:
0.647461 1.33833 1.33359 0.464595 0.320893 0.33254 0.532063 0.541574 0.433687 0.430526 1.35961 0.540407 0.274197 0.466774 1.37225 0.865814 0.369563 0.281578 0.408552 0.823382 0.548983 0.350781 0.46828 0.378047 0.559699 1.09612 0.469986 0.386919 0.347472 0.334955 0.34953 0.544557 0.397055 0.403352 0.542411 1.34345 1.38769 1.34106 0.312101 0.427017 0.436962 0.375132 0.374686 1.35172 0.559821 0.524185 1.40129 1.07922 0.539401 0.552555 0.541734 0.367457 0.713902 0.413749 1.43102 0.479453 0.706045 0.413676 0.461507 0.347639 0.543219 0.468416 0.357307 0.537766 0.531786 0.608465 0.341189 0.546823 0.460739 0.457331 0.323198 0.375204 0.478045 0.46543 0.376692 0.398071 0.298351 0.347908 0.301264 0.5693 0.709172 0.321809 0.384511 0.398337 0.27897 0.311849 0.365612 0.394391 0.444858 0.400848 0.76771 0.462098 0.391234 0.333918 0.912322 0.753186 0.462497 0.905574 0.456967 0.339687 0.455011 1.39195 0.762322 0.383631 0.332131 0.307579 0.825837 1.34084 1.36435 0.524174 0.471186 0.380412 0.709465 0.331014 1.39501 0.477402 0.399077 0.400877 0.343964 1.05913 0.36399 0.399632 1.35072 0.406862 0.942945 0.90522 0.458994 0.409821 1.32918 0.694639 0.476854 0.331807 0.401783 0.594585 0.47248 0.711818 0.768384 0.407514 0.301494 0.327623 0.338471 0.295682 0.351676 0.346716 0.397447 0.396457 0.397528 1.33545 0.286296 0.696909 0.398486 0.327665 0.55806 0.383208 0.544167 0.629414 1.05003 1.36118 0.652062 0.713598 0.346489 0.521913 0.41573 0.393839 0.350828 0.453556 0.325883 0.456231 0.833289 0.324289 0.448225 0.305214 0.387751 0.308948 0.306539 0.360247 0.370922 0.341544 0.370924 0.855237 0.692597 0.547157 0.709895 0.56421 0.44558 0.377823 0.400693 0.401465 0.32107 0.357501 0.462099 0.275173 0.401654 0.555292 0.380219 0.45268 0.70091 0.374944 0.46322 0.372283 0.331735 0.466482 0.469948 0.305809 0.54398 0.399618 0.828521 0.384642 0.824444 0.328799 0.538741 0.609553 1.33763 1.37974 0.335016 0.590407 0.353511 0.541702 0.384508 0.533428 0.902136 0.642881 0.429811 0.704975 0.40254 0.321977 0.409694 0.309557 0.401091 0.712256 1.04621 0.514458 1.42192 0.395731 0.311323 0.30029 0.540289 1.23988 0.347795 0.398783 1.35442 0.364412 0.475022 0.404787 0.398924 0.47149 0.340764 0.471329 0.331214 0.351862 0.400832 0.284881 0.467915 0.900999 1.08623 0.427798 0.400535 0.334759 0.383597 0.362184 0.466794 1.41059 0.5373 1.36243 0.382634 0.336517 0.371762 0.542397 0.39488 0.399416 0.381138 1.33828 1.39507 0.383635 0.400433 0.329075 0.459983 0.37114 0.311786 0.366005 0.362255 0.882721 0.541772 0.405702 0.341227 0.386658 0.414313 0.406799 1.41141 0.399978 0.77111 1.37224 0.469477 0.694699 0.389844 0.531039 0.315613 1.37074 0.38069 0.462919 0.385747 0.403743 0.657374 0.334669 0.464005 0.397027 1.34499 0.329685 0.364712 0.345089 0.494583 0.648191 0.466431 0.475059 0.774697 0.325781 0.468082 0.546537 0.636095 0.329023 0.476807 0.391471 0.317546 0.400748 0.475269 0.424314 0.468944 0.545173 0.389124 0.344774 0.318904 0.33728 0.464266 1.32925 0.53115 0.324588 0.36019 0.360127 0.274091 0.954197 0.366332 0.390161 0.388052 0.357679 0.304042 0.332682 1.059 0.561805 0.13999 0.532726 0.41481 0.300938 0.54244 0.353635 0.302993 0.426704 0.312286 0.32281 0.372277 0.327139 0.357323 0.39943 0.312365 0.400375 0.383963 0.300581 0.378168 0.446038 1.34463 0.553626 0.461815 0.364196 0.325058 0.343389 0.458622 0.480036 0.365053 0.46417 1.23668 0.75978 0.579377 0.384527 0.398322 1.41059 0.39835 0.547201 0.140583 0.553727 0.338551 0.398267 0.306578 0.526184 1.02572 0.294594 1.33765 1.37648 0.400151 0.279322 0.369366 0.38138 0.325693 0.523272 0.398989 0.555189 0.345332 0.406293 0.54007 0.701271 1.38226 1.34785 0.44304 0.480627 0.689904 0.393528 0.365321 0.382803 0.538885 0.406623 0.477707 0.783032 0.343174 0.407569 0.702777 0.359799 0.35931 0.399273 0.383344 0.47076 0.344163 0.537041 0.758567 0.275684 0.411586 0.477084 0.350493 0.420862 0.439623 0.331151 0.412063 0.383878 0.47871 0.388902 0.539374 0.401358 0.385339 0.389087 1.17313 1.3555 0.362872 1.44703 0.396171 0.403867 0.5398 1.41786 0.307554 0.445872 0.360161 0.328995 0.278673 0.865606 0.365152 0.308639 0.300159 0.372591 0.404786 0.380036 0.431716 0.479694 0.389704 1.05422 0.401723 0.381977 0.40288 0.395711 0.316156 0.363953 0.457881 0.400046 0.339335 0.310458 0.465777 0.833994 0.309354 0.561764 0.413608 0.476684 0.348595 0.395302 1.42134 0.381877 0.649197 0.387693 0.321405 0.875926 0.521825 0.648198 0.409869 0.507422 0.345287 0.45861 0.463542 0.458661 0.393235 0.398715 0.901 0.55437 0.535613 0.459986 0.475349 0.378353 1.36074 0.302765 0.363983 0.477687 0.406948 0.629579 0.864273 1.37951 0.574842 0.415481 0.85082 0.394174 0.397937 0.695249 0.34791 1.1327 0.548276 0.475338 0.330814 0.36736 0.305608 0.3787 0.451527 0.399781 0.352596 0.344834 0.395001 0.400979 0.806828 0.574469 0.375921 0.398889 1.08973 1.06787 0.936217 0.558641 0.536139 1.35271 0.403365 0.466058 0.545471 0.441932 0.479725 0.339139 0.371166 0.713388 0.400028 0.459237 0.634601 0.549768 0.390154 0.405684 0.307849 0.540272 0.47305 0.398001 1.37774 0.711203 0.544425 0.778776 1.08293 0.477429 0.328125 0.356616 0.396997 0.397728 0.323217 0.71087 0.382027 0.394769 0.339196 0.476966 0.405559 0.410016 0.459777 0.403098
Testing:
Lab Growth Rates:
0.25 0.25 0.25
Dot Production Prediction of Lab Growth Rates:
0.50934 0.301326 0.482715
Best performance so far: 
Obj: 4.64319e-310Rho: 6.5069e-314Diff: 4.64319e-310
Test:
 Lab Growth Rates:
0.25 0.25 0.25Dot Product Prediction of Growth Rate:
0.5093403 0.3013262 0.4827146