seed =  5 traits =  1 
Training: part  67 
Training: part  67 
Round  1 
 Goal of obj  0.99 
Temperature range:  0.015625 6.25e-14 
Cycle 1Round 1
Iter 500000 pBad 0.948529 T 0.00420653 Obj 1.18916 Rho 0 GRdif 101.524 success 109294 failure 863 obj_new 1.18916 SA_pAcc 0.989143 Delta -0.0794233 SA_r 0.343937 freedomratio 0.364655
Iter 1000000 pBad 0.832679 T 0.00113247 Obj 1.08327 Rho 0 GRdif 46.9892 success 254294 failure 12901 obj_new 1.08349 SA_pAcc 0.823615 Delta 0.0520244 SA_r 0.973559 freedomratio 0.379288
Iter 1500000 pBad 0.730226 T 0.000304881 Obj 1.03799 Rho 0 GRdif 21.9175 success 396059 failure 33979 obj_new 1.03811 SA_pAcc 0.677327 Delta 0.0684613 SA_r 0.864996 freedomratio 0.364882
Iter 2000000 pBad 0.66505 T 8.20792e-05 Obj 1.02529 Rho 0 GRdif 14.6333 success 535131 failure 62236 obj_new 1.02529 SA_pAcc 1 Delta -0.0412712 SA_r 0.483359 freedomratio 0.364428
Iter 2500000 pBad 0.559231 T 2.20971e-05 Obj 1.01916 Rho 0 GRdif 11.1218 success 672385 failure 93476 obj_new 1.01916 SA_pAcc 0.995781 Delta -0.000809754 SA_r 0.750059 freedomratio 0.370417
Iter 3000000 pBad 0.449611 T 5.94893e-06 Obj 1.01545 Rho 0 GRdif 8.98674 success 801738 failure 138665 obj_new 1.01545 SA_pAcc 0.362518 Delta 0.016195 SA_r 0.496667 freedomratio 0.346746
Iter 3500000 pBad 0.324632 T 1.60156e-06 Obj 1.01138 Rho 0 GRdif 6.62845 success 915864 failure 214198 obj_new 1.01138 SA_pAcc 1 Delta 0.00932785 SA_r 0.597227 freedomratio 0.337558
Iter 4000000 pBad 0.199002 T 4.31167e-07 Obj 1.00954 Rho 0 GRdif 5.56625 success 1012534 failure 324986 obj_new 1.00954 SA_pAcc 1 Delta -0.00379376 SA_r 0.174117 freedomratio 0.321096
Iter 4500000 pBad 0.0831178 T 1.16078e-07 Obj 1.00892 Rho 0 GRdif 5.21098 success 1072508 failure 517548 obj_new 1.00893 SA_pAcc 1.37471e-55 Delta -0.00301516 SA_r 0.0226547 freedomratio 0.276155
Iter 5000000 pBad 0.0280269 T 3.12501e-08 Obj 1.00869 Rho 0 GRdif 5.0695 success 1106742 failure 778289 obj_new 1.00869 SA_pAcc 6.56361e-08 Delta -0.00257104 SA_r 0.77409 freedomratio 0.232263
Iter 5500000 pBad 0.0218216 T 8.41306e-09 Obj 1.00861 Rho 0 GRdif 5.02212 success 1125179 failure 1089125 obj_new 1.00861 SA_pAcc 0.315646 Delta -0.000182249 SA_r 0.23171 freedomratio 0.221132
Iter 6000000 pBad 0.0108857 T 2.26494e-09 Obj 1.00857 Rho 0 GRdif 5.00026 success 1135790 failure 1428944 obj_new 1.00857 SA_pAcc 1 Delta -0.000565361 SA_r 0.3181 freedomratio 0.207214
Iter 6500000 pBad 0.003404 T 6.09762e-10 Obj 1.00856 Rho 0 GRdif 4.99697 success 1140786 failure 1786485 obj_new 1.00856 SA_pAcc 0 Delta 0.00010687 SA_r 0.41982 freedomratio 0.205398
Iter 7000000 pBad 0.00376793 T 1.64158e-10 Obj 1.00855 Rho 0 GRdif 4.99702 success 1144667 failure 2150920 obj_new 1.00856 SA_pAcc 0 Delta 0.000257278 SA_r 0.423651 freedomratio 0.199727
Iter 7500000 pBad 0.00218488 T 4.41943e-11 Obj 1.00855 Rho 0 GRdif 4.98657 success 1146935 failure 2522735 obj_new 1.00855 SA_pAcc 2.47404e-17 Delta -2.20938e-05 SA_r 0.731189 freedomratio 0.197906
Iter 8000000 pBad 0.000450523 T 1.18979e-11 Obj 1.00854 Rho 0 GRdif 4.98539 success 1148492 failure 2898643 obj_new 1.00854 SA_pAcc 1 Delta 1.11351e-06 SA_r 0.592177 freedomratio 0.196512
Iter 8500000 pBad 0.000747514 T 3.20311e-12 Obj 1.00854 Rho 0 GRdif 4.9848 success 1150992 failure 3274409 obj_new 1.00854 SA_pAcc 1 Delta -7.04647e-05 SA_r 0.889775 freedomratio 0.195987
Iter 9000000 pBad 0.00071145 T 8.62333e-13 Obj 1.00854 Rho 0 GRdif 4.99195 success 1153891 failure 3642785 obj_new 1.00856 SA_pAcc 0 Delta 3.88962e-05 SA_r 0.936821 freedomratio 0.195008
Iter 9500000 pBad 2.59774e-18 T 2.32155e-13 Obj 1.00854 Rho 0 GRdif 5.05154 success 1160701 failure 3953226 obj_new 1.00866 SA_pAcc 0 Delta 1.20027e-19 SA_r 0.463477 freedomratio 0.180031
Iter 10000000 pBad 4.41944e-53 T 6.25002e-14 Obj 1.00854 Rho 0 GRdif 4.9843 success 1160701 failure 4242685 obj_new 1.00854 SA_pAcc 1 Delta 1.43332e-54 SA_r 0.539045 freedomratio 0.172658
Cannot move further
iter 9.3562e+06 obj1.00854 rho 0 GRdif 4.9843
Training:
Lab Growth Rates:
0.55 0.25 0.38 0.47 0.56 0.48 0.4 0.59 0.27 0.41 0.59 0.32 0.54 1.345 0.377 0.71 0.4 0.68 0.42 0.26 0.1 0.37 0.37 1.345 0.48 0.58 0.5 0.635 0.7 1.38 0.42 0.54 0.55 0.4 0.51 0.5 0.56 0.32 0.301 0.485 0.3 0.5 0.3 0.5 0.4 0.1 0.11 0.53 0.686 0.55 0.19 0.45 0.5 0.4 0.4 0.4 0.901 0.485 0.56 0.1 0.2 0.686 1.345 0.27 0.56 0.4 0.1 0.65 0.5 0.4 0.71 0.36 0.7 0.4 0.58 0.37 0.22 0.54 0.46 0.43 0.09 0.56 1.67 0.59 0.52 0.46 0.901 0.14 0.724 0.49 0.47 0.56 0.43 0.56 0.54 0.34 0.4 0.43 0.22 0.46 0.58 0.22 0.17 0.58 0.901 0.4 0.47 0.36 0.52 0.56 0.37 0.65 0.4 1.483 0.58 0.26 0.1 0.4 0.46 1.483 0.58 0.45 1.483 0.45 0.23 0.37 0.45 0.58 0.4 0.5 0.55 0.6 1.46 0.54 0.5 0.37 0.476 0.55 0.5 1.49 0.4 0.33 0.5 0.53 0.45 0.4 0.33 0.45 0.481 0.58 0.3 0.47 0.46 0.48 0.41 0.52 0.47 0.36 0.4 0.68 1.05 0.42 0.23 0.54 1.66 0.648 0.45 0.59 0.33 0.7 0.4 1.345 0.54 0.4 0.4 0.4 0.47 0.45 0.54 0.45 0.25 0.65 0.53 0.56 0.4 0.65 0.46 1.345 0.4 0.22 0.4 1.44 0.45 0.37 1.483 0.47 0.377 0.4 0.43 0.4 0.17 0.762 0.39 0.51 0.42 0.54 0.47 0.33 1.05 0.42 0.47 0.53 0.4 0.45 0.42 0.485 0.4 1.345 1.483 0.58 0.59 0.54 0.5 0.3 0.54 0.43 0.09 0.31 0.23 0.4 0.636 1.483 0.39 1.43 0.4 0.37 1.345 0.617 0.48 0.47 0.23 0.52 0.4 0.1 0.686 0.53 0.55 0.54 0.46 0.53 1.345 0.45 0.42 0.38 0.34 0.1 0.38 0.33 0.53 0.3 0.45 0.47 0.47 0.724 0.4 0.59 0.4 0.43 0.56 0.34 0.5 0.46 0.42 0.49 0.41 0.46 1.483 0.41 0.4 0.3 0.33 0.46 0.68 0.23 0.22 0.4 0.6 0.4 0.27 1.248 0.59 0.53 0.762 0.5 1.46 0.53 0.4 0.09 0.31 0.23 0.41 0.43 0.52 0.48 0.58 0.42 1.345 0.39 0.53 0.4 1.483 1.248 0.45 0.481 0.47 0.53 0.37 0.36 0.42 0.42 0.37 0.47 0.635 0.36 0.45 0.3 0.41 0.648 0.37 0.5 0.52 0.54 0.476 0.55 0.5 1.248 0.22 0.4 0.5 0.54 1.46 0.36 0.53 0.481 0.54 0.5 0.26 0.54 0.59 0.38 0.52 1.483 1.05 0.36 0.5 0.56 0.17 0.5 0.59 0.43 0.47 0.47 0.901 0.901 1.483 0.25 0.47 0.52 0.25 0.4 0.53 0.42 1.05 0.36 0.59 0.901 0.56 0.56 0.45 0.14 0.65 0.4 0.11 0.59 0.54 0.19 0.65 0.54 0.5 1.345 1.03 0.4 0.4 0.46 0.56 0.46 1.345 0.3 0.25 1.4 0.4 0.301 0.7 1.05 0.4 0.42 1.483 0.58 0.47 0.43 0.4 0.53 0.47 0.47 0.58 0.4 0.724 0.52 0.37 0.5 0.47 0.46 0.4 0.68 0.71 0.33 0.55 0.55 0.58 1.483 0.54 0.53 0.68 0.23 0.22 0.41 0.45 1.43 0.41 0.4 1.67 0.54 0.46 0.51 0.59 0.58 0.46 0.54 0.37 0.37 0.37 0.648 0.762 0.59 0.54 0.49 0.58 0.48 0.56 1.345 0.11 0.52 0.58 0.25 0.5 0.52 0.54 0.41 0.46 0.47 0.38 0.46 0.465 0.476 0.52 0.4 1.248 0.637 0.25 0.4 0.43 0.39 0.5 0.59 1.66 0.47 0.43 0.5 0.4 0.3 0.59 1.42 0.27 0.27 0.58 0.4 0.3 0.48 0.3 0.55 0.4 0.22 0.37 0.54 0.1 0.39 0.42 0.58 0.4 0.762 0.637 0.635 0.301 0.31 0.4 0.56 0.32 0.3 0.25 0.5 0.1 0.5 0.2 0.48 0.46 0.42 0.2 0.636 0.465 0.23 0.5 0.58 0.636 0.58 0.3 0.5 0.55 0.45 0.42 1.248 0.377 1.35 0.36 0.65 0.5 0.39 0.23 0.47 0.54 0.4 0.55 0.5 0.5 0.4 0.4 0.6 0.465 0.4 0.56 0.42 0.46 0.19 0.54 0.46 1.46 0.54 0.58 0.45 0.46 0.637 0.4 0.56 0.65 0.42 0.33 0.65 0.59 0.43 0.33 0.54 0.27 0.485 0.3 0.4 0.6 0.48
Dot Production Prediction of Lab Growth Rates:
0.55386 0.318312 0.325517 0.347836 0.54669 0.346358 0.409877 0.536327 0.362451 0.384909 0.336929 0.314889 0.4628 1.18871 0.511323 0.668717 0.39973 0.467373 0.338668 0.461115 0.341748 0.423465 0.417814 1.2109 0.326283 0.470267 0.369868 0.671524 0.704474 1.32558 0.321399 0.336986 0.54737 0.408251 0.41446 0.404751 0.533252 0.322156 0.517142 0.517558 0.513801 0.544778 0.304965 0.33973 0.399253 1.66851 0.336138 0.332308 0.676484 0.549255 0.320736 0.338068 0.642956 0.402777 0.399859 0.399968 0.90427 0.522717 0.546843 1.52396 0.37051 0.677127 1.223 0.355684 0.471574 0.405498 0.442702 0.644669 0.362468 0.411341 0.68015 0.342342 0.700279 0.332598 0.354136 0.426466 0.469724 0.534909 0.331952 0.403586 0.448721 0.547557 1.57144 0.338231 0.350285 0.453968 0.906396 0.358877 0.678489 0.371514 0.470047 0.468185 0.344627 0.531987 0.386145 0.332444 0.407112 0.415279 0.469426 0.519367 0.473851 0.47015 0.326834 0.366815 0.901 0.406313 0.398935 0.410586 0.365656 0.543092 0.39599 0.650401 0.409619 1.13937 0.471126 0.557582 1.82137 0.408801 0.423173 1.14547 0.476053 0.344208 1.17552 1.60247 0.550456 0.404131 1.62078 0.376638 0.400917 0.747126 0.560037 0.514932 1.0179 0.539997 0.345308 0.430318 0.52254 0.464995 0.705393 1.60247 0.409832 0.351625 0.331204 0.530473 0.403702 0.410344 0.326372 0.343694 0.517992 0.469839 0.303585 0.384569 0.45705 0.340035 0.375157 0.37302 0.406289 0.328863 0.402406 0.457747 1.05 0.316494 0.428071 0.3873 1.66 0.666695 0.342706 0.359501 0.467831 0.699928 0.409529 1.15628 0.553852 0.396546 0.405867 0.403024 0.388926 1.51046 0.470487 1.58119 0.499963 0.658307 0.34539 0.548967 0.401076 0.638793 0.497416 1.23532 0.403106 0.470293 0.407831 1.58169 1.53774 0.317274 1.14181 0.348806 0.514147 0.403079 0.397421 0.408078 0.318797 0.838303 0.351377 0.379928 0.569022 0.472027 0.429288 0.325189 1.60318 0.332149 0.35754 0.542522 0.407905 1.52479 0.318355 0.516139 0.396426 1.19351 1.18386 0.480786 0.339348 0.385797 0.332879 0.499371 0.368812 0.358347 0.348194 0.55805 0.550685 0.41029 0.680522 1.14402 0.322357 1.38306 0.410235 0.415994 1.20449 0.797993 0.351001 0.359613 0.427978 0.346782 0.398008 0.43104 0.676911 0.548329 0.460329 0.331095 0.36809 0.303916 1.20106 0.359407 0.330025 0.37507 0.328032 1.50983 0.325802 0.366986 0.358295 0.547508 1.53841 0.397449 0.409409 0.676314 0.393181 0.553412 0.407035 0.4382 0.475062 0.327076 0.377237 0.466836 0.350411 0.370789 0.388792 0.379018 1.17065 0.514107 0.392841 0.495885 0.487575 0.507421 0.465538 0.426825 0.434893 0.407387 0.532912 0.408086 0.584739 0.88243 0.353862 0.416908 0.82984 0.380719 1.5966 0.526762 0.407352 0.377034 0.563908 0.546302 0.506718 0.362641 0.398 0.306868 0.451362 0.354503 1.13389 0.317753 0.466735 0.395411 1.13247 0.879791 0.394293 0.520742 0.340309 0.511746 0.374929 0.350617 0.354736 0.357731 0.388445 0.439307 0.667753 0.417035 0.370444 0.494165 0.357862 0.668459 0.423767 0.639679 0.379083 0.54214 0.523863 0.466676 0.528221 0.893387 0.365128 0.403518 0.660574 0.37478 1.01405 0.366904 0.524899 0.520156 0.344457 0.317757 0.384599 0.372729 0.553277 0.377703 0.386714 1.14576 1.04994 0.355556 0.469205 0.546322 0.4167 0.466385 0.336443 0.368065 0.386228 0.449458 0.900918 0.85088 1.16948 0.362484 0.37283 0.374071 1.55775 0.401354 0.393826 0.339141 0.991805 0.348214 0.558403 0.901798 0.550594 0.541981 0.358614 0.361843 0.649918 0.393071 0.381567 0.542668 0.361724 0.325103 0.647916 0.456956 0.551438 1.20722 1.35627 0.398851 0.403739 0.401801 0.46701 0.34354 1.15405 0.327299 0.537651 1.55848 0.384846 0.516765 0.699455 1.05041 0.409314 0.582027 1.17707 0.363286 0.337129 0.370266 0.396123 0.394126 0.363286 0.369625 0.366857 0.399502 0.676554 0.393468 0.404607 0.730292 0.455797 0.451294 0.399974 0.46742 0.673815 0.330714 0.553933 0.464368 0.377706 1.20073 0.375389 0.525917 0.461904 0.544735 0.387752 0.31423 0.413091 1.36325 0.514769 0.406356 1.5374 0.383981 0.469668 0.39984 0.332426 0.46722 0.396477 0.55155 0.533143 0.412553 0.402042 0.668717 0.842407 0.373507 0.465527 0.393654 0.343594 0.309525 0.47051 1.18136 0.365549 0.390986 0.466475 0.357602 0.708845 0.400189 0.394437 0.344846 0.451252 0.348699 0.322758 0.315725 0.522008 0.527736 0.361401 0.409318 0.884439 0.670461 0.825436 0.407187 0.379481 0.328522 0.34041 0.353269 1.66 0.348055 0.421223 0.678488 0.402939 0.387408 0.539476 1.60728 0.381836 0.380566 0.478415 0.40792 0.462686 0.324043 0.542886 0.461739 0.408514 0.468658 0.411795 0.534565 0.827658 0.331909 0.360629 0.332359 0.402907 0.844197 0.67093 0.671195 0.514933 0.558867 0.39905 0.472551 0.351809 0.311596 0.361114 0.719032 1.51282 0.663224 0.392953 0.351203 0.308189 0.381832 0.401089 0.680701 0.521791 0.540656 0.71021 0.466834 0.674778 0.471137 0.363904 0.473315 0.443659 0.325258 0.342553 0.886427 0.511793 1.30266 0.355429 0.669213 0.550334 0.34897 0.541784 0.382563 0.314408 0.406954 0.561358 0.527769 0.331139 0.400115 0.403793 0.529458 0.520154 0.408636 0.550418 0.568203 0.426613 0.31965 0.537168 0.463451 0.999359 0.460109 0.300551 0.379201 0.356599 0.668136 0.403886 0.542648 0.66517 0.36976 0.433023 0.618803 0.547826 0.389235 0.358659 0.383117 0.328943 0.524944 0.454154 0.340344 0.518839 0.301296
Testing:
Lab Growth Rates:
0.5 0.5 0.5
Dot Production Prediction of Lab Growth Rates:
0.479349 0.479771 0.476964
Best performance so far: 
Obj: 4.68461e-310Rho: 2.26291e-314Diff: 4.68461e-310
Anneal again with the best G and E so far as input
Cycle 2Round 1
Iter 500000 pBad 0.936008 T 0.00420653 Obj 1.20078 Rho 0 GRdif 107.221 success 69137 failure 916 obj_new 1.20078 SA_pAcc 1 Delta -0.0931806 SA_r 0.361198 freedomratio 0.272431
Iter 1000000 pBad 0.818666 T 0.00113247 Obj 1.13923 Rho 0 GRdif 76.3851 success 163866 failure 6306 obj_new 1.13923 SA_pAcc 1 Delta 0.0473234 SA_r 0.930687 freedomratio 0.268561
Iter 1500000 pBad 0.708317 T 0.000304881 Obj 1.0581 Rho 0 GRdif 33.096 success 270554 failure 28433 obj_new 1.0581 SA_pAcc 1 Delta -0.0516205 SA_r 0.541261 freedomratio 0.27092
Iter 2000000 pBad 0.606026 T 8.20792e-05 Obj 1.03346 Rho 0 GRdif 19.288 success 372736 failure 61883 obj_new 1.03346 SA_pAcc 1.0847 Delta 0.0133327 SA_r 0.861213 freedomratio 0.265038
Iter 2500000 pBad 0.521795 T 2.20971e-05 Obj 1.02253 Rho 0 GRdif 13.057 success 472269 failure 101918 obj_new 1.02253 SA_pAcc 1 Delta 0.0488422 SA_r 0.930823 freedomratio 0.259982
Iter 3000000 pBad 0.476045 T 5.94893e-06 Obj 1.01711 Rho 0 GRdif 9.9445 success 569037 failure 146861 obj_new 1.01711 SA_pAcc 1.09857 Delta 0.00986861 SA_r 0.192427 freedomratio 0.257356
Iter 3500000 pBad 0.366256 T 1.60156e-06 Obj 1.01389 Rho 0 GRdif 8.08177 success 664962 failure 194172 obj_new 1.01389 SA_pAcc 1.05463 Delta 0.0181461 SA_r 0.621587 freedomratio 0.250642
Iter 4000000 pBad 0.199041 T 4.31167e-07 Obj 1.0118 Rho 0 GRdif 6.87487 success 746854 failure 272455 obj_new 1.0118 SA_pAcc 1 Delta -0.00660477 SA_r 0.903655 freedomratio 0.243862
Iter 4500000 pBad 0.119978 T 1.16078e-07 Obj 1.01078 Rho 0 GRdif 6.28099 success 809294 failure 399046 obj_new 1.01078 SA_pAcc 1 Delta 0.000802043 SA_r 0.475893 freedomratio 0.222898
Iter 5000000 pBad 0.0540528 T 3.12501e-08 Obj 1.01041 Rho 0 GRdif 6.07148 success 843506 failure 600946 obj_new 1.01041 SA_pAcc 0.307298 Delta 0.00153637 SA_r 0.570298 freedomratio 0.196315
Iter 5500000 pBad 0.0279068 T 8.41306e-09 Obj 1.01026 Rho 0 GRdif 5.98229 success 863291 failure 853496 obj_new 1.01026 SA_pAcc 3.46048e-17 Delta -0.00215555 SA_r 0.740568 freedomratio 0.183699
Iter 6000000 pBad 0.0124067 T 2.26494e-09 Obj 1.0102 Rho 0 GRdif 5.94862 success 874059 failure 1144443 obj_new 1.0102 SA_pAcc 0.00157267 Delta -0.000369591 SA_r 0.671907 freedomratio 0.169609
Iter 6500000 pBad 0.00397592 T 6.09762e-10 Obj 1.01017 Rho 0 GRdif 5.93078 success 880738 failure 1456434 obj_new 1.01017 SA_pAcc 1.00067e-87 Delta 0.000273 SA_r 0.750587 freedomratio 0.165024
Iter 7000000 pBad 0.00452198 T 1.64158e-10 Obj 1.01016 Rho 0 GRdif 5.92444 success 884759 failure 1781603 obj_new 1.01016 SA_pAcc 6.77439e-10 Delta -7.1212e-05 SA_r 0.879863 freedomratio 0.161033
Iter 7500000 pBad 0.00135925 T 4.41943e-11 Obj 1.01016 Rho 0 GRdif 5.92148 success 887707 failure 2116396 obj_new 1.01016 SA_pAcc 0 Delta 0.000113533 SA_r 0.578085 freedomratio 0.158464
Iter 8000000 pBad 0.000494693 T 1.18979e-11 Obj 1.01015 Rho 0 GRdif 5.91949 success 890061 failure 2459064 obj_new 1.01015 SA_pAcc 1 Delta -9.25319e-06 SA_r 0.697976 freedomratio 0.15474
Iter 8500000 pBad 0.000483457 T 3.20311e-12 Obj 1.01015 Rho 0 GRdif 5.91886 success 891706 failure 2808397 obj_new 1.01015 SA_pAcc 0 Delta -6.82725e-06 SA_r 0.293424 freedomratio 0.153765
Iter 9000000 pBad 0.000670966 T 8.62333e-13 Obj 1.01015 Rho 0 GRdif 5.91734 success 894722 failure 3155010 obj_new 1.01015 SA_pAcc 0 Delta 5.18585e-05 SA_r 0.0607995 freedomratio 0.152723
Iter 9500000 pBad 1.86833e-20 T 2.32155e-13 Obj 1.01015 Rho 0 GRdif 5.93779 success 898609 failure 3472109 obj_new 1.01018 SA_pAcc 0 Delta -1.27649e-22 SA_r 0.682159 freedomratio 0.144834
Good enough
iter 9.42724e+06 obj1.01015 rho 0 GRdif 5.91695
Training:
Lab Growth Rates:
0.55 0.25 0.38 0.47 0.56 0.48 0.4 0.59 0.27 0.41 0.59 0.32 0.54 1.345 0.377 0.71 0.4 0.68 0.42 0.26 0.1 0.37 0.37 1.345 0.48 0.58 0.5 0.635 0.7 1.38 0.42 0.54 0.55 0.4 0.51 0.5 0.56 0.32 0.301 0.485 0.3 0.5 0.3 0.5 0.4 0.1 0.11 0.53 0.686 0.55 0.19 0.45 0.5 0.4 0.4 0.4 0.901 0.485 0.56 0.1 0.2 0.686 1.345 0.27 0.56 0.4 0.1 0.65 0.5 0.4 0.71 0.36 0.7 0.4 0.58 0.37 0.22 0.54 0.46 0.43 0.09 0.56 1.67 0.59 0.52 0.46 0.901 0.14 0.724 0.49 0.47 0.56 0.43 0.56 0.54 0.34 0.4 0.43 0.22 0.46 0.58 0.22 0.17 0.58 0.901 0.4 0.47 0.36 0.52 0.56 0.37 0.65 0.4 1.483 0.58 0.26 0.1 0.4 0.46 1.483 0.58 0.45 1.483 0.45 0.23 0.37 0.45 0.58 0.4 0.5 0.55 0.6 1.46 0.54 0.5 0.37 0.476 0.55 0.5 1.49 0.4 0.33 0.5 0.53 0.45 0.4 0.33 0.45 0.481 0.58 0.3 0.47 0.46 0.48 0.41 0.52 0.47 0.36 0.4 0.68 1.05 0.42 0.23 0.54 1.66 0.648 0.45 0.59 0.33 0.7 0.4 1.345 0.54 0.4 0.4 0.4 0.47 0.45 0.54 0.45 0.25 0.65 0.53 0.56 0.4 0.65 0.46 1.345 0.4 0.22 0.4 1.44 0.45 0.37 1.483 0.47 0.377 0.4 0.43 0.4 0.17 0.762 0.39 0.51 0.42 0.54 0.47 0.33 1.05 0.42 0.47 0.53 0.4 0.45 0.42 0.485 0.4 1.345 1.483 0.58 0.59 0.54 0.5 0.3 0.54 0.43 0.09 0.31 0.23 0.4 0.636 1.483 0.39 1.43 0.4 0.37 1.345 0.617 0.48 0.47 0.23 0.52 0.4 0.1 0.686 0.53 0.55 0.54 0.46 0.53 1.345 0.45 0.42 0.38 0.34 0.1 0.38 0.33 0.53 0.3 0.45 0.47 0.47 0.724 0.4 0.59 0.4 0.43 0.56 0.34 0.5 0.46 0.42 0.49 0.41 0.46 1.483 0.41 0.4 0.3 0.33 0.46 0.68 0.23 0.22 0.4 0.6 0.4 0.27 1.248 0.59 0.53 0.762 0.5 1.46 0.53 0.4 0.09 0.31 0.23 0.41 0.43 0.52 0.48 0.58 0.42 1.345 0.39 0.53 0.4 1.483 1.248 0.45 0.481 0.47 0.53 0.37 0.36 0.42 0.42 0.37 0.47 0.635 0.36 0.45 0.3 0.41 0.648 0.37 0.5 0.52 0.54 0.476 0.55 0.5 1.248 0.22 0.4 0.5 0.54 1.46 0.36 0.53 0.481 0.54 0.5 0.26 0.54 0.59 0.38 0.52 1.483 1.05 0.36 0.5 0.56 0.17 0.5 0.59 0.43 0.47 0.47 0.901 0.901 1.483 0.25 0.47 0.52 0.25 0.4 0.53 0.42 1.05 0.36 0.59 0.901 0.56 0.56 0.45 0.14 0.65 0.4 0.11 0.59 0.54 0.19 0.65 0.54 0.5 1.345 1.03 0.4 0.4 0.46 0.56 0.46 1.345 0.3 0.25 1.4 0.4 0.301 0.7 1.05 0.4 0.42 1.483 0.58 0.47 0.43 0.4 0.53 0.47 0.47 0.58 0.4 0.724 0.52 0.37 0.5 0.47 0.46 0.4 0.68 0.71 0.33 0.55 0.55 0.58 1.483 0.54 0.53 0.68 0.23 0.22 0.41 0.45 1.43 0.41 0.4 1.67 0.54 0.46 0.51 0.59 0.58 0.46 0.54 0.37 0.37 0.37 0.648 0.762 0.59 0.54 0.49 0.58 0.48 0.56 1.345 0.11 0.52 0.58 0.25 0.5 0.52 0.54 0.41 0.46 0.47 0.38 0.46 0.465 0.476 0.52 0.4 1.248 0.637 0.25 0.4 0.43 0.39 0.5 0.59 1.66 0.47 0.43 0.5 0.4 0.3 0.59 1.42 0.27 0.27 0.58 0.4 0.3 0.48 0.3 0.55 0.4 0.22 0.37 0.54 0.1 0.39 0.42 0.58 0.4 0.762 0.637 0.635 0.301 0.31 0.4 0.56 0.32 0.3 0.25 0.5 0.1 0.5 0.2 0.48 0.46 0.42 0.2 0.636 0.465 0.23 0.5 0.58 0.636 0.58 0.3 0.5 0.55 0.45 0.42 1.248 0.377 1.35 0.36 0.65 0.5 0.39 0.23 0.47 0.54 0.4 0.55 0.5 0.5 0.4 0.4 0.6 0.465 0.4 0.56 0.42 0.46 0.19 0.54 0.46 1.46 0.54 0.58 0.45 0.46 0.637 0.4 0.56 0.65 0.42 0.33 0.65 0.59 0.43 0.33 0.54 0.27 0.485 0.3 0.4 0.6 0.48
Dot Production Prediction of Lab Growth Rates:
0.543192 0.316465 0.322653 0.362584 0.533276 0.343791 0.389353 0.54128 0.369069 0.382922 0.318547 0.316512 0.434252 0.808359 0.597781 0.697222 0.391013 0.442515 0.329611 0.414091 0.352055 0.433337 0.423756 0.785989 0.326606 0.451766 0.364384 0.700669 0.695744 1.28345 0.311104 0.349761 0.540845 0.388863 0.416001 0.392305 0.531776 0.332318 0.611534 0.599275 0.363885 0.535361 0.260051 0.329231 0.39457 1.5867 0.340316 0.323615 0.699045 0.540177 0.339198 0.337186 0.479251 0.395223 0.393587 0.39438 0.89389 0.595889 0.536755 1.40559 0.341146 0.700228 0.81328 0.344955 0.456824 0.390241 0.417696 0.633169 0.358398 0.393873 0.703063 0.34089 0.695613 0.324905 0.364219 0.433183 0.46571 0.528655 0.351329 0.398157 0.431066 0.534739 1.49828 0.338496 0.350734 0.456098 0.893547 0.303572 0.703465 0.369887 0.420329 0.455709 0.358471 0.528962 0.370608 0.320795 0.39028 0.400265 0.463862 0.462385 0.460161 0.463984 0.328351 0.367179 0.89252 0.396238 0.362977 0.408534 0.376464 0.544297 0.403996 0.647765 0.389867 0.753758 0.454088 0.476525 1.71158 0.391814 0.407039 0.789883 0.457457 0.322622 0.79506 1.5233 0.545951 0.419569 1.51422 0.399951 0.393656 0.533229 0.547179 0.362372 1.02957 0.544615 0.336292 0.418652 0.593258 0.452007 0.499971 1.5233 0.389439 0.359715 0.334693 0.531464 0.385924 0.391067 0.333941 0.347795 0.594668 0.453129 0.260475 0.362512 0.456434 0.338829 0.378613 0.366983 0.371984 0.33542 0.386616 0.440142 1.04854 0.316731 0.442317 0.365725 1.64682 0.696777 0.341932 0.368341 0.456628 0.694462 0.390168 0.794737 0.545731 0.392379 0.389505 0.38863 0.376869 1.43947 0.454624 1.48065 0.437648 0.65242 0.350964 0.531956 0.395115 0.631308 0.457093 0.802888 0.388511 0.470125 0.387687 1.4879 1.46903 0.301528 0.784942 0.355591 0.603339 0.388541 0.383842 0.391041 0.331489 1.44198 0.326329 0.390572 0.481661 0.436927 0.422423 0.329272 1.53391 0.337922 0.35732 0.537678 0.390264 1.4514 0.317103 0.600272 0.385308 0.776057 0.805095 0.45508 0.315202 0.386841 0.336487 0.357076 0.356725 0.365297 0.347543 0.493518 0.542385 0.390321 0.703329 0.749109 0.336799 1.31328 0.391402 0.421063 0.780957 0.694448 0.348671 0.34774 0.442242 0.361985 0.393086 0.410729 0.698844 0.533082 0.453251 0.321163 0.369968 0.29195 0.771921 0.355316 0.325994 0.361898 0.331025 1.47894 0.310091 0.375851 0.361812 0.381138 1.45313 0.388109 0.379008 0.701267 0.392085 0.544093 0.388806 0.423375 0.459882 0.316808 0.373086 0.456159 0.342855 0.371078 0.389939 0.387965 0.785276 0.608085 0.382774 0.354324 0.462934 0.451829 0.443974 0.441911 0.418586 0.389269 0.367495 0.391072 0.496562 1.23719 0.334904 0.413403 1.44338 0.37356 1.53731 0.523645 0.388873 0.369686 0.507307 0.538545 0.611257 0.378249 0.388421 0.31567 0.444095 0.3412 0.79887 0.310683 0.432182 0.387372 0.779349 1.23315 0.400402 0.596982 0.326353 0.448213 0.376059 0.355868 0.340795 0.348243 0.383184 0.428992 0.700483 0.409742 0.386131 0.357112 0.361799 0.697842 0.432625 0.478256 0.370636 0.532323 0.59568 0.459888 0.537553 1.24776 0.362505 0.389156 0.461341 0.368616 1.03046 0.362869 0.53059 0.596967 0.340542 0.329803 0.346433 0.357842 0.545105 0.372047 0.376546 0.758153 1.04205 0.361892 0.456134 0.541752 0.420419 0.453194 0.332276 0.372241 0.377513 0.427518 0.892176 1.26593 0.760818 0.349677 0.358352 0.375979 1.50154 0.395044 0.392816 0.336479 1.00417 0.339445 0.539688 0.891374 0.533712 0.541289 0.363798 0.30054 0.644298 0.38534 0.386413 0.533791 0.365853 0.349436 0.64405 0.454217 0.541585 0.79349 1.28704 0.38724 0.389148 0.398985 0.462565 0.335668 0.787408 0.334954 0.464307 1.41051 0.381055 0.609059 0.694716 1.04341 0.390427 0.490672 0.778235 0.377539 0.356116 0.354046 0.390625 0.392338 0.356605 0.372604 0.359329 0.386929 0.703555 0.38169 0.42095 0.525387 0.412521 0.451177 0.391481 0.444522 0.703105 0.335992 0.544607 0.457498 0.371681 0.779709 0.35981 0.537689 0.441476 0.538387 0.393897 0.323113 0.39993 1.3185 0.609712 0.38935 1.38227 0.370055 0.454346 0.40372 0.322875 0.454714 0.394745 0.540577 0.46243 0.422162 0.419799 0.6976 1.45548 0.381531 0.447734 0.394364 0.348972 0.303256 0.454946 0.762741 0.376038 0.381477 0.452037 0.349105 0.507583 0.380061 0.398694 0.348803 0.433528 0.360148 0.305241 0.314123 0.595826 0.596997 0.358068 0.391935 1.23348 0.704736 0.621719 0.388486 0.377291 0.338384 0.336424 0.332859 1.58867 0.360137 0.405583 0.487229 0.394753 0.384736 0.540432 1.52732 0.369484 0.3719 0.460321 0.389676 0.327758 0.323964 0.36298 0.458651 0.39075 0.472504 0.425135 0.535062 0.634152 0.318474 0.350396 0.332204 0.388585 1.46426 0.703014 0.701909 0.615396 0.499359 0.39341 0.458279 0.342213 0.267693 0.352492 0.512713 1.46536 0.458077 0.358673 0.352076 0.307598 0.385283 0.378954 0.702421 0.593622 0.542728 0.518172 0.448316 0.700965 0.454919 0.362035 0.460035 0.449023 0.319094 0.33912 1.23694 0.600701 1.134 0.359436 0.65544 0.553335 0.359346 0.542147 0.359939 0.313187 0.389171 0.543613 0.53604 0.330356 0.393259 0.395231 0.36447 0.592165 0.391258 0.538206 0.479177 0.409739 0.345601 0.535708 0.455376 1.01245 0.435768 0.313935 0.366262 0.366196 0.701471 0.386814 0.536069 0.659653 0.358638 0.428488 0.627996 0.539801 0.378363 0.374562 0.379054 0.303963 0.598425 0.299817 0.332515 0.366022 0.312542
Testing:
Lab Growth Rates:
0.5 0.5 0.5
Dot Production Prediction of Lab Growth Rates:
0.464066 0.467359 0.462552
Best performance so far: 
Obj: 4.68461e-310Rho: 4.24399e-314Diff: 4.68461e-310
Test:
 Lab Growth Rates:
0.5 0.5 0.5Dot Product Prediction of Growth Rate:
0.4640664 0.4673591 0.4625521