seed =  5 traits =  1 
Training: part  127 
Training: part  127 
Round  1 
 Goal of obj  0.99 
Temperature range:  0.0078125 3.125e-13 
Cycle 1Round 1
Iter 500000 pBad 0.877974 T 0.0023599 Obj 1.08812 Rho 0 GRdif 49.4875 success 147227 failure 8701 obj_new 1.08812 SA_pAcc 1.01166 Delta -0.0547388 SA_r 0.0922165 freedomratio 0.3723
Iter 1000000 pBad 0.815534 T 0.000712848 Obj 1.05123 Rho 0 GRdif 29.2789 success 291008 failure 24234 obj_new 1.05123 SA_pAcc 0.913363 Delta -0.0345558 SA_r 0.32146 freedomratio 0.371827
Iter 1500000 pBad 0.767424 T 0.000215328 Obj 1.03098 Rho 0 GRdif 17.8792 success 433240 failure 44429 obj_new 1.03098 SA_pAcc 0.96539 Delta -0.0117628 SA_r 0.198171 freedomratio 0.364428
Iter 2000000 pBad 0.667912 T 6.50434e-05 Obj 1.02321 Rho 0 GRdif 13.4452 success 572655 failure 70254 obj_new 1.02321 SA_pAcc 1.08777 Delta 0.0200734 SA_r 0.575851 freedomratio 0.357753
Iter 2500000 pBad 0.59074 T 1.96474e-05 Obj 1.01787 Rho 0 GRdif 10.3771 success 710096 failure 102166 obj_new 1.01787 SA_pAcc 1 Delta -0.0320597 SA_r 0.259753 freedomratio 0.36809
Iter 3000000 pBad 0.457704 T 5.93484e-06 Obj 1.01467 Rho 0 GRdif 8.53449 success 840172 failure 146066 obj_new 1.01467 SA_pAcc 1.3207 Delta -0.0357712 SA_r 0.394148 freedomratio 0.349225
Iter 3500000 pBad 0.292339 T 1.79272e-06 Obj 1.00989 Rho 0 GRdif 5.76725 success 952013 failure 225458 obj_new 1.00989 SA_pAcc 1 Delta -0.0214225 SA_r 0.728325 freedomratio 0.334094
Iter 4000000 pBad 0.170014 T 5.41521e-07 Obj 1.0087 Rho 0 GRdif 5.07918 success 1044563 failure 345160 obj_new 1.00871 SA_pAcc 1.9691e-06 Delta -0.0114461 SA_r 0.627397 freedomratio 0.312034
Iter 4500000 pBad 0.0826538 T 1.63575e-07 Obj 1.00829 Rho 0 GRdif 4.84176 success 1107685 failure 530537 obj_new 1.0083 SA_pAcc 5.12454e-21 Delta 0.0042993 SA_r 0.130898 freedomratio 0.281055
Iter 5000000 pBad 0.0421594 T 4.94107e-08 Obj 1.00815 Rho 0 GRdif 4.75555 success 1145511 failure 779825 obj_new 1.00815 SA_pAcc 0.000358562 Delta -0.00394864 SA_r 0.62007 freedomratio 0.248516
Iter 5500000 pBad 0.0153891 T 1.49253e-08 Obj 1.0081 Rho 0 GRdif 4.72692 success 1167938 failure 1076491 obj_new 1.0081 SA_pAcc 1 Delta 0.000478382 SA_r 0.815351 freedomratio 0.225645
Iter 6000000 pBad 0.00852631 T 4.50845e-09 Obj 1.00808 Rho 0 GRdif 4.71435 success 1181512 failure 1406295 obj_new 1.00808 SA_pAcc 1 Delta 0.000417927 SA_r 0.675081 freedomratio 0.210791
Iter 6500000 pBad 0.00548388 T 1.36185e-09 Obj 1.00807 Rho 0 GRdif 4.71003 success 1190150 failure 1754699 obj_new 1.00807 SA_pAcc 0 Delta 6.17123e-05 SA_r 0.123267 freedomratio 0.203968
Iter 7000000 pBad 0.0049727 T 4.1137e-10 Obj 1.00806 Rho 0 GRdif 4.70524 success 1195281 failure 2118389 obj_new 1.00806 SA_pAcc 2.39068e-14 Delta -0.000235545 SA_r 0.61017 freedomratio 0.198308
Iter 7500000 pBad 0.00163411 T 1.24261e-10 Obj 1.00806 Rho 0 GRdif 4.70703 success 1198824 failure 2492758 obj_new 1.00806 SA_pAcc 0 Delta -2.77756e-05 SA_r 0.98853 freedomratio 0.192068
Iter 8000000 pBad 0.00103795 T 3.75352e-11 Obj 1.00806 Rho 0 GRdif 4.7024 success 1201457 failure 2876405 obj_new 1.00806 SA_pAcc 1 Delta -8.02167e-05 SA_r 0.371428 freedomratio 0.188303
Iter 8500000 pBad 0.00103374 T 1.13381e-11 Obj 1.00806 Rho 0 GRdif 4.70174 success 1203796 failure 3270515 obj_new 1.00806 SA_pAcc 0 Delta 9.75407e-06 SA_r 0.129602 freedomratio 0.182782
Iter 9000000 pBad 0.000844893 T 3.42488e-12 Obj 1.00806 Rho 0 GRdif 4.70134 success 1205394 failure 3669185 obj_new 1.00806 SA_pAcc 0 Delta 7.3043e-05 SA_r 0.633247 freedomratio 0.180086
Iter 9500000 pBad 6.45896e-22 T 1.03454e-12 Obj 1.00805 Rho 0 GRdif 4.7012 success 1210952 failure 4046172 obj_new 1.00805 SA_pAcc 0 Delta -4.91944e-24 SA_r 0.369936 freedomratio 0.169511
Iter 10000000 pBad 1.40975e-59 T 3.12501e-13 Obj 1.00805 Rho 0 GRdif 4.70173 success 1211247 failure 4367855 obj_new 1.00806 SA_pAcc 0 Delta -3.12467e-61 SA_r 0.939719 freedomratio 0.16912
Cannot move further
iter 9.56102e+06 obj1.00805 rho 0 GRdif 4.70117
Training:
Lab Growth Rates:
0.55 0.25 0.38 0.47 0.56 0.48 0.4 0.59 0.27 0.41 0.59 0.32 0.54 1.345 0.377 0.71 0.4 0.68 0.42 0.26 0.1 1.66 0.37 1.345 0.48 0.58 0.5 0.635 0.7 1.46 0.42 0.54 0.55 0.4 0.51 0.5 0.56 0.32 0.301 0.485 0.3 0.5 0.7 0.5 0.4 1.03 0.11 0.53 0.686 0.55 0.19 0.45 0.5 0.4 0.4 0.4 0.901 0.485 0.56 0.1 0.2 0.686 1.345 0.27 0.56 0.4 0.1 0.65 0.5 0.4 0.71 0.36 0.23 0.4 0.58 1.4 0.22 0.54 0.46 0.43 0.09 0.56 1.67 0.59 0.52 0.46 0.901 0.14 0.724 0.49 0.47 0.56 0.43 0.56 0.54 0.34 0.4 0.43 0.5 0.46 0.58 0.5 0.17 0.58 0.901 0.4 0.47 0.36 0.52 0.56 0.37 0.46 0.4 1.483 0.58 0.26 1.38 0.4 0.46 1.483 0.58 0.45 1.483 0.45 0.23 0.37 0.45 0.58 0.4 0.5 0.55 0.3 1.05 0.54 0.5 0.37 0.476 0.55 0.6 1.49 0.4 0.33 0.5 0.53 0.45 0.4 0.33 0.45 0.481 0.58 1.46 0.47 0.46 0.48 0.41 0.52 0.47 0.36 0.4 0.68 0.1 0.42 0.37 0.54 0.1 0.648 0.45 0.59 0.33 0.23 0.4 1.345 0.54 0.4 0.4 0.4 0.47 0.45 0.54 0.45 0.25 0.65 0.53 0.56 0.4 0.65 0.46 1.345 0.4 0.5 0.4 1.44 0.45 0.37 1.483 0.47 0.377 0.4 0.43 0.4 0.17 0.762 0.39 0.51 0.42 0.54 0.47 0.33 1.46 0.42 0.47 0.53 0.4 0.45 0.42 0.485 0.4 1.345 1.483 0.58 0.59 0.54 0.5 0.3 0.54 0.43 0.09 0.31 0.23 0.4 0.636 1.483 0.39 0.65 0.4 0.37 1.345 0.23 0.48 0.47 0.37 0.52 0.4 0.1 0.686 0.53 0.55 0.54 0.46 0.53 1.345 0.45 0.42 0.38 0.34 0.1 0.38 0.33 0.53 0.3 0.45 0.47 0.47 0.724 0.4 0.59 0.4 0.43 0.56 0.34 0.5 0.22 0.42 0.49 0.41 0.46 1.483 0.41 0.4 0.3 0.33 0.46 0.68 0.37 0.22 0.4 0.3 0.4 0.27 1.248 0.59 0.53 0.762 0.5 1.05 0.53 0.5 0.09 0.31 0.23 0.41 0.43 0.52 0.48 0.58 0.42 1.345 0.39 0.53 0.4 1.483 1.248 0.45 0.481 0.47 0.53 0.37 0.36 0.42 0.42 0.37 0.47 0.635 0.36 0.45 0.3 0.41 0.648 1.67 0.5 0.52 0.54 0.476 0.55 0.5 1.248 0.22 0.4 0.5 0.54 1.05 0.36 0.53 0.481 0.54 0.5 0.26 0.54 0.59 0.38 0.52 1.483 0.25 0.36 0.5 0.56 0.17 0.5 0.59 0.43 0.47 0.47 0.901 0.901 1.483 0.25 0.47 0.52 0.25 0.4 0.53 0.42 1.43 0.36 0.59 0.901 0.56 0.56 0.45 0.14 0.65 0.4 0.11 0.59 0.54 0.19 0.46 0.54 0.5 1.345 1.46 0.4 0.4 0.46 0.56 0.46 1.345 0.3 0.25 1.66 0.4 0.301 0.617 1.05 0.4 0.42 1.483 0.58 0.47 0.43 0.4 0.53 0.47 0.47 0.58 0.5 0.724 0.52 0.37 0.6 0.47 0.46 0.4 0.68 0.71 0.33 0.55 0.55 0.58 1.483 0.54 0.53 0.68 0.23 0.22 0.41 0.45 0.65 0.41 0.5 0.1 0.54 0.46 0.51 0.59 0.58 0.46 0.54 0.37 0.37 0.37 0.648 0.762 0.59 0.54 0.49 0.58 0.48 0.56 1.345 0.11 0.52 0.58 0.25 0.5 0.52 0.54 0.41 0.46 0.47 0.38 0.46 0.465 0.476 0.52 0.4 1.248 0.637 1.35 0.4 0.43 0.39 0.5 0.59 0.1 0.47 0.43 0.5 0.4 0.3 0.59 1.42 0.27 0.27 0.58 0.4 0.3 0.48 0.3 0.55 0.4 0.22 0.37 0.54 1.43 0.39 0.42 0.58 0.4 0.762 0.637 0.635 0.301 0.31 0.4 0.56 0.32 0.7 0.25 0.6 1.05 0.5 0.2 0.48 0.46 0.42 0.2 0.636 0.465 0.23 0.5 0.58 0.636 0.58 0.3 0.5 0.55 0.45 0.42 1.248 0.377 0.65 0.36 0.65 0.5 0.39 0.23 0.47 0.54 0.4 0.55 0.5 0.5 0.4 0.4 0.3 0.465 0.4 0.56 0.42 0.46 0.19 0.54 0.22 0.7 0.54 0.58 0.45 0.46 0.637 0.4 0.56 0.65 0.42 0.33 0.22 0.59 0.43 0.33 0.54 0.27 0.485 0.3 0.4 0.6 0.48
Dot Production Prediction of Lab Growth Rates:
0.550009 0.307631 0.322878 0.35108 0.545014 0.347931 0.40077 0.540351 0.358115 0.386302 0.327558 0.313702 0.451415 1.0903 0.483422 0.718808 0.400008 0.495028 0.331661 0.469602 0.379421 1.66 0.41831 1.11233 0.326023 0.454911 0.368061 0.714202 0.69952 1.01918 0.3175 0.345217 0.54598 0.401283 0.415428 0.412749 0.536365 0.32351 0.484463 0.484664 0.525742 0.543957 0.702943 0.33671 0.398711 1.39487 0.332377 0.32919 0.724787 0.546256 0.332004 0.335202 0.617307 0.402368 0.399802 0.401866 0.901095 0.488628 0.544465 1.44914 0.35932 0.720693 1.11708 0.332897 0.460561 0.400118 0.453595 0.6895 0.360965 0.397282 0.724296 0.330936 0.42938 0.323935 0.344401 1.42936 0.463404 0.540509 0.348506 0.408882 0.441959 0.545659 1.53478 0.346031 0.354167 0.455173 0.904043 0.139762 0.723991 0.373254 0.493013 0.457488 0.349178 0.537153 0.405975 0.321815 0.399221 0.443891 0.461849 0.527793 0.466248 0.460983 0.328766 0.358887 0.901 0.402368 0.417739 0.407829 0.367306 0.548881 0.401381 0.459278 0.400169 1.0716 0.464198 0.55932 1.34635 0.401085 0.436362 1.07283 0.462029 0.329077 1.09379 1.56549 0.543269 0.412007 1.5551 0.38735 0.400005 0.716025 0.555217 0.405637 1.05 0.533024 0.334419 0.45262 0.489024 0.44871 0.503551 1.56549 0.400178 0.362687 0.33512 0.535679 0.416675 0.401558 0.329939 0.334274 0.486286 0.455089 0.997376 0.385096 0.454958 0.331393 0.385738 0.365262 0.405637 0.324851 0.39595 0.488062 0.802458 0.306791 0.410404 0.409347 0.878098 0.704561 0.334135 0.390258 0.494009 0.428417 0.40264 1.08238 0.542716 0.399184 0.40077 0.397776 0.399204 1.4687 0.468104 1.53517 0.510067 0.670593 0.336242 0.544138 0.400216 0.629399 0.51362 1.13263 0.399032 0.465188 0.398336 1.52399 1.49874 0.314749 1.07486 0.34531 0.481996 0.398967 0.421847 0.399985 0.345097 0.774809 0.348624 0.389738 0.573735 0.45522 0.427839 0.330385 1.61273 0.340997 0.350247 0.537961 0.400721 1.48256 0.310974 0.484862 0.39313 1.0968 1.09162 0.466281 0.317542 0.379367 0.329511 0.312823 0.36322 0.357691 0.34366 0.5654 0.539406 0.400822 0.723634 1.06232 0.319662 0.63233 0.402647 0.423234 1.09722 0.428536 0.352662 0.345226 0.409839 0.354522 0.399764 0.450703 0.725397 0.544769 0.454574 0.317704 0.365988 0.28471 1.10643 0.357692 0.325272 0.366511 0.33678 1.07103 0.327134 0.364398 0.367761 0.305091 1.50211 0.401072 0.412188 0.721351 0.39696 0.551035 0.400696 0.448608 0.469328 0.327049 0.37601 0.462234 0.346682 0.36902 0.384994 0.387243 1.07014 0.48763 0.390976 0.504041 0.515727 0.514653 0.493904 0.408111 0.437322 0.401569 0.500043 0.394976 0.584757 0.835742 0.357311 0.417742 0.772661 0.380853 1.05208 0.527908 0.616137 0.378301 0.562679 0.543692 0.483772 0.377792 0.387852 0.297304 0.449231 0.359385 1.06522 0.308826 0.471772 0.394339 1.06384 0.83499 0.397661 0.489035 0.344797 0.530923 0.391507 0.34293 0.351963 0.35402 0.395982 0.433464 0.712754 0.419704 0.372477 0.52464 0.358787 0.709138 1.39863 0.686881 0.382712 0.53976 0.490337 0.450458 0.531327 0.843837 0.363932 0.401493 0.651639 0.374346 1.05003 0.36842 0.531021 0.487647 0.333361 0.318341 0.372911 0.363018 0.552776 0.372517 0.380276 1.07217 0.784074 0.346722 0.4693 0.542916 0.420441 0.46762 0.335024 0.365721 0.385544 0.467273 0.900998 0.810357 1.08142 0.36311 0.358254 0.384063 1.52553 0.402038 0.403472 0.341456 1.35808 0.336861 0.551742 0.901031 0.547057 0.544804 0.350979 0.140079 0.649882 0.391253 0.382252 0.54049 0.377702 0.338753 0.460776 0.463978 0.544069 1.11754 1.02514 0.399905 0.397028 0.424144 0.465736 0.339116 1.06565 0.327093 0.520599 1.62899 0.396831 0.485108 0.609111 1.00943 0.400758 0.594006 1.08535 0.363639 0.347997 0.368557 0.400261 0.385969 0.379179 0.373268 0.364439 0.658754 0.723031 0.391936 0.409907 0.519143 0.478459 0.449446 0.39977 0.493681 0.723862 0.325583 0.546681 0.449331 0.384114 1.08785 0.38764 0.531245 0.49396 0.545007 0.388917 0.330711 0.427134 0.654532 0.489661 0.656177 0.889623 0.391185 0.462112 0.395425 0.337108 0.463211 0.419132 0.549604 0.530719 0.416378 0.40521 0.711384 0.78001 0.410713 0.457894 0.386488 0.340441 0.29753 0.458724 1.0819 0.370396 0.383136 0.454949 0.368178 0.680323 0.393889 0.404556 0.352926 0.439958 0.349852 0.312768 0.303563 0.491795 0.492266 0.362882 0.401986 0.838569 0.711176 1.24187 0.400706 0.389102 0.321937 0.348139 0.349744 0.918759 0.358238 0.430654 0.706868 0.40138 0.396722 0.540736 1.54492 0.37319 0.397013 0.46394 0.401764 0.488902 0.31746 0.298303 0.452807 0.401213 0.465827 0.416664 0.5359 1.33798 0.322801 0.357588 0.325651 0.398172 0.779879 0.70949 0.714025 0.484796 0.559835 0.399875 0.466779 0.36072 0.707146 0.349179 0.516584 1.65257 0.724421 0.400252 0.348427 0.296013 0.386838 0.401568 0.714448 0.491035 0.543407 0.674911 0.458938 0.721133 0.46523 0.362276 0.462517 0.442714 0.313127 0.344106 0.837173 0.485142 0.637247 0.358572 0.649912 0.546302 0.34479 0.542953 0.372974 0.312003 0.400149 0.552218 0.534517 0.334275 0.400984 0.399951 0.488998 0.48939 0.403616 0.548483 0.577841 0.435744 0.323322 0.539038 0.465199 0.695218 0.453751 0.30228 0.377106 0.352813 0.70924 0.400157 0.541654 0.658232 0.36711 0.449245 0.465956 0.542637 0.406077 0.357103 0.371496 0.294652 0.491521 0.449972 0.32637 0.528595 0.295104
Testing:
Lab Growth Rates:
0.4 0.4 0.4
Dot Production Prediction of Lab Growth Rates:
0.399484 0.401561 0.400969
Best performance so far: 
Obj: 4.66627e-310Rho: 2.26291e-314Diff: 4.66627e-310
Anneal again with the best G and E so far as input
Cycle 2Round 1
Iter 500000 pBad 0.868105 T 0.0023599 Obj 1.07764 Rho 0 GRdif 43.8179 success 120464 failure 7768 obj_new 1.07764 SA_pAcc 1 Delta 0.0362864 SA_r 0.210658 freedomratio 0.29344
Iter 1000000 pBad 0.789516 T 0.000712848 Obj 1.04101 Rho 0 GRdif 23.5528 success 237988 failure 21389 obj_new 1.04101 SA_pAcc 1 Delta 0.00943201 SA_r 0.964636 freedomratio 0.284052
Iter 1500000 pBad 0.745158 T 0.000215328 Obj 1.03237 Rho 0 GRdif 18.6698 success 352701 failure 41578 obj_new 1.03237 SA_pAcc 0.797386 Delta -0.00734789 SA_r 0.478776 freedomratio 0.287255
Iter 2000000 pBad 0.666195 T 6.50434e-05 Obj 1.02485 Rho 0 GRdif 14.3849 success 466094 failure 66028 obj_new 1.02485 SA_pAcc 2.89465 Delta 0.0654341 SA_r 0.192358 freedomratio 0.283229
Iter 2500000 pBad 0.625298 T 1.96474e-05 Obj 1.01955 Rho 0 GRdif 11.3455 success 576353 failure 98499 obj_new 1.01955 SA_pAcc 1 Delta 0.0543477 SA_r 0.915182 freedomratio 0.283777
Iter 3000000 pBad 0.449064 T 5.93484e-06 Obj 1.01683 Rho 0 GRdif 9.78302 success 681555 failure 140413 obj_new 1.01683 SA_pAcc 1.03559 Delta -0.00662649 SA_r 0.0522413 freedomratio 0.28364
Iter 3500000 pBad 0.277107 T 1.79272e-06 Obj 1.01201 Rho 0 GRdif 6.99799 success 772166 failure 214293 obj_new 1.01201 SA_pAcc 1 Delta 0.0085103 SA_r 0.404388 freedomratio 0.260908
Iter 4000000 pBad 0.215192 T 5.41521e-07 Obj 1.01048 Rho 0 GRdif 6.11146 success 848017 failure 319885 obj_new 1.01048 SA_pAcc 1 Delta 0.00446292 SA_r 0.0455465 freedomratio 0.262075
Iter 4500000 pBad 0.107332 T 1.63575e-07 Obj 1.00916 Rho 0 GRdif 5.34322 success 914290 failure 453811 obj_new 1.00916 SA_pAcc 1 Delta 0.00506858 SA_r 0.409081 freedomratio 0.232171
Iter 5000000 pBad 0.0464762 T 4.94107e-08 Obj 1.00874 Rho 0 GRdif 5.09857 success 956458 failure 653438 obj_new 1.00874 SA_pAcc 0.280243 Delta 0.00424143 SA_r 0.659603 freedomratio 0.20714
Iter 5500000 pBad 0.0169558 T 1.49253e-08 Obj 1.00861 Rho 0 GRdif 5.02431 success 978786 failure 915202 obj_new 1.00861 SA_pAcc 0.0397205 Delta -0.000781927 SA_r 0.496408 freedomratio 0.1877
Iter 6000000 pBad 0.0135158 T 4.50845e-09 Obj 1.00857 Rho 0 GRdif 5.00164 success 991596 failure 1214256 obj_new 1.00857 SA_pAcc 2.28009e-99 Delta 0.000945387 SA_r 0.414634 freedomratio 0.17915
Iter 6500000 pBad 0.00771735 T 1.36185e-09 Obj 1.00854 Rho 0 GRdif 4.98351 success 1000526 failure 1534141 obj_new 1.00854 SA_pAcc 1 Delta 6.23803e-05 SA_r 0.275196 freedomratio 0.170547
Iter 7000000 pBad 0.00486528 T 4.1137e-10 Obj 1.00853 Rho 0 GRdif 4.97781 success 1005969 failure 1870371 obj_new 1.00853 SA_pAcc 1 Delta -0.000143569 SA_r 0.876421 freedomratio 0.167429
Iter 7500000 pBad 0.00287579 T 1.24261e-10 Obj 1.00852 Rho 0 GRdif 4.97446 success 1010258 failure 2215882 obj_new 1.00852 SA_pAcc 0 Delta -0.000248807 SA_r 0.313922 freedomratio 0.163687
Iter 8000000 pBad 0.00201054 T 3.75352e-11 Obj 1.00852 Rho 0 GRdif 4.97522 success 1013064 failure 2569231 obj_new 1.00853 SA_pAcc 0 Delta -7.2482e-05 SA_r 0.444122 freedomratio 0.161388
Iter 8500000 pBad 0.000428997 T 1.13381e-11 Obj 1.00852 Rho 0 GRdif 4.971 success 1016452 failure 2930907 obj_new 1.00852 SA_pAcc 1 Delta -4.85633e-08 SA_r 0.995175 freedomratio 0.157485
Iter 9000000 pBad 0.000311112 T 3.42488e-12 Obj 1.00852 Rho 0 GRdif 4.97455 success 1019453 failure 3296055 obj_new 1.00853 SA_pAcc 0 Delta 2.24249e-05 SA_r 0.284369 freedomratio 0.155727
Iter 9500000 pBad 0.000966266 T 1.03454e-12 Obj 1.00852 Rho 0 GRdif 4.96963 success 1022730 failure 3669391 obj_new 1.00852 SA_pAcc 0.22948 Delta 6.98055e-05 SA_r 0.627583 freedomratio 0.152247
Good enough
iter 9.99996e+06 obj1.00852 rho 0 GRdif 4.96925
Training:
Lab Growth Rates:
0.55 0.25 0.38 0.47 0.56 0.48 0.4 0.59 0.27 0.41 0.59 0.32 0.54 1.345 0.377 0.71 0.4 0.68 0.42 0.26 0.1 1.66 0.37 1.345 0.48 0.58 0.5 0.635 0.7 1.46 0.42 0.54 0.55 0.4 0.51 0.5 0.56 0.32 0.301 0.485 0.3 0.5 0.7 0.5 0.4 1.03 0.11 0.53 0.686 0.55 0.19 0.45 0.5 0.4 0.4 0.4 0.901 0.485 0.56 0.1 0.2 0.686 1.345 0.27 0.56 0.4 0.1 0.65 0.5 0.4 0.71 0.36 0.23 0.4 0.58 1.4 0.22 0.54 0.46 0.43 0.09 0.56 1.67 0.59 0.52 0.46 0.901 0.14 0.724 0.49 0.47 0.56 0.43 0.56 0.54 0.34 0.4 0.43 0.5 0.46 0.58 0.5 0.17 0.58 0.901 0.4 0.47 0.36 0.52 0.56 0.37 0.46 0.4 1.483 0.58 0.26 1.38 0.4 0.46 1.483 0.58 0.45 1.483 0.45 0.23 0.37 0.45 0.58 0.4 0.5 0.55 0.3 1.05 0.54 0.5 0.37 0.476 0.55 0.6 1.49 0.4 0.33 0.5 0.53 0.45 0.4 0.33 0.45 0.481 0.58 1.46 0.47 0.46 0.48 0.41 0.52 0.47 0.36 0.4 0.68 0.1 0.42 0.37 0.54 0.1 0.648 0.45 0.59 0.33 0.23 0.4 1.345 0.54 0.4 0.4 0.4 0.47 0.45 0.54 0.45 0.25 0.65 0.53 0.56 0.4 0.65 0.46 1.345 0.4 0.5 0.4 1.44 0.45 0.37 1.483 0.47 0.377 0.4 0.43 0.4 0.17 0.762 0.39 0.51 0.42 0.54 0.47 0.33 1.46 0.42 0.47 0.53 0.4 0.45 0.42 0.485 0.4 1.345 1.483 0.58 0.59 0.54 0.5 0.3 0.54 0.43 0.09 0.31 0.23 0.4 0.636 1.483 0.39 0.65 0.4 0.37 1.345 0.23 0.48 0.47 0.37 0.52 0.4 0.1 0.686 0.53 0.55 0.54 0.46 0.53 1.345 0.45 0.42 0.38 0.34 0.1 0.38 0.33 0.53 0.3 0.45 0.47 0.47 0.724 0.4 0.59 0.4 0.43 0.56 0.34 0.5 0.22 0.42 0.49 0.41 0.46 1.483 0.41 0.4 0.3 0.33 0.46 0.68 0.37 0.22 0.4 0.3 0.4 0.27 1.248 0.59 0.53 0.762 0.5 1.05 0.53 0.5 0.09 0.31 0.23 0.41 0.43 0.52 0.48 0.58 0.42 1.345 0.39 0.53 0.4 1.483 1.248 0.45 0.481 0.47 0.53 0.37 0.36 0.42 0.42 0.37 0.47 0.635 0.36 0.45 0.3 0.41 0.648 1.67 0.5 0.52 0.54 0.476 0.55 0.5 1.248 0.22 0.4 0.5 0.54 1.05 0.36 0.53 0.481 0.54 0.5 0.26 0.54 0.59 0.38 0.52 1.483 0.25 0.36 0.5 0.56 0.17 0.5 0.59 0.43 0.47 0.47 0.901 0.901 1.483 0.25 0.47 0.52 0.25 0.4 0.53 0.42 1.43 0.36 0.59 0.901 0.56 0.56 0.45 0.14 0.65 0.4 0.11 0.59 0.54 0.19 0.46 0.54 0.5 1.345 1.46 0.4 0.4 0.46 0.56 0.46 1.345 0.3 0.25 1.66 0.4 0.301 0.617 1.05 0.4 0.42 1.483 0.58 0.47 0.43 0.4 0.53 0.47 0.47 0.58 0.5 0.724 0.52 0.37 0.6 0.47 0.46 0.4 0.68 0.71 0.33 0.55 0.55 0.58 1.483 0.54 0.53 0.68 0.23 0.22 0.41 0.45 0.65 0.41 0.5 0.1 0.54 0.46 0.51 0.59 0.58 0.46 0.54 0.37 0.37 0.37 0.648 0.762 0.59 0.54 0.49 0.58 0.48 0.56 1.345 0.11 0.52 0.58 0.25 0.5 0.52 0.54 0.41 0.46 0.47 0.38 0.46 0.465 0.476 0.52 0.4 1.248 0.637 1.35 0.4 0.43 0.39 0.5 0.59 0.1 0.47 0.43 0.5 0.4 0.3 0.59 1.42 0.27 0.27 0.58 0.4 0.3 0.48 0.3 0.55 0.4 0.22 0.37 0.54 1.43 0.39 0.42 0.58 0.4 0.762 0.637 0.635 0.301 0.31 0.4 0.56 0.32 0.7 0.25 0.6 1.05 0.5 0.2 0.48 0.46 0.42 0.2 0.636 0.465 0.23 0.5 0.58 0.636 0.58 0.3 0.5 0.55 0.45 0.42 1.248 0.377 0.65 0.36 0.65 0.5 0.39 0.23 0.47 0.54 0.4 0.55 0.5 0.5 0.4 0.4 0.3 0.465 0.4 0.56 0.42 0.46 0.19 0.54 0.22 0.7 0.54 0.58 0.45 0.46 0.637 0.4 0.56 0.65 0.42 0.33 0.22 0.59 0.43 0.33 0.54 0.27 0.485 0.3 0.4 0.6 0.48
Dot Production Prediction of Lab Growth Rates:
0.557475 0.336388 0.343183 0.366401 0.555809 0.358612 0.386342 0.551021 0.382746 0.42901 0.347472 0.34836 0.457358 1.36499 0.541249 0.685636 0.379646 0.50174 0.3289 0.458261 0.361335 1.59947 0.439606 1.34312 0.332544 0.476882 0.387701 0.687168 0.802271 1.07234 0.315845 0.354559 0.554859 0.385978 0.448229 0.465505 0.540881 0.347591 0.541004 0.531951 0.651889 0.549131 0.802925 0.351007 0.403978 1.28551 0.343931 0.335287 0.692958 0.55258 0.320545 0.330294 0.755601 0.40742 0.404102 0.404627 0.915237 0.541294 0.555125 1.45155 0.36764 0.692074 1.4021 0.370696 0.483171 0.385072 0.467522 0.679575 0.371133 0.377961 0.696191 0.347798 0.442345 0.329132 0.36096 1.4273 0.478252 0.539956 0.345752 0.415808 0.469302 0.556007 1.53249 0.349846 0.389551 0.465165 0.913795 0.495769 0.690965 0.410588 0.496353 0.478681 0.373317 0.541088 0.388715 0.366064 0.385157 0.450276 0.475526 0.536627 0.486248 0.472255 0.340174 0.389992 0.938359 0.411622 0.402596 0.448318 0.382678 0.554333 0.423575 0.479019 0.385946 1.34629 0.485555 0.571639 1.31463 0.384743 0.433405 1.33714 0.479823 0.340474 1.33607 1.55707 0.55812 0.432851 1.5641 0.407531 0.404633 0.834922 0.557941 0.519085 1.06766 0.546458 0.351191 0.465473 0.539603 0.478994 0.616642 1.55707 0.384706 0.348696 0.360389 0.550308 0.430547 0.387978 0.341074 0.369509 0.534348 0.477741 1.08526 0.391603 0.46632 0.372751 0.386838 0.395665 0.413921 0.350753 0.37456 0.496275 0.995385 0.332513 0.425185 0.390087 1.81374 0.676995 0.360473 0.378543 0.524741 0.442622 0.385589 1.32243 0.556147 0.402976 0.383584 0.377476 0.418063 1.4422 0.464367 1.52999 0.514472 0.678456 0.346194 0.551738 0.405652 0.630195 0.529412 1.39457 0.381634 0.489487 0.383326 1.51242 1.47104 0.30168 1.31546 0.349408 0.541741 0.38019 0.424767 0.382452 0.323723 0.776153 0.356783 0.40925 0.60432 0.459139 0.427474 0.331862 1.488 0.336522 0.380725 0.551623 0.386112 1.45115 0.342033 0.530813 0.371621 1.36485 1.34435 0.490809 0.361897 0.402822 0.350387 0.302114 0.395908 0.370291 0.354277 0.572038 0.553999 0.387721 0.691585 1.32712 0.347521 0.655435 0.386398 0.440726 1.35866 0.442974 0.369475 0.37322 0.424709 0.359891 0.402747 0.45977 0.6949 0.550331 0.474822 0.341659 0.370153 0.311086 1.39043 0.384839 0.351213 0.403108 0.361989 2.18197 0.314411 0.385724 0.399652 0.299273 1.47148 0.423161 0.421207 0.687319 0.396934 0.560182 0.385488 0.439829 0.481668 0.333308 0.391998 0.470756 0.362559 0.406835 0.414658 0.40734 1.33585 0.535628 0.370622 0.606767 0.52869 0.519316 0.500336 0.42255 0.469048 0.386038 0.622545 0.375045 0.594307 0.841776 0.351869 0.440404 0.772258 0.419356 1.07478 0.541008 0.768052 0.395936 0.599424 0.553408 0.531667 0.397389 0.42719 0.287014 0.459078 0.384883 1.32202 0.334238 0.472819 0.374258 1.32615 0.841818 0.426416 0.534797 0.335387 0.530401 0.414046 0.378522 0.37286 0.384352 0.4228 0.447499 0.68409 0.445366 0.40015 0.649718 0.389998 0.68427 1.40249 0.848624 0.411273 0.543692 0.542264 0.478391 0.539649 0.85236 0.371358 0.38598 0.755288 0.376817 1.06776 0.409195 0.541319 0.537258 0.349856 0.341322 0.425028 0.396019 0.549585 0.412769 0.400616 1.32307 1.01913 0.394116 0.485138 0.555285 0.447569 0.491514 0.359757 0.387602 0.417281 0.480283 0.913568 0.802546 1.3499 0.375601 0.386113 0.378308 1.50637 0.405372 0.450877 0.371155 1.26046 0.364948 0.560323 0.913102 0.552866 0.554924 0.360344 0.501669 0.653912 0.369024 0.396593 0.546301 0.382593 0.333677 0.477828 0.46064 0.551181 1.37178 1.07961 0.383608 0.378285 0.433475 0.481587 0.369682 1.32536 0.337163 0.563175 1.55773 0.397326 0.539917 0.831585 1.06537 0.386776 0.634159 1.34118 0.386123 0.367508 0.380826 0.402298 0.411904 0.394839 0.382812 0.402006 0.707414 0.692514 0.409475 0.430402 0.631296 0.480553 0.462143 0.381004 0.502422 0.690973 0.328155 0.556691 0.471833 0.422992 1.37007 0.369616 0.543131 0.497076 0.548258 0.415972 0.346309 0.424841 0.669648 0.536596 0.804291 1.80126 0.418463 0.471877 0.435006 0.357759 0.487062 0.406811 0.554088 0.550393 0.438801 0.430296 0.68192 0.78137 0.403251 0.455803 0.419635 0.382778 0.336816 0.478953 1.34114 0.376 0.396698 0.475775 0.381844 0.832459 0.391759 0.405826 0.358745 0.47008 0.381567 0.322693 0.348703 0.545061 0.540668 0.356217 0.387119 0.845522 0.682085 1.18741 0.383296 0.372027 0.335152 0.370603 0.380483 2.08082 0.35507 0.42367 0.851789 0.409428 0.403265 0.550968 1.55102 0.397323 0.398091 0.482416 0.38771 0.591181 0.33809 0.299218 0.475781 0.387527 0.488262 0.437817 0.537077 1.2601 0.345166 0.381587 0.325096 0.379988 0.780336 0.678802 0.688541 0.542554 0.573054 0.404262 0.474317 0.36368 0.79812 0.379411 0.617482 1.40653 0.876635 0.382831 0.376075 0.309437 0.425868 0.387463 0.692515 0.540815 0.550813 0.834056 0.475808 0.688651 0.486289 0.380228 0.482838 0.460393 0.316695 0.365338 0.845721 0.543797 0.661731 0.358139 0.659841 0.555084 0.372773 0.548279 0.409595 0.298749 0.384961 0.555595 0.539427 0.346173 0.381132 0.410253 0.591245 0.538065 0.389787 0.557696 0.620016 0.431213 0.320829 0.544803 0.485449 0.799349 0.456491 0.315336 0.391412 0.37048 0.677248 0.381633 0.552311 0.665198 0.372248 0.492323 0.480678 0.554678 0.417639 0.366402 0.391465 0.320092 0.542962 0.569966 0.350817 0.645511 0.30518
Testing:
Lab Growth Rates:
0.4 0.4 0.4
Dot Production Prediction of Lab Growth Rates:
0.374729 0.380365 0.380469
Best performance so far: 
Obj: 4.66627e-310Rho: 6.5069e-314Diff: 4.66627e-310
Test:
 Lab Growth Rates:
0.4 0.4 0.4Dot Product Prediction of Growth Rate:
0.3747294 0.3803652 0.3804691