seed =  5 traits =  1 
Training: part  52 
Training: part  52 
Round  1 
 Goal of obj  0.99 
Temperature range:  0.00390625 7.8125e-15 
Cycle 1Round 1
Iter 500000 pBad 0.827428 T 0.00101581 Obj 1.05406 Rho 0 GRdif 30.8522 success 147191 failure 8831 obj_new 1.05406 SA_pAcc 1.13753 Delta -0.0607589 SA_r 0.831794 freedomratio 0.368785
Iter 1000000 pBad 0.812566 T 0.000264158 Obj 1.03735 Rho 0 GRdif 21.4887 success 291480 failure 23946 obj_new 1.03735 SA_pAcc 1 Delta -0.0107358 SA_r 0.927164 freedomratio 0.367629
Iter 1500000 pBad 0.695158 T 6.86935e-05 Obj 1.02574 Rho 0 GRdif 14.8913 success 432020 failure 47089 obj_new 1.02574 SA_pAcc 0.997446 Delta 0.0140546 SA_r 0.776801 freedomratio 0.36809
Iter 2000000 pBad 0.626238 T 1.78635e-05 Obj 1.01818 Rho 0 GRdif 10.561 success 568611 failure 79828 obj_new 1.01819 SA_pAcc 0.623515 Delta 0.0540439 SA_r 0.890469 freedomratio 0.358191
Iter 2500000 pBad 0.489888 T 4.64535e-06 Obj 1.01338 Rho 0 GRdif 7.79195 success 703532 failure 116078 obj_new 1.01339 SA_pAcc 0.825121 Delta 0.0274763 SA_r 0.908313 freedomratio 0.359289
Iter 3000000 pBad 0.269594 T 1.20801e-06 Obj 1.01004 Rho 0 GRdif 5.85493 success 818657 failure 188334 obj_new 1.01004 SA_pAcc 1 Delta -0.00981372 SA_r 0.0939789 freedomratio 0.334666
Iter 3500000 pBad 0.112895 T 3.14139e-07 Obj 1.00946 Rho 0 GRdif 5.51945 success 900576 failure 329835 obj_new 1.00946 SA_pAcc 0.0923361 Delta -0.0108458 SA_r 0.674913 freedomratio 0.301595
Iter 4000000 pBad 0.0613361 T 8.16908e-08 Obj 1.00917 Rho 0 GRdif 5.351 success 951850 failure 543031 obj_new 1.00917 SA_pAcc 5.54848 Delta -0.00284063 SA_r 0.821683 freedomratio 0.25815
Iter 4500000 pBad 0.0284447 T 2.12434e-08 Obj 1.00908 Rho 0 GRdif 5.2982 success 979786 failure 820978 obj_new 1.00908 SA_pAcc 1 Delta -0.000268285 SA_r 0.371483 freedomratio 0.230346
Iter 5000000 pBad 0.0138955 T 5.52429e-09 Obj 1.00904 Rho 0 GRdif 5.27089 success 995729 failure 1140837 obj_new 1.00904 SA_pAcc 2.19729e-15 Delta 0.00119588 SA_r 0.572058 freedomratio 0.215441
Iter 5500000 pBad 0.00702499 T 1.43657e-09 Obj 1.00902 Rho 0 GRdif 5.26201 success 1004690 failure 1487896 obj_new 1.00902 SA_pAcc 0 Delta 0.000498385 SA_r 0.223883 freedomratio 0.206556
Iter 6000000 pBad 0.00377831 T 3.73576e-10 Obj 1.00901 Rho 0 GRdif 5.2578 success 1009729 failure 1850130 obj_new 1.00901 SA_pAcc 4.69241e-14 Delta 0.000145754 SA_r 0.593625 freedomratio 0.199117
Iter 6500000 pBad 0.00279375 T 9.71473e-11 Obj 1.00901 Rho 0 GRdif 5.25607 success 1013441 failure 2221013 obj_new 1.00901 SA_pAcc 1 Delta -2.59916e-05 SA_r 0.312514 freedomratio 0.194555
Iter 7000000 pBad 0.00120799 T 2.52628e-11 Obj 1.00901 Rho 0 GRdif 5.25941 success 1015364 failure 2600373 obj_new 1.00902 SA_pAcc 0 Delta -0.000108584 SA_r 0.457176 freedomratio 0.1927
Iter 7500000 pBad 0.000271769 T 6.56952e-12 Obj 1.00901 Rho 0 GRdif 5.25502 success 1016291 failure 2984059 obj_new 1.00901 SA_pAcc 0 Delta 6.53832e-07 SA_r 0.960284 freedomratio 0.191942
Iter 8000000 pBad 0.000373766 T 1.70838e-12 Obj 1.00901 Rho 0 GRdif 5.25461 success 1018465 failure 3364945 obj_new 1.00901 SA_pAcc 1 Delta -1.21934e-05 SA_r 0.28921 freedomratio 0.18752
Iter 8500000 pBad 6.83513e-05 T 4.44259e-13 Obj 1.00901 Rho 0 GRdif 5.25445 success 1022794 failure 3747731 obj_new 1.00901 SA_pAcc 0 Delta -6.11813e-06 SA_r 0.255193 freedomratio 0.173424
Iter 9000000 pBad 2.77256e-55 T 1.15528e-13 Obj 1.00901 Rho 0 GRdif 5.25437 success 1022984 failure 4061753 obj_new 1.00901 SA_pAcc 1 Delta -1.24413e-56 SA_r 0.00741634 freedomratio 0.17363
Iter 9500000 pBad 2.67553e-123 T 3.00428e-14 Obj 1.00901 Rho 0 GRdif 5.26885 success 1022984 failure 4372804 obj_new 1.00903 SA_pAcc 0 Delta 2.29785e-124 SA_r 0.746676 freedomratio 0.172454
Iter 10000000 pBad 0 T 7.81252e-15 Obj 1.00901 Rho 0 GRdif 5.25437 success 1022984 failure 4700028 obj_new 1.00901 SA_pAcc 1 Delta -0 SA_r 0.0272602 freedomratio 0.0713329
Cannot move further
iter 8.58092e+06 obj1.00901 rho 0 GRdif 5.25437
Training:
Lab Growth Rates:
0.25 0.485 0.55 0.1 0.46 0.09 0.59 0.476 0.58 0.55 1.46 0.4 0.4 0.52 0.45 1.43 0.42 0.47 0.4 0.6 1.49 0.26 0.4 0.3 0.54 1.67 0.45 1.43 0.47 0.43 0.33 0.5 0.22 0.47 0.65 0.52 0.59 1.483 0.55 0.33 0.17 0.56 0.3 0.46 0.724 0.54 1.483 0.46 0.3 0.59 0.4 0.58 0.11 0.45 0.47 0.47 0.34 0.5 0.4 0.4 0.45 0.4 0.47 0.53 0.42 0.42 0.65 0.46 0.4 1.345 0.59 0.5 0.4 0.46 0.53 0.17 0.4 0.3 0.23 0.31 0.4 0.5 0.2 0.33 0.47 0.49 0.724 0.46 0.48 0.617 0.22 0.46 0.52 0.42 0.45 0.48 0.27 0.42 0.5 1.345 1.345 1.345 0.724 1.483 0.39 1.67 0.7 0.45 1.248 0.22 0.39 0.45 0.59 0.53 0.59 0.45 0.56 0.901 0.54 0.54 0.27 0.5 1.483 0.55 0.4 0.36 1.66 0.42 0.58 0.56 0.4 0.4 0.27 0.53 0.3 0.4 1.46 0.37 0.47 0.48 0.52 1.483 0.25 0.45 0.4 0.42 0.14 0.34 0.39 0.47 0.3 0.636 0.49 0.301 0.46 0.46 0.56 0.4 0.1 0.55 0.53 0.476 0.39 0.43 0.48 0.25 0.19 0.42 1.05 0.37 0.41 0.54 0.53 0.465 0.4 0.58 0.4 0.47 0.5 0.31 0.23 0.4 0.4 0.27 0.59 0.09 0.301 0.51 0.4 1.05 0.33 0.54 0.45 0.48 0.5 0.47 1.483 1.345 0.37 0.481 0.36 1.38 0.901 0.5 0.4 0.56 0.6 1.248 0.58 0.4 0.59 0.48 0.5 0.45 0.5 0.635 0.65 0.68 0.54 0.39 0.4 0.41 0.42 0.55 0.377 0.58 0.54 0.762 0.762 0.5 0.3 0.4 0.465 0.55 0.1 0.54 0.37 0.37 0.4 0.45 0.43 0.53 0.37 0.56 1.46 0.7 0.37 0.5 0.4 0.5 0.47 0.38 0.32 0.637 0.47 1.483 0.23 0.23 1.345 0.38 0.52 0.4 0.22 0.32 0.5 0.26 0.41 0.33 0.4 0.53 0.38 0.37 0.762 0.45 0.55 0.59 0.41 0.43 0.46 0.51 0.25 0.59 0.485 0.46 0.32 0.65 0.4 0.36 0.42 0.52 0.46 0.4 0.38 0.46 0.635 0.53 0.47 0.25 0.4 0.4 0.59 0.59 0.4 0.4 0.4 0.58 0.53 0.42 0.31 0.648 0.58 0.47 0.4 0.47 0.54 0.54 0.37 1.483 0.59 0.52 0.26 1.483 0.45 0.5 0.47 0.4 0.47 0.71 0.33 0.23 0.4 0.56 1.05 1.483 0.54 0.54 0.7 0.45 0.52 0.55 0.34 0.37 0.54 0.648 0.47 0.3 0.5 0.51 0.36 0.22 0.5 0.5 0.762 0.5 0.47 0.1 0.48 0.56 1.483 0.37 0.25 1.05 1.345 0.56 0.56 0.4 0.4 0.54 1.345 0.5 0.5 0.42 0.56 0.27 0.45 0.11 0.4 0.485 0.68 0.4 0.17 0.4 1.42 0.54 0.43 0.37 0.47 0.54 0.37 0.14 1.46 0.33 0.3 0.47 0.71 0.19 0.43 0.2 0.48 0.4 0.6 0.377 1.44 0.4 0.56 0.42 0.41 1.483 0.65 0.5 1.345 0.58 0.1 0.1 0.37 0.465 0.46 0.5 0.43 0.65 0.43 0.39 0.33 1.248 0.45 1.248 0.46 0.43 0.54 0.5 0.41 0.22 0.56 0.42 0.37 0.53 0.1 0.2 0.58 0.33 0.5 0.52 0.71 0.49 0.485 0.43 0.481 0.56 0.37 0.3 0.42 0.56 0.46 0.38 0.58 0.53 0.54 0.5 1.4 0.4 0.3 0.43 0.54 0.23 0.58 0.41 0.54 0.45 0.58 0.54 0.686 0.901 0.6 0.3 0.5 0.4 0.52 0.23 0.55 0.23 0.4 0.46 0.43 0.5 0.54 0.4 1.66 0.901 0.901 0.58 0.4 0.65 0.42 0.52 0.3 0.54 0.58 0.686 0.25 0.59 0.68 0.11 0.377 0.54 0.637 0.5 0.58 0.58 1.345 1.345 1.345 0.4 0.22 0.56 0.36 0.42 0.53 0.3 0.56 0.65 1.05 0.648 0.4 0.25 0.48 0.41 0.41 0.637 1.248 0.42 0.53 0.46 0.36 0.481 0.58 0.53 0.59 0.1 1.35 0.68 0.58 0.55 0.45 0.56 0.46 0.636 0.09 0.58 0.301 0.46 0.68 0.36 0.4 0.23 0.54 0.19 1.03 0.4 0.54 0.47 0.5 0.27 0.476 0.4 0.22 0.636 0.5 0.4 0.46 0.4 0.55 0.47 0.635 0.52 0.686 0.4 0.901 0.36 0.7 0.58 0.4 0.4 0.1 0.54 0.36 0.65
Dot Production Prediction of Lab Growth Rates:
0.353987 0.491648 0.5404 0.430277 0.485613 0.371973 0.550608 0.490523 0.322937 0.454682 1.02551 0.398511 0.401501 0.363155 0.345231 1.35951 0.524707 0.36131 0.403084 0.490488 1.52482 0.449831 0.399385 0.488719 0.457995 1.47165 0.337253 1.35012 0.422955 0.372023 0.33095 0.369044 0.363109 0.393023 0.651622 0.376696 0.356839 0.959006 0.451199 0.453152 0.325013 0.528929 0.355941 0.448232 0.7209 0.539207 0.960286 0.457857 0.47228 0.547087 0.397098 0.455958 0.380607 1.43813 0.446818 0.364219 0.321656 0.637332 0.400835 0.398017 1.47748 0.400668 0.358999 0.533861 0.313862 0.318233 0.628049 0.398434 0.401999 0.963617 0.546394 0.455395 0.400001 0.503352 0.399652 0.413082 0.398901 0.479518 0.547421 0.567978 0.401125 0.38246 0.394117 0.371972 0.371819 0.380682 0.723969 0.309889 0.338607 0.49409 0.469712 0.467963 0.380066 0.359388 0.385041 0.324734 0.377941 0.354512 0.34507 0.979142 0.991395 0.973776 0.717968 0.950992 0.341251 1.36216 0.702527 0.362616 1.248 0.477025 0.352695 0.345441 0.550135 0.496085 0.350352 0.401128 0.542955 0.900696 0.33583 0.54361 0.366658 0.653375 0.952413 0.547415 0.40043 0.333299 1.66 0.362632 0.451583 0.53946 0.402445 0.40254 0.561253 0.309054 0.504905 0.399315 1.02561 0.426014 0.355978 0.333426 0.349147 0.957362 0.730832 0.399992 0.40153 0.339277 0.140159 0.325278 0.316058 0.344934 0.408676 0.714857 0.366131 0.495798 0.440854 0.360482 0.544772 0.389839 0.42902 0.549136 0.53281 0.488738 0.331029 0.416805 0.345427 0.358193 0.344907 0.345283 1.58622 0.426199 0.38182 0.378883 0.535498 0.487846 0.400938 0.383117 0.400438 0.37475 0.449153 0.571859 0.545523 0.40327 0.399601 0.31843 0.322942 0.436836 0.49469 0.417551 0.400328 0.994886 0.496848 0.540002 1.47348 0.316614 0.549654 0.447956 0.947238 0.977502 0.422607 0.489956 0.414969 1.2908 0.900814 0.332007 0.399703 0.453848 0.490159 1.25686 0.466994 0.399752 0.541095 0.333466 0.570156 0.37944 0.338531 0.716702 0.649959 0.416753 0.380296 0.338564 0.386434 0.493097 0.392004 0.448995 0.488525 0.453676 0.401772 1.42682 1.43123 0.545153 0.431414 0.399741 0.486139 0.541304 0.373652 0.386766 0.439586 0.325252 0.401145 0.406706 0.359759 0.415178 0.378532 0.542541 0.994366 0.701327 0.383671 0.455478 0.40087 0.341138 0.349423 0.338334 0.328228 0.711008 0.39841 0.971351 0.452995 0.45231 0.950508 0.330655 0.357978 0.401279 0.465974 0.34343 0.53419 0.539827 0.36729 0.359144 0.402771 0.346063 0.384629 0.432055 1.43569 1.48633 0.450186 0.408071 0.488185 0.376669 0.46028 0.393215 0.307798 0.327821 0.493174 0.513499 0.308447 0.641836 0.40137 0.339864 0.318887 0.388086 0.417264 0.350875 0.365715 0.321885 0.717204 0.538507 0.350322 1.49808 0.400676 0.392529 0.351497 0.348005 0.39962 0.387855 0.400818 0.455016 0.533574 0.359163 0.565957 0.718168 0.456954 0.380636 0.39455 0.436778 0.392094 0.352305 0.406675 0.951899 0.397144 0.370236 0.368312 0.958952 0.338068 0.557753 0.395637 0.39924 0.362523 0.715087 0.325016 0.546043 0.401281 0.45689 1.05001 0.958053 0.448438 0.456243 0.698141 1.52482 0.376574 0.542944 0.333515 0.423696 0.445314 0.713247 0.351507 0.301077 0.364291 0.412532 0.336194 0.428172 0.370994 0.458111 1.44684 0.542614 0.396698 0.759164 0.35251 0.537533 0.955324 0.438484 0.360859 1.05006 0.990329 0.453231 0.538983 0.401899 0.401401 0.382062 0.994725 0.396979 0.325919 0.346332 0.533929 0.345855 1.45819 0.373524 0.400881 0.492123 0.415887 0.393306 0.329368 0.400376 1.53699 0.345313 0.374152 0.510155 0.380254 0.542698 0.382251 0.139999 1.5657 0.367198 0.466763 0.443726 0.718028 0.352209 0.397065 0.408407 0.324401 0.399857 0.495887 0.489058 1.50939 0.4018 0.459852 0.342006 0.332342 0.961091 0.672009 0.551977 0.965475 0.343832 1.217 1.05357 0.439591 0.485613 0.464188 0.332258 0.374239 0.65211 0.404184 0.332474 0.326558 1.2449 0.358781 1.2481 0.456353 0.412508 0.391132 0.46224 0.38866 0.461711 0.45698 0.391839 0.430964 0.465188 1.06976 0.371715 0.355844 0.473501 0.611028 0.388423 0.715563 0.366731 0.491519 0.389115 0.491223 0.549112 0.432128 0.400756 0.352124 0.539648 0.45999 0.33865 0.469039 0.538135 0.445265 0.60106 1.4 0.401739 0.303806 0.46023 0.390556 0.545299 0.464867 0.493992 0.540329 1.50591 0.466732 0.447963 0.717722 0.901 0.478999 0.294544 0.624956 0.343794 0.386362 0.54868 0.545131 0.451933 0.402274 0.311745 0.436035 0.536108 0.542095 0.394756 1.64052 0.902003 0.885308 0.358186 0.401177 0.674819 0.357318 0.393123 0.480559 0.363193 0.458141 0.723425 0.522064 0.550756 0.414742 0.335893 0.488923 0.357623 0.711095 0.650677 0.365417 0.459527 0.985218 0.959241 0.947732 0.400015 0.46349 0.541042 0.366705 0.534952 0.397678 0.378584 0.541267 0.631292 1.05008 0.714022 0.396529 0.48862 0.319073 0.390951 0.359862 0.711897 1.24721 0.527316 0.341625 0.375538 0.351618 0.491104 0.445152 0.369799 0.322453 1.12201 1.23627 0.416233 0.336206 0.461663 0.379631 0.453789 0.372265 0.71848 0.342949 0.348749 0.487779 0.439571 0.413534 0.351478 0.398154 0.546526 0.35995 0.346293 1.32152 0.401932 0.334494 0.39967 0.450401 0.375676 0.489331 0.39827 0.386498 0.71193 0.324835 0.400102 0.431716 0.39666 0.45653 0.360077 0.716589 0.381339 0.722979 0.400536 1.26854 0.405944 0.699773 0.367079 0.39682 0.400055 1.45722 0.530838 0.364165 0.649973
Testing:
Lab Growth Rates:
0.5 0.59 0.5
Dot Production Prediction of Lab Growth Rates:
0.542872 0.539517 0.55096
Best performance so far: 
Obj: 4.66511e-310Rho: 2.26291e-314Diff: 4.66511e-310
Anneal again with the best G and E so far as input
Cycle 2Round 1
Iter 500000 pBad 0.823102 T 0.00101581 Obj 1.0447 Rho 0 GRdif 25.624 success 111570 failure 9087 obj_new 1.0447 SA_pAcc 1.17669 Delta -0.0817648 SA_r 0.343846 freedomratio 0.271422
Iter 1000000 pBad 0.769005 T 0.000264158 Obj 1.03083 Rho 0 GRdif 17.7942 success 220432 failure 25118 obj_new 1.03083 SA_pAcc 1 Delta -0.0327298 SA_r 0.0226086 freedomratio 0.260676
Iter 1500000 pBad 0.630867 T 6.86935e-05 Obj 1.02758 Rho 0 GRdif 15.9436 success 326635 failure 47333 obj_new 1.02758 SA_pAcc 1.14892 Delta -0.0465722 SA_r 0.0841656 freedomratio 0.263964
Iter 2000000 pBad 0.565293 T 1.78635e-05 Obj 1.02129 Rho 0 GRdif 12.3468 success 427847 failure 78960 obj_new 1.02129 SA_pAcc 1.09902 Delta -0.0275526 SA_r 0.21659 freedomratio 0.258264
Iter 2500000 pBad 0.46737 T 4.64535e-06 Obj 1.01716 Rho 0 GRdif 9.97099 success 525632 failure 119871 obj_new 1.01716 SA_pAcc 1 Delta -0.03115 SA_r 0.960998 freedomratio 0.254561
Iter 3000000 pBad 0.255928 T 1.20801e-06 Obj 1.01213 Rho 0 GRdif 7.06684 success 616052 failure 180278 obj_new 1.01213 SA_pAcc 1 Delta -0.00896339 SA_r 0.174015 freedomratio 0.242249
Iter 3500000 pBad 0.181711 T 3.14139e-07 Obj 1.01023 Rho 0 GRdif 5.96712 success 687591 failure 282933 obj_new 1.01023 SA_pAcc 1 Delta -0.00668791 SA_r 0.281882 freedomratio 0.235625
Iter 4000000 pBad 0.0724525 T 8.16908e-08 Obj 1.0094 Rho 0 GRdif 5.48464 success 740245 failure 435724 obj_new 1.0094 SA_pAcc 1.09917 Delta 0.00423482 SA_r 0.24363 freedomratio 0.213401
Iter 4500000 pBad 0.0269658 T 2.12434e-08 Obj 1.00916 Rho 0 GRdif 5.34424 success 768316 failure 663883 obj_new 1.00916 SA_pAcc 5.68951e-27 Delta 0.00253116 SA_r 0.21032 freedomratio 0.183068
Iter 5000000 pBad 0.017662 T 5.52429e-09 Obj 1.00909 Rho 0 GRdif 5.3011 success 783721 failure 941306 obj_new 1.00909 SA_pAcc 1 Delta -0.000677639 SA_r 0.205768 freedomratio 0.171696
Iter 5500000 pBad 0.00567119 T 1.43657e-09 Obj 1.00906 Rho 0 GRdif 5.28469 success 793082 failure 1248303 obj_new 1.00906 SA_pAcc 1 Delta -0.000537388 SA_r 0.878227 freedomratio 0.164376
Iter 6000000 pBad 0.00394664 T 3.73576e-10 Obj 1.00904 Rho 0 GRdif 5.27532 success 800664 failure 1572700 obj_new 1.00904 SA_pAcc 0 Delta -0.000168896 SA_r 0.169237 freedomratio 0.156475
Iter 6500000 pBad 0.00232945 T 9.71473e-11 Obj 1.00903 Rho 0 GRdif 5.26996 success 806124 failure 1915059 obj_new 1.00903 SA_pAcc 1 Delta 0.00023044 SA_r 0.34426 freedomratio 0.151813
Iter 7000000 pBad 0.00103718 T 2.52628e-11 Obj 1.00903 Rho 0 GRdif 5.26901 success 811470 failure 2272101 obj_new 1.00903 SA_pAcc 0 Delta -6.79582e-05 SA_r 0.210079 freedomratio 0.146463
Iter 7500000 pBad 0.000986852 T 6.56952e-12 Obj 1.00902 Rho 0 GRdif 5.26532 success 816502 failure 2639411 obj_new 1.00903 SA_pAcc 0 Delta 5.36444e-05 SA_r 0.742096 freedomratio 0.142579
Iter 8000000 pBad 0.000477815 T 1.70838e-12 Obj 1.00902 Rho 0 GRdif 5.2637 success 821756 failure 3017130 obj_new 1.00902 SA_pAcc 0 Delta -4.2163e-05 SA_r 0.703165 freedomratio 0.138698
Iter 8500000 pBad 0.000186267 T 4.44259e-13 Obj 1.00902 Rho 0 GRdif 5.26318 success 826868 failure 3406665 obj_new 1.00902 SA_pAcc 1 Delta 5.0306e-06 SA_r 0.227451 freedomratio 0.134558
Iter 9000000 pBad 1.33476e-24 T 1.15528e-13 Obj 1.00902 Rho 0 GRdif 5.26346 success 832972 failure 3810261 obj_new 1.00902 SA_pAcc 0 Delta -9.39981e-26 SA_r 0.610387 freedomratio 0.131863
Iter 9500000 pBad 1.28652e-109 T 3.00428e-14 Obj 1.00902 Rho 0 GRdif 5.26255 success 833648 failure 4157304 obj_new 1.00902 SA_pAcc 1 Delta -5.02383e-111 SA_r 0.733329 freedomratio 0.129331
Good enough
iter 9.09324e+06 obj1.00902 rho 0 GRdif 5.26255
Training:
Lab Growth Rates:
0.25 0.485 0.55 0.1 0.46 0.09 0.59 0.476 0.58 0.55 1.46 0.4 0.4 0.52 0.45 1.43 0.42 0.47 0.4 0.6 1.49 0.26 0.4 0.3 0.54 1.67 0.45 1.43 0.47 0.43 0.33 0.5 0.22 0.47 0.65 0.52 0.59 1.483 0.55 0.33 0.17 0.56 0.3 0.46 0.724 0.54 1.483 0.46 0.3 0.59 0.4 0.58 0.11 0.45 0.47 0.47 0.34 0.5 0.4 0.4 0.45 0.4 0.47 0.53 0.42 0.42 0.65 0.46 0.4 1.345 0.59 0.5 0.4 0.46 0.53 0.17 0.4 0.3 0.23 0.31 0.4 0.5 0.2 0.33 0.47 0.49 0.724 0.46 0.48 0.617 0.22 0.46 0.52 0.42 0.45 0.48 0.27 0.42 0.5 1.345 1.345 1.345 0.724 1.483 0.39 1.67 0.7 0.45 1.248 0.22 0.39 0.45 0.59 0.53 0.59 0.45 0.56 0.901 0.54 0.54 0.27 0.5 1.483 0.55 0.4 0.36 1.66 0.42 0.58 0.56 0.4 0.4 0.27 0.53 0.3 0.4 1.46 0.37 0.47 0.48 0.52 1.483 0.25 0.45 0.4 0.42 0.14 0.34 0.39 0.47 0.3 0.636 0.49 0.301 0.46 0.46 0.56 0.4 0.1 0.55 0.53 0.476 0.39 0.43 0.48 0.25 0.19 0.42 1.05 0.37 0.41 0.54 0.53 0.465 0.4 0.58 0.4 0.47 0.5 0.31 0.23 0.4 0.4 0.27 0.59 0.09 0.301 0.51 0.4 1.05 0.33 0.54 0.45 0.48 0.5 0.47 1.483 1.345 0.37 0.481 0.36 1.38 0.901 0.5 0.4 0.56 0.6 1.248 0.58 0.4 0.59 0.48 0.5 0.45 0.5 0.635 0.65 0.68 0.54 0.39 0.4 0.41 0.42 0.55 0.377 0.58 0.54 0.762 0.762 0.5 0.3 0.4 0.465 0.55 0.1 0.54 0.37 0.37 0.4 0.45 0.43 0.53 0.37 0.56 1.46 0.7 0.37 0.5 0.4 0.5 0.47 0.38 0.32 0.637 0.47 1.483 0.23 0.23 1.345 0.38 0.52 0.4 0.22 0.32 0.5 0.26 0.41 0.33 0.4 0.53 0.38 0.37 0.762 0.45 0.55 0.59 0.41 0.43 0.46 0.51 0.25 0.59 0.485 0.46 0.32 0.65 0.4 0.36 0.42 0.52 0.46 0.4 0.38 0.46 0.635 0.53 0.47 0.25 0.4 0.4 0.59 0.59 0.4 0.4 0.4 0.58 0.53 0.42 0.31 0.648 0.58 0.47 0.4 0.47 0.54 0.54 0.37 1.483 0.59 0.52 0.26 1.483 0.45 0.5 0.47 0.4 0.47 0.71 0.33 0.23 0.4 0.56 1.05 1.483 0.54 0.54 0.7 0.45 0.52 0.55 0.34 0.37 0.54 0.648 0.47 0.3 0.5 0.51 0.36 0.22 0.5 0.5 0.762 0.5 0.47 0.1 0.48 0.56 1.483 0.37 0.25 1.05 1.345 0.56 0.56 0.4 0.4 0.54 1.345 0.5 0.5 0.42 0.56 0.27 0.45 0.11 0.4 0.485 0.68 0.4 0.17 0.4 1.42 0.54 0.43 0.37 0.47 0.54 0.37 0.14 1.46 0.33 0.3 0.47 0.71 0.19 0.43 0.2 0.48 0.4 0.6 0.377 1.44 0.4 0.56 0.42 0.41 1.483 0.65 0.5 1.345 0.58 0.1 0.1 0.37 0.465 0.46 0.5 0.43 0.65 0.43 0.39 0.33 1.248 0.45 1.248 0.46 0.43 0.54 0.5 0.41 0.22 0.56 0.42 0.37 0.53 0.1 0.2 0.58 0.33 0.5 0.52 0.71 0.49 0.485 0.43 0.481 0.56 0.37 0.3 0.42 0.56 0.46 0.38 0.58 0.53 0.54 0.5 1.4 0.4 0.3 0.43 0.54 0.23 0.58 0.41 0.54 0.45 0.58 0.54 0.686 0.901 0.6 0.3 0.5 0.4 0.52 0.23 0.55 0.23 0.4 0.46 0.43 0.5 0.54 0.4 1.66 0.901 0.901 0.58 0.4 0.65 0.42 0.52 0.3 0.54 0.58 0.686 0.25 0.59 0.68 0.11 0.377 0.54 0.637 0.5 0.58 0.58 1.345 1.345 1.345 0.4 0.22 0.56 0.36 0.42 0.53 0.3 0.56 0.65 1.05 0.648 0.4 0.25 0.48 0.41 0.41 0.637 1.248 0.42 0.53 0.46 0.36 0.481 0.58 0.53 0.59 0.1 1.35 0.68 0.58 0.55 0.45 0.56 0.46 0.636 0.09 0.58 0.301 0.46 0.68 0.36 0.4 0.23 0.54 0.19 1.03 0.4 0.54 0.47 0.5 0.27 0.476 0.4 0.22 0.636 0.5 0.4 0.46 0.4 0.55 0.47 0.635 0.52 0.686 0.4 0.901 0.36 0.7 0.58 0.4 0.4 0.1 0.54 0.36 0.65
Dot Production Prediction of Lab Growth Rates:
0.337402 0.664128 0.550433 0.422068 0.517329 0.361559 0.548656 0.662611 0.284158 0.491601 1.0367 0.397687 0.407623 0.359383 0.297846 1.34823 0.552213 0.354352 0.406791 0.591151 1.5365 0.450388 0.40257 0.602863 0.478982 1.50782 0.346288 1.33858 0.439719 0.372179 0.324774 0.37079 0.379691 0.376256 0.657576 0.382229 0.355416 1.19149 0.491525 0.485211 0.301839 0.52588 0.326711 0.46263 0.715475 0.557268 1.26713 0.458099 0.564702 0.548346 0.402088 0.460637 0.395948 1.46326 0.44549 0.350754 0.313648 0.818848 0.407389 0.402623 1.4945 0.399725 0.330007 0.52526 0.29543 0.297825 0.637073 0.39606 0.407098 1.27113 0.54726 0.460117 0.400005 0.507328 0.41864 0.426308 0.396917 0.572355 0.554088 0.592687 0.404284 0.416435 0.357077 0.377787 0.382405 0.401094 0.711627 0.282444 0.341199 0.713058 0.493295 0.461131 0.378754 0.358222 0.358286 0.271887 0.365247 0.344747 0.332319 1.21251 1.26806 1.21918 0.708898 1.18257 0.34333 1.37552 0.732632 0.334887 1.24154 0.49092 0.371382 0.349595 0.551779 0.498394 0.341552 0.400526 0.55145 0.900821 0.300803 0.539878 0.374002 0.821567 1.26016 0.549574 0.405559 0.332152 1.63765 0.321773 0.471213 0.544639 0.407077 0.405881 0.573667 0.270857 0.619815 0.402305 1.04751 0.414101 0.356142 0.288534 0.348935 1.26819 0.996687 0.421496 0.402137 0.312795 0.262176 0.299253 0.300883 0.319528 0.399736 0.70945 0.393393 0.704777 0.430164 0.364757 0.539536 0.39544 0.408864 0.547952 0.533763 0.653655 0.315311 0.405225 0.353747 0.354837 0.320641 0.32855 1.56086 0.41758 0.406928 0.360824 0.547353 0.653843 0.404382 0.400748 0.40028 0.384221 0.467912 0.610929 0.552657 0.403118 0.399253 0.292183 0.334964 0.45346 0.701221 0.435496 0.401225 1.01361 0.513126 0.531813 1.51015 0.280501 0.726901 0.43954 1.2593 1.30404 0.412919 0.661056 0.445859 1.33931 0.901003 0.32403 0.402058 0.471279 0.585867 1.25961 0.459365 0.406143 0.538615 0.340098 0.733205 0.376037 0.331799 0.707639 0.647705 0.33439 0.346062 0.331201 0.391725 0.68613 0.348716 0.489811 0.663694 0.459409 0.411275 1.44824 1.45719 0.541159 0.515164 0.402105 0.65098 0.549994 0.324125 0.374601 0.434851 0.281404 0.399369 0.410151 0.365595 0.442399 0.392942 0.548838 1.04279 0.736145 0.388854 0.471575 0.402343 0.341458 0.358761 0.293968 0.326705 0.712121 0.355334 1.23037 0.450168 0.449206 1.28634 0.284527 0.362402 0.401598 0.488171 0.347964 0.545316 0.550224 0.370386 0.328947 0.404036 0.354825 0.391072 0.426733 1.464 1.47814 0.495489 0.406649 0.686229 0.385087 0.452869 0.400917 0.299255 0.330801 0.680058 0.526797 0.306873 0.649966 0.404937 0.306157 0.271706 0.352813 0.406774 0.312152 0.381604 0.316282 0.70994 0.542572 0.352341 1.51507 0.405532 0.398221 0.346087 0.329661 0.39865 0.39256 0.403481 0.462262 0.537063 0.344551 0.580172 0.701591 0.466896 0.368409 0.397337 0.443541 0.363655 0.326598 0.425229 1.27151 0.395991 0.374698 0.390566 1.243 0.350863 0.742503 0.423936 0.400205 0.363742 0.709113 0.304029 0.558875 0.40264 0.464452 1.05002 1.21982 0.478364 0.483844 0.744337 1.5365 0.367611 0.552962 0.326289 0.430817 0.465327 0.700455 0.369912 0.287323 0.377409 0.427272 0.347868 0.467352 0.376693 0.457921 1.47256 0.69848 0.341717 0.976075 0.352578 0.539302 1.18073 0.434495 0.34267 1.06713 1.22568 0.46044 0.553155 0.405614 0.370648 0.394106 1.25409 0.455111 0.324206 0.31242 0.527183 0.33719 1.47601 0.369684 0.403907 0.661105 0.332217 0.399005 0.286089 0.402292 1.55879 0.341235 0.353977 0.530208 0.394557 0.536087 0.383067 0.259882 1.57759 0.366815 0.559378 0.434931 0.708289 0.325918 0.371123 0.368383 0.282389 0.403108 0.59524 0.677508 1.49605 0.40403 0.47329 0.32748 0.301422 1.24875 0.660466 0.69971 1.1792 0.354474 1.84162 1.59818 0.435873 0.652828 0.461094 0.331645 0.390759 0.661836 0.389736 0.325355 0.299438 1.25056 0.309966 1.24756 0.470158 0.404794 0.36532 0.464662 0.390727 0.485665 0.462061 0.413405 0.427167 0.451608 1.60349 0.33967 0.396308 0.524093 0.771645 0.39963 0.702769 0.391625 0.675642 0.372991 0.66764 0.539746 0.421383 0.480261 0.333572 0.537973 0.461493 0.283254 0.454434 0.553622 0.475648 0.758521 1.39999 0.407293 0.294936 0.443406 0.410173 0.554838 0.455843 0.686804 0.553371 1.53198 0.458175 0.477142 0.705683 0.901002 0.576314 0.287859 0.786024 0.307437 0.406345 0.566306 0.552889 0.447137 0.412079 0.280244 0.41955 0.541693 0.550607 0.398112 1.61014 0.90675 0.892407 0.378341 0.405918 0.661063 0.345114 0.392806 0.59393 0.378381 0.448829 0.708736 0.521726 0.545885 0.333008 0.320599 0.665598 0.391037 0.709358 0.851803 0.362145 0.470352 1.23225 1.2561 1.24008 0.403849 0.484319 0.55444 0.366512 0.563302 0.435617 0.370559 0.542175 0.625613 1.06963 0.69851 0.398809 0.483262 0.308318 0.411802 0.344952 0.715494 1.24259 0.55305 0.329098 0.364511 0.360099 0.663264 0.46669 0.384459 0.316631 1.78061 1.29085 0.336646 0.324079 0.494418 0.395451 0.470269 0.355333 0.714087 0.346088 0.385288 0.692521 0.422384 0.331818 0.360005 0.3986 0.55476 0.39599 0.302149 1.36067 0.403677 0.302527 0.361536 0.466437 0.359065 0.657447 0.399622 0.405489 0.715391 0.323687 0.403718 0.416314 0.398018 0.490594 0.344199 0.70751 0.39561 0.706627 0.401451 1.28765 0.433871 0.73169 0.375331 0.401942 0.406251 1.43494 0.534588 0.371422 0.650037
Testing:
Lab Growth Rates:
0.5 0.59 0.5
Dot Production Prediction of Lab Growth Rates:
0.558438 0.554879 0.562912
Best performance so far: 
Obj: 4.66511e-310Rho: 6.5069e-314Diff: 4.66511e-310
Test:
 Lab Growth Rates:
0.5 0.59 0.5Dot Product Prediction of Growth Rate:
0.5584376 0.5548792 0.5629122