seed =  5 traits =  1 
Training: part  202 
Training: part  202 
Round  1 
 Goal of obj  0.99 
Temperature range:  0.00390625 1.5625e-14 
Cycle 1Round 1
Iter 500000 pBad 0.849674 T 0.00105163 Obj 1.05711 Rho 0 GRdif 32.5446 success 146675 failure 10347 obj_new 1.05711 SA_pAcc 0.995516 Delta 0.00252449 SA_r 0.203214 freedomratio 0.376849
Iter 1000000 pBad 0.784099 T 0.000283118 Obj 1.03497 Rho 0 GRdif 20.1433 success 289635 failure 28371 obj_new 1.03497 SA_pAcc 1.1827 Delta -0.0518329 SA_r 0.277696 freedomratio 0.369483
Iter 1500000 pBad 0.717395 T 7.62202e-05 Obj 1.0238 Rho 0 GRdif 13.783 success 429643 failure 53200 obj_new 1.0238 SA_pAcc 1 Delta -0.0329171 SA_r 0.626181 freedomratio 0.358849
Iter 2000000 pBad 0.582412 T 2.05198e-05 Obj 1.01764 Rho 0 GRdif 10.2488 success 566869 failure 85059 obj_new 1.01764 SA_pAcc 0.988677 Delta -0.0581826 SA_r 0.0801265 freedomratio 0.362176
Iter 2500000 pBad 0.455068 T 5.52429e-06 Obj 1.01389 Rho 0 GRdif 8.08185 success 696355 failure 128968 obj_new 1.01389 SA_pAcc 1 Delta -0.0439626 SA_r 0.902527 freedomratio 0.366021
Iter 3000000 pBad 0.312771 T 1.48723e-06 Obj 1.00997 Rho 0 GRdif 5.81364 success 811358 failure 203204 obj_new 1.00997 SA_pAcc 1 Delta 0.0240454 SA_r 0.199532 freedomratio 0.341293
Iter 3500000 pBad 0.13114 T 4.00389e-07 Obj 1.00888 Rho 0 GRdif 5.18354 success 907025 failure 316558 obj_new 1.00888 SA_pAcc 0.25541 Delta 0.00860873 SA_r 0.130903 freedomratio 0.31796
Iter 4000000 pBad 0.057963 T 1.07792e-07 Obj 1.0086 Rho 0 GRdif 5.01941 success 959814 failure 524450 obj_new 1.0086 SA_pAcc 1 Delta 0.00117632 SA_r 0.092185 freedomratio 0.266849
Iter 4500000 pBad 0.0290539 T 2.90194e-08 Obj 1.00852 Rho 0 GRdif 4.96989 success 989825 failure 795921 obj_new 1.00852 SA_pAcc 1 Delta 0.000668875 SA_r 0.378178 freedomratio 0.234213
Iter 5000000 pBad 0.0197346 T 7.81252e-09 Obj 1.00848 Rho 0 GRdif 4.95463 success 1006724 failure 1111068 obj_new 1.00849 SA_pAcc 0 Delta -0.000314407 SA_r 0.722623 freedomratio 0.219723
Iter 5500000 pBad 0.00940521 T 2.10327e-09 Obj 1.00847 Rho 0 GRdif 4.9465 success 1015907 failure 1453505 obj_new 1.00848 SA_pAcc 0 Delta -0.000938686 SA_r 0.528109 freedomratio 0.209885
Iter 6000000 pBad 0.00457075 T 5.66236e-10 Obj 1.00847 Rho 0 GRdif 4.94286 success 1021181 failure 1810735 obj_new 1.00847 SA_pAcc 0 Delta 0.000371738 SA_r 0.0171622 freedomratio 0.203402
Iter 6500000 pBad 0.00149211 T 1.5244e-10 Obj 1.00847 Rho 0 GRdif 4.94002 success 1024750 failure 2176478 obj_new 1.00847 SA_pAcc 1 Delta -6.9123e-05 SA_r 0.576714 freedomratio 0.200273
Iter 7000000 pBad 0.000974399 T 4.10396e-11 Obj 1.00846 Rho 0 GRdif 4.93927 success 1026445 failure 2548196 obj_new 1.00846 SA_pAcc 1.39118e-130 Delta 4.69066e-08 SA_r 0.928657 freedomratio 0.199388
Iter 7500000 pBad 0.000491163 T 1.10486e-11 Obj 1.00846 Rho 0 GRdif 4.93868 success 1028022 failure 2920664 obj_new 1.00846 SA_pAcc 8.78206e-90 Delta -2.16286e-05 SA_r 0.403739 freedomratio 0.198442
Iter 8000000 pBad 0.000838513 T 2.97447e-12 Obj 1.00846 Rho 0 GRdif 4.9385 success 1029705 failure 3294715 obj_new 1.00846 SA_pAcc 0 Delta 6.79682e-05 SA_r 0.0758855 freedomratio 0.197174
Iter 8500000 pBad 1.10603e-13 T 8.00778e-13 Obj 1.00846 Rho 0 GRdif 4.93816 success 1038940 failure 3635210 obj_new 1.00846 SA_pAcc 1 Delta -7.00003e-15 SA_r 0.68984 freedomratio 0.183872
Iter 9000000 pBad 2.08245e-37 T 2.15583e-13 Obj 1.00846 Rho 0 GRdif 4.93937 success 1040441 failure 3920561 obj_new 1.00846 SA_pAcc 0 Delta 3.27359e-39 SA_r 0.2044 freedomratio 0.178877
Iter 9500000 pBad 1.35938e-92 T 5.80388e-14 Obj 1.00846 Rho 0 GRdif 4.93816 success 1040441 failure 4211601 obj_new 1.00846 SA_pAcc 1 Delta 1.21641e-94 SA_r 0.641563 freedomratio 0.146537
Iter 10000000 pBad 0 T 1.5625e-14 Obj 1.00846 Rho 0 GRdif 4.94554 success 1040441 failure 4520162 obj_new 1.00848 SA_pAcc 0 Delta -0 SA_r 0.6501 freedomratio 0.0738593
Cannot move further
iter 8.66692e+06 obj1.00846 rho 0 GRdif 4.93816
Training:
Lab Growth Rates:
0.25 0.485 0.55 0.1 0.46 0.37 0.59 0.476 0.58 0.54 1.05 0.4 0.4 0.47 0.45 0.65 0.42 0.39 0.4 0.6 1.49 0.46 0.4 0.3 0.54 1.67 0.49 0.65 0.5 0.41 0.36 0.47 0.17 0.47 0.46 0.52 0.59 1.483 0.54 0.42 0.31 0.56 0.3 0.43 0.724 0.54 1.483 0.58 0.3 0.59 0.4 0.58 0.09 0.45 0.5 0.39 0.32 0.6 0.4 0.4 0.45 0.4 0.5 0.53 0.48 0.48 0.65 0.33 0.4 1.345 0.59 0.5 0.4 0.46 0.53 0.31 0.4 0.3 0.23 0.26 0.4 0.33 0.2 0.36 0.47 0.52 0.724 0.52 0.47 0.23 0.5 0.22 0.54 0.43 0.45 0.53 0.27 0.42 0.47 1.345 1.345 1.345 0.724 1.483 0.58 0.1 0.23 0.45 1.248 0.22 0.42 0.49 0.59 0.39 0.59 0.45 0.56 0.901 0.42 0.54 0.45 0.6 1.483 0.55 0.4 0.11 0.1 0.42 0.46 0.56 0.4 0.4 0.45 0.39 0.3 0.4 1.05 0.37 0.39 0.47 0.54 1.483 1.35 0.41 0.4 0.42 0.14 0.32 0.58 0.47 0.3 0.636 0.52 0.301 0.46 0.43 0.56 0.4 0.1 0.55 0.53 0.476 0.58 0.43 0.59 0.25 0.47 0.43 1.46 0.37 0.47 0.54 0.53 0.465 0.4 0.36 0.4 0.47 0.58 0.26 0.5 0.4 0.4 0.27 0.51 0.37 0.301 0.19 0.4 1.43 0.42 0.54 0.45 0.53 0.5 0.34 1.483 1.345 0.37 0.481 0.48 1.46 0.901 0.33 0.4 0.55 0.3 1.248 0.58 0.4 0.59 0.59 0.5 0.45 0.33 0.635 0.65 0.68 0.58 0.42 0.4 0.41 0.42 0.55 0.377 0.58 0.42 0.762 0.762 0.5 0.3 0.4 0.465 0.55 0.1 0.42 1.66 0.37 0.4 0.41 0.41 0.53 0.37 0.56 0.7 0.617 0.5 0.58 0.4 0.33 0.47 0.38 0.52 0.637 0.36 1.483 0.37 0.37 1.345 0.38 0.54 0.5 0.22 0.52 0.5 0.46 0.47 0.5 0.4 0.53 0.38 0.37 0.762 0.45 0.54 0.59 0.41 0.27 0.58 0.19 0.25 0.59 0.485 0.46 0.52 0.65 0.4 0.43 0.48 0.47 0.46 0.4 0.38 0.52 0.635 0.53 0.46 0.25 0.4 0.4 0.51 0.59 0.4 0.4 0.4 0.58 0.53 0.54 0.26 0.648 0.46 0.47 0.4 0.34 0.54 0.48 0.5 1.483 0.59 0.54 0.46 1.483 0.49 0.5 0.5 0.4 0.46 0.71 0.5 0.23 0.4 0.56 0.25 1.483 0.23 0.54 0.7 0.45 0.47 0.55 0.32 0.5 0.23 0.648 0.46 0.7 0.47 0.19 0.11 0.17 0.47 0.5 0.762 0.5 0.36 1.43 0.47 0.56 1.483 1.67 0.25 1.05 1.345 0.56 0.56 0.4 0.4 0.48 1.345 0.33 0.47 0.42 0.56 0.27 0.45 0.09 0.5 0.485 0.68 0.4 0.31 0.4 1.42 0.58 0.27 0.37 0.5 0.54 0.37 0.14 1.05 0.36 0.3 0.34 0.71 0.47 0.22 0.2 0.53 0.4 0.3 0.377 1.44 0.4 0.55 0.42 0.47 1.483 0.65 0.5 1.345 0.53 1.38 1.05 1.4 0.465 0.22 0.47 0.41 0.65 0.43 0.42 0.5 1.248 0.45 1.248 0.58 0.27 0.54 0.5 0.46 0.5 0.56 0.43 0.37 0.39 0.1 0.2 0.53 0.42 0.5 0.52 0.71 0.52 0.485 0.43 0.481 0.56 0.37 0.3 0.54 0.56 0.46 0.38 0.46 0.53 0.23 0.6 1.66 0.4 0.7 0.22 0.48 0.5 0.58 0.41 0.54 0.45 0.58 0.54 0.686 0.901 0.3 1.46 0.5 0.4 0.52 0.5 0.55 0.37 0.4 0.52 0.22 0.59 0.54 0.4 0.1 0.901 0.901 0.58 0.4 0.65 0.54 0.54 0.3 0.45 0.56 0.686 0.25 0.59 0.68 0.09 0.377 0.45 0.637 0.5 0.58 0.56 1.345 1.345 1.345 0.4 0.5 0.56 0.48 0.42 0.4 0.3 0.56 0.22 0.1 0.648 0.5 0.25 0.59 0.46 0.46 0.637 1.248 0.42 0.4 0.43 0.43 0.481 0.56 0.4 0.51 1.03 0.65 0.68 0.36 0.55 0.41 0.55 0.33 0.636 0.37 0.53 0.301 0.46 0.68 0.11 0.4 0.23 0.45 0.47 1.46 0.4 0.58 0.36 0.58 0.45 0.476 0.4 0.17 0.636 0.33 0.4 0.33 0.4 0.55 0.5 0.635 0.54 0.686 0.4 0.901 0.48 0.23 0.36 0.4 0.4 0.1 0.54 0.43 0.46
Dot Production Prediction of Lab Growth Rates:
0.371155 0.497061 0.55199 0.466023 0.514966 0.405861 0.552186 0.500272 0.309418 0.428185 1.06415 0.402257 0.398786 0.358865 0.345481 0.644083 0.585335 0.315231 0.395146 0.483755 1.56337 0.428469 0.397276 0.3009 0.437877 1.55156 0.372056 0.66472 0.340509 0.35205 0.401794 0.408016 0.334758 0.40112 0.471755 0.344921 0.319647 1.03809 0.452403 0.348799 0.575319 0.533635 0.347497 0.35457 0.722727 0.53938 1.03048 0.469259 0.307375 0.544769 0.402011 0.464656 0.379365 1.46844 0.368127 0.318867 0.320827 0.471214 0.401843 0.402929 1.51219 0.400587 0.393302 0.537336 0.317533 0.341552 0.667921 0.451563 0.40427 1.00487 0.544141 0.472237 0.400699 0.535456 0.373067 0.575812 0.402145 0.472686 0.544393 0.346659 0.404367 0.372741 0.410271 0.351293 0.389344 0.38743 0.723659 0.345956 0.348642 0.431677 0.47502 0.460888 0.358038 0.373547 0.395857 0.497217 0.385084 0.374934 0.500196 1.06092 1.08245 1.07138 0.722667 1.03673 0.350336 0.876959 0.434118 0.354127 1.12944 0.468253 0.313849 0.3652 0.547231 0.334306 0.334311 0.393206 0.543827 0.902194 0.35162 0.539989 0.386265 0.468863 0.991234 0.546588 0.398356 0.328265 0.87945 0.345106 0.455506 0.549267 0.402804 0.403398 0.385487 0.315431 0.299815 0.400965 1.04996 0.428223 0.345467 0.342464 0.289003 1.01173 1.18848 0.383123 0.399662 0.365774 0.139606 0.336089 0.373217 0.315434 0.416719 0.721339 0.360818 0.485884 0.443258 0.347172 0.548552 0.398274 0.461013 0.546738 0.531065 0.499519 0.317178 0.455043 0.322369 0.363373 0.376718 0.370241 1.6234 0.424097 0.403177 0.393353 0.538105 0.499923 0.402873 0.347801 0.397165 0.384223 0.475743 0.581971 0.532465 0.403742 0.4002 0.305014 0.402019 0.391845 0.486689 0.324175 0.394247 1.33351 0.354585 0.540343 1.53788 0.550213 0.572939 0.292429 1.00829 1.04628 0.421788 0.494603 0.31152 1.03721 0.900999 0.320208 0.401745 0.427091 0.431941 1.13919 0.464343 0.399188 0.540516 0.332179 0.648641 0.355976 0.326159 0.717903 0.627791 0.475606 0.340856 0.332277 0.403226 0.489915 0.401786 0.440074 0.488602 0.468254 0.327893 1.18706 1.17924 0.539951 0.433339 0.402233 0.496555 0.549853 0.370847 0.36921 1.66 0.324489 0.401732 0.355256 0.362392 0.409525 0.398891 0.549931 0.6996 0.554075 0.330652 0.473016 0.402109 0.362773 0.351983 0.326318 0.390595 0.714356 0.34666 1.05419 0.41583 0.418501 1.01796 0.343527 0.356367 0.548046 0.465921 0.354066 0.542059 0.345083 0.426319 0.328736 0.399556 0.313062 0.383144 0.432508 1.19448 1.51909 0.458865 0.396565 0.484412 0.364207 0.471149 0.330995 0.310784 0.309707 0.488376 0.540075 0.379016 0.640103 0.39892 0.409777 0.334 0.358927 0.425948 0.34829 0.368158 0.35477 0.716974 0.531909 0.303347 1.53636 0.401261 0.399993 0.411232 0.303023 0.401469 0.398498 0.396603 0.465442 0.52628 0.346176 0.475726 0.718368 0.461101 0.388302 0.39393 0.319523 0.418469 0.314387 0.353416 1.01884 0.377958 0.383027 0.355801 1.05031 0.387389 0.650532 0.318378 0.400678 0.331439 0.723988 0.325607 0.542823 0.401775 0.469809 0.747234 1.02834 0.536375 0.432738 0.701806 1.56337 0.371069 0.554986 0.307916 0.346222 0.543648 0.715593 0.309931 0.701187 0.464248 0.326561 0.357134 0.321224 0.504953 0.464048 1.2063 0.572171 0.324793 1.31422 0.351859 0.540981 1.05364 1.47662 0.382237 1.01457 1.05863 0.469402 0.537202 0.401703 0.412736 0.316244 1.07326 0.328637 0.407296 0.314208 0.536857 0.352804 1.49489 0.332854 0.583583 0.495551 0.474815 0.400987 0.566185 0.401613 1.58931 0.371297 0.59022 0.560845 0.33401 0.541246 0.389541 0.140028 1.05 0.395434 0.445821 0.328585 0.71928 0.351908 0.422114 0.409981 0.300776 0.399054 0.447567 0.488749 1.5888 0.401786 0.446157 0.355931 0.351777 0.987914 0.648796 0.638148 1.04704 0.395675 1.3502 1.65207 1.51556 0.497979 0.468963 0.419584 0.380539 0.660614 0.423251 0.31879 0.347533 1.13442 0.373564 1.13099 0.470215 0.398568 0.421563 0.465854 0.38163 0.465899 0.468079 0.40661 0.429641 0.305231 1.08347 0.385726 0.351041 0.348101 0.618297 0.343378 0.719561 0.410838 0.488879 0.412993 0.494803 0.548148 0.431025 0.410465 0.313837 0.548776 0.460017 0.341013 0.459217 0.533787 0.547429 0.454358 1.66 0.402742 0.69434 0.385434 0.308708 0.542859 0.469591 0.489962 0.529909 1.5742 0.472472 0.448454 0.719528 0.896619 0.358378 1.02428 0.60962 0.33107 0.378213 0.535174 0.545847 0.413844 0.398458 0.374675 0.334825 0.546565 0.547092 0.392725 0.970346 0.899086 0.902213 0.358004 0.400532 0.650374 0.382669 0.393818 0.478009 0.330804 0.471158 0.725228 0.557077 0.548801 0.474545 0.43099 0.48742 0.351875 0.712271 0.63069 0.334906 0.471848 1.06353 1.00051 0.98844 0.397941 0.466494 0.537239 0.340072 0.602605 0.400556 0.399174 0.548792 0.468082 0.763973 0.713365 0.548205 0.532489 0.320872 0.423239 0.339512 0.714085 1.12929 0.576846 0.398873 0.345127 0.457438 0.495528 0.467546 0.399258 0.387849 1.39251 0.649981 0.476826 0.338485 0.439931 0.320994 0.442981 0.41926 0.726473 0.431093 0.323492 0.487461 0.45051 0.47085 0.375242 0.401218 0.543214 0.337949 0.349493 1.04305 0.398896 0.3591 0.329486 0.474226 0.418237 0.501218 0.397037 0.411398 0.721346 0.367786 0.403273 0.515064 0.403609 0.441176 0.325345 0.715018 0.340319 0.727349 0.401812 1.07709 0.340554 0.432532 0.36478 0.394736 0.403483 1.46311 0.53734 0.442927 0.467094
Testing:
Lab Growth Rates:
0.54 0.54 0.54
Dot Production Prediction of Lab Growth Rates:
0.352619 0.369245 0.371853
Best performance so far: 
Obj: 4.6618e-310Rho: 2.26291e-314Diff: 4.6618e-310
Anneal again with the best G and E so far as input
Cycle 2Round 1
Iter 500000 pBad 0.822905 T 0.00105163 Obj 1.04326 Rho 0 GRdif 24.8179 success 105187 failure 8215 obj_new 1.04326 SA_pAcc 0.8478 Delta -0.0142465 SA_r 0.126302 freedomratio 0.248621
Iter 1000000 pBad 0.755753 T 0.000283118 Obj 1.03101 Rho 0 GRdif 17.8941 success 207460 failure 22452 obj_new 1.03101 SA_pAcc 1 Delta -0.0740663 SA_r 0.0739258 freedomratio 0.246945
Iter 1500000 pBad 0.755216 T 7.62202e-05 Obj 1.02666 Rho 0 GRdif 15.4191 success 308600 failure 40366 obj_new 1.02666 SA_pAcc 1 Delta 0.0219747 SA_r 0.108488 freedomratio 0.24376
Iter 2000000 pBad 0.591887 T 2.05198e-05 Obj 1.02169 Rho 0 GRdif 12.5719 success 406827 failure 66628 obj_new 1.02169 SA_pAcc 0.899906 Delta -0.0480442 SA_r 0.0966426 freedomratio 0.242249
Iter 2500000 pBad 0.389189 T 5.52429e-06 Obj 1.01758 Rho 0 GRdif 10.2144 success 500323 failure 104971 obj_new 1.01758 SA_pAcc 0.799275 Delta -0.0299686 SA_r 0.911438 freedomratio 0.238502
Iter 3000000 pBad 0.232115 T 1.48723e-06 Obj 1.0144 Rho 0 GRdif 8.37617 success 583124 failure 165859 obj_new 1.0144 SA_pAcc 2.01214 Delta 0.0200888 SA_r 0.432345 freedomratio 0.232263
Iter 3500000 pBad 0.148494 T 4.00389e-07 Obj 1.00968 Rho 0 GRdif 5.64937 success 651197 failure 273074 obj_new 1.00969 SA_pAcc 7.65474e-06 Delta 0.00317512 SA_r 0.18857 freedomratio 0.21744
Iter 4000000 pBad 0.0972718 T 1.07792e-07 Obj 1.00875 Rho 0 GRdif 5.10398 success 710923 failure 399893 obj_new 1.00875 SA_pAcc 1 Delta 0.0082032 SA_r 0.778302 freedomratio 0.203402
Iter 4500000 pBad 0.0461944 T 2.90194e-08 Obj 1.00841 Rho 0 GRdif 4.90878 success 748633 failure 594581 obj_new 1.00841 SA_pAcc 3.32763e-42 Delta 0.00132847 SA_r 0.929998 freedomratio 0.177253
Iter 5000000 pBad 0.025452 T 7.81252e-09 Obj 1.00819 Rho 0 GRdif 4.78214 success 776471 failure 847749 obj_new 1.00819 SA_pAcc 0.67373 Delta 0.00108617 SA_r 0.905288 freedomratio 0.155026
Iter 5500000 pBad 0.0106291 T 2.10327e-09 Obj 1.00813 Rho 0 GRdif 4.74337 success 791328 failure 1154202 obj_new 1.00813 SA_pAcc 0.000310988 Delta 0.000617581 SA_r 0.394049 freedomratio 0.147088
Iter 6000000 pBad 0.00484879 T 5.66236e-10 Obj 1.00811 Rho 0 GRdif 4.73313 success 799618 failure 1488317 obj_new 1.00811 SA_pAcc 0 Delta 0.000480447 SA_r 0.29368 freedomratio 0.142614
Iter 6500000 pBad 0.0034197 T 1.5244e-10 Obj 1.0081 Rho 0 GRdif 4.72637 success 805036 failure 1840883 obj_new 1.0081 SA_pAcc 4.59593e-36 Delta 0.000260059 SA_r 0.979755 freedomratio 0.138436
Iter 7000000 pBad 0.00059094 T 4.10396e-11 Obj 1.00809 Rho 0 GRdif 4.72384 success 809623 failure 2204015 obj_new 1.00809 SA_pAcc 1 Delta 4.69644e-05 SA_r 0.240253 freedomratio 0.136501
Iter 7500000 pBad 0.000607656 T 1.10486e-11 Obj 1.00809 Rho 0 GRdif 4.7225 success 813728 failure 2576245 obj_new 1.00809 SA_pAcc 0 Delta 2.58558e-05 SA_r 0.8143 freedomratio 0.134035
Iter 8000000 pBad 9.61635e-05 T 2.97447e-12 Obj 1.00809 Rho 0 GRdif 4.74628 success 818188 failure 2954048 obj_new 1.00813 SA_pAcc 0 Delta 3.9105e-06 SA_r 0.531757 freedomratio 0.132759
Iter 8500000 pBad 6.01317e-19 T 8.00778e-13 Obj 1.00809 Rho 0 GRdif 4.72193 success 824115 failure 3333081 obj_new 1.00809 SA_pAcc 0 Delta -3.13131e-20 SA_r 0.512797 freedomratio 0.128735
Iter 9000000 pBad 9.15444e-108 T 2.15583e-13 Obj 1.00809 Rho 0 GRdif 4.72114 success 825281 failure 3658634 obj_new 1.00809 SA_pAcc 1 Delta 3.13776e-109 SA_r 0.398676 freedomratio 0.127697
Iter 9500000 pBad 1.95151e-225 T 5.80388e-14 Obj 1.00809 Rho 0 GRdif 4.73969 success 825281 failure 3985727 obj_new 1.00812 SA_pAcc 0 Delta 1.65383e-226 SA_r 0.571227 freedomratio 0.113831
Good enough
iter 8.62662e+06 obj1.00809 rho 0 GRdif 4.72114
Training:
Lab Growth Rates:
0.25 0.485 0.55 0.1 0.46 0.37 0.59 0.476 0.58 0.54 1.05 0.4 0.4 0.47 0.45 0.65 0.42 0.39 0.4 0.6 1.49 0.46 0.4 0.3 0.54 1.67 0.49 0.65 0.5 0.41 0.36 0.47 0.17 0.47 0.46 0.52 0.59 1.483 0.54 0.42 0.31 0.56 0.3 0.43 0.724 0.54 1.483 0.58 0.3 0.59 0.4 0.58 0.09 0.45 0.5 0.39 0.32 0.6 0.4 0.4 0.45 0.4 0.5 0.53 0.48 0.48 0.65 0.33 0.4 1.345 0.59 0.5 0.4 0.46 0.53 0.31 0.4 0.3 0.23 0.26 0.4 0.33 0.2 0.36 0.47 0.52 0.724 0.52 0.47 0.23 0.5 0.22 0.54 0.43 0.45 0.53 0.27 0.42 0.47 1.345 1.345 1.345 0.724 1.483 0.58 0.1 0.23 0.45 1.248 0.22 0.42 0.49 0.59 0.39 0.59 0.45 0.56 0.901 0.42 0.54 0.45 0.6 1.483 0.55 0.4 0.11 0.1 0.42 0.46 0.56 0.4 0.4 0.45 0.39 0.3 0.4 1.05 0.37 0.39 0.47 0.54 1.483 1.35 0.41 0.4 0.42 0.14 0.32 0.58 0.47 0.3 0.636 0.52 0.301 0.46 0.43 0.56 0.4 0.1 0.55 0.53 0.476 0.58 0.43 0.59 0.25 0.47 0.43 1.46 0.37 0.47 0.54 0.53 0.465 0.4 0.36 0.4 0.47 0.58 0.26 0.5 0.4 0.4 0.27 0.51 0.37 0.301 0.19 0.4 1.43 0.42 0.54 0.45 0.53 0.5 0.34 1.483 1.345 0.37 0.481 0.48 1.46 0.901 0.33 0.4 0.55 0.3 1.248 0.58 0.4 0.59 0.59 0.5 0.45 0.33 0.635 0.65 0.68 0.58 0.42 0.4 0.41 0.42 0.55 0.377 0.58 0.42 0.762 0.762 0.5 0.3 0.4 0.465 0.55 0.1 0.42 1.66 0.37 0.4 0.41 0.41 0.53 0.37 0.56 0.7 0.617 0.5 0.58 0.4 0.33 0.47 0.38 0.52 0.637 0.36 1.483 0.37 0.37 1.345 0.38 0.54 0.5 0.22 0.52 0.5 0.46 0.47 0.5 0.4 0.53 0.38 0.37 0.762 0.45 0.54 0.59 0.41 0.27 0.58 0.19 0.25 0.59 0.485 0.46 0.52 0.65 0.4 0.43 0.48 0.47 0.46 0.4 0.38 0.52 0.635 0.53 0.46 0.25 0.4 0.4 0.51 0.59 0.4 0.4 0.4 0.58 0.53 0.54 0.26 0.648 0.46 0.47 0.4 0.34 0.54 0.48 0.5 1.483 0.59 0.54 0.46 1.483 0.49 0.5 0.5 0.4 0.46 0.71 0.5 0.23 0.4 0.56 0.25 1.483 0.23 0.54 0.7 0.45 0.47 0.55 0.32 0.5 0.23 0.648 0.46 0.7 0.47 0.19 0.11 0.17 0.47 0.5 0.762 0.5 0.36 1.43 0.47 0.56 1.483 1.67 0.25 1.05 1.345 0.56 0.56 0.4 0.4 0.48 1.345 0.33 0.47 0.42 0.56 0.27 0.45 0.09 0.5 0.485 0.68 0.4 0.31 0.4 1.42 0.58 0.27 0.37 0.5 0.54 0.37 0.14 1.05 0.36 0.3 0.34 0.71 0.47 0.22 0.2 0.53 0.4 0.3 0.377 1.44 0.4 0.55 0.42 0.47 1.483 0.65 0.5 1.345 0.53 1.38 1.05 1.4 0.465 0.22 0.47 0.41 0.65 0.43 0.42 0.5 1.248 0.45 1.248 0.58 0.27 0.54 0.5 0.46 0.5 0.56 0.43 0.37 0.39 0.1 0.2 0.53 0.42 0.5 0.52 0.71 0.52 0.485 0.43 0.481 0.56 0.37 0.3 0.54 0.56 0.46 0.38 0.46 0.53 0.23 0.6 1.66 0.4 0.7 0.22 0.48 0.5 0.58 0.41 0.54 0.45 0.58 0.54 0.686 0.901 0.3 1.46 0.5 0.4 0.52 0.5 0.55 0.37 0.4 0.52 0.22 0.59 0.54 0.4 0.1 0.901 0.901 0.58 0.4 0.65 0.54 0.54 0.3 0.45 0.56 0.686 0.25 0.59 0.68 0.09 0.377 0.45 0.637 0.5 0.58 0.56 1.345 1.345 1.345 0.4 0.5 0.56 0.48 0.42 0.4 0.3 0.56 0.22 0.1 0.648 0.5 0.25 0.59 0.46 0.46 0.637 1.248 0.42 0.4 0.43 0.43 0.481 0.56 0.4 0.51 1.03 0.65 0.68 0.36 0.55 0.41 0.55 0.33 0.636 0.37 0.53 0.301 0.46 0.68 0.11 0.4 0.23 0.45 0.47 1.46 0.4 0.58 0.36 0.58 0.45 0.476 0.4 0.17 0.636 0.33 0.4 0.33 0.4 0.55 0.5 0.635 0.54 0.686 0.4 0.901 0.48 0.23 0.36 0.4 0.4 0.1 0.54 0.43 0.46
Dot Production Prediction of Lab Growth Rates:
0.354532 0.441501 0.546826 0.481202 0.585218 0.429505 0.548835 0.441249 0.278732 0.4422 1.06555 0.398115 0.397825 0.369885 0.330631 0.643189 0.616954 0.326743 0.391067 0.625557 1.43277 0.463392 0.392165 0.300047 0.442216 1.39958 0.402478 0.67247 0.362192 0.349623 0.438959 0.375051 0.326619 0.390574 0.46567 0.375325 0.32008 1.33609 0.463445 0.339208 0.67133 0.5365 0.348733 0.373177 0.715376 0.540063 1.3552 0.462342 0.30463 0.54186 0.401093 0.455219 0.3961 1.31096 0.394788 0.34825 0.321623 0.606604 0.397762 0.401153 1.36444 0.397562 0.45025 0.533065 0.287127 0.331848 0.66709 0.505664 0.403437 1.34321 0.541616 0.465652 0.399966 0.594786 0.403256 0.659711 0.40003 0.58394 0.552862 0.382168 0.400973 0.376223 0.377261 0.367803 0.398262 0.418279 0.714626 0.321715 0.343726 0.426847 0.467964 0.469237 0.372359 0.344095 0.392561 0.518997 0.382776 0.362875 0.508257 1.34537 1.39348 1.36042 0.713473 1.3303 0.341527 1.04546 0.427297 0.381912 0.835868 0.473446 0.287526 0.368455 0.546348 0.31833 0.327247 0.405266 0.548997 0.902001 0.372259 0.541625 0.41307 0.593099 1.3307 0.548655 0.40008 0.329252 1.09037 0.330852 0.453364 0.552001 0.404627 0.399928 0.409894 0.296237 0.291861 0.398929 1.06968 0.422971 0.394041 0.33732 0.287335 1.32129 1.06961 0.406834 0.39722 0.348968 0.14047 0.345074 0.378333 0.297158 0.429242 0.713795 0.375782 0.438159 0.453233 0.359584 0.546864 0.396248 0.469409 0.549484 0.535876 0.438437 0.319603 0.459421 0.325639 0.349353 0.374628 0.364546 1.44649 0.418219 0.397994 0.367043 0.539726 0.44055 0.399017 0.347908 0.394646 0.412752 0.468086 0.636578 0.539957 0.400502 0.396125 0.301941 0.430777 0.395516 0.437042 0.303976 0.387735 1.15598 0.350864 0.539682 1.37401 0.597816 0.683112 0.273793 1.34525 1.3629 0.416499 0.436854 0.301128 1.06736 0.901328 0.305951 0.400253 0.450235 0.537908 0.842196 0.462307 0.400055 0.536204 0.331165 0.823328 0.362287 0.297238 0.70787 0.619114 0.386817 0.337908 0.318079 0.402893 0.439585 0.405341 0.458994 0.432267 0.460074 0.328194 0.78299 0.780616 0.555665 0.537168 0.400768 0.438773 0.544512 0.390576 0.403453 1.47674 0.293506 0.399862 0.375771 0.37604 0.454336 0.404863 0.551035 0.754202 0.599544 0.35365 0.467236 0.402659 0.355463 0.364353 0.294417 0.37173 0.708748 0.355244 1.352 0.413475 0.41674 1.34595 0.308069 0.387526 0.68329 0.472185 0.334856 0.550706 0.337448 0.417685 0.328209 0.398832 0.324573 0.40528 0.418074 0.787851 1.3821 0.467449 0.399422 0.436822 0.375106 0.462458 0.319038 0.295198 0.311637 0.438227 0.600367 0.350698 0.627231 0.39795 0.400689 0.330136 0.362555 0.424725 0.322168 0.388173 0.346697 0.70899 0.537337 0.300935 1.37799 0.401072 0.399917 0.431696 0.289775 0.399498 0.394953 0.393594 0.463108 0.527166 0.338609 0.511307 0.708839 0.460068 0.37962 0.38385 0.318346 0.412531 0.295818 0.387269 1.35936 0.379596 0.397892 0.348646 1.36917 0.39991 0.837783 0.329256 0.395321 0.336772 0.715688 0.32789 0.554782 0.400222 0.464899 0.979757 1.3469 0.550394 0.443016 0.758517 1.43277 0.372134 0.55131 0.309896 0.380133 0.55242 0.709054 0.306041 0.748683 0.490886 0.306501 0.356155 0.304429 0.50721 0.458387 0.795831 0.683155 0.325908 1.14676 0.350605 0.54029 1.34295 1.28527 0.360927 1.04855 1.33643 0.463456 0.54632 0.400221 0.414061 0.297595 1.36871 0.329808 0.375109 0.311545 0.532139 0.344966 1.34066 0.358851 0.716961 0.439684 0.387314 0.398084 0.651146 0.398548 1.44125 0.394839 0.638671 0.618987 0.34308 0.542502 0.383949 0.140017 1.06735 0.408396 0.565564 0.310366 0.710225 0.33549 0.446247 0.405329 0.293642 0.395928 0.563899 0.433676 1.43251 0.400534 0.461697 0.335746 0.341036 1.32425 0.650141 0.804525 1.33472 0.419432 1.24231 1.44382 1.32543 0.439849 0.474064 0.399996 0.407993 0.646345 0.418698 0.312119 0.332459 0.840396 0.352473 0.840624 0.460984 0.418107 0.407777 0.465121 0.384409 0.460284 0.462902 0.390353 0.41613 0.27618 1.32887 0.373959 0.362477 0.346708 0.756403 0.346383 0.708727 0.420012 0.436259 0.407945 0.438523 0.544021 0.416764 0.483195 0.308635 0.54683 0.461074 0.309829 0.459034 0.541381 0.552631 0.574013 1.43292 0.403685 0.749328 0.407801 0.271936 0.543659 0.463639 0.440057 0.535296 1.40184 0.460548 0.452299 0.709185 0.901138 0.450854 1.09651 0.751969 0.316067 0.416975 0.540524 0.548547 0.409222 0.391918 0.370956 0.3225 0.547555 0.550746 0.38341 1.27102 0.90155 0.901138 0.38598 0.400065 0.653939 0.393269 0.373605 0.613345 0.339038 0.463809 0.715517 0.595786 0.54448 0.388263 0.480984 0.433166 0.357713 0.705563 0.788127 0.326017 0.462817 1.37722 1.33383 1.31415 0.397147 0.461674 0.545841 0.346665 0.6487 0.394439 0.411012 0.553349 0.472574 0.983552 0.701079 0.658692 0.557708 0.320645 0.44883 0.345431 0.708992 0.83367 0.608689 0.392594 0.355205 0.46987 0.43913 0.459903 0.392974 0.39225 1.24862 0.650132 0.388871 0.32295 0.461158 0.314167 0.459257 0.460354 0.719086 0.431694 0.31358 0.434484 0.460801 0.385565 0.395182 0.397764 0.547357 0.358302 0.336633 1.07794 0.397356 0.372418 0.332697 0.466634 0.4371 0.440646 0.391656 0.420017 0.725616 0.326529 0.400291 0.556267 0.401692 0.453433 0.328087 0.707459 0.342507 0.715844 0.400164 0.823204 0.342992 0.426932 0.359448 0.387902 0.400862 1.32262 0.540887 0.460132 0.465374
Testing:
Lab Growth Rates:
0.54 0.54 0.54
Dot Production Prediction of Lab Growth Rates:
0.337058 0.381946 0.383182
Best performance so far: 
Obj: 4.6618e-310Rho: 6.5069e-314Diff: 4.6618e-310
Test:
 Lab Growth Rates:
0.54 0.54 0.54Dot Product Prediction of Growth Rate:
0.3370578 0.3819457 0.3831823