seed =  5 traits =  1 
Training: part  29 
Training: part  29 
Round  1 
 Goal of obj  0.99 
Temperature range:  0.00390625 1.25e-13 
Cycle 1Round 1
Iter 500000 pBad 0.845669 T 0.00116686 Obj 1.05214 Rho 0 GRdif 29.7829 success 147146 failure 9064 obj_new 1.05214 SA_pAcc 0.960812 Delta 0.065947 SA_r 0.343898 freedomratio 0.369018
Iter 1000000 pBad 0.808366 T 0.000348559 Obj 1.03865 Rho 0 GRdif 22.2238 success 290725 failure 24824 obj_new 1.03865 SA_pAcc 0.921851 Delta -0.0253974 SA_r 0.786993 freedomratio 0.369483
Iter 1500000 pBad 0.768095 T 0.00010412 Obj 1.02907 Rho 0 GRdif 16.7914 success 433618 failure 42783 obj_new 1.02907 SA_pAcc 0.937391 Delta -0.0484983 SA_r 0.398016 freedomratio 0.366479
Iter 2000000 pBad 0.598888 T 3.11022e-05 Obj 1.02307 Rho 0 GRdif 13.3626 success 572769 failure 69143 obj_new 1.02307 SA_pAcc 1 Delta 0.0446804 SA_r 0.19753 freedomratio 0.372537
Iter 2500000 pBad 0.531053 T 9.2907e-06 Obj 1.01728 Rho 0 GRdif 10.0399 success 707968 failure 103535 obj_new 1.01728 SA_pAcc 0.73631 Delta 0.0289809 SA_r 0.254362 freedomratio 0.359289
Iter 3000000 pBad 0.363656 T 2.77528e-06 Obj 1.0106 Rho 0 GRdif 6.1787 success 830800 failure 162095 obj_new 1.0106 SA_pAcc 1 Delta -0.0332862 SA_r 0.130059 freedomratio 0.345112
Iter 3500000 pBad 0.297286 T 8.29017e-07 Obj 1.00836 Rho 0 GRdif 4.87699 success 940157 failure 246497 obj_new 1.00836 SA_pAcc 0.199078 Delta -0.0295641 SA_r 0.953721 freedomratio 0.337558
Iter 4000000 pBad 0.0759797 T 2.4764e-07 Obj 1.00773 Rho 0 GRdif 4.51235 success 1014576 failure 405557 obj_new 1.00773 SA_pAcc 0.252944 Delta -0.00206897 SA_r 0.730252 freedomratio 0.29462
Iter 4500000 pBad 0.0487601 T 7.39739e-08 Obj 1.00757 Rho 0 GRdif 4.41767 success 1058874 failure 637349 obj_new 1.00757 SA_pAcc 0.0695738 Delta 0.00315013 SA_r 0.698273 freedomratio 0.251286
Iter 5000000 pBad 0.0306858 T 2.20971e-08 Obj 1.00749 Rho 0 GRdif 4.37332 success 1085585 failure 919448 obj_new 1.00749 SA_pAcc 1 Delta -0.000834439 SA_r 0.0234777 freedomratio 0.233932
Iter 5500000 pBad 0.0154442 T 6.60075e-09 Obj 1.00746 Rho 0 GRdif 4.35278 success 1101737 failure 1237510 obj_new 1.00746 SA_pAcc 3.17393e-37 Delta -0.00126307 SA_r 0.420031 freedomratio 0.215679
Iter 6000000 pBad 0.0083526 T 1.97175e-09 Obj 1.00745 Rho 0 GRdif 4.35044 success 1110386 failure 1581898 obj_new 1.00745 SA_pAcc 0 Delta 3.86378e-05 SA_r 0.583656 freedomratio 0.208541
Iter 6500000 pBad 0.00760143 T 5.88991e-10 Obj 1.00744 Rho 0 GRdif 4.34641 success 1115949 failure 1939095 obj_new 1.00744 SA_pAcc 0 Delta 6.42482e-05 SA_r 0.539354 freedomratio 0.203684
Iter 7000000 pBad 0.00315122 T 1.75941e-10 Obj 1.00744 Rho 0 GRdif 4.34443 success 1119060 failure 2305878 obj_new 1.00744 SA_pAcc 1 Delta 0.000197132 SA_r 0.956041 freedomratio 0.200754
Iter 7500000 pBad 0.00139443 T 5.25562e-11 Obj 1.00744 Rho 0 GRdif 4.34388 success 1121138 failure 2676406 obj_new 1.00744 SA_pAcc 3.84969e-17 Delta 2.28513e-05 SA_r 0.722997 freedomratio 0.199591
Iter 8000000 pBad 0.000873152 T 1.56993e-11 Obj 1.00744 Rho 0 GRdif 4.34358 success 1122346 failure 3050345 obj_new 1.00744 SA_pAcc 1 Delta 5.02546e-05 SA_r 0.720596 freedomratio 0.198577
Iter 8500000 pBad 0.00063138 T 4.68963e-12 Obj 1.00744 Rho 0 GRdif 4.34339 success 1124029 failure 3424505 obj_new 1.00744 SA_pAcc 0.993158 Delta 6.02584e-05 SA_r 0.274872 freedomratio 0.19404
Iter 9000000 pBad 0.0003435 T 1.40086e-12 Obj 1.00744 Rho 0 GRdif 4.34493 success 1125592 failure 3798327 obj_new 1.00744 SA_pAcc 0 Delta -1.782e-05 SA_r 0.348583 freedomratio 0.196249
Iter 9500000 pBad 2.93288e-14 T 4.1846e-13 Obj 1.00744 Rho 0 GRdif 4.34682 success 1131694 failure 4149772 obj_new 1.00745 SA_pAcc 0 Delta -1.37356e-15 SA_r 0.545303 freedomratio 0.183641
Iter 10000000 pBad 4.66196e-39 T 1.25e-13 Obj 1.00744 Rho 0 GRdif 4.34419 success 1133140 failure 4435982 obj_new 1.00744 SA_pAcc 0 Delta 7.30453e-41 SA_r 0.391976 freedomratio 0.18324
Cannot move further
iter 9.60935e+06 obj1.00744 rho 0 GRdif 4.34319
Training:
Lab Growth Rates:
1.66 0.301 0.58 0.71 0.37 0.47 0.19 0.22 0.6 0.635 0.47 0.53 0.53 0.59 0.5 0.5 0.37 0.4 0.724 0.6 0.55 0.42 0.2 1.345 0.901 0.53 0.686 0.5 0.54 0.3 0.33 0.5 0.7 0.47 1.483 0.53 0.23 0.58 0.5 0.54 0.36 0.65 0.46 0.52 1.248 0.4 0.49 0.39 0.4 0.42 0.52 0.36 0.22 0.46 0.42 0.47 1.05 0.58 0.4 0.32 1.483 0.648 0.54 0.52 0.1 0.25 1.483 0.55 0.52 0.59 1.4 0.5 0.1 0.5 0.485 0.17 0.4 0.46 0.51 0.52 1.05 0.22 0.4 0.25 0.1 0.42 0.48 0.4 0.1 0.47 0.59 0.56 0.53 0.23 0.54 0.26 0.4 0.56 0.5 0.25 0.46 0.48 0.54 0.4 1.44 0.686 0.11 0.31 0.65 0.42 0.45 0.42 0.47 0.36 0.48 0.47 1.345 0.54 0.4 0.27 0.465 0.762 0.3 0.4 0.37 1.67 0.55 0.1 0.54 0.4 0.4 0.45 0.39 0.901 0.43 0.3 0.52 0.48 1.49 0.481 0.42 0.54 0.59 0.59 0.45 0.43 0.47 0.4 0.48 0.47 0.485 0.46 0.4 0.54 1.345 0.648 0.52 0.37 0.26 0.38 0.47 0.5 0.25 0.43 0.45 0.53 0.46 0.3 0.52 0.56 0.637 0.25 0.4 0.42 0.45 0.39 0.42 0.59 0.4 0.53 0.4 0.54 0.56 0.4 0.481 1.05 0.23 0.56 0.48 0.39 0.54 0.4 0.4 0.32 0.47 0.42 0.54 0.68 0.5 0.3 0.4 0.41 1.248 1.483 0.4 1.46 0.58 0.56 0.41 0.3 0.53 1.43 1.67 0.4 0.37 0.58 0.41 0.55 1.248 0.42 0.4 0.476 0.56 0.59 1.345 0.23 0.65 0.34 0.4 1.345 0.46 0.47 0.5 0.4 0.5 0.49 0.4 0.54 0.58 0.38 0.55 0.17 0.5 0.43 0.47 0.48 0.636 0.17 0.5 0.23 0.5 0.4 0.36 0.762 0.33 0.59 0.45 0.4 0.4 1.46 0.4 0.4 0.46 0.53 0.5 0.56 0.58 0.4 0.14 0.637 0.27 0.37 0.33 0.59 0.54 1.38 0.68 0.26 0.5 0.5 0.46 0.45 0.38 0.54 0.41 0.2 0.52 0.46 0.37 0.301 0.6 0.59 0.4 0.41 0.55 0.09 0.55 0.46 0.54 0.485 0.19 0.43 0.59 0.38 1.248 0.635 0.1 0.51 0.4 0.4 0.46 0.43 0.45 0.47 1.483 0.724 0.54 0.901 0.47 0.58 0.4 0.59 0.22 0.4 0.4 0.1 0.42 0.4 0.53 1.03 0.27 0.56 0.53 0.54 0.47 1.345 0.33 0.47 0.476 0.5 0.22 0.1 1.05 0.58 0.58 0.3 0.5 0.377 0.09 1.66 0.37 0.4 0.5 0.68 0.4 0.4 1.35 0.3 0.47 0.4 0.3 0.34 0.68 0.37 0.42 0.485 0.65 0.45 0.7 0.901 0.648 0.56 0.45 0.46 0.42 0.45 0.7 0.617 1.345 0.3 0.37 0.37 0.47 0.4 0.52 0.4 0.59 1.483 0.5 0.65 0.43 0.19 0.5 0.52 0.54 0.33 0.56 0.686 0.45 0.635 0.4 0.54 0.33 0.5 0.36 0.41 0.59 0.762 0.32 0.56 0.52 0.5 0.42 0.09 0.31 0.58 0.55 0.4 1.46 0.4 0.56 0.4 0.58 0.14 0.5 0.377 0.46 0.58 0.4 0.55 0.58 0.5 0.51 0.68 0.56 0.47 0.3 0.3 0.54 0.1 0.46 0.41 0.54 0.37 0.37 0.27 0.56 0.65 0.58 0.45 0.5 0.637 0.5 0.55 0.45 0.71 0.4 0.46 0.4 0.54 0.58 0.37 0.23 0.23 0.4 0.4 0.55 1.345 1.345 0.27 0.54 0.56 0.45 0.11 0.636 0.36 0.58 0.56 0.6 0.33 0.71 0.27 0.56 0.5 0.23 1.483 0.54 0.724 0.55 0.48 0.53 0.465 0.25 0.39 0.4 0.47 0.3 0.46 0.4 0.39 0.4 0.48 0.58 0.25 0.65 0.33 1.345 0.41 0.5 0.33 0.45 0.54 0.37 0.7 0.481 0.38 0.47 1.248 0.34 0.41 0.22 0.54 0.42 0.43 0.59 0.42 0.5 1.483 0.58 0.36 1.42 1.46 1.05 0.5 1.345 0.45 0.636 0.11 0.53 0.43 0.46 0.58 0.43 0.53 0.3 0.43 0.65 1.43 0.762 0.4 0.301 0.25 0.42 0.4 0.43 0.476 0.47 0.2 0.31 0.901 0.5 0.46 0.58 0.36 0.65 0.53 0.47 0.4 0.46 0.45 0.22 0.465 0.49 0.23 0.54 1.345 0.22 0.59 0.4 1.483 0.36 0.377 0.46 0.901 0.37 0.45
Dot Production Prediction of Lab Growth Rates:
1.65023 0.476433 0.366785 0.707128 0.409553 0.406833 0.318037 0.419706 0.53273 0.70277 0.365348 0.471164 0.524368 0.55216 0.469585 0.354772 0.38767 0.398164 0.715727 0.56516 0.473476 0.322292 0.377008 1.35524 0.902301 0.544312 0.717541 0.555709 0.367967 0.491029 0.328498 0.472854 0.699885 0.377842 1.28235 0.526364 0.429516 0.462631 0.536788 0.456998 0.365729 0.667275 0.304825 0.353929 0.836896 0.403317 0.381723 0.317332 0.404163 0.599724 0.382383 0.34355 0.386836 0.351724 0.339141 0.343259 1.04999 0.474714 0.395274 0.332279 1.28347 0.687266 0.309179 0.339796 1.07019 0.340856 1.26851 0.547319 0.372077 0.552787 1.4 0.326715 0.341958 0.733583 0.47901 0.279465 0.401774 0.561505 0.375759 0.34652 1.02892 0.478104 0.403156 0.959736 1.45068 0.616004 0.326203 0.403639 1.20466 0.371777 0.320897 0.462661 0.330224 0.546104 0.466756 0.560026 0.399172 0.545591 0.483394 0.333022 0.360446 0.324406 0.468009 0.389019 1.51415 0.708684 0.322626 0.565844 0.668209 0.382859 0.345163 0.315166 0.369987 0.357539 0.335368 0.466955 1.3205 0.370428 0.37173 0.597286 0.473849 0.771746 0.40206 0.39754 0.425214 1.5485 0.549542 0.418346 0.360696 0.395285 0.402143 0.369695 0.340535 0.901 0.413396 0.373252 0.368943 0.341737 1.5434 0.472896 0.32682 0.546276 0.329659 0.327462 0.339928 0.35019 0.464495 0.400505 0.354131 0.349538 0.469331 0.459995 0.402981 0.379623 1.35844 0.694624 0.371216 0.414652 0.365489 0.289316 0.375302 0.483647 0.521334 0.359497 1.4603 0.533179 0.453204 0.558632 0.344791 0.537579 0.692826 0.326536 0.399997 0.296652 1.50313 0.320637 0.345413 0.325719 0.3963 0.313468 0.307032 0.546144 0.544658 0.391792 0.471519 1.573 0.428214 0.549751 0.293652 0.31535 0.539946 0.402177 0.400828 0.319994 0.307561 0.326386 0.369124 0.410763 0.477996 0.3 0.400125 0.386088 0.843693 1.32061 0.397861 1.55635 0.462798 0.54363 0.383036 0.457207 0.384927 1.39755 1.39988 0.40121 0.40932 0.475925 0.466383 0.469514 0.830558 0.335746 0.399936 0.47694 0.479686 0.384107 1.34749 0.543132 0.649996 0.326603 0.400651 1.32442 0.542132 0.334782 0.549029 0.397327 0.312913 0.380034 0.392988 0.361279 0.480077 0.363203 0.548842 0.283481 0.368464 0.388976 0.341079 0.297532 0.709876 0.398038 0.79115 0.545803 0.326094 0.404671 0.357909 0.775742 0.353555 0.545702 1.46397 0.395447 0.393754 1.01353 0.398922 0.401398 0.401846 0.536488 0.547042 0.550006 0.361334 0.401162 0.140296 0.690822 0.324355 0.412067 0.434248 0.55606 0.536954 1.29293 0.413286 0.424689 0.384649 0.854205 0.415312 1.48268 0.357178 0.545551 0.474476 0.369571 0.364084 0.431969 0.531491 0.475024 0.540902 0.345418 0.402529 0.394729 0.473571 0.335432 0.45792 0.324225 0.333934 0.477452 0.307562 0.345271 0.549137 0.297845 0.831487 0.69954 1.07073 0.406344 0.394251 0.400001 0.514671 0.396356 0.346445 0.356025 1.31874 0.710339 0.542634 0.77349 0.359385 0.461046 0.399705 0.546305 0.481716 0.392636 0.402789 1.29635 0.325377 0.394866 0.540584 1.32754 0.3498 0.468062 0.396352 0.354348 0.351473 1.29634 0.360433 0.338859 0.477257 0.680057 0.477248 0.960024 1.05 0.337618 0.482259 0.523444 0.317935 0.471321 0.437962 1.66 0.417324 0.398722 0.772754 0.403369 0.402173 0.402835 1.23383 0.486369 0.454512 0.395323 0.308327 0.330621 0.408025 0.418442 0.600827 0.472723 0.642678 0.31688 0.698874 0.902743 0.696478 0.466724 0.388998 0.409725 0.337589 0.346997 0.701589 0.617 1.29699 0.345244 0.371139 0.412618 0.341399 0.397996 0.370424 0.394131 0.314824 1.27779 0.331492 0.655648 0.368685 0.306039 0.811812 0.364667 0.373666 0.478901 0.544864 0.718565 0.363598 0.703163 0.396782 0.362454 0.308322 0.768686 0.337889 0.352768 0.369603 0.761994 0.308076 0.547159 0.356493 0.407988 0.335504 0.361409 0.54421 0.374085 0.547999 0.393895 1.02544 0.399545 0.477844 0.398427 0.473756 0.14 0.351094 0.471678 0.315629 0.450618 0.404812 0.464308 0.474311 0.824326 0.399182 0.408831 0.549595 0.413445 0.544009 0.489127 0.461644 0.425485 0.348675 0.322562 0.368784 0.292968 0.421818 0.348131 0.534314 0.650001 0.297116 0.339258 0.468158 0.692748 0.741647 0.550584 0.394443 0.718939 0.403363 0.4751 0.387221 0.462962 0.356184 0.419961 0.430438 0.5462 0.400596 0.406005 0.555615 1.33726 1.37917 0.348966 0.460089 0.474061 1.55086 0.346308 0.712708 0.318248 0.382604 0.547213 0.530851 0.323715 0.71063 0.293305 0.547349 0.759564 0.541156 1.31025 0.535012 0.714036 0.470594 0.325611 0.40507 0.476433 1.53016 0.314341 0.403218 0.404442 0.297945 0.46841 0.401976 0.33016 0.320954 0.311739 0.474533 0.290768 0.624116 0.337427 1.28146 0.477099 0.53729 0.50141 0.327565 0.300573 0.378364 0.707151 0.475899 0.29618 0.402425 0.834402 0.329343 0.347922 0.347899 0.334139 0.312141 0.372284 0.323125 0.321853 0.320641 1.27882 0.356059 0.323353 1.54739 1.02208 1.05003 0.695931 1.33424 1.53336 0.703852 0.361286 0.529988 0.349448 0.385931 0.313528 0.425638 0.298618 0.305416 0.3606 0.646433 1.40365 0.767102 0.406455 0.471005 0.479333 0.319383 0.403515 0.410509 0.481752 0.34189 0.345203 0.550432 0.897518 0.33608 0.457208 0.48302 0.407033 0.655815 0.356818 0.349852 0.402447 0.477837 1.5434 0.477286 0.478242 0.392178 0.551375 0.348103 1.31648 0.469867 0.544886 0.390638 1.31532 0.414731 0.472146 0.427328 0.957404 0.410327 0.410792
Testing:
Lab Growth Rates:
1.483 1.483 1.483
Dot Production Prediction of Lab Growth Rates:
1.30787 1.2818 1.28792
Best performance so far: 
Obj: 4.67734e-310Rho: 2.26291e-314Diff: 4.67734e-310
Anneal again with the best G and E so far as input
Cycle 2Round 1
Iter 500000 pBad 0.819311 T 0.00116686 Obj 1.04252 Rho 0 GRdif 24.4028 success 110946 failure 10699 obj_new 1.04252 SA_pAcc 1 Delta -0.0399962 SA_r 0.249061 freedomratio 0.263845
Iter 1000000 pBad 0.738433 T 0.000348559 Obj 1.03491 Rho 0 GRdif 20.1457 success 218977 failure 27940 obj_new 1.03498 SA_pAcc 0.824751 Delta -0.0130975 SA_r 0.960924 freedomratio 0.268192
Iter 1500000 pBad 0.655946 T 0.00010412 Obj 1.02581 Rho 0 GRdif 14.9351 success 325493 failure 48938 obj_new 1.02581 SA_pAcc 1 Delta 0.0143173 SA_r 0.428659 freedomratio 0.259522
Iter 2000000 pBad 0.566338 T 3.11022e-05 Obj 1.02093 Rho 0 GRdif 12.141 success 428474 failure 78733 obj_new 1.02093 SA_pAcc 1 Delta 0.00816772 SA_r 0.631307 freedomratio 0.260676
Iter 2500000 pBad 0.402963 T 9.2907e-06 Obj 1.01767 Rho 0 GRdif 10.2651 success 528884 failure 113995 obj_new 1.01767 SA_pAcc 0.976838 Delta -0.00880052 SA_r 0.00659611 freedomratio 0.260444
Iter 3000000 pBad 0.306706 T 2.77528e-06 Obj 1.01361 Rho 0 GRdif 7.922 success 619894 failure 168906 obj_new 1.01361 SA_pAcc 1 Delta -0.0139181 SA_r 0.903877 freedomratio 0.249468
Iter 3500000 pBad 0.240615 T 8.29017e-07 Obj 1.01044 Rho 0 GRdif 6.08768 success 700615 failure 250085 obj_new 1.01044 SA_pAcc 1 Delta 0.0217109 SA_r 0.718503 freedomratio 0.248938
Iter 4000000 pBad 0.122837 T 2.4764e-07 Obj 1.0093 Rho 0 GRdif 5.42742 success 763793 failure 370396 obj_new 1.0093 SA_pAcc 0.082061 Delta -0.00667948 SA_r 0.0790948 freedomratio 0.226168
Iter 4500000 pBad 0.0683685 T 7.39739e-08 Obj 1.00871 Rho 0 GRdif 5.08447 success 809466 failure 544050 obj_new 1.00871 SA_pAcc 1 Delta 0.00046167 SA_r 0.253732 freedomratio 0.204395
Iter 5000000 pBad 0.0304695 T 2.20971e-08 Obj 1.00852 Rho 0 GRdif 4.98995 success 835956 failure 779969 obj_new 1.00855 SA_pAcc 0 Delta 0.00293234 SA_r 0.175591 freedomratio 0.182441
Iter 5500000 pBad 0.0193581 T 6.60075e-09 Obj 1.00843 Rho 0 GRdif 4.91654 success 853145 failure 1056974 obj_new 1.00843 SA_pAcc 0.000454125 Delta -0.000275487 SA_r 0.911408 freedomratio 0.170349
Iter 6000000 pBad 0.00702383 T 1.97175e-09 Obj 1.00836 Rho 0 GRdif 4.88139 success 865663 failure 1365276 obj_new 1.00836 SA_pAcc 0.000107261 Delta -0.000280336 SA_r 0.268901 freedomratio 0.159326
Iter 6500000 pBad 0.00457371 T 5.88991e-10 Obj 1.00834 Rho 0 GRdif 4.86929 success 873071 failure 1697069 obj_new 1.00834 SA_pAcc 2.15571e-09 Delta -0.000293855 SA_r 0.897236 freedomratio 0.155191
Iter 7000000 pBad 0.00242144 T 1.75941e-10 Obj 1.00834 Rho 0 GRdif 4.86595 success 878013 failure 2042664 obj_new 1.00834 SA_pAcc 0 Delta 7.54016e-05 SA_r 0.121455 freedomratio 0.150914
Iter 7500000 pBad 0.00122383 T 5.25562e-11 Obj 1.00833 Rho 0 GRdif 4.86174 success 882449 failure 2396777 obj_new 1.00833 SA_pAcc 0 Delta -0.000112216 SA_r 0.703146 freedomratio 0.14892
Iter 8000000 pBad 0.00140744 T 1.56993e-11 Obj 1.00833 Rho 0 GRdif 4.86038 success 887394 failure 2757593 obj_new 1.00833 SA_pAcc 0 Delta 2.33679e-05 SA_r 0.692355 freedomratio 0.145844
Iter 8500000 pBad 1.00546e-14 T 4.68963e-12 Obj 1.00832 Rho 0 GRdif 4.85806 success 891046 failure 3106574 obj_new 1.00832 SA_pAcc 1 Delta -1.67236e-17 SA_r 0.892867 freedomratio 0.138436
Iter 9000000 pBad 3.72342e-39 T 1.40086e-12 Obj 1.00832 Rho 0 GRdif 4.85806 success 891046 failure 3411709 obj_new 1.00832 SA_pAcc 0 Delta -1.26588e-41 SA_r 0.754852 freedomratio 0.13811
Iter 9500000 pBad 7.69037e-134 T 4.1846e-13 Obj 1.00832 Rho 0 GRdif 4.86272 success 891046 failure 3716250 obj_new 1.00833 SA_pAcc 0 Delta 4.59526e-135 SA_r 0.182491 freedomratio 0.138142
Good enough
iter 8.41835e+06 obj1.00832 rho 0 GRdif 4.85806
Training:
Lab Growth Rates:
1.66 0.301 0.58 0.71 0.37 0.47 0.19 0.22 0.6 0.635 0.47 0.53 0.53 0.59 0.5 0.5 0.37 0.4 0.724 0.6 0.55 0.42 0.2 1.345 0.901 0.53 0.686 0.5 0.54 0.3 0.33 0.5 0.7 0.47 1.483 0.53 0.23 0.58 0.5 0.54 0.36 0.65 0.46 0.52 1.248 0.4 0.49 0.39 0.4 0.42 0.52 0.36 0.22 0.46 0.42 0.47 1.05 0.58 0.4 0.32 1.483 0.648 0.54 0.52 0.1 0.25 1.483 0.55 0.52 0.59 1.4 0.5 0.1 0.5 0.485 0.17 0.4 0.46 0.51 0.52 1.05 0.22 0.4 0.25 0.1 0.42 0.48 0.4 0.1 0.47 0.59 0.56 0.53 0.23 0.54 0.26 0.4 0.56 0.5 0.25 0.46 0.48 0.54 0.4 1.44 0.686 0.11 0.31 0.65 0.42 0.45 0.42 0.47 0.36 0.48 0.47 1.345 0.54 0.4 0.27 0.465 0.762 0.3 0.4 0.37 1.67 0.55 0.1 0.54 0.4 0.4 0.45 0.39 0.901 0.43 0.3 0.52 0.48 1.49 0.481 0.42 0.54 0.59 0.59 0.45 0.43 0.47 0.4 0.48 0.47 0.485 0.46 0.4 0.54 1.345 0.648 0.52 0.37 0.26 0.38 0.47 0.5 0.25 0.43 0.45 0.53 0.46 0.3 0.52 0.56 0.637 0.25 0.4 0.42 0.45 0.39 0.42 0.59 0.4 0.53 0.4 0.54 0.56 0.4 0.481 1.05 0.23 0.56 0.48 0.39 0.54 0.4 0.4 0.32 0.47 0.42 0.54 0.68 0.5 0.3 0.4 0.41 1.248 1.483 0.4 1.46 0.58 0.56 0.41 0.3 0.53 1.43 1.67 0.4 0.37 0.58 0.41 0.55 1.248 0.42 0.4 0.476 0.56 0.59 1.345 0.23 0.65 0.34 0.4 1.345 0.46 0.47 0.5 0.4 0.5 0.49 0.4 0.54 0.58 0.38 0.55 0.17 0.5 0.43 0.47 0.48 0.636 0.17 0.5 0.23 0.5 0.4 0.36 0.762 0.33 0.59 0.45 0.4 0.4 1.46 0.4 0.4 0.46 0.53 0.5 0.56 0.58 0.4 0.14 0.637 0.27 0.37 0.33 0.59 0.54 1.38 0.68 0.26 0.5 0.5 0.46 0.45 0.38 0.54 0.41 0.2 0.52 0.46 0.37 0.301 0.6 0.59 0.4 0.41 0.55 0.09 0.55 0.46 0.54 0.485 0.19 0.43 0.59 0.38 1.248 0.635 0.1 0.51 0.4 0.4 0.46 0.43 0.45 0.47 1.483 0.724 0.54 0.901 0.47 0.58 0.4 0.59 0.22 0.4 0.4 0.1 0.42 0.4 0.53 1.03 0.27 0.56 0.53 0.54 0.47 1.345 0.33 0.47 0.476 0.5 0.22 0.1 1.05 0.58 0.58 0.3 0.5 0.377 0.09 1.66 0.37 0.4 0.5 0.68 0.4 0.4 1.35 0.3 0.47 0.4 0.3 0.34 0.68 0.37 0.42 0.485 0.65 0.45 0.7 0.901 0.648 0.56 0.45 0.46 0.42 0.45 0.7 0.617 1.345 0.3 0.37 0.37 0.47 0.4 0.52 0.4 0.59 1.483 0.5 0.65 0.43 0.19 0.5 0.52 0.54 0.33 0.56 0.686 0.45 0.635 0.4 0.54 0.33 0.5 0.36 0.41 0.59 0.762 0.32 0.56 0.52 0.5 0.42 0.09 0.31 0.58 0.55 0.4 1.46 0.4 0.56 0.4 0.58 0.14 0.5 0.377 0.46 0.58 0.4 0.55 0.58 0.5 0.51 0.68 0.56 0.47 0.3 0.3 0.54 0.1 0.46 0.41 0.54 0.37 0.37 0.27 0.56 0.65 0.58 0.45 0.5 0.637 0.5 0.55 0.45 0.71 0.4 0.46 0.4 0.54 0.58 0.37 0.23 0.23 0.4 0.4 0.55 1.345 1.345 0.27 0.54 0.56 0.45 0.11 0.636 0.36 0.58 0.56 0.6 0.33 0.71 0.27 0.56 0.5 0.23 1.483 0.54 0.724 0.55 0.48 0.53 0.465 0.25 0.39 0.4 0.47 0.3 0.46 0.4 0.39 0.4 0.48 0.58 0.25 0.65 0.33 1.345 0.41 0.5 0.33 0.45 0.54 0.37 0.7 0.481 0.38 0.47 1.248 0.34 0.41 0.22 0.54 0.42 0.43 0.59 0.42 0.5 1.483 0.58 0.36 1.42 1.46 1.05 0.5 1.345 0.45 0.636 0.11 0.53 0.43 0.46 0.58 0.43 0.53 0.3 0.43 0.65 1.43 0.762 0.4 0.301 0.25 0.42 0.4 0.43 0.476 0.47 0.2 0.31 0.901 0.5 0.46 0.58 0.36 0.65 0.53 0.47 0.4 0.46 0.45 0.22 0.465 0.49 0.23 0.54 1.345 0.22 0.59 0.4 1.483 0.36 0.377 0.46 0.901 0.37 0.45
Dot Production Prediction of Lab Growth Rates:
1.487 0.502868 0.386976 0.684537 0.401079 0.38674 0.284795 0.410765 0.606694 0.685262 0.351124 0.462632 0.526082 0.559679 0.475457 0.365945 0.372258 0.336099 0.694073 0.63076 0.489736 0.321764 0.350634 1.35723 0.903314 0.546393 0.690591 0.572475 0.344963 0.546427 0.299667 0.483955 0.806573 0.359589 1.34086 0.51639 0.426277 0.474579 0.536836 0.459745 0.360029 0.665991 0.29984 0.368917 0.875394 0.328665 0.382628 0.293501 0.331309 0.551624 0.402665 0.332575 0.386102 0.345127 0.341613 0.345049 1.06556 0.477912 0.329849 0.345976 1.30621 0.670658 0.311598 0.323095 1.47415 0.328711 1.32254 0.544891 0.337516 0.555264 1.39994 0.354017 0.335546 0.729077 0.496062 0.257682 0.327962 0.513697 0.372211 0.357212 1.04997 0.488399 0.326341 0.976486 1.36286 0.583814 0.344681 0.329751 1.79552 0.39034 0.301799 0.473354 0.309734 0.555154 0.480901 0.568379 0.32278 0.550306 0.478185 0.335313 0.348977 0.316525 0.470283 0.310427 1.46662 0.685364 0.329199 0.618186 0.663226 0.390665 0.365069 0.303989 0.386708 0.362797 0.360123 0.433114 1.36302 0.381207 0.361936 0.572591 0.493057 0.828025 0.461351 0.324882 0.414939 1.46227 0.551469 0.41863 0.389954 0.327118 0.329311 0.380072 0.316816 0.902804 0.407768 0.369419 0.346547 0.338389 1.48996 0.491814 0.315339 0.535787 0.328865 0.30555 0.372249 0.307351 0.439375 0.327716 0.340805 0.334656 0.491267 0.465573 0.3282 0.393486 1.39367 0.675347 0.402117 0.408121 0.378976 0.295402 0.358221 0.483804 0.540699 0.376152 1.38041 0.53653 0.456602 0.614482 0.343979 0.531055 0.683745 0.345647 0.327156 0.289925 1.41035 0.335726 0.356466 0.295466 0.322006 0.309613 0.310933 0.553702 0.548815 0.311455 0.490852 1.35221 0.425355 0.553418 0.268597 0.295716 0.533979 0.336062 0.324662 0.312866 0.27932 0.319174 0.35341 0.378795 0.476155 0.23851 0.325451 0.387849 0.876635 1.3513 0.333215 1.40702 0.475871 0.556779 0.362412 0.508444 0.377625 1.17361 1.35069 0.337604 0.397232 0.475139 0.495922 0.492244 0.87619 0.334477 0.333483 0.495136 0.478705 0.363718 1.34525 0.555395 0.636398 0.302194 0.328296 1.32395 0.508355 0.335087 0.566562 0.321617 0.318752 0.390841 0.31879 0.326633 0.47054 0.371412 0.548678 0.291414 0.339101 0.38006 0.366712 0.287541 0.695575 0.38916 0.743556 0.5488 0.338847 0.32932 0.358987 0.828947 0.343063 0.550215 1.38241 0.317789 0.319064 1.05737 0.325388 0.325679 0.404378 0.524141 0.542461 0.552404 0.337308 0.327236 0.318358 0.68394 0.326868 0.405736 0.435617 0.560724 0.541832 1.25243 0.376355 0.425657 0.384692 0.820297 0.424136 1.41999 0.378805 0.560101 0.498911 0.343694 0.363937 0.43697 0.536308 0.502128 0.587363 0.332101 0.328222 0.398902 0.487757 0.353968 0.474776 0.340692 0.322737 0.494958 0.277744 0.343349 0.550559 0.293015 0.870788 0.682715 1.50947 0.405039 0.316237 0.324593 0.495466 0.371778 0.318573 0.3676 1.36613 0.690337 0.533426 0.851278 0.335913 0.474491 0.328306 0.550328 0.485297 0.314727 0.329 1.77044 0.326972 0.313976 0.551013 1.22175 0.368679 0.471617 0.419513 0.382369 0.342239 1.33964 0.354659 0.324842 0.49568 0.644588 0.480823 0.960022 1.04537 0.321525 0.4724 0.602345 0.32641 0.491305 0.435703 1.50464 0.413772 0.333144 0.789598 0.371994 0.328143 0.328221 1.12543 0.556125 0.417306 0.321942 0.309298 0.34026 0.376161 0.418028 0.556503 0.488199 0.631199 0.329632 0.800814 0.901762 0.674164 0.473539 0.414328 0.424664 0.35271 0.368942 0.801657 0.625061 1.33316 0.350793 0.401609 0.410585 0.338041 0.322193 0.386912 0.315321 0.298483 1.33693 0.33215 0.658938 0.343901 0.278956 0.824218 0.352398 0.353178 0.468279 0.559994 0.690173 0.317169 0.685848 0.32968 0.35016 0.307475 0.753765 0.34095 0.356062 0.33996 0.82354 0.309365 0.551922 0.358994 0.438093 0.347515 0.37559 0.592652 0.377761 0.545812 0.319336 1.09474 0.32517 0.473936 0.335733 0.477548 0.319413 0.362605 0.497048 0.309557 0.453348 0.339761 0.496955 0.478593 0.814717 0.400285 0.378099 0.556532 0.387397 0.63881 0.574681 0.467162 0.428313 0.33839 0.3266 0.359192 0.282591 0.420069 0.355301 0.528868 0.649801 0.285556 0.375582 0.476134 0.678505 0.713307 0.554181 0.395971 0.690283 0.337828 0.467937 0.308069 0.4717 0.379241 0.41921 0.425265 0.561361 0.324076 0.340247 0.556674 1.34442 1.38806 0.359769 0.465756 0.47822 1.46859 0.347964 0.694375 0.315985 0.372406 0.559523 0.584706 0.322639 0.688135 0.272053 0.559616 0.786035 0.545964 1.35644 0.547859 0.693682 0.493169 0.293051 0.406951 0.495518 1.43682 0.319077 0.327839 0.369144 0.238408 0.469849 0.335439 0.337557 0.318986 0.317462 0.478545 0.297125 0.623907 0.299561 1.32987 0.49886 0.537479 0.485353 0.333791 0.281182 0.369956 0.808547 0.493548 0.275535 0.347531 0.874361 0.318392 0.338428 0.339516 0.343365 0.32403 0.37929 0.335151 0.326408 0.328069 1.31824 0.355144 0.328621 1.4757 1.0626 1.07177 0.668839 1.37485 1.44524 0.690715 0.381216 0.527058 0.346066 0.37168 0.323918 0.441983 0.299958 0.241096 0.368328 0.64545 1.19627 0.825508 0.332568 0.502759 0.4892 0.305582 0.329064 0.425253 0.496172 0.358427 0.34797 0.592459 0.900459 0.340761 0.46344 0.477443 0.398472 0.653047 0.362228 0.358879 0.337652 0.469822 1.48996 0.483753 0.497344 0.389942 0.564134 0.321798 1.36359 0.477886 0.545715 0.312765 1.33598 0.399554 0.490666 0.426438 0.900974 0.401977 0.35334
Testing:
Lab Growth Rates:
1.483 1.483 1.483
Dot Production Prediction of Lab Growth Rates:
1.31029 1.31045 1.2982
Best performance so far: 
Obj: 4.67734e-310Rho: 6.5069e-314Diff: 4.67734e-310
Test:
 Lab Growth Rates:
1.483 1.483 1.483Dot Product Prediction of Growth Rate:
1.310292 1.310447 1.298199