seed =  5 traits =  1 
Training: part  160 
Training: part  160 
Round  1 
 Goal of obj  0.99 
Temperature range:  0.009765625 3.90625e-14 
Cycle 1Round 1
Iter 500000 pBad 0.895608 T 0.00262908 Obj 1.10817 Rho 0 GRdif 60.1903 success 147938 failure 6050 obj_new 1.10817 SA_pAcc 1 Delta -0.00227534 SA_r 0.964389 freedomratio 0.37516
Iter 1000000 pBad 0.798806 T 0.000707794 Obj 1.04912 Rho 0 GRdif 28.0973 success 292705 failure 20019 obj_new 1.04912 SA_pAcc 1.01189 Delta -0.0036422 SA_r 0.843936 freedomratio 0.3528
Iter 1500000 pBad 0.733106 T 0.000190551 Obj 1.0298 Rho 0 GRdif 17.2077 success 434282 failure 41515 obj_new 1.0298 SA_pAcc 1.05627 Delta -0.0714147 SA_r 0.277308 freedomratio 0.357753
Iter 2000000 pBad 0.633568 T 5.12995e-05 Obj 1.02259 Rho 0 GRdif 13.0917 success 574259 failure 67316 obj_new 1.02259 SA_pAcc 1 Delta -0.0347031 SA_r 0.788587 freedomratio 0.361282
Iter 2500000 pBad 0.566039 T 1.38107e-05 Obj 1.01669 Rho 0 GRdif 9.69829 success 711034 failure 99753 obj_new 1.01669 SA_pAcc 1 Delta -0.014791 SA_r 0.297572 freedomratio 0.364201
Iter 3000000 pBad 0.336085 T 3.71808e-06 Obj 1.01235 Rho 0 GRdif 7.1932 success 838235 failure 150043 obj_new 1.01235 SA_pAcc 1.19711 Delta 0.0238656 SA_r 0.290861 freedomratio 0.347156
Iter 3500000 pBad 0.256523 T 1.00097e-06 Obj 1.0091 Rho 0 GRdif 5.31054 success 943032 failure 244871 obj_new 1.0091 SA_pAcc 1 Delta -0.00981802 SA_r 0.309342 freedomratio 0.338533
Iter 4000000 pBad 0.142433 T 2.69479e-07 Obj 1.00828 Rho 0 GRdif 4.83316 success 1022927 failure 392220 obj_new 1.00828 SA_pAcc 0.416562 Delta -0.0136353 SA_r 0.896532 freedomratio 0.299438
Iter 4500000 pBad 0.0657044 T 7.25485e-08 Obj 1.00776 Rho 0 GRdif 4.52921 success 1080351 failure 595316 obj_new 1.00776 SA_pAcc 0.00211985 Delta -0.00625091 SA_r 0.61024 freedomratio 0.261141
Iter 5000000 pBad 0.028245 T 1.95313e-08 Obj 1.00759 Rho 0 GRdif 4.42951 success 1111630 failure 870354 obj_new 1.00759 SA_pAcc 0.798376 Delta 0.0020223 SA_r 0.584689 freedomratio 0.229085
Iter 5500000 pBad 0.01444 T 5.25816e-09 Obj 1.00753 Rho 0 GRdif 4.39621 success 1128826 failure 1192116 obj_new 1.00753 SA_pAcc 4.52041e-304 Delta -0.00140147 SA_r 0.524993 freedomratio 0.209585
Iter 6000000 pBad 0.00704647 T 1.41559e-09 Obj 1.00751 Rho 0 GRdif 4.3826 success 1138566 failure 1542868 obj_new 1.00751 SA_pAcc 5.83306e-102 Delta -0.000517347 SA_r 0.350941 freedomratio 0.200548
Iter 6500000 pBad 0.002706 T 3.81101e-10 Obj 1.0075 Rho 0 GRdif 4.37741 success 1143887 failure 1912535 obj_new 1.0075 SA_pAcc 1 Delta -0.000117308 SA_r 0.722996 freedomratio 0.193527
Iter 7000000 pBad 0.001667 T 1.02599e-10 Obj 1.00749 Rho 0 GRdif 4.37585 success 1147069 failure 2292716 obj_new 1.0075 SA_pAcc 0 Delta -2.80933e-06 SA_r 0.93177 freedomratio 0.189951
Iter 7500000 pBad 0.000408277 T 2.76214e-11 Obj 1.00749 Rho 0 GRdif 4.37473 success 1149124 failure 2678755 obj_new 1.00749 SA_pAcc 1.78277e-43 Delta 2.93014e-05 SA_r 0.17347 freedomratio 0.188243
Iter 8000000 pBad 0.000351931 T 7.43617e-12 Obj 1.00749 Rho 0 GRdif 4.37432 success 1150783 failure 3068855 obj_new 1.00749 SA_pAcc 1.57852e-58 Delta 1.48388e-05 SA_r 0.66009 freedomratio 0.185855
Iter 8500000 pBad 0.000252741 T 2.00195e-12 Obj 1.00749 Rho 0 GRdif 4.37397 success 1153318 failure 3461880 obj_new 1.00749 SA_pAcc 1.32002e-19 Delta -2.1148e-06 SA_r 0.624171 freedomratio 0.182157
Iter 9000000 pBad 8.49748e-14 T 5.38958e-13 Obj 1.00749 Rho 0 GRdif 4.37398 success 1157200 failure 3827241 obj_new 1.00749 SA_pAcc 0 Delta 5.74066e-15 SA_r 0.0866684 freedomratio 0.172252
Iter 9500000 pBad 1.11198e-102 T 1.45097e-13 Obj 1.00749 Rho 0 GRdif 4.38349 success 1157200 failure 4138164 obj_new 1.00751 SA_pAcc 0 Delta -2.49697e-104 SA_r 0.516045 freedomratio 0.173681
Iter 10000000 pBad 1.01438e-142 T 3.90626e-14 Obj 1.00749 Rho 0 GRdif 4.37626 success 1157200 failure 4454457 obj_new 1.0075 SA_pAcc 0 Delta 9.60048e-144 SA_r 0.42623 freedomratio 0.119836
Cannot move further
iter 8.94166e+06 obj1.00749 rho 0 GRdif 4.37387
Training:
Lab Growth Rates:
0.4 0.42 0.45 0.59 0.377 0.43 0.42 1.43 0.38 0.4 0.53 0.38 0.56 0.56 0.46 0.45 0.23 0.27 0.55 1.345 0.4 0.47 0.4 1.483 0.37 0.52 0.52 0.1 0.25 0.68 0.58 0.46 0.11 0.56 1.05 0.46 0.41 0.47 0.31 0.47 0.51 0.43 0.637 0.762 0.54 0.5 0.4 0.52 0.1 0.26 0.4 0.42 0.53 0.56 0.45 0.55 0.4 0.45 1.248 0.53 0.43 0.55 0.52 0.23 0.3 1.67 0.48 0.19 0.3 0.724 0.48 0.56 0.7 0.32 0.48 0.54 0.48 0.26 0.5 0.636 0.3 0.33 0.686 0.46 0.47 0.45 0.53 0.59 0.36 1.248 0.58 0.45 0.39 0.52 0.37 0.22 0.5 0.53 0.901 0.4 0.49 0.37 0.36 0.5 0.648 0.5 0.6 0.45 0.6 0.4 0.1 0.46 0.37 0.4 0.1 0.33 0.47 1.345 0.65 0.56 0.55 0.59 0.54 0.42 0.68 0.5 0.42 0.54 0.42 0.27 0.37 0.27 0.5 1.248 0.3 1.483 0.4 0.1 0.47 1.248 0.33 0.54 1.483 1.44 0.56 0.58 0.7 0.54 0.52 0.65 0.4 0.5 0.55 0.3 0.39 0.4 0.33 1.483 0.25 0.465 0.59 1.05 0.42 0.48 0.37 1.345 0.52 0.56 0.3 0.481 0.4 0.53 0.55 0.46 0.54 0.46 0.17 0.19 0.5 0.686 0.36 1.483 0.4 0.46 0.39 0.5 0.54 0.5 0.43 0.54 0.22 0.58 0.5 0.481 0.53 0.485 0.47 0.47 0.25 0.65 1.49 0.54 0.5 0.5 0.41 0.2 0.56 0.54 0.6 0.43 0.54 0.43 0.33 0.22 0.4 0.45 0.39 0.23 0.51 1.05 0.37 0.49 0.46 0.31 0.2 0.37 0.46 0.11 0.4 0.47 0.648 0.901 0.465 0.54 0.5 0.5 0.4 0.42 0.33 0.4 0.37 0.23 0.3 0.56 0.53 1.46 0.38 0.22 1.345 0.1 0.45 0.54 0.52 0.42 0.4 0.635 1.46 0.5 0.14 0.5 0.4 0.3 1.42 0.4 0.4 0.17 0.4 0.39 0.45 0.46 1.38 0.45 0.485 0.59 0.58 0.5 0.47 1.483 0.5 0.46 0.4 0.42 0.59 0.54 0.54 1.345 0.53 0.724 0.54 0.65 0.42 0.7 0.47 0.58 0.4 0.41 0.25 0.37 0.59 0.485 0.301 0.48 0.58 0.33 0.36 0.4 0.4 0.25 0.45 0.45 0.49 0.762 0.762 0.54 0.34 0.4 0.4 0.46 0.46 1.67 0.4 0.901 1.483 1.345 0.34 0.45 0.65 0.46 0.724 0.17 0.39 0.637 0.901 0.43 0.5 0.54 0.22 0.4 0.53 0.55 0.41 0.37 0.55 1.05 1.05 0.58 0.22 0.68 0.68 0.32 0.5 0.59 0.34 0.377 0.27 0.4 0.47 0.33 0.4 0.59 0.46 0.4 0.65 0.4 0.7 0.377 0.476 0.58 0.59 0.56 0.58 0.52 0.617 0.42 0.37 0.71 0.5 0.58 0.4 0.47 0.47 0.53 0.301 0.58 0.59 0.1 0.481 0.2 0.27 0.42 0.43 0.41 0.4 1.66 0.5 0.58 0.4 0.301 0.4 0.23 1.345 0.42 0.43 0.58 0.53 0.3 0.465 0.36 0.56 0.55 0.42 0.762 0.52 0.476 0.476 1.35 0.4 0.54 0.4 0.46 0.47 0.38 0.5 0.4 0.4 0.14 0.37 0.59 0.4 0.23 0.56 0.59 0.59 0.54 0.5 0.4 1.345 0.36 0.4 0.4 0.68 0.54 0.65 0.25 0.5 0.65 0.48 0.5 0.48 0.3 1.483 0.5 0.43 0.59 0.47 0.4 0.26 0.54 0.32 0.4 1.46 0.53 0.54 0.25 0.48 0.55 0.3 0.36 0.58 0.4 0.41 0.4 0.37 0.4 1.4 0.47 0.4 1.46 0.6 0.56 0.43 0.54 0.65 0.4 0.54 0.901 0.635 0.46 0.56 0.46 0.648 0.52 0.3 0.55 0.58 0.5 0.5 0.53 0.637 0.36 0.53 0.22 0.686 0.636 0.43 0.4 1.483 0.11 0.47 0.58 0.58 1.248 0.58 0.23 0.47 0.42 0.46 0.37 0.47 0.41 0.56 0.25 1.345 0.59 0.45 0.47 0.4 1.03 0.45 0.485 0.4 0.56 0.36 0.45 0.33 1.345 0.901 0.5 0.41 0.42 0.4 0.47 0.54 0.5 0.4 0.54 0.636 0.3 0.71 0.46 0.19 0.52 0.45 0.4 0.4 0.1 0.27 1.66 1.345 1.483 0.3 0.23 1.483 0.55 0.22 0.56 0.37 1.43 0.71 0.23 0.4 0.42 0.38 0.47 0.635 0.58 0.31 0.45 0.51 1.483 0.1 0.47 1.345 0.41 0.58 0.5
Dot Production Prediction of Lab Growth Rates:
0.399504 0.328587 1.60709 0.414558 0.477123 0.385381 0.642404 1.30315 0.333521 0.40225 0.356736 0.383608 0.545768 0.531775 0.399779 0.377341 0.536528 0.608581 0.437294 1.15943 0.401951 0.357581 0.401395 1.0728 0.410368 0.403144 0.390211 0.472705 0.371082 0.55329 0.468615 0.293805 0.333511 0.543862 1.54485 0.453257 0.343527 0.440846 0.582315 0.348192 0.384867 0.465596 0.704972 0.773547 0.55621 0.371753 0.393949 0.359853 0.465707 0.489721 0.395083 0.619014 0.529083 0.538806 1.49183 0.556411 0.398911 0.43559 0.836317 0.526929 0.425519 0.429833 0.383625 0.535236 0.441249 1.51983 0.311997 0.331946 0.46893 0.724018 0.313799 0.544522 0.695563 0.323806 0.33291 0.418427 0.345324 0.385758 0.468776 0.711806 0.428968 0.311054 0.72208 0.378732 0.384306 0.379727 0.546881 0.54681 0.386533 0.837094 0.464569 0.398714 0.33669 0.389459 0.401003 0.455765 0.352654 0.535056 0.929991 0.405559 0.37252 0.408719 0.36018 0.548437 0.711962 0.653051 0.448967 1.50491 0.444425 0.403466 0.939079 0.548412 0.405488 0.389247 1.05404 0.367967 0.430183 1.13778 0.683154 0.468819 0.433694 0.358976 0.365142 0.35816 0.54828 0.415696 0.36306 0.362867 0.391782 0.364936 0.456535 0.366145 0.544743 0.841735 0.481488 1.09484 0.395197 1.20224 0.357998 0.83234 0.326796 0.545055 1.05642 1.62208 0.464129 0.390797 0.700141 0.364555 0.399661 0.649874 0.383839 0.46733 0.412692 0.425914 0.319466 0.404312 0.325618 1.0902 1.55804 0.48191 0.368824 1.05603 0.376782 0.358138 0.401268 1.07119 0.395876 0.542024 0.3411 0.477003 0.401981 0.296588 0.551192 0.466844 0.424708 0.428804 0.336099 0.318286 0.547035 0.726489 0.35278 1.12512 0.398257 0.453175 0.300912 0.535622 0.389183 0.641209 0.366617 0.438152 0.452842 0.462014 0.395822 0.47719 0.558408 0.47887 0.507254 0.418802 0.324742 0.649993 1.60709 0.315057 0.311186 0.525263 0.394382 0.383255 0.46611 0.532511 0.467626 0.393518 0.430212 0.431862 0.480021 0.465814 0.40013 1.50892 0.320628 0.424279 0.417892 1.05 0.564726 0.371737 0.46753 0.582258 0.436653 0.427883 0.565688 0.376691 0.398222 0.348593 0.712885 0.900438 0.48218 0.395359 0.466877 0.651282 0.396593 0.318239 0.530462 0.405499 0.415895 0.538612 0.396757 0.535544 0.536726 1.57203 0.330207 0.459917 1.12223 0.931637 0.433998 0.421168 0.347053 0.392632 0.352827 0.713511 1.04047 0.325992 0.139954 0.476507 0.401875 0.353354 1.57326 0.404065 0.399753 0.435706 0.407764 0.362929 0.356425 0.528517 1.37291 0.378122 0.475045 0.327908 0.37102 0.555014 0.436647 1.04718 0.625307 0.297516 0.390342 0.341798 0.317384 0.538132 0.541212 1.14508 0.430815 0.722874 0.409656 0.649875 0.334475 0.695408 0.41946 0.309835 0.401303 0.37242 0.52717 0.325408 0.546347 0.473256 0.478632 0.337847 0.372123 0.366534 0.338875 0.394354 0.40496 0.384678 0.358319 1.52501 0.389852 0.761999 0.77829 0.417956 0.338683 0.419607 0.402995 0.354828 0.32893 1.42376 0.396762 0.90156 1.11333 1.12122 0.328445 1.51697 0.636719 0.434567 0.720367 0.335083 0.340255 0.711574 0.901004 0.349783 0.381743 0.407792 0.366326 0.403157 0.339107 0.55791 0.481835 0.417007 0.549302 1.04618 1.05 0.465716 0.451755 0.552594 0.547191 0.311679 0.324677 0.552463 0.314524 0.476944 0.315846 0.386974 0.474636 0.37823 0.40383 0.434837 0.465123 0.402589 0.620812 0.402513 0.700129 0.476154 0.481866 0.366698 0.546853 0.531671 0.455992 0.385025 0.617322 0.635485 0.407425 0.721921 0.545215 0.471708 0.40344 0.426685 0.400988 0.536623 0.48088 0.336059 0.547438 0.734145 0.475956 0.43845 0.391747 0.367656 0.354492 0.327657 0.388581 1.66 0.322296 0.464132 0.382212 0.47791 0.400015 0.425037 1.10599 0.300385 0.380579 0.466127 0.414318 0.308628 0.477889 0.348418 0.477479 0.434493 0.349086 0.765105 0.372976 0.482181 0.479402 1.14758 0.398272 0.384077 0.401233 0.456523 0.354924 0.378674 0.521797 0.400473 0.391433 0.140019 0.413649 0.3475 0.393583 0.527717 0.54949 0.550075 0.552656 0.445959 0.577411 0.399522 1.0771 0.360947 0.405547 0.39265 0.55332 0.431587 0.685337 0.38524 0.61945 0.650012 0.306246 0.47417 0.336183 0.300188 1.09173 0.527575 0.437493 0.332064 0.360576 0.401983 0.61975 0.40301 0.351471 0.403594 1.0523 0.407519 0.539154 0.572189 0.311195 0.547548 0.299166 0.341064 0.462607 0.402544 0.481037 0.401095 0.406477 0.396444 1.46351 0.445102 0.404809 1.03729 0.443725 0.466126 0.426672 0.531908 0.661575 0.403764 0.308772 0.904843 0.712109 0.466086 0.461821 0.363426 0.70556 0.400263 0.423523 0.550021 0.470031 0.356822 0.314101 0.513526 0.70864 0.426558 0.365843 0.463244 0.7263 0.723756 0.452096 0.402815 1.05653 0.36544 0.388001 0.327489 0.470625 0.833846 0.365252 0.424783 0.426994 0.361873 0.458185 0.40883 0.378817 0.383449 0.541845 0.720791 1.11611 0.357305 0.360688 0.500371 0.405077 1.36435 0.338331 0.479751 0.399216 0.537574 0.415338 1.59695 0.443656 1.03335 0.794133 0.459556 0.477677 0.349476 0.405189 0.352786 0.347535 0.34713 0.391109 0.404874 0.722591 0.39481 0.725533 0.460018 0.31995 0.353543 0.404516 0.35168 0.406186 1.43325 0.414128 1.6399 1.08466 1.09117 0.450743 0.544503 1.11406 0.433116 0.384437 0.537329 0.41508 1.28989 0.719563 0.540643 0.404769 0.353768 0.342607 0.42711 0.707764 0.376385 0.580684 0.350108 0.40713 1.1 0.384523 0.349525 1.11682 0.38597 0.460273 0.654532
Testing:
Lab Growth Rates:
0.09 0.09 0.09
Dot Production Prediction of Lab Growth Rates:
0.378761 0.446589 0.338488
Best performance so far: 
Obj: 4.67799e-310Rho: 2.26291e-314Diff: 4.67799e-310
Anneal again with the best G and E so far as input
Cycle 2Round 1
Iter 500000 pBad 0.85617 T 0.00262908 Obj 1.06786 Rho 0 GRdif 38.4761 success 115496 failure 7661 obj_new 1.06786 SA_pAcc 0.832542 Delta -0.0242978 SA_r 0.440208 freedomratio 0.277857
Iter 1000000 pBad 0.791065 T 0.000707794 Obj 1.04665 Rho 0 GRdif 26.7187 success 228218 failure 21531 obj_new 1.04665 SA_pAcc 1 Delta -0.0470122 SA_r 0.934813 freedomratio 0.276676
Iter 1500000 pBad 0.745892 T 0.000190551 Obj 1.03634 Rho 0 GRdif 20.9155 success 338931 failure 40619 obj_new 1.03634 SA_pAcc 0.815392 Delta -0.0178735 SA_r 0.814074 freedomratio 0.276807
Iter 2000000 pBad 0.689748 T 5.12995e-05 Obj 1.02443 Rho 0 GRdif 14.1432 success 447510 failure 65138 obj_new 1.02443 SA_pAcc 0.804975 Delta -0.030709 SA_r 0.730816 freedomratio 0.269549
Iter 2500000 pBad 0.561283 T 1.38107e-05 Obj 1.01836 Rho 0 GRdif 10.6612 success 551668 failure 100466 obj_new 1.01836 SA_pAcc 1.30578 Delta -0.0385983 SA_r 0.0326852 freedomratio 0.272305
Iter 3000000 pBad 0.404747 T 3.71808e-06 Obj 1.01465 Rho 0 GRdif 8.52161 success 652822 failure 140398 obj_new 1.01465 SA_pAcc 1 Delta -0.0303456 SA_r 0.819758 freedomratio 0.268684
Iter 3500000 pBad 0.250401 T 1.00097e-06 Obj 1.01086 Rho 0 GRdif 6.33223 success 740666 failure 210093 obj_new 1.01086 SA_pAcc 1 Delta -0.0100834 SA_r 0.86547 freedomratio 0.253899
Iter 4000000 pBad 0.13507 T 2.69479e-07 Obj 1.00948 Rho 0 GRdif 5.52708 success 812784 failure 316731 obj_new 1.00948 SA_pAcc 1 Delta 0.00111934 SA_r 0.914201 freedomratio 0.237343
Iter 4500000 pBad 0.0794726 T 7.25485e-08 Obj 1.00848 Rho 0 GRdif 4.9518 success 867981 failure 474006 obj_new 1.00849 SA_pAcc 2.35556e-22 Delta 0.00373859 SA_r 0.77122 freedomratio 0.210564
Iter 5000000 pBad 0.0451229 T 1.95313e-08 Obj 1.00811 Rho 0 GRdif 4.73901 success 902045 failure 698788 obj_new 1.00812 SA_pAcc 8.64473e-291 Delta 0.00356734 SA_r 0.552168 freedomratio 0.185502
Iter 5500000 pBad 0.0256006 T 5.25816e-09 Obj 1.00798 Rho 0 GRdif 4.67625 success 922570 failure 980309 obj_new 1.00801 SA_pAcc 0 Delta -0.000601171 SA_r 0.627521 freedomratio 0.170003
Iter 6000000 pBad 0.00991015 T 1.41559e-09 Obj 1.00792 Rho 0 GRdif 4.62155 success 936658 failure 1299109 obj_new 1.00792 SA_pAcc 1 Delta -0.000170734 SA_r 0.555906 freedomratio 0.157781
Iter 6500000 pBad 0.00589127 T 3.81101e-10 Obj 1.0079 Rho 0 GRdif 4.6094 success 943443 failure 1647078 obj_new 1.0079 SA_pAcc 1.37495e-07 Delta 0.000253129 SA_r 0.963112 freedomratio 0.153043
Iter 7000000 pBad 0.00457329 T 1.02599e-10 Obj 1.00788 Rho 0 GRdif 4.60246 success 950034 failure 2006409 obj_new 1.00788 SA_pAcc 0 Delta 0.000120447 SA_r 0.654844 freedomratio 0.14798
Iter 7500000 pBad 0.0013173 T 2.76214e-11 Obj 1.00788 Rho 0 GRdif 4.59753 success 956705 failure 2382338 obj_new 1.00788 SA_pAcc 0 Delta -1.2191e-05 SA_r 0.300578 freedomratio 0.142962
Iter 8000000 pBad 0.000793947 T 7.43617e-12 Obj 1.00787 Rho 0 GRdif 4.59558 success 960441 failure 2769987 obj_new 1.00787 SA_pAcc 0 Delta 2.64651e-05 SA_r 0.771816 freedomratio 0.139957
Iter 8500000 pBad 0.00153466 T 2.00195e-12 Obj 1.00787 Rho 0 GRdif 4.59417 success 965097 failure 3166211 obj_new 1.00787 SA_pAcc 1 Delta -9.43035e-05 SA_r 0.741719 freedomratio 0.137397
Iter 9000000 pBad 0.000345876 T 5.38958e-13 Obj 1.00787 Rho 0 GRdif 4.59307 success 971879 failure 3565195 obj_new 1.00787 SA_pAcc 1 Delta 2.47497e-05 SA_r 0.631651 freedomratio 0.132669
Iter 9500000 pBad 2.27821e-63 T 1.45097e-13 Obj 1.00787 Rho 0 GRdif 4.59281 success 974399 failure 3952469 obj_new 1.00787 SA_pAcc 0 Delta 5.27721e-66 SA_r 0.690258 freedomratio 0.130862
Good enough
iter 9.30679e+06 obj1.00787 rho 0 GRdif 4.5928
Training:
Lab Growth Rates:
0.4 0.42 0.45 0.59 0.377 0.43 0.42 1.43 0.38 0.4 0.53 0.38 0.56 0.56 0.46 0.45 0.23 0.27 0.55 1.345 0.4 0.47 0.4 1.483 0.37 0.52 0.52 0.1 0.25 0.68 0.58 0.46 0.11 0.56 1.05 0.46 0.41 0.47 0.31 0.47 0.51 0.43 0.637 0.762 0.54 0.5 0.4 0.52 0.1 0.26 0.4 0.42 0.53 0.56 0.45 0.55 0.4 0.45 1.248 0.53 0.43 0.55 0.52 0.23 0.3 1.67 0.48 0.19 0.3 0.724 0.48 0.56 0.7 0.32 0.48 0.54 0.48 0.26 0.5 0.636 0.3 0.33 0.686 0.46 0.47 0.45 0.53 0.59 0.36 1.248 0.58 0.45 0.39 0.52 0.37 0.22 0.5 0.53 0.901 0.4 0.49 0.37 0.36 0.5 0.648 0.5 0.6 0.45 0.6 0.4 0.1 0.46 0.37 0.4 0.1 0.33 0.47 1.345 0.65 0.56 0.55 0.59 0.54 0.42 0.68 0.5 0.42 0.54 0.42 0.27 0.37 0.27 0.5 1.248 0.3 1.483 0.4 0.1 0.47 1.248 0.33 0.54 1.483 1.44 0.56 0.58 0.7 0.54 0.52 0.65 0.4 0.5 0.55 0.3 0.39 0.4 0.33 1.483 0.25 0.465 0.59 1.05 0.42 0.48 0.37 1.345 0.52 0.56 0.3 0.481 0.4 0.53 0.55 0.46 0.54 0.46 0.17 0.19 0.5 0.686 0.36 1.483 0.4 0.46 0.39 0.5 0.54 0.5 0.43 0.54 0.22 0.58 0.5 0.481 0.53 0.485 0.47 0.47 0.25 0.65 1.49 0.54 0.5 0.5 0.41 0.2 0.56 0.54 0.6 0.43 0.54 0.43 0.33 0.22 0.4 0.45 0.39 0.23 0.51 1.05 0.37 0.49 0.46 0.31 0.2 0.37 0.46 0.11 0.4 0.47 0.648 0.901 0.465 0.54 0.5 0.5 0.4 0.42 0.33 0.4 0.37 0.23 0.3 0.56 0.53 1.46 0.38 0.22 1.345 0.1 0.45 0.54 0.52 0.42 0.4 0.635 1.46 0.5 0.14 0.5 0.4 0.3 1.42 0.4 0.4 0.17 0.4 0.39 0.45 0.46 1.38 0.45 0.485 0.59 0.58 0.5 0.47 1.483 0.5 0.46 0.4 0.42 0.59 0.54 0.54 1.345 0.53 0.724 0.54 0.65 0.42 0.7 0.47 0.58 0.4 0.41 0.25 0.37 0.59 0.485 0.301 0.48 0.58 0.33 0.36 0.4 0.4 0.25 0.45 0.45 0.49 0.762 0.762 0.54 0.34 0.4 0.4 0.46 0.46 1.67 0.4 0.901 1.483 1.345 0.34 0.45 0.65 0.46 0.724 0.17 0.39 0.637 0.901 0.43 0.5 0.54 0.22 0.4 0.53 0.55 0.41 0.37 0.55 1.05 1.05 0.58 0.22 0.68 0.68 0.32 0.5 0.59 0.34 0.377 0.27 0.4 0.47 0.33 0.4 0.59 0.46 0.4 0.65 0.4 0.7 0.377 0.476 0.58 0.59 0.56 0.58 0.52 0.617 0.42 0.37 0.71 0.5 0.58 0.4 0.47 0.47 0.53 0.301 0.58 0.59 0.1 0.481 0.2 0.27 0.42 0.43 0.41 0.4 1.66 0.5 0.58 0.4 0.301 0.4 0.23 1.345 0.42 0.43 0.58 0.53 0.3 0.465 0.36 0.56 0.55 0.42 0.762 0.52 0.476 0.476 1.35 0.4 0.54 0.4 0.46 0.47 0.38 0.5 0.4 0.4 0.14 0.37 0.59 0.4 0.23 0.56 0.59 0.59 0.54 0.5 0.4 1.345 0.36 0.4 0.4 0.68 0.54 0.65 0.25 0.5 0.65 0.48 0.5 0.48 0.3 1.483 0.5 0.43 0.59 0.47 0.4 0.26 0.54 0.32 0.4 1.46 0.53 0.54 0.25 0.48 0.55 0.3 0.36 0.58 0.4 0.41 0.4 0.37 0.4 1.4 0.47 0.4 1.46 0.6 0.56 0.43 0.54 0.65 0.4 0.54 0.901 0.635 0.46 0.56 0.46 0.648 0.52 0.3 0.55 0.58 0.5 0.5 0.53 0.637 0.36 0.53 0.22 0.686 0.636 0.43 0.4 1.483 0.11 0.47 0.58 0.58 1.248 0.58 0.23 0.47 0.42 0.46 0.37 0.47 0.41 0.56 0.25 1.345 0.59 0.45 0.47 0.4 1.03 0.45 0.485 0.4 0.56 0.36 0.45 0.33 1.345 0.901 0.5 0.41 0.42 0.4 0.47 0.54 0.5 0.4 0.54 0.636 0.3 0.71 0.46 0.19 0.52 0.45 0.4 0.4 0.1 0.27 1.66 1.345 1.483 0.3 0.23 1.483 0.55 0.22 0.56 0.37 1.43 0.71 0.23 0.4 0.42 0.38 0.47 0.635 0.58 0.31 0.45 0.51 1.483 0.1 0.47 1.345 0.41 0.58 0.5
Dot Production Prediction of Lab Growth Rates:
0.398749 0.333558 1.4911 0.347859 0.585735 0.370871 0.59002 1.16787 0.313071 0.401686 0.335984 0.379512 0.555709 0.530838 0.400492 0.39306 0.540457 0.554748 0.461108 1.29616 0.403578 0.349415 0.402133 1.22438 0.423366 0.39203 0.382291 0.465853 0.385934 0.325954 0.475805 0.293035 0.342826 0.540564 1.43121 0.447216 0.36227 0.429987 0.490681 0.350695 0.396015 0.458236 0.689299 0.762382 0.556298 0.374032 0.392414 0.361912 0.450802 0.457904 0.396881 0.570529 0.520022 0.535591 1.4291 0.559429 0.399551 0.427436 0.876788 0.523776 0.402981 0.468276 0.377017 0.532665 0.410991 1.48756 0.298094 0.319999 0.554684 0.711937 0.291461 0.559989 0.731685 0.328675 0.347945 0.38698 0.354729 0.401608 0.489832 0.689194 0.492029 0.314327 0.707111 0.369444 0.389746 0.375759 0.541943 0.554487 0.403991 0.875478 0.476691 0.396576 0.321273 0.391723 0.407341 0.474526 0.335278 0.524667 1.08294 0.40619 0.390787 0.425027 0.365727 0.562613 0.700123 0.77346 0.548613 1.45161 0.528596 0.404383 1.24285 0.519674 0.422911 0.388542 1.41511 0.360973 0.412127 1.2808 0.656603 0.490078 0.468622 0.333872 0.376893 0.363725 0.3224 0.43378 0.360995 0.350034 0.383593 0.349032 0.441579 0.369469 0.740176 0.883449 0.558572 1.21786 0.396122 1.44983 0.350502 0.873451 0.327711 0.564782 1.20663 1.48976 0.474365 0.397541 0.734795 0.384214 0.401827 0.640254 0.386429 0.491192 0.447258 0.502709 0.310382 0.405096 0.328686 1.25588 1.46583 0.586179 0.320205 1.05241 0.381906 0.368201 0.410684 1.21566 0.384106 0.537977 0.423657 0.563519 0.402353 0.284686 0.551535 0.473552 0.465714 0.382615 0.304561 0.296771 0.675953 0.708556 0.368323 1.28302 0.398149 0.439842 0.306219 0.548558 0.409911 0.733823 0.377681 0.4804 0.471112 0.477167 0.41437 0.570104 0.507844 0.580042 0.477294 0.40866 0.302886 0.646434 1.4911 0.332665 0.328245 0.527442 0.401566 0.385853 0.475904 0.534977 0.54972 0.358021 0.46813 0.384892 0.478658 0.48305 0.403074 1.42388 0.316319 0.431236 0.423684 1.0444 0.507711 0.400572 0.418965 0.492972 0.395827 0.418286 0.533659 0.389405 0.397859 0.376507 0.701441 0.958468 0.579698 0.375661 0.480216 0.745426 0.3998 0.306205 0.504396 0.405479 0.431818 0.530316 0.497494 0.532891 0.527443 1.47998 0.305623 0.473386 1.29752 1.23266 0.422241 0.461684 0.339132 0.403068 0.310314 0.701239 1.02716 0.339514 0.226735 0.499977 0.401705 0.321929 1.47388 0.405791 0.397121 0.415929 0.409963 0.355773 0.345032 0.508494 1.29487 0.382357 0.561569 0.298684 0.390189 0.735173 0.409967 1.17267 0.791486 0.307874 0.386662 0.310939 0.322687 0.540279 0.543459 1.27461 0.429922 0.708988 0.405245 0.651073 0.337715 0.724822 0.405992 0.287019 0.40086 0.371077 0.465255 0.299 0.548249 0.560019 0.595631 0.344992 0.372236 0.344648 0.336268 0.393842 0.406504 0.385222 0.333924 1.49067 0.402646 0.755287 0.770916 0.393739 0.335575 0.373075 0.406663 0.34647 0.334992 1.39154 0.396079 0.961347 1.24402 1.26548 0.308234 1.43419 0.634745 0.428437 0.705488 0.291267 0.329931 0.697108 0.951377 0.350642 0.370657 0.373713 0.362109 0.403918 0.335526 0.566558 0.585843 0.432171 0.542532 1.05001 1.05001 0.476548 0.444733 0.325422 0.319178 0.305233 0.334624 0.548645 0.326351 0.583424 0.275037 0.388178 0.472387 0.373378 0.403687 0.359999 0.464044 0.401943 0.625314 0.406034 0.723099 0.58994 0.585183 0.370043 0.548395 0.533247 0.461066 0.360986 0.594268 0.586706 0.415398 0.703143 0.546679 0.489519 0.406111 0.417498 0.385365 0.522446 0.596259 0.357263 0.553013 0.938127 0.562589 0.406988 0.37951 0.329069 0.360029 0.320998 0.388817 1.60448 0.33141 0.494101 0.38502 0.59586 0.399992 0.430698 1.2163 0.315282 0.386626 0.474875 0.438861 0.279728 0.576738 0.341409 0.488729 0.460141 0.343886 0.759196 0.371686 0.589181 0.583464 1.07118 0.395987 0.390535 0.399105 0.413321 0.360028 0.379848 0.723263 0.403509 0.392578 0.220076 0.430195 0.338558 0.393711 0.526451 0.541551 0.549092 0.548179 0.46924 0.677513 0.399761 1.21989 0.349986 0.407328 0.391251 0.326398 0.465643 0.650111 0.385381 0.756743 0.649888 0.276388 0.486018 0.326482 0.279251 1.19961 0.527814 0.430075 0.339358 0.391483 0.402415 0.553065 0.388919 0.342901 0.404377 1.00778 0.404435 0.537614 0.510737 0.312237 0.548278 0.276719 0.347235 0.49156 0.404022 0.58455 0.402739 0.414923 0.395751 1.40001 0.423674 0.406251 1.02825 0.534263 0.484355 0.42914 0.545008 0.650374 0.404794 0.287769 0.963892 0.699962 0.467063 0.47876 0.364038 0.693052 0.378458 0.508203 0.543664 0.47634 0.361466 0.319445 0.475917 0.692658 0.427011 0.369605 0.482165 0.712464 0.709881 0.39127 0.402559 1.19245 0.370681 0.372561 0.329591 0.478668 0.869196 0.356258 0.430125 0.412029 0.356298 0.456606 0.419929 0.369462 0.365414 0.549552 0.966031 1.24363 0.317285 0.352569 0.464082 0.406048 1.28144 0.31295 0.581123 0.403073 0.533474 0.422987 1.51059 0.453047 1.19082 0.76434 0.479641 0.578408 0.350855 0.403125 0.313935 0.346836 0.360309 0.388489 0.380279 0.703705 0.379145 0.711522 0.456659 0.304755 0.357158 0.410504 0.320833 0.407383 1.37343 0.388515 1.65099 1.2544 1.2139 0.543829 0.544455 1.23066 0.460946 0.387778 0.53705 0.429582 1.15988 0.696868 0.538272 0.404171 0.359892 0.308985 0.414788 0.695439 0.398665 0.489404 0.321284 0.403102 1.2515 0.34276 0.351104 1.23825 0.393766 0.488051 0.792478
Testing:
Lab Growth Rates:
0.09 0.09 0.09
Dot Production Prediction of Lab Growth Rates:
0.401075 0.446309 0.35728
Best performance so far: 
Obj: 4.67799e-310Rho: 6.5069e-314Diff: 4.67799e-310
Test:
 Lab Growth Rates:
0.09 0.09 0.09Dot Product Prediction of Growth Rate:
0.4010751 0.4463088 0.3572802