seed =  5 traits =  1 
Training: part  204 
Training: part  204 
Round  1 
 Goal of obj  0.99 
Temperature range:  0.00390625 3.125e-13 
Cycle 1Round 1
Iter 500000 pBad 0.827398 T 0.00122156 Obj 1.07704 Rho 0 GRdif 43.4904 success 146059 failure 11618 obj_new 1.07704 SA_pAcc 1.05143 Delta 0.017994 SA_r 0.506171 freedomratio 0.3754
Iter 1000000 pBad 0.774977 T 0.000382006 Obj 1.03363 Rho 0 GRdif 19.3805 success 288333 failure 31697 obj_new 1.03363 SA_pAcc 0.864911 Delta -0.066044 SA_r 0.52644 freedomratio 0.365565
Iter 1500000 pBad 0.686374 T 0.000119461 Obj 1.0229 Rho 0 GRdif 13.2692 success 428632 failure 56767 obj_new 1.0229 SA_pAcc 0.94229 Delta -0.0148367 SA_r 0.882374 freedomratio 0.363298
Iter 2000000 pBad 0.648856 T 3.73576e-05 Obj 1.01901 Rho 0 GRdif 11.0358 success 566264 failure 87650 obj_new 1.01901 SA_pAcc 1 Delta 0.00810589 SA_r 0.225006 freedomratio 0.367168
Iter 2500000 pBad 0.485829 T 1.16824e-05 Obj 1.01548 Rho 0 GRdif 9.00342 success 700501 failure 123087 obj_new 1.01548 SA_pAcc 0.92935 Delta -0.00161322 SA_r 0.223904 freedomratio 0.361505
Iter 3000000 pBad 0.349092 T 3.65332e-06 Obj 1.01179 Rho 0 GRdif 6.87152 success 822468 failure 182303 obj_new 1.0118 SA_pAcc 0.872434 Delta -0.02608 SA_r 0.937144 freedomratio 0.355583
Iter 3500000 pBad 0.245713 T 1.14246e-06 Obj 1.00912 Rho 0 GRdif 5.32099 success 927018 failure 276881 obj_new 1.00912 SA_pAcc 0.435179 Delta 0.0142141 SA_r 0.093005 freedomratio 0.337752
Iter 4000000 pBad 0.127816 T 3.5727e-07 Obj 1.00849 Rho 0 GRdif 4.95283 success 1004507 failure 428054 obj_new 1.00849 SA_pAcc 0.289736 Delta 0.00406873 SA_r 0.218077 freedomratio 0.307128
Iter 4500000 pBad 0.0565563 T 1.11725e-07 Obj 1.00823 Rho 0 GRdif 4.8053 success 1055693 failure 640051 obj_new 1.00823 SA_pAcc 1 Delta 2.16139e-05 SA_r 0.830438 freedomratio 0.26588
Iter 5000000 pBad 0.0330996 T 3.49386e-08 Obj 1.00816 Rho 0 GRdif 4.7609 success 1084601 failure 913654 obj_new 1.00816 SA_pAcc 1.18969 Delta -0.00168992 SA_r 0.117089 freedomratio 0.236481
Iter 5500000 pBad 0.0136571 T 1.0926e-08 Obj 1.00813 Rho 0 GRdif 4.74405 success 1101419 failure 1227669 obj_new 1.00813 SA_pAcc 5.14499e-40 Delta 0.000840066 SA_r 0.929639 freedomratio 0.220549
Iter 6000000 pBad 0.00873431 T 3.41676e-09 Obj 1.00811 Rho 0 GRdif 4.73507 success 1111971 failure 1564673 obj_new 1.00811 SA_pAcc 0.00010477 Delta 0.000384745 SA_r 0.118284 freedomratio 0.211858
Iter 6500000 pBad 0.0076325 T 1.06849e-09 Obj 1.00811 Rho 0 GRdif 4.74384 success 1118161 failure 1916970 obj_new 1.00813 SA_pAcc 0 Delta 0.000360108 SA_r 0.701296 freedomratio 0.206338
Iter 7000000 pBad 0.00228935 T 3.34137e-10 Obj 1.0081 Rho 0 GRdif 4.72994 success 1121480 failure 2279067 obj_new 1.0081 SA_pAcc 0 Delta 0.000138304 SA_r 0.329656 freedomratio 0.204538
Iter 7500000 pBad 0.00218614 T 1.04491e-10 Obj 1.0081 Rho 0 GRdif 4.73003 success 1123628 failure 2645770 obj_new 1.0081 SA_pAcc 0 Delta 0.00018258 SA_r 0.611271 freedomratio 0.202698
Iter 8000000 pBad 0.000951675 T 3.26763e-11 Obj 1.0081 Rho 0 GRdif 4.74294 success 1125057 failure 3015578 obj_new 1.00813 SA_pAcc 0 Delta -3.02978e-05 SA_r 0.66183 freedomratio 0.201582
Iter 8500000 pBad 0.00159292 T 1.02185e-11 Obj 1.0081 Rho 0 GRdif 4.72716 success 1126106 failure 3387058 obj_new 1.0081 SA_pAcc 9.90096e-252 Delta -4.19741e-05 SA_r 0.993292 freedomratio 0.201167
Iter 9000000 pBad 0.000432105 T 3.19552e-12 Obj 1.0081 Rho 0 GRdif 4.72686 success 1127870 failure 3757583 obj_new 1.0081 SA_pAcc 1 Delta -2.38846e-05 SA_r 0.173591 freedomratio 0.199252
Iter 9500000 pBad 5.60038e-17 T 9.99301e-13 Obj 1.0081 Rho 0 GRdif 4.72679 success 1131164 failure 4064915 obj_new 1.0081 SA_pAcc 1 Delta -5.29436e-18 SA_r 0.87891 freedomratio 0.184103
Iter 10000000 pBad 3.80995e-101 T 3.12501e-13 Obj 1.0081 Rho 0 GRdif 4.72679 success 1131164 failure 4343521 obj_new 1.0081 SA_pAcc 1 Delta 3.14494e-102 SA_r 0.965843 freedomratio 0.185267
Cannot move further
iter 9.36864e+06 obj1.0081 rho 0 GRdif 4.72679
Training:
Lab Growth Rates:
0.4 0.5 0.5 0.41 0.53 0.26 0.33 0.56 0.465 0.37 0.4 0.43 0.5 0.65 0.45 0.48 0.46 0.47 0.1 0.4 0.53 0.22 0.59 0.23 0.25 0.901 0.46 0.39 0.58 0.39 0.648 0.901 0.59 0.33 0.47 0.43 0.09 0.1 0.724 1.345 0.46 0.4 0.54 0.45 1.345 0.4 0.4 0.58 0.5 0.42 0.485 0.4 0.7 0.37 0.51 0.4 1.03 1.345 0.25 0.58 1.345 0.46 0.4 0.42 0.52 0.45 0.43 0.4 0.45 0.54 0.52 0.58 0.5 0.637 0.53 0.4 0.1 0.4 0.58 0.45 0.55 0.3 0.49 0.41 0.42 1.483 1.43 0.901 0.6 0.23 0.301 0.54 0.65 0.648 0.25 0.47 1.42 0.45 0.4 0.485 0.68 0.41 0.65 0.4 0.65 0.54 0.55 0.3 0.4 1.4 0.3 0.54 0.4 0.36 0.59 0.42 0.58 0.11 0.55 0.56 0.48 0.22 0.3 0.4 0.46 0.5 0.4 0.38 1.345 0.5 1.483 0.52 0.37 0.301 0.4 0.5 0.686 0.4 0.4 0.37 0.58 0.58 0.55 0.54 0.476 0.49 0.4 0.5 0.46 0.27 0.377 0.56 0.5 0.33 0.43 0.54 1.345 0.54 0.636 0.485 0.22 0.48 0.4 0.46 0.54 1.05 0.4 0.42 0.36 0.39 0.485 0.3 0.56 0.27 0.5 0.52 0.31 1.35 0.17 0.39 0.3 0.5 0.58 0.68 0.43 0.58 0.54 0.5 0.637 0.51 0.901 0.45 0.27 0.5 0.4 0.25 0.1 0.47 0.54 0.46 0.686 0.27 0.58 0.09 0.37 0.4 0.56 0.46 1.46 0.4 0.14 0.5 0.54 0.47 0.42 0.4 0.42 0.23 0.37 1.483 0.59 0.58 0.3 0.42 0.31 0.41 0.25 0.4 0.4 0.55 0.37 0.54 1.483 0.4 0.58 0.3 0.37 0.48 0.54 0.56 0.4 0.34 0.65 0.41 0.4 0.45 0.47 0.33 0.56 0.47 0.5 0.617 1.483 0.635 0.37 0.59 0.54 0.22 0.53 0.47 0.5 1.46 0.23 0.45 0.43 0.68 0.4 0.54 0.3 0.6 0.42 0.59 0.22 0.52 0.38 0.636 0.58 0.42 0.36 0.26 1.05 0.6 0.17 0.6 0.4 0.45 0.762 0.47 0.46 0.33 0.56 0.4 0.762 0.481 0.53 0.09 0.46 0.47 0.47 0.53 0.53 0.52 0.54 0.47 0.45 0.5 0.4 0.56 0.58 0.45 0.47 0.3 0.37 0.46 0.3 0.53 0.5 0.4 0.53 0.4 0.476 0.55 0.59 0.41 0.39 1.483 0.45 0.55 0.5 0.56 0.45 0.636 0.46 0.25 0.3 0.56 0.377 0.46 0.58 0.58 0.37 0.51 0.5 0.301 1.49 0.5 0.59 0.56 0.58 0.4 0.36 0.4 1.248 0.55 0.56 0.5 0.762 0.25 0.47 0.476 0.5 0.19 0.1 0.43 1.05 0.43 0.56 0.686 0.56 0.54 0.4 0.42 0.901 0.45 0.42 0.43 0.55 0.648 0.22 0.48 0.52 0.53 0.65 0.635 0.45 1.38 1.67 0.54 0.31 0.37 1.46 0.27 0.33 0.34 0.48 0.38 0.47 0.58 0.25 0.465 1.05 0.37 0.3 0.47 0.54 1.248 0.5 0.47 0.56 0.11 1.248 0.481 0.901 0.23 1.345 0.14 0.4 0.58 0.42 0.65 0.53 1.345 0.3 0.71 0.49 0.32 0.23 0.1 0.7 0.762 0.52 0.4 0.5 0.43 0.68 0.53 0.36 1.345 1.44 0.1 0.1 0.19 0.37 0.32 0.36 0.5 0.48 1.66 0.48 0.26 0.4 0.46 0.71 0.46 0.17 0.32 0.45 0.23 0.52 0.38 0.4 0.46 0.4 0.22 0.635 0.53 0.33 0.4 0.65 0.54 0.4 0.4 1.248 0.52 0.54 0.34 0.5 0.47 0.55 0.47 1.483 0.56 0.33 0.5 0.5 0.724 0.53 0.52 1.43 0.36 0.45 0.56 0.46 0.37 1.46 0.4 1.05 0.59 0.41 0.54 0.47 0.52 0.59 1.66 0.637 0.11 0.48 1.483 0.59 0.481 0.42 0.724 0.43 0.47 0.54 0.4 0.4 0.46 0.5 0.4 0.4 0.45 0.36 0.58 0.27 0.39 0.59 0.54 0.41 0.42 0.22 0.59 0.7 0.54 0.37 0.47 1.345 0.41 0.54 1.483 0.59 0.42 0.23 0.4 0.4 1.483 0.47 0.42 0.5 0.5 0.59 0.4 0.55 0.19 0.71 0.65 0.47 1.67 1.248 1.483 1.345 0.23 0.54 0.377 0.4 0.7 0.53 0.59 0.46 0.5 0.68 0.42 0.1 1.345 0.4 0.38 0.465 0.4 1.483 0.46 0.36 0.43 0.4 0.4 0.33 0.55
Dot Production Prediction of Lab Growth Rates:
0.403798 0.370601 0.541464 0.362444 0.550343 0.367158 0.428281 0.530937 0.539035 0.406062 0.402798 0.444482 0.450167 0.650093 0.428243 0.306648 0.335794 0.351974 0.467732 0.402863 0.533113 0.449045 0.345977 0.539176 0.306184 0.857432 0.535148 0.312129 0.352252 0.32545 0.713014 0.901436 0.359032 0.3153 0.408556 0.360651 0.435504 0.801625 0.723829 1.12174 0.472785 0.402382 0.430377 0.319996 1.0341 0.406861 0.392048 0.308805 0.71608 0.351108 0.542236 0.389717 0.715678 0.559043 0.397199 0.405999 1.38474 1.13275 0.379292 0.303238 1.11095 0.287409 0.405704 0.393896 0.363554 0.352125 0.357365 0.389905 1.54979 0.373835 0.388521 0.35713 0.312374 0.707446 0.292879 0.358848 1.1331 0.405586 0.45225 1.61417 0.546093 0.551692 0.373748 0.53102 0.358632 1.09922 1.40444 0.906896 0.574901 0.413527 0.526635 0.39066 0.631513 0.715489 0.388186 0.428191 1.58841 1.61544 0.395121 0.529443 0.425163 0.368356 0.653891 0.403733 0.647343 0.428444 0.397951 0.294623 0.406146 1.54057 0.537579 0.381222 0.403057 0.397979 0.396421 0.320468 0.450115 0.363271 0.554234 0.540647 0.340914 0.352826 0.435536 0.405038 0.436223 0.619929 0.408922 0.379177 1.11965 0.381126 1.08796 0.336353 0.399172 0.522049 0.399952 0.333572 0.719818 0.395682 0.400745 0.402414 0.360742 0.441489 0.554355 0.412652 0.542515 0.389084 0.389396 0.322899 0.351754 0.308045 0.531382 0.538748 0.317124 0.330956 0.424107 0.363366 1.06502 0.310211 0.718918 0.532214 0.443708 0.354684 0.403765 0.364934 0.39201 1.64284 0.398407 0.594099 0.414493 0.352707 0.538076 0.494206 0.446338 0.357631 0.730565 0.381572 0.557735 1.28748 0.333748 0.324764 0.357346 0.45425 0.366981 0.426395 0.400187 0.443671 0.429645 0.395709 0.707552 0.409634 0.902303 0.343905 0.389549 0.340894 0.400499 0.528288 0.356451 0.374303 0.542212 0.434555 0.725196 0.603541 0.452483 0.320774 0.410644 0.403375 0.538998 0.296273 1.57647 0.405621 0.139801 0.545722 0.396918 0.344855 0.583259 0.402506 0.336305 0.412633 0.438682 1.0869 0.542816 0.327826 0.532166 0.3776 0.573792 0.529397 0.536167 0.39884 0.392702 0.4197 0.401968 0.374751 1.04774 0.403015 0.378882 0.302453 0.396558 0.336985 0.407501 0.443929 0.402805 0.321912 0.637313 0.363677 0.397594 0.34814 0.396297 0.356949 0.441926 0.328609 0.532312 0.518091 1.09322 0.713592 0.411259 0.547938 0.42711 0.442565 0.397249 0.368293 0.618141 1.0159 0.533055 0.371364 0.345744 0.419623 0.40468 0.311592 0.52442 0.56027 0.350431 0.54381 0.44872 0.363267 0.353483 0.713502 0.445256 0.390036 0.368751 0.473341 1.05 0.550107 0.412332 0.552397 0.39115 0.370508 0.854798 0.348796 0.46304 0.510466 0.544436 0.421691 0.848672 0.53549 0.346944 0.362403 0.552745 0.422194 0.395442 0.423212 0.342185 0.394649 0.53507 0.463131 0.334264 0.344964 0.401576 0.539767 0.356472 0.402373 0.34787 0.569097 0.398295 0.438217 0.417632 0.522685 0.603517 0.398631 0.354033 0.402776 0.542495 0.422828 0.552535 0.315067 0.292285 1.05736 1.53333 0.549932 0.52878 0.551366 0.316329 0.723117 0.38839 1.5852 0.386022 0.533087 0.532855 0.434758 0.442153 0.437032 0.40983 0.382505 0.452648 0.522491 1.61417 0.635046 0.348947 0.546631 0.447386 0.403798 0.344935 0.392068 0.899636 0.42372 0.447633 0.322989 0.840502 0.798076 0.425027 0.545413 0.544286 0.309552 1.06527 0.454366 1.05 0.354737 0.446293 0.725069 0.533562 0.543674 0.404253 0.350292 0.900999 1.54375 0.360339 0.386412 0.547567 0.706644 0.450036 0.303935 0.387055 0.529585 0.648493 0.71642 0.393338 1.35504 1.51564 0.347412 0.564372 0.39708 1.00511 0.392717 0.474246 0.345458 0.32792 0.340695 0.348667 0.444794 0.365006 0.541297 1.0523 0.411511 0.291965 0.35 0.418913 0.898783 0.688569 0.423734 0.443073 0.311342 0.910705 0.534541 0.900956 0.530671 1.13013 0.140061 0.405522 0.446042 0.354001 0.665457 0.523606 1.08153 0.584793 0.719744 0.362425 0.308747 0.412531 0.466542 0.701491 0.850095 0.380041 0.4036 0.689839 0.461147 0.424056 0.547137 0.339473 1.15441 1.61654 1.24528 1.51146 0.31238 0.331244 0.342991 0.345884 0.36017 0.336065 1.66 0.308752 0.568542 0.404381 0.518692 0.722186 0.434541 0.332037 0.295531 0.415853 0.538279 0.384054 0.368861 0.348423 0.443024 0.399008 0.432936 0.712251 0.487274 0.354129 0.398278 0.66287 0.537221 0.404685 0.406557 0.903185 0.345491 0.547971 0.31517 0.69968 0.493922 0.416907 0.429304 1.04496 0.548429 0.314992 0.308238 0.442343 0.722437 0.535363 0.369036 1.41175 0.311627 1.54599 0.539998 0.430812 0.384157 1.01983 0.397726 1.03047 0.317106 0.339862 0.344396 0.395596 0.340788 0.551149 1.66 0.710466 0.352187 0.304355 1.06971 0.546636 0.534977 0.360479 0.717782 0.43696 0.324525 0.541845 0.396448 0.398743 0.322879 0.604578 0.400001 0.403331 1.58809 0.316988 0.454086 0.35224 0.334946 0.317531 0.419921 0.390081 0.600728 0.374071 0.34438 0.70663 0.415564 0.394973 0.338548 1.04931 0.517274 0.553456 1.07932 0.549793 0.347439 0.536132 0.403056 0.4048 1.11285 0.505965 0.33223 0.446216 0.706412 0.314881 0.389027 0.547357 0.324776 0.722845 0.652076 0.394766 1.61108 0.899711 1.09003 1.08708 0.541652 0.337695 0.530097 0.399598 0.711992 0.391349 0.406192 0.442371 0.446463 0.42556 0.304966 1.07521 1.13863 0.402812 0.334889 0.541691 0.404363 1.0696 0.421634 0.322689 0.420383 0.405627 0.402123 0.365354 0.417572
Testing:
Lab Growth Rates:
0.2 0.2 0.2
Dot Production Prediction of Lab Growth Rates:
0.4302 0.393881 0.435658
Best performance so far: 
Obj: 4.6618e-310Rho: 2.26291e-314Diff: 4.6618e-310
Anneal again with the best G and E so far as input
Cycle 2Round 1
Iter 500000 pBad 0.817761 T 0.00122156 Obj 1.04004 Rho 0 GRdif 23.0083 success 109667 failure 10358 obj_new 1.04004 SA_pAcc 1 Delta 0.0614376 SA_r 0.353469 freedomratio 0.259292
Iter 1000000 pBad 0.76205 T 0.000382006 Obj 1.03117 Rho 0 GRdif 17.9862 success 216313 failure 27713 obj_new 1.03117 SA_pAcc 1 Delta -0.0352619 SA_r 0.00922366 freedomratio 0.259063
Iter 1500000 pBad 0.681199 T 0.000119461 Obj 1.028 Rho 0 GRdif 16.1821 success 320026 failure 51029 obj_new 1.028 SA_pAcc 1 Delta 0.00970806 SA_r 0.278256 freedomratio 0.264321
Iter 2000000 pBad 0.669453 T 3.73576e-05 Obj 1.02283 Rho 0 GRdif 13.2277 success 422107 failure 79117 obj_new 1.02283 SA_pAcc 0.980689 Delta -0.0505014 SA_r 0.434789 freedomratio 0.260329
Iter 2500000 pBad 0.425589 T 1.16824e-05 Obj 1.01806 Rho 0 GRdif 10.4904 success 520709 failure 116478 obj_new 1.01806 SA_pAcc 1 Delta -0.0407468 SA_r 0.506199 freedomratio 0.2482
Iter 3000000 pBad 0.342137 T 3.65332e-06 Obj 1.01538 Rho 0 GRdif 8.94184 success 611101 failure 169250 obj_new 1.01538 SA_pAcc 0.427772 Delta 0.015957 SA_r 0.27561 freedomratio 0.250856
Iter 3500000 pBad 0.200126 T 1.14246e-06 Obj 1.01073 Rho 0 GRdif 6.25345 success 688218 failure 253895 obj_new 1.01073 SA_pAcc 0.109036 Delta -0.00919781 SA_r 0.626252 freedomratio 0.239086
Iter 4000000 pBad 0.152879 T 3.5727e-07 Obj 1.00948 Rho 0 GRdif 5.52901 success 752801 failure 367823 obj_new 1.00948 SA_pAcc 0.639017 Delta 0.00321819 SA_r 0.831906 freedomratio 0.227308
Iter 4500000 pBad 0.075056 T 1.11725e-07 Obj 1.00878 Rho 0 GRdif 5.12472 success 802308 failure 524818 obj_new 1.00878 SA_pAcc 1 Delta 0.0057014 SA_r 0.81214 freedomratio 0.208615
Iter 5000000 pBad 0.0464219 T 3.49386e-08 Obj 1.00846 Rho 0 GRdif 4.93726 success 835635 failure 734425 obj_new 1.00846 SA_pAcc 1 Delta -0.00251506 SA_r 0.0596701 freedomratio 0.186032
Iter 5500000 pBad 0.0309177 T 1.0926e-08 Obj 1.00832 Rho 0 GRdif 4.88473 success 857123 failure 997169 obj_new 1.00837 SA_pAcc 0 Delta 0.00236206 SA_r 0.489101 freedomratio 0.169217
Iter 6000000 pBad 0.0135058 T 3.41676e-09 Obj 1.00825 Rho 0 GRdif 4.81643 success 872391 failure 1296774 obj_new 1.00825 SA_pAcc 0 Delta -0.00121095 SA_r 0.235222 freedomratio 0.157654
Iter 6500000 pBad 0.00749318 T 1.06849e-09 Obj 1.00822 Rho 0 GRdif 4.79774 success 882204 failure 1625860 obj_new 1.00822 SA_pAcc 1 Delta 1.97581e-05 SA_r 0.130136 freedomratio 0.151421
Iter 7000000 pBad 0.00251635 T 3.34137e-10 Obj 1.00821 Rho 0 GRdif 4.79177 success 889068 failure 1969979 obj_new 1.00821 SA_pAcc 0 Delta -3.46743e-05 SA_r 0.542777 freedomratio 0.147458
Iter 7500000 pBad 0.00158743 T 1.04491e-10 Obj 1.0082 Rho 0 GRdif 4.82197 success 895702 failure 2329390 obj_new 1.00826 SA_pAcc 0 Delta 3.82946e-05 SA_r 0.400258 freedomratio 0.141239
Iter 8000000 pBad 0.000765271 T 3.26763e-11 Obj 1.00819 Rho 0 GRdif 4.93502 success 902155 failure 2704913 obj_new 1.00846 SA_pAcc 0 Delta 1.58598e-05 SA_r 0.63569 freedomratio 0.137237
Iter 8500000 pBad 0.000363041 T 1.02185e-11 Obj 1.00819 Rho 0 GRdif 4.78063 success 908106 failure 3094746 obj_new 1.00819 SA_pAcc 0 Delta -2.52238e-05 SA_r 0.379908 freedomratio 0.13425
Iter 9000000 pBad 0.00133519 T 3.19552e-12 Obj 1.00819 Rho 0 GRdif 4.77955 success 911891 failure 3491042 obj_new 1.00819 SA_pAcc 0 Delta -0.000101382 SA_r 0.47082 freedomratio 0.132549
Iter 9500000 pBad 0.00027922 T 9.99301e-13 Obj 1.00819 Rho 0 GRdif 4.77891 success 917151 failure 3889605 obj_new 1.00819 SA_pAcc 0 Delta 1.86355e-05 SA_r 0.486058 freedomratio 0.131774
Good enough
iter 9.99993e+06 obj1.00819 rho 0 GRdif 4.77832
Training:
Lab Growth Rates:
0.4 0.5 0.5 0.41 0.53 0.26 0.33 0.56 0.465 0.37 0.4 0.43 0.5 0.65 0.45 0.48 0.46 0.47 0.1 0.4 0.53 0.22 0.59 0.23 0.25 0.901 0.46 0.39 0.58 0.39 0.648 0.901 0.59 0.33 0.47 0.43 0.09 0.1 0.724 1.345 0.46 0.4 0.54 0.45 1.345 0.4 0.4 0.58 0.5 0.42 0.485 0.4 0.7 0.37 0.51 0.4 1.03 1.345 0.25 0.58 1.345 0.46 0.4 0.42 0.52 0.45 0.43 0.4 0.45 0.54 0.52 0.58 0.5 0.637 0.53 0.4 0.1 0.4 0.58 0.45 0.55 0.3 0.49 0.41 0.42 1.483 1.43 0.901 0.6 0.23 0.301 0.54 0.65 0.648 0.25 0.47 1.42 0.45 0.4 0.485 0.68 0.41 0.65 0.4 0.65 0.54 0.55 0.3 0.4 1.4 0.3 0.54 0.4 0.36 0.59 0.42 0.58 0.11 0.55 0.56 0.48 0.22 0.3 0.4 0.46 0.5 0.4 0.38 1.345 0.5 1.483 0.52 0.37 0.301 0.4 0.5 0.686 0.4 0.4 0.37 0.58 0.58 0.55 0.54 0.476 0.49 0.4 0.5 0.46 0.27 0.377 0.56 0.5 0.33 0.43 0.54 1.345 0.54 0.636 0.485 0.22 0.48 0.4 0.46 0.54 1.05 0.4 0.42 0.36 0.39 0.485 0.3 0.56 0.27 0.5 0.52 0.31 1.35 0.17 0.39 0.3 0.5 0.58 0.68 0.43 0.58 0.54 0.5 0.637 0.51 0.901 0.45 0.27 0.5 0.4 0.25 0.1 0.47 0.54 0.46 0.686 0.27 0.58 0.09 0.37 0.4 0.56 0.46 1.46 0.4 0.14 0.5 0.54 0.47 0.42 0.4 0.42 0.23 0.37 1.483 0.59 0.58 0.3 0.42 0.31 0.41 0.25 0.4 0.4 0.55 0.37 0.54 1.483 0.4 0.58 0.3 0.37 0.48 0.54 0.56 0.4 0.34 0.65 0.41 0.4 0.45 0.47 0.33 0.56 0.47 0.5 0.617 1.483 0.635 0.37 0.59 0.54 0.22 0.53 0.47 0.5 1.46 0.23 0.45 0.43 0.68 0.4 0.54 0.3 0.6 0.42 0.59 0.22 0.52 0.38 0.636 0.58 0.42 0.36 0.26 1.05 0.6 0.17 0.6 0.4 0.45 0.762 0.47 0.46 0.33 0.56 0.4 0.762 0.481 0.53 0.09 0.46 0.47 0.47 0.53 0.53 0.52 0.54 0.47 0.45 0.5 0.4 0.56 0.58 0.45 0.47 0.3 0.37 0.46 0.3 0.53 0.5 0.4 0.53 0.4 0.476 0.55 0.59 0.41 0.39 1.483 0.45 0.55 0.5 0.56 0.45 0.636 0.46 0.25 0.3 0.56 0.377 0.46 0.58 0.58 0.37 0.51 0.5 0.301 1.49 0.5 0.59 0.56 0.58 0.4 0.36 0.4 1.248 0.55 0.56 0.5 0.762 0.25 0.47 0.476 0.5 0.19 0.1 0.43 1.05 0.43 0.56 0.686 0.56 0.54 0.4 0.42 0.901 0.45 0.42 0.43 0.55 0.648 0.22 0.48 0.52 0.53 0.65 0.635 0.45 1.38 1.67 0.54 0.31 0.37 1.46 0.27 0.33 0.34 0.48 0.38 0.47 0.58 0.25 0.465 1.05 0.37 0.3 0.47 0.54 1.248 0.5 0.47 0.56 0.11 1.248 0.481 0.901 0.23 1.345 0.14 0.4 0.58 0.42 0.65 0.53 1.345 0.3 0.71 0.49 0.32 0.23 0.1 0.7 0.762 0.52 0.4 0.5 0.43 0.68 0.53 0.36 1.345 1.44 0.1 0.1 0.19 0.37 0.32 0.36 0.5 0.48 1.66 0.48 0.26 0.4 0.46 0.71 0.46 0.17 0.32 0.45 0.23 0.52 0.38 0.4 0.46 0.4 0.22 0.635 0.53 0.33 0.4 0.65 0.54 0.4 0.4 1.248 0.52 0.54 0.34 0.5 0.47 0.55 0.47 1.483 0.56 0.33 0.5 0.5 0.724 0.53 0.52 1.43 0.36 0.45 0.56 0.46 0.37 1.46 0.4 1.05 0.59 0.41 0.54 0.47 0.52 0.59 1.66 0.637 0.11 0.48 1.483 0.59 0.481 0.42 0.724 0.43 0.47 0.54 0.4 0.4 0.46 0.5 0.4 0.4 0.45 0.36 0.58 0.27 0.39 0.59 0.54 0.41 0.42 0.22 0.59 0.7 0.54 0.37 0.47 1.345 0.41 0.54 1.483 0.59 0.42 0.23 0.4 0.4 1.483 0.47 0.42 0.5 0.5 0.59 0.4 0.55 0.19 0.71 0.65 0.47 1.67 1.248 1.483 1.345 0.23 0.54 0.377 0.4 0.7 0.53 0.59 0.46 0.5 0.68 0.42 0.1 1.345 0.4 0.38 0.465 0.4 1.483 0.46 0.36 0.43 0.4 0.4 0.33 0.55
Dot Production Prediction of Lab Growth Rates:
0.397547 0.358358 0.541597 0.376461 0.594949 0.400676 0.453449 0.531613 0.466661 0.380264 0.399374 0.448107 0.436414 0.646484 0.400531 0.301063 0.323634 0.340603 0.491532 0.399308 0.529973 0.436259 0.326567 0.54013 0.306652 0.921278 0.580441 0.340024 0.384218 0.306314 0.710891 0.900976 0.352226 0.327441 0.401649 0.368276 0.466643 1.02049 0.721664 1.35151 0.465499 0.39691 0.400564 0.364623 1.28448 0.401869 0.390862 0.321137 0.841291 0.362641 0.472171 0.383717 0.779542 0.607565 0.418195 0.400398 1.26144 1.36558 0.364381 0.283426 1.34988 0.309259 0.401658 0.40763 0.379959 0.387791 0.375862 0.386671 1.38702 0.396398 0.407055 0.39802 0.332401 0.703799 0.301266 0.321459 1.27856 0.401313 0.435626 1.43558 0.542485 0.594779 0.40126 0.468858 0.34864 1.34106 1.03774 0.902669 0.633073 0.385114 0.46336 0.385853 0.629148 0.71488 0.365341 0.412331 1.45821 1.4452 0.393138 0.464424 0.305481 0.401082 0.653191 0.398671 0.641727 0.436364 0.415529 0.299844 0.403119 1.4 0.578613 0.387454 0.401291 0.424255 0.385619 0.306994 0.439103 0.386852 0.551 0.537485 0.358073 0.352714 0.485183 0.404505 0.409739 0.738623 0.403915 0.376803 1.34472 0.398838 1.32108 0.356415 0.4123 0.46638 0.397721 0.343082 0.723346 0.38967 0.393803 0.39709 0.341932 0.430133 0.553766 0.430201 0.47155 0.4108 0.378877 0.331239 0.351219 0.306659 0.466026 0.536609 0.336245 0.316947 0.417969 0.353648 1.2959 0.309744 0.718303 0.464758 0.429706 0.339153 0.404691 0.352176 0.397926 1.33922 0.400007 0.65059 0.42469 0.341155 0.470196 0.529935 0.434683 0.356365 0.896251 0.35309 0.618571 0.999722 0.311163 0.305505 0.351945 0.439064 0.351715 0.307125 0.38575 0.434593 0.429264 0.44129 0.703492 0.433225 0.89932 0.38559 0.385994 0.359347 0.396024 0.565844 0.380484 0.362728 0.536464 0.424919 0.72118 0.631267 0.437893 0.353556 0.381975 0.397784 0.538501 0.307622 1.35603 0.401369 0.140001 0.547713 0.397779 0.349378 0.645763 0.397404 0.328061 0.383064 0.458168 1.31905 0.541359 0.35232 0.558511 0.371004 0.627386 0.467822 0.584248 0.398774 0.386191 0.42648 0.378381 0.369556 1.29491 0.402639 0.381402 0.301263 0.378271 0.307705 0.426335 0.436452 0.400091 0.303258 0.6522 0.366323 0.39052 0.374544 0.394676 0.354316 0.436724 0.365816 0.527196 0.56254 1.33369 0.713629 0.384174 0.543507 0.409857 0.425221 0.433188 0.3914 0.763363 1.04354 0.538483 0.352506 0.350663 0.304491 0.400852 0.299784 0.562043 0.596955 0.321497 0.545238 0.4287 0.376261 0.328398 0.708593 0.436381 0.400887 0.376486 0.517205 1.05196 0.586866 0.43236 0.612857 0.384619 0.361275 0.963655 0.325147 0.457009 0.556417 0.548919 0.402573 0.974885 0.465778 0.333606 0.39063 0.589995 0.40818 0.420411 0.442535 0.338358 0.367753 0.544172 0.50085 0.336956 0.379241 0.401847 0.546373 0.383345 0.374105 0.338479 0.625383 0.374859 0.426976 0.431783 0.532453 0.785411 0.395821 0.376569 0.400049 0.467957 0.419898 0.54613 0.331623 0.314004 1.32054 1.37014 0.547735 0.52692 0.545077 0.365076 0.723631 0.388806 1.41358 0.393583 0.537004 0.465044 0.422519 0.433135 0.414771 0.383584 0.391721 0.441619 0.465989 1.43558 0.81411 0.337557 0.543003 0.438755 0.397717 0.360002 0.386731 0.970859 0.423845 0.433373 0.333957 0.954584 1.00071 0.402767 0.474633 0.543174 0.301491 1.1142 0.463839 1.04668 0.344152 0.430404 0.724954 0.535008 0.542769 0.399216 0.358277 0.90378 1.3468 0.348134 0.370796 0.542168 0.705612 0.437516 0.290248 0.378009 0.533323 0.649923 0.716425 0.417051 1.25228 1.35126 0.384139 0.618223 0.440602 1.06879 0.394666 0.491665 0.331998 0.327146 0.313168 0.349307 0.432297 0.371685 0.469369 1.05685 0.384889 0.296627 0.381722 0.429116 0.96759 0.862366 0.420835 0.436038 0.337397 0.983004 0.464202 0.900759 0.534491 1.35164 0.140001 0.403058 0.437289 0.358041 0.649974 0.530168 1.33187 0.625795 0.713691 0.381068 0.326522 0.385717 0.479338 0.77946 0.964773 0.4137 0.400319 0.839875 0.462636 0.303402 0.541958 0.326821 1.37476 1.43434 1.32284 1.34458 0.30189 0.309039 0.358797 0.350862 0.382253 0.351476 1.40409 0.316989 0.640732 0.401908 0.556904 0.719693 0.459537 0.317977 0.316025 0.430566 0.53432 0.412684 0.382517 0.324762 0.43044 0.391317 0.462753 0.710158 0.524999 0.360373 0.393777 0.673737 0.533224 0.399409 0.401948 0.972503 0.371936 0.554297 0.325908 0.855247 0.525978 0.426267 0.41299 1.27947 0.540624 0.321403 0.319118 0.432775 0.722981 0.528883 0.351407 1.04689 0.330446 1.38672 0.540069 0.415697 0.412635 1.04411 0.392452 1.05002 0.331865 0.343144 0.386476 0.391709 0.321476 0.544616 1.40233 0.711243 0.360775 0.314246 1.28975 0.543251 0.463175 0.350384 0.721016 0.429754 0.379543 0.539427 0.388723 0.395429 0.34233 0.800136 0.398396 0.400135 1.40717 0.340251 0.437376 0.370523 0.364643 0.34095 0.42756 0.39431 0.662308 0.396835 0.349692 0.775786 0.386398 0.372017 0.326771 1.29816 0.460574 0.551094 1.33367 0.5483 0.339205 0.532091 0.400958 0.399871 1.35496 0.523426 0.335055 0.432539 0.890494 0.335056 0.384314 0.543188 0.303743 0.724107 0.671231 0.418056 1.4351 0.971983 1.31175 1.31842 0.543292 0.344556 0.464269 0.398433 0.779962 0.403249 0.401721 0.430928 0.435419 0.304767 0.313055 1.15175 1.3625 0.39627 0.300845 0.467639 0.401429 1.31745 0.420776 0.357174 0.417933 0.400991 0.400999 0.38134 0.425883
Testing:
Lab Growth Rates:
0.2 0.2 0.2
Dot Production Prediction of Lab Growth Rates:
0.428055 0.387029 0.432978
Best performance so far: 
Obj: 4.6618e-310Rho: 6.5069e-314Diff: 4.6618e-310
Test:
 Lab Growth Rates:
0.2 0.2 0.2Dot Product Prediction of Growth Rate:
0.4280547 0.3870287 0.4329776