seed =  5 traits =  1 
Training: part  216 
Training: part  216 
Round  1 
 Goal of obj  0.99 
Temperature range:  0.00390625 7.8125e-13 
Cycle 1Round 1
Iter 500000 pBad 0.836769 T 0.00127883 Obj 1.0685 Rho 0 GRdif 38.8275 success 146627 failure 9255 obj_new 1.0685 SA_pAcc 0.875739 Delta -0.0727258 SA_r 0.124836 freedomratio 0.366021
Iter 1000000 pBad 0.793883 T 0.000418662 Obj 1.03561 Rho 0 GRdif 20.5038 success 290778 failure 25076 obj_new 1.03561 SA_pAcc 1 Delta -0.0152 SA_r 0.426435 freedomratio 0.372063
Iter 1500000 pBad 0.771293 T 0.000137062 Obj 1.02397 Rho 0 GRdif 13.8791 success 433652 failure 44060 obj_new 1.02397 SA_pAcc 1 Delta 0.0152047 SA_r 0.840785 freedomratio 0.371827
Iter 2000000 pBad 0.666397 T 4.48711e-05 Obj 1.019 Rho 0 GRdif 11.0306 success 572700 failure 71115 obj_new 1.019 SA_pAcc 0.799219 Delta 0.0229625 SA_r 0.536681 freedomratio 0.364201
Iter 2500000 pBad 0.563565 T 1.46899e-05 Obj 1.01531 Rho 0 GRdif 8.90618 success 707209 failure 105865 obj_new 1.01531 SA_pAcc 1.00126 Delta -0.016394 SA_r 0.306892 freedomratio 0.367629
Iter 3000000 pBad 0.438101 T 4.80917e-06 Obj 1.01235 Rho 0 GRdif 7.19319 success 830813 failure 161205 obj_new 1.01235 SA_pAcc 1.65699 Delta -0.0241874 SA_r 0.268507 freedomratio 0.355583
Iter 3500000 pBad 0.269622 T 1.57442e-06 Obj 1.01019 Rho 0 GRdif 5.94218 success 938868 failure 247766 obj_new 1.01019 SA_pAcc 0.511378 Delta 0.0134486 SA_r 0.214712 freedomratio 0.333523
Iter 4000000 pBad 0.137401 T 5.15434e-07 Obj 1.00937 Rho 0 GRdif 5.46371 success 1023344 failure 383230 obj_new 1.00937 SA_pAcc 0.173745 Delta 0.00976474 SA_r 0.556043 freedomratio 0.312367
Iter 4500000 pBad 0.079492 T 1.68743e-07 Obj 1.0091 Rho 0 GRdif 5.30741 success 1079021 failure 584459 obj_new 1.0091 SA_pAcc 0.0946961 Delta 0.00253006 SA_r 0.967444 freedomratio 0.277331
Iter 5000000 pBad 0.0421084 T 5.52428e-08 Obj 1.00892 Rho 0 GRdif 5.20518 success 1117204 failure 834780 obj_new 1.00892 SA_pAcc 0.000725191 Delta -0.00322391 SA_r 0.652407 freedomratio 0.238502
Iter 5500000 pBad 0.0237321 T 1.80854e-08 Obj 1.00886 Rho 0 GRdif 5.16969 success 1140562 failure 1132810 obj_new 1.00886 SA_pAcc 8.18943e-96 Delta -0.00217165 SA_r 0.996135 freedomratio 0.221216
Iter 6000000 pBad 0.0108878 T 5.92078e-09 Obj 1.00882 Rho 0 GRdif 5.1592 success 1155374 failure 1463957 obj_new 1.00884 SA_pAcc 0 Delta -0.000594293 SA_r 0.236235 freedomratio 0.208838
Iter 6500000 pBad 0.00698268 T 1.93834e-09 Obj 1.00881 Rho 0 GRdif 5.13994 success 1164493 failure 1815795 obj_new 1.00881 SA_pAcc 5.33613e-23 Delta -0.000650022 SA_r 0.338227 freedomratio 0.202139
Iter 7000000 pBad 0.00384863 T 6.34574e-10 Obj 1.0088 Rho 0 GRdif 5.1368 success 1170113 failure 2180999 obj_new 1.0088 SA_pAcc 0 Delta 0.000186485 SA_r 0.938527 freedomratio 0.197174
Iter 7500000 pBad 0.00208794 T 2.07746e-10 Obj 1.0088 Rho 0 GRdif 5.13702 success 1173810 failure 2554058 obj_new 1.0088 SA_pAcc 0 Delta 9.62565e-05 SA_r 0.905349 freedomratio 0.194555
Iter 8000000 pBad 0.00160498 T 6.80119e-11 Obj 1.0088 Rho 0 GRdif 5.13302 success 1176695 failure 2933837 obj_new 1.0088 SA_pAcc 1 Delta -3.2291e-05 SA_r 0.81579 freedomratio 0.190879
Iter 8500000 pBad 0.00103145 T 2.22657e-11 Obj 1.0088 Rho 0 GRdif 5.13387 success 1179482 failure 3319360 obj_new 1.0088 SA_pAcc 0 Delta -8.87484e-05 SA_r 0.738225 freedomratio 0.185973
Iter 9000000 pBad 0.000533995 T 7.28934e-12 Obj 1.00879 Rho 0 GRdif 5.13644 success 1181584 failure 3713312 obj_new 1.0088 SA_pAcc 0 Delta 3.69826e-05 SA_r 0.82927 freedomratio 0.183584
Iter 9500000 pBad 4.1246e-13 T 2.38638e-12 Obj 1.00879 Rho 0 GRdif 5.13698 success 1185491 failure 4097456 obj_new 1.0088 SA_pAcc 0 Delta -1.32444e-14 SA_r 0.73035 freedomratio 0.172302
Iter 10000000 pBad 1.68276e-69 T 7.81252e-13 Obj 1.00879 Rho 0 GRdif 5.13083 success 1185817 failure 4412863 obj_new 1.00879 SA_pAcc 1 Delta -1.06993e-70 SA_r 0.00836604 freedomratio 0.171797
Cannot move further
iter 9.57999e+06 obj1.00879 rho 0 GRdif 5.13083
Training:
Lab Growth Rates:
0.41 0.32 0.47 0.377 0.45 0.6 0.45 0.56 0.23 0.55 0.41 0.6 0.47 0.54 0.1 0.54 0.41 0.09 0.465 0.54 0.41 0.5 0.22 0.48 0.4 0.5 0.4 0.68 0.4 0.37 0.47 0.58 0.637 0.65 0.59 0.65 1.483 0.42 0.36 1.67 0.53 0.38 1.46 0.481 0.41 0.4 1.483 1.483 0.52 0.54 1.46 0.56 0.48 0.636 0.58 0.45 0.43 0.6 0.23 0.43 0.33 0.42 1.345 0.56 0.41 0.1 0.54 0.4 0.42 0.377 0.55 0.52 0.55 0.58 0.37 0.58 0.4 0.46 0.54 0.1 0.22 0.58 0.47 1.483 0.4 0.68 0.59 0.59 0.25 0.56 0.43 0.47 0.3 0.45 0.33 1.248 1.43 0.26 0.27 0.38 0.5 0.46 1.05 0.37 0.2 0.11 0.59 0.4 0.65 0.43 0.46 0.45 0.43 1.43 0.48 0.47 0.4 0.39 0.6 0.686 0.42 0.48 0.56 0.58 0.4 0.46 0.4 0.55 0.45 0.3 0.54 0.54 0.48 0.37 0.58 0.1 0.33 0.37 0.65 0.23 0.42 0.22 0.301 0.5 1.345 1.483 0.45 0.43 0.54 0.47 0.4 0.34 0.46 0.32 0.65 0.27 0.58 1.483 0.58 0.59 0.48 0.42 0.54 0.31 0.23 0.41 0.4 1.248 0.42 0.53 1.05 0.377 1.483 1.05 1.483 0.4 0.25 0.46 0.47 1.38 1.248 0.5 0.3 0.27 0.5 0.46 0.45 0.648 0.25 0.36 0.58 0.25 0.31 0.19 0.901 0.47 0.4 0.1 0.45 0.54 0.54 0.11 0.38 0.27 0.33 0.3 1.05 0.762 0.4 0.637 0.47 0.43 0.58 0.36 0.46 0.485 0.54 0.54 0.46 0.43 0.1 0.19 0.4 0.5 0.54 0.36 0.51 0.5 0.59 0.39 0.485 0.37 0.53 0.301 0.52 1.345 0.49 0.45 0.42 1.46 0.53 0.4 0.65 0.42 0.58 0.3 0.3 0.47 0.25 0.39 0.762 0.4 0.4 0.4 0.5 1.05 0.59 0.47 0.56 0.4 0.635 1.4 0.27 0.36 0.11 0.55 0.4 0.46 0.45 0.4 0.648 0.3 0.4 0.39 0.476 0.39 0.4 0.47 0.4 0.5 0.476 0.54 0.5 1.44 0.7 0.45 0.47 0.5 1.483 0.52 0.5 0.37 0.26 0.45 0.43 0.42 0.23 0.45 0.39 0.58 0.53 0.14 0.58 0.7 0.53 0.22 0.4 0.46 0.54 0.46 0.25 0.686 1.345 0.36 1.248 0.53 0.5 0.5 0.636 0.47 0.724 0.51 0.42 0.46 0.43 0.901 0.2 0.4 0.5 0.46 0.47 0.43 0.65 0.59 0.68 0.25 0.58 0.37 0.47 0.5 1.345 0.23 0.45 0.53 0.59 0.58 0.45 0.52 0.4 0.4 0.3 0.38 1.483 0.4 0.4 1.345 0.1 0.52 0.23 0.65 0.46 0.4 0.4 0.42 0.3 0.42 0.7 0.56 1.345 0.5 0.46 0.59 0.53 0.59 0.45 1.345 0.635 1.483 0.47 0.58 0.34 0.4 0.3 0.42 0.4 0.901 0.68 0.5 0.22 0.46 1.345 0.648 0.55 0.09 0.5 0.59 0.22 0.33 0.55 0.55 0.27 0.58 0.636 0.4 0.46 0.1 0.56 0.36 0.59 0.4 0.41 1.67 0.5 0.3 0.47 0.56 0.465 0.4 0.47 1.66 0.53 0.4 0.36 0.56 0.2 0.5 0.4 0.55 0.17 0.4 0.5 0.4 0.481 0.4 0.5 0.37 0.4 0.3 0.33 0.762 0.481 0.4 0.26 0.53 0.5 0.4 0.49 0.5 0.54 0.54 0.34 1.345 0.56 0.3 0.71 0.724 0.46 0.56 0.54 1.03 0.52 0.5 0.42 0.25 0.55 0.59 0.476 0.54 0.4 0.47 0.37 0.52 0.7 0.5 0.485 0.465 1.49 0.33 0.54 0.71 0.37 0.47 0.56 0.3 1.66 0.637 0.52 0.38 0.635 0.47 0.1 0.48 0.53 0.901 0.4 0.53 0.901 0.37 0.45 0.36 0.54 0.4 0.42 0.59 0.17 0.4 0.23 0.41 0.55 0.48 0.49 0.5 0.4 0.4 0.56 0.59 0.23 1.35 0.54 0.17 0.37 0.724 0.58 0.4 1.345 0.43 0.4 0.4 0.5 0.5 1.42 0.4 1.248 0.31 0.45 0.54 0.52 0.54 0.42 0.68 0.55 0.5 0.56 0.901 0.32 0.58 1.345 0.617 0.4 0.14 0.33 0.22 0.65 0.46 0.4 0.5 0.52 0.71 0.54 0.4 0.19 0.52 0.4 0.46 1.483 0.53 0.686 0.09 0.51 0.58 0.33 0.301 0.56 1.46 0.47 0.22 0.42 0.56 0.54 0.762 0.485 0.53 0.56 0.5 0.4 0.48
Dot Production Prediction of Lab Growth Rates:
0.366895 0.331646 0.36114 0.559091 1.47222 0.347839 0.362264 0.540361 0.433939 0.54883 0.360653 0.37189 0.432776 0.377389 0.97318 0.398046 0.385267 0.424645 0.565715 0.537584 0.564666 0.542023 0.471339 0.365669 0.389046 0.527167 0.402699 0.402783 0.400649 0.416249 0.430371 0.458394 0.712892 0.675906 0.550398 0.649968 0.885895 0.360988 0.337156 1.48327 0.341913 0.323045 1.57112 0.561935 0.565293 0.397803 0.867732 0.891055 0.354614 0.381348 1.03552 0.535015 0.344704 0.710767 0.357545 0.383066 0.355306 0.34009 0.546724 0.406974 0.50223 0.345998 0.93273 0.465792 0.337489 0.437934 0.446082 0.385652 0.365202 0.56537 0.545491 0.38323 0.543535 0.457177 0.421285 0.4653 0.401855 0.388167 0.540538 0.843445 0.357961 0.454706 0.466042 0.924333 0.39636 0.404098 0.323341 0.412017 0.533143 0.468297 0.403801 0.365566 0.298288 0.368004 0.333121 0.993722 1.25358 0.473962 0.588574 0.376177 0.614915 0.418052 1.05169 0.327789 0.375957 0.369633 0.552531 0.406335 0.676189 0.368316 0.454494 1.51852 0.458424 1.24594 0.32033 0.469119 0.402041 0.323189 0.354633 0.722374 0.393421 0.339662 0.539707 0.364188 0.400809 0.490894 0.343372 0.437594 0.345936 0.3369 0.374846 0.442654 0.341133 0.421825 0.46227 1.07711 0.471593 0.449021 0.642902 0.544759 0.348058 0.385409 0.569145 0.457448 0.923716 0.895273 0.368986 0.427413 0.3535 0.393931 0.39415 0.328982 0.448429 0.31119 0.650562 0.359014 0.371176 0.903745 0.390034 0.392766 0.335961 0.351784 0.53996 0.544081 0.536408 0.370785 0.398814 1.00198 0.369636 0.541654 1.6042 0.566261 0.895404 1.05 0.911067 0.394639 1.55341 0.429182 0.423292 1.33117 0.998039 0.343299 0.425255 0.384513 0.341371 0.460409 1.48925 0.714605 0.365174 0.372347 0.460456 0.315268 0.524008 0.339809 0.900999 0.383866 0.400333 1.40878 0.384103 0.449831 0.447905 0.385312 0.343985 0.296875 0.320753 0.343658 1.05008 0.997879 0.399371 0.71316 0.364806 0.354834 0.367472 0.350563 0.317354 0.56033 0.387265 0.391023 0.459948 0.406031 0.68049 0.337103 0.402541 0.457935 0.363866 0.395346 0.390668 0.336627 0.544753 0.334131 0.561616 0.403361 0.344657 0.569525 0.383118 0.928446 0.384542 0.395075 0.347336 1.02404 0.523486 0.402126 0.65448 0.323668 0.342948 0.351273 0.334066 0.377566 0.65764 0.326519 1.0048 0.402454 0.396603 0.399981 0.365042 1.02345 0.324879 0.370904 0.545522 0.40233 0.712949 1.50571 0.363915 0.335927 0.347194 0.547828 0.401414 0.321271 0.399417 0.40144 0.710912 0.370392 0.392828 0.347355 0.566061 0.32034 0.365871 0.36434 0.380088 0.522534 0.569392 0.335074 0.464199 1.54038 0.57972 0.385648 0.4185 0.543469 0.928652 0.36937 0.464992 0.414797 0.546815 0.343822 0.368287 0.540978 0.536834 1.57603 0.314988 0.462663 0.317064 0.139908 0.441458 0.582377 0.37305 0.465811 0.402852 0.362221 0.298535 0.51272 0.503486 0.723006 0.955098 0.348178 0.997858 0.421813 0.591892 0.366051 0.722769 0.47248 0.723846 0.383693 0.351476 0.344175 0.378553 0.901003 0.423321 0.390056 0.349162 0.458772 0.346214 0.433511 0.649481 0.319096 0.406658 0.367255 0.458255 0.422681 0.32559 0.631935 0.939482 0.434444 1.55058 0.534547 0.544083 0.325866 0.351801 0.380451 0.400899 0.396879 0.398608 0.375681 0.918848 0.400156 0.400454 0.905527 0.843298 0.363802 0.432548 0.634595 0.46003 0.396785 0.395652 0.557864 0.301182 0.355946 0.579829 0.53944 0.859868 0.323139 0.422069 0.361065 0.553767 0.554416 1.61522 0.896828 0.712902 0.890489 0.362066 0.454197 0.347408 0.40014 0.356755 0.350581 0.400021 0.951066 0.407642 0.497822 0.432361 0.42838 0.883155 0.711433 0.446678 0.349199 0.329004 0.54563 0.465602 0.381442 0.550119 0.542462 0.375857 0.453202 0.725494 0.390197 0.365727 0.449727 0.537611 0.360335 0.544564 0.404267 0.55361 1.52256 0.464613 0.327065 0.369434 0.467213 0.559665 0.403792 0.433169 1.66 0.483922 0.398396 0.35285 0.452534 0.404892 0.542815 0.397936 0.459104 0.336035 0.396421 0.346225 0.399735 0.562517 0.38544 0.623366 0.411721 0.399804 0.300047 0.369718 1.0074 0.560698 0.384398 0.352483 0.539396 0.388167 0.402055 0.363674 0.35415 0.350262 0.362886 0.317322 0.897367 0.451287 0.290023 0.721177 0.720931 0.42514 0.535946 0.438059 1.36563 0.377907 0.534202 0.335728 0.367957 0.44918 0.330491 0.56383 0.548495 0.390677 0.377622 0.409944 0.398753 0.585258 0.335216 0.558348 0.563322 1.57603 0.343681 0.402581 0.720312 0.415998 0.351921 0.539247 0.376507 1.63358 0.71332 0.398683 0.318474 0.714799 0.402752 0.416117 0.326127 0.37823 0.899711 0.401585 0.338307 0.901663 0.414601 0.348873 0.411057 0.407322 0.393949 0.557637 0.317961 0.422647 0.401976 0.5459 0.354754 0.44646 0.339472 0.369794 0.55803 0.390494 0.402762 0.546076 0.329136 0.536104 1.14212 0.54412 0.331339 0.422306 0.72282 0.456954 0.402483 0.971463 0.414504 0.397896 0.405316 0.608207 0.535759 1.53706 0.401881 0.995547 0.540084 1.49766 0.553657 0.368081 0.53892 0.328131 0.404097 0.446297 0.635726 0.456404 0.900998 0.321759 0.316311 0.938697 0.61659 0.387609 0.140065 0.431637 0.466148 0.633923 0.358995 0.400277 0.453341 0.354489 0.721875 0.37647 0.401182 0.346113 0.359128 0.3995 0.524457 0.903224 0.531847 0.721201 0.378582 0.408095 0.352933 0.361862 0.568859 0.540791 1.01118 0.369928 0.47066 0.360236 0.534837 0.446332 1.00077 0.562535 0.529516 0.538981 0.537916 0.402169 0.326524
Testing:
Lab Growth Rates:
0.37 0.37 0.37
Dot Production Prediction of Lab Growth Rates:
0.37079 0.544601 0.381727
Best performance so far: 
Obj: 4.64037e-310Rho: 2.26291e-314Diff: 4.64037e-310
Anneal again with the best G and E so far as input
Cycle 2Round 1
Iter 500000 pBad 0.865051 T 0.00127883 Obj 1.04754 Rho 0 GRdif 27.2141 success 118879 failure 8221 obj_new 1.04754 SA_pAcc 1.13592 Delta -0.0778935 SA_r 0.0585088 freedomratio 0.282682
Iter 1000000 pBad 0.800091 T 0.000418662 Obj 1.03066 Rho 0 GRdif 17.6949 success 235192 failure 21984 obj_new 1.03066 SA_pAcc 1.16885 Delta -0.0520171 SA_r 0.834676 freedomratio 0.28146
Iter 1500000 pBad 0.695665 T 0.000137062 Obj 1.0266 Rho 0 GRdif 15.3814 success 349740 failure 39784 obj_new 1.0266 SA_pAcc 1 Delta 0.00110909 SA_r 0.299655 freedomratio 0.286413
Iter 2000000 pBad 0.609587 T 4.48711e-05 Obj 1.02208 Rho 0 GRdif 12.7953 success 461630 failure 63821 obj_new 1.02208 SA_pAcc 0.921297 Delta 0.0374258 SA_r 0.866392 freedomratio 0.283366
Iter 2500000 pBad 0.53772 T 1.46899e-05 Obj 1.01923 Rho 0 GRdif 11.1627 success 569602 failure 96615 obj_new 1.01923 SA_pAcc 0.95958 Delta -0.00108529 SA_r 0.0127026 freedomratio 0.275765
Iter 3000000 pBad 0.422694 T 4.80917e-06 Obj 1.01571 Rho 0 GRdif 9.13683 success 674036 failure 136191 obj_new 1.01571 SA_pAcc 1 Delta 0.00825897 SA_r 0.148816 freedomratio 0.276285
Iter 3500000 pBad 0.263797 T 1.57442e-06 Obj 1.01035 Rho 0 GRdif 6.03654 success 764505 failure 207826 obj_new 1.01035 SA_pAcc 4.49696 Delta 0.00671764 SA_r 0.632955 freedomratio 0.259637
Iter 4000000 pBad 0.172343 T 5.15434e-07 Obj 1.00848 Rho 0 GRdif 4.9508 success 846110 failure 299143 obj_new 1.00848 SA_pAcc 0.585742 Delta 0.00486083 SA_r 0.538833 freedomratio 0.252913
Iter 4500000 pBad 0.105171 T 1.68743e-07 Obj 1.00779 Rho 0 GRdif 4.55216 success 909309 failure 432573 obj_new 1.0078 SA_pAcc 3.3737e-35 Delta -0.00582608 SA_r 0.731364 freedomratio 0.233187
Iter 5000000 pBad 0.0425276 T 5.52428e-08 Obj 1.00759 Rho 0 GRdif 4.43203 success 945075 failure 642572 obj_new 1.00759 SA_pAcc 2.3039e-29 Delta -0.00225426 SA_r 0.01825 freedomratio 0.203614
Iter 5500000 pBad 0.0216028 T 1.80854e-08 Obj 1.00754 Rho 0 GRdif 4.39947 success 965960 failure 902324 obj_new 1.00754 SA_pAcc 1 Delta 0.00179122 SA_r 0.307528 freedomratio 0.18734
Iter 6000000 pBad 0.0159602 T 5.92078e-09 Obj 1.00751 Rho 0 GRdif 4.38713 success 979206 failure 1192638 obj_new 1.00751 SA_pAcc 1 Delta 0.000149028 SA_r 0.282588 freedomratio 0.179315
Iter 6500000 pBad 0.00559871 T 1.93834e-09 Obj 1.00751 Rho 0 GRdif 4.38187 success 987692 failure 1506823 obj_new 1.00751 SA_pAcc 1.03009e-07 Delta -0.000403733 SA_r 0.279869 freedomratio 0.171596
Iter 7000000 pBad 0.0035107 T 6.34574e-10 Obj 1.0075 Rho 0 GRdif 4.38025 success 992596 failure 1835951 obj_new 1.0075 SA_pAcc 0 Delta 0.00020272 SA_r 0.212501 freedomratio 0.168294
Iter 7500000 pBad 0.00253303 T 2.07746e-10 Obj 1.0075 Rho 0 GRdif 4.3791 success 995468 failure 2174268 obj_new 1.0075 SA_pAcc 2.5128e-05 Delta -4.63502e-05 SA_r 0.727466 freedomratio 0.16643
Iter 8000000 pBad 0.00210338 T 6.80119e-11 Obj 1.0075 Rho 0 GRdif 4.37838 success 997265 failure 2516620 obj_new 1.0075 SA_pAcc 2.66385e-88 Delta 0.000173607 SA_r 0.357677 freedomratio 0.166241
Iter 8500000 pBad 0.000859541 T 2.22657e-11 Obj 1.0075 Rho 0 GRdif 4.37848 success 998394 failure 2860890 obj_new 1.0075 SA_pAcc 0 Delta 4.38645e-05 SA_r 0.890569 freedomratio 0.165443
Iter 9000000 pBad 0.000697726 T 7.28934e-12 Obj 1.0075 Rho 0 GRdif 4.37787 success 999162 failure 3206903 obj_new 1.0075 SA_pAcc 1 Delta -4.842e-05 SA_r 0.780323 freedomratio 0.165537
Iter 9500000 pBad 0.000235223 T 2.38638e-12 Obj 1.0075 Rho 0 GRdif 4.37775 success 1002075 failure 3547360 obj_new 1.0075 SA_pAcc 1 Delta 3.73146e-06 SA_r 0.191062 freedomratio 0.164192
Good enough
iter 9.99877e+06 obj1.0075 rho 0 GRdif 4.37764
Training:
Lab Growth Rates:
0.41 0.32 0.47 0.377 0.45 0.6 0.45 0.56 0.23 0.55 0.41 0.6 0.47 0.54 0.1 0.54 0.41 0.09 0.465 0.54 0.41 0.5 0.22 0.48 0.4 0.5 0.4 0.68 0.4 0.37 0.47 0.58 0.637 0.65 0.59 0.65 1.483 0.42 0.36 1.67 0.53 0.38 1.46 0.481 0.41 0.4 1.483 1.483 0.52 0.54 1.46 0.56 0.48 0.636 0.58 0.45 0.43 0.6 0.23 0.43 0.33 0.42 1.345 0.56 0.41 0.1 0.54 0.4 0.42 0.377 0.55 0.52 0.55 0.58 0.37 0.58 0.4 0.46 0.54 0.1 0.22 0.58 0.47 1.483 0.4 0.68 0.59 0.59 0.25 0.56 0.43 0.47 0.3 0.45 0.33 1.248 1.43 0.26 0.27 0.38 0.5 0.46 1.05 0.37 0.2 0.11 0.59 0.4 0.65 0.43 0.46 0.45 0.43 1.43 0.48 0.47 0.4 0.39 0.6 0.686 0.42 0.48 0.56 0.58 0.4 0.46 0.4 0.55 0.45 0.3 0.54 0.54 0.48 0.37 0.58 0.1 0.33 0.37 0.65 0.23 0.42 0.22 0.301 0.5 1.345 1.483 0.45 0.43 0.54 0.47 0.4 0.34 0.46 0.32 0.65 0.27 0.58 1.483 0.58 0.59 0.48 0.42 0.54 0.31 0.23 0.41 0.4 1.248 0.42 0.53 1.05 0.377 1.483 1.05 1.483 0.4 0.25 0.46 0.47 1.38 1.248 0.5 0.3 0.27 0.5 0.46 0.45 0.648 0.25 0.36 0.58 0.25 0.31 0.19 0.901 0.47 0.4 0.1 0.45 0.54 0.54 0.11 0.38 0.27 0.33 0.3 1.05 0.762 0.4 0.637 0.47 0.43 0.58 0.36 0.46 0.485 0.54 0.54 0.46 0.43 0.1 0.19 0.4 0.5 0.54 0.36 0.51 0.5 0.59 0.39 0.485 0.37 0.53 0.301 0.52 1.345 0.49 0.45 0.42 1.46 0.53 0.4 0.65 0.42 0.58 0.3 0.3 0.47 0.25 0.39 0.762 0.4 0.4 0.4 0.5 1.05 0.59 0.47 0.56 0.4 0.635 1.4 0.27 0.36 0.11 0.55 0.4 0.46 0.45 0.4 0.648 0.3 0.4 0.39 0.476 0.39 0.4 0.47 0.4 0.5 0.476 0.54 0.5 1.44 0.7 0.45 0.47 0.5 1.483 0.52 0.5 0.37 0.26 0.45 0.43 0.42 0.23 0.45 0.39 0.58 0.53 0.14 0.58 0.7 0.53 0.22 0.4 0.46 0.54 0.46 0.25 0.686 1.345 0.36 1.248 0.53 0.5 0.5 0.636 0.47 0.724 0.51 0.42 0.46 0.43 0.901 0.2 0.4 0.5 0.46 0.47 0.43 0.65 0.59 0.68 0.25 0.58 0.37 0.47 0.5 1.345 0.23 0.45 0.53 0.59 0.58 0.45 0.52 0.4 0.4 0.3 0.38 1.483 0.4 0.4 1.345 0.1 0.52 0.23 0.65 0.46 0.4 0.4 0.42 0.3 0.42 0.7 0.56 1.345 0.5 0.46 0.59 0.53 0.59 0.45 1.345 0.635 1.483 0.47 0.58 0.34 0.4 0.3 0.42 0.4 0.901 0.68 0.5 0.22 0.46 1.345 0.648 0.55 0.09 0.5 0.59 0.22 0.33 0.55 0.55 0.27 0.58 0.636 0.4 0.46 0.1 0.56 0.36 0.59 0.4 0.41 1.67 0.5 0.3 0.47 0.56 0.465 0.4 0.47 1.66 0.53 0.4 0.36 0.56 0.2 0.5 0.4 0.55 0.17 0.4 0.5 0.4 0.481 0.4 0.5 0.37 0.4 0.3 0.33 0.762 0.481 0.4 0.26 0.53 0.5 0.4 0.49 0.5 0.54 0.54 0.34 1.345 0.56 0.3 0.71 0.724 0.46 0.56 0.54 1.03 0.52 0.5 0.42 0.25 0.55 0.59 0.476 0.54 0.4 0.47 0.37 0.52 0.7 0.5 0.485 0.465 1.49 0.33 0.54 0.71 0.37 0.47 0.56 0.3 1.66 0.637 0.52 0.38 0.635 0.47 0.1 0.48 0.53 0.901 0.4 0.53 0.901 0.37 0.45 0.36 0.54 0.4 0.42 0.59 0.17 0.4 0.23 0.41 0.55 0.48 0.49 0.5 0.4 0.4 0.56 0.59 0.23 1.35 0.54 0.17 0.37 0.724 0.58 0.4 1.345 0.43 0.4 0.4 0.5 0.5 1.42 0.4 1.248 0.31 0.45 0.54 0.52 0.54 0.42 0.68 0.55 0.5 0.56 0.901 0.32 0.58 1.345 0.617 0.4 0.14 0.33 0.22 0.65 0.46 0.4 0.5 0.52 0.71 0.54 0.4 0.19 0.52 0.4 0.46 1.483 0.53 0.686 0.09 0.51 0.58 0.33 0.301 0.56 1.46 0.47 0.22 0.42 0.56 0.54 0.762 0.485 0.53 0.56 0.5 0.4 0.48
Dot Production Prediction of Lab Growth Rates:
0.368643 0.322901 0.356123 0.472902 1.43574 0.561181 0.339962 0.552229 0.411913 0.556383 0.346875 0.589273 0.424636 0.368048 1.14917 0.365547 0.399275 0.436108 0.481828 0.537364 0.475313 0.539034 0.463909 0.355529 0.39148 0.715004 0.401725 0.39083 0.399917 0.392933 0.405373 0.470768 0.706389 0.693482 0.546241 0.642079 1.23939 0.351524 0.336143 1.3784 0.329514 0.307143 1.60714 0.477913 0.47559 0.396287 1.2481 1.28431 0.34843 0.3762 1.03854 0.529598 0.341363 0.716937 0.382044 0.379846 0.350353 0.553433 0.542302 0.409678 0.521672 0.33488 1.32927 0.46866 0.329234 0.426824 0.453607 0.389781 0.356462 0.474263 0.545711 0.372706 0.544928 0.466423 0.403182 0.474966 0.401071 0.390342 0.539641 1.01925 0.337523 0.457093 0.465375 1.31616 0.398003 0.387328 0.32817 0.371929 0.570029 0.467322 0.38218 0.334129 0.299174 0.363728 0.335511 0.907685 1.32617 0.445715 0.600785 0.363784 0.811319 0.401 1.05 0.30031 0.353819 0.357332 0.547644 0.405585 0.688374 0.372839 0.450357 1.4756 0.451055 1.3103 0.3175 0.495912 0.401301 0.325088 0.578339 0.724817 0.373966 0.311513 0.534323 0.367474 0.400686 0.504059 0.303941 0.44497 0.363387 0.538432 0.357165 0.450523 0.339766 0.40267 0.463568 1.23563 0.484972 0.441711 0.649407 0.541737 0.329027 0.393691 0.475468 0.458562 1.30751 1.27546 0.375978 0.416611 0.368538 0.396921 0.39539 0.340198 0.446124 0.309939 0.65242 0.331084 0.384718 1.31147 0.393231 0.356154 0.299829 0.335044 0.540167 0.585163 0.539606 0.387176 0.398392 0.906629 0.389067 0.534488 1.59246 0.476203 1.2649 1.04994 1.29587 0.394613 1.49513 0.414586 0.401356 1.30143 0.91509 0.331272 0.399933 0.350346 0.332714 0.459984 1.46389 0.709686 0.346747 0.368437 0.463705 0.302815 0.557357 0.301255 0.900942 0.370317 0.401677 1.41282 0.356811 0.458841 0.46343 0.385096 0.31842 0.269311 0.305432 0.556889 1.05009 0.860973 0.397521 0.708264 0.359389 0.355817 0.367431 0.343195 0.315073 0.475311 0.375009 0.345712 0.462806 0.385454 0.923434 0.315243 0.402072 0.458062 0.339574 0.410501 0.406211 0.334181 0.542966 0.33089 0.481131 0.402169 0.369388 0.476419 0.385345 1.301 0.404051 0.385389 0.311018 1.02046 0.54959 0.40316 0.649954 0.314505 0.354303 0.557209 0.531733 0.384065 0.888463 0.317339 0.864654 0.402081 0.397645 0.399997 0.371287 1.03118 0.323561 0.372377 0.542049 0.402834 0.709926 1.40051 0.363697 0.308217 0.340872 0.551928 0.401449 0.317459 0.380031 0.400849 0.705193 0.593855 0.393086 0.343456 0.486249 0.327655 0.334321 0.367412 0.386719 0.725529 0.485132 0.313283 0.477685 1.49791 0.707486 0.397108 0.390372 0.543244 1.2825 0.368029 0.472669 0.40507 0.5797 0.365014 0.366543 0.611634 0.53279 1.52134 0.308915 0.46535 0.304556 0.140651 0.442338 0.702815 0.382444 0.455921 0.403248 0.343655 0.278378 0.523281 0.519116 0.719162 1.32818 0.338203 0.908894 0.428449 0.801679 0.371112 0.717765 0.495539 0.720267 0.397126 0.329462 0.338941 0.358832 0.902154 0.390452 0.389966 0.344142 0.451857 0.357826 0.422598 0.660921 0.303018 0.394781 0.353867 0.462748 0.405653 0.304154 0.819838 1.32104 0.412713 1.51348 0.525278 0.541178 0.303462 0.335842 0.372335 0.399839 0.39744 0.377048 0.362244 1.28123 0.401541 0.40159 1.29191 1.01064 0.35412 0.411304 0.634312 0.463429 0.395602 0.394665 0.611228 0.300028 0.347062 0.700449 0.549546 1.23443 0.322516 0.454867 0.31974 0.54685 0.548211 1.53766 1.25419 0.709464 1.24909 0.364191 0.457106 0.332282 0.401148 0.325707 0.337613 0.400324 0.873615 0.396037 0.756054 0.445288 0.421818 1.25156 0.70984 0.458084 0.33405 0.331685 0.545913 0.467785 0.350846 0.554943 0.544163 0.350697 0.455925 0.722365 0.391441 0.359263 0.44278 0.54783 0.375328 0.542628 0.405388 0.470644 1.49821 0.470412 0.511861 0.383884 0.474016 0.4782 0.402069 0.407125 1.66 0.493714 0.397704 0.324912 0.454915 0.391188 0.547816 0.39869 0.453772 0.296661 0.395469 0.344114 0.40012 0.479057 0.387977 0.807853 0.389657 0.398173 0.304297 0.375636 0.873117 0.476353 0.385438 0.364986 0.531461 0.413699 0.402128 0.37714 0.365024 0.349003 0.378415 0.312377 1.29249 0.458123 0.464923 0.721181 0.721114 0.398063 0.538492 0.447508 1.32155 0.387936 0.52843 0.317839 0.35071 0.454312 0.330267 0.482263 0.553136 0.393905 0.377172 0.398246 0.389736 0.699221 0.327253 0.47563 0.483442 1.52134 0.32087 0.372797 0.717994 0.393407 0.350436 0.535775 0.588744 1.63824 0.710169 0.361975 0.302889 0.711608 0.385916 0.392092 0.305373 0.40459 0.9041 0.403184 0.306618 0.903787 0.400225 0.342847 0.41889 0.41947 0.376557 0.632286 0.325535 0.425757 0.40179 0.538581 0.352517 0.447301 0.344005 0.37743 0.792565 0.39071 0.40233 0.541531 0.329618 0.531781 1.26296 0.542853 0.299765 0.434823 0.723935 0.470419 0.401993 1.34982 0.393388 0.394707 0.404593 0.809921 0.526421 1.51123 0.400997 0.905733 0.585287 1.45122 0.549696 0.368761 0.539969 0.331764 0.394373 0.448299 0.846035 0.4597 0.901 0.320033 0.286758 1.34762 0.616998 0.390156 0.139931 0.442468 0.468773 0.628839 0.35765 0.399673 0.465428 0.359095 0.711932 0.368277 0.402393 0.318903 0.339287 0.40021 0.546618 1.25965 0.521604 0.721192 0.360392 0.433641 0.343833 0.36365 0.47681 0.538161 1.02263 0.367165 0.460235 0.347543 0.529591 0.45827 0.879257 0.48121 0.523829 0.537445 0.741685 0.400596 0.322779
Testing:
Lab Growth Rates:
0.37 0.37 0.37
Dot Production Prediction of Lab Growth Rates:
0.368365 0.557763 0.392298
Best performance so far: 
Obj: 4.64037e-310Rho: 6.5069e-314Diff: 4.64037e-310
Test:
 Lab Growth Rates:
0.37 0.37 0.37Dot Product Prediction of Growth Rate:
0.3683652 0.5577633 0.392298