seed =  5 traits =  1 
Training: part  134 
Training: part  134 
Round  1 
 Goal of obj  0.99 
Temperature range:  0.00390625 3.125e-15 
Cycle 1Round 1
Iter 500000 pBad 0.826343 T 0.000970322 Obj 1.07347 Rho 0 GRdif 41.5463 success 145747 failure 12420 obj_new 1.07347 SA_pAcc 1 Delta -0.0653871 SA_r 0.420207 freedomratio 0.378309
Iter 1000000 pBad 0.742392 T 0.00024103 Obj 1.03218 Rho 0 GRdif 18.5611 success 286852 failure 35809 obj_new 1.03218 SA_pAcc 0.851892 Delta -0.0393035 SA_r 0.241133 freedomratio 0.361505
Iter 1500000 pBad 0.675344 T 5.98721e-05 Obj 1.01943 Rho 0 GRdif 11.2788 success 425049 failure 66039 obj_new 1.01943 SA_pAcc 0.999942 Delta -0.00842238 SA_r 0.428939 freedomratio 0.368785
Iter 2000000 pBad 0.511105 T 1.48723e-05 Obj 1.01585 Rho 0 GRdif 9.21476 success 558973 failure 103850 obj_new 1.01585 SA_pAcc 1.06979 Delta -0.0408777 SA_r 0.294481 freedomratio 0.364428
Iter 2500000 pBad 0.384386 T 3.69431e-06 Obj 1.01267 Rho 0 GRdif 7.37913 success 681219 failure 161710 obj_new 1.01267 SA_pAcc 1 Delta -0.00748477 SA_r 0.405547 freedomratio 0.350269
Iter 3000000 pBad 0.204337 T 9.17674e-07 Obj 1.01067 Rho 0 GRdif 6.22036 success 782089 failure 264136 obj_new 1.01067 SA_pAcc 1 Delta 0.00442935 SA_r 0.893451 freedomratio 0.335432
Iter 3500000 pBad 0.119663 T 2.27952e-07 Obj 1.00972 Rho 0 GRdif 5.6702 success 856546 failure 423576 obj_new 1.00972 SA_pAcc 0.451077 Delta -0.00469153 SA_r 0.402183 freedomratio 0.296709
Iter 4000000 pBad 0.0510794 T 5.66236e-08 Obj 1.00936 Rho 0 GRdif 5.46033 success 902778 failure 653471 obj_new 1.00936 SA_pAcc 1 Delta 0.000571561 SA_r 0.983064 freedomratio 0.24799
Iter 4500000 pBad 0.020327 T 1.40654e-08 Obj 1.00925 Rho 0 GRdif 5.40485 success 928082 failure 945569 obj_new 1.00927 SA_pAcc 0 Delta 0.00107527 SA_r 0.572856 freedomratio 0.224521
Iter 5000000 pBad 0.0139659 T 3.49387e-09 Obj 1.00921 Rho 0 GRdif 5.37178 success 941707 failure 1279054 obj_new 1.00921 SA_pAcc 1 Delta -0.00113733 SA_r 0.0821525 freedomratio 0.207287
Iter 5500000 pBad 0.00573772 T 8.67882e-10 Obj 1.00919 Rho 0 GRdif 5.36285 success 949333 failure 1637624 obj_new 1.00919 SA_pAcc 7.09369e-06 Delta -0.000521268 SA_r 0.831361 freedomratio 0.198644
Iter 6000000 pBad 0.0015334 T 2.15583e-10 Obj 1.00919 Rho 0 GRdif 5.35835 success 954383 failure 2010542 obj_new 1.00919 SA_pAcc 1 Delta -8.3347e-05 SA_r 0.432402 freedomratio 0.190445
Iter 6500000 pBad 0.00323844 T 5.35513e-11 Obj 1.00918 Rho 0 GRdif 5.3554 success 959072 failure 2400090 obj_new 1.00918 SA_pAcc 1 Delta -0.000162763 SA_r 0.854707 freedomratio 0.180031
Iter 7000000 pBad 1.23284e-05 T 1.33022e-11 Obj 1.00918 Rho 0 GRdif 5.3567 success 961456 failure 2804387 obj_new 1.00918 SA_pAcc 0 Delta -1.11281e-05 SA_r 0.231104 freedomratio 0.175134
Iter 7500000 pBad 2.21997e-26 T 3.30429e-12 Obj 1.00918 Rho 0 GRdif 5.35477 success 964734 failure 3201910 obj_new 1.00918 SA_pAcc 0 Delta -1.66231e-27 SA_r 0.534618 freedomratio 0.162192
Iter 8000000 pBad 5.72472e-98 T 8.20792e-13 Obj 1.00918 Rho 0 GRdif 5.35389 success 964734 failure 3541921 obj_new 1.00918 SA_pAcc 0 Delta 3.91453e-100 SA_r 0.559774 freedomratio 0.163459
Iter 8500000 pBad 0 T 2.03886e-13 Obj 1.00918 Rho 0 GRdif 5.35386 success 964734 failure 3882444 obj_new 1.00918 SA_pAcc 0 Delta -0 SA_r 0.160104 freedomratio 0.1574
Iter 9000000 pBad 0 T 5.06457e-14 Obj 1.00918 Rho 0 GRdif 5.37824 success 964734 failure 4249688 obj_new 1.00922 SA_pAcc 0 Delta -0 SA_r 0.00889971 freedomratio 0.0591441
Iter 9500000 pBad 0 T 1.25805e-14 Obj 1.00918 Rho 0 GRdif 5.35386 success 964734 failure 4637049 obj_new 1.00918 SA_pAcc 0 Delta -0 SA_r 0.88516 freedomratio 0.0409132
Iter 10000000 pBad 0 T 3.12501e-15 Obj 1.00918 Rho 0 GRdif 5.35386 success 964734 failure 5029291 obj_new 1.00918 SA_pAcc 0 Delta -0 SA_r 0.0374411 freedomratio 0.0330774
Cannot move further
iter 7.43965e+06 obj1.00918 rho 0 GRdif 5.35386
Training:
Lab Growth Rates:
0.4 0.33 0.5 0.43 0.48 0.31 0.46 0.56 0.465 0.37 0.4 0.36 0.5 0.65 0.45 0.54 0.41 0.48 0.1 0.4 0.53 0.22 0.59 0.23 0.25 0.901 0.46 0.47 0.54 0.53 0.648 0.901 0.59 0.5 0.19 0.42 0.11 0.1 0.724 1.345 0.46 0.4 0.54 0.54 1.345 0.4 0.53 0.39 0.5 0.54 0.485 0.4 0.7 0.37 0.59 0.4 1.03 1.345 0.25 0.58 1.345 0.47 0.4 0.54 0.52 0.27 0.46 0.53 0.45 0.52 0.49 0.54 0.47 0.637 0.48 0.4 0.1 0.4 0.58 0.45 0.55 0.3 0.45 0.41 0.42 1.483 1.43 0.901 0.6 0.23 0.301 0.52 0.65 0.648 0.25 0.41 1.42 0.45 0.4 0.485 0.68 0.43 0.65 0.4 0.65 0.54 0.55 0.3 0.4 1.4 0.3 0.42 0.4 0.33 0.59 0.39 0.58 0.36 0.55 0.56 0.36 0.43 0.3 0.4 0.46 0.5 0.4 0.38 1.345 0.47 1.483 0.46 0.37 0.301 0.4 0.37 0.686 0.4 0.4 0.37 0.58 0.58 0.55 0.54 0.476 0.45 0.4 0.33 0.26 0.27 0.377 0.56 0.33 0.5 0.43 0.42 1.345 0.42 0.636 0.485 0.22 0.42 0.4 0.26 0.42 1.05 0.4 0.2 0.33 0.53 0.485 0.3 0.56 0.27 0.5 0.46 0.17 1.35 0.22 0.53 0.3 0.5 0.39 0.68 0.36 0.58 0.54 0.47 0.637 0.59 0.901 0.54 0.43 0.47 0.4 0.25 0.1 0.19 0.54 0.46 0.686 0.43 0.58 0.11 0.37 0.4 0.56 0.47 1.46 0.4 0.14 0.5 0.42 0.19 0.2 0.4 0.39 0.23 0.09 1.483 0.59 0.54 0.3 0.42 0.17 0.41 0.25 0.4 0.4 0.55 0.37 0.42 1.483 0.4 0.39 0.3 0.37 0.42 0.54 0.56 0.4 0.47 0.65 0.45 0.4 0.45 0.5 0.5 0.56 0.52 0.5 0.617 1.483 0.635 0.37 0.59 0.54 0.22 0.58 0.52 0.5 1.46 0.23 0.45 0.46 0.68 0.4 0.52 0.3 0.6 0.42 0.59 0.22 0.46 0.38 0.636 0.58 0.42 0.58 0.31 1.05 0.6 0.22 0.6 0.4 0.45 0.762 0.47 0.46 0.46 0.56 0.4 0.762 0.481 0.53 0.11 0.46 0.47 0.47 0.53 0.58 0.32 0.54 0.5 0.45 0.37 0.4 0.56 0.58 0.45 0.48 0.3 0.37 0.46 0.3 0.53 0.5 0.4 0.58 0.4 0.476 0.55 0.59 0.45 0.47 1.483 0.45 0.55 0.5 0.56 0.54 0.636 0.41 0.25 0.3 0.56 0.377 0.46 0.58 0.58 0.37 0.59 0.5 0.301 1.49 0.5 0.59 0.56 0.58 0.4 0.58 0.53 1.248 0.55 0.56 0.47 0.762 0.25 0.41 0.476 0.5 0.51 0.1 0.36 1.05 0.46 0.56 0.686 0.56 0.54 0.4 0.33 0.901 0.45 0.42 0.42 0.55 0.648 0.22 0.54 0.52 0.53 0.65 0.635 0.27 1.38 1.67 0.52 0.17 0.09 1.46 0.27 0.46 0.47 0.42 0.38 0.48 0.58 0.25 0.465 1.05 0.37 0.3 0.47 0.54 1.248 0.5 0.5 0.56 0.36 1.248 0.481 0.901 0.23 1.345 0.14 0.4 0.58 0.33 0.65 0.53 1.345 0.3 0.71 0.45 0.34 0.23 0.1 0.7 0.762 0.52 0.4 0.5 0.43 0.68 0.53 0.58 1.345 1.44 0.1 0.1 0.51 0.37 0.34 0.33 0.37 0.36 1.66 0.36 0.31 0.4 0.46 0.71 0.26 0.22 0.34 0.27 0.23 0.49 0.38 0.4 0.46 0.4 0.43 0.635 0.48 0.5 0.4 0.65 0.54 0.4 0.4 1.248 0.49 0.54 0.47 0.5 0.5 0.55 0.5 1.483 0.56 0.5 0.47 0.5 0.724 0.53 0.32 1.43 0.47 0.45 0.56 0.46 0.09 1.46 0.4 1.05 0.59 0.43 0.52 0.47 0.32 0.59 1.66 0.637 0.36 0.54 1.483 0.59 0.481 0.42 0.724 0.43 0.52 0.54 0.4 0.4 0.47 0.5 0.4 0.4 0.45 0.47 0.58 0.43 0.47 0.48 0.54 0.45 0.2 0.43 0.48 0.7 0.54 0.37 0.41 1.345 0.41 0.54 1.483 0.59 0.33 0.23 0.4 0.4 1.483 0.5 0.54 0.5 0.5 0.48 0.4 0.55 0.51 0.71 0.65 0.47 1.67 1.248 1.483 1.345 0.23 0.52 0.377 0.4 0.7 0.53 0.59 0.46 0.5 0.68 0.39 0.1 1.345 0.4 0.38 0.465 0.4 1.483 0.41 0.47 0.42 0.4 0.4 0.5 0.55
Dot Production Prediction of Lab Growth Rates:
0.338168 0.32203 0.535662 0.354298 0.319068 0.534863 0.368506 0.539969 0.552635 0.441723 0.354853 0.363547 0.466806 0.649547 0.399595 0.394025 0.348953 0.333481 0.447717 0.339635 0.541631 0.464875 0.343858 0.542816 0.318384 0.989009 0.506446 0.362779 0.322197 0.486125 0.717403 0.900614 0.350956 0.393542 0.339647 0.338157 0.340523 0.689831 0.722834 0.849133 0.458319 0.339389 0.409522 0.372288 0.801813 0.34057 0.392822 0.327322 0.593655 0.333981 0.555743 0.34272 0.70657 0.522369 0.32705 0.338622 1.41538 0.864155 0.365736 0.320297 0.877599 0.344672 0.341158 0.387635 0.373405 0.552554 0.433006 0.356627 1.46182 0.372643 0.372944 0.347445 0.397233 0.712581 0.3324 0.363577 0.896326 0.340039 0.469353 1.54664 0.54674 0.499468 0.343427 0.551652 0.364336 0.862312 1.31472 0.90106 0.517561 0.453089 0.547567 0.400063 0.631505 0.717137 0.369368 0.366609 1.52088 1.53588 0.338139 0.552197 0.423492 0.366669 0.649967 0.339469 0.642888 0.455336 0.430238 0.252603 0.340741 1.48397 0.489328 0.529782 0.375513 0.327545 0.40037 0.367487 0.473561 0.346348 0.54728 0.545016 0.364456 0.444051 0.414644 0.377328 0.442372 0.530317 0.341661 0.373706 0.871027 0.432855 0.839007 0.331662 0.38694 0.547763 0.373307 0.397583 0.722729 0.355043 0.337459 0.3884 0.364298 0.459839 0.540963 0.435569 0.557826 0.347888 0.343117 0.373889 0.533021 0.321672 0.54191 0.538432 0.343592 0.333613 0.403789 0.532369 0.82322 0.349168 0.721092 0.551938 0.466554 0.347181 0.339993 0.354344 0.538963 1.61093 0.33995 0.418237 0.368618 0.51441 0.553401 0.458237 0.466303 0.353414 0.607383 0.307244 0.343886 1.21456 0.430559 0.309665 0.356144 0.467128 0.334611 0.423102 0.344202 0.469108 0.45498 0.348517 0.711557 0.33605 0.901367 0.355591 0.410567 0.419789 0.354612 0.503523 0.391266 0.348433 0.537706 0.457501 0.722935 0.380422 0.467943 0.37852 0.447076 0.34052 0.542895 0.353933 1.58334 0.339476 0.140022 0.546618 0.35622 0.331926 0.370037 0.340857 0.342483 0.454026 0.336547 0.849762 0.543892 0.385219 0.491126 0.364423 0.428778 0.549539 0.528867 0.339598 0.33558 0.438312 0.438847 0.35122 0.802093 0.339942 0.311556 0.257009 0.439652 0.315327 0.425999 0.467447 0.339533 0.461467 0.63315 0.408783 0.338104 0.352957 0.32906 0.317974 0.463489 0.392977 0.536621 0.391106 0.84556 0.715964 0.446797 0.551017 0.409677 0.458722 0.339849 0.369971 0.5325 1.02493 0.542046 0.36812 0.371724 0.420932 0.340391 0.362072 0.485184 0.50477 0.353134 0.544566 0.467498 0.31293 0.345697 0.723387 0.468645 0.388523 0.372571 0.547578 1.05127 0.506016 0.386306 0.505061 0.343257 0.370651 1.05183 0.347969 0.448758 0.430773 0.545571 0.421347 1.04351 0.553504 0.354053 0.382022 0.51702 0.403484 0.391604 0.423906 0.353076 0.330788 0.538984 0.363659 0.342497 0.440821 0.339732 0.545286 0.355534 0.385507 0.330195 0.518398 0.437947 0.460011 0.41636 0.538188 0.500297 0.371671 0.364446 0.33718 0.554526 0.431635 0.555244 0.377947 0.364535 0.852863 1.4531 0.549149 0.535922 0.551814 0.352346 0.725119 0.374826 1.49728 0.38601 0.539927 0.546178 0.461394 0.461688 0.454107 0.444579 0.314732 0.469992 0.549326 1.54664 0.538101 0.366612 0.549956 0.470679 0.354599 0.395396 0.357581 1.0319 0.433425 0.466994 0.378561 1.04615 0.676801 0.386139 0.561046 0.547326 0.413549 0.857003 0.34996 1.04986 0.370321 0.463505 0.726317 0.532645 0.544255 0.353651 0.491569 0.901 1.48024 0.354442 0.354749 0.54733 0.715986 0.465912 0.388879 0.388248 0.542725 0.653059 0.716505 0.365262 1.36968 1.45876 0.390162 0.352705 0.371065 1.0308 0.384018 0.402012 0.469359 0.320534 0.329134 0.35868 0.459944 0.357383 0.554821 1.05088 0.44815 0.254816 0.354532 0.447151 1.02707 0.573481 0.317483 0.463648 0.332844 1.03278 0.553489 0.900606 0.537898 0.86774 0.139996 0.339951 0.470998 0.466883 0.660926 0.538741 0.861155 0.525358 0.718716 0.362922 0.31949 0.453006 0.444139 0.699957 1.04697 0.38634 0.339718 0.572703 0.432631 0.421993 0.549655 0.330052 0.881796 1.51749 1.00957 1.42559 0.405482 0.326813 0.317039 0.374377 0.412158 0.405171 1.66 0.420487 0.536073 0.340036 0.489732 0.723957 0.461764 0.365042 0.347545 0.39039 0.544136 0.384926 0.36528 0.350442 0.464993 0.338238 0.412275 0.71767 0.325039 0.33982 0.334123 0.670624 0.541114 0.338892 0.33277 1.03093 0.367116 0.54 0.449217 0.586151 0.348987 0.4366 0.366724 0.812582 0.546491 0.333967 0.355183 0.463891 0.724032 0.541518 0.315093 1.31158 0.3998 1.46188 0.54195 0.455348 0.432699 1.0336 0.333323 1.0237 0.322173 0.366797 0.353648 0.388289 0.349321 0.552182 1.64175 0.71375 0.329237 0.351066 0.839631 0.544315 0.550604 0.352453 0.722709 0.414972 0.352609 0.548415 0.33699 0.372067 0.36359 0.530343 0.341661 0.375726 1.49182 0.424584 0.468232 0.377436 0.369979 0.34582 0.431535 0.395684 0.408356 0.471872 0.33715 0.700388 0.397944 0.436957 0.329514 0.810337 0.543884 0.547746 0.825324 0.551757 0.432324 0.538164 0.337914 0.339753 0.846505 0.357364 0.407999 0.463729 0.612539 0.31449 0.355859 0.547893 0.391119 0.724934 0.65464 0.390848 1.49808 1.03133 0.843781 0.827965 0.546531 0.392433 0.544236 0.334425 0.70427 0.392714 0.414024 0.465643 0.466829 0.42141 0.337034 0.847022 0.883495 0.340221 0.324306 0.552514 0.33981 0.819927 0.383742 0.423261 0.388815 0.340188 0.337534 0.375345 0.435432
Testing:
Lab Growth Rates:
0.4 0.4 0.4
Dot Production Prediction of Lab Growth Rates:
0.355047 0.351756 0.355808
Best performance so far: 
Obj: 4.65791e-310Rho: 2.26291e-314Diff: 4.65791e-310
Anneal again with the best G and E so far as input
Cycle 2Round 1
Iter 500000 pBad 0.814007 T 0.000970322 Obj 1.06274 Rho 0 GRdif 35.7914 success 119010 failure 11949 obj_new 1.06298 SA_pAcc 0.78094 Delta 0.0246044 SA_r 0.935523 freedomratio 0.290243
Iter 1000000 pBad 0.737848 T 0.00024103 Obj 1.03121 Rho 0 GRdif 18.0073 success 233367 failure 33028 obj_new 1.03121 SA_pAcc 0.88466 Delta 0.0659632 SA_r 0.503204 freedomratio 0.287396
Iter 1500000 pBad 0.587399 T 5.98721e-05 Obj 1.02345 Rho 0 GRdif 13.5859 success 343677 failure 63823 obj_new 1.02345 SA_pAcc 1 Delta 0.0432941 SA_r 0.680408 freedomratio 0.279181
Iter 2000000 pBad 0.47102 T 1.48723e-05 Obj 1.01915 Rho 0 GRdif 11.1152 success 451987 failure 99826 obj_new 1.01915 SA_pAcc 1.15189 Delta 0.0447922 SA_r 0.947311 freedomratio 0.276546
Iter 2500000 pBad 0.349735 T 3.69431e-06 Obj 1.01551 Rho 0 GRdif 9.01953 success 554680 failure 146103 obj_new 1.01551 SA_pAcc 0.694146 Delta 0.021356 SA_r 0.0234593 freedomratio 0.279314
Iter 3000000 pBad 0.211906 T 9.17674e-07 Obj 1.01129 Rho 0 GRdif 6.5802 success 640018 failure 230898 obj_new 1.01129 SA_pAcc 1 Delta 0.0114308 SA_r 0.722443 freedomratio 0.255226
Iter 3500000 pBad 0.15756 T 2.27952e-07 Obj 1.00966 Rho 0 GRdif 5.63453 success 712439 failure 347042 obj_new 1.00966 SA_pAcc 1 Delta 0.00222113 SA_r 0.243988 freedomratio 0.24841
Iter 4000000 pBad 0.061414 T 5.66236e-08 Obj 1.00882 Rho 0 GRdif 5.15086 success 764314 failure 520961 obj_new 1.00883 SA_pAcc 1.28187e-53 Delta -0.00456981 SA_r 0.368917 freedomratio 0.212396
Iter 4500000 pBad 0.0252977 T 1.40654e-08 Obj 1.00846 Rho 0 GRdif 4.93923 success 796570 failure 762386 obj_new 1.00846 SA_pAcc 1 Delta -0.000109526 SA_r 0.568887 freedomratio 0.18746
Iter 5000000 pBad 0.0160507 T 3.49387e-09 Obj 1.00836 Rho 0 GRdif 4.87839 success 816010 failure 1056010 obj_new 1.00836 SA_pAcc 1 Delta -0.000193535 SA_r 0.692019 freedomratio 0.168633
Iter 5500000 pBad 0.00622891 T 8.67882e-10 Obj 1.0083 Rho 0 GRdif 4.8413 success 831158 failure 1389026 obj_new 1.0083 SA_pAcc 1 Delta -0.000310877 SA_r 0.62477 freedomratio 0.156726
Iter 6000000 pBad 0.00487021 T 2.15583e-10 Obj 1.00827 Rho 0 GRdif 4.82823 success 841402 failure 1749389 obj_new 1.00827 SA_pAcc 4.22331e-47 Delta 0.000386283 SA_r 0.103901 freedomratio 0.151265
Iter 6500000 pBad 0.00194291 T 5.35513e-11 Obj 1.00826 Rho 0 GRdif 4.823 success 849706 failure 2130001 obj_new 1.00826 SA_pAcc 0 Delta 3.06178e-06 SA_r 0.258225 freedomratio 0.144906
Iter 7000000 pBad 0.000933535 T 1.33022e-11 Obj 1.00826 Rho 0 GRdif 4.81999 success 856653 failure 2525454 obj_new 1.00826 SA_pAcc 1 Delta 8.59045e-05 SA_r 0.810517 freedomratio 0.141614
Iter 7500000 pBad 0.00035168 T 3.30429e-12 Obj 1.00826 Rho 0 GRdif 4.84689 success 863867 failure 2935578 obj_new 1.00831 SA_pAcc 0 Delta -1.41707e-05 SA_r 0.30456 freedomratio 0.13462
Iter 8000000 pBad 0.000435332 T 8.20792e-13 Obj 1.00825 Rho 0 GRdif 4.85771 success 872474 failure 3355310 obj_new 1.00832 SA_pAcc 0 Delta -3.36276e-05 SA_r 0.562646 freedomratio 0.132071
Iter 8500000 pBad 9.37086e-83 T 2.03886e-13 Obj 1.00825 Rho 0 GRdif 4.81722 success 876560 failure 3752094 obj_new 1.00825 SA_pAcc 1 Delta 8.66245e-84 SA_r 0.794089 freedomratio 0.129531
Iter 9000000 pBad 6.27348e-57 T 5.06457e-14 Obj 1.00825 Rho 0 GRdif 4.81723 success 876560 failure 4129163 obj_new 1.00825 SA_pAcc 0 Delta 2.84381e-58 SA_r 0.306588 freedomratio 0.124734
Iter 9500000 pBad 0 T 1.25805e-14 Obj 1.00825 Rho 0 GRdif 4.81722 success 876560 failure 4515535 obj_new 1.00825 SA_pAcc 0 Delta -0 SA_r 0.221057 freedomratio 0.0842802
Good enough
iter 8.34517e+06 obj1.00825 rho 0 GRdif 4.81722
Training:
Lab Growth Rates:
0.4 0.33 0.5 0.43 0.48 0.31 0.46 0.56 0.465 0.37 0.4 0.36 0.5 0.65 0.45 0.54 0.41 0.48 0.1 0.4 0.53 0.22 0.59 0.23 0.25 0.901 0.46 0.47 0.54 0.53 0.648 0.901 0.59 0.5 0.19 0.42 0.11 0.1 0.724 1.345 0.46 0.4 0.54 0.54 1.345 0.4 0.53 0.39 0.5 0.54 0.485 0.4 0.7 0.37 0.59 0.4 1.03 1.345 0.25 0.58 1.345 0.47 0.4 0.54 0.52 0.27 0.46 0.53 0.45 0.52 0.49 0.54 0.47 0.637 0.48 0.4 0.1 0.4 0.58 0.45 0.55 0.3 0.45 0.41 0.42 1.483 1.43 0.901 0.6 0.23 0.301 0.52 0.65 0.648 0.25 0.41 1.42 0.45 0.4 0.485 0.68 0.43 0.65 0.4 0.65 0.54 0.55 0.3 0.4 1.4 0.3 0.42 0.4 0.33 0.59 0.39 0.58 0.36 0.55 0.56 0.36 0.43 0.3 0.4 0.46 0.5 0.4 0.38 1.345 0.47 1.483 0.46 0.37 0.301 0.4 0.37 0.686 0.4 0.4 0.37 0.58 0.58 0.55 0.54 0.476 0.45 0.4 0.33 0.26 0.27 0.377 0.56 0.33 0.5 0.43 0.42 1.345 0.42 0.636 0.485 0.22 0.42 0.4 0.26 0.42 1.05 0.4 0.2 0.33 0.53 0.485 0.3 0.56 0.27 0.5 0.46 0.17 1.35 0.22 0.53 0.3 0.5 0.39 0.68 0.36 0.58 0.54 0.47 0.637 0.59 0.901 0.54 0.43 0.47 0.4 0.25 0.1 0.19 0.54 0.46 0.686 0.43 0.58 0.11 0.37 0.4 0.56 0.47 1.46 0.4 0.14 0.5 0.42 0.19 0.2 0.4 0.39 0.23 0.09 1.483 0.59 0.54 0.3 0.42 0.17 0.41 0.25 0.4 0.4 0.55 0.37 0.42 1.483 0.4 0.39 0.3 0.37 0.42 0.54 0.56 0.4 0.47 0.65 0.45 0.4 0.45 0.5 0.5 0.56 0.52 0.5 0.617 1.483 0.635 0.37 0.59 0.54 0.22 0.58 0.52 0.5 1.46 0.23 0.45 0.46 0.68 0.4 0.52 0.3 0.6 0.42 0.59 0.22 0.46 0.38 0.636 0.58 0.42 0.58 0.31 1.05 0.6 0.22 0.6 0.4 0.45 0.762 0.47 0.46 0.46 0.56 0.4 0.762 0.481 0.53 0.11 0.46 0.47 0.47 0.53 0.58 0.32 0.54 0.5 0.45 0.37 0.4 0.56 0.58 0.45 0.48 0.3 0.37 0.46 0.3 0.53 0.5 0.4 0.58 0.4 0.476 0.55 0.59 0.45 0.47 1.483 0.45 0.55 0.5 0.56 0.54 0.636 0.41 0.25 0.3 0.56 0.377 0.46 0.58 0.58 0.37 0.59 0.5 0.301 1.49 0.5 0.59 0.56 0.58 0.4 0.58 0.53 1.248 0.55 0.56 0.47 0.762 0.25 0.41 0.476 0.5 0.51 0.1 0.36 1.05 0.46 0.56 0.686 0.56 0.54 0.4 0.33 0.901 0.45 0.42 0.42 0.55 0.648 0.22 0.54 0.52 0.53 0.65 0.635 0.27 1.38 1.67 0.52 0.17 0.09 1.46 0.27 0.46 0.47 0.42 0.38 0.48 0.58 0.25 0.465 1.05 0.37 0.3 0.47 0.54 1.248 0.5 0.5 0.56 0.36 1.248 0.481 0.901 0.23 1.345 0.14 0.4 0.58 0.33 0.65 0.53 1.345 0.3 0.71 0.45 0.34 0.23 0.1 0.7 0.762 0.52 0.4 0.5 0.43 0.68 0.53 0.58 1.345 1.44 0.1 0.1 0.51 0.37 0.34 0.33 0.37 0.36 1.66 0.36 0.31 0.4 0.46 0.71 0.26 0.22 0.34 0.27 0.23 0.49 0.38 0.4 0.46 0.4 0.43 0.635 0.48 0.5 0.4 0.65 0.54 0.4 0.4 1.248 0.49 0.54 0.47 0.5 0.5 0.55 0.5 1.483 0.56 0.5 0.47 0.5 0.724 0.53 0.32 1.43 0.47 0.45 0.56 0.46 0.09 1.46 0.4 1.05 0.59 0.43 0.52 0.47 0.32 0.59 1.66 0.637 0.36 0.54 1.483 0.59 0.481 0.42 0.724 0.43 0.52 0.54 0.4 0.4 0.47 0.5 0.4 0.4 0.45 0.47 0.58 0.43 0.47 0.48 0.54 0.45 0.2 0.43 0.48 0.7 0.54 0.37 0.41 1.345 0.41 0.54 1.483 0.59 0.33 0.23 0.4 0.4 1.483 0.5 0.54 0.5 0.5 0.48 0.4 0.55 0.51 0.71 0.65 0.47 1.67 1.248 1.483 1.345 0.23 0.52 0.377 0.4 0.7 0.53 0.59 0.46 0.5 0.68 0.39 0.1 1.345 0.4 0.38 0.465 0.4 1.483 0.41 0.47 0.42 0.4 0.4 0.5 0.55
Dot Production Prediction of Lab Growth Rates:
0.307977 0.31172 0.548582 0.348055 0.303345 0.574605 0.340059 0.534006 0.550801 0.404912 0.326959 0.379942 0.495406 0.649948 0.404935 0.378972 0.346528 0.33976 0.469159 0.30915 0.535938 0.491052 0.311964 0.539506 0.315101 0.838801 0.536677 0.340884 0.294676 0.485626 0.711697 0.903343 0.335565 0.438065 0.320465 0.340423 0.331997 0.823642 0.722398 1.24856 0.437109 0.307689 0.396033 0.405719 1.17839 0.310524 0.423353 0.33305 0.672205 0.323592 0.552805 0.304357 0.785468 0.563221 0.331604 0.309702 1.26458 1.27097 0.371778 0.286725 1.25574 0.363058 0.311452 0.363905 0.374039 0.625746 0.44378 0.330845 1.45334 0.365794 0.386458 0.339937 0.39345 0.70948 0.301234 0.328695 1.28312 0.31009 0.480601 1.51225 0.540075 0.596308 0.346594 0.541456 0.33036 1.23305 1.1905 0.903609 0.62975 0.419945 0.547947 0.399442 0.625946 0.71059 0.372955 0.372448 1.51383 1.54194 0.306017 0.539922 0.350852 0.372108 0.648065 0.308064 0.64404 0.471728 0.452193 0.226512 0.311666 1.405 0.581097 0.597437 0.348095 0.328538 0.368518 0.3346 0.471725 0.354483 0.558655 0.546788 0.345017 0.428429 0.485928 0.34975 0.398153 0.601743 0.313296 0.380046 1.24763 0.431495 1.19007 0.335969 0.422461 0.550726 0.343532 0.393588 0.720551 0.331802 0.304809 0.409149 0.337122 0.479226 0.56607 0.468792 0.554037 0.351427 0.304615 0.336835 0.584193 0.290256 0.548668 0.542326 0.311824 0.328637 0.416522 0.592648 1.17435 0.338951 0.719735 0.540238 0.480152 0.326817 0.311154 0.390749 0.618208 1.41344 0.307572 0.387651 0.353905 0.54644 0.550793 0.542663 0.482309 0.353144 0.699355 0.302171 0.328502 1.12475 0.435964 0.295836 0.347561 0.484692 0.349322 0.351711 0.345824 0.493487 0.462922 0.345412 0.703613 0.336764 0.899525 0.374379 0.394769 0.424012 0.326899 0.532529 0.369861 0.323106 0.53677 0.45983 0.723135 0.357243 0.481296 0.359746 0.417705 0.308373 0.544155 0.37428 1.46059 0.311111 0.139999 0.540578 0.364617 0.312548 0.382397 0.312012 0.298841 0.419105 0.340377 1.23272 0.54128 0.377196 0.562102 0.371347 0.420498 0.542439 0.603864 0.309463 0.299036 0.470973 0.403425 0.358025 1.16649 0.308076 0.309669 0.228479 0.398689 0.313986 0.472606 0.477279 0.308468 0.483056 0.646276 0.427924 0.301517 0.358219 0.329444 0.321609 0.479023 0.385146 0.518952 0.464546 1.22042 0.708208 0.41943 0.550136 0.392837 0.478446 0.339238 0.378966 0.602693 1.03742 0.538634 0.354002 0.34476 0.345358 0.311226 0.350295 0.566345 0.59883 0.315553 0.544766 0.47685 0.309932 0.317786 0.720342 0.48992 0.386615 0.350505 0.579293 1.07046 0.593677 0.383975 0.618627 0.307529 0.357203 0.826289 0.306623 0.433977 0.426221 0.552352 0.384496 0.839298 0.547668 0.318318 0.386168 0.539313 0.402314 0.410793 0.419671 0.377263 0.319865 0.544069 0.377455 0.328286 0.441645 0.307378 0.548905 0.374706 0.374572 0.311841 0.628436 0.398389 0.47858 0.415747 0.531099 0.604855 0.340855 0.397203 0.304702 0.551424 0.47224 0.55301 0.379248 0.338787 1.21372 1.45681 0.552393 0.518278 0.549123 0.374155 0.72733 0.370093 1.49708 0.389797 0.537321 0.547052 0.459966 0.481598 0.455794 0.410898 0.326138 0.499606 0.548212 1.51225 0.63834 0.320299 0.547911 0.492324 0.327432 0.383358 0.367284 0.883523 0.46741 0.492132 0.35856 0.809846 0.844569 0.400028 0.555983 0.548517 0.422128 1.09982 0.360547 1.04995 0.35361 0.485797 0.725331 0.537664 0.53416 0.329337 0.514928 0.901294 1.41736 0.351419 0.366001 0.540336 0.704389 0.492809 0.375053 0.369066 0.535078 0.654249 0.709544 0.365346 1.29389 1.33226 0.354335 0.313014 0.3847 1.05006 0.383572 0.388873 0.489866 0.308764 0.316141 0.346473 0.481512 0.370158 0.557368 1.06714 0.421234 0.22563 0.37279 0.465352 0.879193 0.695119 0.327044 0.478666 0.32767 0.89018 0.540704 0.900966 0.531449 1.23558 0.138414 0.310547 0.496031 0.471705 0.655547 0.529964 1.23671 0.637457 0.712479 0.380717 0.325705 0.41996 0.458827 0.771707 0.818226 0.403337 0.309085 0.649698 0.447729 0.345048 0.547353 0.315124 1.29002 1.51558 1.34332 1.43125 0.41326 0.301219 0.305112 0.36828 0.419864 0.414358 1.52774 0.407886 0.581723 0.310173 0.515805 0.717996 0.469788 0.345397 0.330959 0.389823 0.532887 0.398641 0.383847 0.322713 0.470984 0.303249 0.384606 0.705219 0.296484 0.358425 0.297507 0.680581 0.527696 0.308832 0.295397 0.879042 0.368098 0.558311 0.45674 0.684129 0.342332 0.468099 0.353275 1.1525 0.548306 0.318908 0.348749 0.478664 0.724754 0.527872 0.32214 1.18789 0.402081 1.46122 0.539468 0.451677 0.445484 1.02548 0.295856 1.03991 0.311979 0.348505 0.355763 0.378717 0.348076 0.549666 1.53895 0.712507 0.337795 0.350801 1.15321 0.540436 0.539985 0.349232 0.721342 0.420495 0.34794 0.532867 0.299867 0.341385 0.393749 0.634928 0.308401 0.346414 1.51472 0.419981 0.476407 0.362201 0.350505 0.350705 0.480758 0.404004 0.406301 0.436474 0.347701 0.767378 0.37673 0.393183 0.332456 1.17875 0.539099 0.550596 1.22316 0.557537 0.445531 0.53692 0.304181 0.309648 1.25332 0.366972 0.398214 0.478107 0.704177 0.313104 0.328328 0.542467 0.387457 0.721512 0.680996 0.414226 1.51953 0.875783 1.20407 1.22148 0.541538 0.396207 0.54979 0.296639 0.781406 0.387994 0.376924 0.467005 0.495225 0.352353 0.309212 1.12038 1.26797 0.305527 0.305355 0.554123 0.309823 1.18473 0.391699 0.405478 0.401438 0.309458 0.301071 0.396547 0.472047
Testing:
Lab Growth Rates:
0.4 0.4 0.4
Dot Production Prediction of Lab Growth Rates:
0.327924 0.322796 0.33066
Best performance so far: 
Obj: 4.65791e-310Rho: 6.5069e-314Diff: 4.65791e-310
Test:
 Lab Growth Rates:
0.4 0.4 0.4Dot Product Prediction of Growth Rate:
0.3279235 0.3227957 0.3306599