seed =  5 traits =  1 
Training: part  21 
Training: part  21 
Round  1 
 Goal of obj  0.99 
Temperature range:  0.00390625 1.5625e-15 
Cycle 1Round 1
Iter 500000 pBad 0.837235 T 0.000937269 Obj 1.04549 Rho 0 GRdif 26.159 success 146961 failure 10325 obj_new 1.04549 SA_pAcc 1 Delta 0.0233871 SA_r 0.550198 freedomratio 0.364312
Iter 1000000 pBad 0.800366 T 0.000224889 Obj 1.02915 Rho 0 GRdif 16.9107 success 290065 failure 28606 obj_new 1.02918 SA_pAcc 0.869673 Delta 0.0432439 SA_r 0.980894 freedomratio 0.3675
Iter 1500000 pBad 0.689471 T 5.39598e-05 Obj 1.02239 Rho 0 GRdif 13.022 success 430497 failure 53145 obj_new 1.02239 SA_pAcc 1.09742 Delta 0.0581085 SA_r 0.309601 freedomratio 0.364312
Iter 2000000 pBad 0.532954 T 1.29471e-05 Obj 1.01492 Rho 0 GRdif 8.70949 success 567378 failure 86815 obj_new 1.01492 SA_pAcc 0.912449 Delta 0.0374744 SA_r 0.212868 freedomratio 0.363187
Iter 2500000 pBad 0.412228 T 3.10654e-06 Obj 1.01152 Rho 0 GRdif 6.73699 success 693573 failure 138280 obj_new 1.01152 SA_pAcc 1.09659 Delta 0.0334411 SA_r 0.443608 freedomratio 0.355072
Iter 3000000 pBad 0.241501 T 7.45383e-07 Obj 1.00953 Rho 0 GRdif 5.57989 success 801682 failure 225732 obj_new 1.00953 SA_pAcc 1 Delta -0.00241433 SA_r 0.389489 freedomratio 0.327577
Iter 3500000 pBad 0.122673 T 1.78847e-07 Obj 1.00882 Rho 0 GRdif 5.16367 success 877177 failure 381698 obj_new 1.00882 SA_pAcc 0.332315 Delta 0.00287102 SA_r 0.518071 freedomratio 0.29356
Iter 4000000 pBad 0.0505868 T 4.29126e-08 Obj 1.00855 Rho 0 GRdif 5.00615 success 919793 failure 618213 obj_new 1.00855 SA_pAcc 0.00863604 Delta -0.00245734 SA_r 0.988195 freedomratio 0.246644
Iter 4500000 pBad 0.0160047 T 1.02965e-08 Obj 1.00848 Rho 0 GRdif 4.96345 success 940443 failure 919308 obj_new 1.00848 SA_pAcc 1 Delta 0.00105027 SA_r 0.937108 freedomratio 0.223829
Iter 5000000 pBad 0.0109647 T 2.47054e-09 Obj 1.00845 Rho 0 GRdif 4.94709 success 952078 failure 1252873 obj_new 1.00845 SA_pAcc 0.306806 Delta -0.000327444 SA_r 0.914268 freedomratio 0.209178
Iter 5500000 pBad 0.00583849 T 5.92781e-10 Obj 1.00844 Rho 0 GRdif 4.94157 success 957927 failure 1608522 obj_new 1.00844 SA_pAcc 3.45182e-17 Delta 0.000258408 SA_r 0.321425 freedomratio 0.20438
Iter 6000000 pBad 0.0011676 T 1.42232e-10 Obj 1.00843 Rho 0 GRdif 4.94019 success 961405 failure 1974029 obj_new 1.00844 SA_pAcc 0 Delta -0.000109379 SA_r 0.0650727 freedomratio 0.201508
Iter 6500000 pBad 0.00097108 T 3.41272e-11 Obj 1.00843 Rho 0 GRdif 4.93786 success 963396 failure 2346023 obj_new 1.00843 SA_pAcc 1 Delta -2.38756e-05 SA_r 0.201372 freedomratio 0.199525
Iter 7000000 pBad 0.000585001 T 8.18848e-12 Obj 1.00843 Rho 0 GRdif 4.9372 success 965057 failure 2721220 obj_new 1.00843 SA_pAcc 1 Delta 3.09826e-05 SA_r 0.667604 freedomratio 0.195935
Iter 7500000 pBad 0.00141122 T 1.96475e-12 Obj 1.00843 Rho 0 GRdif 4.93677 success 967208 failure 3100421 obj_new 1.00843 SA_pAcc 1 Delta 2.5497e-05 SA_r 0.0108503 freedomratio 0.191781
Iter 8000000 pBad 4.56002e-38 T 4.71421e-13 Obj 1.00843 Rho 0 GRdif 4.94848 success 968974 failure 3431358 obj_new 1.00845 SA_pAcc 0 Delta 1.11458e-39 SA_r 0.809138 freedomratio 0.180645
Iter 8500000 pBad 2.10079e-211 T 1.13113e-13 Obj 1.00843 Rho 0 GRdif 4.98244 success 968974 failure 3726174 obj_new 1.00851 SA_pAcc 0 Delta -5.12503e-213 SA_r 0.232679 freedomratio 0.180368
Iter 9000000 pBad 5.83654e-271 T 2.71403e-14 Obj 1.00843 Rho 0 GRdif 4.9368 success 968974 failure 4035702 obj_new 1.00843 SA_pAcc 0 Delta -5.27966e-272 SA_r 0.254688 freedomratio 0.0881163
Iter 9500000 pBad 0 T 6.51206e-15 Obj 1.00843 Rho 0 GRdif 4.93664 success 968974 failure 4373922 obj_new 1.00843 SA_pAcc 1 Delta -0 SA_r 0.513028 freedomratio 0.04105
Iter 10000000 pBad 0 T 1.5625e-15 Obj 1.00843 Rho 0 GRdif 4.96215 success 968974 failure 4720166 obj_new 1.00847 SA_pAcc 0 Delta -0 SA_r 0.234757 freedomratio 0.0304458
Cannot move further
iter 7.81886e+06 obj1.00843 rho 0 GRdif 4.93664
Training:
Lab Growth Rates:
1.35 0.1 1.345 0.53 0.47 0.11 0.46 0.56 0.1 0.41 1.483 0.55 0.17 0.58 1.483 0.5 0.46 0.19 0.37 1.248 0.23 0.46 0.22 0.5 0.42 0.3 0.377 0.26 0.47 0.52 0.47 0.55 0.47 0.4 0.23 1.483 1.345 1.345 0.45 0.36 0.26 0.54 0.37 1.483 0.56 0.46 0.14 1.43 0.23 0.55 0.59 0.2 0.71 0.59 1.66 0.476 0.636 0.23 0.58 0.33 0.56 0.5 0.42 0.3 0.23 0.6 0.32 0.59 0.54 0.47 0.52 0.54 0.481 0.46 0.4 0.34 0.43 0.47 0.5 0.636 0.33 0.47 0.58 0.54 0.54 0.47 0.4 0.5 0.4 0.762 0.22 0.53 0.53 0.5 0.5 0.55 0.901 0.54 0.43 0.54 1.483 0.762 0.4 0.59 0.42 1.248 0.1 0.45 0.53 0.54 0.38 0.686 0.5 0.45 0.485 0.4 0.4 0.46 0.4 1.46 0.31 0.4 0.45 0.45 0.5 0.901 0.56 0.47 0.1 0.648 0.465 0.48 0.23 0.7 0.22 0.724 0.762 0.36 0.53 0.45 0.46 0.25 0.37 0.42 0.4 0.4 0.4 1.483 0.54 0.648 0.4 0.2 0.43 0.4 0.54 0.6 1.05 1.345 0.65 0.636 0.39 0.53 0.51 0.52 0.54 0.46 0.42 0.54 1.248 0.32 0.55 0.48 0.49 0.32 0.31 0.48 0.5 0.11 0.25 0.4 0.637 0.55 0.71 0.31 0.46 0.52 0.4 0.4 0.59 0.33 0.55 0.51 0.4 0.54 0.4 0.58 0.635 0.46 0.5 0.52 0.52 0.58 0.5 0.3 0.55 0.45 1.248 0.47 1.248 0.58 0.59 0.3 1.345 0.45 0.54 0.3 0.58 0.54 0.47 0.5 0.901 0.3 0.39 0.71 0.27 0.47 0.37 0.48 0.4 0.686 1.05 0.53 0.1 0.4 0.3 0.34 0.56 1.05 0.42 0.4 1.483 0.33 0.476 0.37 0.4 0.377 0.47 0.5 0.48 0.19 0.4 0.38 0.56 0.901 1.05 0.37 0.4 0.33 0.54 0.42 0.58 1.67 0.4 1.345 0.46 0.37 0.54 0.56 0.4 0.43 0.42 1.345 1.345 0.42 0.25 0.52 0.65 0.4 0.39 0.27 0.58 0.5 0.23 0.37 0.5 0.45 0.23 0.09 1.67 0.4 0.7 0.25 0.58 0.637 0.42 0.56 0.48 1.345 0.22 0.58 0.52 0.37 0.65 0.48 0.5 0.4 1.44 0.58 0.48 0.47 0.6 0.6 0.41 0.485 1.46 0.39 0.55 0.56 0.3 0.3 0.485 0.58 0.5 0.5 0.481 0.25 0.56 0.56 0.43 0.33 1.483 0.55 0.5 0.4 0.42 0.41 0.42 0.41 0.37 0.53 0.43 0.47 0.54 1.05 0.22 0.14 0.53 0.51 0.53 0.59 0.42 0.4 0.27 0.36 0.54 0.5 0.42 0.38 0.58 0.11 0.19 0.47 0.1 0.42 0.42 0.52 1.345 0.54 0.22 0.43 0.48 0.25 0.55 0.301 0.3 0.56 0.36 0.54 0.4 0.49 0.4 0.45 0.4 1.38 0.56 0.56 0.33 0.17 0.27 0.53 0.4 0.46 1.483 0.46 0.59 0.38 0.36 0.38 0.42 0.56 0.4 0.3 0.5 0.68 0.59 0.635 1.345 1.483 0.4 0.476 0.648 0.58 0.47 0.5 0.54 0.68 0.41 0.5 0.56 0.47 0.5 0.68 0.635 0.36 1.03 0.25 0.4 0.46 0.53 0.56 0.56 0.49 0.46 0.41 0.55 0.4 0.43 0.3 0.68 0.58 0.65 0.4 0.54 0.52 0.5 1.66 0.46 0.45 0.45 1.49 0.22 0.45 0.4 1.42 0.27 0.2 0.1 0.45 0.47 0.3 0.4 1.46 0.54 0.09 0.485 0.4 0.45 0.4 0.53 0.42 0.17 0.41 0.37 0.5 0.46 0.58 0.54 0.37 0.4 0.59 1.4 0.09 0.46 1.43 0.481 0.39 0.617 0.5 0.45 0.33 0.3 0.4 0.47 0.4 0.54 0.46 0.68 0.7 0.47 0.4 0.22 0.59 0.36 0.4 0.901 0.5 0.43 0.34 0.27 0.65 0.4 0.58 0.43 0.465 0.43 0.59 0.65 0.4 0.37 0.1 0.4 0.4 1.345 0.5 0.53 0.45 0.377 0.37 0.4 0.65 0.53 0.4 0.5 0.41 0.65 0.52 0.4 0.5 0.58 0.39 0.901 1.483 0.47 0.4 0.26 0.4 0.1 0.25 0.43 0.36 0.59 0.47 0.46 0.301 0.46 0.59 0.54 0.4 0.47 0.52 0.686 0.23 0.36 0.33 1.483 0.59 0.59 0.5 0.58 1.46 0.724 0.762 0.7 0.301 0.4 0.65 0.5 0.37 0.4 0.637 0.724 0.45 0.4 0.465 0.41 0.54 0.58 0.37
Dot Production Prediction of Lab Growth Rates:
1.08333 0.847872 0.899986 0.312095 0.377226 0.379828 0.50961 0.535053 0.457547 0.378375 0.876463 0.540609 0.415546 0.475581 0.85398 0.576442 0.362197 0.321221 0.418296 0.83777 0.534564 0.373927 0.46696 0.328982 0.561902 0.300952 0.446655 0.439466 0.39622 0.344289 0.365423 0.539367 0.401142 0.419579 0.538399 0.862757 0.87818 0.865111 0.415188 0.374715 0.531169 0.365924 0.406749 0.820724 0.530529 0.498878 0.139653 1.15297 0.531377 0.548056 0.546894 0.386934 0.717079 0.319656 1.66 0.451907 0.720949 0.418683 0.480658 0.331253 0.538067 0.478408 0.342756 0.335151 0.527834 0.351309 0.329327 0.545459 0.44517 0.487947 0.36192 0.341525 0.44668 0.458811 0.42116 0.33248 0.365553 0.3706 0.539957 0.717887 0.360562 0.360581 0.357706 0.389127 0.411306 0.407947 0.409039 0.37106 0.422597 0.774247 0.468259 0.352008 0.393807 0.507752 0.516473 0.453253 0.906161 0.446194 0.400655 0.449388 0.852441 0.761996 0.420845 0.32807 0.55213 0.841665 0.701102 1.48407 0.542497 0.447326 0.367461 0.72293 0.333001 1.49631 0.452848 0.419907 0.422929 0.335957 0.409715 1.05288 0.535378 0.426285 1.48777 0.375716 0.544211 0.902325 0.481454 0.408316 0.746347 0.710242 0.454203 0.313064 0.418372 0.642521 0.469785 0.720394 0.768859 0.395677 0.489532 0.347034 0.320005 0.374849 0.337521 0.370736 0.426123 0.425648 0.417705 0.884077 0.38134 0.714607 0.409222 0.422183 0.436256 0.417438 0.543756 0.344589 1.04821 0.833725 0.650014 0.725134 0.328175 0.531631 0.396832 0.375239 0.412303 0.456664 0.357419 0.453847 0.844706 0.310861 0.451198 0.318845 0.368155 0.350972 0.536492 0.344706 0.341152 0.341862 0.311883 0.414755 0.700191 0.550586 0.718341 0.539479 0.344007 0.352196 0.399699 0.399028 0.352236 0.362549 0.455038 0.41161 0.424099 0.548044 0.416665 0.4826 0.706562 0.448245 0.481809 0.374832 0.409606 0.483818 0.474085 0.348241 0.553232 0.386734 0.840283 0.367464 0.835146 0.360394 0.546086 0.325958 0.878723 1.51198 0.377506 0.31023 0.365775 0.538192 0.397808 0.545642 0.901 0.333847 0.344103 0.71569 0.366078 0.449111 0.412519 0.343357 0.408139 0.723861 1.05165 0.533562 1.46228 0.417831 0.297641 0.329229 0.546379 1.60088 0.371045 0.400599 0.836949 0.481347 0.452308 0.422178 0.422438 0.446385 0.353683 0.490061 0.329738 0.334397 0.403984 0.346017 0.472811 0.898651 1.04912 0.514219 0.424023 0.364367 0.313778 0.340606 0.479161 1.51158 0.413877 0.902176 0.311188 0.432562 0.378409 0.537295 0.399981 0.36925 0.383904 0.928256 0.931122 0.358626 0.373355 0.358509 0.635778 0.412121 0.323449 0.390853 0.365666 0.557967 0.542909 0.422341 0.405451 0.372499 0.419805 0.383912 1.36987 0.425045 0.644573 1.52822 0.47069 0.708506 0.322233 0.535448 0.355431 0.928097 0.421665 0.471955 0.373576 0.41119 0.641195 0.342227 0.478738 0.424846 1.5257 0.346737 0.342149 0.361735 0.35262 0.341562 0.442651 0.44587 1.05086 0.316674 0.44685 0.54124 0.328369 0.421701 0.44398 0.339903 0.340194 0.516916 0.447467 0.496653 0.470677 0.540702 0.430078 0.324167 0.896664 0.541782 0.553192 0.3996 0.547664 0.379381 0.348059 0.359587 0.384389 0.419308 0.353146 0.365305 0.403606 1.05037 0.36035 0.140035 0.529508 0.383526 0.351384 0.542701 0.364382 0.418487 0.552904 0.407883 0.396676 0.55718 0.363876 0.355369 0.322615 0.37056 0.323564 0.334253 0.380519 0.330596 0.360294 0.375737 0.877587 0.539996 0.467095 0.375546 0.315209 0.509273 0.428683 0.439022 0.387173 0.489009 0.359247 0.356754 0.424504 0.383272 0.407535 1.55032 0.405723 1.31389 0.54255 0.537797 0.421955 0.345062 0.389143 0.528626 0.408487 0.47786 0.881361 0.430713 0.308601 0.337609 0.355289 0.37556 0.359902 0.539178 0.358652 0.291585 0.566555 0.603745 0.549461 0.711364 0.827294 0.837857 0.422305 0.454837 0.706149 0.384612 0.359901 0.508117 0.53969 0.595371 0.44473 0.474521 0.473364 0.382252 0.479319 0.610059 0.71368 0.357703 1.31771 0.612087 0.364997 0.473122 0.393404 0.538998 0.472769 0.359055 0.417416 0.445661 0.449616 0.411863 0.458325 0.305471 0.606726 0.472267 0.66676 0.422531 0.544861 0.366683 0.334163 1.66 0.47352 0.354936 0.389177 1.55032 0.378352 0.349257 0.418155 1.54264 0.312123 0.425832 0.697373 0.377467 0.347438 0.351963 0.421926 1.61488 0.353329 0.349092 0.454842 0.423801 0.357793 0.423226 0.525 0.391004 0.342016 0.32892 0.415273 0.374578 0.459998 0.470694 0.385461 0.422833 0.42135 0.551936 1.43061 0.436669 0.433141 1.14208 0.451073 0.352103 0.571442 0.33068 1.57194 0.342941 0.356665 0.424461 0.426321 0.422672 0.547414 0.469992 0.607676 0.639245 0.419786 0.401501 0.467398 0.397118 0.346239 0.421052 0.914457 0.527509 0.375618 0.353686 0.357371 0.633941 0.423993 0.458063 0.408658 0.454504 0.411329 0.385363 0.66561 0.411637 0.380792 0.6225 0.418983 0.396792 0.898384 0.354353 0.546284 0.345618 0.444953 0.389373 0.421752 0.649684 0.346405 0.421224 0.527748 0.355998 0.65047 0.378235 0.415494 0.538019 0.484568 0.323307 0.798678 0.880162 0.485928 0.416269 0.3684 0.42046 0.452275 0.360538 0.419961 0.335739 0.54088 0.441528 0.38408 0.440949 0.44333 0.339978 0.445801 0.422984 0.433267 0.39435 0.723443 0.536036 0.338225 0.450753 0.858094 0.338007 0.332491 0.355319 0.472087 1.05594 0.723794 0.775533 0.640234 0.437991 0.401666 0.654923 0.347572 0.417327 0.425811 0.712519 0.723422 0.415962 0.421155 0.453392 0.377061 0.336612 0.329714 0.417543
Testing:
Lab Growth Rates:
0.45
Dot Production Prediction of Lab Growth Rates:
1.48999
Best performance so far: 
Obj: 4.67734e-310Rho: 2.26291e-314Diff: 4.67734e-310
Anneal again with the best G and E so far as input
Cycle 2Round 1
Iter 500000 pBad 0.803043 T 0.000937269 Obj 1.0477 Rho 0 GRdif 27.3981 success 106863 failure 11534 obj_new 1.0477 SA_pAcc 0.829527 Delta 0.0488442 SA_r 0.193482 freedomratio 0.255652
Iter 1000000 pBad 0.693645 T 0.000224889 Obj 1.0269 Rho 0 GRdif 15.6055 success 209848 failure 32012 obj_new 1.0269 SA_pAcc 1 Delta 0.0551654 SA_r 0.203401 freedomratio 0.252361
Iter 1500000 pBad 0.637098 T 5.39598e-05 Obj 1.02175 Rho 0 GRdif 12.6521 success 309615 failure 59836 obj_new 1.02175 SA_pAcc 1.14352 Delta -0.0337931 SA_r 0.694345 freedomratio 0.25096
Iter 2000000 pBad 0.505991 T 1.29471e-05 Obj 1.01761 Rho 0 GRdif 10.2623 success 407448 failure 92306 obj_new 1.01761 SA_pAcc 1 Delta -0.0328632 SA_r 0.283164 freedomratio 0.247788
Iter 2500000 pBad 0.314651 T 3.10654e-06 Obj 1.01387 Rho 0 GRdif 8.1004 success 498827 failure 138302 obj_new 1.01387 SA_pAcc 0.848908 Delta 0.0175054 SA_r 0.811766 freedomratio 0.243277
Iter 3000000 pBad 0.218352 T 7.45383e-07 Obj 1.01052 Rho 0 GRdif 6.24758 success 574163 failure 222820 obj_new 1.01068 SA_pAcc 1.85356e-96 Delta -0.0168629 SA_r 0.873539 freedomratio 0.232136
Iter 3500000 pBad 0.105124 T 1.78847e-07 Obj 1.00936 Rho 0 GRdif 5.4802 success 633496 failure 347708 obj_new 1.00936 SA_pAcc 0.250938 Delta 0.000671418 SA_r 0.98345 freedomratio 0.211131
Iter 4000000 pBad 0.0545034 T 4.29126e-08 Obj 1.00868 Rho 0 GRdif 5.08533 success 677292 failure 528133 obj_new 1.00869 SA_pAcc 5.47687e-30 Delta 0.00471033 SA_r 0.470484 freedomratio 0.185139
Iter 4500000 pBad 0.0317507 T 1.02965e-08 Obj 1.00846 Rho 0 GRdif 4.95217 success 702057 failure 781687 obj_new 1.00846 SA_pAcc 1 Delta -0.000306372 SA_r 0.864117 freedomratio 0.16466
Iter 5000000 pBad 0.00636032 T 2.47054e-09 Obj 1.00841 Rho 0 GRdif 4.92445 success 715108 failure 1080989 obj_new 1.00841 SA_pAcc 0.137498 Delta -0.000285643 SA_r 0.113607 freedomratio 0.155432
Iter 5500000 pBad 0.00323079 T 5.92781e-10 Obj 1.00838 Rho 0 GRdif 4.90909 success 723871 failure 1407274 obj_new 1.00838 SA_pAcc 1 Delta -0.000151527 SA_r 0.520025 freedomratio 0.149466
Iter 6000000 pBad 0.00228609 T 1.42232e-10 Obj 1.00837 Rho 0 GRdif 4.90376 success 729398 failure 1751515 obj_new 1.00837 SA_pAcc 6.75118e-29 Delta -0.000134286 SA_r 0.262127 freedomratio 0.145978
Iter 6500000 pBad 0.001264 T 3.41272e-11 Obj 1.00837 Rho 0 GRdif 4.91636 success 733722 failure 2107522 obj_new 1.0084 SA_pAcc 0 Delta -0.00011862 SA_r 0.656332 freedomratio 0.141755
Iter 7000000 pBad 0.000721475 T 8.18848e-12 Obj 1.00837 Rho 0 GRdif 4.90009 success 738273 failure 2477775 obj_new 1.00837 SA_pAcc 0 Delta 5.39276e-05 SA_r 0.291632 freedomratio 0.137447
Iter 7500000 pBad 0.000844326 T 1.96475e-12 Obj 1.00837 Rho 0 GRdif 4.89882 success 743978 failure 2859918 obj_new 1.00837 SA_pAcc 2.12605e-279 Delta -1.6205e-05 SA_r 0.265823 freedomratio 0.131603
Iter 8000000 pBad 0.000246535 T 4.71421e-13 Obj 1.00837 Rho 0 GRdif 4.9013 success 750064 failure 3260024 obj_new 1.00837 SA_pAcc 0 Delta -7.02689e-06 SA_r 0.227911 freedomratio 0.127355
Iter 8500000 pBad 1.19661e-34 T 1.13113e-13 Obj 1.00836 Rho 0 GRdif 4.89816 success 751377 failure 3627422 obj_new 1.00836 SA_pAcc 1 Delta 5.08583e-36 SA_r 0.611812 freedomratio 0.124129
Iter 9000000 pBad 2.45419e-132 T 2.71403e-14 Obj 1.00836 Rho 0 GRdif 4.90073 success 751377 failure 3981358 obj_new 1.00837 SA_pAcc 0 Delta 1.24692e-133 SA_r 0.138216 freedomratio 0.114799
Iter 9500000 pBad 0 T 6.51206e-15 Obj 1.00836 Rho 0 GRdif 4.89852 success 751377 failure 4350696 obj_new 1.00837 SA_pAcc 0 Delta -0 SA_r 0.472166 freedomratio 0.0581085
Good enough
iter 8.14671e+06 obj1.00836 rho 0 GRdif 4.89816
Training:
Lab Growth Rates:
1.35 0.1 1.345 0.53 0.47 0.11 0.46 0.56 0.1 0.41 1.483 0.55 0.17 0.58 1.483 0.5 0.46 0.19 0.37 1.248 0.23 0.46 0.22 0.5 0.42 0.3 0.377 0.26 0.47 0.52 0.47 0.55 0.47 0.4 0.23 1.483 1.345 1.345 0.45 0.36 0.26 0.54 0.37 1.483 0.56 0.46 0.14 1.43 0.23 0.55 0.59 0.2 0.71 0.59 1.66 0.476 0.636 0.23 0.58 0.33 0.56 0.5 0.42 0.3 0.23 0.6 0.32 0.59 0.54 0.47 0.52 0.54 0.481 0.46 0.4 0.34 0.43 0.47 0.5 0.636 0.33 0.47 0.58 0.54 0.54 0.47 0.4 0.5 0.4 0.762 0.22 0.53 0.53 0.5 0.5 0.55 0.901 0.54 0.43 0.54 1.483 0.762 0.4 0.59 0.42 1.248 0.1 0.45 0.53 0.54 0.38 0.686 0.5 0.45 0.485 0.4 0.4 0.46 0.4 1.46 0.31 0.4 0.45 0.45 0.5 0.901 0.56 0.47 0.1 0.648 0.465 0.48 0.23 0.7 0.22 0.724 0.762 0.36 0.53 0.45 0.46 0.25 0.37 0.42 0.4 0.4 0.4 1.483 0.54 0.648 0.4 0.2 0.43 0.4 0.54 0.6 1.05 1.345 0.65 0.636 0.39 0.53 0.51 0.52 0.54 0.46 0.42 0.54 1.248 0.32 0.55 0.48 0.49 0.32 0.31 0.48 0.5 0.11 0.25 0.4 0.637 0.55 0.71 0.31 0.46 0.52 0.4 0.4 0.59 0.33 0.55 0.51 0.4 0.54 0.4 0.58 0.635 0.46 0.5 0.52 0.52 0.58 0.5 0.3 0.55 0.45 1.248 0.47 1.248 0.58 0.59 0.3 1.345 0.45 0.54 0.3 0.58 0.54 0.47 0.5 0.901 0.3 0.39 0.71 0.27 0.47 0.37 0.48 0.4 0.686 1.05 0.53 0.1 0.4 0.3 0.34 0.56 1.05 0.42 0.4 1.483 0.33 0.476 0.37 0.4 0.377 0.47 0.5 0.48 0.19 0.4 0.38 0.56 0.901 1.05 0.37 0.4 0.33 0.54 0.42 0.58 1.67 0.4 1.345 0.46 0.37 0.54 0.56 0.4 0.43 0.42 1.345 1.345 0.42 0.25 0.52 0.65 0.4 0.39 0.27 0.58 0.5 0.23 0.37 0.5 0.45 0.23 0.09 1.67 0.4 0.7 0.25 0.58 0.637 0.42 0.56 0.48 1.345 0.22 0.58 0.52 0.37 0.65 0.48 0.5 0.4 1.44 0.58 0.48 0.47 0.6 0.6 0.41 0.485 1.46 0.39 0.55 0.56 0.3 0.3 0.485 0.58 0.5 0.5 0.481 0.25 0.56 0.56 0.43 0.33 1.483 0.55 0.5 0.4 0.42 0.41 0.42 0.41 0.37 0.53 0.43 0.47 0.54 1.05 0.22 0.14 0.53 0.51 0.53 0.59 0.42 0.4 0.27 0.36 0.54 0.5 0.42 0.38 0.58 0.11 0.19 0.47 0.1 0.42 0.42 0.52 1.345 0.54 0.22 0.43 0.48 0.25 0.55 0.301 0.3 0.56 0.36 0.54 0.4 0.49 0.4 0.45 0.4 1.38 0.56 0.56 0.33 0.17 0.27 0.53 0.4 0.46 1.483 0.46 0.59 0.38 0.36 0.38 0.42 0.56 0.4 0.3 0.5 0.68 0.59 0.635 1.345 1.483 0.4 0.476 0.648 0.58 0.47 0.5 0.54 0.68 0.41 0.5 0.56 0.47 0.5 0.68 0.635 0.36 1.03 0.25 0.4 0.46 0.53 0.56 0.56 0.49 0.46 0.41 0.55 0.4 0.43 0.3 0.68 0.58 0.65 0.4 0.54 0.52 0.5 1.66 0.46 0.45 0.45 1.49 0.22 0.45 0.4 1.42 0.27 0.2 0.1 0.45 0.47 0.3 0.4 1.46 0.54 0.09 0.485 0.4 0.45 0.4 0.53 0.42 0.17 0.41 0.37 0.5 0.46 0.58 0.54 0.37 0.4 0.59 1.4 0.09 0.46 1.43 0.481 0.39 0.617 0.5 0.45 0.33 0.3 0.4 0.47 0.4 0.54 0.46 0.68 0.7 0.47 0.4 0.22 0.59 0.36 0.4 0.901 0.5 0.43 0.34 0.27 0.65 0.4 0.58 0.43 0.465 0.43 0.59 0.65 0.4 0.37 0.1 0.4 0.4 1.345 0.5 0.53 0.45 0.377 0.37 0.4 0.65 0.53 0.4 0.5 0.41 0.65 0.52 0.4 0.5 0.58 0.39 0.901 1.483 0.47 0.4 0.26 0.4 0.1 0.25 0.43 0.36 0.59 0.47 0.46 0.301 0.46 0.59 0.54 0.4 0.47 0.52 0.686 0.23 0.36 0.33 1.483 0.59 0.59 0.5 0.58 1.46 0.724 0.762 0.7 0.301 0.4 0.65 0.5 0.37 0.4 0.637 0.724 0.45 0.4 0.465 0.41 0.54 0.58 0.37
Dot Production Prediction of Lab Growth Rates:
0.831625 0.93744 1.20515 0.287831 0.358283 0.382374 0.533292 0.528435 0.478303 0.381727 1.16698 0.538835 0.409376 0.491569 1.13483 0.655772 0.341289 0.317283 0.422304 0.884742 0.527059 0.352997 0.4856 0.332161 0.62226 0.335593 0.55019 0.461714 0.388891 0.343487 0.333646 0.538825 0.390538 0.398725 0.527037 1.14769 1.17942 1.15053 0.412285 0.377057 0.615999 0.340145 0.411785 1.07206 0.519894 0.530217 0.140006 0.859502 0.516469 0.551039 0.544068 0.381952 0.72129 0.324013 1.43132 0.559562 0.718014 0.425281 0.494745 0.330105 0.542031 0.49604 0.320381 0.394616 0.525623 0.425725 0.320705 0.539881 0.467929 0.491634 0.381111 0.325282 0.550501 0.476661 0.39835 0.318831 0.351636 0.392259 0.533941 0.710374 0.371029 0.360101 0.336558 0.380624 0.398049 0.395555 0.397992 0.399237 0.401715 0.829167 0.47708 0.326873 0.425134 0.570622 0.59474 0.46716 0.906237 0.460145 0.405029 0.479344 1.13514 0.814582 0.400988 0.337625 0.598842 0.892361 0.787648 1.43161 0.53476 0.45544 0.389249 0.715094 0.333511 1.44732 0.555587 0.397905 0.399152 0.327418 0.405629 1.04656 0.609484 0.40414 1.40512 0.36498 0.610577 0.903327 0.495153 0.408536 0.873292 0.71552 0.559921 0.314303 0.427558 0.667221 0.48 0.718088 0.82283 0.417001 0.519788 0.329733 0.299045 0.370762 0.300358 0.366263 0.403047 0.405028 0.392498 1.16697 0.374149 0.716315 0.399156 0.388575 0.456313 0.393188 0.542667 0.404542 1.04999 1.12198 0.65 0.723319 0.336763 0.535113 0.416132 0.411009 0.396897 0.476027 0.339019 0.480848 0.90056 0.310066 0.4709 0.29481 0.383121 0.347 0.607917 0.355161 0.345443 0.332387 0.308071 0.395217 0.710456 0.556735 0.715166 0.608413 0.337567 0.359086 0.398993 0.399109 0.342673 0.351291 0.474199 0.432729 0.403052 0.550319 0.393889 0.499221 0.708952 0.458901 0.495224 0.331736 0.419722 0.490475 0.488921 0.423827 0.556827 0.404803 0.887337 0.359824 0.8856 0.383833 0.541335 0.383248 1.09379 1.49943 0.381197 0.342424 0.380381 0.537666 0.393 0.551341 0.900991 0.403254 0.327631 0.712706 0.367145 0.45477 0.417261 0.304548 0.399731 0.721704 1.05993 0.538454 1.41217 0.397162 0.33221 0.294054 0.540605 1.29483 0.36545 0.399738 1.12109 0.514975 0.557149 0.429587 0.404323 0.54579 0.350664 0.501177 0.286694 0.32802 0.404977 0.312745 0.49491 0.900027 1.04576 0.538157 0.40286 0.344678 0.297971 0.307742 0.494385 1.49953 0.391737 1.20692 0.29247 0.421849 0.409098 0.526269 0.398509 0.366211 0.398441 1.18878 1.18347 0.364824 0.367446 0.360382 0.63229 0.401613 0.307339 0.384854 0.341606 0.643835 0.537987 0.429906 0.443382 0.361118 0.427788 0.392956 1.3254 0.404149 0.680727 1.46294 0.485207 0.712703 0.303515 0.53704 0.323064 1.16531 0.422064 0.494494 0.365806 0.406984 0.641958 0.326476 0.492421 0.40158 1.49653 0.374415 0.350561 0.336404 0.413834 0.410016 0.55433 0.54572 1.05111 0.312496 0.47212 0.545696 0.390713 0.41823 0.545041 0.337248 0.327744 0.562475 0.549242 0.533817 0.487972 0.543858 0.456971 0.310646 1.19873 0.542065 0.630879 0.400265 0.602268 0.405076 0.344562 0.374709 0.414252 0.421217 0.350728 0.372549 0.407878 1.04999 0.342965 0.138826 0.516228 0.385932 0.32585 0.53796 0.347719 0.395765 0.596974 0.410068 0.375513 0.608829 0.342343 0.322447 0.281295 0.360393 0.309803 0.323371 0.379252 0.291803 0.356765 0.410394 1.16043 0.539995 0.485961 0.373622 0.299843 0.595278 0.449412 0.550333 0.40006 0.494716 0.331501 0.377057 0.401935 0.394957 0.396877 1.50897 0.399178 1.25248 0.533587 0.538388 0.437458 0.305075 0.392192 0.517796 0.40189 0.499548 1.17586 0.451468 0.324537 0.303264 0.351709 0.382382 0.34285 0.532145 0.329376 0.332572 0.618895 0.308151 0.545732 0.710158 1.10343 1.09545 0.402267 0.561837 0.708175 0.369461 0.336544 0.563922 0.537054 0.306146 0.551484 0.563658 0.489402 0.393424 0.501771 0.313089 0.713035 0.348562 1.23889 0.742466 0.335761 0.48518 0.38871 0.532453 0.48933 0.357338 0.437623 0.552615 0.469962 0.403118 0.466972 0.345504 0.310601 0.49121 0.665343 0.402383 0.539616 0.366742 0.322511 1.42779 0.488853 0.362806 0.381163 1.50897 0.387484 0.346612 0.396049 1.51165 0.2932 0.417999 0.792115 0.383696 0.352435 0.432725 0.399864 1.33666 0.377297 0.341945 0.560188 0.40187 0.340969 0.402671 0.55509 0.40638 0.326832 0.312089 0.411829 0.349112 0.478341 0.489133 0.366536 0.428644 0.403649 0.542943 1.40663 0.450672 0.424158 0.857185 0.552865 0.352735 0.587275 0.323465 1.52519 0.310214 0.353609 0.404017 0.415327 0.402712 0.549891 0.486396 0.310384 0.666162 0.423465 0.402114 0.479681 0.396642 0.357062 0.399223 0.907161 0.528563 0.370865 0.314321 0.352972 0.613791 0.400617 0.482731 0.410277 0.558573 0.418579 0.378393 0.667772 0.401069 0.39974 0.737948 0.399546 0.399975 1.18615 0.367294 0.545934 0.361552 0.547485 0.387875 0.3997 0.664113 0.363603 0.39999 0.526552 0.36142 0.645174 0.367181 0.395125 0.540993 0.489834 0.296125 0.842684 1.19146 0.495304 0.395176 0.394839 0.399628 0.466125 0.368561 0.425805 0.334434 0.536172 0.424734 0.389323 0.555232 0.458864 0.346734 0.463015 0.401433 0.423248 0.387392 0.722169 0.528754 0.333741 0.458453 1.12425 0.345681 0.332128 0.376977 0.490366 1.05662 0.719905 0.847536 0.680333 0.548217 0.402663 0.652144 0.357944 0.41187 0.40569 0.715156 0.723957 0.434681 0.4007 0.555576 0.396782 0.338029 0.329967 0.418051
Testing:
Lab Growth Rates:
0.45
Dot Production Prediction of Lab Growth Rates:
1.44905
Best performance so far: 
Obj: 4.67734e-310Rho: 6.5069e-314Diff: 4.67734e-310
Test:
 Lab Growth Rates:
0.45Dot Product Prediction of Growth Rate:
1.449047