seed =  5 traits =  1 
Training: part  79 
Training: part  79 
Round  1 
 Goal of obj  0.99 
Temperature range:  0.0078125 1.5625e-14 
Cycle 1Round 1
Iter 500000 pBad 0.854619 T 0.00203162 Obj 1.10306 Rho 0 GRdif 57.6767 success 147730 failure 7813 obj_new 1.10306 SA_pAcc 1 Delta -0.0842382 SA_r 0.135458 freedomratio 0.362739
Iter 1000000 pBad 0.763735 T 0.000528317 Obj 1.046 Rho 0 GRdif 26.4425 success 291247 failure 25460 obj_new 1.046 SA_pAcc 1 Delta -0.0613123 SA_r 0.127747 freedomratio 0.362515
Iter 1500000 pBad 0.738555 T 0.000137387 Obj 1.0244 Rho 0 GRdif 14.1774 success 430738 failure 51172 obj_new 1.0244 SA_pAcc 1.1891 Delta -0.0552875 SA_r 0.560284 freedomratio 0.37051
Iter 2000000 pBad 0.657608 T 3.57271e-05 Obj 1.01786 Rho 0 GRdif 10.4106 success 568275 failure 82731 obj_new 1.01786 SA_pAcc 1.0052 Delta -0.00325997 SA_r 0.171669 freedomratio 0.35723
Iter 2500000 pBad 0.490275 T 9.29071e-06 Obj 1.01452 Rho 0 GRdif 8.47452 success 701417 failure 122792 obj_new 1.01452 SA_pAcc 1 Delta -0.0154337 SA_r 0.270713 freedomratio 0.365444
Iter 3000000 pBad 0.351577 T 2.41602e-06 Obj 1.01234 Rho 0 GRdif 7.21182 success 818034 failure 192327 obj_new 1.01234 SA_pAcc 1.80753 Delta 0.0154416 SA_r 0.232846 freedomratio 0.347929
Iter 3500000 pBad 0.186091 T 6.28278e-07 Obj 1.00981 Rho 0 GRdif 5.73932 success 920050 failure 292733 obj_new 1.00981 SA_pAcc 0.958345 Delta -0.000405583 SA_r 0.956635 freedomratio 0.329227
Iter 4000000 pBad 0.109945 T 1.63382e-07 Obj 1.00892 Rho 0 GRdif 5.22936 success 994036 failure 453924 obj_new 1.00893 SA_pAcc 7.42713e-28 Delta -0.000704574 SA_r 0.356423 freedomratio 0.29356
Iter 4500000 pBad 0.0443442 T 4.24869e-08 Obj 1.00868 Rho 0 GRdif 5.08196 success 1035183 failure 695885 obj_new 1.00868 SA_pAcc 1 Delta -0.0042505 SA_r 0.443981 freedomratio 0.248101
Iter 5000000 pBad 0.0160251 T 1.10486e-08 Obj 1.0086 Rho 0 GRdif 5.03444 success 1057604 failure 995691 obj_new 1.0086 SA_pAcc 1 Delta -0.000382583 SA_r 0.376927 freedomratio 0.219649
Iter 5500000 pBad 0.00998061 T 2.87315e-09 Obj 1.00858 Rho 0 GRdif 5.02359 success 1069369 failure 1333979 obj_new 1.00858 SA_pAcc 0 Delta 0.000791727 SA_r 0.395804 freedomratio 0.209402
Iter 6000000 pBad 0.00592211 T 7.47152e-10 Obj 1.00857 Rho 0 GRdif 5.0153 success 1076271 failure 1691573 obj_new 1.00857 SA_pAcc 2.74632e-185 Delta -0.00051467 SA_r 0.829072 freedomratio 0.201715
Iter 6500000 pBad 0.0020466 T 1.94295e-10 Obj 1.00856 Rho 0 GRdif 5.01219 success 1080273 failure 2061458 obj_new 1.00856 SA_pAcc 1 Delta 5.74678e-05 SA_r 0.590294 freedomratio 0.196196
Iter 7000000 pBad 0.00194151 T 5.05257e-11 Obj 1.00856 Rho 0 GRdif 5.01049 success 1083297 failure 2437765 obj_new 1.00856 SA_pAcc 4.30178e-108 Delta -0.000130418 SA_r 0.597542 freedomratio 0.193931
Iter 7500000 pBad 0.000505927 T 1.3139e-11 Obj 1.00856 Rho 0 GRdif 5.00951 success 1085595 failure 2819957 obj_new 1.00856 SA_pAcc 4.30479e-09 Delta -2.88539e-05 SA_r 0.979514 freedomratio 0.191843
Iter 8000000 pBad 0.000323233 T 3.41677e-12 Obj 1.00856 Rho 0 GRdif 5.01513 success 1087595 failure 3207132 obj_new 1.00857 SA_pAcc 0 Delta 6.77664e-06 SA_r 0.0130176 freedomratio 0.18798
Iter 8500000 pBad 0.000280896 T 8.88519e-13 Obj 1.00855 Rho 0 GRdif 5.01714 success 1090210 failure 3596474 obj_new 1.00857 SA_pAcc 0 Delta 2.07093e-05 SA_r 0.929339 freedomratio 0.185958
Iter 9000000 pBad 1.43637e-71 T 2.31057e-13 Obj 1.00855 Rho 0 GRdif 5.00855 success 1094544 failure 3968517 obj_new 1.00855 SA_pAcc 0 Delta -1.16588e-72 SA_r 0.866426 freedomratio 0.175104
Iter 9500000 pBad 6.9283e-143 T 6.00855e-14 Obj 1.00855 Rho 0 GRdif 5.00843 success 1094544 failure 4276026 obj_new 1.00855 SA_pAcc 0 Delta -2.82954e-144 SA_r 0.785383 freedomratio 0.164844
Iter 10000000 pBad 0 T 1.5625e-14 Obj 1.00855 Rho 0 GRdif 5.00947 success 1094544 failure 4606743 obj_new 1.00856 SA_pAcc 0 Delta -0 SA_r 0.510255 freedomratio 0.0693478
Cannot move further
iter 8.97507e+06 obj1.00855 rho 0 GRdif 5.0084
Training:
Lab Growth Rates:
0.68 0.59 0.47 0.1 0.301 0.53 0.71 0.37 0.5 0.47 0.17 0.6 0.635 0.36 0.39 0.53 0.56 0.5 0.5 0.5 0.4 0.724 0.3 0.54 0.25 0.42 1.345 0.901 0.56 0.686 0.59 0.54 0.3 0.5 0.5 0.7 0.5 1.483 0.53 0.37 0.58 0.5 0.23 0.43 0.65 0.46 0.52 1.248 0.4 0.52 0.42 0.4 0.54 0.54 0.36 0.22 0.33 0.42 0.39 0.1 0.58 0.4 0.52 1.483 0.648 0.42 0.47 0.1 0.45 1.483 0.55 0.52 0.56 1.66 0.33 0.46 0.5 0.5 0.485 0.31 0.4 0.53 0.19 0.54 1.43 0.22 0.4 1.35 1.42 0.54 0.59 0.4 1.05 0.59 0.25 0.56 0.42 0.5 0.23 0.46 0.5 0.56 0.58 0.45 0.43 0.53 0.54 0.4 1.483 0.686 0.09 0.26 0.65 0.42 0.49 0.37 0.59 0.47 0.48 0.34 1.345 0.54 0.54 0.45 0.465 0.762 0.3 0.4 0.5 1.44 0.55 0.46 0.45 0.4 0.4 0.41 0.1 0.901 0.47 0.46 0.48 0.47 1.483 0.481 0.47 0.54 0.51 0.37 0.45 0.27 0.34 0.4 0.58 0.39 0.485 0.46 0.4 0.43 1.345 0.648 0.52 0.37 0.46 0.2 0.52 0.58 0.42 0.43 0.45 0.56 0.58 0.3 0.54 0.56 0.637 0.33 0.4 0.38 0.45 0.43 0.38 0.38 0.4 0.4 0.59 0.53 0.56 0.4 0.481 1.38 0.23 0.55 0.37 0.42 0.54 0.4 0.4 0.32 0.1 0.25 0.42 0.68 0.58 0.3 0.4 0.5 1.248 1.483 0.4 1.46 0.58 0.25 0.41 0.3 0.42 0.65 1.66 0.4 0.37 0.46 0.41 0.54 1.248 0.53 0.4 0.476 0.55 0.25 1.345 0.23 0.46 0.47 0.4 1.345 0.53 0.52 0.59 0.4 0.33 0.52 0.4 0.58 0.46 0.47 0.54 0.26 0.47 0.45 0.47 0.39 0.636 0.59 0.5 0.23 0.52 0.4 0.11 0.762 0.48 0.59 0.45 0.36 0.4 1.05 0.4 0.4 0.46 0.53 0.5 0.55 0.43 0.4 1.67 0.637 0.59 0.51 0.3 0.56 0.54 1.46 0.42 0.3 0.2 0.5 0.33 0.45 0.47 0.53 0.41 0.54 0.46 0.4 0.43 0.301 0.3 0.47 0.4 0.4 0.54 0.17 0.55 0.54 0.58 0.485 0.47 0.42 0.59 0.47 1.248 0.635 0.1 0.4 0.5 0.4 0.4 0.43 0.4 0.52 1.483 0.724 0.54 0.901 0.33 0.58 0.4 0.59 0.5 0.4 0.4 1.03 0.54 0.5 0.56 1.46 0.45 0.56 0.4 0.49 0.58 1.345 0.36 0.19 0.476 0.43 0.5 1.43 0.25 0.39 0.46 0.3 0.47 0.377 0.37 0.1 0.37 0.4 0.6 0.68 0.4 0.3 0.65 0.48 0.4 0.39 0.5 0.32 0.68 0.31 0.37 0.485 0.65 0.59 0.45 0.901 0.648 0.56 0.41 0.17 0.3 0.4 0.23 0.37 1.345 0.46 0.43 0.37 0.5 0.5 0.38 0.4 0.5 1.483 0.43 0.47 0.22 0.52 0.6 0.47 0.65 0.54 0.55 0.686 0.4 0.635 0.45 0.23 0.53 0.27 0.37 0.48 0.25 0.762 0.47 0.14 0.22 1.67 0.25 0.46 0.4 0.36 0.54 0.4 0.65 0.41 0.55 0.27 1.05 0.1 0.45 0.377 0.19 0.56 0.47 0.6 0.58 0.46 0.48 0.68 0.56 0.34 0.4 0.47 0.23 0.48 0.41 1.4 0.32 0.2 0.65 0.36 0.56 0.22 0.54 0.27 0.42 0.637 0.5 0.55 0.47 0.71 0.54 0.4 0.22 0.46 0.53 0.56 1.46 0.7 0.42 0.53 0.56 1.345 1.345 0.4 0.47 0.55 0.45 0.37 0.636 0.09 0.54 0.14 0.48 0.58 0.71 0.38 0.42 0.59 0.22 1.483 0.45 0.724 0.52 0.4 0.42 0.465 0.54 0.47 0.4 0.11 0.33 0.37 0.37 0.31 1.483 0.49 0.45 0.53 0.5 1.345 0.41 0.58 0.33 1.483 0.5 0.59 0.481 0.36 0.36 1.248 0.46 0.11 0.46 0.5 1.483 0.5 0.58 0.59 0.5 0.1 0.27 0.7 0.617 0.55 0.4 0.56 1.345 0.45 0.636 0.09 0.5 0.4 0.3 1.05 0.4 0.4 0.7 0.46 0.65 0.58 0.762 0.4 0.301 0.4 0.58 0.5 0.54 0.476 0.3 0.54 0.42 0.901 0.4 0.58 0.53 0.26 0.23 0.58 0.48 0.58 0.27 0.45 1.49 0.465 0.5 0.41 0.43 1.345 0.55 0.22 0.46 0.36 0.42 0.377 0.33 0.901 0.51 0.4
Dot Production Prediction of Lab Growth Rates:
0.573627 0.350106 0.350072 0.939477 0.48484 0.403621 0.715558 0.399487 0.399582 0.401431 0.427902 0.343451 0.711436 0.356162 0.337326 0.527727 0.538818 0.478827 0.352227 0.362078 0.400889 0.723131 0.326295 0.456418 0.382474 0.54922 0.913418 0.90677 0.529861 0.721944 0.539719 0.413138 0.301936 0.337748 0.47416 0.634228 0.325425 0.898751 0.484968 0.398939 0.475865 0.534895 0.534793 0.409745 0.650078 0.33533 0.395919 0.879112 0.402038 0.41342 0.312856 0.401954 0.393173 0.33878 0.423886 0.365218 0.488987 0.367941 0.306441 0.614261 0.464798 0.402953 0.390328 0.900769 0.707875 0.385643 0.358559 0.995167 0.366706 0.85198 0.542003 0.354069 0.541803 1.66 0.327929 0.426166 0.513193 0.52179 0.482039 0.541762 0.403819 0.40138 0.319821 0.3943 1.12777 0.46705 0.398376 1.03792 1.56932 0.383977 0.330797 0.401444 1.5217 0.411318 0.50773 0.475969 0.347194 0.542217 0.532393 0.374332 0.474401 0.531211 0.465747 0.342445 0.373925 0.294516 0.435356 0.393571 0.886952 0.717588 0.38489 0.369052 0.662963 0.342455 0.375691 0.334276 0.36708 0.351134 0.311732 0.313581 0.905941 0.352533 0.410471 0.419871 0.480042 0.843023 0.340277 0.402992 0.3497 1.56369 0.543616 0.454936 0.339837 0.400022 0.39981 0.367621 0.440694 0.901333 0.395751 0.497128 0.336823 0.36068 0.868853 0.478553 0.361142 0.552451 0.419242 0.396491 0.371472 0.401812 0.315862 0.400937 0.373989 0.316513 0.477876 0.470921 0.404777 0.418047 0.906267 0.713196 0.362885 0.415516 0.36025 0.417417 0.392451 0.466748 0.54672 0.387378 1.52522 0.52752 0.474305 0.311556 0.389087 0.531061 0.714372 0.372469 0.40063 0.348319 1.54517 0.364534 0.353452 0.387097 0.402314 0.402036 0.321767 0.543692 0.53365 0.396672 0.477929 1.27955 0.406854 0.554121 0.400735 0.343443 0.545053 0.39611 0.402395 0.318413 0.362678 0.367447 0.364627 0.571902 0.469255 0.30183 0.399049 0.385205 0.889851 0.86496 0.405018 1.04251 0.459225 1.55792 0.391316 0.355242 0.364934 0.659814 1.6425 0.399874 0.407786 0.457198 0.483872 0.428015 0.882275 0.423391 0.396599 0.483464 0.454234 0.318215 0.891501 0.538342 0.462982 0.421181 0.398309 0.910985 0.357238 0.373326 0.542331 0.400617 0.371649 0.388693 0.399383 0.376519 0.452044 0.401228 0.542687 0.448263 0.396871 0.399231 0.383081 0.36166 0.719078 0.334427 0.548983 0.537162 0.343984 0.399623 0.343052 0.859745 0.348785 0.542369 1.53766 0.381574 0.398765 1.05085 0.401933 0.403043 0.426548 0.540098 0.546341 0.546009 0.458785 0.400492 1.58477 0.711478 0.313934 0.39623 0.392783 0.539555 0.545839 1.05001 0.360732 0.416686 0.414977 0.533897 0.438747 1.54254 0.362252 0.530009 0.483509 0.360578 0.300371 0.400024 0.43756 0.481833 0.283812 0.449464 0.39833 0.402854 0.450196 0.344091 0.45794 0.358206 0.347201 0.479408 0.376958 0.362814 0.5453 0.40049 0.880831 0.710406 1.08594 0.401903 0.518129 0.39634 0.399928 0.382942 0.358808 0.371656 0.919973 0.717406 0.539786 0.856168 0.322357 0.478009 0.400653 0.54323 0.468219 0.400257 0.399329 1.26922 0.405716 0.323472 0.531117 1.54574 0.38329 0.47755 0.398559 0.394052 0.391977 0.858431 0.404308 0.329131 0.484707 0.435638 0.471311 1.12122 0.611149 0.326676 0.460012 0.330912 0.489995 0.477042 0.441288 0.95133 0.406582 0.402865 0.347323 0.560707 0.401581 0.351612 0.64351 0.343967 0.400221 0.336895 0.567718 0.352591 0.565903 0.552607 0.404998 0.478638 0.633272 0.402845 0.336306 0.906053 0.711888 0.481572 0.322139 0.348842 0.334187 0.401481 0.407603 0.40008 0.861891 0.505842 0.409327 0.413809 0.348048 0.553035 0.336693 0.395227 0.334088 0.896407 0.367379 0.414321 0.467636 0.377024 0.341203 0.358018 0.63996 0.388176 0.546719 0.721662 0.413667 0.714237 0.365572 0.409339 0.362851 0.360134 0.397081 0.312546 0.49174 0.828338 0.477228 0.140041 0.38751 1.35272 0.377378 0.358402 0.398858 0.342985 0.541316 0.397754 0.693102 0.376613 0.438212 0.537059 1.03768 1.50386 0.389235 0.48063 0.317801 0.475086 0.423058 0.351726 0.472583 0.466287 0.314674 0.571502 0.527596 0.340407 0.396021 0.358592 0.542262 0.312252 0.383936 1.41237 0.332132 0.38897 0.678638 0.339936 0.529219 0.434106 0.331623 0.388162 0.3784 0.709372 0.482496 0.543427 0.425094 0.72449 0.450218 0.399814 0.471371 0.308334 0.51106 0.529384 1.04548 0.627812 0.561859 0.345599 0.471199 0.909736 0.936427 0.404401 0.361886 0.450849 1.61171 0.411528 0.722725 0.346824 0.438547 0.138827 0.339849 0.473378 0.721335 0.38096 0.369292 0.545752 0.471003 0.931912 0.344344 0.72356 0.381491 0.399765 0.392476 0.482215 0.540873 0.409021 0.40117 0.38652 0.365351 0.498605 0.415487 0.543594 0.886845 0.375872 0.418711 0.531409 0.529846 0.894799 0.482995 0.313768 0.342075 0.879368 0.530677 0.340804 0.480413 0.354069 0.356523 0.882351 0.485597 0.376095 0.446996 0.531979 0.902176 0.323025 0.366267 0.541022 0.477029 0.447985 0.313281 0.637994 0.615437 0.452217 0.401637 0.470094 0.923322 1.57559 0.717299 0.442234 0.558204 0.401565 0.355389 1.05 0.398887 0.396479 0.63764 0.44056 0.649838 0.472118 0.837253 0.395869 0.481833 0.396347 0.328324 0.377966 0.398267 0.486193 0.298612 0.308818 0.359294 0.900999 0.400732 0.358085 0.52481 0.535173 0.537572 0.475414 0.357561 0.363113 0.367134 1.59582 1.59582 0.48391 0.469389 0.363402 0.41922 0.875471 0.455198 0.469359 0.407664 0.357201 0.316791 0.479601 0.465539 0.900995 0.402722 0.368237
Testing:
Lab Growth Rates:
1.05
Dot Production Prediction of Lab Growth Rates:
1.04771
Best performance so far: 
Obj: 4.64041e-310Rho: 2.26291e-314Diff: 4.64041e-310
Anneal again with the best G and E so far as input
Cycle 2Round 1
Iter 500000 pBad 0.845236 T 0.00203162 Obj 1.07209 Rho 0 GRdif 40.931 success 111743 failure 8648 obj_new 1.07209 SA_pAcc 0.896498 Delta 0.0585502 SA_r 0.838197 freedomratio 0.269725
Iter 1000000 pBad 0.739826 T 0.000528317 Obj 1.04207 Rho 0 GRdif 24.2308 success 219992 failure 25112 obj_new 1.04207 SA_pAcc 1.0177 Delta -0.00345833 SA_r 0.313682 freedomratio 0.262617
Iter 1500000 pBad 0.709221 T 0.000137387 Obj 1.0263 Rho 0 GRdif 15.2619 success 324868 failure 49928 obj_new 1.0263 SA_pAcc 1 Delta 0.0332713 SA_r 0.480237 freedomratio 0.263914
Iter 2000000 pBad 0.632006 T 3.57271e-05 Obj 1.01842 Rho 0 GRdif 10.7297 success 426959 failure 82201 obj_new 1.01842 SA_pAcc 1.16508 Delta -0.0192137 SA_r 0.513192 freedomratio 0.261566
Iter 2500000 pBad 0.429022 T 9.29071e-06 Obj 1.01512 Rho 0 GRdif 8.82557 success 526145 failure 121304 obj_new 1.01512 SA_pAcc 1.37596 Delta -0.0129827 SA_r 0.881945 freedomratio 0.259832
Iter 3000000 pBad 0.306791 T 2.41602e-06 Obj 1.01335 Rho 0 GRdif 7.79943 success 614932 failure 179191 obj_new 1.01335 SA_pAcc 1 Delta 0.0302749 SA_r 0.11887 freedomratio 0.250213
Iter 3500000 pBad 0.217587 T 6.28278e-07 Obj 1.01168 Rho 0 GRdif 6.82844 success 691832 failure 265270 obj_new 1.01168 SA_pAcc 1 Delta 0.0159807 SA_r 0.654719 freedomratio 0.245307
Iter 4000000 pBad 0.121165 T 1.63382e-07 Obj 1.01033 Rho 0 GRdif 6.06834 success 751383 failure 396837 obj_new 1.01037 SA_pAcc 7.74262e-106 Delta 0.00343835 SA_r 0.689607 freedomratio 0.222222
Iter 4500000 pBad 0.0452978 T 4.24869e-08 Obj 1.0098 Rho 0 GRdif 5.73629 success 793678 failure 583282 obj_new 1.0098 SA_pAcc 1.43308 Delta -0.00135232 SA_r 0.4054 freedomratio 0.194509
Iter 5000000 pBad 0.0174713 T 1.10486e-08 Obj 1.00965 Rho 0 GRdif 5.64656 success 817705 failure 840260 obj_new 1.00965 SA_pAcc 1 Delta -0.00130425 SA_r 0.362157 freedomratio 0.168433
Iter 5500000 pBad 0.00741347 T 2.87315e-09 Obj 1.00962 Rho 0 GRdif 5.63051 success 827673 failure 1147284 obj_new 1.00962 SA_pAcc 1 Delta 0.000290014 SA_r 0.287035 freedomratio 0.161184
Iter 6000000 pBad 0.00419569 T 7.47152e-10 Obj 1.00961 Rho 0 GRdif 5.62473 success 833433 failure 1472858 obj_new 1.00961 SA_pAcc 1 Delta 0.000210011 SA_r 0.514697 freedomratio 0.159005
Iter 6500000 pBad 0.00241389 T 1.94295e-10 Obj 1.0096 Rho 0 GRdif 5.62068 success 837743 failure 1808279 obj_new 1.0096 SA_pAcc 1 Delta -2.50695e-05 SA_r 0.435724 freedomratio 0.156258
Iter 7000000 pBad 0.0021256 T 5.05257e-11 Obj 1.0096 Rho 0 GRdif 5.61838 success 841064 failure 2151413 obj_new 1.0096 SA_pAcc 2.99087e-11 Delta -3.113e-05 SA_r 0.860952 freedomratio 0.153766
Iter 7500000 pBad 0.000703393 T 1.3139e-11 Obj 1.0096 Rho 0 GRdif 5.61664 success 845750 failure 2503399 obj_new 1.0096 SA_pAcc 7.56457e-53 Delta -2.98693e-05 SA_r 0.462369 freedomratio 0.14678
Iter 8000000 pBad 0.000404932 T 3.41677e-12 Obj 1.0096 Rho 0 GRdif 5.61603 success 848599 failure 2870187 obj_new 1.0096 SA_pAcc 1 Delta -3.17921e-06 SA_r 0.854293 freedomratio 0.14497
Iter 8500000 pBad 0.000393413 T 8.88519e-13 Obj 1.0096 Rho 0 GRdif 5.61709 success 851300 failure 3240363 obj_new 1.0096 SA_pAcc 0 Delta 9.53551e-07 SA_r 0.420512 freedomratio 0.144614
Iter 9000000 pBad 0.000317536 T 2.31057e-13 Obj 1.0096 Rho 0 GRdif 5.61523 success 855058 failure 3606226 obj_new 1.0096 SA_pAcc 1 Delta 8.43904e-06 SA_r 0.572134 freedomratio 0.140502
Iter 9500000 pBad 2.36922e-42 T 6.00855e-14 Obj 1.0096 Rho 0 GRdif 5.61512 success 857839 failure 3941394 obj_new 1.0096 SA_pAcc 0 Delta -2.0572e-43 SA_r 0.103505 freedomratio 0.136554
Good enough
iter 9.27533e+06 obj1.0096 rho 0 GRdif 5.61512
Training:
Lab Growth Rates:
0.68 0.59 0.47 0.1 0.301 0.53 0.71 0.37 0.5 0.47 0.17 0.6 0.635 0.36 0.39 0.53 0.56 0.5 0.5 0.5 0.4 0.724 0.3 0.54 0.25 0.42 1.345 0.901 0.56 0.686 0.59 0.54 0.3 0.5 0.5 0.7 0.5 1.483 0.53 0.37 0.58 0.5 0.23 0.43 0.65 0.46 0.52 1.248 0.4 0.52 0.42 0.4 0.54 0.54 0.36 0.22 0.33 0.42 0.39 0.1 0.58 0.4 0.52 1.483 0.648 0.42 0.47 0.1 0.45 1.483 0.55 0.52 0.56 1.66 0.33 0.46 0.5 0.5 0.485 0.31 0.4 0.53 0.19 0.54 1.43 0.22 0.4 1.35 1.42 0.54 0.59 0.4 1.05 0.59 0.25 0.56 0.42 0.5 0.23 0.46 0.5 0.56 0.58 0.45 0.43 0.53 0.54 0.4 1.483 0.686 0.09 0.26 0.65 0.42 0.49 0.37 0.59 0.47 0.48 0.34 1.345 0.54 0.54 0.45 0.465 0.762 0.3 0.4 0.5 1.44 0.55 0.46 0.45 0.4 0.4 0.41 0.1 0.901 0.47 0.46 0.48 0.47 1.483 0.481 0.47 0.54 0.51 0.37 0.45 0.27 0.34 0.4 0.58 0.39 0.485 0.46 0.4 0.43 1.345 0.648 0.52 0.37 0.46 0.2 0.52 0.58 0.42 0.43 0.45 0.56 0.58 0.3 0.54 0.56 0.637 0.33 0.4 0.38 0.45 0.43 0.38 0.38 0.4 0.4 0.59 0.53 0.56 0.4 0.481 1.38 0.23 0.55 0.37 0.42 0.54 0.4 0.4 0.32 0.1 0.25 0.42 0.68 0.58 0.3 0.4 0.5 1.248 1.483 0.4 1.46 0.58 0.25 0.41 0.3 0.42 0.65 1.66 0.4 0.37 0.46 0.41 0.54 1.248 0.53 0.4 0.476 0.55 0.25 1.345 0.23 0.46 0.47 0.4 1.345 0.53 0.52 0.59 0.4 0.33 0.52 0.4 0.58 0.46 0.47 0.54 0.26 0.47 0.45 0.47 0.39 0.636 0.59 0.5 0.23 0.52 0.4 0.11 0.762 0.48 0.59 0.45 0.36 0.4 1.05 0.4 0.4 0.46 0.53 0.5 0.55 0.43 0.4 1.67 0.637 0.59 0.51 0.3 0.56 0.54 1.46 0.42 0.3 0.2 0.5 0.33 0.45 0.47 0.53 0.41 0.54 0.46 0.4 0.43 0.301 0.3 0.47 0.4 0.4 0.54 0.17 0.55 0.54 0.58 0.485 0.47 0.42 0.59 0.47 1.248 0.635 0.1 0.4 0.5 0.4 0.4 0.43 0.4 0.52 1.483 0.724 0.54 0.901 0.33 0.58 0.4 0.59 0.5 0.4 0.4 1.03 0.54 0.5 0.56 1.46 0.45 0.56 0.4 0.49 0.58 1.345 0.36 0.19 0.476 0.43 0.5 1.43 0.25 0.39 0.46 0.3 0.47 0.377 0.37 0.1 0.37 0.4 0.6 0.68 0.4 0.3 0.65 0.48 0.4 0.39 0.5 0.32 0.68 0.31 0.37 0.485 0.65 0.59 0.45 0.901 0.648 0.56 0.41 0.17 0.3 0.4 0.23 0.37 1.345 0.46 0.43 0.37 0.5 0.5 0.38 0.4 0.5 1.483 0.43 0.47 0.22 0.52 0.6 0.47 0.65 0.54 0.55 0.686 0.4 0.635 0.45 0.23 0.53 0.27 0.37 0.48 0.25 0.762 0.47 0.14 0.22 1.67 0.25 0.46 0.4 0.36 0.54 0.4 0.65 0.41 0.55 0.27 1.05 0.1 0.45 0.377 0.19 0.56 0.47 0.6 0.58 0.46 0.48 0.68 0.56 0.34 0.4 0.47 0.23 0.48 0.41 1.4 0.32 0.2 0.65 0.36 0.56 0.22 0.54 0.27 0.42 0.637 0.5 0.55 0.47 0.71 0.54 0.4 0.22 0.46 0.53 0.56 1.46 0.7 0.42 0.53 0.56 1.345 1.345 0.4 0.47 0.55 0.45 0.37 0.636 0.09 0.54 0.14 0.48 0.58 0.71 0.38 0.42 0.59 0.22 1.483 0.45 0.724 0.52 0.4 0.42 0.465 0.54 0.47 0.4 0.11 0.33 0.37 0.37 0.31 1.483 0.49 0.45 0.53 0.5 1.345 0.41 0.58 0.33 1.483 0.5 0.59 0.481 0.36 0.36 1.248 0.46 0.11 0.46 0.5 1.483 0.5 0.58 0.59 0.5 0.1 0.27 0.7 0.617 0.55 0.4 0.56 1.345 0.45 0.636 0.09 0.5 0.4 0.3 1.05 0.4 0.4 0.7 0.46 0.65 0.58 0.762 0.4 0.301 0.4 0.58 0.5 0.54 0.476 0.3 0.54 0.42 0.901 0.4 0.58 0.53 0.26 0.23 0.58 0.48 0.58 0.27 0.45 1.49 0.465 0.5 0.41 0.43 1.345 0.55 0.22 0.46 0.36 0.42 0.377 0.33 0.901 0.51 0.4
Dot Production Prediction of Lab Growth Rates:
0.296668 0.341492 0.357604 0.811718 0.546298 0.397021 0.696707 0.418371 0.390688 0.389543 0.405351 0.314717 0.696849 0.35828 0.325985 0.530345 0.543967 0.476213 0.35738 0.366946 0.400863 0.700532 0.30262 0.461312 0.36718 0.505178 0.818729 0.903938 0.54357 0.701556 0.548551 0.385622 0.300375 0.337701 0.470303 0.476094 0.334031 0.798598 0.45572 0.414256 0.469297 0.528671 0.537336 0.394629 0.649932 0.335447 0.370997 0.859909 0.403963 0.387924 0.323882 0.401852 0.380102 0.342708 0.401939 0.368068 0.460168 0.35866 0.322622 0.591057 0.46215 0.402391 0.382734 0.800657 0.693509 0.382116 0.362181 0.850581 0.35737 0.754973 0.548792 0.362272 0.546285 1.51928 0.335684 0.405763 0.499363 0.501867 0.553631 0.506084 0.403877 0.385029 0.333664 0.377132 0.765568 0.459153 0.398194 0.729006 1.54375 0.374444 0.332382 0.404138 1.40324 0.379497 0.473453 0.46881 0.340444 0.55124 0.52757 0.369846 0.474774 0.533645 0.469553 0.341532 0.367893 0.301156 0.44116 0.398164 0.795156 0.700697 0.380197 0.368769 0.652436 0.34375 0.373941 0.335781 0.347999 0.346208 0.319824 0.324574 0.80726 0.356128 0.388354 0.406262 0.550102 0.824532 0.307777 0.404803 0.351551 1.51982 0.548923 0.429179 0.343647 0.400001 0.40202 0.356465 0.414904 0.901 0.379493 0.455482 0.340365 0.360068 0.779817 0.545977 0.358304 0.554571 0.407383 0.385276 0.36668 0.38583 0.322413 0.399895 0.363202 0.329247 0.543392 0.469428 0.39993 0.391262 0.812572 0.696834 0.357164 0.428622 0.358532 0.403207 0.379718 0.47119 0.503097 0.367609 1.47136 0.534111 0.465757 0.309396 0.385744 0.533567 0.696081 0.365683 0.40106 0.34235 1.49567 0.352931 0.341797 0.378222 0.401743 0.402234 0.321429 0.547641 0.540515 0.398973 0.545208 1.37999 0.423233 0.562552 0.389657 0.34055 0.546174 0.399942 0.404099 0.316831 0.366598 0.362106 0.364598 0.296886 0.469678 0.297263 0.399242 0.367849 0.874869 0.748819 0.404693 1.08196 0.464927 1.51204 0.376226 0.328934 0.357887 0.651971 1.49512 0.40229 0.421202 0.460002 0.548406 0.433594 0.867641 0.407789 0.402795 0.550159 0.467565 0.321471 0.799015 0.537508 0.467468 0.416178 0.399451 0.815476 0.344527 0.367874 0.544023 0.40222 0.364159 0.377697 0.398361 0.367977 0.459966 0.382218 0.546858 0.422985 0.399357 0.386508 0.374039 0.346554 0.693098 0.342516 0.529416 0.539149 0.345163 0.398189 0.347645 0.832049 0.345845 0.551112 1.48707 0.376737 0.400714 1.06615 0.399024 0.403444 0.412136 0.552902 0.543205 0.554873 0.436974 0.401286 1.50752 0.695438 0.329487 0.387526 0.380741 0.544526 0.549478 1.07912 0.355491 0.404149 0.390104 0.532728 0.411319 1.49767 0.360434 0.541188 0.547793 0.35467 0.311395 0.400476 0.41427 0.543429 0.260432 0.421985 0.399607 0.402301 0.46039 0.342053 0.458357 0.359838 0.344017 0.549091 0.369245 0.349838 0.543735 0.387435 0.860078 0.693881 0.977247 0.402928 0.504105 0.399799 0.400966 0.37367 0.350449 0.363768 0.813229 0.699519 0.54529 0.845206 0.334127 0.471814 0.400368 0.542935 0.4649 0.400009 0.402655 1.36396 0.386794 0.336159 0.54784 1.44925 0.374218 0.470748 0.398748 0.381295 0.379113 0.767901 0.393986 0.337332 0.552793 0.421671 0.469322 0.764128 0.576085 0.338473 0.459868 0.303335 0.445997 0.543512 0.419266 0.812658 0.419553 0.402358 0.324636 0.290568 0.404059 0.320751 0.644795 0.345811 0.400737 0.327674 0.550615 0.355397 0.293526 0.511487 0.419157 0.541822 0.635354 0.373138 0.342323 0.905089 0.697239 0.47623 0.327911 0.342224 0.308805 0.400765 0.421787 0.417662 0.767592 0.462879 0.39614 0.427151 0.354105 0.52975 0.338058 0.398048 0.344965 0.787946 0.358931 0.400925 0.461516 0.372865 0.319605 0.362438 0.633824 0.377289 0.557735 0.701008 0.395041 0.698448 0.359952 0.423418 0.358898 0.359557 0.39063 0.318601 0.457324 0.810436 0.441605 0.139996 0.381905 1.38409 0.365778 0.353212 0.402893 0.347692 0.551327 0.400366 0.670241 0.377167 0.443612 0.502381 1.04665 1.43349 0.367965 0.542465 0.334056 0.467091 0.407205 0.321143 0.464701 0.469278 0.326264 0.295477 0.526737 0.33676 0.398484 0.361136 0.544311 0.308955 0.381735 1.41472 0.335474 0.379847 0.676216 0.34867 0.537809 0.415366 0.337878 0.383335 0.365509 0.693375 0.487866 0.547728 0.408504 0.701445 0.457859 0.400855 0.458215 0.320258 0.470776 0.536339 1.07442 0.475643 0.513631 0.346022 0.468433 0.813296 0.825879 0.401715 0.359189 0.457161 1.55828 0.399528 0.704721 0.352435 0.444782 0.14025 0.346248 0.466982 0.698648 0.380437 0.358009 0.553417 0.461493 0.82907 0.347093 0.702781 0.356895 0.39994 0.385146 0.551847 0.544612 0.400289 0.402049 0.376912 0.36041 0.466945 0.427457 0.510089 0.795241 0.369872 0.404383 0.540602 0.53288 0.799511 0.544752 0.317772 0.342635 0.780868 0.515095 0.331665 0.547116 0.362553 0.360162 0.862081 0.439305 0.368916 0.425747 0.534228 0.807645 0.331915 0.352563 0.548079 0.477379 0.422037 0.316262 0.480783 0.616999 0.457524 0.402001 0.467271 0.824109 1.5156 0.698782 0.425944 0.544805 0.402257 0.355227 1.06246 0.400194 0.398961 0.477691 0.424953 0.649994 0.47827 0.81677 0.398549 0.539724 0.399281 0.342737 0.374465 0.377088 0.553375 0.277183 0.316548 0.34939 0.901 0.403701 0.360758 0.529575 0.505106 0.536934 0.4759 0.353298 0.36505 0.364332 1.54402 1.54402 0.552434 0.469545 0.36878 0.39919 0.785933 0.463868 0.459126 0.390126 0.348967 0.330219 0.548483 0.429375 0.901 0.392835 0.356649
Testing:
Lab Growth Rates:
1.05
Dot Production Prediction of Lab Growth Rates:
1.0805
Best performance so far: 
Obj: 4.64041e-310Rho: 6.5069e-314Diff: 4.64041e-310
Test:
 Lab Growth Rates:
1.05Dot Product Prediction of Growth Rate:
1.080503