seed =  5 traits =  1 
Training: part  162 
Training: part  162 
Round  1 
 Goal of obj  0.99 
Temperature range:  0.0078125 1.5625e-14 
Cycle 1Round 1
Iter 500000 pBad 0.860951 T 0.00203162 Obj 1.08795 Rho 0 GRdif 49.3949 success 146934 failure 8974 obj_new 1.08795 SA_pAcc 1.04459 Delta -0.0231796 SA_r 0.76055 freedomratio 0.370886
Iter 1000000 pBad 0.814638 T 0.000528317 Obj 1.04647 Rho 0 GRdif 26.6197 success 291071 failure 24169 obj_new 1.04647 SA_pAcc 0.801085 Delta -0.0137115 SA_r 0.507948 freedomratio 0.365793
Iter 1500000 pBad 0.761854 T 0.000137387 Obj 1.03146 Rho 0 GRdif 18.1507 success 432432 failure 46579 obj_new 1.03146 SA_pAcc 0.99721 Delta -0.02232 SA_r 0.26245 freedomratio 0.370183
Iter 2000000 pBad 0.587746 T 3.57271e-05 Obj 1.02407 Rho 0 GRdif 13.9395 success 570003 failure 75327 obj_new 1.02407 SA_pAcc 1 Delta 0.0305608 SA_r 0.465418 freedomratio 0.359509
Iter 2500000 pBad 0.500114 T 9.29071e-06 Obj 1.01789 Rho 0 GRdif 10.39 success 699097 failure 120108 obj_new 1.01789 SA_pAcc 1 Delta 0.0457843 SA_r 0.171175 freedomratio 0.356665
Iter 3000000 pBad 0.344613 T 2.41602e-06 Obj 1.01176 Rho 0 GRdif 6.84967 success 825851 failure 172316 obj_new 1.01176 SA_pAcc 1 Delta -0.0320927 SA_r 0.424431 freedomratio 0.337169
Iter 3500000 pBad 0.207007 T 6.28278e-07 Obj 1.00936 Rho 0 GRdif 5.4616 success 934891 failure 259297 obj_new 1.00936 SA_pAcc 1 Delta -0.0115218 SA_r 0.979145 freedomratio 0.327374
Iter 4000000 pBad 0.111036 T 1.63382e-07 Obj 1.00877 Rho 0 GRdif 5.1162 success 1006015 failure 425842 obj_new 1.00877 SA_pAcc 0.120299 Delta -0.00186655 SA_r 0.239845 freedomratio 0.289669
Iter 4500000 pBad 0.0389337 T 4.24869e-08 Obj 1.00861 Rho 0 GRdif 5.02305 success 1046344 failure 669068 obj_new 1.00861 SA_pAcc 0.000745004 Delta 0.00379664 SA_r 0.347815 freedomratio 0.245702
Iter 5000000 pBad 0.0229851 T 1.10486e-08 Obj 1.00857 Rho 0 GRdif 5.00308 success 1066410 failure 970736 obj_new 1.00857 SA_pAcc 1 Delta 0.00228903 SA_r 0.653426 freedomratio 0.223835
Iter 5500000 pBad 0.00797814 T 2.87315e-09 Obj 1.00856 Rho 0 GRdif 4.99645 success 1078072 failure 1302454 obj_new 1.00856 SA_pAcc 2.77651e-07 Delta 0.000245004 SA_r 0.735169 freedomratio 0.215679
Iter 6000000 pBad 0.00560014 T 7.47152e-10 Obj 1.00856 Rho 0 GRdif 5.80157 success 1083805 failure 1653792 obj_new 1.00995 SA_pAcc 0 Delta -0.000356153 SA_r 0.272153 freedomratio 0.207875
Iter 6500000 pBad 0.00214096 T 1.94295e-10 Obj 1.00856 Rho 0 GRdif 4.99594 success 1087900 failure 2012862 obj_new 1.00856 SA_pAcc 0 Delta 1.66619e-05 SA_r 0.837529 freedomratio 0.204538
Iter 7000000 pBad 0.00156712 T 5.05257e-11 Obj 1.00855 Rho 0 GRdif 4.9917 success 1090170 failure 2379253 obj_new 1.00855 SA_pAcc 0 Delta -0.00015316 SA_r 0.965874 freedomratio 0.20326
Iter 7500000 pBad 0.000347788 T 1.3139e-11 Obj 1.00855 Rho 0 GRdif 5.01775 success 1091870 failure 2750566 obj_new 1.0086 SA_pAcc 0 Delta 3.09809e-07 SA_r 0.67889 freedomratio 0.198644
Iter 8000000 pBad 0.000196275 T 3.41677e-12 Obj 1.00855 Rho 0 GRdif 5.01162 success 1093501 failure 3125408 obj_new 1.00859 SA_pAcc 0 Delta -1.0582e-05 SA_r 0.993551 freedomratio 0.196512
Iter 8500000 pBad 0.000679423 T 8.88519e-13 Obj 1.00855 Rho 0 GRdif 4.99022 success 1095099 failure 3502368 obj_new 1.00855 SA_pAcc 0 Delta 5.73463e-05 SA_r 0.0841952 freedomratio 0.195398
Iter 9000000 pBad 2.04888e-34 T 2.31057e-13 Obj 1.00855 Rho 0 GRdif 4.99017 success 1098207 failure 3826493 obj_new 1.00855 SA_pAcc 1 Delta 1.78719e-35 SA_r 0.431442 freedomratio 0.180753
Iter 9500000 pBad 1.07329e-76 T 6.00855e-14 Obj 1.00855 Rho 0 GRdif 4.9911 success 1098207 failure 4113350 obj_new 1.00855 SA_pAcc 0 Delta 7.39669e-79 SA_r 0.242041 freedomratio 0.177146
Iter 10000000 pBad 1.72657e-283 T 1.5625e-14 Obj 1.00855 Rho 0 GRdif 4.99017 success 1098207 failure 4413514 obj_new 1.00855 SA_pAcc 1 Delta 1.41204e-284 SA_r 0.315999 freedomratio 0.0858734
Cannot move further
iter 8.81766e+06 obj1.00855 rho 0 GRdif 4.99017
Training:
Lab Growth Rates:
0.25 0.485 0.55 0.1 0.46 0.37 0.59 0.476 0.58 0.54 1.05 0.4 0.4 0.47 0.45 0.65 0.42 0.47 0.4 0.6 1.49 0.26 0.4 0.3 0.54 1.67 0.49 0.65 0.47 0.43 0.33 0.5 0.22 0.47 0.46 0.52 0.59 1.483 0.54 0.33 0.17 0.56 0.3 0.46 0.724 0.54 1.483 0.58 0.3 0.59 0.4 0.58 0.09 0.45 0.47 0.47 0.32 0.6 0.4 0.4 0.45 0.4 0.47 0.53 0.42 0.42 0.65 0.46 0.4 1.345 0.59 0.5 0.4 0.46 0.53 0.17 0.4 0.3 0.23 0.31 0.4 0.5 0.2 0.33 0.47 0.52 0.724 0.52 0.48 0.23 0.5 0.22 0.54 0.42 0.45 0.48 0.27 0.42 0.47 1.345 1.345 1.345 0.724 1.483 0.39 0.1 0.23 0.45 1.248 0.22 0.39 0.49 0.59 0.53 0.59 0.45 0.56 0.901 0.54 0.54 0.27 0.6 1.483 0.55 0.4 0.11 0.1 0.42 0.46 0.56 0.4 0.4 0.27 0.53 0.3 0.4 1.05 0.37 0.47 0.48 0.54 1.483 1.35 0.45 0.4 0.42 0.14 0.32 0.39 0.47 0.3 0.636 0.52 0.301 0.46 0.46 0.56 0.4 0.1 0.55 0.53 0.476 0.39 0.43 0.48 0.25 0.19 0.42 1.46 0.37 0.41 0.54 0.53 0.465 0.4 0.58 0.4 0.47 0.58 0.31 0.5 0.4 0.4 0.27 0.59 0.37 0.301 0.51 0.4 1.43 0.33 0.54 0.45 0.48 0.5 0.34 1.483 1.345 0.37 0.481 0.36 1.46 0.901 0.5 0.4 0.55 0.3 1.248 0.58 0.4 0.59 0.48 0.5 0.45 0.5 0.635 0.65 0.68 0.58 0.39 0.4 0.41 0.42 0.55 0.377 0.58 0.54 0.762 0.762 0.5 0.3 0.4 0.465 0.55 0.1 0.54 1.66 0.37 0.4 0.45 0.43 0.53 0.37 0.56 0.7 0.617 0.5 0.58 0.4 0.5 0.47 0.38 0.52 0.637 0.47 1.483 0.37 0.37 1.345 0.38 0.54 0.5 0.22 0.52 0.5 0.26 0.41 0.33 0.4 0.53 0.38 0.37 0.762 0.45 0.54 0.59 0.41 0.43 0.58 0.51 0.25 0.59 0.485 0.46 0.52 0.65 0.4 0.36 0.42 0.47 0.46 0.4 0.38 0.52 0.635 0.53 0.46 0.25 0.4 0.4 0.59 0.59 0.4 0.4 0.4 0.58 0.53 0.42 0.31 0.648 0.46 0.47 0.4 0.34 0.54 0.54 0.5 1.483 0.59 0.54 0.26 1.483 0.49 0.5 0.47 0.4 0.46 0.71 0.33 0.23 0.4 0.56 0.25 1.483 0.23 0.54 0.7 0.45 0.47 0.55 0.32 0.5 0.23 0.648 0.46 0.7 0.47 0.51 0.11 0.22 0.47 0.5 0.762 0.5 0.47 1.43 0.48 0.56 1.483 1.67 0.25 1.05 1.345 0.56 0.56 0.4 0.4 0.54 1.345 0.5 0.5 0.42 0.56 0.27 0.45 0.09 0.5 0.485 0.68 0.4 0.17 0.4 1.42 0.58 0.43 0.37 0.47 0.54 0.37 0.14 1.05 0.33 0.3 0.34 0.71 0.19 0.43 0.2 0.48 0.4 0.3 0.377 1.44 0.4 0.55 0.42 0.41 1.483 0.65 0.5 1.345 0.53 1.38 1.05 1.4 0.465 0.22 0.5 0.43 0.65 0.43 0.39 0.33 1.248 0.45 1.248 0.58 0.43 0.54 0.5 0.41 0.5 0.56 0.42 0.37 0.53 0.1 0.2 0.53 0.33 0.5 0.52 0.71 0.52 0.485 0.43 0.481 0.56 0.37 0.3 0.42 0.56 0.46 0.38 0.46 0.53 0.23 0.6 1.66 0.4 0.7 0.43 0.54 0.5 0.58 0.41 0.54 0.45 0.58 0.54 0.686 0.901 0.3 1.46 0.5 0.4 0.52 0.5 0.55 0.37 0.4 0.52 0.43 0.59 0.54 0.4 0.1 0.901 0.901 0.58 0.4 0.65 0.42 0.54 0.3 0.45 0.56 0.686 0.25 0.59 0.68 0.09 0.377 0.45 0.637 0.5 0.58 0.56 1.345 1.345 1.345 0.4 0.5 0.56 0.36 0.42 0.4 0.3 0.56 0.22 0.1 0.648 0.5 0.25 0.48 0.41 0.41 0.637 1.248 0.42 0.4 0.46 0.36 0.481 0.56 0.4 0.59 1.03 0.65 0.68 0.58 0.55 0.45 0.55 0.46 0.636 0.37 0.53 0.301 0.46 0.68 0.11 0.4 0.23 0.45 0.19 1.46 0.4 0.58 0.47 0.58 0.27 0.476 0.4 0.22 0.636 0.5 0.4 0.46 0.4 0.55 0.47 0.635 0.54 0.686 0.4 0.901 0.36 0.23 0.58 0.4 0.4 0.1 0.54 0.36 0.46
Dot Production Prediction of Lab Growth Rates:
0.346356 0.483274 0.550731 0.426186 0.48972 0.425086 0.545428 0.48264 0.293702 0.449016 1.04575 0.401691 0.400041 0.365027 0.314396 0.644639 0.533942 0.350369 0.394145 0.559742 1.49982 0.447019 0.396214 0.297553 0.445735 1.46237 0.374157 0.663994 0.422499 0.354214 0.320263 0.367 0.361789 0.385114 0.456764 0.369439 0.322265 1.03723 0.466066 0.450887 0.317963 0.533103 0.327093 0.445801 0.723981 0.543459 1.07669 0.448192 0.303794 0.541495 0.40094 0.440453 0.366791 1.41427 0.433738 0.356773 0.327785 0.543834 0.399765 0.400787 1.45327 0.399985 0.351087 0.527379 0.302823 0.322771 0.654173 0.390092 0.403958 1.06337 0.542236 0.463856 0.401986 0.496129 0.399525 0.420114 0.401526 0.541441 0.537033 0.563206 0.402392 0.383454 0.370427 0.372905 0.380155 0.371149 0.72369 0.377486 0.341502 0.442485 0.4617 0.466947 0.368409 0.344881 0.370243 0.302227 0.366425 0.342016 0.434837 1.07482 1.09804 1.06716 0.723058 1.02263 0.331074 1.27695 0.441839 0.343108 1.24956 0.469237 0.34831 0.371732 0.542799 0.494511 0.342854 0.399228 0.541573 0.901 0.323058 0.539341 0.362693 0.545938 1.05387 0.544171 0.399812 0.337483 1.28178 0.32535 0.452102 0.550407 0.402357 0.400807 0.560664 0.286509 0.300414 0.398389 1.05118 0.424617 0.360831 0.315745 0.284786 1.06385 1.28689 0.406199 0.398789 0.330164 0.140377 0.341166 0.297987 0.299048 0.389571 0.72483 0.355916 0.497268 0.421522 0.356316 0.536734 0.397327 0.416706 0.543816 0.532847 0.476746 0.32002 0.410389 0.337163 0.340739 0.324146 0.315363 1.58313 0.422851 0.393656 0.36614 0.544208 0.480546 0.400596 0.388849 0.39663 0.376886 0.461262 0.587236 0.538746 0.402589 0.39983 0.296409 0.319859 0.399079 0.492441 0.415834 0.391495 1.38683 0.482008 0.53944 1.46342 0.298494 0.608967 0.299352 1.0673 1.10431 0.420814 0.481563 0.415848 1.03454 0.899595 0.317966 0.401781 0.457189 0.517569 1.25367 0.466487 0.398905 0.540901 0.330171 0.71816 0.367286 0.328238 0.719559 0.62236 0.556745 0.344712 0.322019 0.401318 0.488693 0.36436 0.466865 0.48232 0.465039 0.411389 1.43846 1.435 0.55545 0.519388 0.403104 0.479665 0.551924 0.364918 0.378613 1.66 0.285785 0.400594 0.402234 0.353724 0.423859 0.374968 0.53922 0.70046 0.616999 0.336041 0.459856 0.401217 0.333466 0.357258 0.30102 0.381427 0.720093 0.386008 1.05961 0.420424 0.419422 1.09255 0.29621 0.369016 0.597401 0.472894 0.349 0.542035 0.531721 0.364808 0.345099 0.397758 0.34282 0.378889 0.429625 1.43815 1.43686 0.465925 0.405935 0.49098 0.368815 0.449852 0.385124 0.302572 0.307537 0.490347 0.50914 0.381944 0.636788 0.399235 0.333046 0.303498 0.355325 0.407214 0.332441 0.367974 0.357364 0.722305 0.535914 0.290365 1.48545 0.400006 0.399859 0.323618 0.31491 0.399581 0.397457 0.396227 0.466282 0.534983 0.335303 0.552984 0.720689 0.461597 0.353999 0.387816 0.310356 0.376369 0.327874 0.373833 1.07834 0.385503 0.375963 0.364262 1.06555 0.389238 0.73074 0.390543 0.398566 0.329262 0.721481 0.316552 0.544964 0.400444 0.463892 0.834732 1.04135 0.540863 0.442085 0.695663 1.49982 0.365868 0.553885 0.309477 0.36517 0.539954 0.718954 0.302616 0.699997 0.435245 0.41249 0.372625 0.432562 0.440057 0.46686 1.44865 0.641343 0.389119 1.38733 0.346815 0.537131 1.032 1.36151 0.345305 1.01035 1.07902 0.465353 0.541652 0.400747 0.380922 0.387315 1.08132 0.415594 0.322099 0.307581 0.537327 0.327754 1.42539 0.341066 0.621338 0.481315 0.553926 0.400457 0.313544 0.401665 1.52058 0.371071 0.347322 0.518262 0.358854 0.535939 0.371844 0.14 1.05286 0.365704 0.527384 0.317635 0.72074 0.334345 0.384361 0.36868 0.29666 0.398707 0.538708 0.486264 1.45148 0.4007 0.461474 0.32805 0.308306 1.04838 0.64858 0.694367 1.04251 0.40736 1.30252 1.56196 1.39989 0.480988 0.470309 0.313596 0.365695 0.655846 0.389378 0.323584 0.303578 1.24797 0.331791 1.24661 0.452596 0.396319 0.379131 0.464442 0.377079 0.458918 0.471104 0.387092 0.43041 0.454568 1.51294 0.3492 0.366644 0.486783 0.671355 0.38604 0.71779 0.391078 0.486259 0.378099 0.483909 0.537882 0.429984 0.475981 0.324715 0.544984 0.46198 0.306951 0.459996 0.539081 0.542504 0.537437 1.66 0.402507 0.702562 0.444838 0.386948 0.546332 0.467799 0.490779 0.539987 1.49849 0.458254 0.4563 0.721848 0.900952 0.430287 1.04098 0.711065 0.321511 0.395417 0.539258 0.542588 0.41722 0.395893 0.371312 0.426391 0.548834 0.543948 0.390017 1.46191 0.901433 0.881595 0.361127 0.401951 0.654644 0.328488 0.361107 0.571678 0.339664 0.456373 0.722629 0.520899 0.543687 0.554856 0.448714 0.484047 0.347957 0.715782 0.687231 0.349571 0.453706 1.06853 1.07128 1.06076 0.39773 0.458747 0.540421 0.352589 0.54781 0.395631 0.362463 0.548809 0.472144 0.845742 0.715096 0.582874 0.481308 0.3027 0.395123 0.342307 0.722943 1.24282 0.531403 0.394872 0.362976 0.360555 0.482793 0.454293 0.394291 0.316591 1.31113 0.649984 0.556012 0.32398 0.45863 0.390183 0.456623 0.353258 0.725541 0.437195 0.323758 0.487592 0.416227 0.558506 0.388035 0.401 0.543838 0.34098 0.319426 1.03606 0.399989 0.361685 0.39431 0.459368 0.378136 0.481976 0.393759 0.394281 0.721178 0.322973 0.402272 0.421863 0.402825 0.459036 0.342251 0.721519 0.328564 0.720207 0.401698 1.28231 0.414473 0.442706 0.363806 0.391609 0.401035 1.41079 0.537445 0.362717 0.457882
Testing:
Lab Growth Rates:
0.36 0.36 0.36
Dot Production Prediction of Lab Growth Rates:
0.360068 0.337953 0.329122
Best performance so far: 
Obj: 4.68392e-310Rho: 2.26291e-314Diff: 4.68392e-310
Anneal again with the best G and E so far as input
Cycle 2Round 1
Iter 500000 pBad 0.829953 T 0.00203162 Obj 1.08921 Rho 0 GRdif 50.0765 success 107190 failure 8269 obj_new 1.08921 SA_pAcc 0.913601 Delta 0.0318674 SA_r 0.0573971 freedomratio 0.255115
Iter 1000000 pBad 0.765241 T 0.000528317 Obj 1.04653 Rho 0 GRdif 26.6521 success 211651 failure 23339 obj_new 1.04653 SA_pAcc 0.945389 Delta 0.0152865 SA_r 0.0126737 freedomratio 0.249256
Iter 1500000 pBad 0.690269 T 0.000137387 Obj 1.03584 Rho 0 GRdif 20.6347 success 313135 failure 45809 obj_new 1.03584 SA_pAcc 0.760414 Delta 0.0295322 SA_r 0.46593 freedomratio 0.250642
Iter 2000000 pBad 0.556877 T 3.57271e-05 Obj 1.0248 Rho 0 GRdif 14.3551 success 411521 failure 76237 obj_new 1.0248 SA_pAcc 1.14416 Delta -0.0106672 SA_r 0.741471 freedomratio 0.245086
Iter 2500000 pBad 0.495806 T 9.29071e-06 Obj 1.01813 Rho 0 GRdif 10.527 success 505725 failure 116880 obj_new 1.01813 SA_pAcc 1 Delta -0.00520089 SA_r 0.70472 freedomratio 0.245188
Iter 3000000 pBad 0.334863 T 2.41602e-06 Obj 1.01425 Rho 0 GRdif 8.29222 success 597536 failure 162345 obj_new 1.01425 SA_pAcc 1 Delta -0.0245737 SA_r 0.835759 freedomratio 0.240361
Iter 3500000 pBad 0.20839 T 6.28278e-07 Obj 1.01092 Rho 0 GRdif 6.36505 success 673352 failure 245216 obj_new 1.01092 SA_pAcc 0.532106 Delta -0.0101989 SA_r 0.403542 freedomratio 0.230436
Iter 4000000 pBad 0.11582 T 1.63382e-07 Obj 1.0099 Rho 0 GRdif 5.7745 success 732728 failure 368098 obj_new 1.0099 SA_pAcc 1 Delta 0.000707437 SA_r 0.899343 freedomratio 0.212627
Iter 4500000 pBad 0.0498961 T 4.24869e-08 Obj 1.00934 Rho 0 GRdif 5.44826 success 773863 failure 550425 obj_new 1.00934 SA_pAcc 0.0739883 Delta -0.00130151 SA_r 0.0132563 freedomratio 0.184741
Iter 5000000 pBad 0.0189569 T 1.10486e-08 Obj 1.00911 Rho 0 GRdif 5.31354 success 799869 failure 795066 obj_new 1.00911 SA_pAcc 3.42452e-130 Delta -0.000545441 SA_r 0.772172 freedomratio 0.167429
Iter 5500000 pBad 0.0108963 T 2.87315e-09 Obj 1.00905 Rho 0 GRdif 5.27748 success 813353 failure 1089854 obj_new 1.00905 SA_pAcc 1.39177e-20 Delta -0.000426272 SA_r 0.343383 freedomratio 0.15635
Iter 6000000 pBad 0.0057574 T 7.47152e-10 Obj 1.00903 Rho 0 GRdif 5.26928 success 821351 failure 1411217 obj_new 1.00903 SA_pAcc 0 Delta 0.000113617 SA_r 0.199241 freedomratio 0.151932
Iter 6500000 pBad 0.00218989 T 1.94295e-10 Obj 1.00901 Rho 0 GRdif 5.25732 success 828045 failure 1747088 obj_new 1.00901 SA_pAcc 424.841 Delta 6.95383e-05 SA_r 0.436821 freedomratio 0.145409
Iter 7000000 pBad 0.00144029 T 5.05257e-11 Obj 1.00901 Rho 0 GRdif 5.25373 success 832986 failure 2099432 obj_new 1.00901 SA_pAcc 1 Delta 7.22909e-05 SA_r 0.266808 freedomratio 0.142233
Iter 7500000 pBad 0.000537099 T 1.3139e-11 Obj 1.009 Rho 0 GRdif 5.25944 success 837307 failure 2462153 obj_new 1.00902 SA_pAcc 0 Delta 1.19641e-05 SA_r 0.209738 freedomratio 0.140124
Iter 8000000 pBad 0.000368548 T 3.41677e-12 Obj 1.009 Rho 0 GRdif 5.25432 success 840748 failure 2832425 obj_new 1.00901 SA_pAcc 0 Delta -2.60342e-06 SA_r 0.271737 freedomratio 0.13772
Iter 8500000 pBad 0.000137767 T 8.88519e-13 Obj 1.009 Rho 0 GRdif 5.25079 success 845569 failure 3205267 obj_new 1.009 SA_pAcc 25049.7 Delta -1.10251e-06 SA_r 0.192847 freedomratio 0.135304
Iter 9000000 pBad 4.099e-32 T 2.31057e-13 Obj 1.009 Rho 0 GRdif 5.25074 success 848177 failure 3543859 obj_new 1.009 SA_pAcc 0 Delta -8.55037e-34 SA_r 0.513898 freedomratio 0.131272
Iter 9500000 pBad 0 T 6.00855e-14 Obj 1.009 Rho 0 GRdif 5.26529 success 848177 failure 3860439 obj_new 1.00903 SA_pAcc 0 Delta -0 SA_r 0.903807 freedomratio 0.128735
Good enough
iter 8.77644e+06 obj1.009 rho 0 GRdif 5.2506
Training:
Lab Growth Rates:
0.25 0.485 0.55 0.1 0.46 0.37 0.59 0.476 0.58 0.54 1.05 0.4 0.4 0.47 0.45 0.65 0.42 0.47 0.4 0.6 1.49 0.26 0.4 0.3 0.54 1.67 0.49 0.65 0.47 0.43 0.33 0.5 0.22 0.47 0.46 0.52 0.59 1.483 0.54 0.33 0.17 0.56 0.3 0.46 0.724 0.54 1.483 0.58 0.3 0.59 0.4 0.58 0.09 0.45 0.47 0.47 0.32 0.6 0.4 0.4 0.45 0.4 0.47 0.53 0.42 0.42 0.65 0.46 0.4 1.345 0.59 0.5 0.4 0.46 0.53 0.17 0.4 0.3 0.23 0.31 0.4 0.5 0.2 0.33 0.47 0.52 0.724 0.52 0.48 0.23 0.5 0.22 0.54 0.42 0.45 0.48 0.27 0.42 0.47 1.345 1.345 1.345 0.724 1.483 0.39 0.1 0.23 0.45 1.248 0.22 0.39 0.49 0.59 0.53 0.59 0.45 0.56 0.901 0.54 0.54 0.27 0.6 1.483 0.55 0.4 0.11 0.1 0.42 0.46 0.56 0.4 0.4 0.27 0.53 0.3 0.4 1.05 0.37 0.47 0.48 0.54 1.483 1.35 0.45 0.4 0.42 0.14 0.32 0.39 0.47 0.3 0.636 0.52 0.301 0.46 0.46 0.56 0.4 0.1 0.55 0.53 0.476 0.39 0.43 0.48 0.25 0.19 0.42 1.46 0.37 0.41 0.54 0.53 0.465 0.4 0.58 0.4 0.47 0.58 0.31 0.5 0.4 0.4 0.27 0.59 0.37 0.301 0.51 0.4 1.43 0.33 0.54 0.45 0.48 0.5 0.34 1.483 1.345 0.37 0.481 0.36 1.46 0.901 0.5 0.4 0.55 0.3 1.248 0.58 0.4 0.59 0.48 0.5 0.45 0.5 0.635 0.65 0.68 0.58 0.39 0.4 0.41 0.42 0.55 0.377 0.58 0.54 0.762 0.762 0.5 0.3 0.4 0.465 0.55 0.1 0.54 1.66 0.37 0.4 0.45 0.43 0.53 0.37 0.56 0.7 0.617 0.5 0.58 0.4 0.5 0.47 0.38 0.52 0.637 0.47 1.483 0.37 0.37 1.345 0.38 0.54 0.5 0.22 0.52 0.5 0.26 0.41 0.33 0.4 0.53 0.38 0.37 0.762 0.45 0.54 0.59 0.41 0.43 0.58 0.51 0.25 0.59 0.485 0.46 0.52 0.65 0.4 0.36 0.42 0.47 0.46 0.4 0.38 0.52 0.635 0.53 0.46 0.25 0.4 0.4 0.59 0.59 0.4 0.4 0.4 0.58 0.53 0.42 0.31 0.648 0.46 0.47 0.4 0.34 0.54 0.54 0.5 1.483 0.59 0.54 0.26 1.483 0.49 0.5 0.47 0.4 0.46 0.71 0.33 0.23 0.4 0.56 0.25 1.483 0.23 0.54 0.7 0.45 0.47 0.55 0.32 0.5 0.23 0.648 0.46 0.7 0.47 0.51 0.11 0.22 0.47 0.5 0.762 0.5 0.47 1.43 0.48 0.56 1.483 1.67 0.25 1.05 1.345 0.56 0.56 0.4 0.4 0.54 1.345 0.5 0.5 0.42 0.56 0.27 0.45 0.09 0.5 0.485 0.68 0.4 0.17 0.4 1.42 0.58 0.43 0.37 0.47 0.54 0.37 0.14 1.05 0.33 0.3 0.34 0.71 0.19 0.43 0.2 0.48 0.4 0.3 0.377 1.44 0.4 0.55 0.42 0.41 1.483 0.65 0.5 1.345 0.53 1.38 1.05 1.4 0.465 0.22 0.5 0.43 0.65 0.43 0.39 0.33 1.248 0.45 1.248 0.58 0.43 0.54 0.5 0.41 0.5 0.56 0.42 0.37 0.53 0.1 0.2 0.53 0.33 0.5 0.52 0.71 0.52 0.485 0.43 0.481 0.56 0.37 0.3 0.42 0.56 0.46 0.38 0.46 0.53 0.23 0.6 1.66 0.4 0.7 0.43 0.54 0.5 0.58 0.41 0.54 0.45 0.58 0.54 0.686 0.901 0.3 1.46 0.5 0.4 0.52 0.5 0.55 0.37 0.4 0.52 0.43 0.59 0.54 0.4 0.1 0.901 0.901 0.58 0.4 0.65 0.42 0.54 0.3 0.45 0.56 0.686 0.25 0.59 0.68 0.09 0.377 0.45 0.637 0.5 0.58 0.56 1.345 1.345 1.345 0.4 0.5 0.56 0.36 0.42 0.4 0.3 0.56 0.22 0.1 0.648 0.5 0.25 0.48 0.41 0.41 0.637 1.248 0.42 0.4 0.46 0.36 0.481 0.56 0.4 0.59 1.03 0.65 0.68 0.58 0.55 0.45 0.55 0.46 0.636 0.37 0.53 0.301 0.46 0.68 0.11 0.4 0.23 0.45 0.19 1.46 0.4 0.58 0.47 0.58 0.27 0.476 0.4 0.22 0.636 0.5 0.4 0.46 0.4 0.55 0.47 0.635 0.54 0.686 0.4 0.901 0.36 0.23 0.58 0.4 0.4 0.1 0.54 0.36 0.46
Dot Production Prediction of Lab Growth Rates:
0.349014 0.601301 0.552505 0.436832 0.498746 0.419848 0.550512 0.601048 0.285002 0.457319 1.06629 0.335953 0.33452 0.383543 0.324991 0.644508 0.555991 0.341439 0.328422 0.642666 1.50135 0.455872 0.33104 0.230376 0.458583 1.47759 0.379652 0.658295 0.416782 0.344522 0.33383 0.356787 0.352732 0.38028 0.463311 0.3591 0.325891 1.14944 0.478042 0.447836 0.317976 0.535122 0.325427 0.434643 0.729636 0.55234 1.20957 0.45659 0.231421 0.543668 0.348759 0.446857 0.375047 1.39661 0.417571 0.346761 0.336347 0.640483 0.333705 0.336594 1.43761 0.334123 0.361407 0.525034 0.307007 0.31351 0.669942 0.368242 0.33939 1.19332 0.543766 0.475788 0.336359 0.503813 0.379035 0.407393 0.335415 0.622282 0.547434 0.56772 0.337345 0.375639 0.365628 0.36389 0.392234 0.374165 0.725088 0.340982 0.337675 0.440804 0.466677 0.473691 0.376856 0.350973 0.358146 0.30127 0.358018 0.353111 0.451589 1.20802 1.25285 1.21801 0.726526 1.14787 0.345187 1.22513 0.44232 0.351479 1.24869 0.476677 0.328658 0.373628 0.55198 0.505842 0.325234 0.402679 0.548507 0.903926 0.322181 0.541815 0.367112 0.622238 1.17543 0.547233 0.348059 0.346198 1.25682 0.321209 0.450415 0.558541 0.356862 0.336415 0.587902 0.294855 0.228603 0.335986 1.08109 0.425053 0.344598 0.302963 0.28606 1.17695 1.20492 0.39747 0.335565 0.335822 0.140487 0.350645 0.316389 0.302039 0.379912 0.724481 0.339808 0.622303 0.416111 0.345146 0.545799 0.332501 0.426116 0.5448 0.531545 0.598214 0.33267 0.414575 0.347941 0.348483 0.325752 0.320345 1.48041 0.422939 0.385394 0.350437 0.546021 0.598823 0.335281 0.371704 0.344441 0.387751 0.466915 0.580299 0.538778 0.337849 0.333221 0.274466 0.33493 0.384882 0.619189 0.415107 0.328927 1.24375 0.497212 0.535435 1.46276 0.306863 0.668434 0.299498 1.18841 1.24987 0.42221 0.597127 0.402788 1.05284 0.898939 0.331664 0.335558 0.462178 0.589057 1.2635 0.470237 0.354075 0.540958 0.341033 0.800776 0.362317 0.336584 0.720165 0.627848 0.285028 0.345628 0.310335 0.337939 0.608595 0.3649 0.478008 0.598666 0.470395 0.393143 1.43818 1.43515 0.558599 0.583511 0.337504 0.597743 0.553117 0.375169 0.35833 1.56109 0.280162 0.337161 0.411879 0.348572 0.403443 0.388886 0.550504 0.772445 0.48746 0.342132 0.463162 0.34964 0.33555 0.358043 0.29557 0.387669 0.720812 0.35881 1.19985 0.41971 0.421249 1.21929 0.285955 0.377859 0.682639 0.479295 0.359489 0.551062 0.539913 0.356125 0.334458 0.348823 0.331835 0.373629 0.433119 1.44409 1.45476 0.473632 0.388475 0.611442 0.367741 0.457122 0.380878 0.299349 0.303951 0.604026 0.510663 0.386732 0.645511 0.351886 0.322923 0.299996 0.370188 0.387827 0.30887 0.368787 0.350615 0.723698 0.536511 0.305998 1.4662 0.355707 0.347348 0.336556 0.295958 0.334847 0.330794 0.331567 0.470363 0.536506 0.343744 0.568059 0.718875 0.458531 0.357701 0.323345 0.318415 0.369314 0.332673 0.364763 1.21497 0.363547 0.390839 0.363191 1.21434 0.380515 0.791543 0.375737 0.332256 0.338978 0.727231 0.311756 0.557301 0.336338 0.470265 0.918858 1.15865 0.549152 0.456801 0.770788 1.50135 0.373513 0.554114 0.31341 0.358265 0.547888 0.722104 0.306559 0.775584 0.452177 0.3932 0.354774 0.420704 0.455578 0.473252 1.45621 0.690152 0.369127 1.23304 0.333674 0.54343 1.15763 1.33971 0.344354 1.03348 1.21113 0.468111 0.549781 0.335451 0.363334 0.365371 1.22329 0.421643 0.329798 0.299622 0.534695 0.329968 1.4107 0.34955 0.731671 0.598951 0.280529 0.334154 0.313501 0.334179 1.52021 0.393181 0.342096 0.53328 0.349011 0.541133 0.373619 0.14126 1.07943 0.349142 0.612661 0.322679 0.724024 0.329729 0.374076 0.380824 0.291445 0.332456 0.612761 0.607341 1.46273 0.348451 0.469698 0.334536 0.319958 1.16444 0.653384 0.764849 1.1704 0.400316 1.31644 1.45941 1.40565 0.599629 0.479061 0.332831 0.366274 0.674266 0.390401 0.304711 0.306844 1.25372 0.336393 1.25247 0.458317 0.388801 0.370831 0.472924 0.374154 0.461993 0.469099 0.386391 0.434257 0.456806 1.49375 0.346606 0.362412 0.485345 0.741579 0.364193 0.718285 0.384887 0.602036 0.38158 0.600629 0.543675 0.431721 0.555153 0.323625 0.550656 0.469129 0.298172 0.459767 0.542883 0.550435 0.619747 1.57101 0.351366 0.778936 0.434742 0.362405 0.546558 0.473437 0.608641 0.543929 1.48393 0.454685 0.466896 0.723672 0.899532 0.490846 1.07174 0.755957 0.303387 0.387582 0.537083 0.550272 0.418998 0.331845 0.359187 0.411583 0.558556 0.552743 0.324434 1.45423 0.905293 0.888037 0.367692 0.355889 0.652681 0.337453 0.349008 0.648812 0.346793 0.460898 0.726073 0.562901 0.550998 0.283826 0.436556 0.600618 0.363387 0.716905 0.761006 0.333872 0.461003 1.20385 1.19222 1.17285 0.351541 0.465256 0.54725 0.356897 0.558248 0.340001 0.362219 0.556219 0.478364 0.924719 0.716495 0.661501 0.499024 0.313003 0.398537 0.356029 0.72394 1.24506 0.543245 0.337489 0.355951 0.35994 0.599952 0.457506 0.337056 0.323736 1.32179 0.652999 0.284682 0.321887 0.475799 0.390901 0.468887 0.339826 0.732621 0.431997 0.321171 0.612711 0.407012 0.281031 0.381427 0.335333 0.54728 0.346149 0.319694 1.0554 0.347585 0.378981 0.375499 0.462149 0.383553 0.603229 0.329963 0.385681 0.72782 0.334054 0.336168 0.41498 0.337227 0.465675 0.34151 0.720747 0.335929 0.724145 0.338131 1.28298 0.408798 0.440296 0.351188 0.325556 0.335799 1.40225 0.539333 0.366408 0.461616
Testing:
Lab Growth Rates:
0.36 0.36 0.36
Dot Production Prediction of Lab Growth Rates:
0.350997 0.344055 0.328862
Best performance so far: 
Obj: 4.68392e-310Rho: 6.5069e-314Diff: 4.68392e-310
Test:
 Lab Growth Rates:
0.36 0.36 0.36Dot Product Prediction of Growth Rate:
0.3509973 0.344055 0.3288616