seed =  5 traits =  1 
Training: part  73 
Training: part  73 
Round  1 
 Goal of obj  0.99 
Temperature range:  0.00390625 1.5625e-09 
Cycle 1Round 1
Iter 500000 pBad 0.868426 T 0.0018701 Obj 1.09175 Rho 0 GRdif 51.4407 success 146587 failure 9607 obj_new 1.09175 SA_pAcc 1 Delta 0.0585246 SA_r 0.731486 freedomratio 0.364201
Iter 1000000 pBad 0.84029 T 0.000895296 Obj 1.05002 Rho 0 GRdif 28.6042 success 290894 failure 24425 obj_new 1.05002 SA_pAcc 1.09661 Delta -0.0564054 SA_r 0.6756 freedomratio 0.365793
Iter 1500000 pBad 0.806709 T 0.000428617 Obj 1.04094 Rho 0 GRdif 23.5108 success 433080 failure 43336 obj_new 1.04094 SA_pAcc 1.3183 Delta -0.00682359 SA_r 0.374572 freedomratio 0.364201
Iter 2000000 pBad 0.751973 T 0.000205198 Obj 1.03249 Rho 0 GRdif 18.7342 success 574809 failure 64648 obj_new 1.03249 SA_pAcc 1 Delta -0.0295565 SA_r 0.580283 freedomratio 0.366938
Iter 2500000 pBad 0.69478 T 9.82371e-05 Obj 1.02471 Rho 0 GRdif 14.3047 success 714707 failure 89945 obj_new 1.02471 SA_pAcc 0.90411 Delta 0.0470453 SA_r 0.40086 freedomratio 0.368785
Iter 3000000 pBad 0.650291 T 4.70304e-05 Obj 1.0223 Rho 0 GRdif 12.9221 success 854102 failure 116682 obj_new 1.0223 SA_pAcc 1.11951 Delta -0.0392827 SA_r 0.843158 freedomratio 0.369018
Iter 3500000 pBad 0.541048 T 2.25155e-05 Obj 1.0183 Rho 0 GRdif 10.6296 success 992114 failure 145431 obj_new 1.0183 SA_pAcc 0.826989 Delta 0.0328842 SA_r 0.0915396 freedomratio 0.36106
Iter 4000000 pBad 0.510653 T 1.07792e-05 Obj 1.01626 Rho 0 GRdif 9.45154 success 1123807 failure 184746 obj_new 1.01626 SA_pAcc 1 Delta -0.0464551 SA_r 0.165462 freedomratio 0.364201
Iter 4500000 pBad 0.436468 T 5.16045e-06 Obj 1.01249 Rho 0 GRdif 7.27382 success 1246935 failure 241612 obj_new 1.01249 SA_pAcc 1 Delta -0.0264309 SA_r 0.374434 freedomratio 0.353865
Iter 5000000 pBad 0.361604 T 2.47053e-06 Obj 1.01021 Rho 0 GRdif 5.95021 success 1362148 failure 313688 obj_new 1.01021 SA_pAcc 1.08051 Delta -0.0223905 SA_r 0.591132 freedomratio 0.35153
Iter 5500000 pBad 0.213473 T 1.18275e-06 Obj 1.00908 Rho 0 GRdif 5.29564 success 1466719 failure 406839 obj_new 1.00908 SA_pAcc 1 Delta 0.00070997 SA_r 0.937081 freedomratio 0.336202
Iter 6000000 pBad 0.136486 T 5.66235e-07 Obj 1.00838 Rho 0 GRdif 4.89283 success 1546347 failure 552577 obj_new 1.00838 SA_pAcc 1 Delta 0.0127892 SA_r 0.0827427 freedomratio 0.306646
Iter 6500000 pBad 0.0840051 T 2.71081e-07 Obj 1.0079 Rho 0 GRdif 4.6093 success 1605491 failure 746057 obj_new 1.0079 SA_pAcc 0.0325351 Delta -0.00724785 SA_r 0.503272 freedomratio 0.276155
Iter 7000000 pBad 0.0518977 T 1.29778e-07 Obj 1.00766 Rho 0 GRdif 4.47318 success 1648545 failure 981190 obj_new 1.00766 SA_pAcc 1 Delta -0.00341431 SA_r 0.28135 freedomratio 0.258264
Iter 7500000 pBad 0.0276282 T 6.21306e-08 Obj 1.00757 Rho 0 GRdif 4.42139 success 1679371 failure 1251931 obj_new 1.00757 SA_pAcc 1 Delta -0.000111764 SA_r 0.126078 freedomratio 0.234026
Iter 8000000 pBad 0.0230477 T 2.97446e-08 Obj 1.00753 Rho 0 GRdif 4.39897 success 1701276 failure 1551335 obj_new 1.00754 SA_pAcc 3.04824e-14 Delta -0.000786702 SA_r 0.642037 freedomratio 0.223664
Iter 8500000 pBad 0.014982 T 1.42401e-08 Obj 1.00751 Rho 0 GRdif 4.38402 success 1717434 failure 1874395 obj_new 1.00751 SA_pAcc 1.72762e-64 Delta -0.000409549 SA_r 0.963025 freedomratio 0.212781
Iter 9000000 pBad 0.0100504 T 6.81734e-09 Obj 1.00749 Rho 0 GRdif 4.37857 success 1729153 failure 2214029 obj_new 1.0075 SA_pAcc 0 Delta 8.64756e-05 SA_r 0.00510099 freedomratio 0.20936
Iter 9500000 pBad 0.0108417 T 3.26376e-09 Obj 1.00749 Rho 0 GRdif 4.37018 success 1737463 failure 2564422 obj_new 1.00749 SA_pAcc 1 Delta -0.000492367 SA_r 0.0151521 freedomratio 0.205038
Iter 10000000 pBad 0.0074043 T 1.5625e-09 Obj 1.00748 Rho 0 GRdif 4.36595 success 1743968 failure 2924438 obj_new 1.00748 SA_pAcc 4.34595e-26 Delta 0.000706359 SA_r 0.725658 freedomratio 0.199659
Cannot move further
iter 9.99996e+06 obj1.00748 rho 0 GRdif 4.36589
Training:
Lab Growth Rates:
1.46 0.42 0.09 0.4 0.36 0.42 0.3 0.5 0.5 0.465 0.301 0.59 0.1 0.59 0.762 0.5 0.3 0.53 0.6 0.23 0.65 0.5 0.23 0.377 0.58 1.483 0.22 0.41 0.53 0.53 0.42 0.43 0.22 0.4 0.46 0.55 0.4 0.14 0.59 0.4 0.34 0.4 0.43 0.41 0.5 0.31 0.636 0.33 0.58 0.51 1.03 0.46 1.05 0.27 0.5 0.4 0.48 1.483 0.59 0.47 0.4 0.47 0.4 0.46 0.56 0.36 0.4 0.59 0.4 0.58 0.45 0.47 0.58 0.56 0.465 0.68 0.5 0.4 0.47 0.36 1.345 0.51 0.38 0.27 1.46 0.5 0.52 0.47 0.65 0.54 0.43 0.4 0.47 0.49 0.09 0.5 0.38 0.54 0.45 0.33 0.5 0.54 0.46 0.54 0.4 0.4 0.5 0.637 0.3 0.56 0.25 0.22 0.42 0.56 0.17 0.47 1.38 0.5 0.4 0.54 0.65 0.4 0.54 0.41 0.47 1.248 0.48 0.4 1.345 0.46 0.5 1.483 0.17 0.485 0.55 0.58 0.17 0.46 0.47 0.59 0.55 0.58 0.37 1.345 0.3 0.65 0.5 0.481 0.45 0.6 0.1 0.22 0.1 1.483 0.55 0.3 0.4 0.54 0.58 0.4 0.45 0.4 0.5 0.42 0.45 0.686 0.11 0.4 0.301 0.56 0.46 0.42 0.54 0.2 0.4 0.4 0.45 0.41 0.48 0.54 0.45 0.46 0.41 0.1 0.45 0.4 0.25 0.39 1.483 0.27 0.56 0.53 0.47 0.54 1.43 0.7 1.345 0.58 0.23 0.25 0.42 0.37 0.59 0.27 0.4 0.53 0.1 0.52 0.53 0.4 0.48 0.59 0.22 0.485 0.901 1.67 0.46 0.5 0.1 0.45 0.37 0.27 0.25 0.47 0.19 0.58 0.4 0.54 0.43 0.46 1.66 0.635 0.5 0.52 0.49 0.37 0.37 0.4 1.483 0.37 0.901 0.55 0.4 0.377 0.47 0.43 0.648 0.4 0.58 1.345 0.4 0.46 0.54 0.33 0.33 0.46 0.41 0.54 0.11 0.42 0.46 0.55 0.3 0.724 0.476 0.55 0.4 0.1 0.617 1.248 0.43 0.32 0.47 0.53 0.54 0.53 0.25 0.42 0.5 0.14 0.19 0.58 0.58 0.58 0.42 0.901 0.34 0.42 0.724 0.22 0.901 0.5 0.4 0.42 0.45 0.42 0.54 0.5 0.42 0.4 0.4 0.47 0.55 0.4 0.23 0.5 0.5 0.901 0.54 0.43 0.4 0.4 0.465 0.33 0.36 0.52 0.52 0.47 0.58 0.481 0.54 0.58 0.53 0.45 0.5 0.41 0.49 0.54 0.4 1.46 0.59 0.32 0.2 0.59 0.37 0.11 0.47 0.4 0.52 0.636 0.25 0.54 0.5 0.56 0.23 0.1 0.4 0.53 0.3 0.45 0.37 0.37 0.39 0.33 0.3 0.3 0.635 1.248 0.34 0.36 0.52 0.42 0.7 0.4 0.31 0.26 0.56 0.3 0.58 0.47 0.59 0.5 0.25 0.54 0.762 0.4 0.36 0.3 0.4 0.4 0.38 0.4 0.55 0.47 1.43 0.45 0.54 0.09 0.59 0.52 1.345 0.22 1.483 0.7 0.901 0.56 0.47 0.54 0.46 0.1 0.39 0.23 1.345 0.762 0.53 0.4 0.54 0.37 0.648 1.4 0.53 0.52 1.66 0.55 0.5 0.71 0.724 0.48 0.26 0.65 0.45 1.05 0.68 0.46 0.4 0.58 0.4 0.45 0.68 1.248 0.4 0.686 0.58 0.37 1.345 0.38 0.52 0.23 0.5 1.345 0.36 0.46 0.48 0.56 1.05 0.43 0.56 0.3 0.4 0.46 0.46 0.45 1.248 0.31 0.53 0.635 0.4 0.5 0.42 0.4 0.52 0.45 0.51 0.59 0.4 0.37 1.483 0.25 0.56 0.65 0.5 1.67 0.59 0.5 0.762 0.47 0.54 0.5 0.6 0.54 0.45 0.46 0.33 1.345 0.56 0.4 1.46 0.59 0.485 1.483 0.476 0.4 0.636 0.43 0.59 0.56 0.37 0.47 0.637 0.58 0.5 0.4 1.483 0.33 0.38 0.481 0.54 0.3 0.37 0.54 0.53 0.42 0.55 0.47 1.42 0.71 0.58 0.48 0.23 0.37 0.637 0.27 0.648 0.4 0.42 0.6 1.05 0.3 0.4 1.35 1.483 0.54 0.4 0.39 0.39 0.7 0.55 0.5 0.43 1.05 0.37 0.32 0.56 0.23 0.68 0.22 0.47 0.46 0.686 0.46 0.47 0.36 0.56 0.56 0.45 1.345 0.4 0.43 0.4 0.19 0.36 0.68 0.52 0.4 1.483 0.33 1.44 0.41 0.301 1.49 0.41 0.377 0.2 0.53 0.48 0.48 0.26 1.345 0.43 0.5 0.476 0.39 0.56 0.485 0.71 0.58
Dot Production Prediction of Lab Growth Rates:
1.00258 0.548774 0.343668 0.412794 0.317713 0.312755 0.356928 0.348385 0.372864 0.48596 0.487972 0.341388 1.28222 0.286227 0.821074 0.661808 0.323894 0.404937 0.538416 0.4117 0.62589 0.492188 0.407235 0.492447 0.484625 1.29306 0.479052 0.479845 0.400626 0.528756 0.566924 0.340644 0.474714 0.413761 0.312004 0.471496 0.410769 0.139871 0.55291 0.397804 0.328145 0.410949 0.384939 0.371096 0.483574 0.5313 0.710706 0.348578 0.491974 0.413484 1.33272 0.398773 1.05 0.326623 0.346801 0.408356 0.278117 1.24032 0.322507 0.402964 0.413639 0.462721 0.415996 0.31875 0.544105 0.339583 0.39756 0.550598 0.41077 0.48016 0.373556 0.333349 0.342341 0.485844 0.490897 0.49855 0.495655 0.396872 0.345732 0.314942 1.29326 0.381781 0.292587 0.36753 0.998367 0.325276 0.366481 0.346848 0.649919 0.536963 0.358283 0.397084 0.366798 0.384345 0.388369 0.540303 0.304205 0.359211 0.418348 0.326254 0.3438 0.320387 0.39267 0.528725 0.410783 0.411569 0.760023 0.690349 0.318362 0.538106 0.343125 0.378923 0.296761 0.543809 0.408952 0.45439 1.33254 0.731464 0.398244 0.313402 0.65096 0.402933 0.309417 0.481582 0.379666 0.87914 0.339003 0.401547 1.32009 0.42079 0.355426 1.21596 0.317425 0.481747 0.536814 0.396311 0.312722 0.527333 0.382156 0.338699 0.546705 0.479853 0.40882 1.24398 0.53934 0.625841 0.48702 0.480289 1.57411 0.5742 0.431952 0.478845 0.343408 1.27078 0.473676 0.504457 0.405162 0.468189 0.326115 0.402003 0.38583 0.398378 0.521055 0.357936 1.64002 0.712754 0.326412 0.413859 0.487244 0.475392 0.364556 0.327439 0.385718 0.346571 0.390793 0.411207 1.55272 0.34921 0.284749 0.456345 0.330901 0.343471 0.482748 0.434082 1.54106 0.401231 0.903185 0.358625 1.23973 0.567249 0.483709 0.535518 0.303686 0.378426 1.40039 0.698462 1.28628 0.451862 0.408578 0.342495 0.359852 0.389915 0.361105 0.342912 0.4102 0.369044 0.899311 0.352787 0.526909 0.388103 0.306721 0.321174 0.481194 0.483902 0.832298 1.63851 0.503879 0.667773 1.13807 0.362535 0.408508 0.394495 0.478553 0.339048 0.304489 0.366446 0.411052 0.350466 0.337868 0.462474 1.66 0.698129 0.755225 0.356575 0.375767 0.396677 0.411952 0.41337 1.29452 0.410434 0.90099 0.471844 0.409831 0.493129 0.394034 0.390078 0.698701 0.403196 0.48098 1.23804 0.402075 0.448257 0.455647 0.324529 0.330246 0.45758 0.331305 0.3442 0.355587 0.347245 0.472611 0.453871 0.380624 0.703333 0.492666 0.557938 0.405259 1.36008 0.615434 0.870574 0.425418 0.326669 0.352339 0.372415 0.541568 0.532773 1.57475 0.371404 0.317848 0.142194 0.303528 0.476841 0.321045 0.348192 0.571516 0.901056 0.334016 0.328047 0.711666 0.482858 0.90536 0.774436 0.406536 0.325016 1.53947 0.332044 0.541942 0.751634 0.329251 0.367908 0.412335 0.331558 0.540068 0.401727 0.541356 0.545253 0.52154 0.911309 0.477512 0.381561 0.410966 0.388739 0.490168 0.322688 0.328026 0.350071 0.368524 0.406607 0.492042 0.479521 0.343516 0.38723 0.540651 0.365896 0.722023 0.369513 0.378147 0.464586 0.297654 1.62654 0.539736 0.320535 0.386786 0.540344 0.377128 0.37466 0.389266 0.402744 0.360544 0.69454 0.287408 0.388142 0.311108 0.530503 0.53503 1.12992 0.412134 0.288226 0.557712 0.349023 0.38605 0.287298 0.332299 0.352294 0.493275 0.316101 0.699954 0.864158 0.312122 0.388776 0.337663 0.315049 0.705663 0.41342 0.51906 0.351901 0.535814 0.561725 0.355394 0.366851 0.540054 0.492881 0.51381 0.350448 0.797697 0.410039 0.345298 0.529256 0.401968 0.41234 0.290402 0.400333 0.55757 0.391318 1.43059 0.393371 0.550908 0.434978 0.344279 0.366703 1.26827 0.344014 1.23406 0.69961 0.901005 0.48779 0.434944 0.476976 0.343677 1.48734 0.338069 0.534546 1.31812 0.81237 0.543684 0.410998 0.55519 0.411857 0.6963 1.40006 0.530026 0.336939 1.66 0.470836 0.5423 0.697521 0.707668 0.326862 0.522918 0.655629 0.344793 0.999498 0.490677 0.522406 0.416768 0.476593 0.41056 0.3486 0.499997 0.868709 0.414223 0.712322 0.479091 0.393566 1.31414 0.33782 0.355655 0.543242 0.710973 1.32439 0.395438 0.367101 0.328611 0.475666 1.0505 0.402956 0.546681 0.444142 0.405171 0.387743 0.468683 1.60146 0.870059 0.515397 0.312316 0.696017 0.411456 0.398061 0.341614 0.392936 0.365819 0.30824 0.392902 0.32001 0.400123 0.405313 1.27534 0.347402 0.541556 0.650258 0.480855 1.37117 0.554693 0.350474 0.809386 0.364987 0.368256 0.335148 0.544521 0.377336 1.61606 0.358013 0.496377 1.22639 0.536949 0.404544 1.00561 0.349033 0.48594 1.3041 0.49433 0.405198 0.705041 0.341915 0.546655 0.531047 0.397926 0.403003 0.69293 0.280564 0.764986 0.412357 1.246 0.416658 0.340456 0.482224 0.368806 0.504176 0.525735 0.358899 0.30623 0.360841 0.469769 0.341738 1.57791 0.703667 0.482456 0.302369 0.532237 0.436761 0.696619 0.295527 0.69861 0.407734 0.372814 0.550207 1.63411 0.322833 0.302412 1.34758 1.28036 0.533981 0.39869 0.307131 0.326957 0.703723 0.552785 0.329894 0.340946 1.04998 0.393174 0.361706 0.474334 0.546975 0.494149 0.409402 0.337607 0.313685 0.707682 0.47349 0.382156 0.334829 0.54436 0.53912 0.339857 1.30312 0.393326 0.39781 0.409462 0.295522 0.363981 0.49962 0.374901 0.391441 1.28355 0.447331 1.58233 0.337642 0.490301 1.60146 0.377119 0.492685 0.355771 0.462123 0.34153 0.349294 0.45 1.29175 0.343524 0.731079 0.492163 0.298485 0.540264 0.486485 0.70576 0.486891
Testing:
Lab Growth Rates:
0.65 0.65 0.65
Dot Production Prediction of Lab Growth Rates:
0.6588 0.654185 0.671088
Best performance so far: 
Obj: 4.64041e-310Rho: 2.26291e-314Diff: 4.64041e-310
Anneal again with the best G and E so far as input
Cycle 2Round 1
Iter 500000 pBad 0.855598 T 0.0018701 Obj 1.05723 Rho 0 GRdif 32.6108 success 104555 failure 8998 obj_new 1.05723 SA_pAcc 0.850818 Delta 0.0690238 SA_r 0.519368 freedomratio 0.24376
Iter 1000000 pBad 0.790869 T 0.000895296 Obj 1.05138 Rho 0 GRdif 29.3602 success 206644 failure 22211 obj_new 1.05138 SA_pAcc 0.922234 Delta 0.0243934 SA_r 0.408967 freedomratio 0.246841
Iter 1500000 pBad 0.735117 T 0.000428617 Obj 1.03241 Rho 0 GRdif 18.6888 success 307365 failure 39395 obj_new 1.03241 SA_pAcc 1.05595 Delta -0.0495327 SA_r 0.803457 freedomratio 0.246529
Iter 2000000 pBad 0.708749 T 0.000205198 Obj 1.02988 Rho 0 GRdif 17.2527 success 406777 failure 59767 obj_new 1.02988 SA_pAcc 1 Delta -0.0269648 SA_r 0.298421 freedomratio 0.246633
Iter 2500000 pBad 0.686587 T 9.82371e-05 Obj 1.02818 Rho 0 GRdif 16.2833 success 505387 failure 81333 obj_new 1.02818 SA_pAcc 1 Delta 0.0563209 SA_r 0.89077 freedomratio 0.245086
Iter 3000000 pBad 0.626223 T 4.70304e-05 Obj 1.02294 Rho 0 GRdif 13.2893 success 602372 failure 107486 obj_new 1.02294 SA_pAcc 1 Delta -0.05585 SA_r 0.900735 freedomratio 0.244676
Iter 3500000 pBad 0.491592 T 2.25155e-05 Obj 1.02052 Rho 0 GRdif 11.905 success 697395 failure 139394 obj_new 1.02052 SA_pAcc 3.0263 Delta 0.0213035 SA_r 0.43357 freedomratio 0.243053
Iter 4000000 pBad 0.434323 T 1.07792e-05 Obj 1.01836 Rho 0 GRdif 10.6626 success 790359 failure 175668 obj_new 1.01836 SA_pAcc 1 Delta 0.0243452 SA_r 0.444648 freedomratio 0.240558
Iter 4500000 pBad 0.366131 T 5.16045e-06 Obj 1.01604 Rho 0 GRdif 9.32769 success 877622 failure 221410 obj_new 1.01604 SA_pAcc 1.04316 Delta 0.00535723 SA_r 0.10926 freedomratio 0.239086
Iter 5000000 pBad 0.264046 T 2.47053e-06 Obj 1.01133 Rho 0 GRdif 6.60277 success 957184 failure 287092 obj_new 1.01133 SA_pAcc 1 Delta 0.00137199 SA_r 0.343059 freedomratio 0.229085
Iter 5500000 pBad 0.233486 T 1.18275e-06 Obj 1.0103 Rho 0 GRdif 6.00695 success 1030241 failure 366365 obj_new 1.0103 SA_pAcc 1 Delta -0.00479649 SA_r 0.182269 freedomratio 0.229264
Iter 6000000 pBad 0.151875 T 5.66235e-07 Obj 1.00963 Rho 0 GRdif 5.61772 success 1094849 failure 465457 obj_new 1.00963 SA_pAcc 1 Delta 0.00386034 SA_r 0.20203 freedomratio 0.224349
Iter 6500000 pBad 0.114557 T 2.71081e-07 Obj 1.0092 Rho 0 GRdif 5.36492 success 1146795 failure 598331 obj_new 1.0092 SA_pAcc 3.63524 Delta 0.0057583 SA_r 0.548971 freedomratio 0.208689
Iter 7000000 pBad 0.0716425 T 1.29778e-07 Obj 1.00886 Rho 0 GRdif 5.16664 success 1187423 failure 768922 obj_new 1.00886 SA_pAcc 1 Delta 0.00329593 SA_r 0.760582 freedomratio 0.194879
Iter 7500000 pBad 0.0463064 T 6.21306e-08 Obj 1.00867 Rho 0 GRdif 5.06149 success 1217143 failure 977303 obj_new 1.00867 SA_pAcc 2.32398e-08 Delta 0.00017488 SA_r 0.402133 freedomratio 0.181762
Iter 8000000 pBad 0.0270513 T 2.97446e-08 Obj 1.00856 Rho 0 GRdif 4.99651 success 1239638 failure 1217613 obj_new 1.00856 SA_pAcc 2.43586e-18 Delta -0.00232039 SA_r 0.106392 freedomratio 0.170349
Iter 8500000 pBad 0.0186716 T 1.42401e-08 Obj 1.0085 Rho 0 GRdif 4.96578 success 1255665 failure 1487797 obj_new 1.00851 SA_pAcc 0 Delta 0.000364187 SA_r 0.358434 freedomratio 0.161299
Iter 9000000 pBad 0.0112842 T 6.81734e-09 Obj 1.00847 Rho 0 GRdif 5.04667 success 1265372 failure 1781787 obj_new 1.00865 SA_pAcc 0 Delta 0.000277776 SA_r 0.445125 freedomratio 0.157739
Iter 9500000 pBad 0.00896218 T 3.26376e-09 Obj 1.00845 Rho 0 GRdif 4.93102 success 1274321 failure 2083338 obj_new 1.00845 SA_pAcc 1 Delta -0.000810275 SA_r 0.668389 freedomratio 0.155851
Good enough
iter 9.99997e+06 obj1.00844 rho 0 GRdif 4.92347
Training:
Lab Growth Rates:
1.46 0.42 0.09 0.4 0.36 0.42 0.3 0.5 0.5 0.465 0.301 0.59 0.1 0.59 0.762 0.5 0.3 0.53 0.6 0.23 0.65 0.5 0.23 0.377 0.58 1.483 0.22 0.41 0.53 0.53 0.42 0.43 0.22 0.4 0.46 0.55 0.4 0.14 0.59 0.4 0.34 0.4 0.43 0.41 0.5 0.31 0.636 0.33 0.58 0.51 1.03 0.46 1.05 0.27 0.5 0.4 0.48 1.483 0.59 0.47 0.4 0.47 0.4 0.46 0.56 0.36 0.4 0.59 0.4 0.58 0.45 0.47 0.58 0.56 0.465 0.68 0.5 0.4 0.47 0.36 1.345 0.51 0.38 0.27 1.46 0.5 0.52 0.47 0.65 0.54 0.43 0.4 0.47 0.49 0.09 0.5 0.38 0.54 0.45 0.33 0.5 0.54 0.46 0.54 0.4 0.4 0.5 0.637 0.3 0.56 0.25 0.22 0.42 0.56 0.17 0.47 1.38 0.5 0.4 0.54 0.65 0.4 0.54 0.41 0.47 1.248 0.48 0.4 1.345 0.46 0.5 1.483 0.17 0.485 0.55 0.58 0.17 0.46 0.47 0.59 0.55 0.58 0.37 1.345 0.3 0.65 0.5 0.481 0.45 0.6 0.1 0.22 0.1 1.483 0.55 0.3 0.4 0.54 0.58 0.4 0.45 0.4 0.5 0.42 0.45 0.686 0.11 0.4 0.301 0.56 0.46 0.42 0.54 0.2 0.4 0.4 0.45 0.41 0.48 0.54 0.45 0.46 0.41 0.1 0.45 0.4 0.25 0.39 1.483 0.27 0.56 0.53 0.47 0.54 1.43 0.7 1.345 0.58 0.23 0.25 0.42 0.37 0.59 0.27 0.4 0.53 0.1 0.52 0.53 0.4 0.48 0.59 0.22 0.485 0.901 1.67 0.46 0.5 0.1 0.45 0.37 0.27 0.25 0.47 0.19 0.58 0.4 0.54 0.43 0.46 1.66 0.635 0.5 0.52 0.49 0.37 0.37 0.4 1.483 0.37 0.901 0.55 0.4 0.377 0.47 0.43 0.648 0.4 0.58 1.345 0.4 0.46 0.54 0.33 0.33 0.46 0.41 0.54 0.11 0.42 0.46 0.55 0.3 0.724 0.476 0.55 0.4 0.1 0.617 1.248 0.43 0.32 0.47 0.53 0.54 0.53 0.25 0.42 0.5 0.14 0.19 0.58 0.58 0.58 0.42 0.901 0.34 0.42 0.724 0.22 0.901 0.5 0.4 0.42 0.45 0.42 0.54 0.5 0.42 0.4 0.4 0.47 0.55 0.4 0.23 0.5 0.5 0.901 0.54 0.43 0.4 0.4 0.465 0.33 0.36 0.52 0.52 0.47 0.58 0.481 0.54 0.58 0.53 0.45 0.5 0.41 0.49 0.54 0.4 1.46 0.59 0.32 0.2 0.59 0.37 0.11 0.47 0.4 0.52 0.636 0.25 0.54 0.5 0.56 0.23 0.1 0.4 0.53 0.3 0.45 0.37 0.37 0.39 0.33 0.3 0.3 0.635 1.248 0.34 0.36 0.52 0.42 0.7 0.4 0.31 0.26 0.56 0.3 0.58 0.47 0.59 0.5 0.25 0.54 0.762 0.4 0.36 0.3 0.4 0.4 0.38 0.4 0.55 0.47 1.43 0.45 0.54 0.09 0.59 0.52 1.345 0.22 1.483 0.7 0.901 0.56 0.47 0.54 0.46 0.1 0.39 0.23 1.345 0.762 0.53 0.4 0.54 0.37 0.648 1.4 0.53 0.52 1.66 0.55 0.5 0.71 0.724 0.48 0.26 0.65 0.45 1.05 0.68 0.46 0.4 0.58 0.4 0.45 0.68 1.248 0.4 0.686 0.58 0.37 1.345 0.38 0.52 0.23 0.5 1.345 0.36 0.46 0.48 0.56 1.05 0.43 0.56 0.3 0.4 0.46 0.46 0.45 1.248 0.31 0.53 0.635 0.4 0.5 0.42 0.4 0.52 0.45 0.51 0.59 0.4 0.37 1.483 0.25 0.56 0.65 0.5 1.67 0.59 0.5 0.762 0.47 0.54 0.5 0.6 0.54 0.45 0.46 0.33 1.345 0.56 0.4 1.46 0.59 0.485 1.483 0.476 0.4 0.636 0.43 0.59 0.56 0.37 0.47 0.637 0.58 0.5 0.4 1.483 0.33 0.38 0.481 0.54 0.3 0.37 0.54 0.53 0.42 0.55 0.47 1.42 0.71 0.58 0.48 0.23 0.37 0.637 0.27 0.648 0.4 0.42 0.6 1.05 0.3 0.4 1.35 1.483 0.54 0.4 0.39 0.39 0.7 0.55 0.5 0.43 1.05 0.37 0.32 0.56 0.23 0.68 0.22 0.47 0.46 0.686 0.46 0.47 0.36 0.56 0.56 0.45 1.345 0.4 0.43 0.4 0.19 0.36 0.68 0.52 0.4 1.483 0.33 1.44 0.41 0.301 1.49 0.41 0.377 0.2 0.53 0.48 0.48 0.26 1.345 0.43 0.5 0.476 0.39 0.56 0.485 0.71 0.58
Dot Production Prediction of Lab Growth Rates:
1.03229 0.554042 0.325176 0.398525 0.322649 0.29147 0.343564 0.377111 0.42136 0.585898 0.593888 0.396526 1.65728 0.313519 0.762443 0.73093 0.302217 0.410569 0.611357 0.441309 0.615417 0.473463 0.440956 0.591567 0.464313 1.33846 0.482887 0.578585 0.411836 0.516609 0.577509 0.36484 0.482855 0.401118 0.298369 0.467925 0.396187 0.26943 0.554456 0.390342 0.333659 0.398429 0.384193 0.359377 0.462849 0.578684 0.675863 0.350899 0.4674 0.400181 1.31841 0.427231 1.05057 0.320446 0.374909 0.396063 0.263669 1.31427 0.314424 0.408197 0.400197 0.450073 0.404837 0.345995 0.552295 0.35566 0.395392 0.549864 0.400422 0.470589 0.370413 0.336232 0.364388 0.466396 0.593713 0.352238 0.473265 0.385782 0.372339 0.319412 1.33807 0.383203 0.301645 0.370174 1.05539 0.33233 0.390834 0.359258 0.645315 0.535623 0.370401 0.39611 0.35892 0.375639 0.362449 0.538789 0.309131 0.39111 0.412343 0.317107 0.346339 0.32159 0.409847 0.530626 0.402602 0.400493 0.845947 0.658046 0.297514 0.557907 0.341445 0.387103 0.284059 0.551417 0.403035 0.425075 1.29582 0.831225 0.396494 0.294431 0.654637 0.399397 0.29879 0.585404 0.34113 0.829397 0.336736 0.387566 1.35554 0.431704 0.380327 1.31525 0.312362 0.582153 0.547558 0.399703 0.311146 0.570255 0.415293 0.3201 0.55516 0.466821 0.427818 1.33931 0.635653 0.619239 0.473333 0.584116 1.39739 0.667647 0.449577 0.486938 0.294042 1.28469 0.46373 0.585964 0.389645 0.465302 0.346051 0.399097 0.417611 0.390733 0.541552 0.347658 1.47911 0.671089 0.31011 0.402861 0.594688 0.465699 0.405528 0.333164 0.3805 0.340922 0.390769 0.396312 1.40028 0.329938 0.288425 0.459476 0.297872 0.342232 0.587804 0.447877 1.41352 0.397857 1.08098 0.357601 1.32207 0.577879 0.46561 0.54402 0.307807 0.399079 1.16471 0.740298 1.34583 0.444028 0.44277 0.35013 0.35219 0.411619 0.332819 0.356974 0.398734 0.380084 1.08394 0.339095 0.527266 0.376119 0.317409 0.304912 0.48224 0.587107 0.79702 1.4599 0.555978 0.732372 1.4683 0.377777 0.426652 0.390233 0.474286 0.349599 0.304104 0.375654 0.40238 0.371962 0.355034 0.458108 1.51986 0.66156 0.90372 0.335099 0.380121 0.41366 0.405422 0.403393 1.37322 0.426115 0.897497 0.468912 0.405199 0.589378 0.406552 0.396302 0.657858 0.392599 0.470771 1.34223 0.400579 0.44506 0.457691 0.309033 0.317954 0.455388 0.320673 0.326018 0.356655 0.34611 0.458872 0.457161 0.378134 0.668061 0.592006 0.548796 0.399596 1.7489 0.70087 0.819883 0.436181 0.314982 0.335606 0.379233 0.537385 0.542929 1.45702 0.401098 0.307886 0.267922 0.317244 0.464171 0.305951 0.364823 0.580868 0.898223 0.333924 0.310927 0.66896 0.488424 0.897819 0.902855 0.394199 0.315599 1.40765 0.328811 0.535706 0.868244 0.331742 0.369559 0.401891 0.326474 0.54908 0.39083 0.562334 0.56012 0.537318 0.897469 0.465551 0.410248 0.399882 0.377695 0.588194 0.302476 0.346646 0.385185 0.386469 0.415197 0.479706 0.584326 0.36668 0.391659 0.552827 0.387239 0.81036 0.397099 0.365521 0.458988 0.305014 1.45895 0.538725 0.32099 0.372891 0.545181 0.382222 0.370766 0.403219 0.395471 0.355296 0.686474 0.310096 0.379879 0.323059 0.528278 0.561549 1.4463 0.397901 0.282063 0.6487 0.371668 0.378404 0.288173 0.352347 0.36306 0.557929 0.298281 0.664968 0.82458 0.323724 0.415079 0.367749 0.306984 0.737776 0.39965 0.557563 0.396849 0.542017 0.656684 0.351758 0.404389 0.546997 0.477356 0.509929 0.344004 0.75901 0.40025 0.343165 0.595881 0.396511 0.399948 0.289759 0.394731 0.548504 0.424841 1.18291 0.404551 0.540763 0.434067 0.329952 0.370614 1.29111 0.349876 1.35809 0.735965 0.909249 0.46913 0.459879 0.466097 0.354192 1.37774 0.321343 0.549566 1.39046 0.758959 0.541099 0.396384 0.548224 0.42931 0.651437 1.39401 0.527979 0.336506 1.51896 0.469287 0.56342 0.667865 0.669582 0.315867 0.549936 0.646237 0.365972 1.03865 0.350774 0.556296 0.407781 0.46351 0.396778 0.310489 0.347817 0.819379 0.402873 0.672357 0.471017 0.415573 1.34275 0.364391 0.359597 0.555037 0.782748 1.37261 0.429327 0.381477 0.34722 0.46734 1.05868 0.411163 0.550048 0.499233 0.403593 0.421544 0.4615 1.47851 0.817585 0.561838 0.326311 0.664872 0.40034 0.434491 0.327219 0.383857 0.361869 0.287745 0.400002 0.380622 0.394881 0.42242 1.30377 0.350547 0.54081 0.663416 0.463732 1.3418 0.542756 0.333944 0.759261 0.341598 0.377916 0.325634 0.634735 0.40688 1.45275 0.335054 0.52349 1.31221 0.555328 0.39212 1.05008 0.329283 0.590786 1.33844 0.590557 0.403082 0.670331 0.330666 0.557349 0.525343 0.421898 0.406639 0.657237 0.293581 0.889582 0.40294 1.26495 0.460736 0.378092 0.587128 0.380955 0.586642 0.546436 0.348537 0.300914 0.324721 0.470228 0.375778 1.45879 0.67447 0.468966 0.297454 0.557084 0.467682 0.655521 0.288279 0.65872 0.396488 0.344156 0.626211 1.44857 0.298295 0.31012 1.08123 1.36361 0.537717 0.384727 0.318946 0.306671 0.751253 0.545022 0.336792 0.354639 1.04604 0.387628 0.364273 0.462284 0.548016 0.348567 0.444797 0.342787 0.299025 0.664927 0.462774 0.377928 0.3379 0.55762 0.546348 0.360399 1.32301 0.386075 0.427533 0.395896 0.3039 0.353218 0.352321 0.373352 0.382941 1.35522 0.510376 1.46923 0.366112 0.594596 1.47851 0.382675 0.589507 0.361469 0.442738 0.365728 0.354755 0.483157 1.33657 0.355726 0.783228 0.590883 0.313879 0.553071 0.587786 0.667719 0.470084
Testing:
Lab Growth Rates:
0.65 0.65 0.65
Dot Production Prediction of Lab Growth Rates:
0.654153 0.657839 0.670597
Best performance so far: 
Obj: 4.64041e-310Rho: 6.5069e-314Diff: 4.64041e-310
Test:
 Lab Growth Rates:
0.65 0.65 0.65Dot Product Prediction of Growth Rate:
0.6541529 0.6578386 0.6705972