seed =  5 traits =  1 
Training: part  179 
Training: part  179 
Round  1 
 Goal of obj  0.99 
Temperature range:  0.0078125 1.25e-14 
Cycle 1Round 1
Iter 500000 pBad 0.879646 T 0.00200908 Obj 1.08516 Rho 0 GRdif 47.8933 success 147778 failure 7232 obj_new 1.08516 SA_pAcc 0.995887 Delta -0.0825842 SA_r 0.191584 freedomratio 0.368322
Iter 1000000 pBad 0.816942 T 0.000516658 Obj 1.0706 Rho 0 GRdif 39.9756 success 293208 failure 18837 obj_new 1.0706 SA_pAcc 1 Delta 0.0192895 SA_r 0.0319128 freedomratio 0.366021
Iter 1500000 pBad 0.781544 T 0.000132865 Obj 1.03481 Rho 0 GRdif 20.0501 success 436250 failure 36991 obj_new 1.03481 SA_pAcc 1 Delta -0.0139009 SA_r 0.559374 freedomratio 0.376849
Iter 2000000 pBad 0.586342 T 3.41677e-05 Obj 1.02285 Rho 0 GRdif 13.2385 success 576851 failure 61193 obj_new 1.02285 SA_pAcc 1 Delta -0.0486665 SA_r 0.685857 freedomratio 0.36925
Iter 2500000 pBad 0.462065 T 8.78661e-06 Obj 1.01712 Rho 0 GRdif 9.94578 success 710810 failure 98404 obj_new 1.01712 SA_pAcc 0.847143 Delta 0.0393353 SA_r 0.956516 freedomratio 0.364201
Iter 3000000 pBad 0.367932 T 2.25958e-06 Obj 1.01267 Rho 0 GRdif 7.38054 success 831219 failure 160873 obj_new 1.01267 SA_pAcc 1.60795 Delta 0.0061485 SA_r 0.889446 freedomratio 0.350269
Iter 3500000 pBad 0.193351 T 5.81076e-07 Obj 1.00908 Rho 0 GRdif 5.29844 success 934870 failure 258340 obj_new 1.00908 SA_pAcc 1 Delta 0.00658694 SA_r 0.319759 freedomratio 0.3307
Iter 4000000 pBad 0.095535 T 1.4943e-07 Obj 1.00863 Rho 0 GRdif 5.03764 success 997670 failure 443651 obj_new 1.00863 SA_pAcc 2.30545 Delta 0.00305723 SA_r 0.233438 freedomratio 0.276938
Iter 4500000 pBad 0.0278704 T 3.84278e-08 Obj 1.0085 Rho 0 GRdif 4.9616 success 1033160 failure 700359 obj_new 1.0085 SA_pAcc 1.22618e-05 Delta 0.00207828 SA_r 0.55092 freedomratio 0.240855
Iter 5000000 pBad 0.0179819 T 9.88214e-09 Obj 1.00846 Rho 0 GRdif 4.93721 success 1052227 failure 1008214 obj_new 1.00846 SA_pAcc 3.69743e-07 Delta -0.00162766 SA_r 0.662062 freedomratio 0.218168
Iter 5500000 pBad 0.00617619 T 2.54131e-09 Obj 1.00844 Rho 0 GRdif 4.98742 success 1062552 failure 1347357 obj_new 1.00855 SA_pAcc 0 Delta 0.000151679 SA_r 0.684829 freedomratio 0.209286
Iter 6000000 pBad 0.0051395 T 6.53526e-10 Obj 1.00844 Rho 0 GRdif 4.92296 success 1068489 failure 1705743 obj_new 1.00844 SA_pAcc 1 Delta 0.000408055 SA_r 0.397987 freedomratio 0.201305
Iter 6500000 pBad 0.000999543 T 1.68062e-10 Obj 1.00843 Rho 0 GRdif 4.92135 success 1071333 failure 2075005 obj_new 1.00843 SA_pAcc 0 Delta 2.43599e-05 SA_r 0.756303 freedomratio 0.198981
Iter 7000000 pBad 0.00075825 T 4.3219e-11 Obj 1.00843 Rho 0 GRdif 4.92506 success 1072985 failure 2448543 obj_new 1.00844 SA_pAcc 0 Delta 5.86291e-05 SA_r 0.511958 freedomratio 0.198644
Iter 7500000 pBad 0.00131576 T 1.11143e-11 Obj 1.00843 Rho 0 GRdif 4.92064 success 1074586 failure 2824569 obj_new 1.00843 SA_pAcc 0 Delta 0.000102742 SA_r 0.613277 freedomratio 0.195921
Iter 8000000 pBad 0.000552565 T 2.85816e-12 Obj 1.00843 Rho 0 GRdif 4.9192 success 1076406 failure 3203433 obj_new 1.00843 SA_pAcc 6.99521e-99 Delta 2.54806e-05 SA_r 0.608409 freedomratio 0.192005
Iter 8500000 pBad 0.000155537 T 7.3501e-13 Obj 1.00843 Rho 0 GRdif 4.91972 success 1081183 failure 3579378 obj_new 1.00843 SA_pAcc 0 Delta -1.04318e-05 SA_r 0.621388 freedomratio 0.186091
Iter 9000000 pBad 5.17252e-31 T 1.89016e-13 Obj 1.00843 Rho 0 GRdif 4.91878 success 1082962 failure 3923342 obj_new 1.00843 SA_pAcc 1 Delta 4.74341e-32 SA_r 0.151807 freedomratio 0.1764
Iter 9500000 pBad 0 T 4.86077e-14 Obj 1.00843 Rho 0 GRdif 4.91878 success 1082962 failure 4224724 obj_new 1.00843 SA_pAcc 1 Delta -0 SA_r 0.536682 freedomratio 0.170597
Iter 10000000 pBad 0 T 1.25e-14 Obj 1.00843 Rho 0 GRdif 4.91905 success 1082962 failure 4546847 obj_new 1.00843 SA_pAcc 0 Delta -0 SA_r 0.348633 freedomratio 0.0755349
Cannot move further
iter 8.80808e+06 obj1.00843 rho 0 GRdif 4.91878
Training:
Lab Growth Rates:
0.1 0.301 0.53 0.71 0.37 0.5 0.47 0.22 0.6 0.635 0.36 0.53 0.53 0.56 0.5 0.47 0.5 0.4 0.724 0.3 0.54 0.42 0.2 1.345 0.901 0.56 0.686 0.59 0.54 0.3 0.5 0.5 0.617 0.5 1.483 0.53 0.37 0.58 0.5 0.23 0.36 0.65 0.52 0.52 1.248 0.4 0.52 0.39 0.4 0.42 0.54 0.48 0.22 0.46 0.42 0.47 0.1 0.58 0.4 0.52 1.483 0.648 0.54 0.47 0.1 0.25 1.483 0.55 0.54 0.56 1.66 0.33 0.1 0.5 0.485 0.17 0.4 0.46 0.19 0.54 1.43 0.22 0.4 1.35 1.42 0.42 0.59 0.4 1.03 0.47 0.59 0.56 0.53 0.5 0.23 0.26 0.5 0.56 0.58 0.25 0.46 0.48 0.54 0.4 1.483 0.686 0.09 0.31 0.65 0.42 0.49 0.42 0.47 0.36 0.59 0.34 1.345 0.45 0.4 0.45 0.465 0.762 0.3 0.4 0.5 1.44 0.55 0.1 0.45 0.4 0.4 0.41 0.39 0.901 0.43 0.3 0.52 0.48 1.483 0.481 0.42 0.54 0.51 0.59 0.49 0.27 0.34 0.4 0.48 0.47 0.485 0.46 0.4 0.54 1.345 0.648 0.54 0.37 0.26 0.38 0.47 0.58 0.25 0.43 0.45 0.56 0.58 0.3 0.54 0.56 0.637 0.25 0.4 0.42 0.45 0.39 0.42 0.59 0.4 0.4 0.4 0.53 0.56 0.4 0.481 1.46 0.37 0.55 0.48 0.39 0.54 0.4 0.4 0.52 0.47 0.42 0.54 0.68 0.58 1.46 0.4 0.47 1.248 1.483 0.4 1.05 0.58 0.25 0.41 0.3 0.53 0.65 0.1 0.4 0.37 0.46 0.41 0.54 1.248 0.42 0.4 0.476 0.55 0.59 1.345 0.23 0.46 0.32 0.4 1.345 0.46 0.47 0.59 0.4 0.33 0.52 0.4 0.58 0.46 0.38 0.54 0.17 0.47 0.43 0.47 0.48 0.636 0.17 0.5 0.23 0.47 0.4 0.11 0.762 0.36 0.59 0.45 0.4 0.4 1.05 0.4 0.4 0.46 0.53 0.5 0.55 0.58 0.4 1.67 0.637 0.27 0.5 0.33 0.56 0.54 1.46 0.68 0.26 0.33 0.5 0.46 0.45 0.38 0.53 0.41 0.2 0.47 0.46 0.37 0.301 0.3 0.51 0.4 0.41 0.54 0.37 0.55 0.52 0.58 0.485 0.47 0.43 0.59 0.38 1.248 0.635 1.05 0.19 0.5 0.5 0.46 0.27 0.45 0.46 1.483 0.724 0.54 0.901 0.5 0.58 0.4 0.59 0.5 0.4 0.4 1.38 0.42 0.4 0.56 1.46 0.45 0.56 0.4 0.45 0.47 1.345 0.36 0.5 0.476 0.5 0.5 1.43 0.25 0.58 0.46 0.3 0.47 0.377 0.37 0.1 0.37 0.4 0.5 0.68 0.4 0.4 0.65 0.3 0.34 0.4 0.3 0.32 0.68 1.66 0.42 0.485 0.65 0.45 0.23 0.901 0.648 0.56 0.41 0.46 0.42 0.45 0.23 0.23 1.345 0.3 0.37 0.37 0.5 0.4 0.52 0.4 0.59 1.483 0.33 0.65 0.27 0.47 0.6 0.47 0.54 0.33 0.55 0.686 0.45 0.635 0.4 0.54 0.5 0.6 0.11 0.47 0.59 0.762 0.52 0.14 0.54 0.33 0.42 0.37 0.31 0.53 0.54 0.4 0.7 0.4 0.55 0.4 0.56 0.1 0.47 0.377 0.52 0.56 0.4 0.55 0.58 0.6 0.19 0.68 0.56 0.5 0.3 0.3 0.54 0.1 0.46 0.47 0.54 0.37 1.4 0.27 0.56 0.65 0.58 0.49 0.5 0.637 0.5 0.55 0.41 0.71 0.4 0.22 0.4 0.23 0.58 1.67 0.37 0.23 0.4 0.4 0.54 1.345 1.345 0.45 0.54 0.55 0.45 0.09 0.636 0.36 0.58 0.14 0.3 0.36 0.71 0.27 0.56 0.5 0.5 1.483 0.53 0.724 0.55 0.48 0.53 0.465 1.49 0.39 0.4 0.36 0.7 0.58 0.4 0.39 0.4 0.59 0.58 0.25 0.22 0.5 1.345 0.41 0.59 0.33 0.45 0.58 0.37 0.7 0.481 0.38 0.36 1.248 0.32 0.41 0.22 0.54 0.42 0.43 0.51 0.42 0.33 1.483 0.53 0.11 1.483 1.05 1.05 0.5 1.345 0.45 0.636 0.09 0.53 0.43 0.46 0.58 0.43 0.53 0.7 0.43 0.65 0.65 0.762 0.4 0.301 0.25 0.42 0.4 0.43 0.476 0.46 0.2 0.31 0.901 0.47 0.58 0.56 0.48 0.46 0.4 0.46 0.4 0.22 0.45 0.22 0.465 0.52 0.5 0.54 1.345 0.5 0.59 0.4 1.483 0.48 0.377 0.46 0.901 0.37 0.45
Dot Production Prediction of Lab Growth Rates:
0.935474 0.43096 0.351045 0.72039 0.442388 0.32555 0.396959 0.457169 0.361338 0.718686 0.332762 0.486364 0.534727 0.543218 0.475105 0.452092 0.333076 0.398723 0.723885 0.349153 0.464217 0.342263 0.423724 1.04385 0.905081 0.532127 0.725046 0.547257 0.387873 0.308316 0.315008 0.472171 0.671466 0.340726 1.0059 0.521052 0.436501 0.476931 0.536356 0.532891 0.360886 0.653706 0.421024 0.381747 0.839871 0.402228 0.345818 0.361633 0.401125 0.571851 0.393315 0.329246 0.397419 0.359444 0.339293 0.386674 0.777497 0.474163 0.399811 0.366353 1.00636 0.717077 0.322286 0.360134 1.06358 0.356757 0.983165 0.547487 0.356892 0.544695 1.66 0.376028 0.378947 0.574657 0.427535 0.341356 0.399277 0.540176 0.357264 0.328721 1.32723 0.472316 0.401159 1.18434 1.52075 0.586238 0.354188 0.403255 1.43698 0.389884 0.346786 0.475694 0.373471 0.544258 0.531197 0.550533 0.592101 0.536665 0.46769 0.35588 0.39951 0.31392 0.462503 0.398861 1.00153 0.723363 0.46875 0.55229 0.649999 0.398564 0.383742 0.367528 0.401611 0.372854 0.313553 0.340652 1.02421 0.342291 0.403247 0.379983 0.426948 0.766009 0.314521 0.401874 0.373132 1.52359 0.548013 0.434405 0.342305 0.399812 0.400796 0.311952 0.382146 0.901 0.431483 0.418456 0.422912 0.3554 0.971196 0.428319 0.328657 0.543104 0.401209 0.368618 0.40557 0.591109 0.336904 0.398985 0.377505 0.386488 0.423535 0.468154 0.396564 0.438899 1.04587 0.72007 0.343431 0.44935 0.356136 0.320579 0.428429 0.469295 0.557045 0.381479 1.51058 0.538767 0.464751 0.297906 0.363602 0.547507 0.715902 0.349146 0.399107 0.350271 1.48224 0.313501 0.380337 0.361813 0.401069 0.400345 0.338842 0.516832 0.546628 0.398604 0.427056 1.65469 0.436962 0.553183 0.328808 0.343123 0.534544 0.401185 0.401194 0.399224 0.358617 0.339349 0.401918 0.472291 0.469802 0.964252 0.401649 0.448291 0.84104 0.949436 0.40055 1.0569 0.46056 1.49538 0.399615 0.344684 0.42241 0.669331 0.880527 0.393781 0.436206 0.459999 0.420777 0.457471 0.837984 0.337196 0.400427 0.430403 0.462748 0.39794 1.02808 0.537309 0.463767 0.358574 0.398882 1.01344 0.520501 0.38295 0.542829 0.400195 0.327437 0.37976 0.400663 0.348867 0.45803 0.377882 0.543444 0.315814 0.413954 0.411093 0.355428 0.322712 0.706497 0.451359 0.66194 0.541115 0.397645 0.401218 0.397491 0.764526 0.444936 0.544564 1.4834 0.395709 0.396821 1.0509 0.397941 0.399758 0.422939 0.550409 0.534995 0.549985 0.392694 0.401569 1.50465 0.71686 0.346544 0.379029 0.449727 0.539262 0.549545 1.00028 0.470671 0.453173 0.382067 0.669927 0.416912 1.46761 0.365486 0.522774 0.430628 0.407295 0.357826 0.470055 0.548943 0.433913 0.334634 0.43126 0.400803 0.38633 0.462575 0.458236 0.457063 0.350872 0.382568 0.425868 0.428873 0.365495 0.551938 0.339798 0.837669 0.718453 1.72174 0.344469 0.60747 0.563583 0.505232 0.386816 0.391327 0.303137 1.00984 0.723776 0.534403 0.793524 0.355174 0.472493 0.401042 0.541791 0.467092 0.400649 0.400138 1.36028 0.339118 0.395521 0.537823 0.995166 0.412939 0.476544 0.399985 0.355946 0.379013 0.973995 0.380834 0.327521 0.431853 0.576332 0.469028 1.31379 0.785087 0.391505 0.458971 0.36448 0.464796 0.427637 0.419929 0.862845 0.45226 0.400706 0.652766 0.470553 0.399856 0.401373 0.64996 0.337113 0.317716 0.401247 0.344404 0.333396 0.46797 1.66 0.574108 0.425687 0.632407 0.3368 0.456073 0.901609 0.717934 0.479509 0.363694 0.441645 0.346271 0.352087 0.455882 0.455993 0.999887 0.380945 0.386069 0.449488 0.399585 0.398228 0.402217 0.39344 0.320572 1.00748 0.324867 0.656566 0.372963 0.363901 0.345628 0.352121 0.407356 0.492999 0.550972 0.724532 0.390094 0.718238 0.400377 0.391431 0.408059 0.34937 0.403018 0.456883 0.386513 0.761972 0.399825 0.139278 0.355043 0.330086 0.354215 0.436333 0.553482 0.359381 0.544396 0.400362 0.606676 0.398395 0.447293 0.400353 0.467254 1.42361 0.462947 0.426744 0.380646 0.465215 0.39824 0.464843 0.467039 0.347235 0.355676 0.472336 0.533682 0.391266 0.30117 0.37488 0.459676 0.442089 0.38508 0.356302 0.394823 0.319242 1.49936 0.388308 0.540973 0.637385 0.326102 0.377311 0.479041 0.714757 0.637777 0.54483 0.391957 0.725484 0.400306 0.46992 0.402141 0.540459 0.375332 1.47894 0.43524 0.533623 0.397097 0.400673 0.544989 1.02439 1.04454 0.414271 0.467212 0.459511 1.51508 0.349248 0.723556 0.348841 0.410311 0.140049 0.291707 0.417767 0.720147 0.319963 0.535139 0.627593 0.531018 1.0037 0.527282 0.723087 0.460406 0.340893 0.445559 0.428964 1.52072 0.29637 0.396359 0.335903 0.603476 0.467216 0.400057 0.347134 0.344322 0.320869 0.472554 0.316495 0.472285 0.316615 0.979582 0.429913 0.552857 0.50618 0.354223 0.358103 0.388309 0.605832 0.425598 0.330317 0.354605 0.837884 0.294913 0.342649 0.383501 0.336823 0.31797 0.401031 0.421663 0.306317 0.377599 0.995434 0.403812 0.349561 0.979517 1.04941 0.985287 0.638264 1.0306 1.49383 0.72181 0.363075 0.535182 0.387647 0.402385 0.33326 0.443064 0.299927 0.609949 0.387421 0.663713 0.635726 0.767526 0.398587 0.43481 0.512785 0.318776 0.400076 0.415068 0.434015 0.32531 0.362224 0.551079 0.901 0.418007 0.463735 0.465893 0.327179 0.465165 0.39918 0.293576 0.401712 0.472507 1.52072 0.468936 0.429967 0.374854 0.533572 0.3777 1.01065 0.465776 0.547448 0.4001 0.992203 0.301849 0.423859 0.449994 0.9249 0.439892 0.41597
Testing:
Lab Growth Rates:
0.43 0.43 0.43
Dot Production Prediction of Lab Growth Rates:
0.375361 0.423338 0.370079
Best performance so far: 
Obj: 4.68639e-310Rho: 2.26291e-314Diff: 4.68639e-310
Anneal again with the best G and E so far as input
Cycle 2Round 1
Iter 500000 pBad 0.859477 T 0.00200908 Obj 1.07913 Rho 0 GRdif 44.6288 success 109351 failure 8120 obj_new 1.07913 SA_pAcc 1.13769 Delta 0.048623 SA_r 0.397904 freedomratio 0.264083
Iter 1000000 pBad 0.786003 T 0.000516658 Obj 1.05527 Rho 0 GRdif 31.5267 success 215474 failure 23676 obj_new 1.05527 SA_pAcc 1 Delta -0.0689888 SA_r 0.499627 freedomratio 0.257243
Iter 1500000 pBad 0.676716 T 0.000132865 Obj 1.03259 Rho 0 GRdif 18.7945 success 318994 failure 46734 obj_new 1.03259 SA_pAcc 1 Delta 0.0526906 SA_r 0.148902 freedomratio 0.258264
Iter 2000000 pBad 0.556614 T 3.41677e-05 Obj 1.02318 Rho 0 GRdif 13.4285 success 418546 failure 80139 obj_new 1.02318 SA_pAcc 0.981166 Delta 0.0504046 SA_r 0.768996 freedomratio 0.25357
Iter 2500000 pBad 0.451177 T 8.78661e-06 Obj 1.01732 Rho 0 GRdif 10.0643 success 515648 failure 120406 obj_new 1.01732 SA_pAcc 1.91267 Delta 0.0219082 SA_r 0.659733 freedomratio 0.251179
Iter 3000000 pBad 0.341934 T 2.25958e-06 Obj 1.01372 Rho 0 GRdif 7.98424 success 608068 failure 168564 obj_new 1.01372 SA_pAcc 1 Delta -0.00243011 SA_r 0.562741 freedomratio 0.24155
Iter 3500000 pBad 0.205758 T 5.81076e-07 Obj 1.00986 Rho 0 GRdif 5.74979 success 689470 failure 246715 obj_new 1.00986 SA_pAcc 0.668104 Delta 0.0154541 SA_r 0.785586 freedomratio 0.231621
Iter 4000000 pBad 0.148611 T 1.4943e-07 Obj 1.00886 Rho 0 GRdif 5.17165 success 758478 failure 353511 obj_new 1.00886 SA_pAcc 1 Delta -0.00378486 SA_r 0.321514 freedomratio 0.223408
Iter 4500000 pBad 0.0747007 T 3.84278e-08 Obj 1.00832 Rho 0 GRdif 4.90631 success 805741 failure 524275 obj_new 1.00841 SA_pAcc 0 Delta -0.00738453 SA_r 0.756658 freedomratio 0.196644
Iter 5000000 pBad 0.0237428 T 9.88214e-09 Obj 1.0082 Rho 0 GRdif 4.78839 success 825838 failure 777583 obj_new 1.0082 SA_pAcc 1 Delta 0.000902488 SA_r 0.255373 freedomratio 0.174249
Iter 5500000 pBad 0.00808864 T 2.54131e-09 Obj 1.00817 Rho 0 GRdif 4.77 success 835466 failure 1069966 obj_new 1.00817 SA_pAcc 1.00407e-28 Delta -0.000261144 SA_r 0.931775 freedomratio 0.166006
Iter 6000000 pBad 0.0045322 T 6.53526e-10 Obj 1.00816 Rho 0 GRdif 4.7624 success 840432 failure 1380522 obj_new 1.00816 SA_pAcc 1 Delta 0.000294501 SA_r 0.752899 freedomratio 0.162372
Iter 6500000 pBad 0.00206748 T 1.68062e-10 Obj 1.00815 Rho 0 GRdif 4.75911 success 843078 failure 1701212 obj_new 1.00815 SA_pAcc 9.37353e-71 Delta 0.00017274 SA_r 0.494544 freedomratio 0.160812
Iter 7000000 pBad 0.00185784 T 4.3219e-11 Obj 1.00815 Rho 0 GRdif 4.75735 success 844655 failure 2026396 obj_new 1.00815 SA_pAcc 1 Delta 0.000138445 SA_r 0.54267 freedomratio 0.160109
Iter 7500000 pBad 0.000978086 T 1.11143e-11 Obj 1.00815 Rho 0 GRdif 4.75649 success 845738 failure 2353590 obj_new 1.00815 SA_pAcc 0 Delta -9.30965e-05 SA_r 0.932112 freedomratio 0.159673
Iter 8000000 pBad 0.000929538 T 2.85816e-12 Obj 1.00815 Rho 0 GRdif 4.80221 success 846799 failure 2680952 obj_new 1.00823 SA_pAcc 0 Delta -1.8865e-05 SA_r 0.351565 freedomratio 0.157105
Iter 8500000 pBad 0.000107758 T 7.3501e-13 Obj 1.00815 Rho 0 GRdif 4.75538 success 848561 failure 3009418 obj_new 1.00815 SA_pAcc 0 Delta 5.7023e-06 SA_r 0.628499 freedomratio 0.158079
Iter 9000000 pBad 1.71542e-24 T 1.89016e-13 Obj 1.00815 Rho 0 GRdif 4.75509 success 849357 failure 3308835 obj_new 1.00815 SA_pAcc 1 Delta -3.89418e-26 SA_r 0.705588 freedomratio 0.148017
Iter 9500000 pBad 2.73279e-60 T 4.86077e-14 Obj 1.00815 Rho 0 GRdif 4.7551 success 849357 failure 3567934 obj_new 1.00815 SA_pAcc 0 Delta 1.5649e-61 SA_r 0.269841 freedomratio 0.147273
Good enough
iter 8.85534e+06 obj1.00815 rho 0 GRdif 4.75509
Training:
Lab Growth Rates:
0.1 0.301 0.53 0.71 0.37 0.5 0.47 0.22 0.6 0.635 0.36 0.53 0.53 0.56 0.5 0.47 0.5 0.4 0.724 0.3 0.54 0.42 0.2 1.345 0.901 0.56 0.686 0.59 0.54 0.3 0.5 0.5 0.617 0.5 1.483 0.53 0.37 0.58 0.5 0.23 0.36 0.65 0.52 0.52 1.248 0.4 0.52 0.39 0.4 0.42 0.54 0.48 0.22 0.46 0.42 0.47 0.1 0.58 0.4 0.52 1.483 0.648 0.54 0.47 0.1 0.25 1.483 0.55 0.54 0.56 1.66 0.33 0.1 0.5 0.485 0.17 0.4 0.46 0.19 0.54 1.43 0.22 0.4 1.35 1.42 0.42 0.59 0.4 1.03 0.47 0.59 0.56 0.53 0.5 0.23 0.26 0.5 0.56 0.58 0.25 0.46 0.48 0.54 0.4 1.483 0.686 0.09 0.31 0.65 0.42 0.49 0.42 0.47 0.36 0.59 0.34 1.345 0.45 0.4 0.45 0.465 0.762 0.3 0.4 0.5 1.44 0.55 0.1 0.45 0.4 0.4 0.41 0.39 0.901 0.43 0.3 0.52 0.48 1.483 0.481 0.42 0.54 0.51 0.59 0.49 0.27 0.34 0.4 0.48 0.47 0.485 0.46 0.4 0.54 1.345 0.648 0.54 0.37 0.26 0.38 0.47 0.58 0.25 0.43 0.45 0.56 0.58 0.3 0.54 0.56 0.637 0.25 0.4 0.42 0.45 0.39 0.42 0.59 0.4 0.4 0.4 0.53 0.56 0.4 0.481 1.46 0.37 0.55 0.48 0.39 0.54 0.4 0.4 0.52 0.47 0.42 0.54 0.68 0.58 1.46 0.4 0.47 1.248 1.483 0.4 1.05 0.58 0.25 0.41 0.3 0.53 0.65 0.1 0.4 0.37 0.46 0.41 0.54 1.248 0.42 0.4 0.476 0.55 0.59 1.345 0.23 0.46 0.32 0.4 1.345 0.46 0.47 0.59 0.4 0.33 0.52 0.4 0.58 0.46 0.38 0.54 0.17 0.47 0.43 0.47 0.48 0.636 0.17 0.5 0.23 0.47 0.4 0.11 0.762 0.36 0.59 0.45 0.4 0.4 1.05 0.4 0.4 0.46 0.53 0.5 0.55 0.58 0.4 1.67 0.637 0.27 0.5 0.33 0.56 0.54 1.46 0.68 0.26 0.33 0.5 0.46 0.45 0.38 0.53 0.41 0.2 0.47 0.46 0.37 0.301 0.3 0.51 0.4 0.41 0.54 0.37 0.55 0.52 0.58 0.485 0.47 0.43 0.59 0.38 1.248 0.635 1.05 0.19 0.5 0.5 0.46 0.27 0.45 0.46 1.483 0.724 0.54 0.901 0.5 0.58 0.4 0.59 0.5 0.4 0.4 1.38 0.42 0.4 0.56 1.46 0.45 0.56 0.4 0.45 0.47 1.345 0.36 0.5 0.476 0.5 0.5 1.43 0.25 0.58 0.46 0.3 0.47 0.377 0.37 0.1 0.37 0.4 0.5 0.68 0.4 0.4 0.65 0.3 0.34 0.4 0.3 0.32 0.68 1.66 0.42 0.485 0.65 0.45 0.23 0.901 0.648 0.56 0.41 0.46 0.42 0.45 0.23 0.23 1.345 0.3 0.37 0.37 0.5 0.4 0.52 0.4 0.59 1.483 0.33 0.65 0.27 0.47 0.6 0.47 0.54 0.33 0.55 0.686 0.45 0.635 0.4 0.54 0.5 0.6 0.11 0.47 0.59 0.762 0.52 0.14 0.54 0.33 0.42 0.37 0.31 0.53 0.54 0.4 0.7 0.4 0.55 0.4 0.56 0.1 0.47 0.377 0.52 0.56 0.4 0.55 0.58 0.6 0.19 0.68 0.56 0.5 0.3 0.3 0.54 0.1 0.46 0.47 0.54 0.37 1.4 0.27 0.56 0.65 0.58 0.49 0.5 0.637 0.5 0.55 0.41 0.71 0.4 0.22 0.4 0.23 0.58 1.67 0.37 0.23 0.4 0.4 0.54 1.345 1.345 0.45 0.54 0.55 0.45 0.09 0.636 0.36 0.58 0.14 0.3 0.36 0.71 0.27 0.56 0.5 0.5 1.483 0.53 0.724 0.55 0.48 0.53 0.465 1.49 0.39 0.4 0.36 0.7 0.58 0.4 0.39 0.4 0.59 0.58 0.25 0.22 0.5 1.345 0.41 0.59 0.33 0.45 0.58 0.37 0.7 0.481 0.38 0.36 1.248 0.32 0.41 0.22 0.54 0.42 0.43 0.51 0.42 0.33 1.483 0.53 0.11 1.483 1.05 1.05 0.5 1.345 0.45 0.636 0.09 0.53 0.43 0.46 0.58 0.43 0.53 0.7 0.43 0.65 0.65 0.762 0.4 0.301 0.25 0.42 0.4 0.43 0.476 0.46 0.2 0.31 0.901 0.47 0.58 0.56 0.48 0.46 0.4 0.46 0.4 0.22 0.45 0.22 0.465 0.52 0.5 0.54 1.345 0.5 0.59 0.4 1.483 0.48 0.377 0.46 0.901 0.37 0.45
Dot Production Prediction of Lab Growth Rates:
1.22283 0.474416 0.34378 0.716533 0.439588 0.332113 0.387855 0.447185 0.553108 0.714483 0.330239 0.527777 0.527967 0.551662 0.481508 0.488808 0.337751 0.400027 0.72366 0.529998 0.462653 0.357452 0.440684 1.17476 0.913763 0.532066 0.725282 0.551501 0.404829 0.24447 0.319412 0.466713 0.55708 0.324447 1.14999 0.55766 0.434442 0.471169 0.539059 0.535557 0.38504 0.654377 0.376727 0.364781 0.842711 0.405718 0.355501 0.315406 0.400056 0.624085 0.398567 0.332255 0.387649 0.348132 0.342267 0.352982 0.85247 0.482522 0.400765 0.350569 1.14506 0.708659 0.317088 0.365315 1.38736 0.3743 1.08675 0.548883 0.366719 0.550608 1.65979 0.364736 0.365123 0.641325 0.483033 0.303101 0.400184 0.567765 0.33207 0.303236 1.37036 0.463906 0.403741 1.21031 1.49351 0.654931 0.332429 0.407753 1.37774 0.420163 0.351232 0.462833 0.343581 0.548369 0.5306 0.605478 0.65986 0.539515 0.476919 0.376247 0.371193 0.31239 0.438757 0.397896 1.12778 0.723964 0.463247 0.58421 0.643849 0.400996 0.374309 0.364253 0.416465 0.353167 0.32882 0.308214 1.17234 0.35036 0.420468 0.38575 0.479096 0.761919 0.482226 0.402381 0.355581 1.48798 0.553249 0.458774 0.349057 0.403151 0.402359 0.29576 0.354341 0.912842 0.451606 0.435624 0.391314 0.33767 1.10135 0.47543 0.327808 0.543643 0.400289 0.328966 0.401619 0.60483 0.339962 0.399947 0.357577 0.353674 0.470682 0.460552 0.396737 0.386871 1.14739 0.712335 0.332763 0.442155 0.38704 0.342867 0.402057 0.476724 0.553804 0.398097 1.39491 0.534776 0.469352 0.238801 0.36157 0.541775 0.70811 0.366734 0.399848 0.34208 1.42628 0.304253 0.40096 0.324145 0.403928 0.395022 0.342657 0.530085 0.548631 0.397909 0.473801 1.5655 0.434748 0.549671 0.31833 0.318217 0.531799 0.401061 0.402758 0.400605 0.328648 0.349913 0.376931 0.438466 0.477439 1.01533 0.402706 0.430089 0.849789 1.06442 0.402904 1.04988 0.468869 1.4558 0.370965 0.510538 0.396827 0.649898 1.14288 0.393538 0.435505 0.457795 0.471859 0.435844 0.842798 0.349581 0.401414 0.484311 0.4394 0.409585 1.15539 0.537897 0.473816 0.336392 0.398866 1.16581 0.549852 0.401202 0.553242 0.401819 0.309194 0.405898 0.399849 0.343569 0.45961 0.374289 0.544858 0.316143 0.419007 0.424227 0.372502 0.302126 0.706625 0.439384 0.725569 0.539742 0.398321 0.403206 0.380325 0.766489 0.445799 0.552903 1.40791 0.394304 0.394557 1.04902 0.397155 0.400029 0.439572 0.54255 0.542786 0.547068 0.37453 0.403091 1.45787 0.705432 0.352029 0.369752 0.462858 0.546997 0.550826 1.02792 0.439224 0.47459 0.373594 0.703456 0.442857 1.4203 0.377942 0.529941 0.478015 0.448387 0.36429 0.460082 0.555335 0.476837 0.504348 0.440715 0.404728 0.386411 0.458991 0.449517 0.442639 0.347559 0.377345 0.482667 0.423948 0.346677 0.55395 0.325929 0.838931 0.712972 1.57156 0.328898 0.632144 0.62804 0.524664 0.383534 0.361583 0.295516 1.16451 0.721152 0.533862 0.77014 0.335051 0.472734 0.40127 0.551222 0.466889 0.401562 0.402534 1.3544 0.335072 0.391184 0.539417 1.03679 0.408431 0.475203 0.394612 0.372635 0.359732 1.07922 0.354999 0.329329 0.484873 0.639818 0.478527 1.36608 0.853577 0.363065 0.459959 0.561666 0.518954 0.474587 0.404753 1.13764 0.444269 0.40287 0.702245 0.430923 0.401159 0.405215 0.643452 0.524435 0.314996 0.404266 0.344126 0.32013 0.434796 1.65981 0.641993 0.470996 0.622979 0.334376 0.441696 0.912651 0.71084 0.473089 0.357002 0.453988 0.359104 0.345673 0.442162 0.442432 1.10665 0.391204 0.400156 0.442427 0.410305 0.396587 0.391468 0.394451 0.305915 1.12504 0.329811 0.701799 0.374042 0.356889 0.546668 0.354553 0.397529 0.502113 0.547398 0.7282 0.39479 0.714779 0.403103 0.41019 0.385713 0.533388 0.367233 0.446642 0.388808 0.756016 0.37952 0.141475 0.385702 0.320664 0.376209 0.415179 0.586894 0.356169 0.546539 0.399306 0.730838 0.398685 0.431216 0.402901 0.472538 1.36799 0.512607 0.472423 0.369138 0.470272 0.396534 0.441018 0.467743 0.538127 0.322029 0.436246 0.529041 0.382068 0.238885 0.569233 0.457188 0.471105 0.365276 0.348623 0.386184 0.330824 1.48967 0.38622 0.539785 0.677991 0.296484 0.373701 0.467156 0.705023 0.719825 0.551214 0.396068 0.725217 0.402406 0.468286 0.404242 0.542945 0.361751 1.45096 0.431696 0.535438 0.397683 0.402896 0.546414 1.16267 1.18851 0.415585 0.439013 0.445286 1.49902 0.338361 0.722328 0.338996 0.393383 0.139984 0.434769 0.429052 0.721445 0.295734 0.53046 0.683861 0.531182 1.16945 0.526456 0.723927 0.441807 0.333679 0.437743 0.480902 1.51771 0.294681 0.39307 0.334709 0.739261 0.471651 0.402695 0.330568 0.356187 0.316168 0.475022 0.299711 0.471308 0.324012 1.09686 0.478816 0.543263 0.537093 0.359073 0.365394 0.389956 0.727944 0.477366 0.352467 0.344757 0.839434 0.292924 0.353446 0.357614 0.352635 0.325707 0.418534 0.416706 0.295026 0.376173 1.13306 0.408215 0.333759 1.11036 1.05082 1.04484 0.713849 1.1981 1.46899 0.71709 0.381562 0.531552 0.367683 0.415898 0.315645 0.459488 0.300214 0.74876 0.371165 0.697339 0.628089 0.759033 0.397439 0.475907 0.524624 0.301803 0.403518 0.435361 0.488201 0.315325 0.406302 0.579953 0.908816 0.421794 0.467202 0.472163 0.33411 0.473912 0.395541 0.290989 0.403249 0.459498 1.51771 0.467037 0.484328 0.396132 0.531338 0.396821 1.11948 0.471008 0.55246 0.39899 1.14802 0.302031 0.474767 0.467767 0.976965 0.437802 0.422128
Testing:
Lab Growth Rates:
0.43 0.43 0.43
Dot Production Prediction of Lab Growth Rates:
0.387966 0.424748 0.383647
Best performance so far: 
Obj: 4.68639e-310Rho: 6.5069e-314Diff: 4.68639e-310
Test:
 Lab Growth Rates:
0.43 0.43 0.43Dot Product Prediction of Growth Rate:
0.3879655 0.4247481 0.3836466