seed =  5 traits =  1 
Training: part  217 
Training: part  217 
Round  1 
 Goal of obj  0.99 
Temperature range:  0.015625 2.5e-09 
Cycle 1Round 1
Iter 500000 pBad 0.953981 T 0.0071454 Obj 1.20091 Rho 0 GRdif 107.286 success 97363 failure 970 obj_new 1.20091 SA_pAcc 1 Delta 0.0410274 SA_r 0.348728 freedomratio 0.368322
Iter 1000000 pBad 0.934198 T 0.00326763 Obj 1.20082 Rho 0 GRdif 107.242 success 200022 failure 2797 obj_new 1.20082 SA_pAcc 1 Delta -0.080839 SA_r 0.360711 freedomratio 0.370417
Iter 1500000 pBad 0.855931 T 0.0014943 Obj 1.08704 Rho 0 GRdif 48.9048 success 339680 failure 13897 obj_new 1.08704 SA_pAcc 1 Delta 0.0821109 SA_r 0.810396 freedomratio 0.36625
Iter 2000000 pBad 0.817298 T 0.000683352 Obj 1.04578 Rho 0 GRdif 26.2309 success 483278 failure 30922 obj_new 1.04578 SA_pAcc 1.07482 Delta 0.0317111 SA_r 0.591232 freedomratio 0.359951
Iter 2500000 pBad 0.769813 T 0.0003125 Obj 1.03465 Rho 0 GRdif 19.9595 success 625299 failure 51679 obj_new 1.03465 SA_pAcc 1.04428 Delta -0.0355644 SA_r 0.533269 freedomratio 0.367859
Iter 3000000 pBad 0.732912 T 0.000142908 Obj 1.02572 Rho 0 GRdif 14.879 success 765805 failure 75900 obj_new 1.02572 SA_pAcc 1 Delta 0.0652538 SA_r 0.72922 freedomratio 0.36925
Iter 3500000 pBad 0.644456 T 6.53526e-05 Obj 1.02338 Rho 0 GRdif 13.5456 success 905273 failure 102120 obj_new 1.02338 SA_pAcc 1.02004 Delta 0.00768685 SA_r 0.557604 freedomratio 0.366021
Iter 4000000 pBad 0.567512 T 2.98861e-05 Obj 1.01952 Rho 0 GRdif 11.3267 success 1042431 failure 134326 obj_new 1.01952 SA_pAcc 1.05147 Delta -0.0322371 SA_r 0.0529846 freedomratio 0.367859
Iter 4500000 pBad 0.46474 T 1.3667e-05 Obj 1.01626 Rho 0 GRdif 9.45107 success 1175636 failure 171613 obj_new 1.01626 SA_pAcc 0.891699 Delta -0.00709053 SA_r 0.235184 freedomratio 0.363298
Iter 5000000 pBad 0.391871 T 6.25001e-06 Obj 1.01329 Rho 0 GRdif 7.73875 success 1296858 failure 230773 obj_new 1.01329 SA_pAcc 1 Delta 0.0143648 SA_r 0.257612 freedomratio 0.357535
Iter 5500000 pBad 0.350641 T 2.85816e-06 Obj 1.00965 Rho 0 GRdif 5.6273 success 1405850 failure 315953 obj_new 1.00965 SA_pAcc 1.05087 Delta 0.0011292 SA_r 0.579944 freedomratio 0.354293
Iter 6000000 pBad 0.241132 T 1.30705e-06 Obj 1.00875 Rho 0 GRdif 5.10493 success 1506880 failure 416616 obj_new 1.00875 SA_pAcc 0.290678 Delta -0.00739453 SA_r 0.909387 freedomratio 0.327009
Iter 6500000 pBad 0.178171 T 5.97721e-07 Obj 1.00797 Rho 0 GRdif 4.65061 success 1598337 failure 537895 obj_new 1.00797 SA_pAcc 1 Delta -0.0149667 SA_r 0.863029 freedomratio 0.314546
Iter 7000000 pBad 0.0806588 T 2.73341e-07 Obj 1.00751 Rho 0 GRdif 4.38391 success 1666379 failure 710814 obj_new 1.00751 SA_pAcc 1 Delta -0.00668468 SA_r 0.422579 freedomratio 0.278253
Iter 7500000 pBad 0.0565386 T 1.25e-07 Obj 1.00735 Rho 0 GRdif 4.29295 success 1711965 failure 939611 obj_new 1.00735 SA_pAcc 0.000234685 Delta 0.00448413 SA_r 0.792612 freedomratio 0.259982
Iter 8000000 pBad 0.0482874 T 5.71632e-08 Obj 1.00729 Rho 0 GRdif 4.32322 success 1745579 failure 1202934 obj_new 1.0074 SA_pAcc 0 Delta 0.00216272 SA_r 0.294395 freedomratio 0.244472
Iter 8500000 pBad 0.0314465 T 2.6141e-08 Obj 1.00726 Rho 0 GRdif 4.24003 success 1768512 failure 1499492 obj_new 1.00726 SA_pAcc 3.28483e-52 Delta -0.00218922 SA_r 0.438474 freedomratio 0.227396
Iter 9000000 pBad 0.0139826 T 1.19544e-08 Obj 1.00724 Rho 0 GRdif 4.23017 success 1784294 failure 1822267 obj_new 1.00724 SA_pAcc 1 Delta -0.000760634 SA_r 0.870191 freedomratio 0.214103
Iter 9500000 pBad 0.0100433 T 5.46682e-09 Obj 1.00724 Rho 0 GRdif 4.22523 success 1795699 failure 2161478 obj_new 1.00724 SA_pAcc 1 Delta 0.000418122 SA_r 0.180604 freedomratio 0.210262
Iter 10000000 pBad 0.00641767 T 2.5e-09 Obj 1.00723 Rho 0 GRdif 4.223 success 1803513 failure 2514832 obj_new 1.00723 SA_pAcc 4.92481e-07 Delta 0.000226716 SA_r 0.194756 freedomratio 0.20193
Cannot move further
iter 9.99996e+06 obj1.00723 rho 0 GRdif 4.22298
Training:
Lab Growth Rates:
0.55 0.25 0.38 0.39 0.56 0.59 0.4 0.59 0.45 0.47 0.51 0.52 0.54 1.345 0.377 0.71 0.4 0.68 0.37 0.46 0.46 1.66 0.37 1.345 0.47 0.58 0.47 0.635 0.7 1.46 0.38 0.58 0.55 0.4 0.19 0.33 0.56 0.52 0.301 0.485 0.3 0.5 0.7 0.47 0.4 1.03 0.09 0.4 0.686 0.55 0.47 0.45 0.5 0.4 0.4 0.4 0.901 0.485 0.56 0.1 0.42 0.686 1.345 0.27 0.56 0.4 0.46 0.65 0.47 0.4 0.71 0.11 0.23 0.4 0.3 1.4 0.22 0.54 0.33 0.27 0.37 0.56 1.67 0.59 0.54 0.46 0.901 0.14 0.724 0.52 0.34 0.56 0.41 0.56 0.54 0.32 0.4 0.47 0.5 0.53 0.58 0.5 0.31 0.3 0.901 0.4 0.36 0.48 0.54 0.56 0.5 0.46 0.4 1.483 0.58 0.46 1.38 0.4 0.58 1.483 0.58 0.45 1.483 0.45 0.23 0.37 0.45 0.36 0.4 0.5 0.55 0.3 1.05 0.54 0.47 0.5 0.476 0.55 0.6 1.49 0.4 0.5 0.47 0.53 0.45 0.4 0.5 0.49 0.481 0.58 1.46 0.52 0.46 0.47 0.46 0.1 0.36 0.43 0.4 0.68 0.1 0.48 0.37 0.54 0.1 0.648 0.49 0.59 0.42 0.23 0.4 1.345 0.54 0.4 0.4 0.4 0.47 0.45 0.54 0.45 0.25 0.65 0.42 0.56 0.4 0.65 0.53 1.345 0.4 0.5 0.4 1.44 0.45 0.2 1.483 0.5 0.377 0.4 0.47 0.4 0.31 0.762 0.58 0.19 0.54 0.54 0.5 0.5 1.46 0.43 0.47 0.53 0.4 0.45 0.48 0.485 0.4 1.345 1.483 0.58 0.37 0.48 0.33 0.3 0.45 0.41 0.37 0.26 0.23 0.4 0.636 1.483 0.42 0.65 0.4 0.5 1.345 0.23 0.59 0.46 0.37 0.54 0.4 0.46 0.686 0.53 0.55 0.42 0.43 0.39 1.345 0.49 0.48 0.38 0.32 0.1 0.2 0.36 0.4 0.3 0.45 0.5 0.52 0.724 0.4 0.59 0.4 0.22 0.56 0.32 0.47 0.22 0.43 0.52 0.46 0.33 1.483 0.41 0.4 0.3 0.42 0.53 0.68 0.37 0.17 0.4 0.3 0.4 0.45 1.248 0.51 0.42 0.762 0.33 1.05 0.53 0.5 0.37 0.26 0.23 0.41 0.27 0.1 0.53 0.58 0.54 1.345 0.58 0.39 0.4 1.483 1.248 0.41 0.481 0.52 0.39 0.43 0.11 0.54 0.54 0.43 0.5 0.635 0.48 0.41 0.3 0.47 0.648 1.67 0.5 0.54 0.54 0.476 0.55 0.5 1.248 0.17 0.4 0.5 0.58 1.05 0.43 0.53 0.481 0.48 0.33 0.46 0.45 0.59 0.38 0.47 1.483 0.25 0.43 0.5 0.56 0.31 0.5 0.51 0.41 0.47 0.34 0.901 0.901 1.483 0.25 0.46 0.54 0.25 0.4 0.4 0.42 1.43 0.11 0.59 0.901 0.56 0.56 0.45 0.14 0.65 0.4 0.09 0.59 0.42 0.47 0.46 0.54 0.5 1.345 1.46 0.4 0.4 0.33 0.56 0.52 1.345 0.46 0.25 1.66 0.4 0.301 0.617 1.05 0.4 0.54 1.483 0.36 0.5 0.27 0.4 0.42 0.36 0.5 0.53 0.5 0.724 0.54 0.37 0.6 0.34 0.46 0.4 0.68 0.71 0.36 0.55 0.55 0.53 1.483 0.54 0.53 0.68 0.23 0.17 0.47 0.41 0.65 0.41 0.5 0.1 0.45 0.46 0.19 0.37 0.58 0.58 0.54 0.43 0.37 0.37 0.648 0.762 0.59 0.54 0.52 0.53 0.53 0.56 1.345 0.09 0.1 0.58 0.25 0.5 0.47 0.42 0.46 0.43 0.39 0.2 0.52 0.465 0.476 0.47 0.4 1.248 0.637 1.35 0.4 0.22 0.42 0.33 0.37 0.1 0.39 0.22 0.5 0.4 0.46 0.59 1.42 0.27 0.45 0.58 0.4 0.3 0.59 0.3 0.55 0.4 0.22 0.37 0.54 1.43 0.58 0.42 0.36 0.4 0.762 0.637 0.635 0.301 0.26 0.4 0.56 0.52 0.7 0.25 0.6 1.05 0.5 0.42 0.47 0.52 0.43 0.42 0.636 0.465 0.23 0.5 0.58 0.636 0.58 0.46 0.5 0.55 0.45 0.42 1.248 0.377 0.65 0.48 0.65 0.5 0.42 0.23 0.46 0.58 0.4 0.55 0.5 0.33 0.4 0.4 0.3 0.465 0.4 0.56 0.54 0.58 0.47 0.54 0.22 0.7 0.54 0.3 0.45 0.43 0.637 0.4 0.56 0.65 0.38 0.42 0.22 0.59 0.47 0.36 0.48 0.27 0.485 0.3 0.4 0.6 0.53
Dot Production Prediction of Lab Growth Rates:
0.554868 0.311265 0.306078 0.33477 0.529474 0.370135 0.399012 0.539441 0.382276 0.419305 0.385121 0.368948 0.484449 1.31109 0.450713 0.711379 0.387351 0.565009 0.30868 0.427359 0.388054 1.66 0.404323 1.32492 0.332133 0.480783 0.420725 0.70999 0.697815 1.01693 0.310706 0.3944 0.54843 0.401485 0.292973 0.322386 0.526616 0.369336 0.454592 0.453973 0.572293 0.537078 0.70741 0.389985 0.401627 1.38889 0.437489 0.396698 0.717296 0.543982 0.338597 0.320979 0.739376 0.397162 0.403593 0.402427 0.905202 0.462465 0.559633 1.65396 0.590948 0.717869 1.35959 0.324027 0.482596 0.399404 0.444051 0.681923 0.469437 0.395991 0.718104 0.316621 0.402846 0.320296 0.369927 1.48961 0.473415 0.535657 0.424883 0.368143 0.379188 0.53574 1.72847 0.301682 0.302191 0.460886 0.90769 0.139486 0.719427 0.411076 0.340028 0.480815 0.369038 0.520822 0.372257 0.307517 0.399568 0.365375 0.481053 0.382958 0.49358 0.482547 0.578144 0.314056 0.900971 0.405602 0.349212 0.356449 0.392578 0.544637 0.335291 0.471296 0.404845 1.31545 0.483249 0.346393 1.36561 0.402309 0.347621 1.29268 0.493032 0.322566 1.30789 1.69321 0.552423 0.398231 1.73859 0.358263 0.398777 0.760497 0.562362 0.460452 1.05 0.534147 0.450698 0.352021 0.463445 0.48078 0.549104 1.69321 0.399585 0.346195 0.352546 0.526917 0.415095 0.39882 0.345845 0.387141 0.457861 0.47831 1.06276 0.355597 0.459941 0.338494 0.376507 0.309514 0.34305 0.377406 0.395187 0.554356 0.883011 0.339811 0.392396 0.375124 0.905355 0.701593 0.371406 0.346379 0.351861 0.406794 0.404209 1.27575 0.552662 0.401633 0.401548 0.401147 0.384409 1.65864 0.493643 1.71222 0.459992 0.655591 0.300422 0.537413 0.393413 0.629065 0.406227 1.39016 0.395048 0.482812 0.401969 1.67032 1.66476 0.352731 1.25476 0.424791 0.44813 0.4031 0.312542 0.39928 0.557819 0.907863 0.359873 0.301991 0.338445 0.492776 0.347857 0.375992 1.46934 0.356515 0.347369 0.532332 0.404659 1.67109 0.328434 0.450007 0.39908 1.34489 1.30626 0.50205 0.508948 0.27278 0.32747 0.309667 0.348949 0.335556 0.429264 0.428549 0.545058 0.403003 0.723556 1.30239 0.318128 0.644147 0.403828 0.368044 1.34191 0.404981 0.345511 0.299256 0.393919 0.364788 0.403791 0.447921 0.719667 0.553726 0.470329 0.342016 0.352078 0.310091 1.36218 0.379214 0.355624 0.353389 0.320648 1.05499 0.364433 0.335249 0.395579 0.308475 1.6684 0.327497 0.375671 0.718523 0.405338 0.555159 0.399999 0.373191 0.494997 0.355734 0.393727 0.468077 0.349182 0.361414 0.397887 0.462489 1.30977 0.456625 0.397142 0.535693 0.346052 0.326239 0.562595 0.390272 0.307408 0.398309 0.530399 0.395316 0.35928 0.959981 0.409611 0.339452 0.901296 0.34451 1.05124 0.520234 0.746427 0.406912 0.512956 0.546093 0.451941 0.355508 0.440031 0.28818 0.459446 0.395506 1.26745 0.37862 0.317037 0.397554 1.26484 0.962189 0.383639 0.458111 0.380543 0.333758 0.40735 0.37503 0.303288 0.35749 0.399695 0.390884 0.708811 0.327217 0.334617 0.581824 0.415432 0.706393 1.45931 0.742456 0.330661 0.540948 0.466426 0.491965 0.52567 0.968034 0.309138 0.403069 0.691184 0.352337 1.04913 0.420537 0.512804 0.460528 0.304679 0.330489 0.352163 0.338486 0.550469 0.356024 0.374155 1.28711 0.867175 0.452285 0.496506 0.542711 0.565923 0.496385 0.387148 0.382831 0.379094 0.334768 0.900642 0.896328 1.34389 0.355607 0.309479 0.36235 1.68275 0.405887 0.39863 0.345564 1.26119 0.347815 0.550531 0.901393 0.543635 0.54479 0.334856 0.140051 0.625375 0.406802 0.374889 0.543422 0.375912 0.364254 0.468944 0.483035 0.550697 1.35483 1.02697 0.400475 0.395773 0.457471 0.489923 0.336887 1.27911 0.478046 0.481481 1.65999 0.392665 0.452983 0.545445 1.01923 0.39919 0.372155 1.32416 0.386426 0.304127 0.548264 0.4017 0.310409 0.334097 0.321811 0.310899 0.723289 0.716929 0.352932 0.393439 0.563364 0.327026 0.448965 0.390065 0.566153 0.715425 0.40114 0.551414 0.478583 0.367118 1.34572 0.371217 0.508507 0.557828 0.540082 0.415739 0.326202 0.344139 0.660698 0.456871 0.743846 0.898365 0.330818 0.480991 0.302765 0.420434 0.479152 0.289265 0.555039 0.429478 0.404875 0.393421 0.704518 0.913275 0.369869 0.492152 0.39708 0.405219 0.516437 0.478745 1.30983 0.330638 0.429214 0.475922 0.354757 0.739661 0.3417 0.335848 0.321597 0.360065 0.346212 0.381128 0.351464 0.466395 0.467709 0.358101 0.406341 0.960305 0.708598 1.18903 0.403262 0.417596 0.338694 0.336467 0.407842 0.97669 0.311825 0.360887 0.793224 0.404803 0.468721 0.54196 1.7247 0.361985 0.415735 0.493263 0.400771 0.514696 0.33676 0.29709 0.474545 0.402825 0.480926 0.40444 0.537289 1.23011 0.318421 0.358926 0.313583 0.404492 0.91287 0.710582 0.711244 0.450078 0.397274 0.401391 0.489785 0.321642 0.707125 0.360629 0.548881 1.50513 0.766052 0.591055 0.338314 0.36701 0.389531 0.597098 0.741367 0.464815 0.537896 0.769933 0.484713 0.717417 0.482799 0.487901 0.494378 0.468423 0.311136 0.336862 0.963459 0.451173 0.645966 0.367675 0.649663 0.558598 0.312048 0.536448 0.327464 0.376342 0.404358 0.56609 0.528391 0.31277 0.391803 0.401006 0.519298 0.462289 0.407901 0.56026 0.349699 0.364216 0.388456 0.54763 0.488304 0.70573 0.481781 0.341895 0.34762 0.338407 0.706675 0.399358 0.553773 0.663003 0.303325 0.339897 0.469274 0.544004 0.402019 0.408861 0.271464 0.268347 0.463661 0.485079 0.334636 0.58175 0.442005
Testing:
Lab Growth Rates:
0.59 0.59 0.59
Dot Production Prediction of Lab Growth Rates:
0.30715 0.347335 0.321982
Best performance so far: 
Obj: 4.64037e-310Rho: 2.26291e-314Diff: 4.64037e-310
Anneal again with the best G and E so far as input
Cycle 2Round 1
Iter 500000 pBad 0.913436 T 0.0071454 Obj 1.11684 Rho 0 GRdif 64.7571 success 105060 failure 4737 obj_new 1.11684 SA_pAcc 1 Delta -0.0487021 SA_r 0.755015 freedomratio 0.248938
Iter 1000000 pBad 0.869899 T 0.00326763 Obj 1.09028 Rho 0 GRdif 50.6515 success 208768 failure 11479 obj_new 1.09028 SA_pAcc 1 Delta 0.0685766 SA_r 0.821291 freedomratio 0.245702
Iter 1500000 pBad 0.835386 T 0.0014943 Obj 1.08577 Rho 0 GRdif 48.2233 success 310932 failure 22018 obj_new 1.08577 SA_pAcc 0.799392 Delta -0.0619304 SA_r 0.127973 freedomratio 0.24155
Iter 2000000 pBad 0.765704 T 0.000683352 Obj 1.03909 Rho 0 GRdif 22.4707 success 412154 failure 36839 obj_new 1.03909 SA_pAcc 1 Delta 0.0705499 SA_r 0.687816 freedomratio 0.243558
Iter 2500000 pBad 0.745589 T 0.0003125 Obj 1.0349 Rho 0 GRdif 20.103 success 511251 failure 55990 obj_new 1.0349 SA_pAcc 1 Delta -0.00547469 SA_r 0.684946 freedomratio 0.242249
Iter 3000000 pBad 0.692607 T 0.000142908 Obj 1.03168 Rho 0 GRdif 18.2781 success 608652 failure 78349 obj_new 1.03168 SA_pAcc 0.809971 Delta -0.0454445 SA_r 0.286216 freedomratio 0.241252
Iter 3500000 pBad 0.644828 T 6.53526e-05 Obj 1.02656 Rho 0 GRdif 15.3681 success 705205 failure 103477 obj_new 1.02657 SA_pAcc 0.891454 Delta 0.01528 SA_r 0.994469 freedomratio 0.245086
Iter 4000000 pBad 0.521612 T 2.98861e-05 Obj 1.02237 Rho 0 GRdif 12.9642 success 799865 failure 133669 obj_new 1.02237 SA_pAcc 1 Delta 0.00658139 SA_r 0.018439 freedomratio 0.238891
Iter 4500000 pBad 0.467814 T 1.3667e-05 Obj 1.0194 Rho 0 GRdif 11.2616 success 893350 failure 166914 obj_new 1.0194 SA_pAcc 1.08847 Delta -0.0286323 SA_r 0.908706 freedomratio 0.238697
Iter 5000000 pBad 0.436579 T 6.25001e-06 Obj 1.01668 Rho 0 GRdif 9.69631 success 982981 failure 206673 obj_new 1.01668 SA_pAcc 0.71704 Delta -0.0186884 SA_r 0.833535 freedomratio 0.237247
Iter 5500000 pBad 0.313115 T 2.85816e-06 Obj 1.01255 Rho 0 GRdif 7.30961 success 1065057 failure 264373 obj_new 1.01255 SA_pAcc 1 Delta 0.0294996 SA_r 0.437411 freedomratio 0.229444
Iter 6000000 pBad 0.263795 T 1.30705e-06 Obj 1.01076 Rho 0 GRdif 6.26994 success 1141914 failure 334211 obj_new 1.01076 SA_pAcc 0.703912 Delta 0.0185185 SA_r 0.352077 freedomratio 0.228906
Iter 6500000 pBad 0.216776 T 5.97721e-07 Obj 1.01 Rho 0 GRdif 5.83076 success 1207809 failure 428938 obj_new 1.01 SA_pAcc 1.41184 Delta -0.0148172 SA_r 0.40211 freedomratio 0.224349
Iter 7000000 pBad 0.149714 T 2.73341e-07 Obj 1.00931 Rho 0 GRdif 5.4306 success 1264050 failure 549403 obj_new 1.00931 SA_pAcc 1 Delta -0.00718111 SA_r 0.67711 freedomratio 0.213635
Iter 7500000 pBad 0.0808793 T 1.25e-07 Obj 1.00878 Rho 0 GRdif 5.12089 success 1310121 failure 701741 obj_new 1.00878 SA_pAcc 1 Delta -0.0034833 SA_r 0.0438064 freedomratio 0.198107
Iter 8000000 pBad 0.0427726 T 5.71632e-08 Obj 1.00852 Rho 0 GRdif 4.99378 success 1343213 failure 898789 obj_new 1.00856 SA_pAcc 1.79849e-276 Delta -0.00178396 SA_r 0.122885 freedomratio 0.18092
Iter 8500000 pBad 0.0291555 T 2.6141e-08 Obj 1.00835 Rho 0 GRdif 4.87309 success 1368742 failure 1128702 obj_new 1.00835 SA_pAcc 1 Delta 0.00040313 SA_r 0.870526 freedomratio 0.170448
Iter 9000000 pBad 0.0153579 T 1.19544e-08 Obj 1.0083 Rho 0 GRdif 4.8447 success 1383364 failure 1396848 obj_new 1.0083 SA_pAcc 5.69373e-77 Delta 0.00122211 SA_r 0.561268 freedomratio 0.161834
Iter 9500000 pBad 0.0116281 T 5.46682e-09 Obj 1.00826 Rho 0 GRdif 4.82243 success 1394290 failure 1682612 obj_new 1.00826 SA_pAcc 1.02797e-06 Delta -0.000277708 SA_r 0.9378 freedomratio 0.158037
Good enough
iter 9.99991e+06 obj1.00824 rho 0 GRdif 4.81004
Training:
Lab Growth Rates:
0.55 0.25 0.38 0.39 0.56 0.59 0.4 0.59 0.45 0.47 0.51 0.52 0.54 1.345 0.377 0.71 0.4 0.68 0.37 0.46 0.46 1.66 0.37 1.345 0.47 0.58 0.47 0.635 0.7 1.46 0.38 0.58 0.55 0.4 0.19 0.33 0.56 0.52 0.301 0.485 0.3 0.5 0.7 0.47 0.4 1.03 0.09 0.4 0.686 0.55 0.47 0.45 0.5 0.4 0.4 0.4 0.901 0.485 0.56 0.1 0.42 0.686 1.345 0.27 0.56 0.4 0.46 0.65 0.47 0.4 0.71 0.11 0.23 0.4 0.3 1.4 0.22 0.54 0.33 0.27 0.37 0.56 1.67 0.59 0.54 0.46 0.901 0.14 0.724 0.52 0.34 0.56 0.41 0.56 0.54 0.32 0.4 0.47 0.5 0.53 0.58 0.5 0.31 0.3 0.901 0.4 0.36 0.48 0.54 0.56 0.5 0.46 0.4 1.483 0.58 0.46 1.38 0.4 0.58 1.483 0.58 0.45 1.483 0.45 0.23 0.37 0.45 0.36 0.4 0.5 0.55 0.3 1.05 0.54 0.47 0.5 0.476 0.55 0.6 1.49 0.4 0.5 0.47 0.53 0.45 0.4 0.5 0.49 0.481 0.58 1.46 0.52 0.46 0.47 0.46 0.1 0.36 0.43 0.4 0.68 0.1 0.48 0.37 0.54 0.1 0.648 0.49 0.59 0.42 0.23 0.4 1.345 0.54 0.4 0.4 0.4 0.47 0.45 0.54 0.45 0.25 0.65 0.42 0.56 0.4 0.65 0.53 1.345 0.4 0.5 0.4 1.44 0.45 0.2 1.483 0.5 0.377 0.4 0.47 0.4 0.31 0.762 0.58 0.19 0.54 0.54 0.5 0.5 1.46 0.43 0.47 0.53 0.4 0.45 0.48 0.485 0.4 1.345 1.483 0.58 0.37 0.48 0.33 0.3 0.45 0.41 0.37 0.26 0.23 0.4 0.636 1.483 0.42 0.65 0.4 0.5 1.345 0.23 0.59 0.46 0.37 0.54 0.4 0.46 0.686 0.53 0.55 0.42 0.43 0.39 1.345 0.49 0.48 0.38 0.32 0.1 0.2 0.36 0.4 0.3 0.45 0.5 0.52 0.724 0.4 0.59 0.4 0.22 0.56 0.32 0.47 0.22 0.43 0.52 0.46 0.33 1.483 0.41 0.4 0.3 0.42 0.53 0.68 0.37 0.17 0.4 0.3 0.4 0.45 1.248 0.51 0.42 0.762 0.33 1.05 0.53 0.5 0.37 0.26 0.23 0.41 0.27 0.1 0.53 0.58 0.54 1.345 0.58 0.39 0.4 1.483 1.248 0.41 0.481 0.52 0.39 0.43 0.11 0.54 0.54 0.43 0.5 0.635 0.48 0.41 0.3 0.47 0.648 1.67 0.5 0.54 0.54 0.476 0.55 0.5 1.248 0.17 0.4 0.5 0.58 1.05 0.43 0.53 0.481 0.48 0.33 0.46 0.45 0.59 0.38 0.47 1.483 0.25 0.43 0.5 0.56 0.31 0.5 0.51 0.41 0.47 0.34 0.901 0.901 1.483 0.25 0.46 0.54 0.25 0.4 0.4 0.42 1.43 0.11 0.59 0.901 0.56 0.56 0.45 0.14 0.65 0.4 0.09 0.59 0.42 0.47 0.46 0.54 0.5 1.345 1.46 0.4 0.4 0.33 0.56 0.52 1.345 0.46 0.25 1.66 0.4 0.301 0.617 1.05 0.4 0.54 1.483 0.36 0.5 0.27 0.4 0.42 0.36 0.5 0.53 0.5 0.724 0.54 0.37 0.6 0.34 0.46 0.4 0.68 0.71 0.36 0.55 0.55 0.53 1.483 0.54 0.53 0.68 0.23 0.17 0.47 0.41 0.65 0.41 0.5 0.1 0.45 0.46 0.19 0.37 0.58 0.58 0.54 0.43 0.37 0.37 0.648 0.762 0.59 0.54 0.52 0.53 0.53 0.56 1.345 0.09 0.1 0.58 0.25 0.5 0.47 0.42 0.46 0.43 0.39 0.2 0.52 0.465 0.476 0.47 0.4 1.248 0.637 1.35 0.4 0.22 0.42 0.33 0.37 0.1 0.39 0.22 0.5 0.4 0.46 0.59 1.42 0.27 0.45 0.58 0.4 0.3 0.59 0.3 0.55 0.4 0.22 0.37 0.54 1.43 0.58 0.42 0.36 0.4 0.762 0.637 0.635 0.301 0.26 0.4 0.56 0.52 0.7 0.25 0.6 1.05 0.5 0.42 0.47 0.52 0.43 0.42 0.636 0.465 0.23 0.5 0.58 0.636 0.58 0.46 0.5 0.55 0.45 0.42 1.248 0.377 0.65 0.48 0.65 0.5 0.42 0.23 0.46 0.58 0.4 0.55 0.5 0.33 0.4 0.4 0.3 0.465 0.4 0.56 0.54 0.58 0.47 0.54 0.22 0.7 0.54 0.3 0.45 0.43 0.637 0.4 0.56 0.65 0.38 0.42 0.22 0.59 0.47 0.36 0.48 0.27 0.485 0.3 0.4 0.6 0.53
Dot Production Prediction of Lab Growth Rates:
0.554253 0.294273 0.336786 0.319467 0.538556 0.342571 0.400209 0.543 0.378417 0.371933 0.367893 0.365793 0.475652 1.34608 0.481601 0.648538 0.381821 0.372769 0.293641 0.423857 0.403829 1.57907 0.423686 1.32891 0.357037 0.480723 0.480111 0.645971 0.823563 1.06745 0.305594 0.376932 0.55008 0.398645 0.276327 0.31405 0.53073 0.374255 0.486454 0.477869 0.657747 0.544301 0.821868 0.415588 0.398772 1.2738 0.446551 0.384759 0.651152 0.548722 0.333588 0.302595 0.790504 0.39335 0.400624 0.402692 0.901395 0.482794 0.54764 1.45402 0.537354 0.649836 1.38515 0.324632 0.482992 0.395969 0.40254 0.643576 0.458689 0.39371 0.659776 0.336106 0.440504 0.316851 0.366634 1.40002 0.499831 0.534487 0.457413 0.408095 0.394388 0.538616 1.50943 0.311704 0.286629 0.482701 0.900995 0.265062 0.654005 0.393683 0.310987 0.481933 0.367457 0.523754 0.374644 0.327027 0.396525 0.363572 0.484634 0.378393 0.491447 0.483787 0.59075 0.289142 0.901007 0.403034 0.362085 0.329837 0.39741 0.551092 0.319622 0.493925 0.401906 1.33112 0.491068 0.326556 1.32022 0.398858 0.322176 1.34082 0.48708 0.322263 1.36648 1.51522 0.557998 0.427484 1.53534 0.357188 0.397665 0.863211 0.558337 0.490442 1.05 0.547084 0.450837 0.342051 0.485356 0.482944 0.61988 1.51522 0.402069 0.350934 0.358239 0.537507 0.41233 0.401303 0.347532 0.372294 0.483479 0.48168 1.09146 0.343095 0.483323 0.341731 0.356172 0.310062 0.338713 0.37517 0.390497 0.370146 1.06769 0.350394 0.422663 0.36818 1.39878 0.637195 0.359251 0.35695 0.362052 0.441519 0.402218 1.32683 0.554143 0.400162 0.401311 0.400364 0.377039 1.4277 0.496057 1.52587 0.485107 0.649645 0.281696 0.54205 0.385498 0.630175 0.419492 1.37239 0.391192 0.490682 0.401774 1.51196 1.46135 0.335994 1.33386 0.410001 0.48403 0.403112 0.272417 0.396471 0.577799 1.13098 0.358923 0.285778 0.336881 0.48039 0.334541 0.350835 1.48403 0.372077 0.3495 0.542311 0.40189 1.43294 0.322715 0.480676 0.39494 1.35599 1.3402 0.4917 0.553091 0.272511 0.327873 0.260783 0.367566 0.359845 0.446608 0.451633 0.555662 0.401694 0.65761 1.31091 0.330516 0.652166 0.403278 0.348162 1.33773 0.442027 0.325793 0.312537 0.422542 0.350653 0.401695 0.404723 0.652183 0.540749 0.487116 0.337237 0.337768 0.323099 1.34892 0.374025 0.337253 0.366325 0.307737 1.63757 0.360548 0.344594 0.38271 0.260705 1.46869 0.33498 0.344079 0.649178 0.404862 0.544339 0.400386 0.382444 0.493783 0.346742 0.384441 0.496145 0.341903 0.357569 0.406324 0.473466 1.32936 0.487684 0.397316 0.607059 0.378486 0.312265 0.373775 0.420219 0.32723 0.398436 0.62344 0.386152 0.387148 1.08377 0.404218 0.345136 1.131 0.338727 1.05002 0.529455 0.77104 0.403961 0.558155 0.559166 0.483334 0.336893 0.431023 0.293081 0.466359 0.393951 1.31788 0.372034 0.315076 0.399227 1.33518 1.08353 0.378572 0.483231 0.376657 0.330135 0.395178 0.372629 0.338052 0.366345 0.387274 0.37269 0.647339 0.305571 0.322147 0.634125 0.380674 0.643835 1.40691 0.881791 0.309953 0.543279 0.490061 0.490985 0.539303 1.09735 0.311306 0.401657 0.744224 0.355252 1.05007 0.419189 0.53114 0.480137 0.31542 0.325643 0.343602 0.337994 0.552734 0.37989 0.391642 1.33043 1.02195 0.439458 0.491268 0.549831 0.575433 0.493509 0.375148 0.381523 0.379294 0.342118 0.901016 1.05154 1.32107 0.35856 0.331114 0.360638 1.50422 0.403114 0.385662 0.336726 1.26429 0.367499 0.546302 0.895557 0.543357 0.54948 0.349298 0.264147 0.640928 0.404084 0.409431 0.538779 0.365166 0.330011 0.491007 0.487952 0.552461 1.34859 1.06613 0.398892 0.393146 0.506921 0.487405 0.35272 1.30461 0.510474 0.514273 1.53748 0.381633 0.484759 0.646161 1.04949 0.398963 0.345395 1.35246 0.369591 0.327356 0.559227 0.400412 0.285711 0.327668 0.344104 0.295601 0.716198 0.651929 0.359044 0.423071 0.623172 0.319581 0.471679 0.379309 0.372749 0.652252 0.379139 0.556578 0.484176 0.335527 1.38837 0.35002 0.529741 0.370153 0.553319 0.377034 0.334073 0.346666 0.662585 0.487343 0.79188 1.38227 0.33363 0.489975 0.291381 0.386983 0.489967 0.295417 0.560346 0.417139 0.423611 0.424829 0.643762 1.13999 0.384418 0.483926 0.362794 0.395785 0.522784 0.483452 1.3328 0.356509 0.417378 0.479657 0.353632 0.872346 0.371576 0.326541 0.312434 0.36474 0.312561 0.375473 0.347551 0.487782 0.486299 0.369277 0.405423 1.08594 0.644564 1.21643 0.400356 0.396838 0.337686 0.33252 0.362408 1.5898 0.321068 0.333128 0.89716 0.401966 0.526028 0.543493 1.52487 0.358778 0.431777 0.495595 0.399635 0.585726 0.330579 0.260421 0.485228 0.401809 0.502778 0.421538 0.536052 1.25665 0.310945 0.348826 0.330853 0.404034 1.15298 0.642398 0.6509 0.488672 0.365943 0.403053 0.493607 0.322255 0.837622 0.343987 0.622871 1.40662 0.896679 0.556854 0.354246 0.338447 0.373277 0.553927 0.648556 0.487345 0.549345 0.904294 0.481586 0.64989 0.49075 0.531624 0.490273 0.473294 0.298406 0.336635 1.08825 0.482601 0.651538 0.345899 0.650475 0.55542 0.327798 0.546855 0.375247 0.357919 0.402553 0.55916 0.539265 0.324467 0.383883 0.402255 0.594304 0.482402 0.406807 0.554055 0.366214 0.349331 0.362259 0.540935 0.5004 0.826204 0.472898 0.336087 0.384264 0.344547 0.641194 0.397609 0.543493 0.650948 0.290752 0.364597 0.501371 0.545694 0.406092 0.384552 0.292518 0.283207 0.486196 0.541609 0.342074 0.632462 0.448847
Testing:
Lab Growth Rates:
0.59 0.59 0.59
Dot Production Prediction of Lab Growth Rates:
0.307617 0.312648 0.300868
Best performance so far: 
Obj: 4.64037e-310Rho: 4.04588e-313Diff: 4.64037e-310
Test:
 Lab Growth Rates:
0.59 0.59 0.59Dot Product Prediction of Growth Rate:
0.3076169 0.3126476 0.3008682