seed =  5 traits =  1 
Training: part  93 
Training: part  93 
Round  1 
 Goal of obj  0.99 
Temperature range:  0.0078125 1.25e-09 
Cycle 1Round 1
Iter 500000 pBad 0.883796 T 0.0035727 Obj 1.11012 Rho 0 GRdif 61.4263 success 148045 failure 7208 obj_new 1.11012 SA_pAcc 1.05868 Delta 0.0635802 SA_r 0.0378211 freedomratio 0.364312
Iter 1000000 pBad 0.845066 T 0.00163381 Obj 1.07893 Rho 0 GRdif 44.6697 success 293814 failure 19168 obj_new 1.07893 SA_pAcc 0.858383 Delta 0.0769476 SA_r 0.342655 freedomratio 0.363861
Iter 1500000 pBad 0.811909 T 0.000747152 Obj 1.04595 Rho 0 GRdif 26.4165 success 437725 failure 35767 obj_new 1.04595 SA_pAcc 1 Delta 0.00122952 SA_r 0.204175 freedomratio 0.369579
Iter 2000000 pBad 0.781901 T 0.000341676 Obj 1.03488 Rho 0 GRdif 20.1573 success 580043 failure 56241 obj_new 1.03488 SA_pAcc 1 Delta -0.00820502 SA_r 0.941803 freedomratio 0.369579
Iter 2500000 pBad 0.709391 T 0.00015625 Obj 1.02927 Rho 0 GRdif 16.9611 success 722611 failure 76904 obj_new 1.02927 SA_pAcc 1 Delta 0.068559 SA_r 0.125328 freedomratio 0.36796
Iter 3000000 pBad 0.69579 T 7.1454e-05 Obj 1.02343 Rho 0 GRdif 13.6152 success 862886 failure 102081 obj_new 1.02343 SA_pAcc 1.01671 Delta -0.00753549 SA_r 0.116826 freedomratio 0.362963
Iter 3500000 pBad 0.676428 T 3.26763e-05 Obj 1.01899 Rho 0 GRdif 11.0589 success 1001579 failure 129954 obj_new 1.01899 SA_pAcc 1.23681 Delta -0.0516508 SA_r 0.745923 freedomratio 0.363636
Iter 4000000 pBad 0.520847 T 1.4943e-05 Obj 1.01676 Rho 0 GRdif 9.77566 success 1135587 failure 166000 obj_new 1.01676 SA_pAcc 1.25474 Delta -0.00969151 SA_r 0.140988 freedomratio 0.361401
Iter 4500000 pBad 0.424236 T 6.83352e-06 Obj 1.01395 Rho 0 GRdif 8.14485 success 1261849 failure 215921 obj_new 1.01395 SA_pAcc 1 Delta 0.017244 SA_r 0.925982 freedomratio 0.349169
Iter 5000000 pBad 0.354584 T 3.125e-06 Obj 1.01086 Rho 0 GRdif 6.3495 success 1376913 failure 289340 obj_new 1.01086 SA_pAcc 1 Delta -0.0138238 SA_r 0.487436 freedomratio 0.351464
Iter 5500000 pBad 0.268371 T 1.42908e-06 Obj 1.00984 Rho 0 GRdif 5.75936 success 1482528 failure 380824 obj_new 1.00984 SA_pAcc 1 Delta 0.00752434 SA_r 0.363316 freedomratio 0.344061
Iter 6000000 pBad 0.160327 T 6.53526e-07 Obj 1.00894 Rho 0 GRdif 5.2349 success 1567717 failure 516072 obj_new 1.00894 SA_pAcc 1 Delta -0.00538486 SA_r 0.271531 freedomratio 0.308338
Iter 6500000 pBad 0.101854 T 2.98861e-07 Obj 1.00829 Rho 0 GRdif 4.8528 success 1633958 failure 692798 obj_new 1.00829 SA_pAcc 0.00240732 Delta -0.00480764 SA_r 0.161107 freedomratio 0.293121
Iter 7000000 pBad 0.0739531 T 1.3667e-07 Obj 1.00783 Rho 0 GRdif 4.59028 success 1684886 failure 909872 obj_new 1.00784 SA_pAcc 4.75738e-14 Delta 0.00731102 SA_r 0.752126 freedomratio 0.260062
Iter 7500000 pBad 0.0471844 T 6.25001e-08 Obj 1.0077 Rho 0 GRdif 4.50774 success 1720576 failure 1170151 obj_new 1.0077 SA_pAcc 1 Delta 0.00436048 SA_r 0.990733 freedomratio 0.246128
Iter 8000000 pBad 0.0307419 T 2.85816e-08 Obj 1.00762 Rho 0 GRdif 4.46246 success 1746542 failure 1461436 obj_new 1.00762 SA_pAcc 1 Delta 0.0011947 SA_r 0.372954 freedomratio 0.226939
Iter 8500000 pBad 0.0245774 T 1.30705e-08 Obj 1.00756 Rho 0 GRdif 4.42654 success 1765882 failure 1776397 obj_new 1.00756 SA_pAcc 7.82829e-16 Delta 0.00208638 SA_r 0.981553 freedomratio 0.215148
Iter 9000000 pBad 0.00957141 T 5.97721e-09 Obj 1.00754 Rho 0 GRdif 4.41883 success 1779371 failure 2113689 obj_new 1.00754 SA_pAcc 0 Delta 0.0006858 SA_r 0.872547 freedomratio 0.206461
Iter 9500000 pBad 0.010674 T 2.73341e-09 Obj 1.00753 Rho 0 GRdif 4.42177 success 1789056 failure 2467225 obj_new 1.00755 SA_pAcc 0 Delta -0.00101769 SA_r 0.591326 freedomratio 0.199932
Iter 10000000 pBad 0.00642492 T 1.25e-09 Obj 1.00752 Rho 0 GRdif 4.40368 success 1796877 failure 2830787 obj_new 1.00752 SA_pAcc 1 Delta -0.000344039 SA_r 0.167544 freedomratio 0.195935
Cannot move further
iter 9.99995e+06 obj1.00752 rho 0 GRdif 4.40368
Training:
Lab Growth Rates:
0.32 1.05 0.42 0.37 0.4 0.11 0.42 0.3 0.5 0.5 0.465 0.301 0.25 1.03 0.25 0.762 0.5 1.46 0.42 0.6 0.37 0.65 0.5 0.37 0.377 0.58 1.483 0.22 0.41 0.4 0.53 0.54 0.41 0.22 0.4 0.46 0.55 0.4 0.14 0.59 0.5 0.32 0.4 0.43 0.46 0.5 0.26 0.636 0.36 0.58 0.19 1.46 0.58 0.1 0.38 0.47 0.5 0.53 1.483 0.37 0.47 0.4 0.34 0.4 0.33 0.56 0.36 0.4 0.59 0.4 0.58 0.41 0.47 0.3 0.56 0.5 0.4 0.47 0.43 1.345 0.19 0.38 0.27 0.7 0.33 0.52 0.39 0.65 0.54 0.43 0.4 0.47 0.49 0.09 0.5 0.59 0.54 0.45 0.33 0.33 0.42 0.46 0.54 0.4 0.4 0.5 0.637 0.3 0.56 0.59 0.22 0.45 0.56 0.17 0.34 1.46 0.6 0.4 0.42 0.65 0.4 0.58 0.41 0.46 1.248 0.59 0.4 1.345 0.26 0.5 1.483 0.17 0.485 0.55 0.58 0.17 0.46 0.58 0.59 0.55 0.58 1.67 1.345 0.3 0.65 0.5 0.481 0.45 0.3 0.46 0.22 0.1 1.483 0.55 0.3 0.4 0.54 0.58 0.4 0.4 0.4 0.5 0.42 0.45 0.686 0.09 0.4 0.301 0.56 0.58 0.42 0.45 0.45 0.4 0.4 0.45 0.48 0.48 0.54 0.3 0.46 0.41 0.51 0.45 0.4 1.35 0.53 1.483 0.27 0.56 0.48 0.41 0.59 0.65 0.23 1.345 0.58 0.37 0.25 0.42 0.37 0.46 0.27 0.4 0.46 1.43 0.47 0.53 0.4 0.11 0.59 0.22 0.485 0.901 1.67 0.53 0.5 0.1 0.45 1.66 0.42 0.38 0.48 0.51 0.53 0.4 0.36 0.43 0.46 0.1 0.635 0.5 0.54 0.52 0.37 0.52 0.4 1.483 0.37 0.901 0.55 0.4 0.377 0.52 0.47 0.648 0.4 0.58 1.345 0.4 0.46 0.54 0.33 0.25 0.46 0.37 0.52 0.11 0.68 0.46 0.55 0.45 0.54 0.724 0.476 0.55 0.4 1.38 0.23 1.248 0.43 0.34 0.52 0.39 0.54 0.53 0.25 0.54 0.2 0.14 0.54 0.58 0.58 0.58 0.42 0.901 0.4 0.42 0.724 0.22 0.901 0.5 0.58 0.4 0.45 0.42 0.54 0.5 0.09 0.4 0.4 0.47 0.55 0.4 0.23 0.5 0.5 0.901 0.54 0.4 0.4 0.42 0.465 0.2 0.33 0.52 0.52 0.47 0.58 0.481 0.54 0.47 0.53 0.45 0.41 0.33 0.49 0.54 0.53 1.05 0.465 0.59 0.37 0.36 0.45 0.4 0.52 0.636 0.45 0.54 0.4 0.56 0.23 1.05 0.4 0.5 0.45 0.4 0.37 0.38 0.27 0.27 0.43 0.4 0.635 1.248 0.5 0.36 0.47 0.41 0.47 0.47 0.43 0.48 0.56 0.3 0.3 0.47 0.59 0.5 0.52 0.4 0.762 0.37 0.23 0.3 0.47 1.05 0.19 0.4 0.55 0.3 0.65 0.25 0.42 0.54 0.33 0.4 0.42 1.345 0.22 1.483 0.42 0.901 0.56 0.47 0.54 0.26 0.1 0.5 0.23 1.345 0.762 0.53 0.47 0.54 0.37 0.648 0.37 0.53 0.33 0.54 0.55 0.5 0.71 0.724 0.48 1.46 0.65 0.45 0.36 0.68 0.46 0.4 0.4 0.46 0.46 0.68 1.248 0.47 0.686 0.32 0.25 1.345 0.54 0.5 0.23 0.7 1.345 0.31 0.47 0.45 0.4 0.5 1.66 0.56 0.59 0.4 0.59 0.39 0.45 1.248 0.46 0.53 0.635 0.36 0.5 0.31 0.39 0.22 0.47 0.5 1.4 0.55 1.43 0.762 0.47 0.48 0.54 0.56 0.58 0.45 0.39 0.54 0.5 1.345 0.43 0.46 0.5 0.59 0.485 0.5 1.483 0.476 0.4 0.636 0.43 0.54 0.56 0.5 0.59 0.56 0.637 0.4 0.3 0.4 1.483 0.38 0.47 0.481 0.65 0.23 1.483 0.4 0.4 0.49 0.53 0.25 0.6 0.58 0.56 0.71 0.48 0.46 0.51 0.53 0.4 0.6 0.637 0.27 0.648 0.54 0.4 0.55 0.3 0.56 0.41 1.05 0.3 0.4 0.5 0.7 0.43 0.56 0.1 0.42 0.58 0.4 0.58 0.65 0.56 0.1 1.483 0.43 0.617 0.47 0.37 0.686 0.31 0.4 0.43 0.37 0.59 1.49 1.42 0.46 0.1 0.68 0.59 1.44 0.1 0.4 0.52 1.345 1.345 0.54 0.301 0.47 0.42 0.39 0.377 0.54 0.68 0.48 0.4 0.52 0.53 0.36 0.476 0.5 0.23 0.485 1.483 0.71 0.56 0.36 0.2 0.46
Dot Production Prediction of Lab Growth Rates:
0.315942 1.05 0.587015 0.39214 0.4046 0.358644 0.367358 0.319905 0.305502 0.314802 0.546046 0.533838 0.511136 1.32584 0.506253 0.786358 0.801088 1.07751 0.303889 0.567957 0.383632 0.608547 0.490535 0.378672 0.540923 0.478624 1.28991 0.468308 0.537658 0.398982 0.530303 0.368957 0.371334 0.468936 0.402102 0.339091 0.464462 0.401541 0.14052 0.56129 0.689861 0.336612 0.401452 0.359962 0.309595 0.474607 0.369385 0.726564 0.377764 0.480347 0.298932 1.02872 0.335505 0.860305 0.369434 0.485167 0.654478 0.53882 1.24408 0.539786 0.392811 0.396515 0.319064 0.401887 0.511093 0.543632 0.370889 0.403478 0.550096 0.400106 0.47504 0.338803 0.343803 0.365116 0.484906 0.487637 0.395501 0.3989 0.446428 1.29352 0.288713 0.295378 0.319494 0.702416 0.329947 0.363685 0.287732 0.624278 0.537338 0.332531 0.401825 0.302559 0.348718 0.339247 0.537151 0.394161 0.399504 0.371289 0.314821 0.306578 0.33266 0.366364 0.527294 0.395386 0.39939 0.740966 0.711165 0.296445 0.539139 0.372268 0.330477 0.330156 0.549317 0.303636 0.323175 1.03456 0.56324 0.39382 0.36488 0.63223 0.402379 0.327247 0.539686 0.28174 0.860485 0.328127 0.387163 1.33398 0.560004 0.341279 1.21964 0.396367 0.539147 0.539434 0.351666 0.302415 0.526991 0.347123 0.30872 0.546084 0.464408 1.4256 1.21136 0.529423 0.647623 0.471417 0.546125 1.62075 0.509734 0.411072 0.466773 0.462985 1.30769 0.461078 0.474332 0.401762 0.455981 0.351322 0.399027 0.396859 0.399628 0.525793 0.32559 1.7267 0.72339 0.379415 0.398312 0.533039 0.463259 0.285972 0.350235 0.33037 0.413468 0.400404 0.404876 1.61182 0.293353 0.287479 0.457638 0.404366 0.356928 0.537617 0.375098 1.64636 0.394131 1.23241 0.47934 1.2696 0.393531 0.479799 0.292854 0.339738 0.294814 0.646303 0.395478 1.28685 0.445723 0.384806 0.34954 0.345762 0.379355 0.337156 0.59244 0.404558 0.418708 1.32915 0.347096 0.523394 0.397183 0.351578 0.327834 0.465969 0.540758 0.818439 1.6445 0.372789 0.648783 1.44208 0.346795 1.66001 0.304741 0.372059 0.336583 0.36489 0.384398 0.405026 0.36016 0.340021 0.460092 1.29094 0.709834 0.734117 0.372145 0.388816 0.384873 0.382463 0.402604 1.2735 0.389098 0.901917 0.458269 0.407278 0.535912 0.35692 0.364183 0.711839 0.400905 0.473187 1.23559 0.399001 0.452484 0.457026 0.31798 0.34374 0.4585 0.435852 0.341866 0.323364 0.473882 0.477096 0.438219 0.311359 0.305031 0.722415 0.553857 0.557541 0.399808 1.3099 0.396574 0.854121 0.406622 0.340958 0.375812 0.303155 0.54224 0.530028 1.66863 0.388745 0.360876 0.139746 0.356496 0.464972 0.360755 0.296318 0.587859 0.900927 0.405524 0.332815 0.723733 0.472101 0.901413 0.754281 0.377647 0.398394 1.6399 0.298933 0.540623 0.712456 0.439943 0.314802 0.396926 0.41504 0.544055 0.398744 0.543662 0.546593 0.527819 0.906288 0.472239 0.40036 0.401036 0.601711 0.554109 0.395499 0.334612 0.364923 0.352148 0.367755 0.487625 0.545078 0.384216 0.465795 0.537022 0.318573 0.362373 0.427979 0.369925 0.462014 0.324744 1.05 0.551266 0.528578 0.387857 0.332577 0.326295 0.396814 0.332849 0.733212 0.391162 0.302668 0.402576 0.536797 0.542971 1.52365 0.334879 0.327197 0.36873 0.404652 0.410728 0.292741 0.346383 0.272042 0.358455 0.399863 0.71366 0.84791 0.644009 0.344295 0.355216 0.30145 0.393127 0.494376 0.385795 0.295065 0.534814 0.565497 0.449979 0.334433 0.531914 0.483355 0.348452 0.396362 0.779026 0.279567 0.395949 0.526925 0.332688 1.0244 0.289242 0.393 0.554922 0.559857 0.666406 0.853805 0.300093 0.544829 0.349085 0.39374 0.326194 1.2924 0.403606 1.25207 0.320833 0.901 0.490766 0.340697 0.46846 0.45559 1.57371 0.400521 0.532948 1.32052 0.787432 0.553107 0.338587 0.549343 0.382874 0.709529 0.385122 0.526136 0.470902 0.350752 0.463706 0.538992 0.718729 0.720797 0.316589 1.52608 0.641295 0.431309 0.382953 0.469059 0.44842 0.405392 0.391092 0.424882 0.528312 0.476902 0.854525 0.414089 0.721134 0.275526 0.294485 1.31659 0.335836 0.308154 0.553819 0.702015 1.3531 0.573018 0.399385 0.359367 0.392886 0.374549 1.63749 0.549025 0.541794 0.401661 0.321976 0.331246 1.6868 0.852115 0.453257 0.393508 0.711655 0.349189 0.364825 0.574818 0.291198 0.368038 0.339809 0.330193 1.46254 0.460402 1.35533 0.78722 0.402627 0.338402 0.340047 0.463495 0.470601 1.66696 0.314689 0.288808 0.724329 1.21693 0.425734 0.295343 0.472196 0.341617 0.544731 0.344268 1.29747 0.553109 0.399228 0.722822 0.404185 0.352362 0.54251 0.630254 0.549057 0.535451 0.715635 0.399634 0.307208 0.401093 1.26224 0.315563 0.341483 0.547791 0.646613 0.540185 1.31711 0.401171 0.402392 0.347968 0.325791 0.344961 0.554295 0.491032 0.551943 0.723858 0.33211 0.471377 0.40029 0.310603 0.402118 0.550973 0.717735 0.371247 0.710956 0.53359 0.402581 0.552859 0.300082 0.535662 0.371767 1.05035 0.526619 0.398489 0.334816 0.705153 0.398857 0.554114 0.326627 0.340329 0.464768 0.397943 0.465287 0.677683 0.466184 1.13428 1.27982 0.435374 0.616803 0.385985 0.385651 0.717885 0.579406 0.396014 0.353623 0.378284 0.315713 1.6868 1.68562 0.505414 1.16428 0.477125 0.55198 1.63101 0.44656 0.403226 0.329254 1.30823 1.29875 0.397984 0.539117 0.349865 0.333207 0.302738 0.531124 0.361709 0.470113 0.323396 0.392854 0.344618 0.268144 0.323074 0.550182 0.31617 0.537487 0.547693 1.27538 0.718712 0.543 0.31852 0.386741 0.469873
Testing:
Lab Growth Rates:
0.7
Dot Production Prediction of Lab Growth Rates:
0.699921
Best performance so far: 
Obj: 4.67376e-310Rho: 2.26291e-314Diff: 4.67376e-310
Anneal again with the best G and E so far as input
Cycle 2Round 1
Iter 500000 pBad 0.880688 T 0.0035727 Obj 1.07348 Rho 0 GRdif 41.6916 success 107042 failure 7190 obj_new 1.07348 SA_pAcc 0.929124 Delta 0.0571563 SA_r 0.125489 freedomratio 0.250746
Iter 1000000 pBad 0.850151 T 0.00163381 Obj 1.06728 Rho 0 GRdif 38.2888 success 212734 failure 17056 obj_new 1.06728 SA_pAcc 0.966593 Delta -0.0250092 SA_r 0.0769892 freedomratio 0.25182
Iter 1500000 pBad 0.797731 T 0.000747152 Obj 1.03878 Rho 0 GRdif 22.3743 success 316232 failure 30989 obj_new 1.03878 SA_pAcc 1 Delta 0.0305686 SA_r 0.656758 freedomratio 0.250426
Iter 2000000 pBad 0.756634 T 0.000341676 Obj 1.03371 Rho 0 GRdif 19.4955 success 419020 failure 48652 obj_new 1.03371 SA_pAcc 0.981281 Delta 0.00277248 SA_r 0.678659 freedomratio 0.251712
Iter 2500000 pBad 0.682213 T 0.00015625 Obj 1.0287 Rho 0 GRdif 16.6352 success 520419 failure 68954 obj_new 1.0287 SA_pAcc 1 Delta -0.0181123 SA_r 0.58951 freedomratio 0.253448
Iter 3000000 pBad 0.586802 T 7.1454e-05 Obj 1.02406 Rho 0 GRdif 13.9798 success 620636 failure 92015 obj_new 1.02406 SA_pAcc 0.870029 Delta 0.0452681 SA_r 0.41775 freedomratio 0.251067
Iter 3500000 pBad 0.561468 T 3.26763e-05 Obj 1.02177 Rho 0 GRdif 12.6651 success 717862 failure 123286 obj_new 1.02177 SA_pAcc 0.897207 Delta -0.0457331 SA_r 0.184687 freedomratio 0.247371
Iter 4000000 pBad 0.442933 T 1.4943e-05 Obj 1.01963 Rho 0 GRdif 11.4299 success 814604 failure 156331 obj_new 1.01963 SA_pAcc 1 Delta 0.00859288 SA_r 0.602729 freedomratio 0.245717
Iter 4500000 pBad 0.413293 T 6.83352e-06 Obj 1.01748 Rho 0 GRdif 10.1896 success 907185 failure 195935 obj_new 1.01748 SA_pAcc 1 Delta -0.0291586 SA_r 0.881977 freedomratio 0.242374
Iter 5000000 pBad 0.2849 T 3.125e-06 Obj 1.01428 Rho 0 GRdif 8.33605 success 989342 failure 256890 obj_new 1.01428 SA_pAcc 1 Delta -0.0165398 SA_r 0.335879 freedomratio 0.234263
Iter 5500000 pBad 0.256006 T 1.42908e-06 Obj 1.011 Rho 0 GRdif 6.43521 success 1067288 failure 331988 obj_new 1.011 SA_pAcc 1 Delta -0.0203612 SA_r 0.585682 freedomratio 0.23417
Iter 6000000 pBad 0.208418 T 6.53526e-07 Obj 1.00984 Rho 0 GRdif 5.80066 success 1139533 failure 418803 obj_new 1.00991 SA_pAcc 1.14135e-49 Delta 0.012857 SA_r 0.572173 freedomratio 0.231314
Iter 6500000 pBad 0.126812 T 2.98861e-07 Obj 1.00928 Rho 0 GRdif 5.4322 success 1195035 failure 547030 obj_new 1.00928 SA_pAcc 0.270649 Delta -0.00250814 SA_r 0.402976 freedomratio 0.215306
Iter 7000000 pBad 0.0701869 T 1.3667e-07 Obj 1.00876 Rho 0 GRdif 5.13373 success 1240049 failure 708685 obj_new 1.00877 SA_pAcc 7.09107e-42 Delta -0.00398751 SA_r 0.752003 freedomratio 0.199187
Iter 7500000 pBad 0.058558 T 6.25001e-08 Obj 1.00856 Rho 0 GRdif 5.14974 success 1270270 failure 917644 obj_new 1.0088 SA_pAcc 0 Delta -0.000493164 SA_r 0.627131 freedomratio 0.186489
Iter 8000000 pBad 0.0341078 T 2.85816e-08 Obj 1.00838 Rho 0 GRdif 4.90925 success 1294865 failure 1152391 obj_new 1.00838 SA_pAcc 0.00439092 Delta 0.00136202 SA_r 0.63724 freedomratio 0.176895
Iter 8500000 pBad 0.0205126 T 1.30705e-08 Obj 1.00828 Rho 0 GRdif 4.84806 success 1314220 failure 1417480 obj_new 1.00828 SA_pAcc 4.72656e-92 Delta -0.00189467 SA_r 0.374671 freedomratio 0.161716
Iter 9000000 pBad 0.0195187 T 5.97721e-09 Obj 1.00822 Rho 0 GRdif 4.82146 success 1327726 failure 1710657 obj_new 1.00823 SA_pAcc 0 Delta -0.000269651 SA_r 0.846938 freedomratio 0.157641
Iter 9500000 pBad 0.0096728 T 2.73341e-09 Obj 1.00817 Rho 0 GRdif 4.7829 success 1339448 failure 2020338 obj_new 1.00817 SA_pAcc 2.20658e-06 Delta -0.000279736 SA_r 0.617741 freedomratio 0.151977
Good enough
iter 9.9999e+06 obj1.00815 rho 0 GRdif 4.7718
Training:
Lab Growth Rates:
0.32 1.05 0.42 0.37 0.4 0.11 0.42 0.3 0.5 0.5 0.465 0.301 0.25 1.03 0.25 0.762 0.5 1.46 0.42 0.6 0.37 0.65 0.5 0.37 0.377 0.58 1.483 0.22 0.41 0.4 0.53 0.54 0.41 0.22 0.4 0.46 0.55 0.4 0.14 0.59 0.5 0.32 0.4 0.43 0.46 0.5 0.26 0.636 0.36 0.58 0.19 1.46 0.58 0.1 0.38 0.47 0.5 0.53 1.483 0.37 0.47 0.4 0.34 0.4 0.33 0.56 0.36 0.4 0.59 0.4 0.58 0.41 0.47 0.3 0.56 0.5 0.4 0.47 0.43 1.345 0.19 0.38 0.27 0.7 0.33 0.52 0.39 0.65 0.54 0.43 0.4 0.47 0.49 0.09 0.5 0.59 0.54 0.45 0.33 0.33 0.42 0.46 0.54 0.4 0.4 0.5 0.637 0.3 0.56 0.59 0.22 0.45 0.56 0.17 0.34 1.46 0.6 0.4 0.42 0.65 0.4 0.58 0.41 0.46 1.248 0.59 0.4 1.345 0.26 0.5 1.483 0.17 0.485 0.55 0.58 0.17 0.46 0.58 0.59 0.55 0.58 1.67 1.345 0.3 0.65 0.5 0.481 0.45 0.3 0.46 0.22 0.1 1.483 0.55 0.3 0.4 0.54 0.58 0.4 0.4 0.4 0.5 0.42 0.45 0.686 0.09 0.4 0.301 0.56 0.58 0.42 0.45 0.45 0.4 0.4 0.45 0.48 0.48 0.54 0.3 0.46 0.41 0.51 0.45 0.4 1.35 0.53 1.483 0.27 0.56 0.48 0.41 0.59 0.65 0.23 1.345 0.58 0.37 0.25 0.42 0.37 0.46 0.27 0.4 0.46 1.43 0.47 0.53 0.4 0.11 0.59 0.22 0.485 0.901 1.67 0.53 0.5 0.1 0.45 1.66 0.42 0.38 0.48 0.51 0.53 0.4 0.36 0.43 0.46 0.1 0.635 0.5 0.54 0.52 0.37 0.52 0.4 1.483 0.37 0.901 0.55 0.4 0.377 0.52 0.47 0.648 0.4 0.58 1.345 0.4 0.46 0.54 0.33 0.25 0.46 0.37 0.52 0.11 0.68 0.46 0.55 0.45 0.54 0.724 0.476 0.55 0.4 1.38 0.23 1.248 0.43 0.34 0.52 0.39 0.54 0.53 0.25 0.54 0.2 0.14 0.54 0.58 0.58 0.58 0.42 0.901 0.4 0.42 0.724 0.22 0.901 0.5 0.58 0.4 0.45 0.42 0.54 0.5 0.09 0.4 0.4 0.47 0.55 0.4 0.23 0.5 0.5 0.901 0.54 0.4 0.4 0.42 0.465 0.2 0.33 0.52 0.52 0.47 0.58 0.481 0.54 0.47 0.53 0.45 0.41 0.33 0.49 0.54 0.53 1.05 0.465 0.59 0.37 0.36 0.45 0.4 0.52 0.636 0.45 0.54 0.4 0.56 0.23 1.05 0.4 0.5 0.45 0.4 0.37 0.38 0.27 0.27 0.43 0.4 0.635 1.248 0.5 0.36 0.47 0.41 0.47 0.47 0.43 0.48 0.56 0.3 0.3 0.47 0.59 0.5 0.52 0.4 0.762 0.37 0.23 0.3 0.47 1.05 0.19 0.4 0.55 0.3 0.65 0.25 0.42 0.54 0.33 0.4 0.42 1.345 0.22 1.483 0.42 0.901 0.56 0.47 0.54 0.26 0.1 0.5 0.23 1.345 0.762 0.53 0.47 0.54 0.37 0.648 0.37 0.53 0.33 0.54 0.55 0.5 0.71 0.724 0.48 1.46 0.65 0.45 0.36 0.68 0.46 0.4 0.4 0.46 0.46 0.68 1.248 0.47 0.686 0.32 0.25 1.345 0.54 0.5 0.23 0.7 1.345 0.31 0.47 0.45 0.4 0.5 1.66 0.56 0.59 0.4 0.59 0.39 0.45 1.248 0.46 0.53 0.635 0.36 0.5 0.31 0.39 0.22 0.47 0.5 1.4 0.55 1.43 0.762 0.47 0.48 0.54 0.56 0.58 0.45 0.39 0.54 0.5 1.345 0.43 0.46 0.5 0.59 0.485 0.5 1.483 0.476 0.4 0.636 0.43 0.54 0.56 0.5 0.59 0.56 0.637 0.4 0.3 0.4 1.483 0.38 0.47 0.481 0.65 0.23 1.483 0.4 0.4 0.49 0.53 0.25 0.6 0.58 0.56 0.71 0.48 0.46 0.51 0.53 0.4 0.6 0.637 0.27 0.648 0.54 0.4 0.55 0.3 0.56 0.41 1.05 0.3 0.4 0.5 0.7 0.43 0.56 0.1 0.42 0.58 0.4 0.58 0.65 0.56 0.1 1.483 0.43 0.617 0.47 0.37 0.686 0.31 0.4 0.43 0.37 0.59 1.49 1.42 0.46 0.1 0.68 0.59 1.44 0.1 0.4 0.52 1.345 1.345 0.54 0.301 0.47 0.42 0.39 0.377 0.54 0.68 0.48 0.4 0.52 0.53 0.36 0.476 0.5 0.23 0.485 1.483 0.71 0.56 0.36 0.2 0.46
Dot Production Prediction of Lab Growth Rates:
0.32006 1.04517 0.555538 0.391162 0.401893 0.363914 0.337458 0.320295 0.345008 0.354781 0.571795 0.581157 0.484226 1.30121 0.464076 0.784181 0.961289 1.07992 0.282571 0.697799 0.415669 0.623093 0.478962 0.41164 0.577061 0.475448 1.33841 0.474841 0.572041 0.381557 0.525048 0.369307 0.39581 0.473435 0.401577 0.336407 0.485157 0.398664 0.235978 0.549356 0.900939 0.366377 0.405634 0.368332 0.324801 0.467398 0.400403 0.697081 0.422107 0.475982 0.282811 1.04964 0.327148 1.11279 0.385054 0.44598 0.861711 0.494318 1.30783 0.525757 0.388555 0.394847 0.318133 0.401365 0.496288 0.541108 0.378843 0.400248 0.544613 0.396125 0.466239 0.366755 0.368518 0.350633 0.472568 0.478712 0.379821 0.412413 0.44635 1.35752 0.276751 0.313945 0.319824 0.871043 0.322446 0.368272 0.314243 0.644258 0.534742 0.344102 0.401566 0.314367 0.382507 0.331655 0.535533 0.399742 0.376451 0.399587 0.320648 0.319647 0.345071 0.379968 0.533573 0.392562 0.40128 0.983987 0.68327 0.275593 0.551601 0.381473 0.358404 0.315755 0.548425 0.316944 0.33854 1.03357 0.677979 0.381025 0.406251 0.651639 0.402533 0.338576 0.576331 0.279927 0.854773 0.345207 0.378681 1.35878 0.541198 0.357246 1.33582 0.428742 0.574097 0.545811 0.379063 0.303344 0.51026 0.352803 0.310076 0.554142 0.467769 1.37135 1.33356 0.65142 0.630695 0.473209 0.570729 1.37427 0.641257 0.393705 0.484941 0.429108 1.32543 0.477245 0.622994 0.399959 0.468862 0.343532 0.399617 0.385863 0.399467 0.527423 0.358241 1.47535 0.695326 0.377054 0.398895 0.578995 0.464915 0.271698 0.3686 0.331675 0.416545 0.40275 0.403912 1.37521 0.261618 0.269015 0.476954 0.377602 0.350289 0.579047 0.407007 1.42176 0.389982 1.18889 0.422937 1.35642 0.382811 0.476 0.268901 0.352517 0.298081 0.657048 0.439933 1.36641 0.448445 0.418214 0.364 0.362019 0.419924 0.338074 0.53348 0.4014 0.404137 1.22778 0.347661 0.529617 0.392512 0.35068 0.324411 0.476789 0.572266 0.819113 1.43911 0.384224 0.891876 1.62706 0.354103 1.52363 0.309028 0.370485 0.355073 0.391479 0.421918 0.406344 0.34846 0.358013 0.459269 1.65978 0.688812 0.949601 0.403914 0.401068 0.425211 0.356043 0.404883 1.36169 0.422325 0.900921 0.476094 0.404561 0.572701 0.362333 0.370131 0.684658 0.402717 0.468324 1.34281 0.395281 0.447102 0.473356 0.317459 0.349654 0.458479 0.440852 0.367038 0.300224 0.324031 0.471522 0.453187 0.2879 0.323684 0.690489 0.57594 0.556554 0.39924 1.28936 0.437631 0.850789 0.390154 0.340036 0.376886 0.3337 0.550746 0.538637 1.40824 0.377488 0.353444 0.231443 0.356996 0.468962 0.381957 0.312678 0.563235 0.901137 0.405049 0.355554 0.698418 0.489521 0.904571 0.94714 0.40727 0.392319 1.40581 0.333293 0.534814 0.924547 0.449414 0.296581 0.397417 0.403855 0.549874 0.395011 0.559371 0.557193 0.529969 0.904334 0.478522 0.400062 0.40182 0.580059 0.574545 0.360795 0.350069 0.340304 0.40657 0.389662 0.480484 0.57397 0.353436 0.457045 0.545014 0.328486 0.375271 0.452469 0.381838 0.483398 0.360838 1.05351 0.572223 0.542074 0.413041 0.319584 0.317248 0.391447 0.31755 0.69908 0.361666 0.31791 0.403012 0.530453 0.557144 1.39653 0.311215 0.326427 0.37363 0.404243 0.406285 0.313634 0.351456 0.269902 0.351679 0.397658 0.693343 0.845349 0.835443 0.349388 0.360682 0.313997 0.409511 0.448214 0.371503 0.317876 0.541734 0.695815 0.567619 0.336605 0.54283 0.486245 0.359254 0.39238 0.77295 0.303034 0.438324 0.682164 0.313687 1.05 0.288832 0.384825 0.552531 0.686283 0.650869 1.12447 0.305079 0.559655 0.362482 0.390647 0.333706 1.31396 0.435625 1.33022 0.290524 0.901 0.474106 0.341517 0.470209 0.447083 1.37746 0.425748 0.544202 1.3989 0.782538 0.543694 0.346089 0.558763 0.42342 0.680108 0.419165 0.525468 0.485095 0.364618 0.476253 0.565776 0.68574 0.694079 0.349379 1.42069 0.643004 0.400719 0.436652 0.320622 0.41896 0.407509 0.379485 0.44479 0.523492 0.324537 0.849433 0.373474 0.69614 0.322028 0.297357 1.34888 0.359003 0.30656 0.559645 0.858614 1.38161 0.553691 0.402277 0.374391 0.376843 0.37774 1.56222 0.549163 0.538263 0.398465 0.330449 0.343878 1.47184 0.845307 0.426987 0.412928 0.690109 0.345171 0.406515 0.567706 0.297917 0.395281 0.345399 0.332416 1.4 0.480224 1.25504 0.777494 0.386132 0.337865 0.326389 0.466456 0.466844 1.44472 0.311942 0.284916 0.920934 1.32757 0.425773 0.317781 0.465951 0.34908 0.573831 0.362986 1.35632 0.57965 0.402434 0.691034 0.389567 0.362236 0.550452 0.815234 0.549683 0.54763 0.685132 0.402541 0.277711 0.402197 1.30254 0.310134 0.35509 0.574059 0.649024 0.551093 1.36156 0.400803 0.401788 0.358519 0.316 0.363522 0.669614 0.473369 0.552997 0.696876 0.357127 0.463356 0.419802 0.317702 0.400933 0.64593 0.688607 0.358653 0.685757 0.537703 0.402723 0.544437 0.278678 0.526585 0.406651 1.05213 0.628762 0.38087 0.343483 0.869069 0.387023 0.549957 0.296627 0.362349 0.467001 0.399823 0.466735 0.65117 0.467751 1.46243 1.38173 0.418772 0.620019 0.335719 0.420893 0.691575 0.571819 0.392871 0.363187 0.402857 0.321459 1.47184 1.48321 0.506775 1.48976 0.322479 0.549024 1.44338 0.416573 0.400626 0.35031 1.34439 1.34129 0.361764 0.581843 0.375398 0.354964 0.298577 0.572944 0.356817 0.321476 0.323231 0.380172 0.383774 0.260804 0.333303 0.573716 0.317462 0.553746 0.576539 1.31882 0.690702 0.553716 0.319514 0.376421 0.463372
Testing:
Lab Growth Rates:
0.7
Dot Production Prediction of Lab Growth Rates:
0.85729
Best performance so far: 
Obj: 4.67376e-310Rho: 6.5069e-314Diff: 4.67376e-310
Test:
 Lab Growth Rates:
0.7Dot Product Prediction of Growth Rate:
0.8572897