seed =  5 traits =  1 
Training: part  201 
Training: part  201 
Round  1 
 Goal of obj  0.99 
Temperature range:  0.0078125 3.125e-14 
Cycle 1Round 1
Iter 500000 pBad 0.882725 T 0.00210327 Obj 1.10388 Rho 0 GRdif 57.9169 success 147023 failure 7510 obj_new 1.10388 SA_pAcc 1.12298 Delta -0.0600682 SA_r 0.103895 freedomratio 0.37516
Iter 1000000 pBad 0.806418 T 0.000566236 Obj 1.05432 Rho 0 GRdif 30.9979 success 291808 failure 21892 obj_new 1.05432 SA_pAcc 1 Delta 0.0780642 SA_r 0.143193 freedomratio 0.366021
Iter 1500000 pBad 0.768738 T 0.00015244 Obj 1.03191 Rho 0 GRdif 18.4068 success 433359 failure 43146 obj_new 1.03191 SA_pAcc 1.15599 Delta -0.0371894 SA_r 0.401594 freedomratio 0.3723
Iter 2000000 pBad 0.675702 T 4.10396e-05 Obj 1.02172 Rho 0 GRdif 12.5937 success 572382 failure 70421 obj_new 1.02172 SA_pAcc 1 Delta -0.0321353 SA_r 0.638379 freedomratio 0.362176
Iter 2500000 pBad 0.557115 T 1.10486e-05 Obj 1.01511 Rho 0 GRdif 8.78544 success 707981 failure 105351 obj_new 1.01511 SA_pAcc 0.817027 Delta 0.0236588 SA_r 0.426274 freedomratio 0.353651
Iter 3000000 pBad 0.375385 T 2.97447e-06 Obj 1.01127 Rho 0 GRdif 6.56449 success 835227 failure 155577 obj_new 1.01127 SA_pAcc 1 Delta 0.00539634 SA_r 0.575337 freedomratio 0.357753
Iter 3500000 pBad 0.237681 T 8.00778e-07 Obj 1.00917 Rho 0 GRdif 5.35103 success 943279 failure 242900 obj_new 1.00917 SA_pAcc 1 Delta -0.0177251 SA_r 0.854222 freedomratio 0.333144
Iter 4000000 pBad 0.0980512 T 2.15583e-07 Obj 1.00873 Rho 0 GRdif 5.0947 success 1015216 failure 405921 obj_new 1.00873 SA_pAcc 0.398309 Delta -0.00346851 SA_r 0.736993 freedomratio 0.290099
Iter 4500000 pBad 0.0548266 T 5.80388e-08 Obj 1.00851 Rho 0 GRdif 4.96427 success 1057259 failure 642068 obj_new 1.00851 SA_pAcc 1.46425 Delta 0.00128149 SA_r 0.0821886 freedomratio 0.250534
Iter 5000000 pBad 0.0225894 T 1.5625e-08 Obj 1.00844 Rho 0 GRdif 4.92788 success 1080604 failure 934327 obj_new 1.00844 SA_pAcc 5.90437e-164 Delta -0.000884316 SA_r 0.202407 freedomratio 0.225558
Iter 5500000 pBad 0.00947583 T 4.20653e-09 Obj 1.00842 Rho 0 GRdif 4.91264 success 1093050 failure 1265503 obj_new 1.00842 SA_pAcc 1 Delta -7.72391e-05 SA_r 0.748745 freedomratio 0.213713
Iter 6000000 pBad 0.00628094 T 1.13247e-09 Obj 1.00841 Rho 0 GRdif 4.90646 success 1100738 failure 1616405 obj_new 1.00841 SA_pAcc 1.46268e-147 Delta 0.000429053 SA_r 0.417459 freedomratio 0.204395
Iter 6500000 pBad 0.00290382 T 3.04881e-10 Obj 1.0084 Rho 0 GRdif 4.90421 success 1104530 failure 1981107 obj_new 1.0084 SA_pAcc 1 Delta 0.000268347 SA_r 0.83663 freedomratio 0.200685
Iter 7000000 pBad 0.00199977 T 8.20792e-11 Obj 1.0084 Rho 0 GRdif 4.90313 success 1106804 failure 2352309 obj_new 1.0084 SA_pAcc 1 Delta -0.000153957 SA_r 0.778338 freedomratio 0.199117
Iter 7500000 pBad 0.000714694 T 2.20971e-11 Obj 1.0084 Rho 0 GRdif 4.90243 success 1108521 failure 2727292 obj_new 1.0084 SA_pAcc 0 Delta 3.4135e-05 SA_r 0.0729167 freedomratio 0.197107
Iter 8000000 pBad 0.000591765 T 5.94893e-12 Obj 1.0084 Rho 0 GRdif 4.90184 success 1109804 failure 3106071 obj_new 1.0084 SA_pAcc 0 Delta 2.14633e-05 SA_r 0.510448 freedomratio 0.194749
Iter 8500000 pBad 0.000365128 T 1.60156e-12 Obj 1.0084 Rho 0 GRdif 4.90414 success 1111963 failure 3481107 obj_new 1.0084 SA_pAcc 0 Delta -1.71783e-05 SA_r 0.513872 freedomratio 0.185384
Iter 9000000 pBad 3.12231e-05 T 4.31167e-13 Obj 1.0084 Rho 0 GRdif 4.9016 success 1115583 failure 3847389 obj_new 1.0084 SA_pAcc 0 Delta 2.1108e-06 SA_r 0.00340508 freedomratio 0.193976
Iter 9500000 pBad 1.85694e-20 T 1.16078e-13 Obj 1.0084 Rho 0 GRdif 4.90095 success 1118957 failure 4168371 obj_new 1.0084 SA_pAcc 0 Delta 1.83491e-22 SA_r 0.217266 freedomratio 0.180753
Iter 10000000 pBad 9.20491e-121 T 3.12501e-14 Obj 1.0084 Rho 0 GRdif 4.90096 success 1118957 failure 4461104 obj_new 1.0084 SA_pAcc 0 Delta -5.22757e-122 SA_r 0.705225 freedomratio 0.155067
Cannot move further
iter 9.37275e+06 obj1.0084 rho 0 GRdif 4.90095
Training:
Lab Growth Rates:
0.65 1.05 1.345 0.53 0.5 0.11 0.3 0.56 0.52 0.46 1.483 0.55 0.17 0.58 1.483 0.5 0.43 0.19 0.37 1.248 0.23 0.46 0.22 0.47 0.2 1.46 0.377 0.26 0.47 0.52 0.47 0.55 0.47 0.4 0.23 1.483 1.345 1.345 0.45 0.43 0.46 0.42 0.37 1.483 0.55 0.3 0.25 1.43 0.23 0.55 0.59 0.38 0.71 0.51 1.66 0.476 0.636 0.23 0.56 0.33 0.56 0.5 0.53 0.3 0.5 0.6 0.32 0.59 0.54 0.47 0.46 0.54 0.481 0.46 0.53 0.4 0.34 0.43 0.46 0.5 0.636 0.33 0.47 0.58 0.54 0.54 0.47 0.4 0.5 0.4 0.762 0.5 0.4 0.53 0.5 0.5 0.55 0.901 0.54 0.43 0.54 1.483 0.762 0.4 0.59 0.54 1.248 0.1 0.45 0.53 0.54 0.38 0.686 0.5 0.45 0.485 0.4 0.4 0.52 1.05 0.4 0.4 0.45 0.49 0.5 0.901 0.55 0.5 0.1 0.648 0.465 0.59 0.37 0.617 0.22 0.724 0.762 0.36 0.42 0.45 0.46 0.39 0.37 0.42 0.4 0.4 0.4 1.483 0.54 0.648 0.4 0.42 0.31 0.4 0.54 0.6 1.05 1.345 0.65 0.636 0.58 0.53 0.51 0.52 0.39 0.46 0.42 0.54 1.248 0.52 0.55 0.53 0.49 0.32 0.43 0.36 0.5 0.11 0.25 0.5 0.637 0.55 0.71 0.26 0.33 0.54 0.4 0.4 0.59 0.42 0.55 0.19 0.4 0.54 0.4 0.46 0.635 0.51 0.58 0.52 0.52 0.58 0.5 0.3 0.55 0.41 1.248 0.47 1.248 0.58 0.59 0.3 1.345 0.45 0.36 0.3 0.58 0.54 0.47 0.5 0.901 0.3 0.09 0.71 0.45 0.34 0.37 0.54 0.4 0.686 1.05 0.53 1.67 0.4 0.3 0.42 0.56 1.03 0.25 0.4 1.483 0.42 0.476 0.37 0.4 0.377 0.25 0.5 0.25 0.4 0.4 0.46 0.56 0.901 0.1 0.37 0.4 0.5 0.58 0.54 0.58 1.49 0.59 1.345 0.46 0.36 0.45 0.56 0.4 0.41 0.43 0.45 1.345 0.58 0.4 0.39 0.46 0.41 0.42 0.27 0.38 0.5 0.23 0.37 0.54 0.46 0.23 0.37 1.66 0.4 0.7 0.1 0.58 0.637 0.4 0.56 0.39 1.345 0.47 0.58 0.47 0.37 0.65 0.47 0.5 0.4 1.483 0.47 0.43 0.39 0.3 0.6 0.41 0.485 0.7 0.58 0.55 0.56 0.3 0.45 0.485 0.4 0.33 0.4 0.481 0.46 0.56 0.56 0.22 0.5 0.5 0.47 0.56 1.483 0.54 0.33 0.43 0.45 0.27 0.5 0.47 0.37 0.4 0.41 0.46 0.42 1.05 0.31 0.14 0.53 0.23 0.53 0.59 0.48 0.33 0.53 0.48 0.54 0.47 0.54 0.43 0.4 0.34 0.47 0.1 0.48 0.4 0.52 1.345 0.54 0.22 0.27 0.32 0.25 0.55 0.301 0.59 0.56 1.38 0.7 0.31 0.52 0.47 0.45 0.4 0.3 0.14 0.56 0.42 0.4 0.17 0.56 1.35 0.42 1.345 1.67 0.4 0.38 0.43 0.38 0.42 0.56 0.37 0.3 0.43 0.68 0.59 0.635 1.345 1.483 0.46 0.476 0.648 0.4 0.27 0.5 0.54 0.68 0.41 0.5 0.54 0.68 0.635 0.48 0.36 0.4 0.46 0.58 0.09 0.56 0.7 0.19 0.37 0.41 0.22 0.43 0.22 0.48 0.68 0.09 0.33 0.45 0.54 0.54 0.58 0.59 0.1 1.46 0.5 1.42 0.17 0.49 0.59 1.44 0.52 0.58 0.52 0.41 0.54 0.5 0.4 0.42 0.45 0.47 0.4 0.45 0.37 0.485 0.4 1.46 0.4 0.42 0.4 0.4 0.47 0.58 0.58 0.42 0.27 0.53 0.5 0.65 0.36 0.2 0.45 0.481 0.36 0.4 0.45 0.54 0.65 0.4 0.36 0.65 0.53 0.65 0.68 0.33 0.41 0.58 0.22 0.26 0.4 0.47 0.901 0.5 0.27 0.46 0.54 0.11 1.483 0.42 0.52 0.465 0.37 0.65 0.65 1.345 0.2 0.36 0.5 0.4 0.4 0.637 0.25 0.1 0.5 0.377 0.5 0.33 0.39 0.47 0.47 0.37 0.46 0.46 0.59 0.4 0.901 0.3 0.45 0.4 1.43 1.46 0.5 0.56 0.53 1.483 0.4 0.58 0.23 0.47 0.301 0.46 0.45 0.724 0.4 0.58 0.6 0.59 0.4 0.4 0.3 0.53 0.22 0.4 1.4 0.724 0.23 0.762 0.25 0.301 0.5 0.42 0.4 0.4 0.59 0.686 0.59 0.4 0.48 0.465 0.1 0.1 0.56 0.4
Dot Production Prediction of Lab Growth Rates:
0.641999 1.72207 0.975958 0.502974 0.328273 0.335638 0.451507 0.525873 0.403729 0.433326 0.95874 0.55258 0.363816 0.481368 0.956731 0.50984 0.369414 0.350628 0.434831 0.846514 0.521891 0.378529 0.45808 0.444888 0.442181 0.945156 0.452297 0.359866 0.38293 0.39533 0.37588 0.550794 0.401543 0.406189 0.514049 0.902013 0.98544 0.894997 0.426126 0.456773 0.447194 0.58564 0.413173 0.942779 0.54958 0.369868 1.47333 1.32005 0.53561 0.547296 0.550777 0.348999 0.722486 0.414961 1.66 0.454511 0.714631 0.442845 0.475919 0.377938 0.524528 0.472566 0.440269 0.316074 0.531812 0.336398 0.346609 0.538498 0.436422 0.493301 0.539476 0.418041 0.4381 0.46 0.351779 0.39818 0.302196 0.352302 0.301145 0.532548 0.693335 0.329642 0.350363 0.375393 0.305736 0.427298 0.444607 0.402051 0.405971 0.404861 0.766473 0.475864 0.399896 0.359295 0.574912 0.52545 0.418888 0.910645 0.449815 0.413276 0.43362 0.974037 0.755331 0.398294 0.323719 0.35148 0.84974 0.673925 1.44632 0.526358 0.453283 0.367562 0.72168 0.31353 1.46923 0.449231 0.405772 0.405257 0.404462 1.04999 0.431214 0.405225 1.45907 0.385434 0.566379 0.902633 0.425538 0.392188 0.788123 0.711031 0.454833 0.320449 0.434935 0.61277 0.463916 0.71756 0.762024 0.432902 0.324853 0.339882 0.326998 0.343963 0.330591 0.383227 0.404712 0.404297 0.405387 0.960706 0.388192 0.712425 0.404596 0.577785 0.522925 0.399568 0.541192 0.335731 0.995294 0.942201 0.659477 0.718645 0.375357 0.529636 0.423218 0.395296 0.316799 0.459019 0.373199 0.434205 0.860068 0.423523 0.403265 0.292593 0.360706 0.310867 0.438541 0.378467 0.350531 0.378161 0.304503 0.494954 0.696718 0.54551 0.718892 0.552936 0.434077 0.34097 0.399985 0.400976 0.348571 0.376086 0.425605 0.339353 0.406027 0.546426 0.398695 0.459762 0.706828 0.405334 0.484347 0.383315 0.354389 0.467884 0.483448 0.301891 0.55063 0.396793 0.853087 0.350573 0.849711 0.359085 0.549528 0.339705 0.929039 1.44807 0.358149 0.327601 0.328641 0.546524 0.416296 0.536046 0.905551 0.349736 0.445061 0.716658 0.402729 0.304558 0.436991 0.418809 0.402852 0.727368 1.0505 0.529999 1.49314 0.402744 0.307864 0.374875 0.540984 1.3992 0.369145 0.400125 0.932077 0.365134 0.453467 0.443245 0.404942 0.450451 0.38853 0.479532 0.395779 0.358844 0.400063 0.439633 0.469669 0.900346 0.721458 0.5543 0.405865 0.328699 0.33158 0.390849 0.481241 1.51757 0.327684 0.991333 0.461663 0.322888 0.31589 0.534447 0.404674 0.372111 0.442618 1.46469 0.990957 0.395335 0.405583 0.374668 0.475781 0.37666 0.35486 0.395401 0.358069 0.566136 0.526953 0.443533 0.34276 0.546402 0.444185 0.422136 1.66 0.406876 0.643891 1.40206 0.467307 0.698196 0.400005 0.537362 0.306515 0.998706 0.434333 0.481649 0.388455 0.434742 0.662013 0.367053 0.472517 0.403768 0.910933 0.365886 0.454739 0.320946 0.27654 0.347609 0.429485 0.435427 0.648524 0.323572 0.412938 0.552017 0.359303 0.373152 0.432503 0.401079 0.357462 0.406016 0.440609 0.507609 0.469787 0.540584 0.390323 0.382005 0.323752 0.375111 0.474646 0.958238 0.543111 0.406793 0.388848 0.426954 0.316771 0.570723 0.448825 0.393959 0.400965 0.370078 0.309106 0.347237 1.05166 0.533582 0.14006 0.521828 0.445311 0.358586 0.5498 0.33693 0.327779 0.398005 0.30847 0.419858 0.419756 0.341676 0.430702 0.404417 0.332998 0.367632 0.406225 0.348025 0.399528 0.399537 0.999488 0.533019 0.45658 0.369539 0.320054 0.557617 0.41383 0.438256 0.379116 0.470899 1.32018 0.649443 0.526154 0.385193 0.455425 1.51757 0.406178 0.414298 0.138645 0.551059 0.365633 0.404638 0.343858 0.539169 1.16365 0.358374 0.921836 1.46888 0.406085 0.342739 0.401214 0.372385 0.375285 0.54182 0.432527 0.325846 0.374493 0.61976 0.545224 0.708756 0.971952 0.963724 0.460482 0.454987 0.703373 0.396947 0.412438 0.362288 0.523413 0.62132 0.440782 0.524741 0.424046 0.623878 0.710454 0.343532 0.336328 0.403774 0.413357 0.475343 0.338524 0.54335 0.648733 0.338294 0.441017 0.438738 0.351888 0.425808 0.442517 0.365064 0.619908 0.37765 0.468814 0.380122 0.542743 0.374487 0.362364 0.398046 0.617733 1.63481 0.341599 1.51613 0.441574 0.35897 0.551839 1.54226 0.360131 0.473803 0.352767 0.325199 0.40671 0.581912 0.370631 0.315431 0.381527 0.351669 0.407742 0.356346 0.464649 0.450525 0.400973 1.002 0.40725 0.587746 0.406517 0.402903 0.352503 0.315297 0.473401 0.389872 0.364936 0.397919 0.470999 0.630749 0.368145 0.390692 0.413803 0.443559 0.361151 0.404142 1.51173 0.346851 0.656013 0.399574 0.328515 0.65399 0.530733 0.649972 0.6199 0.513576 0.354452 0.4731 0.463183 0.465918 0.399228 0.40064 0.966189 0.523797 0.593615 0.477284 0.454791 0.386249 0.971006 0.406474 0.385579 0.451845 0.444573 0.63867 0.649458 1.01265 0.44342 0.410752 0.526927 0.398334 0.405509 0.701487 0.526137 0.626643 0.551646 0.445794 0.35281 0.379705 0.345848 0.436695 0.495564 0.39872 0.360651 0.38053 0.362299 0.406302 0.762049 0.324835 0.328268 0.404581 1.30739 0.999528 0.588462 0.553776 0.548051 0.912443 0.405375 0.474394 0.528328 0.470099 0.435999 0.446805 0.339746 0.722024 0.397598 0.473801 0.333698 0.540518 0.40273 0.400121 0.300482 0.537222 0.465939 0.398675 1.48458 0.721542 0.537799 0.767275 0.697927 0.442875 0.340119 0.354765 0.399286 0.405131 0.313045 0.727013 0.365378 0.403317 0.334365 0.450858 0.466881 0.469374 0.474589 0.407082
Testing:
Lab Growth Rates:
0.48 0.48 0.48
Dot Production Prediction of Lab Growth Rates:
0.326604 0.329715 0.301321
Best performance so far: 
Obj: 4.6618e-310Rho: 2.26291e-314Diff: 4.6618e-310
Anneal again with the best G and E so far as input
Cycle 2Round 1
Iter 500000 pBad 0.852873 T 0.00210327 Obj 1.06522 Rho 0 GRdif 37.0259 success 110844 failure 8402 obj_new 1.06522 SA_pAcc 1.13658 Delta -0.0509847 SA_r 0.932572 freedomratio 0.264679
Iter 1000000 pBad 0.754277 T 0.000566236 Obj 1.03843 Rho 0 GRdif 22.098 success 218205 failure 23462 obj_new 1.03843 SA_pAcc 1 Delta 0.0699793 SA_r 0.152402 freedomratio 0.259982
Iter 1500000 pBad 0.730515 T 0.00015244 Obj 1.03063 Rho 0 GRdif 17.6816 success 323103 failure 44944 obj_new 1.03063 SA_pAcc 1.01919 Delta 0.0633777 SA_r 0.270808 freedomratio 0.26278
Iter 2000000 pBad 0.671316 T 4.10396e-05 Obj 1.0266 Rho 0 GRdif 15.4199 success 426313 failure 70972 obj_new 1.02666 SA_pAcc 0.217611 Delta -0.0645399 SA_r 0.27201 freedomratio 0.259522
Iter 2500000 pBad 0.556145 T 1.10486e-05 Obj 1.02078 Rho 0 GRdif 12.053 success 527125 failure 102639 obj_new 1.02078 SA_pAcc 1 Delta -0.0547279 SA_r 0.259861 freedomratio 0.254783
Iter 3000000 pBad 0.335448 T 2.97447e-06 Obj 1.01646 Rho 0 GRdif 9.56633 success 619696 failure 152594 obj_new 1.01646 SA_pAcc 1 Delta -0.0152938 SA_r 0.60276 freedomratio 0.248832
Iter 3500000 pBad 0.244562 T 8.00778e-07 Obj 1.01147 Rho 0 GRdif 6.68891 success 696791 failure 241556 obj_new 1.01148 SA_pAcc 9.1942e-05 Delta -0.0185077 SA_r 0.351973 freedomratio 0.238599
Iter 4000000 pBad 0.129891 T 2.15583e-07 Obj 1.00988 Rho 0 GRdif 5.75852 success 763260 failure 355047 obj_new 1.00988 SA_pAcc 1 Delta 0.00620933 SA_r 0.570229 freedomratio 0.224263
Iter 4500000 pBad 0.0877571 T 5.80388e-08 Obj 1.00928 Rho 0 GRdif 5.41552 success 810531 failure 523874 obj_new 1.00928 SA_pAcc 1 Delta -0.00769825 SA_r 0.472462 freedomratio 0.198107
Iter 5000000 pBad 0.0370599 T 1.5625e-08 Obj 1.00896 Rho 0 GRdif 5.24388 success 842075 failure 754101 obj_new 1.00899 SA_pAcc 0 Delta -0.000570658 SA_r 0.757243 freedomratio 0.173578
Iter 5500000 pBad 0.0153348 T 4.20653e-09 Obj 1.00882 Rho 0 GRdif 5.14504 success 862124 failure 1040129 obj_new 1.00882 SA_pAcc 1.52662e-119 Delta -0.00142058 SA_r 0.143915 freedomratio 0.156894
Iter 6000000 pBad 0.0084249 T 1.13247e-09 Obj 1.00877 Rho 0 GRdif 5.13146 success 874009 failure 1364247 obj_new 1.0088 SA_pAcc 0 Delta 0.000726544 SA_r 0.512677 freedomratio 0.151304
Iter 6500000 pBad 0.00391963 T 3.04881e-10 Obj 1.00875 Rho 0 GRdif 5.14032 success 883663 failure 1709865 obj_new 1.00881 SA_pAcc 0 Delta 0.000322893 SA_r 0.0664238 freedomratio 0.144656
Iter 7000000 pBad 0.00315133 T 8.20792e-11 Obj 1.00874 Rho 0 GRdif 5.09916 success 890248 failure 2072497 obj_new 1.00874 SA_pAcc 2.32526e-80 Delta 0.000255195 SA_r 0.641727 freedomratio 0.142026
Iter 7500000 pBad 0.00368838 T 2.20971e-11 Obj 1.00874 Rho 0 GRdif 5.09756 success 895524 failure 2447780 obj_new 1.00874 SA_pAcc 0 Delta -0.000164076 SA_r 0.531142 freedomratio 0.13811
Iter 8000000 pBad 0.000286995 T 5.94893e-12 Obj 1.00873 Rho 0 GRdif 5.09465 success 901825 failure 2831166 obj_new 1.00873 SA_pAcc 1 Delta 5.07864e-06 SA_r 0.113952 freedomratio 0.136279
Iter 8500000 pBad 0.000241938 T 1.60156e-12 Obj 1.00873 Rho 0 GRdif 5.09756 success 907386 failure 3220695 obj_new 1.00874 SA_pAcc 0 Delta 7.268e-06 SA_r 0.830289 freedomratio 0.134435
Iter 9000000 pBad 0.000180144 T 4.31167e-13 Obj 1.00873 Rho 0 GRdif 5.09326 success 913407 failure 3612497 obj_new 1.00873 SA_pAcc 0 Delta -1.25264e-05 SA_r 0.134658 freedomratio 0.133121
Iter 9500000 pBad 3.92528e-46 T 1.16078e-13 Obj 1.00873 Rho 0 GRdif 5.09297 success 916931 failure 3966876 obj_new 1.00873 SA_pAcc 1 Delta 3.87475e-47 SA_r 0.0277985 freedomratio 0.130367
Good enough
iter 9.20887e+06 obj1.00873 rho 0 GRdif 5.09297
Training:
Lab Growth Rates:
0.65 1.05 1.345 0.53 0.5 0.11 0.3 0.56 0.52 0.46 1.483 0.55 0.17 0.58 1.483 0.5 0.43 0.19 0.37 1.248 0.23 0.46 0.22 0.47 0.2 1.46 0.377 0.26 0.47 0.52 0.47 0.55 0.47 0.4 0.23 1.483 1.345 1.345 0.45 0.43 0.46 0.42 0.37 1.483 0.55 0.3 0.25 1.43 0.23 0.55 0.59 0.38 0.71 0.51 1.66 0.476 0.636 0.23 0.56 0.33 0.56 0.5 0.53 0.3 0.5 0.6 0.32 0.59 0.54 0.47 0.46 0.54 0.481 0.46 0.53 0.4 0.34 0.43 0.46 0.5 0.636 0.33 0.47 0.58 0.54 0.54 0.47 0.4 0.5 0.4 0.762 0.5 0.4 0.53 0.5 0.5 0.55 0.901 0.54 0.43 0.54 1.483 0.762 0.4 0.59 0.54 1.248 0.1 0.45 0.53 0.54 0.38 0.686 0.5 0.45 0.485 0.4 0.4 0.52 1.05 0.4 0.4 0.45 0.49 0.5 0.901 0.55 0.5 0.1 0.648 0.465 0.59 0.37 0.617 0.22 0.724 0.762 0.36 0.42 0.45 0.46 0.39 0.37 0.42 0.4 0.4 0.4 1.483 0.54 0.648 0.4 0.42 0.31 0.4 0.54 0.6 1.05 1.345 0.65 0.636 0.58 0.53 0.51 0.52 0.39 0.46 0.42 0.54 1.248 0.52 0.55 0.53 0.49 0.32 0.43 0.36 0.5 0.11 0.25 0.5 0.637 0.55 0.71 0.26 0.33 0.54 0.4 0.4 0.59 0.42 0.55 0.19 0.4 0.54 0.4 0.46 0.635 0.51 0.58 0.52 0.52 0.58 0.5 0.3 0.55 0.41 1.248 0.47 1.248 0.58 0.59 0.3 1.345 0.45 0.36 0.3 0.58 0.54 0.47 0.5 0.901 0.3 0.09 0.71 0.45 0.34 0.37 0.54 0.4 0.686 1.05 0.53 1.67 0.4 0.3 0.42 0.56 1.03 0.25 0.4 1.483 0.42 0.476 0.37 0.4 0.377 0.25 0.5 0.25 0.4 0.4 0.46 0.56 0.901 0.1 0.37 0.4 0.5 0.58 0.54 0.58 1.49 0.59 1.345 0.46 0.36 0.45 0.56 0.4 0.41 0.43 0.45 1.345 0.58 0.4 0.39 0.46 0.41 0.42 0.27 0.38 0.5 0.23 0.37 0.54 0.46 0.23 0.37 1.66 0.4 0.7 0.1 0.58 0.637 0.4 0.56 0.39 1.345 0.47 0.58 0.47 0.37 0.65 0.47 0.5 0.4 1.483 0.47 0.43 0.39 0.3 0.6 0.41 0.485 0.7 0.58 0.55 0.56 0.3 0.45 0.485 0.4 0.33 0.4 0.481 0.46 0.56 0.56 0.22 0.5 0.5 0.47 0.56 1.483 0.54 0.33 0.43 0.45 0.27 0.5 0.47 0.37 0.4 0.41 0.46 0.42 1.05 0.31 0.14 0.53 0.23 0.53 0.59 0.48 0.33 0.53 0.48 0.54 0.47 0.54 0.43 0.4 0.34 0.47 0.1 0.48 0.4 0.52 1.345 0.54 0.22 0.27 0.32 0.25 0.55 0.301 0.59 0.56 1.38 0.7 0.31 0.52 0.47 0.45 0.4 0.3 0.14 0.56 0.42 0.4 0.17 0.56 1.35 0.42 1.345 1.67 0.4 0.38 0.43 0.38 0.42 0.56 0.37 0.3 0.43 0.68 0.59 0.635 1.345 1.483 0.46 0.476 0.648 0.4 0.27 0.5 0.54 0.68 0.41 0.5 0.54 0.68 0.635 0.48 0.36 0.4 0.46 0.58 0.09 0.56 0.7 0.19 0.37 0.41 0.22 0.43 0.22 0.48 0.68 0.09 0.33 0.45 0.54 0.54 0.58 0.59 0.1 1.46 0.5 1.42 0.17 0.49 0.59 1.44 0.52 0.58 0.52 0.41 0.54 0.5 0.4 0.42 0.45 0.47 0.4 0.45 0.37 0.485 0.4 1.46 0.4 0.42 0.4 0.4 0.47 0.58 0.58 0.42 0.27 0.53 0.5 0.65 0.36 0.2 0.45 0.481 0.36 0.4 0.45 0.54 0.65 0.4 0.36 0.65 0.53 0.65 0.68 0.33 0.41 0.58 0.22 0.26 0.4 0.47 0.901 0.5 0.27 0.46 0.54 0.11 1.483 0.42 0.52 0.465 0.37 0.65 0.65 1.345 0.2 0.36 0.5 0.4 0.4 0.637 0.25 0.1 0.5 0.377 0.5 0.33 0.39 0.47 0.47 0.37 0.46 0.46 0.59 0.4 0.901 0.3 0.45 0.4 1.43 1.46 0.5 0.56 0.53 1.483 0.4 0.58 0.23 0.47 0.301 0.46 0.45 0.724 0.4 0.58 0.6 0.59 0.4 0.4 0.3 0.53 0.22 0.4 1.4 0.724 0.23 0.762 0.25 0.301 0.5 0.42 0.4 0.4 0.59 0.686 0.59 0.4 0.48 0.465 0.1 0.1 0.56 0.4
Dot Production Prediction of Lab Growth Rates:
0.642931 1.43515 1.32976 0.495298 0.314601 0.330081 0.407317 0.547254 0.419175 0.439626 1.31615 0.5482 0.30726 0.474024 1.3665 0.823545 0.382005 0.297203 0.429406 0.827729 0.553314 0.381716 0.474893 0.420733 0.416407 1.0453 0.525476 0.361348 0.397316 0.352129 0.389342 0.550411 0.418183 0.402577 0.5491 1.33831 1.35569 1.33729 0.418493 0.481912 0.498845 0.650352 0.419629 1.35859 0.553615 0.297817 1.36394 1.26091 0.545277 0.553153 0.548256 0.271947 0.674678 0.433476 1.46015 0.526508 0.667567 0.442732 0.462808 0.362537 0.546399 0.479262 0.475486 0.537217 0.535927 0.602544 0.351903 0.549925 0.464263 0.48421 0.563614 0.442677 0.522841 0.467252 0.380178 0.399853 0.312666 0.360909 0.275124 0.556875 0.666927 0.304939 0.360889 0.374176 0.280884 0.389462 0.422858 0.389486 0.445039 0.40064 0.763935 0.471449 0.386833 0.331184 0.915883 0.808885 0.477463 0.904426 0.460236 0.353326 0.461275 1.36658 0.757889 0.387048 0.33712 0.324322 0.829739 1.73357 1.34418 0.532528 0.465464 0.37495 0.67057 0.303651 1.35226 0.523766 0.398893 0.399333 0.417804 1.05953 0.38252 0.399816 1.3334 0.414723 0.906593 0.904364 0.477544 0.406501 1.79758 0.660108 0.528335 0.312415 0.424872 0.798721 0.480199 0.668237 0.763128 0.476387 0.296874 0.275384 0.32412 0.332077 0.267892 0.343532 0.396375 0.395691 0.396835 1.32217 0.408628 0.660323 0.396669 0.625205 0.617584 0.385167 0.537159 0.602567 1.03564 1.35023 0.673082 0.672201 0.397561 0.526067 0.448343 0.386797 0.322993 0.458966 0.322298 0.453618 0.837939 0.354225 0.464895 0.25252 0.398929 0.290363 0.410185 0.362789 0.362932 0.389781 0.290465 0.788443 0.656302 0.551619 0.668355 0.610962 0.497054 0.3819 0.402365 0.403945 0.33078 0.328705 0.474791 0.285711 0.400993 0.553012 0.382872 0.460003 0.661803 0.415742 0.471657 0.376715 0.343771 0.473487 0.475658 0.300003 0.550011 0.405376 0.829498 0.356394 0.830134 0.359427 0.546955 0.620436 1.34484 1.33624 0.365142 0.590248 0.354976 0.538819 0.429421 0.535782 0.901018 0.64104 0.492628 0.666044 0.427002 0.308176 0.428632 0.388742 0.400923 0.672427 1.05861 0.521312 1.38297 0.395005 0.307893 0.306147 0.545037 1.28749 0.337366 0.399415 1.3414 0.333806 0.525763 0.427307 0.398102 0.52558 0.343033 0.483505 0.347302 0.287647 0.402564 0.416124 0.474038 0.900955 1.12464 0.600651 0.4017 0.318399 0.375093 0.387953 0.472429 1.41108 0.297858 1.34407 0.456933 0.328646 0.346001 0.54857 0.393572 0.41108 0.413228 1.33453 1.34546 0.438422 0.39865 0.370346 0.464004 0.361014 0.336315 0.373573 0.291273 0.884905 0.545093 0.428376 0.329636 0.592907 0.442264 0.455165 1.48947 0.39966 0.770056 1.28628 0.473744 0.65818 0.387209 0.542054 0.284535 1.34699 0.38571 0.468716 0.361876 0.425658 0.655361 0.376618 0.47271 0.396409 1.33723 0.369396 0.437396 0.306978 0.457881 0.638756 0.523862 0.520528 0.7739 0.307728 0.47272 0.544078 0.636468 0.301913 0.519576 0.391581 0.318998 0.399805 0.52168 0.567556 0.479456 0.548642 0.420416 0.40633 0.319769 0.345168 0.465035 1.30447 0.536786 0.360374 0.373069 0.365251 0.27001 0.940241 0.425458 0.389247 0.389978 0.396322 0.290694 0.299235 1.05001 0.621693 0.342414 0.53917 0.442685 0.350953 0.54243 0.318372 0.306779 0.433468 0.292559 0.368501 0.370691 0.292669 0.388477 0.40016 0.340008 0.313393 0.365903 0.306458 0.381251 0.406334 1.34036 0.55163 0.473203 0.368385 0.315911 0.564483 0.474716 0.536968 0.387823 0.477831 1.25995 0.77008 0.645518 0.37543 0.433552 1.41108 0.398576 0.351314 0.341925 0.549218 0.323279 0.397897 0.287092 0.529839 1.14235 0.286954 1.34727 1.37145 0.399983 0.301183 0.372809 0.380628 0.323809 0.529694 0.42215 0.582261 0.373293 0.331852 0.549821 0.66542 1.38825 1.31274 0.449196 0.528987 0.653136 0.39502 0.382277 0.376916 0.546307 0.33107 0.529724 0.815648 0.364557 0.333362 0.667302 0.331377 0.348642 0.397787 0.416384 0.470469 0.341253 0.545068 0.769487 0.283781 0.431666 0.529281 0.376352 0.435777 0.502257 0.38312 0.335007 0.36928 0.563585 0.401999 0.534062 0.380294 0.39299 0.407662 1.56007 1.44039 0.331215 1.42297 0.488523 0.38095 0.545675 1.39016 0.31395 0.452772 0.352016 0.310894 0.417494 0.935577 0.313358 0.294637 0.37026 0.351778 0.403506 0.365422 0.501627 0.5272 0.39133 1.0323 0.400464 0.643929 0.400663 0.393997 0.300881 0.282252 0.460144 0.419566 0.321547 0.426994 0.475997 0.625693 0.316274 0.341865 0.424858 0.522761 0.359853 0.394496 1.37632 0.382701 0.672894 0.38992 0.314481 0.651092 0.527575 0.644957 0.333973 0.575827 0.327013 0.46201 0.475934 0.476695 0.395136 0.411337 0.930704 0.54827 0.629475 0.462616 0.470879 0.404686 1.32615 0.349004 0.368845 0.526585 0.429794 0.64993 0.646621 1.38517 0.399015 0.441157 0.837592 0.396414 0.399154 0.660436 0.530021 1.5421 0.541408 0.528164 0.317231 0.373334 0.322299 0.429355 0.482324 0.390098 0.350954 0.388354 0.314972 0.39999 0.791679 0.574249 0.355743 0.396612 1.26704 1.04562 0.963746 0.550665 0.570351 1.33507 0.403901 0.477407 0.545852 0.49557 0.537201 0.438146 0.311167 0.672683 0.400036 0.46102 0.606832 0.549864 0.391098 0.404117 0.298034 0.547362 0.47845 0.399914 1.39999 0.671936 0.548862 0.762392 1.10832 0.537974 0.33573 0.340766 0.397473 0.396255 0.306117 0.670653 0.334994 0.394075 0.335396 0.525305 0.455513 0.441549 0.464752 0.397573
Testing:
Lab Growth Rates:
0.48 0.48 0.48
Dot Production Prediction of Lab Growth Rates:
0.284952 0.262128 0.273079
Best performance so far: 
Obj: 4.6618e-310Rho: 2.122e-314Diff: 4.6618e-310
Test:
 Lab Growth Rates:
0.48 0.48 0.48Dot Product Prediction of Growth Rate:
0.2849519 0.2621285 0.2730785