seed =  5 traits =  1 
Training: part  210 
Training: part  210 
Round  1 
 Goal of obj  0.99 
Temperature range:  0.0078125 1.5625e-14 
Cycle 1Round 1
Iter 500000 pBad 0.866568 T 0.00203162 Obj 1.1135 Rho 0 GRdif 63.0941 success 147085 failure 8630 obj_new 1.11368 SA_pAcc 0.914868 Delta 0.0596447 SA_r 0.931439 freedomratio 0.364428
Iter 1000000 pBad 0.799668 T 0.000528317 Obj 1.04198 Rho 0 GRdif 24.0994 success 290369 failure 26304 obj_new 1.04198 SA_pAcc 1 Delta -0.0588418 SA_r 0.862436 freedomratio 0.362176
Iter 1500000 pBad 0.707471 T 0.000137387 Obj 1.02689 Rho 0 GRdif 15.5507 success 430262 failure 51575 obj_new 1.02689 SA_pAcc 0.943609 Delta 0.013111 SA_r 0.0913386 freedomratio 0.364655
Iter 2000000 pBad 0.619376 T 3.57271e-05 Obj 1.02141 Rho 0 GRdif 12.4122 success 567240 failure 83220 obj_new 1.02141 SA_pAcc 1 Delta -0.0199941 SA_r 0.522406 freedomratio 0.369949
Iter 2500000 pBad 0.441799 T 9.29071e-06 Obj 1.01698 Rho 0 GRdif 9.86595 success 700530 failure 120374 obj_new 1.01698 SA_pAcc 1.07349 Delta 0.0260679 SA_r 0.825505 freedomratio 0.35973
Iter 3000000 pBad 0.320239 T 2.41602e-06 Obj 1.01244 Rho 0 GRdif 7.24655 success 814999 failure 193978 obj_new 1.01244 SA_pAcc 0.781589 Delta 0.0228834 SA_r 0.992515 freedomratio 0.345927
Iter 3500000 pBad 0.186385 T 6.28278e-07 Obj 1.0098 Rho 0 GRdif 5.71368 success 910362 failure 309189 obj_new 1.0098 SA_pAcc 1 Delta 0.0159874 SA_r 0.798039 freedomratio 0.317271
Iter 4000000 pBad 0.0940047 T 1.63382e-07 Obj 1.00881 Rho 0 GRdif 5.14238 success 980385 failure 479218 obj_new 1.00881 SA_pAcc 2.66468e-12 Delta 0.00470399 SA_r 0.324073 freedomratio 0.284604
Iter 4500000 pBad 0.0544849 T 4.24869e-08 Obj 1.00845 Rho 0 GRdif 4.93076 success 1020741 failure 721397 obj_new 1.00845 SA_pAcc 0.00972518 Delta 0.00498163 SA_r 0.54415 freedomratio 0.252913
Iter 5000000 pBad 0.0221081 T 1.10486e-08 Obj 1.00829 Rho 0 GRdif 4.8374 success 1043199 failure 1018441 obj_new 1.00829 SA_pAcc 2.87696e-112 Delta -0.00121676 SA_r 0.587576 freedomratio 0.225558
Iter 5500000 pBad 0.0125057 T 2.87315e-09 Obj 1.00825 Rho 0 GRdif 4.81257 success 1056570 failure 1351611 obj_new 1.00825 SA_pAcc 2.06022e-08 Delta 0.000918267 SA_r 0.513716 freedomratio 0.209435
Iter 6000000 pBad 0.0037226 T 7.47152e-10 Obj 1.00823 Rho 0 GRdif 4.8039 success 1064329 failure 1711198 obj_new 1.00823 SA_pAcc 1.26476e-82 Delta 5.80342e-05 SA_r 0.208291 freedomratio 0.195659
Iter 6500000 pBad 0.00243847 T 1.94295e-10 Obj 1.00823 Rho 0 GRdif 4.84467 success 1068411 failure 2088175 obj_new 1.0083 SA_pAcc 0 Delta -7.89537e-05 SA_r 0.241475 freedomratio 0.191316
Iter 7000000 pBad 0.00122185 T 5.05257e-11 Obj 1.00822 Rho 0 GRdif 4.79949 success 1071549 failure 2472441 obj_new 1.00822 SA_pAcc 3.49762e-08 Delta 1.89806e-05 SA_r 0.0503286 freedomratio 0.185914
Iter 7500000 pBad 0.00025635 T 1.3139e-11 Obj 1.00822 Rho 0 GRdif 4.79863 success 1073619 failure 2867277 obj_new 1.00822 SA_pAcc 1 Delta 1.98883e-05 SA_r 0.981121 freedomratio 0.18092
Iter 8000000 pBad 0.000902666 T 3.41677e-12 Obj 1.00822 Rho 0 GRdif 4.79816 success 1075996 failure 3269470 obj_new 1.00822 SA_pAcc 1 Delta 1.00615e-05 SA_r 0.893752 freedomratio 0.176082
Iter 8500000 pBad 0.000385268 T 8.88519e-13 Obj 1.00822 Rho 0 GRdif 4.79781 success 1080943 failure 3669938 obj_new 1.00822 SA_pAcc 1 Delta -3.20123e-05 SA_r 0.527031 freedomratio 0.167572
Iter 9000000 pBad 4.47884e-22 T 2.31057e-13 Obj 1.00822 Rho 0 GRdif 4.79775 success 1082397 failure 4027566 obj_new 1.00822 SA_pAcc 0 Delta 2.72874e-23 SA_r 0.806976 freedomratio 0.16433
Iter 9500000 pBad 4.06975e-207 T 6.00855e-14 Obj 1.00822 Rho 0 GRdif 4.81021 success 1082397 failure 4366752 obj_new 1.00824 SA_pAcc 0 Delta -1.08544e-208 SA_r 0.224895 freedomratio 0.159369
Iter 10000000 pBad 0 T 1.5625e-14 Obj 1.00822 Rho 0 GRdif 4.79775 success 1082397 failure 4718500 obj_new 1.00822 SA_pAcc 1 Delta -0 SA_r 0.250827 freedomratio 0.0923707
Cannot move further
iter 8.7378e+06 obj1.00822 rho 0 GRdif 4.79775
Training:
Lab Growth Rates:
0.4 0.48 0.45 0.59 0.377 0.27 0.54 1.43 0.38 0.4 0.42 0.38 0.56 0.56 0.33 0.41 0.23 0.45 0.55 1.345 0.4 0.39 0.4 1.483 0.37 0.52 0.52 0.1 0.25 0.68 0.58 0.46 0.09 0.56 1.05 0.46 0.46 0.5 0.26 0.5 0.19 0.43 0.637 0.762 0.54 0.5 0.4 0.52 0.1 0.46 0.4 0.54 0.53 0.56 0.45 0.55 0.4 0.41 1.248 0.53 0.27 0.55 0.52 0.23 0.46 1.67 0.53 0.47 0.3 0.724 0.53 0.56 0.7 0.32 0.47 0.54 0.59 0.46 0.5 0.636 0.3 0.5 0.686 0.43 0.47 0.45 0.53 0.59 0.43 1.248 0.58 0.45 0.42 0.52 0.37 0.22 0.5 0.53 0.901 0.4 0.49 0.37 0.43 0.5 0.648 0.5 0.6 0.45 0.6 0.4 0.1 0.53 0.37 0.4 0.1 0.36 0.36 1.345 0.65 0.56 0.55 0.59 0.54 0.43 0.68 0.33 0.42 0.48 0.38 0.27 0.37 0.45 0.5 1.248 0.3 1.483 0.4 0.1 0.39 1.248 0.36 0.54 1.483 1.44 0.56 0.36 0.7 0.54 0.52 0.65 0.4 0.5 0.55 0.3 0.58 0.4 0.5 1.483 0.25 0.465 0.59 1.05 0.42 0.47 0.37 1.345 0.52 0.56 0.3 0.481 0.4 0.39 0.55 0.46 0.54 0.46 0.31 0.47 0.5 0.686 0.11 1.483 0.4 0.43 0.58 0.5 0.54 0.5 0.41 0.54 0.22 0.58 0.33 0.481 0.39 0.485 0.47 0.5 0.25 0.65 1.49 0.42 0.47 0.5 0.47 0.42 0.56 0.54 0.6 0.22 0.54 0.22 0.42 0.22 0.4 0.45 0.42 0.23 0.19 1.05 0.37 0.49 0.46 0.26 0.42 0.37 0.53 0.09 0.4 0.47 0.648 0.901 0.465 0.48 0.5 0.5 0.4 0.48 0.42 0.4 0.37 0.23 0.3 0.56 0.53 1.46 0.2 0.22 1.345 0.1 0.45 0.54 0.52 0.43 0.4 0.635 1.46 0.47 0.14 0.5 0.4 0.46 1.42 0.4 0.4 0.31 0.4 0.42 0.45 0.53 1.38 0.45 0.485 0.59 0.58 0.5 0.47 1.483 0.5 0.46 0.4 0.38 0.51 0.54 0.54 1.345 0.42 0.724 0.42 0.65 0.43 0.7 0.47 0.3 0.4 0.47 0.25 0.2 0.59 0.485 0.301 0.59 0.36 0.5 0.11 0.4 0.4 0.25 0.45 0.45 0.49 0.762 0.762 0.54 0.34 0.4 0.4 0.33 0.46 1.67 0.4 0.901 1.483 1.345 0.34 0.45 0.65 0.33 0.724 0.31 0.58 0.637 0.901 0.41 0.47 0.54 0.17 0.4 0.53 0.55 0.41 0.37 0.55 1.05 1.05 0.58 0.17 0.68 0.68 0.32 0.33 0.59 0.34 0.377 0.27 0.4 0.47 0.36 0.4 0.59 0.46 0.4 0.65 0.4 0.7 0.377 0.476 0.3 0.59 0.56 0.58 0.52 0.617 0.54 0.37 0.71 0.5 0.58 0.4 0.47 0.36 0.53 0.301 0.58 0.59 0.1 0.481 0.42 0.45 0.37 0.41 0.47 0.4 1.66 0.33 0.58 0.4 0.301 0.4 0.23 1.345 0.48 0.27 0.58 0.53 0.3 0.465 0.43 0.56 0.55 0.54 0.762 0.52 0.476 0.476 1.35 0.4 0.42 0.4 0.46 0.39 0.38 0.5 0.4 0.4 0.14 0.37 0.51 0.4 0.23 0.56 0.59 0.59 0.54 0.5 0.4 1.345 0.48 0.4 0.4 0.68 0.54 0.65 0.25 0.5 0.65 0.53 0.5 0.47 0.3 1.483 0.5 0.43 0.51 0.47 0.4 0.46 0.48 0.32 0.4 1.46 0.42 0.54 0.25 0.59 0.55 0.3 0.11 0.58 0.4 0.41 0.4 0.37 0.4 1.4 0.5 0.4 1.46 0.6 0.56 0.43 0.54 0.65 0.4 0.54 0.901 0.635 0.46 0.56 0.43 0.648 0.52 0.3 0.55 0.58 0.5 0.33 0.39 0.637 0.48 0.53 0.22 0.686 0.636 0.22 0.4 1.483 0.09 0.47 0.36 0.58 1.248 0.3 0.23 0.47 0.42 0.46 0.37 0.5 0.46 0.56 0.25 1.345 0.59 0.45 0.47 0.4 1.03 0.45 0.485 0.4 0.56 0.48 0.45 0.42 1.345 0.901 0.5 0.41 0.54 0.4 0.47 0.54 0.33 0.4 0.54 0.636 0.46 0.71 0.46 0.47 0.52 0.41 0.4 0.4 0.1 0.27 1.66 1.345 1.483 0.3 0.23 1.483 0.55 0.17 0.56 0.37 1.43 0.71 0.23 0.4 0.54 0.2 0.36 0.635 0.58 0.26 0.45 0.19 1.483 0.1 0.5 1.345 0.46 0.58 0.5
Dot Production Prediction of Lab Growth Rates:
0.398412 0.360082 1.53615 0.376521 0.484677 0.617565 0.376958 1.34838 0.33413 0.403228 0.312768 0.37249 0.54373 0.527316 0.488491 0.308119 0.53456 0.375972 0.447287 1.14412 0.401037 0.286081 0.400277 1.08933 0.427865 0.399694 0.366598 0.467804 0.361663 0.344442 0.481499 0.282414 0.451884 0.542622 1.57588 0.457927 0.335691 0.340353 0.380167 0.414699 0.339816 0.440675 0.684913 0.925855 0.549636 0.365331 0.395104 0.350252 0.458411 0.451914 0.39704 0.351446 0.530754 0.537973 1.4191 0.558388 0.400055 0.354819 0.939343 0.529577 0.389135 0.443346 0.369461 0.531427 0.525243 1.4703 0.540933 0.373934 0.581901 0.70074 0.274077 0.541231 0.703481 0.32018 0.356586 0.38882 0.324919 0.373939 0.475749 0.681951 0.538254 0.386455 0.700741 0.366042 0.369042 0.363399 0.543018 0.550335 0.428746 0.940072 0.473881 0.377419 0.326536 0.398905 0.407844 0.470376 0.332042 0.527725 0.919991 0.405614 0.362035 0.400148 0.446809 0.548198 0.691549 0.688133 0.55581 1.45525 0.545677 0.400892 1.11617 0.335999 0.427501 0.394966 1.23889 0.421868 0.348633 1.12185 0.64949 0.478684 0.438842 0.347038 0.354689 0.37891 0.343155 0.323805 0.355234 0.290433 0.335049 0.342886 0.446891 0.394847 0.59266 0.947818 0.579866 1.1033 0.395649 1.43442 0.296048 0.937808 0.407513 0.542006 1.06634 1.51101 0.474303 0.360176 0.706736 0.359942 0.386783 0.621983 0.389088 0.476763 0.428535 0.530911 0.317808 0.403027 0.311188 1.08831 1.46954 0.489926 0.328067 1.05034 0.36557 0.354864 0.419592 1.07841 0.395706 0.542022 0.437744 0.478919 0.401779 0.32347 0.555176 0.465642 0.430886 0.409803 0.579785 0.355992 0.606962 0.700621 0.385342 1.11181 0.399304 0.371225 0.38786 0.538037 0.385963 0.656369 0.380338 0.459663 0.465493 0.470573 0.368074 0.480892 0.346762 0.483784 0.488976 0.334532 0.31676 0.649998 1.53615 0.344664 0.407002 0.53157 0.431892 0.596055 0.474375 0.539032 0.583027 0.443318 0.429556 0.357017 0.355199 0.473586 0.401512 1.43377 0.293575 0.44448 0.328337 1.04524 0.565359 0.371696 0.445291 0.588829 0.612532 0.418646 0.397743 0.38142 0.397795 0.350824 0.690779 0.901 0.485656 0.291337 0.477426 0.685724 0.399146 0.333503 0.352359 0.403822 0.439552 0.541917 0.501866 0.532066 0.527949 1.551 0.420684 0.479407 1.12628 1.13508 0.410769 0.42902 0.352047 0.417285 0.322251 0.692635 1.017 0.370162 0.139979 0.479143 0.400653 0.528263 1.51044 0.403682 0.39972 0.576367 0.407955 0.310422 0.342938 0.425265 1.30476 0.371056 0.47887 0.313154 0.356058 0.62578 0.424436 1.07134 0.659398 0.300087 0.39321 0.333085 0.390137 0.535259 0.540916 1.14017 0.37508 0.699304 0.330014 0.649998 0.371579 0.70398 0.377997 0.37447 0.402043 0.451315 0.522819 0.373057 0.548364 0.473915 0.488009 0.342832 0.385348 0.330528 0.331911 0.397296 0.405202 0.371398 0.339169 1.45983 0.383976 0.91318 0.927634 0.394923 0.332345 0.394749 0.405604 0.446847 0.324789 1.3875 0.396794 0.903013 1.12173 1.11921 0.319907 1.45121 0.64358 0.529889 0.698793 0.571682 0.366226 0.688814 0.899871 0.377074 0.408381 0.385649 0.319438 0.403707 0.328171 0.552202 0.486574 0.439803 0.549993 1.00307 1.0559 0.47241 0.335388 0.343986 0.341364 0.300565 0.323562 0.548447 0.317366 0.484538 0.297845 0.391597 0.478507 0.360248 0.402113 0.389677 0.470702 0.400999 0.624378 0.402964 0.701624 0.486238 0.489471 0.331327 0.549009 0.533106 0.459484 0.367674 0.57206 0.373679 0.422129 0.70035 0.543976 0.480002 0.402674 0.407995 0.337631 0.533641 0.488369 0.341148 0.549057 0.806539 0.4778 0.606277 0.419866 0.318465 0.344358 0.357741 0.395208 1.66 0.358598 0.472875 0.389439 0.489556 0.400007 0.444609 1.10205 0.322818 0.357946 0.471829 0.411377 0.262416 0.483505 0.378706 0.480284 0.447717 0.31718 0.913023 0.370496 0.490552 0.486505 1.24126 0.396258 0.392179 0.399563 0.442302 0.326214 0.368395 0.604988 0.399654 0.399027 0.140425 0.432805 0.41824 0.395422 0.527771 0.546705 0.545426 0.55002 0.458344 0.605951 0.400472 1.09746 0.347468 0.404644 0.394704 0.344075 0.454906 0.657344 0.369192 0.65116 0.652178 0.499857 0.483833 0.361817 0.253664 1.08451 0.534334 0.418134 0.407142 0.360802 0.402548 0.349271 0.292981 0.362327 0.402946 1.00957 0.340688 0.540078 0.558927 0.312074 0.548505 0.256618 0.378113 0.471192 0.40176 0.486871 0.401228 0.422316 0.395594 1.43774 0.382136 0.40306 1.00489 0.555013 0.47547 0.409126 0.533264 0.666085 0.404541 0.314344 0.902548 0.691602 0.472202 0.472387 0.347603 0.683725 0.382359 0.543875 0.550379 0.478417 0.357618 0.324938 0.32172 0.686246 0.299298 0.362962 0.469539 0.703156 0.698812 0.381942 0.401309 1.07658 0.336595 0.373641 0.351251 0.480873 0.940682 0.406005 0.442508 0.419473 0.352164 0.461945 0.402355 0.337282 0.39098 0.540528 0.780975 1.1307 0.337929 0.344474 0.499046 0.406434 1.34712 0.315672 0.487387 0.400787 0.539701 0.336564 1.5118 0.353193 1.06325 0.899784 0.475039 0.476972 0.369377 0.403594 0.334089 0.329121 0.365814 0.394125 0.375933 0.697602 0.544932 0.707853 0.463578 0.408162 0.359199 0.385592 0.338134 0.404112 1.37345 0.381474 1.63595 1.10069 1.08891 0.559796 0.539238 1.10097 0.440442 0.426825 0.534312 0.438809 1.32871 0.696549 0.535945 0.403545 0.411993 0.407739 0.334285 0.689571 0.383232 0.478077 0.309798 0.334168 1.10511 0.361697 0.317257 1.12996 0.41563 0.471912 0.69679
Testing:
Lab Growth Rates:
0.58 0.58 0.58
Dot Production Prediction of Lab Growth Rates:
0.301646 0.344151 0.355067
Best performance so far: 
Obj: 4.6618e-310Rho: 2.26291e-314Diff: 4.6618e-310
Anneal again with the best G and E so far as input
Cycle 2Round 1
Iter 500000 pBad 0.857734 T 0.00203162 Obj 1.07823 Rho 0 GRdif 44.1364 success 120245 failure 8096 obj_new 1.07823 SA_pAcc 1.10108 Delta -0.0370769 SA_r 0.400279 freedomratio 0.291542
Iter 1000000 pBad 0.765754 T 0.000528317 Obj 1.03934 Rho 0 GRdif 22.6119 success 236772 failure 23318 obj_new 1.03934 SA_pAcc 0.84294 Delta 0.0411146 SA_r 0.128466 freedomratio 0.278517
Iter 1500000 pBad 0.71249 T 0.000137387 Obj 1.02918 Rho 0 GRdif 16.8551 success 351466 failure 43905 obj_new 1.02918 SA_pAcc 1 Delta 0.0338088 SA_r 0.689358 freedomratio 0.290819
Iter 2000000 pBad 0.562913 T 3.57271e-05 Obj 1.02305 Rho 0 GRdif 13.3517 success 462830 failure 71871 obj_new 1.02305 SA_pAcc 1 Delta -0.0309534 SA_r 0.889063 freedomratio 0.286693
Iter 2500000 pBad 0.456687 T 9.29071e-06 Obj 1.01812 Rho 0 GRdif 10.526 success 571567 failure 106703 obj_new 1.01812 SA_pAcc 1 Delta -0.0322391 SA_r 0.427586 freedomratio 0.278517
Iter 3000000 pBad 0.316809 T 2.41602e-06 Obj 1.0139 Rho 0 GRdif 8.08898 success 668644 failure 164275 obj_new 1.0139 SA_pAcc 0.976217 Delta -0.017143 SA_r 0.799392 freedomratio 0.266485
Iter 3500000 pBad 0.211885 T 6.28278e-07 Obj 1.0111 Rho 0 GRdif 6.46788 success 751613 failure 254397 obj_new 1.0111 SA_pAcc 0.185078 Delta -0.0107469 SA_r 0.00636493 freedomratio 0.258834
Iter 4000000 pBad 0.103656 T 1.63382e-07 Obj 1.00988 Rho 0 GRdif 5.76332 success 813439 failure 394803 obj_new 1.00988 SA_pAcc 1 Delta -0.00308093 SA_r 0.921828 freedomratio 0.232632
Iter 4500000 pBad 0.0574645 T 4.24869e-08 Obj 1.00944 Rho 0 GRdif 5.50322 success 851307 failure 605415 obj_new 1.00944 SA_pAcc 1 Delta -0.00378152 SA_r 0.237852 freedomratio 0.202488
Iter 5000000 pBad 0.0220463 T 1.10486e-08 Obj 1.00925 Rho 0 GRdif 5.39977 success 874173 failure 876736 obj_new 1.00926 SA_pAcc 1.88668e-94 Delta 0.000897828 SA_r 0.800468 freedomratio 0.181818
Iter 5500000 pBad 0.0092335 T 2.87315e-09 Obj 1.00916 Rho 0 GRdif 5.3446 success 890678 failure 1185048 obj_new 1.00916 SA_pAcc 1 Delta 0.000315452 SA_r 0.0506674 freedomratio 0.165724
Iter 6000000 pBad 0.00173581 T 7.47152e-10 Obj 1.00913 Rho 0 GRdif 5.32846 success 899222 failure 1526693 obj_new 1.00913 SA_pAcc 5.003e-190 Delta -8.0935e-05 SA_r 0.646813 freedomratio 0.161299
Iter 6500000 pBad 0.00290086 T 1.94295e-10 Obj 1.00912 Rho 0 GRdif 5.32246 success 905736 failure 1883628 obj_new 1.00912 SA_pAcc 0 Delta 9.69295e-05 SA_r 0.0353755 freedomratio 0.156183
Iter 7000000 pBad 0.001609 T 5.05257e-11 Obj 1.00911 Rho 0 GRdif 5.314 success 912363 failure 2251564 obj_new 1.00911 SA_pAcc 0 Delta 0.000123671 SA_r 0.928568 freedomratio 0.152208
Iter 7500000 pBad 0.00150858 T 1.3139e-11 Obj 1.0091 Rho 0 GRdif 5.31015 success 919095 failure 2631158 obj_new 1.0091 SA_pAcc 0 Delta 7.39091e-05 SA_r 0.778751 freedomratio 0.146904
Iter 8000000 pBad 0.000394403 T 3.41677e-12 Obj 1.0091 Rho 0 GRdif 5.30845 success 925184 failure 3022590 obj_new 1.0091 SA_pAcc 0 Delta 1.52721e-05 SA_r 0.452865 freedomratio 0.144335
Iter 8500000 pBad 6.94826e-05 T 8.88519e-13 Obj 1.0091 Rho 0 GRdif 5.31603 success 929989 failure 3417762 obj_new 1.00911 SA_pAcc 0 Delta 6.06848e-06 SA_r 0.0812714 freedomratio 0.143276
Iter 9000000 pBad 4.7397e-48 T 2.31057e-13 Obj 1.0091 Rho 0 GRdif 5.30789 success 934913 failure 3790268 obj_new 1.0091 SA_pAcc 0 Delta 1.4864e-49 SA_r 0.852983 freedomratio 0.140057
Iter 9500000 pBad 2.03498e-44 T 6.00855e-14 Obj 1.0091 Rho 0 GRdif 5.30743 success 934913 failure 4121529 obj_new 1.0091 SA_pAcc 1 Delta -9.72632e-46 SA_r 0.645047 freedomratio 0.126593
Good enough
iter 8.92525e+06 obj1.0091 rho 0 GRdif 5.30743
Training:
Lab Growth Rates:
0.4 0.48 0.45 0.59 0.377 0.27 0.54 1.43 0.38 0.4 0.42 0.38 0.56 0.56 0.33 0.41 0.23 0.45 0.55 1.345 0.4 0.39 0.4 1.483 0.37 0.52 0.52 0.1 0.25 0.68 0.58 0.46 0.09 0.56 1.05 0.46 0.46 0.5 0.26 0.5 0.19 0.43 0.637 0.762 0.54 0.5 0.4 0.52 0.1 0.46 0.4 0.54 0.53 0.56 0.45 0.55 0.4 0.41 1.248 0.53 0.27 0.55 0.52 0.23 0.46 1.67 0.53 0.47 0.3 0.724 0.53 0.56 0.7 0.32 0.47 0.54 0.59 0.46 0.5 0.636 0.3 0.5 0.686 0.43 0.47 0.45 0.53 0.59 0.43 1.248 0.58 0.45 0.42 0.52 0.37 0.22 0.5 0.53 0.901 0.4 0.49 0.37 0.43 0.5 0.648 0.5 0.6 0.45 0.6 0.4 0.1 0.53 0.37 0.4 0.1 0.36 0.36 1.345 0.65 0.56 0.55 0.59 0.54 0.43 0.68 0.33 0.42 0.48 0.38 0.27 0.37 0.45 0.5 1.248 0.3 1.483 0.4 0.1 0.39 1.248 0.36 0.54 1.483 1.44 0.56 0.36 0.7 0.54 0.52 0.65 0.4 0.5 0.55 0.3 0.58 0.4 0.5 1.483 0.25 0.465 0.59 1.05 0.42 0.47 0.37 1.345 0.52 0.56 0.3 0.481 0.4 0.39 0.55 0.46 0.54 0.46 0.31 0.47 0.5 0.686 0.11 1.483 0.4 0.43 0.58 0.5 0.54 0.5 0.41 0.54 0.22 0.58 0.33 0.481 0.39 0.485 0.47 0.5 0.25 0.65 1.49 0.42 0.47 0.5 0.47 0.42 0.56 0.54 0.6 0.22 0.54 0.22 0.42 0.22 0.4 0.45 0.42 0.23 0.19 1.05 0.37 0.49 0.46 0.26 0.42 0.37 0.53 0.09 0.4 0.47 0.648 0.901 0.465 0.48 0.5 0.5 0.4 0.48 0.42 0.4 0.37 0.23 0.3 0.56 0.53 1.46 0.2 0.22 1.345 0.1 0.45 0.54 0.52 0.43 0.4 0.635 1.46 0.47 0.14 0.5 0.4 0.46 1.42 0.4 0.4 0.31 0.4 0.42 0.45 0.53 1.38 0.45 0.485 0.59 0.58 0.5 0.47 1.483 0.5 0.46 0.4 0.38 0.51 0.54 0.54 1.345 0.42 0.724 0.42 0.65 0.43 0.7 0.47 0.3 0.4 0.47 0.25 0.2 0.59 0.485 0.301 0.59 0.36 0.5 0.11 0.4 0.4 0.25 0.45 0.45 0.49 0.762 0.762 0.54 0.34 0.4 0.4 0.33 0.46 1.67 0.4 0.901 1.483 1.345 0.34 0.45 0.65 0.33 0.724 0.31 0.58 0.637 0.901 0.41 0.47 0.54 0.17 0.4 0.53 0.55 0.41 0.37 0.55 1.05 1.05 0.58 0.17 0.68 0.68 0.32 0.33 0.59 0.34 0.377 0.27 0.4 0.47 0.36 0.4 0.59 0.46 0.4 0.65 0.4 0.7 0.377 0.476 0.3 0.59 0.56 0.58 0.52 0.617 0.54 0.37 0.71 0.5 0.58 0.4 0.47 0.36 0.53 0.301 0.58 0.59 0.1 0.481 0.42 0.45 0.37 0.41 0.47 0.4 1.66 0.33 0.58 0.4 0.301 0.4 0.23 1.345 0.48 0.27 0.58 0.53 0.3 0.465 0.43 0.56 0.55 0.54 0.762 0.52 0.476 0.476 1.35 0.4 0.42 0.4 0.46 0.39 0.38 0.5 0.4 0.4 0.14 0.37 0.51 0.4 0.23 0.56 0.59 0.59 0.54 0.5 0.4 1.345 0.48 0.4 0.4 0.68 0.54 0.65 0.25 0.5 0.65 0.53 0.5 0.47 0.3 1.483 0.5 0.43 0.51 0.47 0.4 0.46 0.48 0.32 0.4 1.46 0.42 0.54 0.25 0.59 0.55 0.3 0.11 0.58 0.4 0.41 0.4 0.37 0.4 1.4 0.5 0.4 1.46 0.6 0.56 0.43 0.54 0.65 0.4 0.54 0.901 0.635 0.46 0.56 0.43 0.648 0.52 0.3 0.55 0.58 0.5 0.33 0.39 0.637 0.48 0.53 0.22 0.686 0.636 0.22 0.4 1.483 0.09 0.47 0.36 0.58 1.248 0.3 0.23 0.47 0.42 0.46 0.37 0.5 0.46 0.56 0.25 1.345 0.59 0.45 0.47 0.4 1.03 0.45 0.485 0.4 0.56 0.48 0.45 0.42 1.345 0.901 0.5 0.41 0.54 0.4 0.47 0.54 0.33 0.4 0.54 0.636 0.46 0.71 0.46 0.47 0.52 0.41 0.4 0.4 0.1 0.27 1.66 1.345 1.483 0.3 0.23 1.483 0.55 0.17 0.56 0.37 1.43 0.71 0.23 0.4 0.54 0.2 0.36 0.635 0.58 0.26 0.45 0.19 1.483 0.1 0.5 1.345 0.46 0.58 0.5
Dot Production Prediction of Lab Growth Rates:
0.361805 0.354268 1.44804 0.374619 0.600092 0.5976 0.387427 1.24866 0.313256 0.362391 0.274807 0.394197 0.557363 0.543062 0.49144 0.30624 0.552232 0.379 0.470367 1.30349 0.374356 0.290988 0.364816 1.23408 0.425344 0.390241 0.387929 0.447011 0.35709 0.443839 0.473405 0.267895 0.449328 0.550784 1.44865 0.454092 0.333339 0.331849 0.369722 0.427187 0.331239 0.434302 0.703963 0.806951 0.552839 0.377314 0.358107 0.335245 0.436458 0.45863 0.359477 0.333546 0.543527 0.536525 1.32796 0.561794 0.363429 0.34731 0.847675 0.54759 0.383548 0.466157 0.35897 0.546918 0.512056 1.42247 0.509532 0.369902 0.68589 0.716285 0.263276 0.558416 0.791739 0.319978 0.350601 0.367451 0.329321 0.36142 0.479954 0.70817 0.608793 0.377943 0.709222 0.35713 0.368472 0.37222 0.550717 0.558148 0.4201 0.851269 0.465481 0.375269 0.318298 0.390339 0.396596 0.479638 0.331193 0.53646 0.903703 0.366201 0.381859 0.421135 0.435984 0.556401 0.705831 0.763335 0.647475 1.3788 0.629187 0.373821 1.80586 0.326343 0.426545 0.354242 2.00404 0.434986 0.348412 1.25758 0.657834 0.478907 0.461616 0.333951 0.371612 0.342161 0.438006 0.316205 0.343516 0.277329 0.292173 0.330721 0.431379 0.413908 0.661119 0.856362 0.653787 1.20875 0.359126 2.15591 0.298497 0.844433 0.421475 0.549454 1.22477 1.44421 0.46492 0.362938 0.792675 0.3732 0.396606 0.624109 0.349129 0.480735 0.451459 0.606164 0.312811 0.375318 0.317819 1.25441 1.41169 0.597567 0.323999 1.0578 0.367971 0.357503 0.422617 1.24831 0.39708 0.547244 0.5223 0.593932 0.362161 0.308869 0.557155 0.466971 0.445051 0.401738 0.59019 0.346898 0.664648 0.71376 0.384668 1.26339 0.372513 0.380275 0.388225 0.549724 0.382143 0.742224 0.392598 0.458286 0.47643 0.463035 0.367666 0.592763 0.348851 0.595439 0.446678 0.332361 0.321362 0.649976 1.44804 0.341981 0.390562 0.533505 0.438054 0.564821 0.467691 0.534574 0.663389 0.443874 0.450418 0.34584 0.324585 0.483283 0.364203 1.36494 0.296742 0.445995 0.313813 1.0579 0.554178 0.382188 0.43037 0.571053 0.58254 0.419299 0.397855 0.367386 0.372818 0.345224 0.70391 0.901 0.596779 0.278406 0.469915 0.762441 0.372681 0.34082 0.312245 0.365643 0.441673 0.548061 0.572596 0.531242 0.532955 1.48784 0.373287 0.479493 1.30755 1.79924 0.422686 0.445595 0.35124 0.389359 0.311109 0.709709 1.03504 0.352403 0.463336 0.486256 0.360955 0.51953 1.4608 0.364653 0.360493 0.589274 0.368159 0.294638 0.357388 0.42855 1.27488 0.370069 0.59346 0.298386 0.368602 0.712743 0.404791 1.20507 0.747753 0.280813 0.351024 0.278053 0.390323 0.537655 0.535489 1.27667 0.35504 0.712851 0.303726 0.648661 0.354538 0.794818 0.369649 0.358691 0.374735 0.462223 0.514134 0.353156 0.548669 0.591959 0.615195 0.344618 0.374993 0.322888 0.324528 0.358025 0.365342 0.356056 0.323225 1.42552 0.389883 0.797092 0.811903 0.372071 0.328011 0.385766 0.365884 0.455524 0.316308 1.34692 0.358344 0.90365 1.24693 1.25597 0.304001 1.39688 0.637192 0.516771 0.70884 0.587888 0.361256 0.709533 0.900999 0.377408 0.395733 0.353664 0.318989 0.364858 0.324 0.566106 0.608084 0.44064 0.550468 1.01901 1.05852 0.465703 0.311807 0.441921 0.438751 0.297392 0.297007 0.551183 0.313519 0.595587 0.281106 0.35101 0.455772 0.361856 0.365187 0.392749 0.466598 0.374416 0.61991 0.365071 0.804303 0.598375 0.5987 0.313279 0.550502 0.54644 0.455278 0.354495 0.73725 0.376227 0.42654 0.713508 0.546116 0.480069 0.376494 0.421888 0.331011 0.539015 0.616823 0.34081 0.556166 0.937812 0.588762 0.57022 0.416391 0.271014 0.330696 0.34872 0.352017 1.52444 0.328002 0.471798 0.349347 0.613598 0.374421 0.447933 1.22017 0.296024 0.366835 0.464944 0.414519 0.184311 0.592127 0.374825 0.476187 0.469434 0.297351 0.79922 0.370516 0.599696 0.594076 1.18185 0.366972 0.400503 0.370599 0.430615 0.320301 0.383861 0.666305 0.365236 0.355451 0.460925 0.429541 0.425816 0.367317 0.5449 0.550646 0.546253 0.558955 0.454994 0.667321 0.36166 1.24809 0.348886 0.366125 0.355906 0.440184 0.450809 0.652267 0.364051 0.736952 0.654731 0.45645 0.477995 0.356598 0.18068 1.18622 0.533479 0.413095 0.409374 0.356234 0.364838 0.346663 0.26703 0.357103 0.363446 1.03585 0.305445 0.535517 0.565489 0.306428 0.55503 0.183871 0.369494 0.479107 0.365593 0.609691 0.363819 0.425227 0.367119 1.4 0.388417 0.365279 1.01052 0.62474 0.471641 0.398736 0.536228 0.655054 0.364577 0.293371 0.905968 0.706466 0.465992 0.468222 0.346911 0.696924 0.379925 0.621151 0.553009 0.474521 0.368398 0.302443 0.316225 0.705598 0.301495 0.366353 0.486429 0.715114 0.71679 0.388758 0.36336 1.2202 0.338744 0.377186 0.329243 0.474933 0.84811 0.38625 0.44515 0.426011 0.344888 0.46001 0.405292 0.336133 0.381315 0.5536 0.928559 1.25682 0.299226 0.355673 0.449331 0.364379 1.2762 0.293851 0.599833 0.364611 0.550222 0.331725 1.43157 0.309011 1.2358 0.834684 0.469362 0.609091 0.360683 0.364074 0.310365 0.329789 0.355226 0.353705 0.357374 0.709926 0.531126 0.71955 0.464303 0.412226 0.363732 0.385764 0.3102 0.378333 1.35344 0.376035 1.45026 1.27735 1.21615 0.641492 0.548697 1.20578 0.464455 0.429885 0.548988 0.439467 1.24936 0.704883 0.545942 0.364616 0.39553 0.383322 0.340561 0.703172 0.385499 0.465886 0.299372 0.311555 1.24946 0.34395 0.311157 1.26131 0.409153 0.475133 0.784093
Testing:
Lab Growth Rates:
0.58 0.58 0.58
Dot Production Prediction of Lab Growth Rates:
0.281353 0.341251 0.365527
Best performance so far: 
Obj: 4.6618e-310Rho: 6.5069e-314Diff: 4.6618e-310
Test:
 Lab Growth Rates:
0.58 0.58 0.58Dot Product Prediction of Growth Rate:
0.2813532 0.3412512 0.3655265