seed =  5 traits =  1 
Training: part  19 
Training: part  19 
Round  1 
 Goal of obj  0.99 
Temperature range:  0.00390625 7.8125e-14 
Cycle 1Round 1
Iter 500000 pBad 0.862875 T 0.00113976 Obj 1.07276 Rho 0 GRdif 41.2972 success 146314 failure 10165 obj_new 1.07276 SA_pAcc 1 Delta 0.040552 SA_r 0.27241 freedomratio 0.364991
Iter 1000000 pBad 0.801729 T 0.000332555 Obj 1.03814 Rho 0 GRdif 22.0117 success 290100 failure 26562 obj_new 1.03814 SA_pAcc 1.11585 Delta 0.042657 SA_r 0.163122 freedomratio 0.364312
Iter 1500000 pBad 0.696659 T 9.70321e-05 Obj 1.02509 Rho 0 GRdif 14.5707 success 431396 failure 49238 obj_new 1.02509 SA_pAcc 1.18507 Delta -0.0129907 SA_r 0.703645 freedomratio 0.364312
Iter 2000000 pBad 0.66161 T 2.83118e-05 Obj 1.01984 Rho 0 GRdif 11.5494 success 570146 failure 78097 obj_new 1.01984 SA_pAcc 1 Delta 0.00674579 SA_r 0.0873975 freedomratio 0.364764
Iter 2500000 pBad 0.484297 T 8.26073e-06 Obj 1.01625 Rho 0 GRdif 9.47657 success 702433 failure 118208 obj_new 1.01625 SA_pAcc 1.00105 Delta -0.028254 SA_r 0.474133 freedomratio 0.359413
Iter 3000000 pBad 0.293091 T 2.41029e-06 Obj 1.0111 Rho 0 GRdif 6.4927 success 817491 failure 191391 obj_new 1.0111 SA_pAcc 0.60707 Delta -0.00422055 SA_r 0.13192 freedomratio 0.347312
Iter 3500000 pBad 0.208272 T 7.03269e-07 Obj 1.00911 Rho 0 GRdif 5.33339 success 913825 failure 303254 obj_new 1.00911 SA_pAcc 0.996306 Delta -0.000497729 SA_r 0.488124 freedomratio 0.31801
Iter 4000000 pBad 0.0977339 T 2.05198e-07 Obj 1.00852 Rho 0 GRdif 4.98588 success 981432 failure 478994 obj_new 1.00852 SA_pAcc 1 Delta 0.00489629 SA_r 0.582398 freedomratio 0.279867
Iter 4500000 pBad 0.0409643 T 5.98721e-08 Obj 1.00815 Rho 0 GRdif 4.77351 success 1030090 failure 704751 obj_new 1.00815 SA_pAcc 0.00965662 Delta -0.00225268 SA_r 0.0833682 freedomratio 0.246541
Iter 5000000 pBad 0.0218463 T 1.74693e-08 Obj 1.00806 Rho 0 GRdif 4.72302 success 1054412 failure 997945 obj_new 1.00806 SA_pAcc 1 Delta 0.0020475 SA_r 0.91924 freedomratio 0.225893
Iter 5500000 pBad 0.015583 T 5.09715e-09 Obj 1.00803 Rho 0 GRdif 4.7073 success 1069056 failure 1325062 obj_new 1.00804 SA_pAcc 2.69387e-244 Delta -0.000487051 SA_r 0.450758 freedomratio 0.211283
Iter 6000000 pBad 0.00825432 T 1.48723e-09 Obj 1.00802 Rho 0 GRdif 4.69792 success 1077593 failure 1676336 obj_new 1.00802 SA_pAcc 1.47132e-11 Delta -0.000501861 SA_r 0.0330726 freedomratio 0.203742
Iter 6500000 pBad 0.00248002 T 4.33941e-10 Obj 1.00801 Rho 0 GRdif 4.69307 success 1083505 failure 2041164 obj_new 1.00801 SA_pAcc 4.86408e-17 Delta -0.000140662 SA_r 0.641179 freedomratio 0.194831
Iter 7000000 pBad 0.00142708 T 1.26614e-10 Obj 1.00801 Rho 0 GRdif 4.69248 success 1087091 failure 2419031 obj_new 1.00801 SA_pAcc 0 Delta -0.000135653 SA_r 0.416 freedomratio 0.19222
Iter 7500000 pBad 0.00252883 T 3.69431e-11 Obj 1.00801 Rho 0 GRdif 4.69019 success 1089907 failure 2803219 obj_new 1.00801 SA_pAcc 0 Delta 9.76987e-06 SA_r 0.343314 freedomratio 0.189007
Iter 8000000 pBad 0.000427489 T 1.07792e-11 Obj 1.00801 Rho 0 GRdif 4.68961 success 1091973 failure 3193049 obj_new 1.00801 SA_pAcc 1 Delta -1.51106e-05 SA_r 0.463714 freedomratio 0.185958
Iter 8500000 pBad 0.000880001 T 3.14512e-12 Obj 1.00801 Rho 0 GRdif 4.68906 success 1094805 failure 3588699 obj_new 1.00801 SA_pAcc 0 Delta 5.49265e-06 SA_r 0.154964 freedomratio 0.178723
Iter 9000000 pBad 0.00010288 T 9.17673e-13 Obj 1.00801 Rho 0 GRdif 4.70418 success 1097473 failure 3993050 obj_new 1.00803 SA_pAcc 0 Delta -8.78067e-07 SA_r 0.966513 freedomratio 0.175785
Iter 9500000 pBad 1.71717e-41 T 2.67756e-13 Obj 1.00801 Rho 0 GRdif 4.68866 success 1100910 failure 4352588 obj_new 1.00801 SA_pAcc 1 Delta -1.44736e-42 SA_r 0.409669 freedomratio 0.169306
Iter 10000000 pBad 1.57726e-137 T 7.81252e-14 Obj 1.00801 Rho 0 GRdif 4.69318 success 1100910 failure 4677646 obj_new 1.00801 SA_pAcc 0 Delta -1.05552e-138 SA_r 0.59612 freedomratio 0.167569
Cannot move further
iter 9.36819e+06 obj1.00801 rho 0 GRdif 4.68866
Training:
Lab Growth Rates:
0.68 0.59 0.47 0.1 0.301 0.53 0.71 0.37 0.5 0.47 0.17 0.6 0.635 0.36 0.39 0.53 0.56 0.5 0.5 0.5 0.4 0.724 0.3 0.55 0.25 0.42 1.345 0.901 0.53 0.686 0.59 0.54 0.3 0.5 0.5 0.7 0.5 1.483 0.53 0.37 0.58 0.5 0.23 0.43 0.65 0.46 0.52 1.248 0.4 0.52 0.42 0.4 0.54 0.54 0.36 0.22 0.33 0.42 0.39 1.05 0.58 0.4 0.52 1.483 0.648 0.42 0.47 0.1 0.45 1.483 0.55 0.52 0.59 1.66 0.33 0.46 0.5 0.5 0.485 0.31 0.4 0.53 0.19 0.54 0.25 0.22 0.4 1.43 1.49 0.54 0.59 0.4 1.05 0.59 0.25 0.56 0.42 0.5 0.23 0.46 0.5 0.56 0.5 0.45 0.43 0.53 0.54 0.4 1.483 0.686 0.09 0.26 0.65 0.42 0.49 0.37 0.59 0.47 0.48 0.34 1.345 0.54 0.54 0.45 0.465 0.762 0.3 0.4 0.5 1.42 0.55 0.46 0.45 0.4 0.4 0.41 0.1 0.901 0.47 0.46 0.48 0.47 1.44 0.481 0.47 0.54 0.51 0.37 0.45 0.27 0.34 0.4 0.58 0.39 0.485 0.46 0.4 0.43 1.345 0.648 0.52 0.37 0.46 0.2 0.52 0.58 0.42 0.43 1.345 0.56 0.46 0.3 0.54 0.56 0.637 0.33 0.4 0.38 0.45 0.43 0.38 0.38 0.4 0.4 0.59 0.53 0.56 0.4 0.481 1.38 0.23 0.56 0.37 0.42 0.54 0.4 0.4 0.32 0.1 0.25 0.42 0.68 0.58 0.3 0.4 0.5 1.248 1.483 0.4 1.46 0.58 0.14 0.41 0.3 0.42 0.65 1.66 0.4 0.37 0.46 0.41 0.54 1.248 0.53 0.4 0.476 0.56 0.25 1.345 0.23 0.65 0.47 0.4 1.345 0.53 0.52 0.59 0.4 0.33 0.52 0.4 0.58 0.46 0.47 0.54 0.26 0.47 0.45 0.47 0.39 0.636 0.59 0.5 0.23 0.52 0.4 0.11 0.762 0.48 0.59 0.45 0.36 0.4 1.05 0.4 0.4 0.46 0.53 0.5 0.55 0.43 0.4 0.1 0.637 0.59 0.51 0.3 0.56 0.54 1.46 0.42 0.3 0.2 0.5 0.33 0.45 0.47 0.53 0.41 0.54 0.46 0.4 0.43 0.301 0.3 0.47 0.4 0.4 0.54 0.17 0.55 0.54 0.58 0.485 0.47 0.42 0.59 0.47 1.248 0.635 0.1 0.4 0.5 0.4 0.4 0.43 0.4 0.52 1.483 0.724 0.54 0.901 0.33 0.58 0.4 0.59 0.5 0.4 0.4 1.03 0.54 0.5 0.56 1.46 0.45 0.56 0.4 0.49 0.58 1.345 0.36 0.19 0.476 0.43 0.5 1.43 0.1 0.39 0.58 0.3 0.47 0.377 0.37 0.1 0.37 0.4 0.6 0.68 0.4 0.3 0.65 0.48 0.4 0.39 0.5 0.32 0.68 0.31 0.37 0.485 0.65 0.59 0.45 0.901 0.648 0.56 0.41 0.17 0.3 0.4 0.23 0.37 1.345 0.46 0.43 0.37 0.5 0.5 0.38 0.4 0.5 1.483 0.43 0.47 0.46 0.52 0.6 0.47 1.35 0.54 0.55 0.686 0.4 0.635 0.45 0.23 0.53 0.27 0.37 0.48 0.25 0.762 0.47 0.14 0.22 1.67 0.25 0.46 0.4 0.36 0.54 0.4 0.65 0.41 0.55 0.27 1.05 0.25 0.45 0.377 0.19 0.56 0.47 0.6 0.58 0.46 0.48 0.68 0.56 0.34 0.4 0.47 0.54 0.48 0.41 1.4 0.32 0.2 0.65 0.36 0.56 0.22 0.54 0.27 0.42 0.637 0.5 0.55 0.47 0.71 0.54 0.4 0.22 0.46 0.53 0.56 1.46 0.7 0.42 0.53 0.56 1.345 1.345 0.4 0.47 0.55 0.45 0.37 0.636 0.09 0.54 0.56 0.48 0.58 0.71 0.38 0.42 0.59 0.22 1.483 0.45 0.724 0.52 0.4 0.42 0.465 0.55 0.47 0.4 0.11 0.33 0.37 0.37 0.31 1.483 0.49 0.45 0.54 0.5 1.345 0.41 0.58 0.33 1.483 0.5 0.59 0.481 0.36 0.36 1.248 0.46 0.11 0.46 0.23 1.483 0.5 0.58 0.5 0.5 0.1 0.27 0.7 0.617 0.55 0.4 0.58 1.345 0.45 0.636 0.09 0.5 0.4 0.3 1.05 0.4 0.4 0.7 0.46 0.65 0.58 0.762 0.4 0.301 0.4 0.58 0.5 0.54 0.476 0.3 0.54 0.42 0.901 0.4 0.58 0.53 0.26 0.23 0.58 0.48 0.58 0.27 0.45 1.67 0.465 0.22 0.41 0.43 1.483 0.55 0.22 0.46 0.36 0.42 0.377 0.33 0.901 0.51 0.4
Dot Production Prediction of Lab Growth Rates:
0.399366 0.33307 0.338729 1.18201 0.564064 0.405758 0.717485 0.406168 0.413159 0.401359 0.44048 0.555422 0.715538 0.348393 0.331564 0.53689 0.540643 0.479465 0.356311 0.363123 0.399999 0.724006 0.519465 0.4549 0.378173 0.588954 1.17942 0.904719 0.539112 0.724041 0.541716 0.399038 0.253641 0.334231 0.479774 0.716322 0.312968 1.2069 0.495616 0.404555 0.47312 0.531108 0.545125 0.39245 0.629224 0.337002 0.385877 0.899981 0.403196 0.40203 0.311734 0.40217 0.393983 0.339229 0.42506 0.357746 0.529735 0.374188 0.301609 1.03843 0.469947 0.403123 0.390745 1.18704 0.705223 0.391986 0.351485 1.34315 0.346622 1.15579 0.550228 0.348995 0.551226 1.66 0.31761 0.424457 0.645885 0.6312 0.560955 0.6063 0.407581 0.399061 0.311833 0.390595 0.834703 0.470329 0.39992 1.29115 1.60732 0.385869 0.326726 0.403092 1.55213 0.432966 0.547704 0.46893 0.311379 0.531964 0.548382 0.360789 0.623229 0.541961 0.473258 0.31568 0.369741 0.278869 0.456949 0.384276 1.1575 0.719223 0.395294 0.358563 0.65109 0.334857 0.374185 0.298134 0.351208 0.325803 0.315337 0.319419 1.17639 0.3663 0.397689 0.421909 0.559063 0.869438 0.546114 0.403843 0.332034 1.57502 0.548284 0.446364 0.342704 0.40075 0.396362 0.362631 0.450862 0.90111 0.387703 0.540545 0.336511 0.349033 1.54295 0.558745 0.359108 0.548136 0.429706 0.396642 0.371318 0.391834 0.311439 0.401054 0.370365 0.320627 0.558517 0.460003 0.405146 0.413085 1.15159 0.713221 0.35745 0.419051 0.359967 0.404286 0.402483 0.467725 0.60731 0.37051 1.15403 0.534113 0.469154 0.26164 0.393188 0.533195 0.714993 0.36634 0.402929 0.310067 1.49916 0.351505 0.317114 0.380678 0.40478 0.395003 0.318153 0.528562 0.543586 0.397201 0.558345 1.36761 0.428364 0.536115 0.405369 0.340537 0.540004 0.395153 0.403402 0.303359 0.346167 0.368179 0.346032 0.399962 0.47146 0.250449 0.397614 0.382887 0.900912 1.1735 0.404185 1.04229 0.46905 0.140004 0.395955 0.58175 0.331456 0.64405 1.64394 0.397552 0.413744 0.452165 0.557539 0.462086 0.898618 0.443318 0.389392 0.559427 0.470797 0.301979 1.19917 0.540942 0.623335 0.420344 0.395664 1.20277 0.338272 0.371091 0.547152 0.403159 0.364603 0.378656 0.399868 0.379862 0.458198 0.406372 0.53822 0.478957 0.404335 0.408546 0.387799 0.356001 0.722447 0.343079 0.715927 0.541672 0.351466 0.39886 0.329935 0.873128 0.350892 0.550569 1.50592 0.383811 0.400642 1.05514 0.402493 0.40216 0.433347 0.529279 0.543969 0.558333 0.466917 0.399621 1.42209 0.714473 0.310026 0.396096 0.389926 0.544382 0.555264 1.05821 0.346403 0.428707 0.40806 0.71368 0.456278 1.55168 0.364592 0.525355 0.561135 0.365471 0.298238 0.388954 0.449007 0.561662 0.426803 0.470625 0.40164 0.403367 0.442207 0.330506 0.45276 0.367598 0.338132 0.559531 0.368766 0.351362 0.539986 0.398098 0.900495 0.712208 1.46079 0.403396 0.674405 0.394176 0.400881 0.375495 0.332394 0.375351 1.15073 0.718348 0.540927 0.875661 0.316696 0.447952 0.402557 0.54279 0.467624 0.400953 0.396659 1.38685 0.402687 0.315544 0.54162 1.56393 0.380523 0.473823 0.39226 0.398794 0.393585 1.16912 0.425402 0.319437 0.560076 0.441022 0.465325 1.28886 0.841982 0.326087 0.473765 0.523493 0.475271 0.556432 0.460259 1.18648 0.409146 0.403407 0.549019 0.394821 0.402103 0.572077 0.665508 0.34541 0.40032 0.324812 0.756135 0.343241 0.398207 0.62747 0.408369 0.554891 0.642345 0.3997 0.337291 0.902921 0.712821 0.462334 0.333262 0.32356 0.530133 0.402982 0.427742 0.406751 1.11703 0.557897 0.409595 0.419706 0.341349 0.738852 0.3119 0.38711 0.322561 1.13589 0.360651 0.412693 0.463958 0.380963 0.541221 0.362377 1.2209 0.368193 0.549685 0.723671 0.395706 0.716058 0.364544 0.428635 0.361821 0.352003 0.414367 0.298558 0.532474 0.860752 0.472859 0.13985 0.398679 1.46065 0.37839 0.349881 0.400821 0.330155 0.538102 0.396599 0.649995 0.380125 0.45729 0.613899 1.04577 1.54299 0.387863 0.559608 0.302422 0.465584 0.415622 0.571648 0.470161 0.462015 0.298256 0.400072 0.541444 0.324879 0.384638 0.351842 0.45675 0.29113 0.399468 1.46361 0.319665 0.362207 0.660424 0.332901 0.547834 0.44382 0.321233 0.379655 0.373092 0.710788 0.659644 0.557342 0.434446 0.720202 0.446067 0.403826 0.46828 0.30496 0.556312 0.539914 1.04128 0.713104 0.602978 0.322055 0.466664 1.21858 1.20218 0.402444 0.366284 0.434897 1.51904 0.434761 0.727078 0.34547 0.454292 0.548827 0.327745 0.466098 0.720938 0.373348 0.353056 0.550993 0.470704 1.16691 0.327725 0.723739 0.366338 0.399991 0.371038 0.562037 0.546936 0.4238 0.400116 0.390119 0.362477 0.577298 0.419836 0.605826 1.14712 0.376195 0.419233 0.550622 0.541647 1.13551 0.559945 0.297706 0.327639 1.14122 0.709122 0.321546 0.561676 0.352507 0.367305 0.89627 0.522266 0.374037 0.442435 0.544743 1.1612 0.325327 0.357664 0.546953 0.471206 0.461914 0.281926 0.717173 0.567525 0.450023 0.403282 0.472089 1.19613 1.5163 0.720867 0.463075 0.719372 0.402282 0.331019 1.05 0.392668 0.389135 0.722913 0.451282 0.6541 0.476753 0.864056 0.397014 0.557032 0.396606 0.314724 0.371677 0.386945 0.562132 0.491016 0.294761 0.349341 0.900999 0.399729 0.374621 0.546229 0.601133 0.545696 0.464622 0.353879 0.37265 0.365757 1.59876 1.546 0.559608 0.468069 0.345649 0.417342 1.13308 0.463529 0.471803 0.398209 0.336976 0.309443 0.554074 0.501681 0.900956 0.410643 0.343388
Testing:
Lab Growth Rates:
0.45
Dot Production Prediction of Lab Growth Rates:
1.60732
Best performance so far: 
Obj: 4.64642e-310Rho: 2.26291e-314Diff: 4.64642e-310
Anneal again with the best G and E so far as input
Cycle 2Round 1
Iter 500000 pBad 0.839641 T 0.00113976 Obj 1.04957 Rho 0 GRdif 28.4477 success 120691 failure 10314 obj_new 1.04957 SA_pAcc 1 Delta 0.0544201 SA_r 0.780595 freedomratio 0.291667
Iter 1000000 pBad 0.774199 T 0.000332555 Obj 1.03117 Rho 0 GRdif 18.0503 success 238038 failure 28345 obj_new 1.03117 SA_pAcc 0.837853 Delta 0.0684068 SA_r 0.138815 freedomratio 0.289513
Iter 1500000 pBad 0.675046 T 9.70321e-05 Obj 1.02518 Rho 0 GRdif 14.6219 success 352740 failure 53198 obj_new 1.02518 SA_pAcc 1 Delta -0.00285256 SA_r 0.202314 freedomratio 0.288802
Iter 2000000 pBad 0.556861 T 2.83118e-05 Obj 1.02112 Rho 0 GRdif 12.2865 success 465165 failure 83389 obj_new 1.02112 SA_pAcc 1 Delta 0.0054753 SA_r 0.858635 freedomratio 0.28655
Iter 2500000 pBad 0.429931 T 8.26073e-06 Obj 1.01751 Rho 0 GRdif 10.2046 success 574383 failure 120469 obj_new 1.01751 SA_pAcc 1 Delta 0.0131919 SA_r 0.94121 freedomratio 0.282692
Iter 3000000 pBad 0.247638 T 2.41029e-06 Obj 1.0139 Rho 0 GRdif 8.11622 success 669643 failure 185259 obj_new 1.0139 SA_pAcc 1.03877 Delta -0.0011023 SA_r 0.114783 freedomratio 0.265823
Iter 3500000 pBad 0.203483 T 7.03269e-07 Obj 1.0105 Rho 0 GRdif 6.14057 success 750100 failure 286331 obj_new 1.0105 SA_pAcc 0.16666 Delta -0.0157295 SA_r 0.172822 freedomratio 0.260407
Iter 4000000 pBad 0.103192 T 2.05198e-07 Obj 1.00964 Rho 0 GRdif 5.64308 success 808945 failure 435532 obj_new 1.00964 SA_pAcc 1 Delta -0.00730243 SA_r 0.855149 freedomratio 0.235955
Iter 4500000 pBad 0.0434401 T 5.98721e-08 Obj 1.00925 Rho 0 GRdif 5.41493 success 848424 failure 645233 obj_new 1.00925 SA_pAcc 0.00923603 Delta 0.00284954 SA_r 0.191381 freedomratio 0.207334
Iter 5000000 pBad 0.0186382 T 1.74693e-08 Obj 1.00909 Rho 0 GRdif 5.31981 success 873507 failure 908100 obj_new 1.00909 SA_pAcc 0.00629107 Delta -0.000820869 SA_r 0.532946 freedomratio 0.18762
Iter 5500000 pBad 0.013341 T 5.09715e-09 Obj 1.00902 Rho 0 GRdif 5.28032 success 888487 failure 1213655 obj_new 1.00902 SA_pAcc 1.10767e-48 Delta -0.000152672 SA_r 0.118898 freedomratio 0.174792
Iter 6000000 pBad 0.00951715 T 1.48723e-09 Obj 1.00899 Rho 0 GRdif 5.27507 success 897192 failure 1544571 obj_new 1.00901 SA_pAcc 0 Delta 0.000511796 SA_r 0.0506803 freedomratio 0.169599
Iter 6500000 pBad 0.00609036 T 4.33941e-10 Obj 1.00897 Rho 0 GRdif 5.25444 success 904681 failure 1889379 obj_new 1.00898 SA_pAcc 0 Delta 0.000523697 SA_r 0.957825 freedomratio 0.162656
Iter 7000000 pBad 0.0034146 T 1.26614e-10 Obj 1.00897 Rho 0 GRdif 5.25269 success 909965 failure 2251251 obj_new 1.00897 SA_pAcc 0 Delta -1.93977e-06 SA_r 0.423175 freedomratio 0.158619
Iter 7500000 pBad 0.000940332 T 3.69431e-11 Obj 1.00896 Rho 0 GRdif 5.2634 success 913777 failure 2621736 obj_new 1.00899 SA_pAcc 0 Delta -3.12894e-06 SA_r 0.848209 freedomratio 0.156383
Iter 8000000 pBad 0.0014789 T 1.07792e-11 Obj 1.00896 Rho 0 GRdif 5.24465 success 916717 failure 2996427 obj_new 1.00896 SA_pAcc 0 Delta 2.32491e-05 SA_r 0.421043 freedomratio 0.155063
Iter 8500000 pBad 0.000394006 T 3.14512e-12 Obj 1.00896 Rho 0 GRdif 5.24375 success 920144 failure 3377479 obj_new 1.00896 SA_pAcc 1 Delta 3.08455e-05 SA_r 0.421461 freedomratio 0.152017
Iter 9000000 pBad 0.000369216 T 9.17673e-13 Obj 1.00896 Rho 0 GRdif 5.25158 success 924132 failure 3763425 obj_new 1.00897 SA_pAcc 0 Delta 3.5914e-05 SA_r 0.561754 freedomratio 0.149314
Iter 9500000 pBad 5.83656e-10 T 2.67756e-13 Obj 1.00896 Rho 0 GRdif 5.24288 success 930625 failure 4151488 obj_new 1.00896 SA_pAcc 0 Delta -2.46842e-11 SA_r 0.353589 freedomratio 0.145365
Good enough
iter 9.67073e+06 obj1.00896 rho 0 GRdif 5.24275
Training:
Lab Growth Rates:
0.68 0.59 0.47 0.1 0.301 0.53 0.71 0.37 0.5 0.47 0.17 0.6 0.635 0.36 0.39 0.53 0.56 0.5 0.5 0.5 0.4 0.724 0.3 0.55 0.25 0.42 1.345 0.901 0.53 0.686 0.59 0.54 0.3 0.5 0.5 0.7 0.5 1.483 0.53 0.37 0.58 0.5 0.23 0.43 0.65 0.46 0.52 1.248 0.4 0.52 0.42 0.4 0.54 0.54 0.36 0.22 0.33 0.42 0.39 1.05 0.58 0.4 0.52 1.483 0.648 0.42 0.47 0.1 0.45 1.483 0.55 0.52 0.59 1.66 0.33 0.46 0.5 0.5 0.485 0.31 0.4 0.53 0.19 0.54 0.25 0.22 0.4 1.43 1.49 0.54 0.59 0.4 1.05 0.59 0.25 0.56 0.42 0.5 0.23 0.46 0.5 0.56 0.5 0.45 0.43 0.53 0.54 0.4 1.483 0.686 0.09 0.26 0.65 0.42 0.49 0.37 0.59 0.47 0.48 0.34 1.345 0.54 0.54 0.45 0.465 0.762 0.3 0.4 0.5 1.42 0.55 0.46 0.45 0.4 0.4 0.41 0.1 0.901 0.47 0.46 0.48 0.47 1.44 0.481 0.47 0.54 0.51 0.37 0.45 0.27 0.34 0.4 0.58 0.39 0.485 0.46 0.4 0.43 1.345 0.648 0.52 0.37 0.46 0.2 0.52 0.58 0.42 0.43 1.345 0.56 0.46 0.3 0.54 0.56 0.637 0.33 0.4 0.38 0.45 0.43 0.38 0.38 0.4 0.4 0.59 0.53 0.56 0.4 0.481 1.38 0.23 0.56 0.37 0.42 0.54 0.4 0.4 0.32 0.1 0.25 0.42 0.68 0.58 0.3 0.4 0.5 1.248 1.483 0.4 1.46 0.58 0.14 0.41 0.3 0.42 0.65 1.66 0.4 0.37 0.46 0.41 0.54 1.248 0.53 0.4 0.476 0.56 0.25 1.345 0.23 0.65 0.47 0.4 1.345 0.53 0.52 0.59 0.4 0.33 0.52 0.4 0.58 0.46 0.47 0.54 0.26 0.47 0.45 0.47 0.39 0.636 0.59 0.5 0.23 0.52 0.4 0.11 0.762 0.48 0.59 0.45 0.36 0.4 1.05 0.4 0.4 0.46 0.53 0.5 0.55 0.43 0.4 0.1 0.637 0.59 0.51 0.3 0.56 0.54 1.46 0.42 0.3 0.2 0.5 0.33 0.45 0.47 0.53 0.41 0.54 0.46 0.4 0.43 0.301 0.3 0.47 0.4 0.4 0.54 0.17 0.55 0.54 0.58 0.485 0.47 0.42 0.59 0.47 1.248 0.635 0.1 0.4 0.5 0.4 0.4 0.43 0.4 0.52 1.483 0.724 0.54 0.901 0.33 0.58 0.4 0.59 0.5 0.4 0.4 1.03 0.54 0.5 0.56 1.46 0.45 0.56 0.4 0.49 0.58 1.345 0.36 0.19 0.476 0.43 0.5 1.43 0.1 0.39 0.58 0.3 0.47 0.377 0.37 0.1 0.37 0.4 0.6 0.68 0.4 0.3 0.65 0.48 0.4 0.39 0.5 0.32 0.68 0.31 0.37 0.485 0.65 0.59 0.45 0.901 0.648 0.56 0.41 0.17 0.3 0.4 0.23 0.37 1.345 0.46 0.43 0.37 0.5 0.5 0.38 0.4 0.5 1.483 0.43 0.47 0.46 0.52 0.6 0.47 1.35 0.54 0.55 0.686 0.4 0.635 0.45 0.23 0.53 0.27 0.37 0.48 0.25 0.762 0.47 0.14 0.22 1.67 0.25 0.46 0.4 0.36 0.54 0.4 0.65 0.41 0.55 0.27 1.05 0.25 0.45 0.377 0.19 0.56 0.47 0.6 0.58 0.46 0.48 0.68 0.56 0.34 0.4 0.47 0.54 0.48 0.41 1.4 0.32 0.2 0.65 0.36 0.56 0.22 0.54 0.27 0.42 0.637 0.5 0.55 0.47 0.71 0.54 0.4 0.22 0.46 0.53 0.56 1.46 0.7 0.42 0.53 0.56 1.345 1.345 0.4 0.47 0.55 0.45 0.37 0.636 0.09 0.54 0.56 0.48 0.58 0.71 0.38 0.42 0.59 0.22 1.483 0.45 0.724 0.52 0.4 0.42 0.465 0.55 0.47 0.4 0.11 0.33 0.37 0.37 0.31 1.483 0.49 0.45 0.54 0.5 1.345 0.41 0.58 0.33 1.483 0.5 0.59 0.481 0.36 0.36 1.248 0.46 0.11 0.46 0.23 1.483 0.5 0.58 0.5 0.5 0.1 0.27 0.7 0.617 0.55 0.4 0.58 1.345 0.45 0.636 0.09 0.5 0.4 0.3 1.05 0.4 0.4 0.7 0.46 0.65 0.58 0.762 0.4 0.301 0.4 0.58 0.5 0.54 0.476 0.3 0.54 0.42 0.901 0.4 0.58 0.53 0.26 0.23 0.58 0.48 0.58 0.27 0.45 1.67 0.465 0.22 0.41 0.43 1.483 0.55 0.22 0.46 0.36 0.42 0.377 0.33 0.901 0.51 0.4
Dot Production Prediction of Lab Growth Rates:
0.372623 0.337574 0.346799 1.66845 0.594579 0.406034 0.697095 0.406153 0.411209 0.381566 0.429172 0.671485 0.69637 0.34821 0.318371 0.538522 0.547699 0.482246 0.348912 0.352237 0.345628 0.702151 0.646581 0.467668 0.333683 0.563787 1.34098 0.902745 0.543703 0.704457 0.547397 0.365941 0.193645 0.33116 0.486114 0.880674 0.317021 1.36257 0.458934 0.401878 0.474648 0.535202 0.545366 0.370958 0.647029 0.33037 0.356773 0.915248 0.339376 0.393897 0.300434 0.339639 0.375073 0.333785 0.412161 0.342298 0.520444 0.334232 0.299215 1.04139 0.472974 0.340351 0.388642 1.34294 0.688165 0.378094 0.353279 1.88082 0.302978 1.3536 0.550406 0.344451 0.558593 1.47107 0.312724 0.403615 0.689932 0.709936 0.589591 0.594438 0.344468 0.395958 0.310205 0.368508 0.93434 0.48203 0.336737 1.22499 1.4722 0.380644 0.328662 0.3392 1.34856 0.3789 0.568267 0.472122 0.278118 0.533769 0.544932 0.369741 0.709582 0.541719 0.482885 0.284132 0.362471 0.278769 0.462884 0.323295 1.3205 0.698175 0.361898 0.360208 0.649954 0.296297 0.386194 0.272257 0.325059 0.316563 0.301212 0.324305 1.33787 0.356899 0.368936 0.418584 0.583614 0.895963 0.679995 0.340327 0.318588 1.47373 0.546316 0.43273 0.347997 0.347505 0.344274 0.345986 0.430917 0.901002 0.371882 0.534393 0.333743 0.352165 1.46687 0.583569 0.358201 0.54001 0.428697 0.372188 0.359989 0.376971 0.324464 0.347603 0.360196 0.307017 0.580596 0.458313 0.350698 0.390752 1.32118 0.69656 0.345978 0.423534 0.347064 0.36775 0.389641 0.470982 0.593879 0.339121 1.32194 0.531226 0.470451 0.197555 0.378791 0.534282 0.697815 0.365635 0.339895 0.276016 1.40006 0.336165 0.28217 0.380332 0.340626 0.335567 0.320454 0.529049 0.556373 0.333109 0.581107 1.26305 0.424591 0.54631 0.385912 0.319317 0.536321 0.332439 0.340292 0.307678 0.337219 0.340809 0.333679 0.373258 0.474377 0.193364 0.345277 0.377262 0.921517 1.32854 0.340682 1.05061 0.472365 0.439762 0.391754 0.717255 0.307656 0.638204 1.40647 0.33437 0.414644 0.450638 0.585342 0.462384 0.917417 0.428454 0.328576 0.587286 0.475904 0.313668 1.37954 0.542226 0.616934 0.395841 0.344012 1.34635 0.318247 0.371063 0.552069 0.339449 0.336526 0.396511 0.346142 0.387173 0.459998 0.390011 0.529189 0.459809 0.358146 0.401074 0.375511 0.345125 0.701695 0.349171 0.811606 0.543737 0.355706 0.34609 0.323908 0.90191 0.330406 0.556438 1.36314 0.37425 0.335986 1.06595 0.348233 0.339137 0.407674 0.534793 0.553826 0.562794 0.440249 0.337685 1.32958 0.697983 0.331109 0.402992 0.363869 0.552529 0.548904 1.05131 0.326841 0.38877 0.365097 0.802695 0.462134 1.45056 0.350051 0.529178 0.590903 0.335936 0.29271 0.333568 0.434092 0.593921 0.523059 0.466841 0.338178 0.33851 0.452318 0.301754 0.470608 0.373482 0.350658 0.585637 0.359902 0.329216 0.546286 0.397637 0.910182 0.696217 1.99059 0.339891 0.748392 0.332595 0.336999 0.361273 0.296636 0.350378 1.31156 0.697763 0.534007 0.891119 0.31831 0.45464 0.337586 0.545532 0.472039 0.336532 0.336091 1.22574 0.399516 0.320697 0.549578 1.39649 0.378025 0.474614 0.334215 0.402096 0.384073 1.34916 0.414064 0.312878 0.588248 0.424852 0.470644 1.22726 0.965992 0.325815 0.474453 0.649393 0.463994 0.582993 0.43655 1.64403 0.409054 0.350135 0.692193 0.369279 0.335689 0.714623 0.655875 0.329012 0.337277 0.310872 0.844054 0.347643 0.370457 0.609299 0.408151 0.581119 0.652746 0.357368 0.350815 0.901457 0.692581 0.469157 0.331147 0.312693 0.657907 0.34022 0.424052 0.406937 1.30071 0.54374 0.373794 0.422479 0.332364 0.837756 0.314605 0.326668 0.332611 1.30408 0.341565 0.400647 0.469794 0.382903 0.67137 0.360486 1.15974 0.346777 0.554485 0.703458 0.378986 0.69981 0.353264 0.42486 0.365282 0.329921 0.400513 0.283616 0.530984 0.885276 0.465679 0.438246 0.395836 1.3567 0.340167 0.323064 0.338062 0.313927 0.529625 0.335119 0.649997 0.375052 0.471505 0.632641 1.05721 1.44249 0.374183 0.588581 0.318039 0.473422 0.365086 0.710337 0.475759 0.466812 0.278304 0.373465 0.548989 0.337883 0.324951 0.35809 0.464323 0.292016 0.388366 1.4 0.320001 0.332905 0.666143 0.327751 0.550708 0.430886 0.290476 0.36511 0.351407 0.694779 0.736191 0.558257 0.448592 0.70888 0.458749 0.339956 0.478426 0.297684 0.545413 0.55178 1.05702 0.880539 0.595373 0.303014 0.472136 1.39304 1.36235 0.347333 0.359126 0.452573 1.39965 0.435508 0.707099 0.331294 0.449693 0.549973 0.31531 0.474736 0.699876 0.375515 0.33053 0.551216 0.480136 1.31345 0.322259 0.70481 0.339774 0.346241 0.352955 0.589981 0.545484 0.421497 0.347236 0.384713 0.351373 0.571952 0.424449 0.588576 1.3169 0.38603 0.400401 0.549564 0.543635 1.31086 0.587592 0.293509 0.30968 1.32165 0.78214 0.315897 0.585674 0.349276 0.360145 0.909753 0.524107 0.367221 0.432946 0.548151 1.31313 0.319008 0.339038 0.545195 0.480436 0.436308 0.289572 0.879682 0.664482 0.47139 0.3389 0.479717 1.35632 1.40776 0.701213 0.465251 0.801564 0.338751 0.309593 1.07626 0.340866 0.330018 0.883778 0.460461 0.673074 0.48016 0.887565 0.332829 0.593958 0.33318 0.31131 0.368002 0.34605 0.590022 0.60941 0.299808 0.312815 0.901 0.336341 0.369982 0.545509 0.591917 0.550814 0.461262 0.348006 0.369165 0.355611 1.47808 1.44252 0.590333 0.482332 0.329176 0.398254 1.29548 0.47451 0.485472 0.385767 0.32026 0.308866 0.584026 0.499023 0.901002 0.411612 0.330489
Testing:
Lab Growth Rates:
0.45
Dot Production Prediction of Lab Growth Rates:
1.4722
Best performance so far: 
Obj: 4.64642e-310Rho: 6.5069e-314Diff: 4.64642e-310
Test:
 Lab Growth Rates:
0.45Dot Product Prediction of Growth Rate:
1.472196