seed =  5 traits =  1 
Training: part  122 
Training: part  122 
Round  1 
 Goal of obj  0.99 
Temperature range:  0.00390625 7.8125e-14 
Cycle 1Round 1
Iter 500000 pBad 0.844104 T 0.00113976 Obj 1.04719 Rho 0 GRdif 27.1115 success 146560 failure 10415 obj_new 1.04719 SA_pAcc 0.974827 Delta 0.0133999 SA_r 0.602306 freedomratio 0.382563
Iter 1000000 pBad 0.791772 T 0.000332555 Obj 1.02936 Rho 0 GRdif 17.016 success 289972 failure 27978 obj_new 1.02936 SA_pAcc 1 Delta 0.00822475 SA_r 0.123335 freedomratio 0.372152
Iter 1500000 pBad 0.681626 T 9.70321e-05 Obj 1.02452 Rho 0 GRdif 14.2436 success 431564 failure 49677 obj_new 1.02452 SA_pAcc 0.994717 Delta 0.0439491 SA_r 0.821802 freedomratio 0.371681
Iter 2000000 pBad 0.562683 T 2.83118e-05 Obj 1.02224 Rho 0 GRdif 12.9321 success 570166 failure 76839 obj_new 1.02224 SA_pAcc 1 Delta -0.0423804 SA_r 0.898771 freedomratio 0.362292
Iter 2500000 pBad 0.475345 T 8.26073e-06 Obj 1.01844 Rho 0 GRdif 10.7412 success 704795 failure 112611 obj_new 1.01844 SA_pAcc 0.949154 Delta -0.0402856 SA_r 0.744858 freedomratio 0.3581
Iter 3000000 pBad 0.331611 T 2.41029e-06 Obj 1.01262 Rho 0 GRdif 7.37151 success 822732 failure 180028 obj_new 1.01262 SA_pAcc 1 Delta 0.0166605 SA_r 0.114953 freedomratio 0.347312
Iter 3500000 pBad 0.202611 T 7.03269e-07 Obj 1.01035 Rho 0 GRdif 6.05707 success 927206 failure 275401 obj_new 1.01035 SA_pAcc 1 Delta 0.00932145 SA_r 0.522227 freedomratio 0.329043
Iter 4000000 pBad 0.12126 T 2.05198e-07 Obj 1.00895 Rho 0 GRdif 5.23766 success 1007374 failure 425151 obj_new 1.00895 SA_pAcc 1 Delta 0.00182195 SA_r 0.218103 freedomratio 0.290084
Iter 4500000 pBad 0.0519246 T 5.98721e-08 Obj 1.00853 Rho 0 GRdif 4.99338 success 1054984 failure 654292 obj_new 1.00853 SA_pAcc 1 Delta 0.00287175 SA_r 0.896211 freedomratio 0.249364
Iter 5000000 pBad 0.035387 T 1.74693e-08 Obj 1.00838 Rho 0 GRdif 4.91226 success 1082038 failure 942168 obj_new 1.00839 SA_pAcc 8.49581e-128 Delta -0.000366428 SA_r 0.761814 freedomratio 0.22924
Iter 5500000 pBad 0.0113372 T 5.09715e-09 Obj 1.00831 Rho 0 GRdif 4.9078 success 1099096 failure 1267989 obj_new 1.00838 SA_pAcc 0 Delta 0.000981405 SA_r 0.148967 freedomratio 0.206751
Iter 6000000 pBad 0.0099533 T 1.48723e-09 Obj 1.00828 Rho 0 GRdif 4.85474 success 1110580 failure 1620650 obj_new 1.00829 SA_pAcc 0 Delta 0.000778197 SA_r 0.0254546 freedomratio 0.196919
Iter 6500000 pBad 0.00362925 T 4.33941e-10 Obj 1.00827 Rho 0 GRdif 4.84294 success 1117915 failure 1992164 obj_new 1.00827 SA_pAcc 0 Delta -0.000102983 SA_r 0.0935028 freedomratio 0.190107
Iter 7000000 pBad 0.0010229 T 1.26614e-10 Obj 1.00826 Rho 0 GRdif 4.86761 success 1123491 failure 2374743 obj_new 1.00831 SA_pAcc 0 Delta 1.29726e-05 SA_r 0.976493 freedomratio 0.186135
Iter 7500000 pBad 0.000661898 T 3.69431e-11 Obj 1.00825 Rho 0 GRdif 4.83164 success 1128426 failure 2766048 obj_new 1.00825 SA_pAcc 0 Delta -1.03829e-05 SA_r 0.011613 freedomratio 0.182043
Iter 8000000 pBad 0.000446493 T 1.07792e-11 Obj 1.00825 Rho 0 GRdif 4.82887 success 1132946 failure 3164657 obj_new 1.00825 SA_pAcc 0 Delta -7.81649e-06 SA_r 0.76338 freedomratio 0.178074
Iter 8500000 pBad 0.000327588 T 3.14512e-12 Obj 1.00824 Rho 0 GRdif 4.82727 success 1136565 failure 3570308 obj_new 1.00824 SA_pAcc 0 Delta 2.75606e-05 SA_r 0.113103 freedomratio 0.17589
Iter 9000000 pBad 0.000623106 T 9.17673e-13 Obj 1.00824 Rho 0 GRdif 4.82597 success 1142517 failure 3974771 obj_new 1.00824 SA_pAcc 0 Delta -3.03917e-06 SA_r 0.596922 freedomratio 0.17093
Iter 9500000 pBad 1.83429e-25 T 2.67756e-13 Obj 1.00824 Rho 0 GRdif 4.8254 success 1148687 failure 4368528 obj_new 1.00824 SA_pAcc 0 Delta -1.10747e-27 SA_r 0.2332 freedomratio 0.161184
Iter 10000000 pBad 1.5898e-69 T 7.81252e-14 Obj 1.00824 Rho 0 GRdif 4.8254 success 1148760 failure 4719929 obj_new 1.00824 SA_pAcc 1 Delta -1.16111e-70 SA_r 0.237834 freedomratio 0.161096
Cannot move further
iter 9.5698e+06 obj1.00824 rho 0 GRdif 4.8254
Training:
Lab Growth Rates:
0.27 0.3 0.45 0.485 0.55 0.46 0.53 0.09 0.59 0.476 0.58 0.54 1.05 0.4 0.4 0.47 0.27 0.65 0.54 0.47 0.4 0.6 1.49 0.26 0.4 0.3 0.54 1.67 0.49 0.65 0.5 0.41 0.36 0.5 0.17 0.52 0.46 0.52 0.37 1.483 0.54 0.42 0.31 0.56 0.46 0.46 0.724 0.54 1.483 0.58 0.3 0.59 0.4 0.58 0.11 0.45 0.47 0.39 0.34 0.6 0.4 0.4 0.45 0.4 0.5 0.53 0.48 0.48 0.65 0.33 0.4 1.345 0.59 0.5 0.4 0.53 0.53 0.17 0.4 0.3 0.23 0.26 0.4 0.5 0.42 0.33 0.59 0.49 0.724 0.46 0.48 0.23 0.5 0.22 0.52 0.43 0.45 0.53 0.38 0.25 0.47 1.345 1.345 1.345 0.724 1.483 0.58 0.1 0.23 0.27 1.248 0.22 0.39 0.49 0.59 0.53 0.25 0.4 0.56 0.901 0.42 0.54 0.45 0.6 1.483 0.55 0.4 0.11 0.1 0.42 0.46 0.56 0.4 0.4 0.45 0.39 0.3 0.4 1.05 0.37 0.39 0.47 0.54 1.483 1.35 0.41 0.4 0.25 0.14 0.32 0.39 0.52 0.46 0.636 0.52 0.301 0.58 0.43 0.56 0.4 0.46 0.55 0.53 0.476 0.58 0.43 0.48 0.45 0.47 0.43 1.46 0.37 0.47 0.59 0.53 0.465 0.4 0.58 0.4 0.59 0.58 0.26 0.5 0.4 0.4 0.42 0.59 0.37 0.301 0.19 0.4 1.43 0.33 0.54 0.45 0.48 0.5 0.34 1.483 1.345 0.37 0.481 0.48 1.46 0.901 0.5 0.4 0.55 0.3 1.248 0.58 0.4 0.59 0.59 0.5 0.4 0.33 0.635 0.65 0.68 0.58 0.42 0.4 0.41 0.38 0.55 0.377 0.58 0.42 0.762 0.762 0.5 0.3 0.4 0.465 0.55 0.1 0.54 1.66 0.38 0.4 0.45 0.41 0.42 0.43 0.56 0.7 0.617 0.5 0.58 0.4 0.33 0.47 0.47 0.32 0.637 0.47 1.483 0.37 0.37 1.345 0.2 0.54 0.4 0.22 0.52 0.5 0.46 0.41 0.5 0.4 0.42 0.47 0.37 0.762 0.45 0.54 0.25 0.41 0.27 0.58 0.19 0.45 0.59 0.485 0.46 0.52 0.65 0.4 0.43 0.42 0.52 0.46 0.54 0.38 0.52 0.635 0.53 0.47 0.25 0.4 0.4 0.51 0.37 0.4 0.4 0.4 0.58 0.53 0.42 0.31 0.648 0.46 0.47 0.4 0.47 0.54 0.54 0.37 1.483 0.59 0.54 0.46 1.483 0.45 0.5 0.5 0.4 0.46 0.71 0.5 0.23 0.4 0.56 0.25 1.483 0.23 0.54 0.7 0.45 0.47 0.55 0.32 0.5 0.23 0.648 0.46 0.7 0.5 0.51 0.11 0.17 0.47 0.5 0.762 0.5 0.36 1.43 0.47 0.56 1.483 1.67 0.25 1.05 1.345 0.56 0.56 0.4 0.4 0.48 1.345 0.33 0.47 0.37 0.56 0.38 0.45 0.09 0.5 0.485 0.68 0.4 0.31 0.4 1.42 0.54 0.27 0.37 0.5 0.54 0.43 0.14 1.05 0.36 0.3 0.34 0.71 0.47 0.22 0.42 0.53 0.4 0.3 0.377 1.44 0.4 0.55 0.42 0.47 1.483 0.65 0.5 1.345 0.53 1.38 1.05 1.4 0.465 0.22 0.47 0.43 0.65 0.47 0.42 0.33 1.248 0.45 1.248 0.58 0.43 0.59 0.5 0.46 0.5 0.56 0.42 0.37 0.39 0.1 0.2 0.58 0.42 0.5 0.1 0.71 0.52 0.485 0.47 0.481 0.56 0.37 0.3 0.54 0.56 0.46 0.2 0.46 0.53 0.23 0.6 1.66 0.4 0.7 0.43 0.48 0.5 0.58 0.41 0.54 0.45 0.58 0.54 0.686 0.901 0.42 1.46 0.5 0.54 0.1 0.5 0.55 0.37 0.4 0.52 0.22 0.59 0.54 0.4 0.1 0.901 0.901 0.3 0.4 0.65 0.54 0.54 0.3 0.45 0.56 0.686 0.45 0.59 0.68 0.09 0.377 0.45 0.637 0.5 0.3 0.56 1.345 1.345 1.345 0.4 0.5 0.56 0.36 0.54 0.4 0.3 0.56 0.22 0.1 0.648 0.5 0.25 0.59 0.41 0.46 0.637 1.248 0.42 0.4 0.43 0.36 0.481 0.56 0.53 0.51 1.03 0.65 0.68 0.36 0.55 0.41 0.55 0.33 0.636 0.37 0.53 0.301 0.58 0.68 0.36 0.4 0.23 0.54 0.19 1.46 0.4 0.58 0.36 0.58 0.27 0.476 0.4 0.22 0.636 0.33 0.4 0.46 0.4 0.55 0.47 0.635 0.52 0.686 0.4 0.901 0.48 0.23 0.36 0.4 0.4 0.1 0.54 0.43 0.46
Dot Production Prediction of Lab Growth Rates:
0.313752 0.479609 0.295388 0.602068 0.565681 0.359474 0.319543 0.356557 0.559135 0.60766 0.367826 0.491577 1.05 0.400596 0.403375 0.36181 0.270011 0.635854 0.358666 0.337996 0.398826 0.589095 1.52597 0.480727 0.395378 0.269549 0.513987 1.55412 0.399885 0.650785 0.455547 0.384923 0.342253 0.333879 0.25288 0.385996 0.465928 0.364298 0.441313 1.22905 0.491847 0.341182 0.492177 0.530197 0.436923 0.342015 0.701878 0.557597 1.34045 0.469006 0.273022 0.537731 0.397707 0.445593 0.348686 1.45602 0.422608 0.311823 0.339997 0.583794 0.409076 0.402686 1.49665 0.387721 0.416964 0.527054 0.353656 0.296105 0.646213 0.440828 0.403082 1.29381 0.537925 0.492956 0.393249 0.384469 0.395163 0.296625 0.405907 0.596128 0.555096 0.415922 0.403587 0.363473 0.496692 0.357519 0.294807 0.390703 0.699804 0.325153 0.35082 0.433184 0.481672 0.493538 0.350295 0.352721 0.38981 0.272129 0.370413 0.349406 0.407245 1.27106 1.37046 1.29421 0.698296 1.22239 0.325866 1.82379 0.433831 0.34609 0.858125 0.487753 0.304852 0.398673 0.564526 0.383632 0.406996 0.285295 0.550022 0.902255 0.411372 0.521992 0.37743 0.579644 1.28719 0.546727 0.402078 0.377765 1.83056 0.318494 0.438831 0.547324 0.405288 0.395946 0.387649 0.329112 0.271684 0.405423 1.05002 0.413227 0.317329 0.339067 0.307291 1.28536 1.23796 0.29914 0.404729 0.35075 0.484046 0.33627 0.356017 0.364692 0.45125 0.704401 0.373497 0.609203 0.329804 0.351613 0.55555 0.395894 0.394953 0.541098 0.523275 0.600485 0.366668 0.380901 0.327022 0.291452 0.325467 0.322969 1.54029 0.407415 0.341975 0.313048 0.549259 0.601538 0.403423 0.35219 0.400593 0.336004 0.472943 0.435263 0.520684 0.405463 0.400748 0.346939 0.319588 0.399864 0.608575 0.284074 0.39696 1.40395 0.452626 0.528135 1.55505 0.254214 0.686452 0.341799 1.30013 1.39623 0.409479 0.590786 0.357501 1.02047 0.901001 0.321413 0.406398 0.471775 0.551804 0.865822 0.495901 0.394036 0.538592 0.348139 0.784775 0.347675 0.287149 0.693418 0.924272 0.456066 0.387307 0.319171 0.397122 0.593504 0.308065 0.494363 0.590358 0.492901 0.358431 0.778987 0.774518 0.558372 0.552911 0.401547 0.597545 0.553266 0.402468 0.386504 1.62788 0.291597 0.400741 0.404119 0.342992 0.272882 0.379315 0.563328 0.730821 0.850328 0.389586 0.471947 0.397635 0.330163 0.423462 0.403372 0.314566 0.696878 0.35879 1.28462 0.402297 0.40402 1.36202 0.348384 0.393006 0.391309 0.49005 0.359876 0.563503 0.348858 0.410678 0.355175 0.401372 0.274614 0.424235 0.424538 0.781496 1.50024 0.478212 0.446387 0.593136 0.508992 0.468919 0.294071 0.353804 0.313406 0.593655 0.452182 0.361236 0.629074 0.407947 0.381156 0.300513 0.384562 0.401039 0.324485 0.365093 0.350771 0.700485 0.530004 0.365358 1.51649 0.402581 0.392506 0.389408 0.399736 0.400631 0.387139 0.402236 0.510453 0.521123 0.32828 0.510436 0.693125 0.45059 0.35213 0.390888 0.410285 0.345992 0.34837 0.406281 1.33449 0.354567 0.393872 0.415045 1.3462 0.388628 0.769278 0.317156 0.399624 0.300343 0.707918 0.338033 0.555979 0.404799 0.482043 0.987776 1.23781 0.547117 0.505343 0.735942 1.52597 0.389521 0.5678 0.346926 0.347765 0.545143 0.694916 0.284982 0.748126 0.373168 0.375357 0.328408 0.390049 0.39909 0.499993 0.792145 0.728077 0.366763 1.36824 0.338882 0.556064 1.24998 1.40462 0.357889 1.03057 1.28259 0.495768 0.550871 0.400083 0.293906 0.253909 1.31734 0.36554 0.370412 0.293282 0.531793 0.292332 1.47932 0.435472 0.771827 0.597698 0.448092 0.392302 0.498569 0.397905 1.53826 0.287352 0.333025 0.414025 0.336013 0.527773 0.403986 0.485344 1.05017 0.413227 0.553449 0.312323 0.697174 0.384298 0.391775 0.494444 0.433272 0.399134 0.579356 0.598919 1.49805 0.405305 0.488123 0.334599 0.406667 1.26411 0.963029 0.768395 1.23408 0.395983 1.28325 1.4855 1.39999 0.602167 0.487375 0.329619 0.350894 0.658582 0.345253 0.281772 0.303292 0.862088 0.320047 0.855492 0.469631 0.35054 0.328916 0.496268 0.323498 0.473819 0.497712 0.31456 0.423928 0.311929 2.16817 0.335428 0.412926 0.31677 0.761291 0.407102 0.692412 0.381514 0.594886 0.285279 0.594082 0.556515 0.421373 0.526865 0.353319 0.53593 0.478886 0.319369 0.450284 0.542772 0.544081 0.561291 1.65254 0.400014 0.752338 0.38659 0.290598 0.53672 0.491767 0.592654 0.539476 1.54313 0.466798 0.479926 0.697977 0.900838 0.352712 1.04069 0.71781 0.329786 0.299548 0.519956 0.554014 0.400686 0.390106 0.351444 0.422984 0.559372 0.552732 0.388509 2.17267 0.907549 0.901 0.339508 0.394447 0.979955 0.298998 0.329808 0.606795 0.373034 0.471175 0.702504 0.348884 0.542832 0.456628 0.369957 0.59105 0.384462 0.691645 0.747065 0.326284 0.470421 1.28518 1.2943 1.29361 0.405715 0.475618 0.549026 0.418853 0.312753 0.393236 0.29808 0.541251 0.485066 0.957201 0.686557 0.682449 0.309182 0.340173 0.347104 0.38013 0.698065 0.856457 0.492644 0.397572 0.378289 0.385425 0.59525 0.470286 0.333079 0.406667 1.2751 0.648652 0.452573 0.359119 0.489423 0.378434 0.488511 0.434886 0.709787 0.37662 0.438183 0.607474 0.267886 0.450773 0.358068 0.402725 0.53744 0.404843 0.305154 1.02204 0.401621 0.365163 0.334146 0.467709 0.361415 0.605972 0.397969 0.35561 0.718406 0.300756 0.402301 0.362825 0.402351 0.507475 0.357254 0.697439 0.350019 0.702281 0.403731 0.818147 0.366805 0.43347 0.310151 0.384317 0.402942 1.49111 0.529619 0.335151 0.460975
Testing:
Lab Growth Rates:
0.5
Dot Production Prediction of Lab Growth Rates:
0.775398
Best performance so far: 
Obj: 4.66627e-310Rho: 2.26291e-314Diff: 4.66627e-310
Anneal again with the best G and E so far as input
Cycle 2Round 1
Iter 500000 pBad 0.842297 T 0.00113976 Obj 1.0428 Rho 0 GRdif 24.643 success 125572 failure 10554 obj_new 1.0428 SA_pAcc 1.02444 Delta -0.0100081 SA_r 0.508377 freedomratio 0.302469
Iter 1000000 pBad 0.803508 T 0.000332555 Obj 1.03258 Rho 0 GRdif 18.8514 success 249726 failure 24752 obj_new 1.03258 SA_pAcc 1 Delta -0.0446301 SA_r 0.706484 freedomratio 0.303562
Iter 1500000 pBad 0.76012 T 9.70321e-05 Obj 1.02663 Rho 0 GRdif 15.4522 success 371805 failure 42386 obj_new 1.02663 SA_pAcc 1 Delta -0.0259724 SA_r 0.137959 freedomratio 0.30419
Iter 2000000 pBad 0.610856 T 2.83118e-05 Obj 1.02039 Rho 0 GRdif 11.8671 success 490863 failure 67434 obj_new 1.02039 SA_pAcc 1 Delta -0.0363674 SA_r 0.758614 freedomratio 0.30123
Iter 2500000 pBad 0.416576 T 8.26073e-06 Obj 1.01748 Rho 0 GRdif 10.1921 success 603478 failure 105650 obj_new 1.01748 SA_pAcc 1 Delta 0.0403525 SA_r 0.628832 freedomratio 0.29727
Iter 3000000 pBad 0.303506 T 2.41029e-06 Obj 1.0114 Rho 0 GRdif 6.66588 success 701068 failure 175715 obj_new 1.0114 SA_pAcc 1 Delta -0.0250965 SA_r 0.938596 freedomratio 0.281474
Iter 3500000 pBad 0.200223 T 7.03269e-07 Obj 1.01006 Rho 0 GRdif 5.88672 success 778853 failure 287649 obj_new 1.01006 SA_pAcc 1.01794 Delta 0.0186233 SA_r 0.511846 freedomratio 0.274638
Iter 4000000 pBad 0.0812836 T 2.05198e-07 Obj 1.00937 Rho 0 GRdif 5.4811 success 841598 failure 435994 obj_new 1.00937 SA_pAcc 1 Delta -0.00412221 SA_r 0.770832 freedomratio 0.240098
Iter 4500000 pBad 0.0522 T 5.98721e-08 Obj 1.00906 Rho 0 GRdif 5.3069 success 880817 failure 652206 obj_new 1.00907 SA_pAcc 2.08367e-21 Delta -0.00521668 SA_r 0.194592 freedomratio 0.219076
Iter 5000000 pBad 0.0245308 T 1.74693e-08 Obj 1.00889 Rho 0 GRdif 5.20562 success 906541 failure 917029 obj_new 1.00889 SA_pAcc 5.16581e-49 Delta 0.000195081 SA_r 0.245148 freedomratio 0.193357
Iter 5500000 pBad 0.0151549 T 5.09715e-09 Obj 1.00884 Rho 0 GRdif 5.1746 success 921627 failure 1225380 obj_new 1.00884 SA_pAcc 1 Delta -0.00104245 SA_r 0.540187 freedomratio 0.181762
Iter 6000000 pBad 0.0066288 T 1.48723e-09 Obj 1.00881 Rho 0 GRdif 5.15955 success 932011 failure 1558173 obj_new 1.00881 SA_pAcc 0 Delta -0.000626838 SA_r 0.0490454 freedomratio 0.173656
Iter 6500000 pBad 0.0040587 T 4.33941e-10 Obj 1.0088 Rho 0 GRdif 5.15031 success 938780 failure 1911103 obj_new 1.0088 SA_pAcc 1 Delta -0.000108087 SA_r 0.150034 freedomratio 0.167808
Iter 7000000 pBad 0.00291521 T 1.26614e-10 Obj 1.00879 Rho 0 GRdif 5.1468 success 943153 failure 2274848 obj_new 1.00879 SA_pAcc 0.265816 Delta -1.01192e-05 SA_r 0.854365 freedomratio 0.164476
Iter 7500000 pBad 0.00175556 T 3.69431e-11 Obj 1.00879 Rho 0 GRdif 5.14565 success 946756 failure 2645447 obj_new 1.00879 SA_pAcc 0 Delta 9.9886e-05 SA_r 0.241588 freedomratio 0.162521
Iter 8000000 pBad 0.000514115 T 1.07792e-11 Obj 1.00879 Rho 0 GRdif 5.14652 success 949438 failure 3022462 obj_new 1.00879 SA_pAcc 0 Delta -4.7817e-05 SA_r 0.283004 freedomratio 0.1607
Iter 8500000 pBad 0.00077666 T 3.14512e-12 Obj 1.00878 Rho 0 GRdif 5.1424 success 953973 failure 3402372 obj_new 1.00878 SA_pAcc 0 Delta 6.06421e-05 SA_r 0.853535 freedomratio 0.157895
Iter 9000000 pBad 0.000249975 T 9.17673e-13 Obj 1.00878 Rho 0 GRdif 5.31878 success 960626 failure 3789146 obj_new 1.00909 SA_pAcc 0 Delta -3.3819e-06 SA_r 0.76752 freedomratio 0.149428
Iter 9500000 pBad 2.27303e-11 T 2.67756e-13 Obj 1.00878 Rho 0 GRdif 5.14372 success 967475 failure 4164735 obj_new 1.00879 SA_pAcc 0 Delta 3.60312e-16 SA_r 0.709772 freedomratio 0.143485
Good enough
iter 9.66493e+06 obj1.00878 rho 0 GRdif 5.14159
Training:
Lab Growth Rates:
0.27 0.3 0.45 0.485 0.55 0.46 0.53 0.09 0.59 0.476 0.58 0.54 1.05 0.4 0.4 0.47 0.27 0.65 0.54 0.47 0.4 0.6 1.49 0.26 0.4 0.3 0.54 1.67 0.49 0.65 0.5 0.41 0.36 0.5 0.17 0.52 0.46 0.52 0.37 1.483 0.54 0.42 0.31 0.56 0.46 0.46 0.724 0.54 1.483 0.58 0.3 0.59 0.4 0.58 0.11 0.45 0.47 0.39 0.34 0.6 0.4 0.4 0.45 0.4 0.5 0.53 0.48 0.48 0.65 0.33 0.4 1.345 0.59 0.5 0.4 0.53 0.53 0.17 0.4 0.3 0.23 0.26 0.4 0.5 0.42 0.33 0.59 0.49 0.724 0.46 0.48 0.23 0.5 0.22 0.52 0.43 0.45 0.53 0.38 0.25 0.47 1.345 1.345 1.345 0.724 1.483 0.58 0.1 0.23 0.27 1.248 0.22 0.39 0.49 0.59 0.53 0.25 0.4 0.56 0.901 0.42 0.54 0.45 0.6 1.483 0.55 0.4 0.11 0.1 0.42 0.46 0.56 0.4 0.4 0.45 0.39 0.3 0.4 1.05 0.37 0.39 0.47 0.54 1.483 1.35 0.41 0.4 0.25 0.14 0.32 0.39 0.52 0.46 0.636 0.52 0.301 0.58 0.43 0.56 0.4 0.46 0.55 0.53 0.476 0.58 0.43 0.48 0.45 0.47 0.43 1.46 0.37 0.47 0.59 0.53 0.465 0.4 0.58 0.4 0.59 0.58 0.26 0.5 0.4 0.4 0.42 0.59 0.37 0.301 0.19 0.4 1.43 0.33 0.54 0.45 0.48 0.5 0.34 1.483 1.345 0.37 0.481 0.48 1.46 0.901 0.5 0.4 0.55 0.3 1.248 0.58 0.4 0.59 0.59 0.5 0.4 0.33 0.635 0.65 0.68 0.58 0.42 0.4 0.41 0.38 0.55 0.377 0.58 0.42 0.762 0.762 0.5 0.3 0.4 0.465 0.55 0.1 0.54 1.66 0.38 0.4 0.45 0.41 0.42 0.43 0.56 0.7 0.617 0.5 0.58 0.4 0.33 0.47 0.47 0.32 0.637 0.47 1.483 0.37 0.37 1.345 0.2 0.54 0.4 0.22 0.52 0.5 0.46 0.41 0.5 0.4 0.42 0.47 0.37 0.762 0.45 0.54 0.25 0.41 0.27 0.58 0.19 0.45 0.59 0.485 0.46 0.52 0.65 0.4 0.43 0.42 0.52 0.46 0.54 0.38 0.52 0.635 0.53 0.47 0.25 0.4 0.4 0.51 0.37 0.4 0.4 0.4 0.58 0.53 0.42 0.31 0.648 0.46 0.47 0.4 0.47 0.54 0.54 0.37 1.483 0.59 0.54 0.46 1.483 0.45 0.5 0.5 0.4 0.46 0.71 0.5 0.23 0.4 0.56 0.25 1.483 0.23 0.54 0.7 0.45 0.47 0.55 0.32 0.5 0.23 0.648 0.46 0.7 0.5 0.51 0.11 0.17 0.47 0.5 0.762 0.5 0.36 1.43 0.47 0.56 1.483 1.67 0.25 1.05 1.345 0.56 0.56 0.4 0.4 0.48 1.345 0.33 0.47 0.37 0.56 0.38 0.45 0.09 0.5 0.485 0.68 0.4 0.31 0.4 1.42 0.54 0.27 0.37 0.5 0.54 0.43 0.14 1.05 0.36 0.3 0.34 0.71 0.47 0.22 0.42 0.53 0.4 0.3 0.377 1.44 0.4 0.55 0.42 0.47 1.483 0.65 0.5 1.345 0.53 1.38 1.05 1.4 0.465 0.22 0.47 0.43 0.65 0.47 0.42 0.33 1.248 0.45 1.248 0.58 0.43 0.59 0.5 0.46 0.5 0.56 0.42 0.37 0.39 0.1 0.2 0.58 0.42 0.5 0.1 0.71 0.52 0.485 0.47 0.481 0.56 0.37 0.3 0.54 0.56 0.46 0.2 0.46 0.53 0.23 0.6 1.66 0.4 0.7 0.43 0.48 0.5 0.58 0.41 0.54 0.45 0.58 0.54 0.686 0.901 0.42 1.46 0.5 0.54 0.1 0.5 0.55 0.37 0.4 0.52 0.22 0.59 0.54 0.4 0.1 0.901 0.901 0.3 0.4 0.65 0.54 0.54 0.3 0.45 0.56 0.686 0.45 0.59 0.68 0.09 0.377 0.45 0.637 0.5 0.3 0.56 1.345 1.345 1.345 0.4 0.5 0.56 0.36 0.54 0.4 0.3 0.56 0.22 0.1 0.648 0.5 0.25 0.59 0.41 0.46 0.637 1.248 0.42 0.4 0.43 0.36 0.481 0.56 0.53 0.51 1.03 0.65 0.68 0.36 0.55 0.41 0.55 0.33 0.636 0.37 0.53 0.301 0.58 0.68 0.36 0.4 0.23 0.54 0.19 1.46 0.4 0.58 0.36 0.58 0.27 0.476 0.4 0.22 0.636 0.33 0.4 0.46 0.4 0.55 0.47 0.635 0.52 0.686 0.4 0.901 0.48 0.23 0.36 0.4 0.4 0.1 0.54 0.43 0.46
Dot Production Prediction of Lab Growth Rates:
0.326928 0.514991 0.329985 0.570416 0.549669 0.399726 0.321647 0.347756 0.551403 0.569765 0.377136 0.461812 1.05 0.399721 0.403584 0.356714 0.289923 0.644644 0.369685 0.340399 0.397288 0.672031 1.46306 0.595734 0.393564 0.296508 0.466044 1.42157 0.40589 0.665281 0.45125 0.385431 0.350528 0.344501 0.288636 0.409544 0.468547 0.368651 0.537746 1.31617 0.462829 0.353314 0.607436 0.529426 0.552517 0.347301 0.659869 0.553272 1.35075 0.466351 0.30047 0.54547 0.398582 0.453266 0.36224 1.30653 0.377943 0.319101 0.334609 0.656859 0.407208 0.403525 1.38673 0.383233 0.407599 0.52891 0.337756 0.296457 0.664763 0.466393 0.402687 1.35745 0.545919 0.478718 0.391483 0.381633 0.420651 0.298194 0.402366 0.659926 0.558916 0.465183 0.403483 0.357953 0.607245 0.345414 0.326434 0.384663 0.659857 0.347649 0.335432 0.436768 0.485555 0.470254 0.344964 0.393036 0.386441 0.3137 0.376568 0.345274 0.46933 1.31647 1.36111 1.34444 0.65532 1.30098 0.324683 1.60885 0.435666 0.352386 0.825216 0.482902 0.304491 0.3893 0.562046 0.4632 0.483476 0.288792 0.555584 0.901002 0.410571 0.533701 0.374624 0.657881 1.3529 0.547987 0.401686 0.376634 1.61205 0.36227 0.453283 0.546662 0.402209 0.395593 0.403762 0.337696 0.298837 0.403748 1.05 0.43397 0.339815 0.337862 0.350749 1.35103 1.0947 0.330674 0.403037 0.344871 0.394931 0.332898 0.372816 0.384673 0.575503 0.654659 0.388494 0.575708 0.325379 0.343691 0.556159 0.395271 0.429434 0.550004 0.535551 0.56323 0.380777 0.381919 0.327528 0.316299 0.328689 0.324872 1.38876 0.428817 0.312856 0.321797 0.545121 0.562903 0.404106 0.354972 0.398845 0.363001 0.473803 0.413221 0.53713 0.400719 0.399676 0.330123 0.334762 0.41427 0.575946 0.288179 0.3962 1.14699 0.516671 0.537693 1.41066 0.303704 0.771566 0.337864 1.34523 1.38011 0.431546 0.56202 0.345198 1.04914 0.901762 0.338925 0.404331 0.455916 0.611146 0.828002 0.46224 0.394983 0.542403 0.341665 0.923604 0.366409 0.316292 0.653441 0.617909 0.333493 0.386885 0.323855 0.394276 0.56773 0.305062 0.466132 0.56198 0.462535 0.347353 0.762086 0.761672 0.559821 0.60458 0.401491 0.561908 0.54543 0.449273 0.393536 1.43045 0.295315 0.400324 0.408352 0.32963 0.308416 0.389943 0.558261 0.802344 0.724131 0.382972 0.474669 0.397306 0.319636 0.391308 0.361067 0.320032 0.650585 0.385957 1.33654 0.423182 0.425134 1.36383 0.344773 0.387372 0.388871 0.477663 0.338902 0.567612 0.346792 0.394877 0.357236 0.400327 0.311719 0.401787 0.430591 0.764073 1.37762 0.465633 0.498896 0.562155 0.555418 0.467818 0.291802 0.347402 0.330205 0.566114 0.550949 0.316924 0.638286 0.407517 0.437664 0.315501 0.339748 0.432846 0.354709 0.373989 0.358737 0.655613 0.54135 0.367158 1.40901 0.403817 0.39113 0.420844 0.368743 0.39995 0.378518 0.402392 0.468737 0.530643 0.335814 0.625341 0.652474 0.460015 0.363259 0.383268 0.471832 0.382871 0.375918 0.434592 1.37903 0.380552 0.383265 0.459885 1.36943 0.367298 0.924334 0.321654 0.399818 0.330203 0.660184 0.340758 0.573901 0.403239 0.47155 1.03377 1.32091 0.569748 0.45616 0.796099 1.46306 0.371523 0.550427 0.352737 0.329638 0.561258 0.649695 0.310397 0.803738 0.369833 0.378585 0.337104 0.405992 0.470803 0.470498 0.767993 0.82437 0.357973 1.15292 0.345553 0.550837 1.30641 1.37932 0.343924 1.05154 1.33183 0.463825 0.558296 0.398454 0.298621 0.27796 1.34928 0.358139 0.379923 0.292522 0.529871 0.308694 1.33907 0.447026 0.821211 0.566363 0.330098 0.389911 0.611886 0.397493 1.46299 0.306523 0.36981 0.383148 0.340739 0.540403 0.420854 0.393621 1.05032 0.413553 0.629946 0.321031 0.655003 0.391924 0.387049 0.581819 0.528915 0.40031 0.650848 0.565184 1.45149 0.40422 0.46914 0.335237 0.389265 1.34677 0.649972 0.885318 1.3062 0.368461 1.27256 1.36736 1.39999 0.565699 0.481567 0.353626 0.339326 0.661114 0.355209 0.311148 0.314941 0.826543 0.367617 0.823573 0.465664 0.350817 0.333782 0.473248 0.33554 0.465075 0.466767 0.324883 0.4264 0.310859 1.82311 0.35078 0.382502 0.343826 0.849605 0.460919 0.649064 0.396999 0.565926 0.307794 0.564942 0.554277 0.425865 0.568308 0.349365 0.539261 0.458941 0.366784 0.461812 0.556814 0.556362 0.625603 1.40969 0.40004 0.807446 0.425236 0.318124 0.545595 0.469601 0.568315 0.537035 1.43109 0.473534 0.449229 0.654955 0.900993 0.354335 1.05975 0.864588 0.367993 0.356309 0.536515 0.556538 0.42074 0.384718 0.342628 0.453613 0.553969 0.556797 0.38273 1.80387 0.902988 0.911903 0.399795 0.394957 0.65063 0.30249 0.336458 0.678521 0.360493 0.469598 0.659583 0.35237 0.544524 0.33121 0.367562 0.562938 0.360979 0.64797 0.869588 0.368083 0.467491 1.345 1.34503 1.3366 0.406604 0.466507 0.559749 0.41506 0.330075 0.383388 0.328638 0.544683 0.478702 1.03525 0.644168 0.724022 0.302873 0.35723 0.358534 0.407903 0.650979 0.820851 0.583624 0.385639 0.357391 0.360002 0.562396 0.463428 0.321663 0.422926 1.2762 0.649939 0.333642 0.344685 0.465995 0.370432 0.461474 0.543466 0.660836 0.389579 0.413534 0.571878 0.286651 0.331149 0.345114 0.40491 0.550422 0.38673 0.291356 1.06755 0.401046 0.355959 0.335154 0.475588 0.356186 0.565034 0.396855 0.34516 0.662213 0.325399 0.402685 0.382644 0.401289 0.463395 0.358262 0.654189 0.351628 0.657672 0.401755 0.803715 0.361817 0.433168 0.312471 0.379361 0.400695 1.4018 0.531882 0.358698 0.469039
Testing:
Lab Growth Rates:
0.5
Dot Production Prediction of Lab Growth Rates:
0.830344
Best performance so far: 
Obj: 4.66627e-310Rho: 4.24399e-314Diff: 4.66627e-310
Test:
 Lab Growth Rates:
0.5Dot Product Prediction of Growth Rate:
0.8303439