seed =  5 traits =  1 
Training: part  180 
Training: part  180 
Round  1 
 Goal of obj  0.99 
Temperature range:  0.0078125 6.25e-13 
Cycle 1Round 1
Iter 500000 pBad 0.874569 T 0.00244312 Obj 1.09483 Rho 0 GRdif 53.0896 success 147124 failure 8388 obj_new 1.09483 SA_pAcc 1 Delta -0.0365711 SA_r 0.632678 freedomratio 0.362848
Iter 1000000 pBad 0.814338 T 0.000764012 Obj 1.05698 Rho 0 GRdif 32.5644 success 291546 failure 22929 obj_new 1.05714 SA_pAcc 0.808838 Delta 0.0771019 SA_r 0.905571 freedomratio 0.370183
Iter 1500000 pBad 0.762286 T 0.000238921 Obj 1.03047 Rho 0 GRdif 17.5873 success 434394 failure 41838 obj_new 1.03047 SA_pAcc 1 Delta -0.00218701 SA_r 0.278514 freedomratio 0.369949
Iter 2000000 pBad 0.665818 T 7.47152e-05 Obj 1.02342 Rho 0 GRdif 13.566 success 574037 failure 68342 obj_new 1.02342 SA_pAcc 0.626091 Delta -0.03816 SA_r 0.352596 freedomratio 0.363749
Iter 2500000 pBad 0.586252 T 2.33649e-05 Obj 1.01871 Rho 0 GRdif 10.8653 success 709003 failure 101851 obj_new 1.01871 SA_pAcc 1.45283 Delta -0.0339011 SA_r 0.033363 freedomratio 0.370183
Iter 3000000 pBad 0.516509 T 7.30665e-06 Obj 1.0145 Rho 0 GRdif 8.43703 success 836056 failure 150920 obj_new 1.0145 SA_pAcc 1 Delta -0.0225234 SA_r 0.31486 freedomratio 0.362624
Iter 3500000 pBad 0.380443 T 2.28493e-06 Obj 1.0108 Rho 0 GRdif 6.2957 success 957390 failure 212281 obj_new 1.0108 SA_pAcc 0.510243 Delta -0.0330811 SA_r 0.950066 freedomratio 0.352163
Iter 4000000 pBad 0.193383 T 7.14541e-07 Obj 1.00962 Rho 0 GRdif 5.61358 success 1053692 failure 323397 obj_new 1.00963 SA_pAcc 0.305342 Delta 0.012357 SA_r 0.466792 freedomratio 0.321801
Iter 4500000 pBad 0.0890247 T 2.23451e-07 Obj 1.00916 Rho 0 GRdif 5.34489 success 1122457 failure 494142 obj_new 1.00916 SA_pAcc 1 Delta -0.00287291 SA_r 0.196181 freedomratio 0.282955
Iter 5000000 pBad 0.0500162 T 6.98773e-08 Obj 1.00903 Rho 0 GRdif 5.27186 success 1160380 failure 741200 obj_new 1.00904 SA_pAcc 5.01339e-20 Delta -0.00187764 SA_r 0.364795 freedomratio 0.248621
Iter 5500000 pBad 0.0231503 T 2.1852e-08 Obj 1.00898 Rho 0 GRdif 5.23664 success 1182619 failure 1036698 obj_new 1.00898 SA_pAcc 0.00323838 Delta 0.0014888 SA_r 0.0841726 freedomratio 0.227132
Iter 6000000 pBad 0.0110495 T 6.83353e-09 Obj 1.00895 Rho 0 GRdif 5.22656 success 1196307 failure 1362110 obj_new 1.00896 SA_pAcc 6.08827e-263 Delta -0.000424773 SA_r 0.211254 freedomratio 0.215125
Iter 6500000 pBad 0.00440817 T 2.13698e-09 Obj 1.00894 Rho 0 GRdif 5.2183 success 1204219 failure 1708832 obj_new 1.00894 SA_pAcc 1 Delta 5.30016e-05 SA_r 0.55833 freedomratio 0.207728
Iter 7000000 pBad 0.00485215 T 6.68273e-10 Obj 1.00894 Rho 0 GRdif 5.22053 success 1209180 failure 2067067 obj_new 1.00895 SA_pAcc 0 Delta 0.000154795 SA_r 0.0125242 freedomratio 0.204823
Iter 7500000 pBad 0.00259877 T 2.08982e-10 Obj 1.00894 Rho 0 GRdif 5.21429 success 1212072 failure 2432052 obj_new 1.00894 SA_pAcc 0 Delta -0.000194656 SA_r 0.176729 freedomratio 0.203331
Iter 8000000 pBad 0.00135632 T 6.53526e-11 Obj 1.00894 Rho 0 GRdif 5.21334 success 1214325 failure 2800396 obj_new 1.00894 SA_pAcc 1 Delta 8.21661e-05 SA_r 0.378602 freedomratio 0.201513
Iter 8500000 pBad 0.000830489 T 2.0437e-11 Obj 1.00894 Rho 0 GRdif 5.21297 success 1215826 failure 3171588 obj_new 1.00894 SA_pAcc 4.4399e-170 Delta -4.17208e-05 SA_r 0.592953 freedomratio 0.200137
Iter 9000000 pBad 0.000286796 T 6.39105e-12 Obj 1.00894 Rho 0 GRdif 5.2128 success 1217495 failure 3543024 obj_new 1.00894 SA_pAcc 0 Delta -2.82385e-05 SA_r 0.749981 freedomratio 0.198914
Iter 9500000 pBad 0.000360734 T 1.9986e-12 Obj 1.00893 Rho 0 GRdif 5.21266 success 1223551 failure 3900651 obj_new 1.00894 SA_pAcc 0 Delta -1.68457e-05 SA_r 0.192914 freedomratio 0.197572
Iter 10000000 pBad 0.00021424 T 6.25001e-13 Obj 1.00893 Rho 0 GRdif 5.21235 success 1227232 failure 4267476 obj_new 1.00893 SA_pAcc 1 Delta -4.26171e-06 SA_r 0.436844 freedomratio 0.194491
Cannot move further
iter 9.99974e+06 obj1.00893 rho 0 GRdif 5.21235
Training:
Lab Growth Rates:
0.4 0.42 0.45 0.59 0.377 0.27 0.42 1.43 0.38 0.4 0.53 0.38 0.56 0.56 0.46 0.41 0.23 0.45 0.55 1.345 0.4 0.47 0.4 1.483 0.37 0.52 0.52 0.1 0.25 0.68 0.58 0.46 0.09 0.56 1.05 0.46 0.41 0.5 0.31 0.5 0.19 0.43 0.637 0.762 0.54 0.5 0.4 0.52 0.1 0.26 0.4 0.42 0.53 0.56 0.45 0.55 0.4 0.41 1.248 0.53 0.27 0.55 0.52 0.23 0.3 1.67 0.48 0.47 0.3 0.724 0.48 0.56 0.7 0.32 0.48 0.54 0.59 0.26 0.5 0.636 0.3 0.5 0.686 0.46 0.47 0.45 0.53 0.59 0.36 1.248 0.58 0.45 0.39 0.52 0.37 0.22 0.5 0.53 0.901 0.4 0.49 0.37 0.36 0.5 0.648 0.5 0.6 0.45 0.6 0.4 0.1 0.46 0.37 0.4 0.1 0.36 0.36 1.345 0.65 0.56 0.55 0.59 0.54 0.43 0.68 0.33 0.42 0.54 0.42 0.27 0.37 0.45 0.5 1.248 0.3 1.483 0.4 0.1 0.47 1.248 0.36 0.54 1.483 1.44 0.56 0.58 0.7 0.54 0.52 0.65 0.4 0.5 0.55 0.3 0.39 0.4 0.5 1.483 0.25 0.465 0.59 1.05 0.42 0.48 0.37 1.345 0.52 0.56 0.3 0.481 0.4 0.53 0.55 0.46 0.54 0.46 0.17 0.47 0.5 0.686 0.11 1.483 0.4 0.46 0.39 0.5 0.54 0.5 0.43 0.54 0.22 0.58 0.33 0.481 0.53 0.485 0.47 0.5 0.25 0.65 1.49 0.54 0.47 0.5 0.47 0.2 0.56 0.54 0.6 0.43 0.54 0.43 0.33 0.22 0.4 0.45 0.39 0.23 0.19 1.05 0.37 0.49 0.46 0.31 0.2 0.37 0.46 0.09 0.4 0.47 0.648 0.901 0.465 0.54 0.5 0.5 0.4 0.42 0.33 0.4 0.37 0.23 0.3 0.56 0.53 1.46 0.38 0.22 1.345 0.1 0.45 0.54 0.52 0.43 0.4 0.635 1.46 0.47 0.14 0.5 0.4 0.3 1.42 0.4 0.4 0.17 0.4 0.39 0.45 0.46 1.38 0.45 0.485 0.59 0.58 0.5 0.47 1.483 0.5 0.46 0.4 0.42 0.51 0.54 0.54 1.345 0.53 0.724 0.54 0.65 0.43 0.7 0.47 0.58 0.4 0.47 0.25 0.37 0.59 0.485 0.301 0.59 0.58 0.5 0.11 0.4 0.4 0.25 0.45 0.45 0.49 0.762 0.762 0.54 0.34 0.4 0.4 0.46 0.46 1.67 0.4 0.901 1.483 1.345 0.34 0.45 0.65 0.46 0.724 0.17 0.39 0.637 0.901 0.43 0.47 0.54 0.22 0.4 0.53 0.55 0.41 0.37 0.55 1.05 1.05 0.58 0.22 0.68 0.68 0.32 0.33 0.59 0.34 0.377 0.27 0.4 0.47 0.36 0.4 0.59 0.46 0.4 0.65 0.4 0.7 0.377 0.476 0.58 0.59 0.56 0.58 0.52 0.617 0.42 0.37 0.71 0.5 0.58 0.4 0.47 0.36 0.53 0.301 0.58 0.59 0.1 0.481 0.2 0.45 0.42 0.43 0.47 0.4 1.66 0.33 0.58 0.4 0.301 0.4 0.23 1.345 0.42 0.27 0.58 0.53 0.3 0.465 0.36 0.56 0.55 0.42 0.762 0.52 0.476 0.476 1.35 0.4 0.54 0.4 0.46 0.47 0.38 0.5 0.4 0.4 0.14 0.37 0.51 0.4 0.23 0.56 0.59 0.59 0.54 0.5 0.4 1.345 0.48 0.4 0.4 0.68 0.54 0.65 0.25 0.5 0.65 0.48 0.5 0.48 0.3 1.483 0.5 0.43 0.51 0.47 0.4 0.26 0.54 0.32 0.4 1.46 0.53 0.54 0.25 0.59 0.55 0.3 0.11 0.58 0.4 0.41 0.4 0.37 0.4 1.4 0.5 0.4 1.46 0.6 0.56 0.43 0.54 0.65 0.4 0.54 0.901 0.635 0.46 0.56 0.46 0.648 0.52 0.3 0.55 0.58 0.5 0.33 0.53 0.637 0.48 0.53 0.22 0.686 0.636 0.43 0.4 1.483 0.09 0.47 0.58 0.58 1.248 0.58 0.23 0.47 0.42 0.46 0.37 0.5 0.41 0.56 0.25 1.345 0.59 0.45 0.47 0.4 1.03 0.45 0.485 0.4 0.56 0.48 0.45 0.33 1.345 0.901 0.5 0.41 0.42 0.4 0.47 0.54 0.33 0.4 0.54 0.636 0.3 0.71 0.46 0.47 0.52 0.41 0.4 0.4 0.1 0.27 1.66 1.345 1.483 0.3 0.23 1.483 0.55 0.22 0.56 0.37 1.43 0.71 0.23 0.4 0.42 0.38 0.36 0.635 0.58 0.31 0.45 0.19 1.483 0.1 0.5 1.345 0.41 0.58 0.5
Dot Production Prediction of Lab Growth Rates:
0.399404 0.335033 1.53934 0.389406 0.506343 0.550339 0.548762 1.33555 0.323489 0.399018 0.339248 0.373955 0.544723 0.543254 0.380054 0.33383 0.553452 0.376088 0.472828 1.01078 0.401528 0.354161 0.400741 0.957477 0.422406 0.384992 0.36839 0.434149 0.339856 0.490935 0.468996 0.312126 0.437201 0.547303 1.65166 0.457969 0.346503 0.329745 0.52562 0.378827 0.331615 0.408582 0.707135 1.4366 0.546447 0.351117 0.399467 0.348105 0.426645 0.441096 0.397061 0.541448 0.533504 0.529448 1.44616 0.552384 0.400056 0.348571 1.248 0.542964 0.386736 0.473859 0.368472 0.551671 0.396042 1.50157 0.320528 0.353763 0.505452 0.723931 0.314659 0.543438 0.666625 0.330435 0.342954 0.390867 0.327309 0.347773 0.48061 0.72272 0.4734 0.374267 0.719218 0.374296 0.381522 0.348952 0.548819 0.560684 0.363682 1.24966 0.462189 0.371806 0.335205 0.37609 0.398207 0.473124 0.319458 0.531579 0.883332 0.401195 0.370426 0.377017 0.360612 0.542338 0.71 0.682608 0.495449 1.44138 0.489243 0.400537 0.984 0.498483 0.423091 0.398001 1.03952 0.40131 0.351891 0.973985 0.658871 0.475099 0.473697 0.349305 0.358464 0.363095 0.487849 0.327463 0.326728 0.347768 0.371704 0.345678 0.433475 0.383422 0.596713 1.25621 0.493119 0.936901 0.399065 1.1225 0.360359 1.24343 0.393167 0.546863 0.927219 1.50491 0.463455 0.38693 0.672059 0.361659 0.380864 0.64101 0.39236 0.476144 0.465528 0.470801 0.326156 0.402551 0.326314 0.96009 1.4908 0.506028 0.35214 1.05112 0.343465 0.355182 0.418214 0.934077 0.377208 0.543135 0.403687 0.50801 0.399251 0.313705 0.549891 0.471392 0.461746 0.410658 0.334599 0.35406 0.605692 0.721607 0.376207 0.984995 0.400298 0.434289 0.317954 0.542246 0.375709 0.686136 0.368508 0.473435 0.473481 0.463749 0.36112 0.506185 0.501398 0.504427 0.470634 0.333518 0.313816 0.65002 1.53934 0.33633 0.401564 0.537474 0.40147 0.356263 0.464873 0.535359 0.504314 0.37372 0.46777 0.403406 0.464505 0.470344 0.398978 1.45332 0.334495 0.434621 0.320939 1.05 0.517705 0.376838 0.42323 0.525017 0.413453 0.41252 0.502664 0.370806 0.398755 0.350525 0.710688 0.894518 0.506127 0.387376 0.467885 0.667872 0.398911 0.324934 0.484465 0.403603 0.432796 0.546574 0.430271 0.529699 0.528986 1.64051 0.320868 0.475824 1.00621 0.976213 0.400783 0.454483 0.35278 0.406408 0.343949 0.713797 1.03539 0.381769 0.139598 0.476866 0.399527 0.327069 1.54603 0.402982 0.400044 0.412046 0.403822 0.36267 0.343175 0.481577 1.3536 0.356881 0.507083 0.316686 0.353197 0.613504 0.394082 0.964652 0.64827 0.3194 0.39597 0.329012 0.378816 0.535535 0.539023 0.978101 0.417903 0.723999 0.398933 0.655965 0.370722 0.664477 0.370436 0.314933 0.400411 0.412378 0.495036 0.318864 0.544414 0.50812 0.50412 0.343637 0.366104 0.328013 0.331932 0.396947 0.40092 0.346444 0.325607 1.48321 0.401528 1.42577 1.45204 0.383386 0.337634 0.388911 0.399138 0.339264 0.348994 1.36821 0.400376 0.901 0.960159 0.962528 0.325522 1.46934 0.64028 0.399445 0.722441 0.339866 0.337716 0.712263 0.896374 0.35107 0.378174 0.375972 0.358625 0.401846 0.327345 0.55141 0.508824 0.430587 0.546407 0.997492 1.05011 0.460684 0.421201 0.493912 0.489133 0.320332 0.330456 0.549443 0.336189 0.501768 0.324639 0.395829 0.450295 0.350161 0.402051 0.405799 0.47075 0.399924 0.633365 0.401435 0.662784 0.500466 0.508084 0.357267 0.544823 0.550341 0.455431 0.367003 0.535267 0.527141 0.424894 0.719044 0.542149 0.473882 0.40047 0.362312 0.331207 0.534271 0.509164 0.349248 0.551491 0.757291 0.506535 0.386169 0.406423 0.342075 0.353459 0.346645 0.397285 1.66 0.348364 0.470967 0.394418 0.502583 0.398546 0.436746 0.971016 0.318521 0.359114 0.461021 0.38103 0.307634 0.503132 0.33534 0.469497 0.47263 0.345793 1.43535 0.358454 0.507431 0.504189 1.26881 0.397889 0.373633 0.399911 0.418619 0.360523 0.364265 0.587073 0.398943 0.400879 0.140418 0.42552 0.402036 0.399064 0.547822 0.543601 0.54588 0.552291 0.467839 0.600498 0.39998 0.939875 0.343214 0.402985 0.396861 0.49357 0.468913 0.649207 0.349073 0.646707 0.649986 0.311305 0.472243 0.334628 0.300508 0.950396 0.53401 0.392039 0.389076 0.360901 0.403728 0.521708 0.385728 0.362531 0.399674 1.03373 0.391398 0.53361 0.517996 0.332891 0.550011 0.301666 0.37222 0.481135 0.401699 0.510373 0.400032 0.421194 0.397968 1.39972 0.363002 0.403381 1.01982 0.500015 0.471843 0.378531 0.542756 0.659041 0.400293 0.310232 0.904448 0.713023 0.469415 0.464727 0.359079 0.706399 0.37605 0.480068 0.546566 0.472838 0.345492 0.335182 0.47244 0.70894 0.312596 0.346066 0.471469 0.72035 0.723493 0.426341 0.401187 0.936624 0.344302 0.340106 0.322019 0.472014 1.24447 0.359068 0.434687 0.374999 0.327707 0.459016 0.361405 0.338101 0.38191 0.541916 0.736041 0.965758 0.339202 0.337695 0.472453 0.402067 1.39597 0.322433 0.507264 0.400503 0.54066 0.333439 1.51484 0.433249 0.933189 1.27254 0.466447 0.50364 0.348821 0.402377 0.326885 0.335522 0.360128 0.397723 0.378986 0.718496 0.364744 0.722299 0.460003 0.385252 0.339377 0.37144 0.349366 0.403153 1.42836 0.375682 1.66 0.981214 0.937467 0.475513 0.546973 0.968629 0.473159 0.384814 0.548781 0.43022 1.33771 0.716329 0.549976 0.402005 0.346715 0.322649 0.340087 0.712768 0.377938 0.532109 0.34783 0.32537 0.985391 0.373644 0.325624 0.966781 0.385143 0.480514 0.677675
Testing:
Lab Growth Rates:
0.42 0.42 0.42
Dot Production Prediction of Lab Growth Rates:
0.367344 0.339111 0.331184
Best performance so far: 
Obj: 4.68639e-310Rho: 2.26291e-314Diff: 4.68639e-310
Anneal again with the best G and E so far as input
Cycle 2Round 1
Iter 500000 pBad 0.850971 T 0.00244312 Obj 1.07521 Rho 0 GRdif 42.4917 success 106772 failure 8132 obj_new 1.07521 SA_pAcc 0.869855 Delta 0.0572474 SA_r 0.0454955 freedomratio 0.251935
Iter 1000000 pBad 0.784433 T 0.000764012 Obj 1.04542 Rho 0 GRdif 26.0292 success 210712 failure 21520 obj_new 1.04542 SA_pAcc 1 Delta -0.020609 SA_r 0.548157 freedomratio 0.25668
Iter 1500000 pBad 0.728907 T 0.000238921 Obj 1.0326 Rho 0 GRdif 18.7967 success 313049 failure 41646 obj_new 1.0326 SA_pAcc 1 Delta 0.0201389 SA_r 0.785898 freedomratio 0.248832
Iter 2000000 pBad 0.621615 T 7.47152e-05 Obj 1.02548 Rho 0 GRdif 14.7422 success 411361 failure 70285 obj_new 1.02548 SA_pAcc 1 Delta 0.0588259 SA_r 0.407225 freedomratio 0.246633
Iter 2500000 pBad 0.55705 T 2.33649e-05 Obj 1.0216 Rho 0 GRdif 12.5206 success 506926 failure 103965 obj_new 1.0216 SA_pAcc 1 Delta 0.0420761 SA_r 0.590508 freedomratio 0.249787
Iter 3000000 pBad 0.47914 T 7.30665e-06 Obj 1.01807 Rho 0 GRdif 10.4956 success 599637 failure 143969 obj_new 1.01807 SA_pAcc 1 Delta -0.0398823 SA_r 0.98133 freedomratio 0.241252
Iter 3500000 pBad 0.304225 T 2.28493e-06 Obj 1.01378 Rho 0 GRdif 8.02147 success 689011 failure 193508 obj_new 1.01378 SA_pAcc 0.415658 Delta 0.0280978 SA_r 0.651466 freedomratio 0.24046
Iter 4000000 pBad 0.205914 T 7.14541e-07 Obj 1.01168 Rho 0 GRdif 6.80319 success 766475 failure 270397 obj_new 1.01168 SA_pAcc 2.72462 Delta -0.0142378 SA_r 0.323595 freedomratio 0.230346
Iter 4500000 pBad 0.10934 T 2.23451e-07 Obj 1.01081 Rho 0 GRdif 6.30097 success 825357 failure 392059 obj_new 1.01081 SA_pAcc 0.743404 Delta 0.000535957 SA_r 0.990456 freedomratio 0.211858
Iter 5000000 pBad 0.0461401 T 6.98773e-08 Obj 1.01038 Rho 0 GRdif 6.05408 success 865559 failure 570741 obj_new 1.01038 SA_pAcc 1 Delta 0.00354421 SA_r 0.00721464 freedomratio 0.188789
Iter 5500000 pBad 0.0277796 T 2.1852e-08 Obj 1.01015 Rho 0 GRdif 5.9173 success 892030 failure 802562 obj_new 1.01015 SA_pAcc 1 Delta 0.00173338 SA_r 0.974457 freedomratio 0.171395
Iter 6000000 pBad 0.0175022 T 6.83353e-09 Obj 1.01003 Rho 0 GRdif 5.85044 success 909804 failure 1077674 obj_new 1.01003 SA_pAcc 0.7188 Delta -0.000429384 SA_r 0.404031 freedomratio 0.159847
Iter 6500000 pBad 0.00993991 T 2.13698e-09 Obj 1.00997 Rho 0 GRdif 5.81574 success 922218 failure 1384830 obj_new 1.00997 SA_pAcc 1 Delta 0.000375297 SA_r 0.0514447 freedomratio 0.151031
Iter 7000000 pBad 0.00554336 T 6.68273e-10 Obj 1.00995 Rho 0 GRdif 5.84311 success 929327 failure 1719404 obj_new 1.01002 SA_pAcc 0 Delta 0.000554217 SA_r 0.312207 freedomratio 0.146427
Iter 7500000 pBad 0.00289637 T 2.08982e-10 Obj 1.00994 Rho 0 GRdif 5.79859 success 934751 failure 2065412 obj_new 1.00994 SA_pAcc 0 Delta 0.000194642 SA_r 0.425313 freedomratio 0.143627
Iter 8000000 pBad 0.00161096 T 6.53526e-11 Obj 1.00994 Rho 0 GRdif 5.82626 success 939175 failure 2417466 obj_new 1.00999 SA_pAcc 0 Delta 0.000125362 SA_r 0.34184 freedomratio 0.142962
Iter 8500000 pBad 0.000521443 T 2.0437e-11 Obj 1.00993 Rho 0 GRdif 5.79302 success 942473 failure 2777349 obj_new 1.00993 SA_pAcc 1.21239e-43 Delta -3.19914e-05 SA_r 0.994161 freedomratio 0.140393
Iter 9000000 pBad 0.000613876 T 6.39105e-12 Obj 1.00993 Rho 0 GRdif 5.79211 success 945801 failure 3144249 obj_new 1.00993 SA_pAcc 1.26356e-297 Delta 3.79137e-05 SA_r 0.362062 freedomratio 0.136916
Iter 9500000 pBad 0.000950539 T 1.9986e-12 Obj 1.00993 Rho 0 GRdif 5.79125 success 949870 failure 3515333 obj_new 1.00993 SA_pAcc 1 Delta 9.33755e-05 SA_r 0.706035 freedomratio 0.133516
Good enough
iter 9.99912e+06 obj1.00993 rho 0 GRdif 5.79046
Training:
Lab Growth Rates:
0.4 0.42 0.45 0.59 0.377 0.27 0.42 1.43 0.38 0.4 0.53 0.38 0.56 0.56 0.46 0.41 0.23 0.45 0.55 1.345 0.4 0.47 0.4 1.483 0.37 0.52 0.52 0.1 0.25 0.68 0.58 0.46 0.09 0.56 1.05 0.46 0.41 0.5 0.31 0.5 0.19 0.43 0.637 0.762 0.54 0.5 0.4 0.52 0.1 0.26 0.4 0.42 0.53 0.56 0.45 0.55 0.4 0.41 1.248 0.53 0.27 0.55 0.52 0.23 0.3 1.67 0.48 0.47 0.3 0.724 0.48 0.56 0.7 0.32 0.48 0.54 0.59 0.26 0.5 0.636 0.3 0.5 0.686 0.46 0.47 0.45 0.53 0.59 0.36 1.248 0.58 0.45 0.39 0.52 0.37 0.22 0.5 0.53 0.901 0.4 0.49 0.37 0.36 0.5 0.648 0.5 0.6 0.45 0.6 0.4 0.1 0.46 0.37 0.4 0.1 0.36 0.36 1.345 0.65 0.56 0.55 0.59 0.54 0.43 0.68 0.33 0.42 0.54 0.42 0.27 0.37 0.45 0.5 1.248 0.3 1.483 0.4 0.1 0.47 1.248 0.36 0.54 1.483 1.44 0.56 0.58 0.7 0.54 0.52 0.65 0.4 0.5 0.55 0.3 0.39 0.4 0.5 1.483 0.25 0.465 0.59 1.05 0.42 0.48 0.37 1.345 0.52 0.56 0.3 0.481 0.4 0.53 0.55 0.46 0.54 0.46 0.17 0.47 0.5 0.686 0.11 1.483 0.4 0.46 0.39 0.5 0.54 0.5 0.43 0.54 0.22 0.58 0.33 0.481 0.53 0.485 0.47 0.5 0.25 0.65 1.49 0.54 0.47 0.5 0.47 0.2 0.56 0.54 0.6 0.43 0.54 0.43 0.33 0.22 0.4 0.45 0.39 0.23 0.19 1.05 0.37 0.49 0.46 0.31 0.2 0.37 0.46 0.09 0.4 0.47 0.648 0.901 0.465 0.54 0.5 0.5 0.4 0.42 0.33 0.4 0.37 0.23 0.3 0.56 0.53 1.46 0.38 0.22 1.345 0.1 0.45 0.54 0.52 0.43 0.4 0.635 1.46 0.47 0.14 0.5 0.4 0.3 1.42 0.4 0.4 0.17 0.4 0.39 0.45 0.46 1.38 0.45 0.485 0.59 0.58 0.5 0.47 1.483 0.5 0.46 0.4 0.42 0.51 0.54 0.54 1.345 0.53 0.724 0.54 0.65 0.43 0.7 0.47 0.58 0.4 0.47 0.25 0.37 0.59 0.485 0.301 0.59 0.58 0.5 0.11 0.4 0.4 0.25 0.45 0.45 0.49 0.762 0.762 0.54 0.34 0.4 0.4 0.46 0.46 1.67 0.4 0.901 1.483 1.345 0.34 0.45 0.65 0.46 0.724 0.17 0.39 0.637 0.901 0.43 0.47 0.54 0.22 0.4 0.53 0.55 0.41 0.37 0.55 1.05 1.05 0.58 0.22 0.68 0.68 0.32 0.33 0.59 0.34 0.377 0.27 0.4 0.47 0.36 0.4 0.59 0.46 0.4 0.65 0.4 0.7 0.377 0.476 0.58 0.59 0.56 0.58 0.52 0.617 0.42 0.37 0.71 0.5 0.58 0.4 0.47 0.36 0.53 0.301 0.58 0.59 0.1 0.481 0.2 0.45 0.42 0.43 0.47 0.4 1.66 0.33 0.58 0.4 0.301 0.4 0.23 1.345 0.42 0.27 0.58 0.53 0.3 0.465 0.36 0.56 0.55 0.42 0.762 0.52 0.476 0.476 1.35 0.4 0.54 0.4 0.46 0.47 0.38 0.5 0.4 0.4 0.14 0.37 0.51 0.4 0.23 0.56 0.59 0.59 0.54 0.5 0.4 1.345 0.48 0.4 0.4 0.68 0.54 0.65 0.25 0.5 0.65 0.48 0.5 0.48 0.3 1.483 0.5 0.43 0.51 0.47 0.4 0.26 0.54 0.32 0.4 1.46 0.53 0.54 0.25 0.59 0.55 0.3 0.11 0.58 0.4 0.41 0.4 0.37 0.4 1.4 0.5 0.4 1.46 0.6 0.56 0.43 0.54 0.65 0.4 0.54 0.901 0.635 0.46 0.56 0.46 0.648 0.52 0.3 0.55 0.58 0.5 0.33 0.53 0.637 0.48 0.53 0.22 0.686 0.636 0.43 0.4 1.483 0.09 0.47 0.58 0.58 1.248 0.58 0.23 0.47 0.42 0.46 0.37 0.5 0.41 0.56 0.25 1.345 0.59 0.45 0.47 0.4 1.03 0.45 0.485 0.4 0.56 0.48 0.45 0.33 1.345 0.901 0.5 0.41 0.42 0.4 0.47 0.54 0.33 0.4 0.54 0.636 0.3 0.71 0.46 0.47 0.52 0.41 0.4 0.4 0.1 0.27 1.66 1.345 1.483 0.3 0.23 1.483 0.55 0.22 0.56 0.37 1.43 0.71 0.23 0.4 0.42 0.38 0.36 0.635 0.58 0.31 0.45 0.19 1.483 0.1 0.5 1.345 0.41 0.58 0.5
Dot Production Prediction of Lab Growth Rates:
0.343035 0.315288 1.41825 0.358606 0.657354 0.539433 0.529975 1.10185 0.289626 0.34797 0.33807 0.378981 0.559684 0.551525 0.373718 0.317633 0.559584 0.38459 0.488483 1.24227 0.354895 0.344534 0.346327 1.21236 0.436292 0.387924 0.383583 0.420539 0.34116 0.40859 0.473222 0.275617 0.443537 0.543674 1.34096 0.458611 0.330546 0.338954 0.546973 0.431876 0.34167 0.408797 0.705074 1.45794 0.553995 0.375219 0.341351 0.348347 0.417843 0.420421 0.341839 0.516666 0.535695 0.525688 1.30328 0.56135 0.344782 0.358747 1.23659 0.541739 0.358782 0.493558 0.358292 0.543582 0.372937 1.3857 0.274683 0.368485 0.622746 0.715334 0.263761 0.563456 0.750328 0.322607 0.33295 0.349845 0.328207 0.37009 0.487234 0.714361 0.555712 0.369577 0.708308 0.35236 0.355912 0.370284 0.547525 0.54797 0.359922 1.2427 0.460952 0.369686 0.321395 0.399892 0.390804 0.494852 0.316566 0.530183 0.895817 0.350817 0.383045 0.398781 0.360283 0.579559 0.702037 0.806795 0.602685 1.36972 0.573692 0.355841 1.81148 0.489937 0.438876 0.335942 2.07526 0.4283 0.353905 1.20302 0.664238 0.480793 0.48586 0.322305 0.376043 0.319591 0.406464 0.308364 0.325539 0.308189 0.330772 0.321116 0.431545 0.404562 0.681717 1.25332 0.590256 1.12349 0.343382 2.08364 0.344201 1.23099 0.424171 0.564083 1.19261 1.39158 0.475896 0.393089 0.750386 0.371559 0.396356 0.644765 0.331981 0.48932 0.475296 0.550127 0.315314 0.357354 0.318651 1.23832 1.39473 0.643401 0.312572 1.10724 0.352009 0.359384 0.428962 1.22977 0.385579 0.535135 0.458741 0.647386 0.34553 0.256274 0.5552 0.474133 0.463797 0.378769 0.295558 0.33678 0.673899 0.71084 0.381444 1.21498 0.351952 0.447436 0.289005 0.565126 0.377467 0.760445 0.36344 0.48253 0.489761 0.4743 0.361771 0.64237 0.466985 0.646979 0.403864 0.328404 0.29161 0.63304 1.41825 0.297928 0.369627 0.537634 0.44679 0.319366 0.479844 0.535846 0.612357 0.355752 0.472094 0.409144 0.470158 0.502666 0.345474 1.34878 0.326116 0.460104 0.327773 1.09293 0.480494 0.389447 0.409095 0.567155 0.344263 0.417205 0.500625 0.365805 0.350701 0.33691 0.703864 0.893437 0.645829 0.378181 0.475049 0.741638 0.351208 0.283449 0.47167 0.3498 0.456834 0.548253 0.512352 0.52759 0.514407 1.35547 0.270238 0.491763 1.28835 1.81675 0.403932 0.467422 0.352247 0.369297 0.288465 0.71229 1.07091 0.328811 0.504475 0.492576 0.346404 0.302459 1.43393 0.348643 0.345046 0.417477 0.353354 0.357165 0.344948 0.496739 1.22661 0.342294 0.652993 0.3099 0.383681 0.71751 0.379425 1.22744 0.759991 0.291811 0.336583 0.274149 0.383267 0.54616 0.535768 1.21021 0.426771 0.713417 0.394045 0.643661 0.355127 0.750564 0.355703 0.280435 0.353292 0.451689 0.447376 0.257189 0.544035 0.657157 0.685877 0.325438 0.358276 0.33261 0.321829 0.340774 0.348686 0.335253 0.292876 1.37705 0.392004 1.44371 1.47985 0.349896 0.329518 0.357648 0.350489 0.331162 0.323117 1.34845 0.343034 0.895721 1.19754 1.19467 0.304809 1.36995 0.625604 0.387471 0.710073 0.297089 0.320708 0.712919 0.895518 0.350046 0.383584 0.339071 0.365214 0.347661 0.307231 0.567601 0.675521 0.455551 0.55026 1.04287 1.10695 0.475131 0.444424 0.410022 0.406919 0.306524 0.308306 0.548022 0.324492 0.649688 0.276522 0.334934 0.413086 0.34972 0.347661 0.379595 0.466698 0.352599 0.614174 0.350395 0.748526 0.658855 0.645916 0.366836 0.545825 0.543097 0.457354 0.369374 0.789821 0.501136 0.432385 0.707926 0.545832 0.485751 0.36077 0.399948 0.323256 0.538574 0.69209 0.360141 0.565989 0.972721 0.642071 0.343525 0.411009 0.295877 0.344658 0.356568 0.335687 1.43249 0.319931 0.47846 0.331484 0.679392 0.352504 0.459172 1.15737 0.293025 0.360561 0.475284 0.425039 0.25658 0.64061 0.31401 0.487741 0.494182 0.299492 1.44955 0.360938 0.650452 0.641295 1.03397 0.353785 0.366138 0.357359 0.403375 0.349408 0.360577 0.696859 0.345362 0.337893 0.497082 0.443575 0.415203 0.348297 0.549798 0.537293 0.542387 0.548338 0.487394 0.654191 0.346178 1.2309 0.357776 0.349675 0.342103 0.408288 0.46868 0.655237 0.341457 0.732542 0.650113 0.269429 0.483685 0.290221 0.248269 1.11656 0.535658 0.393391 0.412248 0.353926 0.348472 0.51646 0.386915 0.35437 0.348841 1.05917 0.390087 0.531914 0.488345 0.299784 0.555416 0.252163 0.364585 0.482877 0.347413 0.678443 0.345186 0.431812 0.354309 1.38976 0.401157 0.349007 1.04871 0.596341 0.484182 0.382967 0.545409 0.644896 0.347669 0.283991 0.902699 0.711317 0.466176 0.483264 0.354036 0.69557 0.38545 0.567834 0.551775 0.472748 0.362016 0.300241 0.42273 0.709761 0.313929 0.373299 0.50409 0.711689 0.717366 0.419632 0.345176 1.19373 0.347859 0.363506 0.307051 0.475384 1.23852 0.351924 0.4591 0.39921 0.327756 0.469628 0.390687 0.320892 0.370908 0.553027 0.975851 1.20089 0.310748 0.340094 0.421551 0.348788 1.23593 0.275956 0.654601 0.346641 0.544201 0.348343 1.42402 0.439876 1.22603 1.26717 0.477153 0.68493 0.304395 0.34858 0.310359 0.331067 0.353434 0.338693 0.33513 0.712011 0.338972 0.718351 0.476295 0.399946 0.36458 0.399117 0.305213 0.360132 1.36312 0.362005 1.42722 1.26901 1.14824 0.596931 0.552001 1.13849 0.494752 0.397863 0.549374 0.456553 1.1067 0.700814 0.545376 0.349203 0.310569 0.269536 0.335355 0.705645 0.385866 0.529303 0.299735 0.311903 1.22974 0.321169 0.309945 1.21931 0.392646 0.481902 0.790791
Testing:
Lab Growth Rates:
0.42 0.42 0.42
Dot Production Prediction of Lab Growth Rates:
0.399198 0.337472 0.320251
Best performance so far: 
Obj: 4.68639e-310Rho: 4.38491e-314Diff: 4.68639e-310
Test:
 Lab Growth Rates:
0.42 0.42 0.42Dot Product Prediction of Growth Rate:
0.3991985 0.3374723 0.320251