seed =  5 traits =  1 
Training: part  178 
Training: part  178 
Round  1 
 Goal of obj  0.99 
Temperature range:  0.015625 6.25e-11 
Cycle 1Round 1
Iter 500000 pBad 0.967561 T 0.00594188 Obj 1.20067 Rho 0 GRdif 107.168 success 113008 failure 711 obj_new 1.20067 SA_pAcc 1 Delta -0.0959364 SA_r 0.460628 freedomratio 0.365793
Iter 1000000 pBad 0.85948 T 0.00225958 Obj 1.12728 Rho 0 GRdif 70.2051 success 231296 failure 5459 obj_new 1.12728 SA_pAcc 1.07497 Delta 0.0399959 SA_r 0.885471 freedomratio 0.370417
Iter 1500000 pBad 0.8256 T 0.00085927 Obj 1.05931 Rho 0 GRdif 33.7636 success 375153 failure 20920 obj_new 1.05931 SA_pAcc 0.863716 Delta 0.0529568 SA_r 0.734961 freedomratio 0.376365
Iter 2000000 pBad 0.77451 T 0.000326763 Obj 1.03701 Rho 0 GRdif 21.2946 success 516996 failure 42213 obj_new 1.03701 SA_pAcc 1 Delta -0.0377189 SA_r 0.330904 freedomratio 0.36809
Iter 2500000 pBad 0.717145 T 0.000124261 Obj 1.02502 Rho 0 GRdif 14.5109 success 657199 failure 66608 obj_new 1.02507 SA_pAcc 0.638854 Delta -0.0536231 SA_r 0.744057 freedomratio 0.368553
Iter 3000000 pBad 0.624846 T 4.7254e-05 Obj 1.02172 Rho 0 GRdif 12.5895 success 795394 failure 96311 obj_new 1.02172 SA_pAcc 1 Delta -0.0186197 SA_r 0.105378 freedomratio 0.363749
Iter 3500000 pBad 0.531524 T 1.79697e-05 Obj 1.0172 Rho 0 GRdif 9.99201 success 931479 failure 130329 obj_new 1.0172 SA_pAcc 0.918752 Delta 0.0435426 SA_r 0.439424 freedomratio 0.363298
Iter 4000000 pBad 0.462573 T 6.83353e-06 Obj 1.01423 Rho 0 GRdif 8.27886 success 1061107 failure 173393 obj_new 1.01423 SA_pAcc 1 Delta -0.0405785 SA_r 0.08126 freedomratio 0.360172
Iter 4500000 pBad 0.364291 T 2.59865e-06 Obj 1.01018 Rho 0 GRdif 5.93278 success 1178168 failure 241841 obj_new 1.01018 SA_pAcc 1 Delta 0.0206801 SA_r 0.883762 freedomratio 0.353012
Iter 5000000 pBad 0.195792 T 9.88214e-07 Obj 1.00898 Rho 0 GRdif 5.23958 success 1275896 failure 349502 obj_new 1.00898 SA_pAcc 1 Delta -0.0100862 SA_r 0.749982 freedomratio 0.3307
Iter 5500000 pBad 0.153325 T 3.75797e-07 Obj 1.00863 Rho 0 GRdif 5.03442 success 1349548 failure 508794 obj_new 1.00863 SA_pAcc 1 Delta -0.00883218 SA_r 0.723132 freedomratio 0.301131
Iter 6000000 pBad 0.0784334 T 1.42908e-07 Obj 1.00843 Rho 0 GRdif 4.91861 success 1401475 failure 719915 obj_new 1.00843 SA_pAcc 1 Delta 0.007648 SA_r 0.968445 freedomratio 0.272305
Iter 6500000 pBad 0.0381446 T 5.4345e-08 Obj 1.00827 Rho 0 GRdif 4.82766 success 1438970 failure 971857 obj_new 1.00827 SA_pAcc 1 Delta 0.000278725 SA_r 0.219351 freedomratio 0.243963
Iter 7000000 pBad 0.0222954 T 2.06663e-08 Obj 1.00819 Rho 0 GRdif 4.78067 success 1463783 failure 1267048 obj_new 1.00819 SA_pAcc 6.98149e-05 Delta 0.00120508 SA_r 0.922626 freedomratio 0.221802
Iter 7500000 pBad 0.0148745 T 7.85897e-09 Obj 1.00815 Rho 0 GRdif 4.75646 success 1478861 failure 1596864 obj_new 1.00815 SA_pAcc 0.369467 Delta 0.00025523 SA_r 0.727891 freedomratio 0.211095
Iter 8000000 pBad 0.00788252 T 2.98861e-09 Obj 1.00812 Rho 0 GRdif 4.73856 success 1489253 failure 1944766 obj_new 1.00812 SA_pAcc 1 Delta -0.000260389 SA_r 0.701123 freedomratio 0.20319
Iter 8500000 pBad 0.00545523 T 1.13651e-09 Obj 1.00811 Rho 0 GRdif 4.7341 success 1495876 failure 2306184 obj_new 1.00811 SA_pAcc 2.94544e-186 Delta -0.000307874 SA_r 0.103991 freedomratio 0.198509
Iter 9000000 pBad 0.00265413 T 4.3219e-10 Obj 1.00811 Rho 0 GRdif 4.73282 success 1500048 failure 2678056 obj_new 1.00811 SA_pAcc 0 Delta -0.00021098 SA_r 0.448499 freedomratio 0.195073
Iter 9500000 pBad 0.00169971 T 1.64353e-10 Obj 1.00811 Rho 0 GRdif 4.73056 success 1502898 failure 3054847 obj_new 1.00811 SA_pAcc 2.84247e-63 Delta -0.000164851 SA_r 0.466625 freedomratio 0.192636
Iter 10000000 pBad 0.00113383 T 6.25001e-11 Obj 1.0081 Rho 0 GRdif 4.73039 success 1505067 failure 3435052 obj_new 1.00811 SA_pAcc 0 Delta 9.36034e-05 SA_r 0.598886 freedomratio 0.192447
Cannot move further
iter 9.99841e+06 obj1.0081 rho 0 GRdif 4.72958
Training:
Lab Growth Rates:
0.617 0.5 0.4 0.4 0.33 0.55 0.54 0.58 0.1 0.09 0.47 0.636 0.4 0.38 0.45 0.4 0.54 0.42 0.23 0.23 0.47 0.23 0.4 0.53 0.56 0.43 0.58 0.485 0.2 0.4 0.33 0.42 0.3 0.56 0.52 0.648 0.65 0.4 0.1 0.17 0.55 0.56 0.5 0.3 0.37 0.46 0.5 0.47 0.485 0.46 0.4 1.67 0.48 0.1 0.54 0.33 0.41 0.5 0.4 0.58 0.4 0.5 0.59 0.6 0.54 0.23 0.4 0.58 1.05 0.4 0.25 0.55 0.5 0.11 1.483 0.47 0.47 0.38 0.4 0.53 0.65 1.03 0.59 0.23 0.4 1.345 0.53 0.4 0.46 0.42 0.59 0.686 0.377 0.51 0.37 0.43 0.25 0.47 0.37 0.4 0.22 0.25 0.4 0.17 0.56 0.54 0.45 0.4 0.37 1.4 0.56 0.22 0.4 0.45 0.1 0.48 0.54 0.58 0.59 0.686 0.53 0.26 0.34 0.56 0.4 0.54 0.56 0.5 0.46 0.68 0.59 0.47 0.4 0.48 0.52 0.54 0.4 0.465 1.483 0.4 0.58 0.38 0.481 0.37 0.5 0.4 0.635 0.19 0.648 1.483 0.55 0.09 0.4 0.901 0.54 0.33 0.47 0.5 1.483 0.65 0.5 0.68 0.42 0.476 0.42 0.59 0.47 0.4 0.635 0.31 0.58 0.4 1.345 0.46 0.42 1.05 0.36 0.54 0.59 0.46 0.43 0.56 1.345 0.31 0.58 0.4 0.37 0.5 0.27 0.5 0.46 0.71 0.47 0.59 0.53 1.42 0.33 0.71 0.37 0.37 0.71 0.25 0.48 0.46 0.3 0.43 0.47 0.11 0.43 0.53 1.46 1.248 0.762 0.3 0.54 0.47 0.39 0.59 0.55 0.4 0.476 0.7 0.47 0.4 0.5 0.33 0.22 0.648 0.36 0.53 0.47 0.47 0.53 0.3 0.637 0.377 0.42 0.47 0.37 0.36 1.46 0.42 0.5 0.48 1.05 0.65 0.465 0.46 0.22 0.4 0.45 0.54 0.5 0.5 1.345 0.4 0.4 0.36 0.41 0.58 0.4 1.35 0.43 0.43 0.43 0.4 0.51 1.345 0.43 0.54 0.47 0.22 0.3 0.56 0.42 0.41 0.53 0.46 0.1 0.22 0.45 0.5 0.41 1.248 0.2 0.37 0.7 0.46 0.23 0.58 1.483 0.3 0.42 0.5 0.56 0.4 0.53 1.248 0.3 0.65 0.45 1.46 0.635 0.901 0.56 0.56 0.36 0.25 0.25 0.4 0.5 1.483 0.42 0.45 0.59 0.37 0.39 0.55 0.58 0.42 0.4 0.45 0.901 0.4 0.485 1.483 0.55 0.45 0.5 0.7 0.53 0.36 0.58 0.5 0.54 0.46 0.5 0.5 0.54 0.6 0.48 0.42 0.2 0.4 0.41 0.41 0.5 0.686 0.52 0.32 0.46 0.39 0.59 0.52 0.58 0.39 0.481 1.66 0.637 0.901 0.52 0.46 0.4 0.54 0.762 0.301 0.4 1.345 0.55 0.47 0.33 0.47 0.53 0.5 0.42 0.56 0.3 0.58 0.54 0.485 0.45 0.46 0.42 0.54 0.54 0.54 0.6 0.46 0.3 0.4 0.476 0.46 1.345 0.54 0.27 0.37 0.23 0.45 0.56 0.46 0.301 0.42 0.34 0.17 0.65 0.14 0.4 0.53 0.47 0.26 0.51 0.42 0.4 1.345 0.37 0.49 0.68 0.33 0.4 1.38 0.4 0.4 0.55 0.4 0.34 0.45 0.41 0.59 1.483 0.5 1.43 0.26 1.248 0.49 0.48 0.25 0.43 0.5 0.27 0.45 1.483 1.345 1.67 0.724 0.41 0.58 0.56 0.5 1.49 0.4 0.5 0.55 0.45 1.66 0.5 0.58 0.4 0.636 1.345 0.52 0.3 1.483 0.4 0.11 0.19 0.37 0.65 0.33 0.53 0.7 0.58 0.65 1.248 0.49 0.58 0.48 0.47 0.37 0.68 0.4 0.52 1.345 0.47 0.301 0.45 0.38 0.54 0.3 0.59 0.68 0.59 0.23 0.56 0.465 0.54 0.38 0.3 0.4 1.46 0.47 0.23 0.36 0.22 0.59 0.5 0.724 0.4 0.54 0.14 0.36 0.58 0.54 0.45 0.39 0.19 0.1 0.52 0.46 1.345 0.39 0.4 0.54 0.52 0.45 0.31 0.5 0.46 0.54 0.52 0.6 0.43 0.55 0.45 0.58 0.637 0.4 0.41 1.05 0.4 1.05 0.32 0.52 0.53 0.636 0.4 0.65 0.1 0.377 0.22 0.36 0.901 0.47 0.32 0.58 0.37 0.901 0.46 0.25 0.43 0.4 0.3 0.1 1.43 0.5 0.5 0.52 1.483 0.56 1.44 0.54 0.4 0.481 0.762 1.483 0.56 0.48 0.45 0.09 0.4 0.1 0.762 0.42 0.724 0.59 0.55 0.4
Dot Production Prediction of Lab Growth Rates:
0.570259 0.331349 0.4042 0.398999 0.481342 0.433209 0.452757 0.315534 0.832243 0.343189 0.339624 0.724575 0.399401 0.356275 0.383953 0.401985 0.390152 0.332232 0.53336 0.434819 0.398863 0.539501 0.401203 0.353583 0.538949 0.429381 0.474496 0.477198 0.374925 0.40037 0.453254 0.343441 0.409915 0.548793 0.363267 0.713595 0.629025 0.399406 0.83431 0.328178 0.443125 0.539645 0.545397 0.432138 0.428495 0.325802 0.693617 0.481455 0.479014 0.33853 0.40202 1.45252 0.33815 0.431214 0.354716 0.369307 0.308863 0.46944 0.394473 0.476611 0.400017 0.468819 0.384006 0.452269 0.386854 0.540678 0.401843 0.353951 1.05 0.401511 0.544903 0.553552 0.325023 0.331654 1.05219 0.430132 0.40656 0.33287 0.396228 0.490448 0.653313 1.38352 0.55205 0.539454 0.397938 1.10267 0.530569 0.398218 0.422602 0.311006 0.365603 0.724606 0.476078 0.385256 0.407917 0.38794 1.5662 0.320408 0.437638 0.396181 0.470784 0.308278 0.400006 0.405006 0.465811 0.389372 1.58314 0.403404 0.323171 1.48319 0.542812 0.463618 0.400255 0.359739 1.02061 0.320605 0.453746 0.475657 0.319892 0.722172 0.528229 0.54802 0.340695 0.549453 0.398779 0.326854 0.552097 0.315446 0.307426 0.45868 0.55255 0.404239 0.394284 0.326529 0.388263 0.311357 0.401401 0.485578 1.0515 0.399612 0.473022 0.356511 0.480107 0.421609 0.327484 0.401013 0.717597 0.334884 0.717915 1.05889 0.441257 0.374917 0.400411 0.854228 0.357197 0.408121 0.409191 0.546021 0.992508 0.649666 0.351454 0.462676 0.358411 0.488149 0.572943 0.321041 0.407695 0.399536 0.715988 0.543863 0.465932 0.402344 1.1071 0.518242 0.366031 1.05003 0.384685 0.537097 0.312688 0.359917 0.427216 0.547581 1.08404 0.532819 0.464126 0.400565 0.424979 0.671841 0.362428 0.390768 0.512618 0.720601 0.358769 0.326423 0.527126 1.58999 0.321067 0.717851 0.430995 0.437739 0.725451 0.359338 0.328278 0.421636 0.466479 0.366715 0.348002 0.360293 0.451062 0.392013 1.00261 0.89222 0.838566 0.412613 0.368315 0.359651 0.315531 0.303314 0.555241 0.397603 0.488164 0.702915 0.370127 0.399905 0.368578 0.329468 0.417296 0.717039 0.346518 0.545228 0.412187 0.360209 0.35123 0.433287 0.713494 0.477118 0.361023 0.357294 0.542822 0.373323 1.58619 0.339356 0.700109 0.291763 1.05001 0.649507 0.485869 0.456959 0.367234 0.336043 1.52158 0.525156 0.368218 0.68112 1.02017 0.401043 0.402112 0.333148 0.365687 0.35429 0.399829 1.24226 0.341887 0.35783 0.401588 0.395933 0.369962 1.02658 0.407018 0.541743 0.37122 0.465471 0.381024 0.466146 0.352374 0.478537 0.523539 0.461219 0.438768 0.459879 0.341038 0.529542 0.372654 0.890843 0.422813 0.423749 0.701418 0.375394 0.53512 0.467929 1.01032 0.300395 0.350466 0.604289 0.547523 0.400867 0.395328 0.887222 0.30344 0.650622 1.51994 1.00886 0.715445 0.902443 0.471152 0.536292 0.358031 0.723796 0.520578 0.40086 0.323089 1.04289 0.318476 0.407912 0.545879 0.386521 0.336287 0.55343 0.476183 0.342795 0.404121 0.363927 0.902547 0.401724 0.483581 1.03027 0.442247 0.376673 0.620997 0.697775 0.319314 0.329998 0.376057 0.341802 0.448818 0.46667 0.671678 0.529571 0.377469 0.468171 0.326347 0.350829 0.411186 0.400671 0.470511 0.357125 0.642748 0.726447 0.391847 0.30152 0.449516 0.317737 0.559809 0.354269 0.338513 0.32132 0.47928 1.65073 0.713852 0.903022 0.377239 0.444955 0.400714 0.444006 0.848145 0.475421 0.400577 1.0754 0.443898 0.395977 0.32625 0.357592 0.526646 0.473704 0.363263 0.464079 0.46349 0.4683 0.441943 0.482135 1.53109 0.467234 0.565715 0.350474 0.547422 0.353823 0.448314 0.485748 0.348286 0.355288 0.485273 0.422941 0.996769 0.337215 0.340067 0.371742 0.538686 1.52147 0.469602 0.460008 0.471588 0.576348 0.311934 0.318335 0.654486 0.138717 0.402061 0.411707 0.415347 0.466857 0.400824 0.39629 0.393905 1.08036 0.437931 0.376938 0.463215 0.346552 0.393844 1.30956 0.402294 0.395409 0.441268 0.399892 0.311498 0.351843 0.47679 0.548231 1.0127 0.55064 1.37286 0.351296 0.887219 0.367267 0.365395 0.354663 0.394916 0.472059 0.291223 1.59821 1.06474 1.0699 1.56113 0.718939 0.34306 0.464081 0.46765 0.468008 1.58314 0.401939 0.603566 0.546731 0.369708 1.66 0.701152 0.350028 0.401477 0.716218 1.0841 0.348334 0.303071 1.02074 0.402098 0.365959 0.323893 0.437958 0.641145 0.356499 0.347294 0.701047 0.364517 0.650172 0.886258 0.367729 0.473641 0.339257 0.455589 0.378267 0.463183 0.401477 0.396143 0.993225 0.483411 0.474959 0.391117 0.321991 0.540019 0.433062 0.31737 0.460067 0.544531 0.435144 0.537572 0.483663 0.549674 0.334764 0.447065 0.399889 1.01257 0.376502 0.436541 0.346522 0.463605 0.333315 0.464282 0.723964 0.398173 0.388053 0.140141 0.40201 0.330048 0.442769 0.362242 0.339266 0.324447 1.45598 0.382694 0.36315 1.07643 0.302995 0.404386 0.546928 0.345956 1.55448 0.538166 0.645764 0.297081 0.384116 0.384119 0.444657 0.350938 0.546628 0.368998 0.460781 0.710772 0.403042 0.374962 1.00117 0.403638 1.67617 0.34483 0.358474 0.535235 0.721489 0.398899 0.630466 0.392811 0.476856 0.37159 0.347543 0.900959 0.374089 0.324418 0.365889 0.424787 0.901 0.459058 0.360434 0.350188 0.402409 0.367437 0.910832 1.35953 0.344666 0.327606 0.382281 1.05381 0.543815 1.56581 0.380374 0.402489 0.478721 0.839796 1.04814 0.542309 0.337256 0.363984 0.41989 0.400643 0.777446 0.852078 0.355853 0.722132 0.546024 0.547663 0.402871
Testing:
Lab Growth Rates:
0.27 0.27 0.27
Dot Production Prediction of Lab Growth Rates:
0.34393 0.586567 0.388541
Best performance so far: 
Obj: 4.68639e-310Rho: 2.26291e-314Diff: 4.68639e-310
Anneal again with the best G and E so far as input
Cycle 2Round 1
Iter 500000 pBad 0.897362 T 0.00594188 Obj 1.11471 Rho 0 GRdif 63.6388 success 108761 failure 5058 obj_new 1.11471 SA_pAcc 1.0642 Delta 0.0593494 SA_r 0.801014 freedomratio 0.255115
Iter 1000000 pBad 0.857826 T 0.00225958 Obj 1.08263 Rho 0 GRdif 46.5222 success 216083 failure 13247 obj_new 1.08263 SA_pAcc 1.06832 Delta -0.0453296 SA_r 0.816766 freedomratio 0.254672
Iter 1500000 pBad 0.793345 T 0.00085927 Obj 1.05066 Rho 0 GRdif 28.9568 success 321631 failure 26192 obj_new 1.05066 SA_pAcc 1 Delta -0.0354905 SA_r 0.834654 freedomratio 0.25401
Iter 2000000 pBad 0.734838 T 0.000326763 Obj 1.03535 Rho 0 GRdif 20.3577 success 424642 failure 44554 obj_new 1.03535 SA_pAcc 1 Delta 0.0342428 SA_r 0.92469 freedomratio 0.254672
Iter 2500000 pBad 0.674883 T 0.000124261 Obj 1.02921 Rho 0 GRdif 16.8715 success 526431 failure 66446 obj_new 1.02921 SA_pAcc 1 Delta 0.02701 SA_r 0.136997 freedomratio 0.252043
Iter 3000000 pBad 0.53358 T 4.7254e-05 Obj 1.02357 Rho 0 GRdif 13.6593 success 625664 failure 95523 obj_new 1.02358 SA_pAcc 0.810464 Delta 0.0386437 SA_r 0.935382 freedomratio 0.25032
Iter 3500000 pBad 0.472129 T 1.79697e-05 Obj 1.0196 Rho 0 GRdif 11.3727 success 722156 failure 130928 obj_new 1.0196 SA_pAcc 1 Delta -0.0135819 SA_r 0.227441 freedomratio 0.248305
Iter 4000000 pBad 0.456329 T 6.83353e-06 Obj 1.01723 Rho 0 GRdif 10.0104 success 813727 failure 173958 obj_new 1.01723 SA_pAcc 0.248128 Delta -0.0248131 SA_r 0.129191 freedomratio 0.248095
Iter 4500000 pBad 0.273814 T 2.59865e-06 Obj 1.01324 Rho 0 GRdif 7.70761 success 898170 failure 233810 obj_new 1.01324 SA_pAcc 0.960887 Delta 0.0181003 SA_r 0.410371 freedomratio 0.235247
Iter 5000000 pBad 0.23307 T 9.88214e-07 Obj 1.01118 Rho 0 GRdif 6.51533 success 973135 failure 316642 obj_new 1.01118 SA_pAcc 0.285235 Delta -0.0145396 SA_r 0.44943 freedomratio 0.234494
Iter 5500000 pBad 0.16158 T 3.75797e-07 Obj 1.01003 Rho 0 GRdif 5.85031 success 1038432 failure 422646 obj_new 1.01003 SA_pAcc 2.265 Delta -0.0093094 SA_r 0.679248 freedomratio 0.225385
Iter 6000000 pBad 0.0810901 T 1.42908e-07 Obj 1.00942 Rho 0 GRdif 5.49282 success 1089045 failure 570739 obj_new 1.00942 SA_pAcc 1 Delta 0.00473675 SA_r 0.792163 freedomratio 0.203049
Iter 6500000 pBad 0.0364075 T 5.4345e-08 Obj 1.00919 Rho 0 GRdif 5.36316 success 1121029 failure 774177 obj_new 1.00919 SA_pAcc 1.23612e-11 Delta -0.00221871 SA_r 0.450837 freedomratio 0.186387
Iter 7000000 pBad 0.0244956 T 2.06663e-08 Obj 1.00909 Rho 0 GRdif 5.30555 success 1141292 failure 1022069 obj_new 1.00909 SA_pAcc 6.04226e-137 Delta -0.000876868 SA_r 0.0625102 freedomratio 0.171848
Iter 7500000 pBad 0.0116563 T 7.85897e-09 Obj 1.00905 Rho 0 GRdif 5.27805 success 1155229 failure 1299313 obj_new 1.00905 SA_pAcc 0.00635671 Delta 0.000345386 SA_r 0.33628 freedomratio 0.166809
Iter 8000000 pBad 0.00910007 T 2.98861e-09 Obj 1.00903 Rho 0 GRdif 5.26671 success 1163424 failure 1596309 obj_new 1.00903 SA_pAcc 1 Delta 0.000665932 SA_r 0.142179 freedomratio 0.16314
Iter 8500000 pBad 0.00592446 T 1.13651e-09 Obj 1.00901 Rho 0 GRdif 5.25574 success 1171214 failure 1901302 obj_new 1.00901 SA_pAcc 1 Delta 0.000556693 SA_r 0.121368 freedomratio 0.159369
Iter 9000000 pBad 0.00243827 T 4.3219e-10 Obj 1.009 Rho 0 GRdif 5.25019 success 1176186 failure 2218678 obj_new 1.009 SA_pAcc 1 Delta -0.000240675 SA_r 0.244892 freedomratio 0.156475
Iter 9500000 pBad 0.00315042 T 1.64353e-10 Obj 1.00899 Rho 0 GRdif 5.25382 success 1179083 failure 2544761 obj_new 1.00901 SA_pAcc 0 Delta 6.14303e-05 SA_r 0.6176 freedomratio 0.155026
Good enough
iter 9.99969e+06 obj1.00899 rho 0 GRdif 5.24559
Training:
Lab Growth Rates:
0.617 0.5 0.4 0.4 0.33 0.55 0.54 0.58 0.1 0.09 0.47 0.636 0.4 0.38 0.45 0.4 0.54 0.42 0.23 0.23 0.47 0.23 0.4 0.53 0.56 0.43 0.58 0.485 0.2 0.4 0.33 0.42 0.3 0.56 0.52 0.648 0.65 0.4 0.1 0.17 0.55 0.56 0.5 0.3 0.37 0.46 0.5 0.47 0.485 0.46 0.4 1.67 0.48 0.1 0.54 0.33 0.41 0.5 0.4 0.58 0.4 0.5 0.59 0.6 0.54 0.23 0.4 0.58 1.05 0.4 0.25 0.55 0.5 0.11 1.483 0.47 0.47 0.38 0.4 0.53 0.65 1.03 0.59 0.23 0.4 1.345 0.53 0.4 0.46 0.42 0.59 0.686 0.377 0.51 0.37 0.43 0.25 0.47 0.37 0.4 0.22 0.25 0.4 0.17 0.56 0.54 0.45 0.4 0.37 1.4 0.56 0.22 0.4 0.45 0.1 0.48 0.54 0.58 0.59 0.686 0.53 0.26 0.34 0.56 0.4 0.54 0.56 0.5 0.46 0.68 0.59 0.47 0.4 0.48 0.52 0.54 0.4 0.465 1.483 0.4 0.58 0.38 0.481 0.37 0.5 0.4 0.635 0.19 0.648 1.483 0.55 0.09 0.4 0.901 0.54 0.33 0.47 0.5 1.483 0.65 0.5 0.68 0.42 0.476 0.42 0.59 0.47 0.4 0.635 0.31 0.58 0.4 1.345 0.46 0.42 1.05 0.36 0.54 0.59 0.46 0.43 0.56 1.345 0.31 0.58 0.4 0.37 0.5 0.27 0.5 0.46 0.71 0.47 0.59 0.53 1.42 0.33 0.71 0.37 0.37 0.71 0.25 0.48 0.46 0.3 0.43 0.47 0.11 0.43 0.53 1.46 1.248 0.762 0.3 0.54 0.47 0.39 0.59 0.55 0.4 0.476 0.7 0.47 0.4 0.5 0.33 0.22 0.648 0.36 0.53 0.47 0.47 0.53 0.3 0.637 0.377 0.42 0.47 0.37 0.36 1.46 0.42 0.5 0.48 1.05 0.65 0.465 0.46 0.22 0.4 0.45 0.54 0.5 0.5 1.345 0.4 0.4 0.36 0.41 0.58 0.4 1.35 0.43 0.43 0.43 0.4 0.51 1.345 0.43 0.54 0.47 0.22 0.3 0.56 0.42 0.41 0.53 0.46 0.1 0.22 0.45 0.5 0.41 1.248 0.2 0.37 0.7 0.46 0.23 0.58 1.483 0.3 0.42 0.5 0.56 0.4 0.53 1.248 0.3 0.65 0.45 1.46 0.635 0.901 0.56 0.56 0.36 0.25 0.25 0.4 0.5 1.483 0.42 0.45 0.59 0.37 0.39 0.55 0.58 0.42 0.4 0.45 0.901 0.4 0.485 1.483 0.55 0.45 0.5 0.7 0.53 0.36 0.58 0.5 0.54 0.46 0.5 0.5 0.54 0.6 0.48 0.42 0.2 0.4 0.41 0.41 0.5 0.686 0.52 0.32 0.46 0.39 0.59 0.52 0.58 0.39 0.481 1.66 0.637 0.901 0.52 0.46 0.4 0.54 0.762 0.301 0.4 1.345 0.55 0.47 0.33 0.47 0.53 0.5 0.42 0.56 0.3 0.58 0.54 0.485 0.45 0.46 0.42 0.54 0.54 0.54 0.6 0.46 0.3 0.4 0.476 0.46 1.345 0.54 0.27 0.37 0.23 0.45 0.56 0.46 0.301 0.42 0.34 0.17 0.65 0.14 0.4 0.53 0.47 0.26 0.51 0.42 0.4 1.345 0.37 0.49 0.68 0.33 0.4 1.38 0.4 0.4 0.55 0.4 0.34 0.45 0.41 0.59 1.483 0.5 1.43 0.26 1.248 0.49 0.48 0.25 0.43 0.5 0.27 0.45 1.483 1.345 1.67 0.724 0.41 0.58 0.56 0.5 1.49 0.4 0.5 0.55 0.45 1.66 0.5 0.58 0.4 0.636 1.345 0.52 0.3 1.483 0.4 0.11 0.19 0.37 0.65 0.33 0.53 0.7 0.58 0.65 1.248 0.49 0.58 0.48 0.47 0.37 0.68 0.4 0.52 1.345 0.47 0.301 0.45 0.38 0.54 0.3 0.59 0.68 0.59 0.23 0.56 0.465 0.54 0.38 0.3 0.4 1.46 0.47 0.23 0.36 0.22 0.59 0.5 0.724 0.4 0.54 0.14 0.36 0.58 0.54 0.45 0.39 0.19 0.1 0.52 0.46 1.345 0.39 0.4 0.54 0.52 0.45 0.31 0.5 0.46 0.54 0.52 0.6 0.43 0.55 0.45 0.58 0.637 0.4 0.41 1.05 0.4 1.05 0.32 0.52 0.53 0.636 0.4 0.65 0.1 0.377 0.22 0.36 0.901 0.47 0.32 0.58 0.37 0.901 0.46 0.25 0.43 0.4 0.3 0.1 1.43 0.5 0.5 0.52 1.483 0.56 1.44 0.54 0.4 0.481 0.762 1.483 0.56 0.48 0.45 0.09 0.4 0.1 0.762 0.42 0.724 0.59 0.55 0.4
Dot Production Prediction of Lab Growth Rates:
0.723819 0.33179 0.36065 0.35656 0.515193 0.465247 0.478802 0.276307 1.52966 0.34714 0.338031 0.707973 0.355393 0.376098 0.363272 0.363097 0.383999 0.328303 0.552852 0.431428 0.383155 0.546953 0.353472 0.342381 0.546205 0.43409 0.481132 0.621852 0.349245 0.354157 0.484034 0.323607 0.532427 0.551877 0.373821 0.67902 0.629249 0.360457 1.56624 0.295835 0.484633 0.527632 0.563919 0.567009 0.425525 0.342223 0.837946 0.484136 0.624761 0.353131 0.358367 1.35798 0.271572 0.434143 0.393851 0.318705 0.317923 0.49732 0.343087 0.482986 0.345886 0.482253 0.384984 0.609397 0.392542 0.552177 0.357089 0.35186 1.04996 0.355194 0.550131 0.553441 0.340375 0.344417 1.30828 0.448737 0.398679 0.271757 0.350638 0.477952 0.649577 1.26771 0.539451 0.558747 0.35464 1.37834 0.540227 0.350367 0.452382 0.298319 0.353654 0.701354 0.613167 0.409615 0.422868 0.390262 1.44177 0.305654 0.430115 0.348658 0.495644 0.301832 0.358448 0.429 0.480452 0.379228 1.50368 0.358051 0.262908 1.39933 0.53996 0.497068 0.352785 0.337282 1.95972 0.275898 0.47676 0.48134 0.322624 0.699474 0.530121 0.576362 0.333086 0.548806 0.360562 0.302981 0.553639 0.343811 0.298866 0.404428 0.554092 0.400695 0.345266 0.364543 0.37653 0.277742 0.354729 0.62446 1.28264 0.357078 0.496947 0.371008 0.622499 0.412357 0.35128 0.360301 0.693802 0.308983 0.684933 1.33373 0.482204 0.38625 0.360915 1.0599 0.380896 0.447703 0.384502 0.564687 1.30596 0.650107 0.38662 0.413211 0.358703 0.630287 0.617825 0.29023 0.345911 0.357802 0.692931 0.59704 0.49451 0.354358 1.36489 0.546506 0.400786 1.0718 0.420911 0.538537 0.347715 0.363842 0.420175 0.545602 1.34946 0.578867 0.476595 0.357034 0.417043 0.801965 0.359429 0.435202 0.529864 0.699557 0.381084 0.303392 0.51842 1.47258 0.301813 0.695022 0.42562 0.429896 0.702029 0.343648 0.271904 0.425675 0.636689 0.339236 0.347907 0.366901 0.444883 0.400482 1.05672 1.0995 1.14801 0.375762 0.392238 0.356705 0.323723 0.30707 0.54665 0.351187 0.626295 0.76596 0.370175 0.350046 0.389635 0.333169 0.449657 0.684433 0.36335 0.548979 0.445945 0.358455 0.376899 0.56575 0.691401 0.615495 0.284723 0.364152 0.55011 0.369324 1.3925 0.332579 0.792284 0.320161 1.06867 0.643416 0.627544 0.484122 0.369458 0.276358 1.42962 0.551487 0.37415 0.812791 1.33997 0.355458 0.357548 0.36106 0.401031 0.385588 0.361469 1.07466 0.360231 0.360447 0.383936 0.351758 0.397223 1.3503 0.404009 0.537441 0.382329 0.501902 0.346076 0.497461 0.344057 0.626927 0.546092 0.452859 0.439339 0.490617 0.294572 0.537377 0.372395 1.08204 0.367044 0.423119 0.785392 0.398059 0.551137 0.475154 1.32204 0.253917 0.356364 0.695742 0.544659 0.348195 0.41703 1.08574 0.263989 0.657827 1.39485 1.04155 0.691279 0.900971 0.504174 0.550061 0.361679 0.971881 0.505624 0.354376 0.326031 1.3077 0.283406 0.425193 0.559056 0.393403 0.328126 0.549981 0.482767 0.324469 0.356467 0.354093 0.901471 0.356421 0.626665 1.34283 0.482176 0.413728 0.677537 0.771806 0.260425 0.339672 0.399301 0.321939 0.464561 0.474199 0.753373 0.538755 0.39469 0.656124 0.357523 0.345291 0.390497 0.356625 0.617739 0.356017 0.722425 0.702141 0.371422 0.310407 0.429392 0.307485 0.546221 0.349974 0.355119 0.319901 0.621455 1.48114 0.689836 0.899306 0.398555 0.418391 0.356176 0.471736 1.1619 0.627161 0.354389 1.31873 0.485262 0.399189 0.321192 0.343336 0.525078 0.484747 0.303532 0.484006 0.649386 0.499591 0.460612 0.622789 1.43297 0.472611 0.600932 0.314433 0.536177 0.384962 0.59755 0.517434 0.310751 0.28121 0.622506 0.401957 1.333 0.342859 0.331603 0.388328 0.545533 1.38903 0.500352 0.463788 0.633677 0.635689 0.305962 0.310789 0.662045 0.429661 0.355951 0.43085 0.387317 0.457645 0.430774 0.348979 0.341903 1.35748 0.431678 0.413827 0.410832 0.362662 0.339655 1.26936 0.358101 0.346517 0.49159 0.345265 0.320119 0.364396 0.626547 0.555669 1.3229 0.539697 1.13105 0.382528 1.08567 0.395483 0.346181 0.344519 0.375172 0.502017 0.269969 1.51175 1.32949 1.38271 1.47555 0.704665 0.364199 0.475478 0.477653 0.481962 1.50368 0.355374 0.675573 0.540652 0.387178 1.477 0.817098 0.395717 0.358804 0.709882 1.33844 0.3627 0.261132 1.33781 0.36217 0.402219 0.330403 0.449562 0.636479 0.378517 0.315256 0.758967 0.374175 0.658732 1.08223 0.384688 0.498934 0.297322 0.465357 0.40916 0.413479 0.360603 0.356838 1.31022 0.486628 0.630043 0.416636 0.279828 0.557767 0.58771 0.319735 0.407942 0.546548 0.432169 0.534821 0.620189 0.556619 0.290021 0.6014 0.356194 1.03499 0.350886 0.431373 0.356383 0.499547 0.354335 0.49982 0.705931 0.352197 0.362146 0.431558 0.429392 0.321223 0.459282 0.310319 0.341833 0.324309 1.37537 0.38335 0.36105 1.34457 0.304169 0.364934 0.542511 0.338885 1.45336 0.595499 0.682021 0.297803 0.356084 0.38735 0.634422 0.378287 0.550945 0.361466 0.45138 0.686033 0.358312 0.399835 1.04813 0.364113 1.37998 0.351838 0.366138 0.543676 0.701746 0.355958 0.624904 0.323373 0.622852 0.403273 0.309497 0.900957 0.367045 0.328966 0.411467 0.41801 0.900971 0.463142 0.350413 0.356914 0.355216 0.46262 1.85192 1.10692 0.373608 0.326252 0.380301 1.32172 0.544641 1.45846 0.331816 0.358209 0.617213 1.15631 1.34938 0.55005 0.330717 0.361684 0.451178 0.354642 0.988448 1.16358 0.357022 0.705831 0.545936 0.545641 0.360464
Testing:
Lab Growth Rates:
0.27 0.27 0.27
Dot Production Prediction of Lab Growth Rates:
0.367048 0.608836 0.376449
Best performance so far: 
Obj: 4.68639e-310Rho: 6.5069e-314Diff: 4.68639e-310
Test:
 Lab Growth Rates:
0.27 0.27 0.27Dot Product Prediction of Growth Rate:
0.3670481 0.6088363 0.3764487