seed =  5 traits =  1 
Training: part  7 
Training: part  7 
Round  1 
 Goal of obj  0.99 
Temperature range:  0.00390625 3.125e-15 
Cycle 1Round 1
Iter 500000 pBad 0.80987 T 0.000970322 Obj 1.06284 Rho 0 GRdif 35.7152 success 145665 failure 11761 obj_new 1.06284 SA_pAcc 0.84595 Delta -0.0682598 SA_r 0.0711913 freedomratio 0.36809
Iter 1000000 pBad 0.772619 T 0.00024103 Obj 1.03497 Rho 0 GRdif 20.1423 success 287565 failure 33036 obj_new 1.03497 SA_pAcc 1 Delta -0.0566641 SA_r 0.136171 freedomratio 0.370183
Iter 1500000 pBad 0.644414 T 5.98721e-05 Obj 1.02193 Rho 0 GRdif 12.7113 success 427188 failure 59412 obj_new 1.02193 SA_pAcc 1 Delta 0.012292 SA_r 0.131473 freedomratio 0.366708
Iter 2000000 pBad 0.577448 T 1.48723e-05 Obj 1.01654 Rho 0 GRdif 9.61566 success 562593 failure 95235 obj_new 1.01654 SA_pAcc 1.21776 Delta 0.0158013 SA_r 0.553089 freedomratio 0.366021
Iter 2500000 pBad 0.371661 T 3.69431e-06 Obj 1.01285 Rho 0 GRdif 7.48439 success 691136 failure 142035 obj_new 1.01285 SA_pAcc 1 Delta -0.0318462 SA_r 0.13264 freedomratio 0.355152
Iter 3000000 pBad 0.240936 T 9.17674e-07 Obj 1.00973 Rho 0 GRdif 5.67711 success 798195 failure 232459 obj_new 1.00973 SA_pAcc 1 Delta 0.00539085 SA_r 0.808343 freedomratio 0.340302
Iter 3500000 pBad 0.1156 T 2.27952e-07 Obj 1.00886 Rho 0 GRdif 5.16869 success 869757 failure 397142 obj_new 1.00886 SA_pAcc 1 Delta 0.00424151 SA_r 0.994278 freedomratio 0.288812
Iter 4000000 pBad 0.0386013 T 5.66236e-08 Obj 1.00866 Rho 0 GRdif 5.05056 success 910964 failure 637781 obj_new 1.00866 SA_pAcc 1 Delta -0.00051749 SA_r 0.668491 freedomratio 0.247153
Iter 4500000 pBad 0.0258438 T 1.40654e-08 Obj 1.00854 Rho 0 GRdif 4.98244 success 933818 failure 934558 obj_new 1.00854 SA_pAcc 1 Delta 0.00106128 SA_r 0.381205 freedomratio 0.22375
Iter 5000000 pBad 0.0167108 T 3.49387e-09 Obj 1.0085 Rho 0 GRdif 4.9625 success 947621 failure 1264149 obj_new 1.0085 SA_pAcc 2.84306e-164 Delta 0.00114621 SA_r 0.830748 freedomratio 0.211858
Iter 5500000 pBad 0.00779196 T 8.67882e-10 Obj 1.00848 Rho 0 GRdif 4.94951 success 954851 failure 1620222 obj_new 1.00848 SA_pAcc 1 Delta 0.000419829 SA_r 0.380223 freedomratio 0.201513
Iter 6000000 pBad 0.00184703 T 2.15583e-10 Obj 1.00848 Rho 0 GRdif 4.94629 success 959221 failure 1987381 obj_new 1.00848 SA_pAcc 9.44921e-219 Delta 0.000169156 SA_r 0.427742 freedomratio 0.198107
Iter 6500000 pBad 0.00195346 T 5.35513e-11 Obj 1.00847 Rho 0 GRdif 4.94637 success 962649 failure 2362836 obj_new 1.00848 SA_pAcc 0 Delta -1.30063e-05 SA_r 0.541787 freedomratio 0.191691
Iter 7000000 pBad 0.000347768 T 1.33022e-11 Obj 1.00847 Rho 0 GRdif 4.94548 success 964778 failure 2747330 obj_new 1.00848 SA_pAcc 0 Delta 3.31363e-06 SA_r 0.281221 freedomratio 0.188303
Iter 7500000 pBad 0.000631478 T 3.30429e-12 Obj 1.00847 Rho 0 GRdif 4.94308 success 966390 failure 3136939 obj_new 1.00847 SA_pAcc 0 Delta 1.98738e-05 SA_r 0.00351988 freedomratio 0.186743
Iter 8000000 pBad 0.000893198 T 8.20792e-13 Obj 1.00847 Rho 0 GRdif 4.9437 success 968533 failure 3528037 obj_new 1.00847 SA_pAcc 0 Delta 7.60051e-05 SA_r 0.612691 freedomratio 0.181649
Iter 8500000 pBad 5.79392e-60 T 2.03886e-13 Obj 1.00847 Rho 0 GRdif 4.94506 success 970880 failure 3856866 obj_new 1.00847 SA_pAcc 0 Delta -3.24025e-61 SA_r 0.20788 freedomratio 0.174665
Iter 9000000 pBad 1.4771e-229 T 5.06457e-14 Obj 1.00847 Rho 0 GRdif 4.94361 success 970880 failure 4167634 obj_new 1.00847 SA_pAcc 0 Delta 8.80342e-71 SA_r 0.0769856 freedomratio 0.140933
Iter 9500000 pBad 0 T 1.25805e-14 Obj 1.00847 Rho 0 GRdif 4.94259 success 970880 failure 4502767 obj_new 1.00847 SA_pAcc 1 Delta -0 SA_r 0.893788 freedomratio 0.0631466
Iter 10000000 pBad 0 T 3.12501e-15 Obj 1.00847 Rho 0 GRdif 4.97106 success 970880 failure 4856655 obj_new 1.00852 SA_pAcc 0 Delta -0 SA_r 0.844604 freedomratio 0.0389861
Cannot move further
iter 8.28816e+06 obj1.00847 rho 0 GRdif 4.94259
Training:
Lab Growth Rates:
0.56 0.25 0.38 0.47 0.53 0.48 0.4 0.59 0.27 0.41 0.59 0.32 0.54 1.483 0.377 0.71 0.4 0.901 0.42 0.26 0.1 0.37 0.37 1.345 0.48 0.46 0.5 0.648 0.7 1.38 0.42 0.54 0.55 0.4 0.51 0.5 0.53 0.32 0.301 0.636 0.3 0.23 0.3 0.5 0.4 0.1 0.11 0.53 0.635 0.55 0.19 0.45 0.5 0.4 0.4 0.4 0.901 0.636 0.59 0.14 0.2 0.635 1.345 0.27 0.58 0.4 0.1 0.65 0.5 0.4 0.71 0.36 0.7 0.4 0.58 0.37 0.22 0.55 0.46 0.43 0.09 0.56 0.14 0.59 0.52 0.58 1.248 0.56 0.68 0.49 0.47 0.58 0.43 0.53 0.54 0.34 0.4 0.43 0.22 0.46 0.58 0.22 0.17 0.58 1.248 0.4 0.47 0.36 0.52 0.56 0.37 0.65 0.4 1.483 0.5 0.26 0.1 0.4 0.46 1.42 0.58 0.45 1.44 0.45 0.23 0.37 0.45 0.58 0.4 0.5 0.56 0.6 1.46 0.54 0.5 0.37 0.476 0.55 0.5 0.25 0.4 0.33 0.5 0.53 0.45 0.4 0.33 0.45 0.481 0.46 0.3 0.47 0.58 0.48 0.41 0.52 0.47 0.36 0.4 0.68 1.05 0.42 0.23 0.54 1.66 0.637 0.45 0.59 0.33 0.7 0.4 1.345 0.54 0.4 0.4 0.4 0.47 1.345 0.55 0.45 0.25 0.65 0.53 0.56 0.4 0.65 0.46 1.345 0.4 0.22 0.4 1.67 1.345 0.37 1.483 0.47 0.377 0.4 0.43 0.4 0.17 0.45 0.39 0.51 0.42 0.54 0.47 0.33 1.05 0.42 0.47 0.53 0.4 1.345 0.42 0.485 0.4 1.345 1.483 0.58 0.59 0.54 0.5 0.3 0.54 0.43 0.09 0.31 0.54 0.4 0.686 1.483 0.39 1.43 0.4 0.37 1.345 0.617 0.48 0.47 0.23 0.52 0.4 0.1 0.635 0.53 0.56 0.54 0.46 0.53 1.345 0.45 0.42 0.38 0.34 0.1 0.38 0.33 0.53 0.3 0.45 0.47 0.47 0.68 0.4 0.59 0.4 0.43 0.56 0.34 0.5 0.46 0.42 0.49 0.41 0.46 1.483 0.41 0.4 0.3 0.33 0.46 0.901 0.23 0.22 0.4 0.6 0.4 0.27 1.248 0.59 0.53 0.45 0.5 1.46 0.54 0.4 0.09 0.31 0.23 0.41 0.43 0.52 0.48 0.58 0.42 1.483 0.39 0.53 0.4 1.49 1.248 0.45 0.481 0.47 0.53 0.37 0.36 0.42 0.42 0.37 0.47 0.648 0.36 0.45 0.3 0.41 0.637 0.37 0.5 0.52 0.55 0.476 0.55 0.23 0.901 0.22 0.4 0.5 0.54 1.46 0.36 0.54 0.481 0.54 0.5 0.26 0.54 0.5 0.38 0.52 1.483 1.05 0.36 0.5 0.56 0.17 0.5 0.59 0.43 0.47 0.47 0.901 0.762 1.483 0.25 0.47 0.52 0.56 0.4 0.53 0.42 1.05 0.36 0.59 1.248 0.56 0.56 0.45 0.56 0.65 0.4 0.11 0.5 0.54 0.19 0.65 0.55 0.5 1.345 1.03 0.4 0.4 0.46 0.56 0.46 1.483 0.3 0.25 1.4 0.4 0.301 0.7 1.05 0.4 0.42 1.483 0.58 0.47 0.43 0.4 0.53 0.47 0.47 0.58 0.4 0.68 0.52 0.37 0.5 0.47 0.58 0.4 0.901 0.71 0.33 0.55 0.55 0.58 1.483 0.54 0.54 0.68 0.54 0.22 0.41 0.45 1.43 0.41 0.4 1.67 0.54 0.46 0.51 0.59 0.5 0.46 0.54 0.37 0.37 0.37 0.637 0.45 0.59 0.54 0.49 0.58 0.48 0.58 1.345 0.11 0.52 0.46 0.25 0.5 0.52 0.54 0.41 0.46 0.47 0.38 0.46 0.485 0.476 0.52 0.4 0.762 0.724 0.25 0.4 0.43 0.39 0.5 0.59 1.66 0.47 0.43 0.5 0.4 0.3 0.5 0.1 0.27 0.27 0.58 0.4 0.3 0.48 0.3 0.56 0.4 0.22 0.37 0.55 0.1 0.39 0.42 0.58 0.4 0.762 0.724 0.648 0.301 0.31 0.4 0.56 0.32 0.3 0.25 0.5 0.1 0.5 0.2 0.48 0.46 0.42 0.2 0.686 0.485 0.54 0.5 0.58 0.686 0.5 0.3 0.5 0.56 0.45 0.42 0.762 0.377 1.35 0.36 0.65 0.5 0.39 0.23 0.47 0.54 0.4 0.56 0.23 0.5 0.4 0.4 0.6 0.485 0.4 0.59 0.42 0.46 0.19 0.54 0.46 1.46 0.55 0.58 0.45 0.46 0.724 0.4 0.59 0.65 0.42 0.33 0.65 0.59 0.43 0.33 0.54 0.27 0.636 0.3 0.4 0.6 0.48
Dot Production Prediction of Lab Growth Rates:
0.538517 0.316928 0.338032 0.352905 0.536089 0.342988 0.405989 0.547956 0.356227 0.386784 0.325036 0.319351 0.474606 0.952114 0.491911 0.712117 0.396033 0.900989 0.343582 0.453644 0.3696 0.431127 0.428602 0.92893 0.332787 0.478209 0.364537 0.704646 0.633734 1.35371 0.328695 0.345661 0.551317 0.404766 0.405108 0.404296 0.544619 0.32797 0.489203 0.717157 0.375519 0.543553 0.304065 0.329774 0.399638 1.06068 0.337624 0.350513 0.708286 0.55828 0.337426 0.350099 0.583508 0.403775 0.399957 0.402194 0.91864 0.701641 0.547711 0.139891 0.38287 0.705143 0.966867 0.350147 0.465573 0.406613 0.443753 0.640122 0.353538 0.408544 0.716744 0.329325 0.632788 0.336059 0.351892 0.432318 0.482374 0.549848 0.348271 0.399362 0.42483 0.54255 0.14004 0.348863 0.349672 0.478276 0.84095 0.548392 0.381919 0.373084 0.459654 0.483014 0.346505 0.535778 0.406821 0.322058 0.405817 0.438901 0.482594 0.512141 0.483274 0.480416 0.33149 0.361712 0.846443 0.404422 0.415709 0.394915 0.367762 0.541534 0.391565 0.652099 0.406979 0.946202 0.477948 0.527278 1.17624 0.40708 0.426057 1.51769 0.474731 0.341268 1.51424 1.50441 0.532477 0.420636 1.49465 0.377293 0.399969 0.652168 0.534205 0.369922 1.02505 0.537023 0.343774 0.435768 0.490627 0.474605 0.631391 1.50682 0.405287 0.363089 0.332424 0.525912 0.410991 0.407952 0.338962 0.33298 0.484644 0.464074 0.306877 0.394394 0.475491 0.344452 0.374501 0.362081 0.412226 0.354834 0.401273 0.383997 1.05002 0.319068 0.445849 0.404793 1.66 0.699107 0.331423 0.383201 0.457094 0.630302 0.407183 0.937391 0.539178 0.399736 0.405495 0.401529 0.401693 0.980591 0.471269 1.47254 0.479621 0.664469 0.336878 0.532373 0.400767 0.649422 0.484313 0.992401 0.404008 0.482763 0.404579 1.50407 0.952393 0.329114 0.929122 0.359258 0.491816 0.402119 0.421248 0.406363 0.347549 1.54334 0.344529 0.380162 0.534459 0.469011 0.417501 0.330213 1.65722 0.334088 0.352127 0.525671 0.407287 0.982821 0.312134 0.486288 0.393606 0.993731 0.950274 0.473685 0.320282 0.377385 0.340143 0.365621 0.363371 0.356061 0.33967 0.516634 0.476296 0.40691 0.722046 0.97381 0.326603 1.22818 0.407894 0.404443 0.98153 0.606465 0.345956 0.356641 0.444022 0.357442 0.399827 0.436074 0.7074 0.530005 0.486562 0.336567 0.362675 0.296883 1.00999 0.361056 0.335307 0.372709 0.333482 0.959138 0.343369 0.367975 0.356381 0.388671 1.47662 0.390701 0.420808 0.383611 0.396266 0.54328 0.405878 0.427596 0.474215 0.320735 0.366792 0.480847 0.355913 0.368778 0.373939 0.381374 0.965745 0.48475 0.389801 0.356747 0.481658 0.50057 0.905015 0.446725 0.424238 0.407204 0.383539 0.408571 0.548717 0.842429 0.345037 0.40493 1.48881 0.381608 1.65322 0.548502 0.406024 0.37511 0.520211 0.537756 0.478731 0.374003 0.383591 0.315273 0.475173 0.354169 0.954326 0.311052 0.461691 0.395379 1.54334 0.843267 0.38715 0.483522 0.341668 0.500685 0.391369 0.347205 0.351619 0.359866 0.391387 0.424634 0.699453 0.408409 0.368982 0.362034 0.371703 0.699354 0.43196 0.563214 0.372822 0.551757 0.491542 0.449088 0.543405 0.795347 0.359967 0.404316 0.565084 0.384212 1.01862 0.373345 0.542506 0.486239 0.349935 0.325392 0.368567 0.357189 0.52989 0.377676 0.38376 0.941336 1.05 0.356161 0.478213 0.547 0.403416 0.478135 0.329967 0.364115 0.396767 0.445542 0.901001 0.768888 0.985494 0.379058 0.363716 0.375094 0.545119 0.402144 0.401731 0.358599 1.01398 0.327686 0.546222 0.840407 0.534137 0.544258 0.365393 0.544685 0.64999 0.392518 0.370404 0.543603 0.379081 0.344043 0.646395 0.468962 0.526571 0.95264 1.38735 0.397124 0.405568 0.412326 0.473959 0.333414 0.933365 0.341307 0.505114 1.43198 0.388291 0.490339 0.628664 1.05285 0.406152 0.546442 0.936212 0.359405 0.3477 0.378098 0.398371 0.382557 0.386083 0.362582 0.359318 0.399754 0.379663 0.386189 0.421146 0.651004 0.452846 0.484939 0.394978 0.903779 0.713579 0.329991 0.560349 0.470367 0.37512 0.975968 0.391145 0.534334 0.38276 0.475452 0.372172 0.323737 0.411214 1.21273 0.485921 0.40426 1.43545 0.380573 0.468281 0.387106 0.334937 0.487177 0.403534 0.533944 0.509877 0.427487 0.416601 0.700132 1.5516 0.392733 0.465817 0.37979 0.340389 0.300631 0.482124 0.970946 0.366796 0.378201 0.469207 0.383512 0.634362 0.400881 0.402213 0.349363 0.421738 0.355572 0.333862 0.311838 0.486751 0.490409 0.356984 0.408111 0.771722 0.716942 0.702344 0.405569 0.38327 0.324179 0.349667 0.351557 1.65626 0.35795 0.414405 0.589367 0.405747 0.411963 0.53457 1.44482 0.393483 0.387416 0.482625 0.406083 0.342166 0.31756 0.393427 0.478803 0.407462 0.484995 0.423825 0.550967 0.69955 0.327653 0.37006 0.331154 0.402707 0.761941 0.715653 0.706882 0.488843 0.515869 0.399336 0.47321 0.356786 0.309717 0.365796 0.629298 0.955677 0.584112 0.409274 0.353513 0.302543 0.382213 0.410282 0.721613 0.482162 0.466251 0.64266 0.479888 0.716423 0.483346 0.377816 0.480161 0.484874 0.325605 0.357196 0.766588 0.489355 1.12357 0.358106 0.684215 0.541558 0.351094 0.545251 0.380383 0.321067 0.406343 0.537521 0.537435 0.33436 0.39716 0.401405 0.378776 0.478663 0.408217 0.552002 0.543509 0.432185 0.337997 0.539654 0.477288 1.02222 0.466904 0.312004 0.388258 0.349601 0.713223 0.402341 0.550672 0.670713 0.377496 0.427673 0.62049 0.545322 0.413061 0.362514 0.366098 0.313321 0.714432 0.305884 0.348473 0.375211 0.308464
Testing:
Lab Growth Rates:
0.465 0.465 0.465
Dot Production Prediction of Lab Growth Rates:
0.490815 0.487791 0.489796
Best performance so far: 
Obj: 4.67679e-310Rho: 2.26291e-314Diff: 4.67679e-310
Anneal again with the best G and E so far as input
Cycle 2Round 1
Iter 500000 pBad 0.809002 T 0.000970322 Obj 1.05373 Rho 0 GRdif 30.6697 success 109648 failure 11540 obj_new 1.05373 SA_pAcc 1 Delta 0.0112146 SA_r 0.0270111 freedomratio 0.26456
Iter 1000000 pBad 0.719335 T 0.00024103 Obj 1.03977 Rho 0 GRdif 22.8549 success 215874 failure 30835 obj_new 1.03977 SA_pAcc 1 Delta -0.0659136 SA_r 0.493434 freedomratio 0.260908
Iter 1500000 pBad 0.603642 T 5.98721e-05 Obj 1.02654 Rho 0 GRdif 15.3472 success 318472 failure 60020 obj_new 1.02654 SA_pAcc 0.842621 Delta -0.0337959 SA_r 0.483388 freedomratio 0.259063
Iter 2000000 pBad 0.452383 T 1.48723e-05 Obj 1.02137 Rho 0 GRdif 12.3898 success 416863 failure 99191 obj_new 1.02137 SA_pAcc 0.927486 Delta -0.0275497 SA_r 0.41699 freedomratio 0.252695
Iter 2500000 pBad 0.382801 T 3.69431e-06 Obj 1.01647 Rho 0 GRdif 9.57398 success 513546 failure 140990 obj_new 1.01647 SA_pAcc 1 Delta 0.00828803 SA_r 0.0681032 freedomratio 0.251394
Iter 3000000 pBad 0.226017 T 9.17674e-07 Obj 1.01257 Rho 0 GRdif 7.32396 success 595580 failure 215636 obj_new 1.01258 SA_pAcc 0.0937756 Delta -0.00431081 SA_r 0.187145 freedomratio 0.233373
Iter 3500000 pBad 0.173826 T 2.27952e-07 Obj 1.01068 Rho 0 GRdif 6.23505 success 667077 failure 318370 obj_new 1.0107 SA_pAcc 5.27991e-30 Delta -0.016915 SA_r 0.384083 freedomratio 0.22608
Iter 4000000 pBad 0.0908412 T 5.66236e-08 Obj 1.00956 Rho 0 GRdif 5.5745 success 725274 failure 464087 obj_new 1.00956 SA_pAcc 1 Delta 0.0057452 SA_r 0.538605 freedomratio 0.203897
Iter 4500000 pBad 0.0328109 T 1.40654e-08 Obj 1.00913 Rho 0 GRdif 5.3278 success 760650 failure 686335 obj_new 1.00913 SA_pAcc 1 Delta -0.00120745 SA_r 0.175835 freedomratio 0.176188
Iter 5000000 pBad 0.0112715 T 3.49387e-09 Obj 1.00899 Rho 0 GRdif 5.24788 success 782174 failure 967497 obj_new 1.009 SA_pAcc 0 Delta -0.000650202 SA_r 0.361591 freedomratio 0.160504
Iter 5500000 pBad 0.00464665 T 8.67882e-10 Obj 1.00893 Rho 0 GRdif 5.21139 success 797554 failure 1291471 obj_new 1.00893 SA_pAcc 0 Delta 0.000159066 SA_r 0.745861 freedomratio 0.147347
Iter 6000000 pBad 0.00397481 T 2.15583e-10 Obj 1.00891 Rho 0 GRdif 5.19729 success 808230 failure 1646157 obj_new 1.00891 SA_pAcc 1 Delta -0.00036033 SA_r 0.395627 freedomratio 0.140933
Iter 6500000 pBad 0.00157928 T 5.35513e-11 Obj 1.00889 Rho 0 GRdif 5.1882 success 819781 failure 2024649 obj_new 1.00889 SA_pAcc 0 Delta -5.83411e-05 SA_r 0.721914 freedomratio 0.133729
Iter 7000000 pBad 0.00172452 T 1.33022e-11 Obj 1.00889 Rho 0 GRdif 5.1871 success 826932 failure 2422585 obj_new 1.00889 SA_pAcc 0 Delta 0.0001308 SA_r 0.649528 freedomratio 0.130367
Iter 7500000 pBad 0.00101368 T 3.30429e-12 Obj 1.00888 Rho 0 GRdif 5.18275 success 835471 failure 2831685 obj_new 1.00888 SA_pAcc 1.07287e-237 Delta -5.73583e-05 SA_r 0.939105 freedomratio 0.125187
Iter 8000000 pBad 0.000560783 T 8.20792e-13 Obj 1.00888 Rho 0 GRdif 5.18169 success 843141 failure 3251901 obj_new 1.00888 SA_pAcc 0 Delta -4.86702e-06 SA_r 0.275194 freedomratio 0.124734
Iter 8500000 pBad 1.99367e-38 T 2.03886e-13 Obj 1.00888 Rho 0 GRdif 5.18112 success 848060 failure 3652294 obj_new 1.00888 SA_pAcc 1 Delta -1.42294e-40 SA_r 0.903501 freedomratio 0.122466
Iter 9000000 pBad 1.17073e-128 T 5.06457e-14 Obj 1.00888 Rho 0 GRdif 5.18113 success 848060 failure 4026253 obj_new 1.00888 SA_pAcc 0 Delta 5.78056e-130 SA_r 0.787152 freedomratio 0.120131
Iter 9500000 pBad 0 T 1.25805e-14 Obj 1.00888 Rho 0 GRdif 5.18112 success 848060 failure 4408993 obj_new 1.00888 SA_pAcc 0 Delta -0 SA_r 0.580029 freedomratio 0.0737756
Good enough
iter 8.32146e+06 obj1.00888 rho 0 GRdif 5.18112
Training:
Lab Growth Rates:
0.56 0.25 0.38 0.47 0.53 0.48 0.4 0.59 0.27 0.41 0.59 0.32 0.54 1.483 0.377 0.71 0.4 0.901 0.42 0.26 0.1 0.37 0.37 1.345 0.48 0.46 0.5 0.648 0.7 1.38 0.42 0.54 0.55 0.4 0.51 0.5 0.53 0.32 0.301 0.636 0.3 0.23 0.3 0.5 0.4 0.1 0.11 0.53 0.635 0.55 0.19 0.45 0.5 0.4 0.4 0.4 0.901 0.636 0.59 0.14 0.2 0.635 1.345 0.27 0.58 0.4 0.1 0.65 0.5 0.4 0.71 0.36 0.7 0.4 0.58 0.37 0.22 0.55 0.46 0.43 0.09 0.56 0.14 0.59 0.52 0.58 1.248 0.56 0.68 0.49 0.47 0.58 0.43 0.53 0.54 0.34 0.4 0.43 0.22 0.46 0.58 0.22 0.17 0.58 1.248 0.4 0.47 0.36 0.52 0.56 0.37 0.65 0.4 1.483 0.5 0.26 0.1 0.4 0.46 1.42 0.58 0.45 1.44 0.45 0.23 0.37 0.45 0.58 0.4 0.5 0.56 0.6 1.46 0.54 0.5 0.37 0.476 0.55 0.5 0.25 0.4 0.33 0.5 0.53 0.45 0.4 0.33 0.45 0.481 0.46 0.3 0.47 0.58 0.48 0.41 0.52 0.47 0.36 0.4 0.68 1.05 0.42 0.23 0.54 1.66 0.637 0.45 0.59 0.33 0.7 0.4 1.345 0.54 0.4 0.4 0.4 0.47 1.345 0.55 0.45 0.25 0.65 0.53 0.56 0.4 0.65 0.46 1.345 0.4 0.22 0.4 1.67 1.345 0.37 1.483 0.47 0.377 0.4 0.43 0.4 0.17 0.45 0.39 0.51 0.42 0.54 0.47 0.33 1.05 0.42 0.47 0.53 0.4 1.345 0.42 0.485 0.4 1.345 1.483 0.58 0.59 0.54 0.5 0.3 0.54 0.43 0.09 0.31 0.54 0.4 0.686 1.483 0.39 1.43 0.4 0.37 1.345 0.617 0.48 0.47 0.23 0.52 0.4 0.1 0.635 0.53 0.56 0.54 0.46 0.53 1.345 0.45 0.42 0.38 0.34 0.1 0.38 0.33 0.53 0.3 0.45 0.47 0.47 0.68 0.4 0.59 0.4 0.43 0.56 0.34 0.5 0.46 0.42 0.49 0.41 0.46 1.483 0.41 0.4 0.3 0.33 0.46 0.901 0.23 0.22 0.4 0.6 0.4 0.27 1.248 0.59 0.53 0.45 0.5 1.46 0.54 0.4 0.09 0.31 0.23 0.41 0.43 0.52 0.48 0.58 0.42 1.483 0.39 0.53 0.4 1.49 1.248 0.45 0.481 0.47 0.53 0.37 0.36 0.42 0.42 0.37 0.47 0.648 0.36 0.45 0.3 0.41 0.637 0.37 0.5 0.52 0.55 0.476 0.55 0.23 0.901 0.22 0.4 0.5 0.54 1.46 0.36 0.54 0.481 0.54 0.5 0.26 0.54 0.5 0.38 0.52 1.483 1.05 0.36 0.5 0.56 0.17 0.5 0.59 0.43 0.47 0.47 0.901 0.762 1.483 0.25 0.47 0.52 0.56 0.4 0.53 0.42 1.05 0.36 0.59 1.248 0.56 0.56 0.45 0.56 0.65 0.4 0.11 0.5 0.54 0.19 0.65 0.55 0.5 1.345 1.03 0.4 0.4 0.46 0.56 0.46 1.483 0.3 0.25 1.4 0.4 0.301 0.7 1.05 0.4 0.42 1.483 0.58 0.47 0.43 0.4 0.53 0.47 0.47 0.58 0.4 0.68 0.52 0.37 0.5 0.47 0.58 0.4 0.901 0.71 0.33 0.55 0.55 0.58 1.483 0.54 0.54 0.68 0.54 0.22 0.41 0.45 1.43 0.41 0.4 1.67 0.54 0.46 0.51 0.59 0.5 0.46 0.54 0.37 0.37 0.37 0.637 0.45 0.59 0.54 0.49 0.58 0.48 0.58 1.345 0.11 0.52 0.46 0.25 0.5 0.52 0.54 0.41 0.46 0.47 0.38 0.46 0.485 0.476 0.52 0.4 0.762 0.724 0.25 0.4 0.43 0.39 0.5 0.59 1.66 0.47 0.43 0.5 0.4 0.3 0.5 0.1 0.27 0.27 0.58 0.4 0.3 0.48 0.3 0.56 0.4 0.22 0.37 0.55 0.1 0.39 0.42 0.58 0.4 0.762 0.724 0.648 0.301 0.31 0.4 0.56 0.32 0.3 0.25 0.5 0.1 0.5 0.2 0.48 0.46 0.42 0.2 0.686 0.485 0.54 0.5 0.58 0.686 0.5 0.3 0.5 0.56 0.45 0.42 0.762 0.377 1.35 0.36 0.65 0.5 0.39 0.23 0.47 0.54 0.4 0.56 0.23 0.5 0.4 0.4 0.6 0.485 0.4 0.59 0.42 0.46 0.19 0.54 0.46 1.46 0.55 0.58 0.45 0.46 0.724 0.4 0.59 0.65 0.42 0.33 0.65 0.59 0.43 0.33 0.54 0.27 0.636 0.3 0.4 0.6 0.48
Dot Production Prediction of Lab Growth Rates:
0.550053 0.311925 0.300581 0.358137 0.534266 0.352478 0.372392 0.550895 0.378594 0.409052 0.310231 0.307276 0.475373 1.19124 0.541207 0.70565 0.367638 0.901491 0.296669 0.452095 0.32912 0.440365 0.432366 1.21599 0.311851 0.472553 0.391783 0.706944 0.729381 1.28677 0.272147 0.339999 0.551958 0.371384 0.437799 0.453521 0.545602 0.322776 0.556033 0.71744 0.584409 0.545316 0.247678 0.33359 0.4191 1.98844 0.340522 0.31312 0.708609 0.560094 0.314591 0.316163 0.654036 0.424639 0.396641 0.419953 0.908194 0.71274 0.559268 0.463206 0.338355 0.707498 1.26876 0.327509 0.452506 0.371583 0.454304 0.636112 0.381883 0.378309 0.717503 0.336339 0.736202 0.298397 0.345794 0.440173 0.490788 0.551999 0.341842 0.398856 0.470183 0.545995 0.463659 0.306105 0.362879 0.484079 0.92993 0.544087 0.456789 0.392734 0.446712 0.487236 0.359017 0.546297 0.369337 0.331089 0.371015 0.434843 0.476211 0.517184 0.476801 0.490715 0.316335 0.367479 0.942369 0.404347 0.385889 0.431797 0.372895 0.548541 0.411489 0.652671 0.371749 1.17196 0.487869 0.554238 2.06301 0.373168 0.428461 1.50023 0.475992 0.304061 1.47898 1.47875 0.549627 0.423673 1.43226 0.403035 0.41837 0.754457 0.55487 0.574086 1.02463 0.529819 0.335208 0.450199 0.544715 0.477987 0.728326 1.45629 0.371543 0.331011 0.345885 0.52771 0.410423 0.37531 0.322796 0.364868 0.534466 0.448611 0.254126 0.358538 0.464011 0.352917 0.374932 0.377133 0.395216 0.333602 0.363814 0.460716 1.06485 0.299921 0.445975 0.360348 1.4998 0.706309 0.35729 0.349962 0.502462 0.72764 0.372196 1.21689 0.535685 0.393483 0.369054 0.363242 0.41714 1.20823 0.478073 1.3947 0.479568 0.659143 0.332022 0.525241 0.420997 0.625514 0.509256 1.29683 0.365752 0.481352 0.370418 1.48212 1.17591 0.280633 1.19223 0.35756 0.544203 0.365651 0.411032 0.373813 0.303529 1.51247 0.328093 0.404858 0.550564 0.464785 0.445766 0.314513 1.40191 0.339089 0.384567 0.52626 0.371723 1.22449 0.311425 0.542308 0.357846 1.23148 1.21964 0.476405 0.304858 0.385003 0.341043 0.554659 0.386408 0.370021 0.362422 0.564558 0.474177 0.374047 0.714052 1.20815 0.318364 1.24422 0.37358 0.432285 1.21767 0.796013 0.361616 0.364849 0.444298 0.358817 0.417158 0.446912 0.707379 0.527948 0.485091 0.322571 0.367489 0.263904 1.27452 0.383394 0.325025 0.359543 0.33289 1.70894 0.292071 0.375691 0.385568 0.613343 1.41421 0.404309 0.384892 0.459716 0.412895 0.546815 0.369836 0.439966 0.475689 0.298105 0.383063 0.465398 0.351232 0.401516 0.397709 0.396564 1.23309 0.544097 0.355688 0.556047 0.511071 0.499436 0.902266 0.444045 0.448519 0.373058 0.603414 0.371794 0.589465 0.934347 0.330832 0.425573 1.43832 0.411292 1.42483 0.553063 0.370504 0.396409 0.575702 0.546362 0.542544 0.369562 0.403663 0.26595 0.478491 0.344893 1.17443 0.300953 0.455562 0.358233 1.51247 0.933165 0.415165 0.536815 0.309392 0.502604 0.4082 0.363811 0.338819 0.345652 0.417144 0.464557 0.702448 0.436968 0.386552 0.563721 0.373912 0.704364 0.440086 0.658074 0.384036 0.545273 0.54618 0.45873 0.540297 0.895219 0.36713 0.366897 0.690959 0.35263 1.04053 0.391641 0.565281 0.54093 0.329122 0.317802 0.39228 0.384687 0.532405 0.374171 0.405656 1.20473 1.05058 0.372144 0.476399 0.553338 0.435693 0.474411 0.335276 0.380875 0.419825 0.44951 0.900185 0.910771 1.24826 0.357591 0.375097 0.382242 0.546405 0.422324 0.430932 0.341592 1.02469 0.345571 0.543378 0.933715 0.53003 0.552316 0.362125 0.549716 0.650433 0.357062 0.401333 0.558453 0.379912 0.339948 0.642185 0.481778 0.534169 1.22404 1.30432 0.360405 0.369106 0.417947 0.474617 0.339944 1.15657 0.310661 0.518196 1.46627 0.376883 0.555882 0.733719 1.06451 0.372207 0.569092 1.20176 0.370228 0.351822 0.354328 0.392023 0.396757 0.362018 0.378536 0.389034 0.362012 0.454542 0.393352 0.422375 0.771852 0.441346 0.484932 0.366125 0.905787 0.711046 0.324751 0.563329 0.479443 0.391806 1.25102 0.345495 0.55128 0.459333 0.467366 0.406206 0.319327 0.424046 1.24257 0.544898 0.368255 1.44297 0.402784 0.460317 0.420555 0.301314 0.487286 0.397355 0.543979 0.536695 0.426713 0.421427 0.70656 1.50397 0.368741 0.464572 0.41458 0.362273 0.277291 0.481735 1.2059 0.384895 0.387635 0.458458 0.359354 0.738405 0.398429 0.410927 0.346554 0.459355 0.356486 0.288869 0.310582 0.545282 0.547277 0.370353 0.374849 0.916951 0.716762 0.92076 0.371134 0.372017 0.310123 0.364802 0.324582 1.49746 0.356179 0.424559 0.711797 0.400176 0.383758 0.559058 1.39286 0.374456 0.380306 0.475152 0.374201 0.527154 0.316882 0.602122 0.482371 0.374894 0.482361 0.431101 0.548295 0.919864 0.314392 0.362379 0.324821 0.365346 0.895068 0.717074 0.708847 0.553794 0.555875 0.419424 0.474137 0.350926 0.256503 0.36034 0.72254 1.71589 0.686604 0.362697 0.357809 0.286658 0.411965 0.368656 0.716475 0.537502 0.467601 0.737568 0.475218 0.712234 0.495574 0.356481 0.484413 0.482195 0.289374 0.341534 0.899664 0.544588 1.13636 0.353578 0.6526 0.53777 0.343725 0.542761 0.37768 0.286004 0.371725 0.54628 0.554406 0.327267 0.370327 0.40285 0.577486 0.534389 0.373868 0.549349 0.570447 0.435411 0.32189 0.5291 0.461861 1.02111 0.482724 0.282803 0.371886 0.356522 0.711577 0.365496 0.553246 0.651008 0.343022 0.46574 0.621073 0.548055 0.401238 0.371693 0.372736 0.270538 0.712073 0.474327 0.303818 0.582993 0.273129
Testing:
Lab Growth Rates:
0.465 0.465 0.465
Dot Production Prediction of Lab Growth Rates:
0.546645 0.539703 0.542422
Best performance so far: 
Obj: 4.67679e-310Rho: 6.5069e-314Diff: 4.67679e-310
Test:
 Lab Growth Rates:
0.465 0.465 0.465Dot Product Prediction of Growth Rate:
0.5466451 0.5397033 0.5424222