seed =  5 traits =  1 
Training: part  18 
Training: part  18 
Round  1 
 Goal of obj  0.99 
Temperature range:  0.00390625 1e-13 
Cycle 1Round 1
Iter 500000 pBad 0.823313 T 0.00115391 Obj 1.07428 Rho 0 GRdif 41.914 success 145755 failure 11986 obj_new 1.07428 SA_pAcc 0.957177 Delta 0.017309 SA_r 0.404379 freedomratio 0.369785
Iter 1000000 pBad 0.770012 T 0.000340867 Obj 1.03866 Rho 0 GRdif 22.1902 success 287539 failure 32979 obj_new 1.03866 SA_pAcc 1 Delta 0.00217065 SA_r 0.285017 freedomratio 0.360888
Iter 1500000 pBad 0.67812 T 0.000100692 Obj 1.02633 Rho 0 GRdif 15.202 success 428121 failure 57367 obj_new 1.02633 SA_pAcc 1.24675 Delta -0.031094 SA_r 0.00272547 freedomratio 0.370253
Iter 2000000 pBad 0.570716 T 2.97447e-05 Obj 1.02146 Rho 0 GRdif 12.4211 success 563033 failure 91640 obj_new 1.02146 SA_pAcc 1.97582 Delta -0.0319137 SA_r 0.882703 freedomratio 0.371429
Iter 2500000 pBad 0.474201 T 8.7866e-06 Obj 1.01621 Rho 0 GRdif 9.4065 success 689208 failure 141445 obj_new 1.01621 SA_pAcc 1.13839 Delta -0.00848014 SA_r 0.761346 freedomratio 0.356925
Iter 3000000 pBad 0.329407 T 2.59557e-06 Obj 1.011 Rho 0 GRdif 6.39762 success 808587 failure 206378 obj_new 1.011 SA_pAcc 1 Delta -0.0301015 SA_r 0.270585 freedomratio 0.34432
Iter 3500000 pBad 0.161998 T 7.66735e-07 Obj 1.00881 Rho 0 GRdif 5.13143 success 906266 failure 314323 obj_new 1.00881 SA_pAcc 0.860935 Delta 0.00160953 SA_r 0.740258 freedomratio 0.31401
Iter 4000000 pBad 0.116212 T 2.26494e-07 Obj 1.00801 Rho 0 GRdif 4.66799 success 978402 failure 478297 obj_new 1.00801 SA_pAcc 1 Delta -0.0110717 SA_r 0.874657 freedomratio 0.303738
Iter 4500000 pBad 0.053069 T 6.69066e-08 Obj 1.00755 Rho 0 GRdif 4.4096 success 1025103 failure 705647 obj_new 1.00757 SA_pAcc 3.67795e-97 Delta -0.00455828 SA_r 0.368678 freedomratio 0.250965
Iter 5000000 pBad 0.0189147 T 1.97643e-08 Obj 1.00749 Rho 0 GRdif 4.36725 success 1050223 failure 993668 obj_new 1.00749 SA_pAcc 1.70975e-54 Delta -0.000843572 SA_r 0.0395535 freedomratio 0.230224
Iter 5500000 pBad 0.0110512 T 5.83839e-09 Obj 1.00747 Rho 0 GRdif 4.52592 success 1063856 failure 1319043 obj_new 1.00777 SA_pAcc 0 Delta -6.95773e-05 SA_r 0.34758 freedomratio 0.21547
Iter 6000000 pBad 0.00464199 T 1.72467e-09 Obj 1.00746 Rho 0 GRdif 4.35682 success 1072356 failure 1664169 obj_new 1.00748 SA_pAcc 0 Delta -0.000298104 SA_r 0.0223646 freedomratio 0.208111
Iter 6500000 pBad 0.00295655 T 5.09468e-10 Obj 1.00746 Rho 0 GRdif 4.34578 success 1076754 failure 2023470 obj_new 1.00746 SA_pAcc 1 Delta 0.000192921 SA_r 0.196968 freedomratio 0.205624
Iter 7000000 pBad 0.00189225 T 1.50497e-10 Obj 1.00745 Rho 0 GRdif 4.34476 success 1079813 failure 2388944 obj_new 1.00745 SA_pAcc 1 Delta 3.36035e-05 SA_r 0.903211 freedomratio 0.202282
Iter 7500000 pBad 0.00264368 T 4.44571e-11 Obj 1.00745 Rho 0 GRdif 4.34507 success 1081796 failure 2758593 obj_new 1.00746 SA_pAcc 0 Delta 0.000195517 SA_r 0.379168 freedomratio 0.200962
Iter 8000000 pBad 0.000727744 T 1.31327e-11 Obj 1.00745 Rho 0 GRdif 4.34383 success 1082934 failure 3129933 obj_new 1.00745 SA_pAcc 1.57765e-239 Delta 4.41634e-05 SA_r 0.0867261 freedomratio 0.200205
Iter 8500000 pBad 0.000268355 T 3.8794e-12 Obj 1.00745 Rho 0 GRdif 4.34593 success 1084973 failure 3503452 obj_new 1.00746 SA_pAcc 0 Delta 2.12867e-05 SA_r 0.19383 freedomratio 0.193133
Iter 9000000 pBad 0.000556299 T 1.14598e-12 Obj 1.00745 Rho 0 GRdif 4.34364 success 1087147 failure 3881205 obj_new 1.00745 SA_pAcc 0 Delta -8.43941e-06 SA_r 0.45725 freedomratio 0.191803
Iter 9500000 pBad 8.32422e-20 T 3.38524e-13 Obj 1.00745 Rho 0 GRdif 4.34333 success 1089205 failure 4218766 obj_new 1.00745 SA_pAcc 1 Delta 7.97663e-21 SA_r 0.561263 freedomratio 0.179724
Iter 10000000 pBad 1.2276e-90 T 1e-13 Obj 1.00745 Rho 0 GRdif 4.35047 success 1089205 failure 4513878 obj_new 1.00746 SA_pAcc 0 Delta -4.70847e-95 SA_r 0.544924 freedomratio 0.179668
Cannot move further
iter 9.3643e+06 obj1.00745 rho 0 GRdif 4.34333
Training:
Lab Growth Rates:
0.37 0.4 0.4 0.46 0.56 0.55 0.46 1.4 0.11 0.51 0.636 0.4 0.38 0.54 0.4 0.54 0.42 0.54 0.7 0.33 0.54 0.4 0.53 0.56 0.37 0.5 0.485 0.38 0.4 0.33 0.42 0.6 0.53 0.46 0.648 0.65 0.4 1.67 0.17 0.56 0.53 0.23 0.3 0.37 0.47 0.5 0.5 0.485 0.46 0.4 0.37 0.54 0.1 0.46 0.5 0.45 0.5 0.4 0.5 0.53 0.22 0.59 0.5 0.54 0.23 0.4 0.58 1.46 0.4 0.25 0.56 0.33 0.36 1.483 0.41 0.47 0.37 0.4 0.53 0.65 0.1 0.5 0.23 0.4 1.345 0.53 0.4 0.26 0.42 0.47 0.686 0.377 0.48 0.11 0.43 0.56 0.47 0.37 0.4 0.65 0.25 0.4 0.22 0.58 0.4 0.45 0.4 0.42 0.37 0.53 0.46 0.4 0.45 1.66 0.48 0.55 0.5 0.59 0.686 0.54 0.26 0.47 0.59 0.4 0.54 0.59 0.33 0.47 0.68 0.59 0.47 0.4 0.33 0.49 0.52 0.4 0.465 1.483 0.4 0.58 0.27 0.481 0.23 0.47 0.4 0.635 0.59 0.648 1.483 0.56 0.36 0.4 0.901 0.54 0.33 0.47 0.5 1.67 1.43 0.09 0.68 0.33 0.476 0.2 0.59 0.5 0.4 0.635 0.31 0.58 0.45 1.345 0.3 0.54 1.46 0.33 0.55 0.36 0.46 0.43 0.56 1.345 0.31 0.46 0.4 0.617 0.5 0.27 0.47 0.46 0.71 0.52 0.59 0.54 0.25 0.47 0.71 0.23 0.37 0.71 0.25 0.48 0.41 0.3 0.43 0.48 0.36 0.36 0.46 0.3 1.248 0.45 0.3 0.54 0.32 0.39 0.54 0.56 0.4 0.476 0.3 0.19 0.4 0.41 0.5 0.22 0.648 0.5 0.54 0.45 0.47 0.54 0.6 0.637 0.377 0.42 0.41 0.59 0.36 0.1 0.7 0.5 0.36 1.38 0.65 0.465 0.58 0.22 0.4 1.345 0.54 0.5 0.5 1.483 0.4 0.4 0.47 0.45 0.58 0.4 0.1 0.43 0.43 0.42 0.4 0.59 1.483 0.43 0.55 0.52 0.22 0.58 0.56 0.42 0.41 0.48 0.58 0.1 0.46 0.45 0.23 0.41 1.248 0.2 0.37 0.3 0.46 0.54 0.46 1.44 0.3 0.42 0.4 0.56 0.53 0.58 1.248 0.3 0.65 1.345 1.05 0.635 0.901 0.58 0.59 0.58 1.05 0.59 0.4 0.19 1.483 0.39 0.43 0.5 0.09 0.39 0.56 0.5 0.42 0.4 0.52 0.901 0.4 0.485 1.42 0.55 0.27 0.4 0.3 0.53 0.47 0.39 0.47 0.54 0.65 0.5 0.23 0.52 0.5 0.36 0.42 0.2 0.4 0.41 0.41 0.4 0.686 0.34 0.34 0.46 0.39 0.59 0.46 0.54 0.39 0.481 0.37 0.637 0.901 0.52 0.46 0.4 0.54 0.45 0.301 0.4 1.345 0.56 0.19 0.5 0.47 0.54 0.22 0.53 0.58 0.3 0.58 0.55 0.485 0.45 0.65 0.42 0.42 0.55 0.52 0.5 0.46 0.3 0.4 0.476 0.1 1.483 0.49 0.27 0.37 0.54 1.345 0.56 0.58 0.301 0.42 0.47 0.17 1.43 0.56 0.4 0.53 0.5 0.31 0.59 0.42 0.4 1.345 0.37 0.54 0.68 0.5 0.53 0.1 0.4 0.4 0.55 0.58 0.5 0.45 0.41 0.59 1.49 0.23 1.05 0.26 1.248 0.45 0.48 0.25 0.43 0.5 0.45 0.45 1.483 1.345 0.14 0.724 0.27 0.46 0.58 0.22 0.14 0.4 0.4 0.55 0.27 0.37 0.5 0.54 0.4 0.636 1.345 0.32 0.3 1.483 0.4 0.47 0.51 0.09 0.25 0.47 0.58 1.46 0.58 1.35 1.248 0.45 0.58 0.48 0.37 0.37 0.68 0.4 0.47 1.483 0.5 0.301 0.45 0.38 0.54 0.3 0.48 0.68 0.5 0.7 0.53 0.465 0.54 0.38 0.6 0.4 1.03 0.43 0.7 0.5 0.65 0.48 0.22 0.724 0.4 0.42 0.56 0.33 0.58 0.55 0.25 0.53 0.51 0.56 0.45 0.46 1.345 0.47 0.4 0.55 0.49 1.345 0.17 0.5 0.52 0.54 0.52 0.5 0.46 0.56 0.25 0.46 0.637 0.4 0.43 1.46 0.4 0.1 0.34 0.47 0.53 0.636 0.4 0.65 0.52 0.377 0.43 0.36 0.901 0.38 0.47 0.52 0.23 0.901 0.58 0.42 0.43 0.4 0.6 1.66 1.05 0.37 0.47 0.32 1.483 0.59 0.1 0.52 0.4 0.481 0.45 1.483 0.56 0.42 0.54 0.11 0.4 1.05 0.45 0.42 0.724 0.5 0.55 0.4
Dot Production Prediction of Lab Growth Rates:
0.435555 0.4008 0.404324 0.405829 0.473161 0.473981 0.431685 1.4 0.33293 0.406047 0.722431 0.399754 0.29595 0.376816 0.40357 0.361383 0.331063 0.450566 0.705179 0.317781 0.462865 0.406233 0.407256 0.543626 0.402336 0.474202 0.595948 0.300651 0.402455 0.486956 0.308969 0.54636 0.547359 0.285966 0.706287 0.663877 0.399997 1.40098 0.442693 0.468207 0.533225 0.557589 0.532524 0.416937 0.350573 0.755312 0.324547 0.595055 0.428602 0.401712 0.43316 0.387024 0.433835 0.336457 0.315541 0.422059 0.464316 0.390524 0.469205 0.419833 0.475321 0.322058 0.739526 0.317209 0.549004 0.401724 0.299955 1.02648 0.38691 0.507614 0.546287 0.30357 0.355392 1.1416 0.315279 0.347901 0.27507 0.407933 0.257221 0.644697 1.12334 0.554848 0.550403 0.398924 1.19104 0.533742 0.390802 0.564815 0.292367 0.386983 0.720229 0.600558 0.316142 0.383661 0.403015 0.53889 0.359901 0.424583 0.399648 0.656819 0.527083 0.400689 0.36984 0.460282 0.302009 1.55829 0.39726 0.34603 0.424279 0.53867 0.461355 0.404122 0.29198 1.65093 0.2933 0.458337 0.465869 0.301356 0.714102 0.537651 0.35589 0.448115 0.546509 0.402499 0.378658 0.547979 0.349111 0.34449 0.41043 0.541633 0.381998 0.401513 0.375343 0.415081 0.393208 0.401916 0.590618 1.16881 0.404292 0.462846 0.335385 0.592704 0.442407 0.346257 0.3921 0.718721 0.297422 0.712121 1.19036 0.459832 0.342349 0.404997 1.29778 0.401173 0.539303 0.304973 0.544777 1.57992 1.42236 0.354013 0.416187 0.528434 0.593065 0.38356 0.314109 0.381884 0.399979 0.717899 0.596612 0.462542 0.402446 1.17328 0.301736 0.41927 1.61485 0.37954 0.545579 0.446024 0.375234 0.398403 0.533024 1.16802 0.585339 0.46316 0.401023 0.609953 0.600636 0.281345 0.460546 0.564046 0.716755 0.361402 0.391047 0.545861 1.60196 0.375962 0.710972 0.440631 0.425792 0.720037 0.344452 0.274884 0.388379 0.452806 0.410083 0.350911 0.322117 0.361856 0.539406 0.543543 1.27046 1.56433 0.35978 0.32596 0.298316 0.296466 0.380854 0.551412 0.405696 0.592357 0.300011 0.316276 0.40497 0.409705 0.396574 0.413398 0.713641 0.320547 0.546487 0.427629 0.361372 0.279754 0.525388 0.716149 0.59646 0.311122 0.365894 0.312119 0.317189 1.33537 0.699015 0.703929 0.432552 1.37174 0.649963 0.591655 0.466626 0.466871 0.385952 1.14848 0.533147 0.326188 0.606809 1.08205 0.403833 0.400945 0.354465 0.402501 0.359408 0.401753 0.882252 0.380752 0.35439 0.322235 0.399247 0.327045 1.10831 0.421976 0.549991 0.37315 0.478821 0.360612 0.461031 0.344487 0.605939 0.289434 0.459236 0.323882 0.459999 0.316143 0.549819 0.347725 1.25773 0.381578 0.41852 0.2978 0.363628 0.456956 0.462254 1.60492 0.508511 0.337917 0.398336 0.546295 0.371868 0.379675 1.2592 0.56005 0.66167 1.1512 1.64625 0.715611 0.904701 0.470586 0.547234 0.374312 1.05 0.41471 0.400786 0.322315 1.19269 0.330435 0.374869 0.543532 0.390662 0.306937 0.552162 0.472067 0.350158 0.404578 0.359457 0.901 0.401129 0.595754 1.6294 0.469558 0.595494 0.402704 0.308874 0.512614 0.383654 0.307143 0.398411 0.463065 0.649992 0.616926 0.551311 0.379961 0.703791 0.360077 0.410473 0.342149 0.396504 0.603736 0.419994 0.40275 0.720887 0.32372 0.297667 0.421811 0.360048 0.549359 0.297775 0.333979 0.335304 0.591638 0.43276 0.713719 0.90089 0.362865 0.425196 0.404603 0.457012 1.53442 0.606547 0.405319 1.20466 0.469273 0.310622 0.319477 0.359845 0.541399 0.475311 0.449498 0.451318 0.50488 0.460956 0.466167 0.594436 1.51818 0.630671 0.573057 0.552177 0.550475 0.371859 0.687752 0.543801 0.390735 0.29835 0.591515 0.424398 1.14367 0.395586 0.381553 0.565612 0.459326 1.14327 0.462401 0.464487 0.616873 0.564816 0.464785 0.319745 1.42053 0.543941 0.396429 0.334853 0.333548 0.620734 0.329987 0.278393 0.391124 1.15878 0.420642 0.362775 0.41358 0.420169 0.300015 1.22951 0.398068 0.405269 0.471695 0.369836 0.364932 0.364511 0.603984 0.547723 1.63427 0.545448 1.05 0.4614 1.25766 0.337059 0.303039 0.341905 0.467814 0.462137 0.314452 1.52954 1.20625 1.17461 0.139997 0.719199 0.372731 0.452941 0.467884 0.472607 0.142343 0.402782 0.397398 0.544965 0.377643 0.433257 0.603382 0.361623 0.402214 0.717723 1.22359 0.324688 0.497983 1.16811 0.401189 0.383003 0.44511 0.478238 0.878834 0.445677 0.350676 1.00918 0.305928 1.29337 1.24763 0.337269 0.463113 0.331326 0.457911 0.399029 0.415714 0.404722 0.363358 1.10905 0.374375 0.610509 0.351455 0.366221 0.536272 0.398322 0.334845 0.411742 0.563824 0.707306 0.517858 0.586091 0.538206 0.281477 0.539231 0.403876 1.44383 0.39332 0.699785 0.334796 0.619886 0.351115 0.477672 0.723999 0.38714 0.330258 0.52809 0.323014 0.404085 0.470929 0.337142 0.470504 0.428331 0.542349 0.351862 0.468855 1.19323 0.360942 0.402538 0.548467 0.382777 1.10859 0.307763 0.630939 0.38119 0.370815 0.395624 0.714438 0.368432 0.553906 0.29346 0.459591 0.712279 0.401849 0.375811 1.02192 0.4036 1.11979 0.312627 0.386759 0.530802 0.71732 0.403057 0.660805 0.388765 0.60572 0.441721 0.361223 0.896029 0.379234 0.446235 0.354172 0.440541 0.900999 0.463563 0.330192 0.393545 0.406069 0.529123 1.66 0.99934 0.403776 0.345628 0.340878 1.18865 0.551298 1.47403 0.367727 0.404659 0.589362 1.60659 1.17706 0.543715 0.319177 0.369969 0.401538 0.395173 1.05031 1.63427 0.325228 0.725633 0.543518 0.552034 0.390517
Testing:
Lab Growth Rates:
0.762 0.762 0.762 0.762
Dot Production Prediction of Lab Growth Rates:
1.50795 1.49523 1.52736 1.49864
Best performance so far: 
Obj: 4.64642e-310Rho: 2.26291e-314Diff: 4.64642e-310
Anneal again with the best G and E so far as input
Cycle 2Round 1
Iter 500000 pBad 0.833831 T 0.00115391 Obj 1.04829 Rho 0 GRdif 27.5862 success 112399 failure 11279 obj_new 1.04829 SA_pAcc 1.19352 Delta -0.0679419 SA_r 0.870367 freedomratio 0.269461
Iter 1000000 pBad 0.746657 T 0.000340867 Obj 1.02947 Rho 0 GRdif 16.9895 success 221757 failure 29279 obj_new 1.02947 SA_pAcc 1 Delta 0.0181029 SA_r 0.886766 freedomratio 0.27184
Iter 1500000 pBad 0.641165 T 0.000100692 Obj 1.0268 Rho 0 GRdif 15.4881 success 329626 failure 52397 obj_new 1.02683 SA_pAcc 0.774185 Delta 0.0581562 SA_r 0.945367 freedomratio 0.262332
Iter 2000000 pBad 0.515044 T 2.97447e-05 Obj 1.02215 Rho 0 GRdif 12.8166 success 433950 failure 82695 obj_new 1.02215 SA_pAcc 1 Delta 0.0309063 SA_r 0.474789 freedomratio 0.264228
Iter 2500000 pBad 0.424267 T 8.7866e-06 Obj 1.01905 Rho 0 GRdif 11.0391 success 530561 failure 126449 obj_new 1.01905 SA_pAcc 1 Delta -0.0076223 SA_r 0.00980919 freedomratio 0.262567
Iter 3000000 pBad 0.328078 T 2.59557e-06 Obj 1.01487 Rho 0 GRdif 8.63273 success 619441 failure 188813 obj_new 1.01487 SA_pAcc 1.84047 Delta -0.0191699 SA_r 0.78227 freedomratio 0.25468
Iter 3500000 pBad 0.189646 T 7.66735e-07 Obj 1.01017 Rho 0 GRdif 5.91792 success 698282 failure 279219 obj_new 1.01017 SA_pAcc 0.837783 Delta -0.0139621 SA_r 0.344853 freedomratio 0.243446
Iter 4000000 pBad 0.114668 T 2.26494e-07 Obj 1.00916 Rho 0 GRdif 5.33267 success 758098 failure 411128 obj_new 1.00916 SA_pAcc 0.633203 Delta 0.0102621 SA_r 0.932178 freedomratio 0.222603
Iter 4500000 pBad 0.0488646 T 6.69066e-08 Obj 1.0088 Rho 0 GRdif 5.13228 success 798829 failure 600772 obj_new 1.00881 SA_pAcc 3.2822e-65 Delta -0.00215691 SA_r 0.236454 freedomratio 0.199115
Iter 5000000 pBad 0.0337662 T 1.97643e-08 Obj 1.00862 Rho 0 GRdif 5.02146 success 822781 failure 844766 obj_new 1.00862 SA_pAcc 0.389277 Delta 0.000315092 SA_r 0.967526 freedomratio 0.184426
Iter 5500000 pBad 0.0118741 T 5.83839e-09 Obj 1.00857 Rho 0 GRdif 4.99161 success 837186 failure 1129739 obj_new 1.00857 SA_pAcc 0.000117972 Delta -0.000834289 SA_r 0.413835 freedomratio 0.170803
Iter 6000000 pBad 0.00990847 T 1.72467e-09 Obj 1.00854 Rho 0 GRdif 4.97665 success 845431 failure 1443208 obj_new 1.00854 SA_pAcc 1.92874e-63 Delta 0.000185229 SA_r 0.124321 freedomratio 0.164372
Iter 6500000 pBad 0.00295459 T 5.09468e-10 Obj 1.00852 Rho 0 GRdif 4.9655 success 852258 failure 1771715 obj_new 1.00852 SA_pAcc 1 Delta -0.000117255 SA_r 0.570824 freedomratio 0.158881
Iter 7000000 pBad 0.00109814 T 1.50497e-10 Obj 1.00852 Rho 0 GRdif 4.96225 success 855863 failure 2113294 obj_new 1.00852 SA_pAcc 0 Delta -6.90958e-05 SA_r 0.529268 freedomratio 0.156125
Iter 7500000 pBad 0.00126308 T 4.44571e-11 Obj 1.00852 Rho 0 GRdif 4.96074 success 858755 failure 2460891 obj_new 1.00852 SA_pAcc 1 Delta 8.10273e-05 SA_r 0.48188 freedomratio 0.153866
Iter 8000000 pBad 0.000673881 T 1.31327e-11 Obj 1.00851 Rho 0 GRdif 4.95986 success 860695 failure 2815781 obj_new 1.00851 SA_pAcc 0 Delta -4.76206e-05 SA_r 0.386192 freedomratio 0.151948
Iter 8500000 pBad 0.0010802 T 3.8794e-12 Obj 1.00851 Rho 0 GRdif 4.97321 success 863170 failure 3176303 obj_new 1.00854 SA_pAcc 0 Delta -9.40329e-05 SA_r 0.194493 freedomratio 0.148176
Iter 9000000 pBad 0.000229748 T 1.14598e-12 Obj 1.00851 Rho 0 GRdif 4.95844 success 865709 failure 3542973 obj_new 1.00851 SA_pAcc 1 Delta 1.29997e-05 SA_r 0.412542 freedomratio 0.146177
Iter 9500000 pBad 1.31841e-13 T 3.38524e-13 Obj 1.00851 Rho 0 GRdif 4.95799 success 870724 failure 3905375 obj_new 1.00851 SA_pAcc 6.44394e-264 Delta -8.20208e-15 SA_r 0.700958 freedomratio 0.138593
Good enough
iter 9.64733e+06 obj1.00851 rho 0 GRdif 4.95799
Training:
Lab Growth Rates:
0.37 0.4 0.4 0.46 0.56 0.55 0.46 1.4 0.11 0.51 0.636 0.4 0.38 0.54 0.4 0.54 0.42 0.54 0.7 0.33 0.54 0.4 0.53 0.56 0.37 0.5 0.485 0.38 0.4 0.33 0.42 0.6 0.53 0.46 0.648 0.65 0.4 1.67 0.17 0.56 0.53 0.23 0.3 0.37 0.47 0.5 0.5 0.485 0.46 0.4 0.37 0.54 0.1 0.46 0.5 0.45 0.5 0.4 0.5 0.53 0.22 0.59 0.5 0.54 0.23 0.4 0.58 1.46 0.4 0.25 0.56 0.33 0.36 1.483 0.41 0.47 0.37 0.4 0.53 0.65 0.1 0.5 0.23 0.4 1.345 0.53 0.4 0.26 0.42 0.47 0.686 0.377 0.48 0.11 0.43 0.56 0.47 0.37 0.4 0.65 0.25 0.4 0.22 0.58 0.4 0.45 0.4 0.42 0.37 0.53 0.46 0.4 0.45 1.66 0.48 0.55 0.5 0.59 0.686 0.54 0.26 0.47 0.59 0.4 0.54 0.59 0.33 0.47 0.68 0.59 0.47 0.4 0.33 0.49 0.52 0.4 0.465 1.483 0.4 0.58 0.27 0.481 0.23 0.47 0.4 0.635 0.59 0.648 1.483 0.56 0.36 0.4 0.901 0.54 0.33 0.47 0.5 1.67 1.43 0.09 0.68 0.33 0.476 0.2 0.59 0.5 0.4 0.635 0.31 0.58 0.45 1.345 0.3 0.54 1.46 0.33 0.55 0.36 0.46 0.43 0.56 1.345 0.31 0.46 0.4 0.617 0.5 0.27 0.47 0.46 0.71 0.52 0.59 0.54 0.25 0.47 0.71 0.23 0.37 0.71 0.25 0.48 0.41 0.3 0.43 0.48 0.36 0.36 0.46 0.3 1.248 0.45 0.3 0.54 0.32 0.39 0.54 0.56 0.4 0.476 0.3 0.19 0.4 0.41 0.5 0.22 0.648 0.5 0.54 0.45 0.47 0.54 0.6 0.637 0.377 0.42 0.41 0.59 0.36 0.1 0.7 0.5 0.36 1.38 0.65 0.465 0.58 0.22 0.4 1.345 0.54 0.5 0.5 1.483 0.4 0.4 0.47 0.45 0.58 0.4 0.1 0.43 0.43 0.42 0.4 0.59 1.483 0.43 0.55 0.52 0.22 0.58 0.56 0.42 0.41 0.48 0.58 0.1 0.46 0.45 0.23 0.41 1.248 0.2 0.37 0.3 0.46 0.54 0.46 1.44 0.3 0.42 0.4 0.56 0.53 0.58 1.248 0.3 0.65 1.345 1.05 0.635 0.901 0.58 0.59 0.58 1.05 0.59 0.4 0.19 1.483 0.39 0.43 0.5 0.09 0.39 0.56 0.5 0.42 0.4 0.52 0.901 0.4 0.485 1.42 0.55 0.27 0.4 0.3 0.53 0.47 0.39 0.47 0.54 0.65 0.5 0.23 0.52 0.5 0.36 0.42 0.2 0.4 0.41 0.41 0.4 0.686 0.34 0.34 0.46 0.39 0.59 0.46 0.54 0.39 0.481 0.37 0.637 0.901 0.52 0.46 0.4 0.54 0.45 0.301 0.4 1.345 0.56 0.19 0.5 0.47 0.54 0.22 0.53 0.58 0.3 0.58 0.55 0.485 0.45 0.65 0.42 0.42 0.55 0.52 0.5 0.46 0.3 0.4 0.476 0.1 1.483 0.49 0.27 0.37 0.54 1.345 0.56 0.58 0.301 0.42 0.47 0.17 1.43 0.56 0.4 0.53 0.5 0.31 0.59 0.42 0.4 1.345 0.37 0.54 0.68 0.5 0.53 0.1 0.4 0.4 0.55 0.58 0.5 0.45 0.41 0.59 1.49 0.23 1.05 0.26 1.248 0.45 0.48 0.25 0.43 0.5 0.45 0.45 1.483 1.345 0.14 0.724 0.27 0.46 0.58 0.22 0.14 0.4 0.4 0.55 0.27 0.37 0.5 0.54 0.4 0.636 1.345 0.32 0.3 1.483 0.4 0.47 0.51 0.09 0.25 0.47 0.58 1.46 0.58 1.35 1.248 0.45 0.58 0.48 0.37 0.37 0.68 0.4 0.47 1.483 0.5 0.301 0.45 0.38 0.54 0.3 0.48 0.68 0.5 0.7 0.53 0.465 0.54 0.38 0.6 0.4 1.03 0.43 0.7 0.5 0.65 0.48 0.22 0.724 0.4 0.42 0.56 0.33 0.58 0.55 0.25 0.53 0.51 0.56 0.45 0.46 1.345 0.47 0.4 0.55 0.49 1.345 0.17 0.5 0.52 0.54 0.52 0.5 0.46 0.56 0.25 0.46 0.637 0.4 0.43 1.46 0.4 0.1 0.34 0.47 0.53 0.636 0.4 0.65 0.52 0.377 0.43 0.36 0.901 0.38 0.47 0.52 0.23 0.901 0.58 0.42 0.43 0.4 0.6 1.66 1.05 0.37 0.47 0.32 1.483 0.59 0.1 0.52 0.4 0.481 0.45 1.483 0.56 0.42 0.54 0.11 0.4 1.05 0.45 0.42 0.724 0.5 0.55 0.4
Dot Production Prediction of Lab Growth Rates:
0.470136 0.400995 0.401879 0.423504 0.444734 0.454462 0.43983 1.40805 0.34117 0.42608 0.722887 0.400842 0.282382 0.38921 0.403183 0.357086 0.339201 0.434357 0.758917 0.30994 0.448892 0.406379 0.420898 0.54778 0.389513 0.440709 0.584611 0.286926 0.404452 0.51558 0.30123 0.681497 0.543971 0.287373 0.708312 0.661635 0.402009 1.38964 0.466849 0.441382 0.541043 0.558437 0.651039 0.399886 0.366757 1.01986 0.324981 0.588058 0.452524 0.401509 0.413881 0.406525 0.453093 0.337701 0.317621 0.433667 0.434549 0.394644 0.440041 0.444722 0.451064 0.336539 0.987803 0.29971 0.549279 0.399233 0.281178 1.09239 0.387333 0.560931 0.55476 0.298748 0.364601 1.32878 0.32416 0.352651 0.260728 0.406711 0.269923 0.643929 1.60971 0.56164 0.551741 0.39973 1.35647 0.532561 0.396207 0.6175 0.300711 0.39332 0.720483 0.581199 0.304906 0.388361 0.415534 0.542686 0.370875 0.40607 0.396128 0.655621 0.593696 0.398764 0.363278 0.437483 0.308576 1.33469 0.401435 0.362741 0.402948 0.549044 0.436911 0.403443 0.28947 1.36686 0.271667 0.438438 0.440154 0.306929 0.718331 0.541581 0.361398 0.471104 0.550438 0.402394 0.371487 0.545439 0.348202 0.357964 0.356762 0.54152 0.392208 0.401839 0.377289 0.424354 0.405101 0.401997 0.576153 1.33074 0.403989 0.43599 0.32796 0.577502 0.420751 0.332928 0.393262 0.720023 0.304296 0.713118 1.34757 0.434251 0.32717 0.403013 1.28932 0.415847 0.582795 0.298462 0.548217 1.36307 1.12222 0.345251 0.357264 0.559351 0.581226 0.379442 0.318028 0.373771 0.399814 0.720783 0.637591 0.435507 0.408951 1.33728 0.320125 0.415361 1.4038 0.389325 0.549837 0.450856 0.37734 0.395014 0.532996 1.35353 0.633865 0.437738 0.401907 0.822381 0.787627 0.277281 0.445686 0.613089 0.71529 0.343192 0.390749 0.550177 1.37096 0.373582 0.712881 0.421566 0.406936 0.722724 0.351462 0.281282 0.389776 0.577958 0.412334 0.355856 0.318295 0.36805 0.590971 0.658722 1.26236 1.34277 0.371099 0.321839 0.30646 0.291484 0.380369 0.547346 0.403538 0.575437 0.300703 0.304488 0.402425 0.416019 0.417088 0.433949 0.712582 0.310051 0.553783 0.429414 0.368001 0.281072 0.638878 0.71739 0.579396 0.307169 0.386073 0.308693 0.331148 1.84984 0.757511 0.950779 0.451863 1.27082 0.653394 0.575357 0.435981 0.489907 0.374247 1.33946 0.537902 0.334 0.834858 1.28486 0.404461 0.401408 0.383456 0.41979 0.375208 0.401952 1.13848 0.363859 0.350588 0.314347 0.399997 0.321637 1.29684 0.442791 0.551075 0.376659 0.451247 0.379178 0.437407 0.344152 0.591775 0.289741 0.435157 0.339782 0.438162 0.310122 0.55028 0.341706 1.25314 0.385284 0.402656 0.302294 0.365513 0.42989 0.43766 1.38561 0.632783 0.325468 0.396542 0.539014 0.372383 0.412394 1.2508 0.676517 0.68245 1.35138 1.41119 0.71547 0.905595 0.430982 0.547628 0.370143 1.10527 0.421022 0.399858 0.324831 1.36582 0.315974 0.392098 0.544564 0.389002 0.320635 0.550794 0.445352 0.338993 0.402678 0.373893 0.904702 0.400209 0.581376 1.43875 0.450493 0.645683 0.399261 0.307836 0.575144 0.387236 0.327026 0.408067 0.444631 0.649888 0.836894 0.554037 0.392368 0.936784 0.359787 0.411402 0.339984 0.399892 0.585392 0.422125 0.40164 0.721109 0.328145 0.291197 0.432555 0.366215 0.555284 0.304343 0.344961 0.335063 0.582129 0.412542 0.717286 0.902107 0.390274 0.417956 0.403614 0.431192 1.33556 0.597237 0.404129 1.36762 0.440506 0.296954 0.323149 0.361842 0.550079 0.447768 0.459083 0.429671 0.611418 0.434825 0.447889 0.578158 1.29308 0.654451 0.629717 0.604413 0.549709 0.398903 0.917938 0.593037 0.411819 0.290724 0.571516 0.446044 1.32471 0.39264 0.376394 0.633067 0.430638 1.33381 0.437003 0.434073 0.60208 0.607584 0.504693 0.306889 1.12231 0.55129 0.398528 0.33691 0.326381 0.663949 0.318393 0.287944 0.398263 1.34438 0.403563 0.381288 0.356509 0.452941 0.313595 1.80153 0.400286 0.403422 0.452407 0.372921 0.371803 0.373324 0.592222 0.54783 1.40472 0.550973 1.09669 0.493936 1.25348 0.340797 0.306456 0.346582 0.487419 0.432405 0.33816 1.3185 1.36061 1.36249 0.36054 0.722531 0.380018 0.428158 0.435252 0.447559 0.362495 0.403529 0.395876 0.548998 0.398207 0.413281 0.803126 0.375529 0.404679 0.725061 1.38191 0.332377 0.607825 1.35186 0.401737 0.412011 0.455609 0.493261 1.09157 0.430289 0.36222 1.063 0.296764 1.07308 1.24711 0.332571 0.43706 0.338847 0.482769 0.37996 0.359124 0.404386 0.379143 1.28328 0.388252 0.602148 0.371617 0.366585 0.54475 0.489323 0.337081 0.358248 0.562306 0.754528 0.521608 0.574935 0.543829 0.28462 0.656725 0.403595 1.29574 0.399523 0.755858 0.349043 0.62688 0.352614 0.454445 0.725484 0.388838 0.348678 0.532654 0.313563 0.414993 0.449957 0.345054 0.48862 0.450034 0.544142 0.348696 0.494005 1.37373 0.371759 0.403936 0.54796 0.39633 1.29958 0.305107 0.854779 0.382556 0.37611 0.426493 0.933887 0.370792 0.548397 0.286477 0.436875 0.714691 0.400804 0.370952 1.08015 0.40283 1.5991 0.313271 0.398803 0.531907 0.720122 0.403588 0.672288 0.397301 0.588278 0.460841 0.376998 0.902032 0.398234 0.479765 0.359322 0.419263 0.904663 0.437247 0.321135 0.386891 0.404494 0.650615 1.40402 1.05003 0.432329 0.363635 0.349209 1.34112 0.546235 1.30069 0.388747 0.404466 0.577605 1.36588 1.33234 0.553322 0.319298 0.370833 0.411428 0.396905 1.10848 1.40472 0.320946 0.724423 0.546804 0.554418 0.391505
Testing:
Lab Growth Rates:
0.762 0.762 0.762 0.762
Dot Production Prediction of Lab Growth Rates:
1.48093 1.47267 1.49247 1.47911
Best performance so far: 
Obj: 4.64642e-310Rho: 6.5069e-314Diff: 4.64642e-310
Test:
 Lab Growth Rates:
0.762 0.762 0.762 0.762Dot Product Prediction of Growth Rate:
1.480926 1.472675 1.492475 1.47911