seed =  5 traits =  1 
Training: part  70 
Training: part  70 
Round  1 
 Goal of obj  0.99 
Temperature range:  0.0078125 1.5625e-14 
Cycle 1Round 1
Iter 500000 pBad 0.865436 T 0.00203162 Obj 1.11324 Rho 0 GRdif 62.9688 success 146529 failure 6532 obj_new 1.11324 SA_pAcc 1.08657 Delta -0.0632645 SA_r 0.580568 freedomratio 0.36596
Iter 1000000 pBad 0.805757 T 0.000528317 Obj 1.04643 Rho 0 GRdif 26.6429 success 290651 failure 22832 obj_new 1.04643 SA_pAcc 0.994542 Delta -0.0312569 SA_r 0.282087 freedomratio 0.371049
Iter 1500000 pBad 0.703306 T 0.000137387 Obj 1.02677 Rho 0 GRdif 15.5056 success 431174 failure 46295 obj_new 1.02677 SA_pAcc 1.50188 Delta 0.0435347 SA_r 0.2215 freedomratio 0.366875
Iter 2000000 pBad 0.651318 T 3.57271e-05 Obj 1.02086 Rho 0 GRdif 12.1184 success 568858 failure 77639 obj_new 1.02086 SA_pAcc 1.38017 Delta 0.0386725 SA_r 0.44304 freedomratio 0.362569
Iter 2500000 pBad 0.505823 T 9.29071e-06 Obj 1.01654 Rho 0 GRdif 9.63113 success 702040 failure 116743 obj_new 1.01654 SA_pAcc 1.49057 Delta -0.0354834 SA_r 0.0500291 freedomratio 0.349405
Iter 3000000 pBad 0.333203 T 2.41602e-06 Obj 1.01188 Rho 0 GRdif 6.93224 success 820746 failure 181963 obj_new 1.01188 SA_pAcc 0.277523 Delta 0.0249895 SA_r 0.00413928 freedomratio 0.342474
Iter 3500000 pBad 0.210946 T 6.28278e-07 Obj 1.00911 Rho 0 GRdif 5.32268 success 918823 failure 290047 obj_new 1.00911 SA_pAcc 1 Delta 0.00831459 SA_r 0.385858 freedomratio 0.332201
Iter 4000000 pBad 0.0860773 T 1.63382e-07 Obj 1.00849 Rho 0 GRdif 4.96181 success 990229 failure 456137 obj_new 1.00849 SA_pAcc 0.518955 Delta -0.00108693 SA_r 0.595448 freedomratio 0.285923
Iter 4500000 pBad 0.0331893 T 4.24869e-08 Obj 1.00816 Rho 0 GRdif 4.77551 success 1035689 failure 688661 obj_new 1.00817 SA_pAcc 2.01042e-80 Delta -0.000699453 SA_r 0.573354 freedomratio 0.243771
Iter 5000000 pBad 0.0211023 T 1.10486e-08 Obj 1.0081 Rho 0 GRdif 4.7381 success 1057385 failure 990503 obj_new 1.0081 SA_pAcc 1 Delta 0.00180738 SA_r 0.154683 freedomratio 0.222601
Iter 5500000 pBad 0.00834069 T 2.87315e-09 Obj 1.00808 Rho 0 GRdif 4.72647 success 1069765 failure 1326545 obj_new 1.00808 SA_pAcc 1.51271e-66 Delta 8.76652e-05 SA_r 0.393208 freedomratio 0.208897
Iter 6000000 pBad 0.00708544 T 7.47152e-10 Obj 1.00808 Rho 0 GRdif 4.72172 success 1077017 failure 1682352 obj_new 1.00808 SA_pAcc 0 Delta -0.000229941 SA_r 0.497154 freedomratio 0.202344
Iter 6500000 pBad 0.00268876 T 1.94295e-10 Obj 1.00807 Rho 0 GRdif 4.71967 success 1081195 failure 2049505 obj_new 1.00807 SA_pAcc 1 Delta -0.000177806 SA_r 0.341818 freedomratio 0.197444
Iter 7000000 pBad 0.000818615 T 5.05257e-11 Obj 1.00807 Rho 0 GRdif 4.71929 success 1084409 failure 2427360 obj_new 1.00807 SA_pAcc 0 Delta -6.35673e-05 SA_r 0.698467 freedomratio 0.192712
Iter 7500000 pBad 0.000744774 T 1.3139e-11 Obj 1.00807 Rho 0 GRdif 4.72165 success 1086831 failure 2811971 obj_new 1.00808 SA_pAcc 0 Delta -5.99567e-05 SA_r 0.12205 freedomratio 0.18766
Iter 8000000 pBad 0.00018943 T 3.41677e-12 Obj 1.00807 Rho 0 GRdif 4.72724 success 1089473 failure 3203865 obj_new 1.00809 SA_pAcc 0 Delta -4.79893e-07 SA_r 0.733465 freedomratio 0.180727
Iter 8500000 pBad 0.000592193 T 8.88519e-13 Obj 1.00807 Rho 0 GRdif 4.71825 success 1092363 failure 3603980 obj_new 1.00807 SA_pAcc 0 Delta -7.23462e-06 SA_r 0.361591 freedomratio 0.177234
Iter 9000000 pBad 3.05236e-18 T 2.31057e-13 Obj 1.00807 Rho 0 GRdif 4.72187 success 1095854 failure 3981106 obj_new 1.00808 SA_pAcc 0 Delta 1.91804e-19 SA_r 0.629096 freedomratio 0.165306
Iter 9500000 pBad 1.97896e-46 T 6.00855e-14 Obj 1.00807 Rho 0 GRdif 4.71683 success 1095854 failure 4314283 obj_new 1.00807 SA_pAcc 1 Delta -6.97605e-48 SA_r 0.831926 freedomratio 0.166572
Iter 10000000 pBad 6.98846e-231 T 1.5625e-14 Obj 1.00807 Rho 0 GRdif 4.71683 success 1095854 failure 4649149 obj_new 1.00807 SA_pAcc 1 Delta 4.21172e-232 SA_r 0.15125 freedomratio 0.147228
Cannot move further
iter 8.92346e+06 obj1.00807 rho 0 GRdif 4.71683
Training:
Lab Growth Rates:
0.3 0.4 0.48 0.45 0.59 0.377 0.43 0.42 0.1 0.38 0.4 0.53 0.47 0.56 0.56 0.33 0.45 0.23 0.27 0.55 1.345 0.4 0.47 0.4 1.483 0.37 0.32 0.49 0.1 0.45 0.68 0.58 0.47 0.11 0.56 0.1 0.46 0.41 0.5 0.31 0.47 0.19 0.43 0.637 0.762 0.54 0.37 0.4 0.52 0.46 0.26 0.4 0.42 0.53 0.56 0.45 0.55 0.4 0.45 1.248 0.53 0.43 0.55 0.46 0.23 0.3 1.67 0.48 0.47 0.3 0.724 0.48 0.56 1.46 0.34 0.48 0.54 0.48 0.26 0.5 0.636 0.3 0.33 0.686 0.46 0.47 0.45 0.53 0.59 0.43 1.248 0.58 0.45 0.42 0.52 0.09 0.22 0.37 0.53 0.901 0.4 0.45 0.43 0.36 0.5 0.648 0.5 0.5 0.45 0.5 0.4 1.66 0.46 0.37 0.4 0.1 0.36 0.47 1.345 0.65 0.56 0.55 0.59 0.54 0.42 0.68 0.5 0.42 0.54 0.37 0.38 0.37 0.45 0.5 1.248 0.3 1.483 0.4 0.1 0.47 1.248 0.33 0.54 1.483 1.44 0.56 0.58 0.3 0.52 0.52 0.65 0.4 0.5 0.55 0.6 0.39 0.4 0.5 1.483 0.25 0.465 0.59 1.46 0.42 0.47 0.23 1.345 0.49 0.56 0.6 0.481 0.4 0.53 0.55 0.46 0.54 0.46 0.31 0.19 0.5 0.686 0.36 1.483 0.4 0.46 0.39 0.5 0.52 0.5 0.43 0.54 0.22 0.58 0.5 0.481 0.53 0.485 0.5 0.47 0.45 0.65 1.49 0.54 0.47 0.5 0.47 0.2 0.56 0.54 0.6 0.43 0.54 0.22 0.42 0.22 0.4 0.45 0.39 0.23 0.51 1.05 0.37 0.49 0.58 0.26 0.2 0.09 0.46 0.11 0.4 0.52 0.648 0.901 0.465 0.48 0.5 0.5 0.4 0.42 0.33 0.4 0.37 0.23 0.3 0.56 0.53 1.03 0.38 0.22 1.345 1.66 0.4 0.54 0.52 0.42 0.4 0.635 1.38 0.5 0.14 0.5 0.4 0.46 1.42 0.4 0.4 0.17 0.4 0.39 0.54 0.53 1.05 0.45 0.485 0.59 0.58 0.4 0.52 1.483 0.5 0.47 0.4 0.42 0.51 0.54 0.54 1.345 0.42 0.724 0.42 0.65 0.43 0.7 0.47 0.58 0.4 0.41 0.25 0.38 0.59 0.485 0.301 0.48 0.36 0.33 0.36 0.4 0.4 0.25 0.45 0.45 0.45 0.762 0.762 0.59 0.34 0.4 0.4 0.46 0.46 0.37 0.4 0.901 1.483 1.345 0.47 0.45 1.43 0.46 0.724 0.17 0.58 0.637 0.901 0.41 0.5 0.52 0.17 0.4 0.53 0.55 0.41 0.37 0.55 1.05 1.46 0.58 0.22 0.68 0.68 0.32 0.33 0.59 0.47 0.377 0.27 0.4 0.5 0.33 0.4 0.25 0.65 0.4 0.65 0.4 0.7 0.377 0.476 0.42 0.59 0.56 0.58 0.46 0.7 0.54 0.37 0.71 0.5 0.58 0.4 0.59 0.47 0.53 0.301 0.54 0.59 1.05 0.481 0.42 0.27 0.42 0.43 0.41 0.53 1.4 0.5 0.58 0.4 0.301 0.4 0.7 1.345 0.42 0.27 0.58 0.58 0.3 0.465 0.36 0.56 0.55 0.42 0.762 0.52 0.476 0.476 1.43 0.4 0.54 0.4 0.46 0.39 0.38 0.4 0.4 0.53 0.14 0.37 0.59 0.4 0.23 0.56 0.59 0.59 0.54 0.5 0.4 1.345 0.36 0.4 0.4 0.68 0.54 0.65 0.25 0.5 0.65 0.53 0.5 0.48 0.3 1.483 0.5 0.43 0.59 0.52 0.4 0.46 0.54 0.34 0.4 1.46 0.53 0.54 0.25 0.59 0.55 0.3 0.11 0.58 0.4 0.41 0.4 0.23 0.4 0.37 0.47 0.4 0.3 0.6 0.56 0.47 0.54 1.35 0.4 0.54 0.901 0.635 0.65 0.56 0.43 0.648 0.1 0.3 0.55 0.58 0.5 0.5 0.39 0.637 0.48 0.58 0.22 0.686 0.636 0.43 0.4 1.483 0.09 0.47 0.58 0.58 1.248 0.58 0.617 0.47 0.25 0.46 0.37 0.5 0.46 0.56 1.05 1.345 0.37 0.54 0.47 0.4 0.1 0.45 0.485 0.4 0.56 0.36 0.45 0.33 1.345 0.901 0.5 0.41 0.42 0.4 0.47 0.52 0.33 0.4 0.54 0.636 0.3 0.71 0.46 0.19 0.32 0.41 0.54 0.4 0.1 0.27 1.67 1.345 1.483 0.3 0.23 1.483 0.55 0.22 0.56 0.37 0.25 0.71 0.23 0.4 0.54 0.2 0.36 0.635 0.54 0.31 0.27 0.51 1.483 0.1 0.47 1.345 0.41 0.58 0.5
Dot Production Prediction of Lab Growth Rates:
0.389244 0.401705 0.335183 1.64551 0.346732 0.513985 0.373345 0.613798 0.826243 0.39364 0.402579 0.437242 0.361696 0.544839 0.534019 0.528834 0.401002 0.544499 0.36148 0.458594 1.19437 0.396209 0.358925 0.404753 1.13698 0.421473 0.350952 0.37564 0.464452 0.343803 0.432362 0.47466 0.366515 0.379507 0.545079 1.31491 0.453824 0.382976 0.397102 0.608423 0.43198 0.316688 0.4333 0.707998 0.821936 0.553691 0.412466 0.40249 0.378065 0.430101 0.384111 0.398974 0.623113 0.531602 0.531839 1.52231 0.556162 0.403345 0.381024 0.870876 0.532258 0.375921 0.453339 0.329529 0.537726 0.335092 1.59104 0.296743 0.350721 0.469119 0.71708 0.288435 0.54697 1.04003 0.309693 0.333421 0.393677 0.335155 0.599537 0.481799 0.712257 0.519014 0.360584 0.718805 0.360998 0.362909 0.4355 0.548644 0.54809 0.46514 0.8716 0.476382 0.371379 0.30899 0.406795 0.345439 0.472941 0.471468 0.529152 0.900991 0.398 0.365476 0.457474 0.348899 0.544845 0.710085 0.62506 0.687368 1.55688 0.710679 0.405283 1.63162 0.53012 0.41574 0.397717 1.19746 0.358275 0.402614 1.17376 0.649972 0.482596 0.451006 0.323626 0.357857 0.324344 0.430081 0.347614 0.375632 0.392813 0.301161 0.384819 0.431128 0.44178 0.613159 0.881415 0.555591 1.1584 0.390314 1.20776 0.359466 0.871026 0.362541 0.546953 1.11468 1.60251 0.468757 0.323537 0.297089 0.375502 0.397133 0.662197 0.401494 0.477187 0.432498 0.556647 0.340171 0.398897 0.377418 1.13862 1.57862 0.518952 0.411588 1.03169 0.351788 0.350513 0.435196 1.12836 0.382943 0.540832 0.529434 0.514104 0.397508 0.504897 0.551993 0.470281 0.429106 0.455544 0.598246 0.308097 0.634035 0.720857 0.337077 1.147 0.394669 0.372384 0.305535 0.543414 0.356447 0.735992 0.355662 0.459338 0.46842 0.466671 0.424926 0.514974 0.273998 0.512937 0.36387 0.376728 0.399634 0.643442 1.64551 0.424003 0.421168 0.532043 0.442252 0.42626 0.468717 0.54 0.529187 0.445034 0.439083 0.393871 0.362296 0.477559 0.394088 1.53406 0.315836 0.435718 0.388962 1.05001 0.407202 0.400109 0.294446 0.485609 0.40684 0.469916 0.542389 0.335533 0.400702 0.356985 0.71106 0.901 0.516945 0.284291 0.474322 0.63171 0.403344 0.301063 0.46411 0.39835 0.417801 0.543323 0.502047 0.532603 0.530068 1.39381 0.322523 0.472613 1.18343 1.66 0.40725 0.431441 0.382347 0.359041 0.347657 0.713896 1.3702 0.320142 0.140005 0.484012 0.402931 0.55956 1.61436 0.401258 0.40313 0.320675 0.402271 0.315467 0.359036 0.410157 1.59444 0.329484 0.513952 0.342549 0.382949 0.393991 0.376393 1.12569 0.734737 0.380671 0.399216 0.384972 0.416165 0.537495 0.539089 1.18688 0.338531 0.719639 0.386334 0.656608 0.414846 0.701818 0.333114 0.359421 0.400217 0.313449 0.568371 0.312692 0.543804 0.509878 0.521383 0.295765 0.358938 0.328896 0.33232 0.393356 0.403504 0.377166 0.315604 1.57418 0.326055 0.809443 0.824412 0.306961 0.315011 0.333671 0.40139 0.402818 0.280624 0.425983 0.387497 0.904293 1.15277 1.16933 0.506147 1.55356 1.31967 0.347142 0.716144 0.327635 0.389184 0.710328 0.90148 0.382699 0.32714 0.352145 0.439322 0.398112 0.356652 0.55816 0.517952 0.420199 0.545241 1.05025 1.03228 0.468618 0.370051 0.434304 0.429253 0.316667 0.323808 0.549928 0.499746 0.513274 0.400163 0.399997 0.336386 0.321877 0.402077 0.54265 0.653725 0.397969 0.649553 0.399959 0.699989 0.512034 0.517026 0.349099 0.545415 0.538635 0.457799 0.298418 0.699518 0.348148 0.415868 0.717268 0.54437 0.482832 0.399937 0.3952 0.422002 0.526192 0.520595 0.302014 0.552921 1.05 0.512808 0.598069 0.612353 0.313858 0.345517 0.396015 0.419799 1.49481 0.329498 0.472213 0.387098 0.51977 0.398435 0.701047 1.14652 0.324196 0.404708 0.467001 0.361403 0.550622 0.513671 0.39537 0.479702 0.453346 0.356976 0.817888 0.399252 0.519234 0.515278 1.33056 0.402007 0.325191 0.401392 0.460851 0.287762 0.325856 0.398256 0.400955 0.332186 0.139966 0.41179 0.317634 0.389529 0.53785 0.543888 0.545075 0.547314 0.462321 0.589347 0.394278 1.12456 0.408912 0.397649 0.400095 0.432385 0.445176 0.667841 0.374926 0.719776 0.627341 0.560941 0.47894 0.351189 0.300008 1.13246 0.53256 0.422242 0.339276 0.395974 0.399653 0.460034 0.385508 0.328759 0.398754 1.58902 0.341625 0.541823 0.30456 0.322486 0.546032 0.5047 0.387882 0.476205 0.403373 0.519353 0.398552 0.433442 0.401678 0.426978 0.353539 0.401259 0.30529 0.538192 0.476478 0.396457 0.537023 1.20628 0.402439 0.332334 0.903734 0.712359 0.617266 0.470507 0.366606 0.703829 0.355948 0.527076 0.546587 0.477458 0.36356 0.321292 0.346428 0.710973 0.346118 0.348374 0.477022 0.721753 0.721943 0.393274 0.397969 1.12005 0.39323 0.407787 0.368422 0.476634 0.871314 0.36964 0.616969 0.402761 0.376649 0.460193 0.414557 0.312214 0.446132 0.543023 1.02394 1.16032 0.573825 0.398409 0.484895 0.399979 1.45277 0.324411 0.515915 0.402397 0.53537 0.426896 1.63724 0.507276 1.11625 0.841211 0.471007 0.509317 0.353243 0.403287 0.436248 0.415946 0.368921 0.405445 0.414669 0.717111 0.422578 0.720228 0.460001 0.323082 0.289441 0.364512 0.410993 0.402951 1.49548 0.352085 1.47686 1.1516 1.13099 0.413497 0.540111 1.14612 0.454171 0.445173 0.540777 0.427091 0.806977 0.71678 0.542372 0.403088 0.394837 0.377845 0.358458 0.713866 0.395445 0.594795 0.288553 0.424218 1.14742 0.474651 0.409242 1.15366 0.353363 0.478096 0.710188
Testing:
Lab Growth Rates:
0.46 0.46
Dot Production Prediction of Lab Growth Rates:
0.468446 0.4667
Best performance so far: 
Obj: 4.68461e-310Rho: 2.26291e-314Diff: 4.68461e-310
Anneal again with the best G and E so far as input
Cycle 2Round 1
Iter 500000 pBad 0.859394 T 0.00203162 Obj 1.09482 Rho 0 GRdif 53.178 success 120990 failure 8376 obj_new 1.09482 SA_pAcc 1.28747 Delta 0.0170491 SA_r 0.700534 freedomratio 0.28831
Iter 1000000 pBad 0.769307 T 0.000528317 Obj 1.04895 Rho 0 GRdif 28.0533 success 238592 failure 23675 obj_new 1.04895 SA_pAcc 1.52166 Delta 0.0198931 SA_r 0.887779 freedomratio 0.288452
Iter 1500000 pBad 0.699527 T 0.000137387 Obj 1.02925 Rho 0 GRdif 16.9247 success 353299 failure 46931 obj_new 1.02925 SA_pAcc 1.14075 Delta -0.0262827 SA_r 0.848284 freedomratio 0.289163
Iter 2000000 pBad 0.609616 T 3.57271e-05 Obj 1.02068 Rho 0 GRdif 12.0154 success 464430 failure 77746 obj_new 1.02068 SA_pAcc 1 Delta 0.0435332 SA_r 0.618258 freedomratio 0.286341
Iter 2500000 pBad 0.419436 T 9.29071e-06 Obj 1.01681 Rho 0 GRdif 9.78717 success 573216 failure 115073 obj_new 1.01681 SA_pAcc 1 Delta 0.0293172 SA_r 0.289743 freedomratio 0.281805
Iter 3000000 pBad 0.28995 T 2.41602e-06 Obj 1.01352 Rho 0 GRdif 7.88383 success 671089 failure 173170 obj_new 1.01352 SA_pAcc 0.101432 Delta -0.02121 SA_r 0.476031 freedomratio 0.268773
Iter 3500000 pBad 0.222102 T 6.28278e-07 Obj 1.01012 Rho 0 GRdif 5.90812 success 753895 failure 265675 obj_new 1.01012 SA_pAcc 1 Delta -0.0172634 SA_r 0.854065 freedomratio 0.263347
Iter 4000000 pBad 0.102827 T 1.63382e-07 Obj 1.00869 Rho 0 GRdif 5.07671 success 821525 failure 396405 obj_new 1.00869 SA_pAcc 0.0367598 Delta -0.00850187 SA_r 0.145982 freedomratio 0.23746
Iter 4500000 pBad 0.0379277 T 4.24869e-08 Obj 1.00825 Rho 0 GRdif 4.8251 success 861521 failure 605259 obj_new 1.00825 SA_pAcc 1 Delta -0.00354793 SA_r 0.761002 freedomratio 0.196782
Iter 5000000 pBad 0.0238135 T 1.10486e-08 Obj 1.00813 Rho 0 GRdif 4.75132 success 883284 failure 876211 obj_new 1.00813 SA_pAcc 9.71566e-05 Delta 0.00161377 SA_r 0.618361 freedomratio 0.184186
Iter 5500000 pBad 0.0151064 T 2.87315e-09 Obj 1.00805 Rho 0 GRdif 4.7071 success 899247 failure 1186166 obj_new 1.00805 SA_pAcc 1 Delta -0.000907725 SA_r 0.231518 freedomratio 0.168099
Iter 6000000 pBad 0.00693992 T 7.47152e-10 Obj 1.008 Rho 0 GRdif 4.67587 success 913302 failure 1529838 obj_new 1.008 SA_pAcc 4.28289e-08 Delta 0.000573247 SA_r 0.90112 freedomratio 0.155414
Iter 6500000 pBad 0.0033951 T 1.94295e-10 Obj 1.00798 Rho 0 GRdif 4.66848 success 921974 failure 1901163 obj_new 1.00798 SA_pAcc 0 Delta 0.000168302 SA_r 0.426052 freedomratio 0.149554
Iter 7000000 pBad 0.0014858 T 5.05257e-11 Obj 1.00797 Rho 0 GRdif 4.70925 success 927976 failure 2289826 obj_new 1.00805 SA_pAcc 0 Delta -2.39697e-05 SA_r 0.746346 freedomratio 0.145839
Iter 7500000 pBad 0.000709751 T 1.3139e-11 Obj 1.00797 Rho 0 GRdif 4.66666 success 934082 failure 2692085 obj_new 1.00798 SA_pAcc 0 Delta -3.53222e-05 SA_r 0.774204 freedomratio 0.139895
Iter 8000000 pBad 0.000481385 T 3.41677e-12 Obj 1.00797 Rho 0 GRdif 4.65769 success 940816 failure 3107363 obj_new 1.00797 SA_pAcc 1 Delta -1.10041e-05 SA_r 0.538532 freedomratio 0.136702
Iter 8500000 pBad 0.000395436 T 8.88519e-13 Obj 1.00796 Rho 0 GRdif 4.65681 success 950910 failure 3531147 obj_new 1.00796 SA_pAcc 0 Delta 1.66527e-05 SA_r 0.517926 freedomratio 0.13188
Iter 9000000 pBad 3.66226e-30 T 2.31057e-13 Obj 1.00796 Rho 0 GRdif 4.65635 success 955983 failure 3942409 obj_new 1.00796 SA_pAcc 0 Delta 1.3143e-31 SA_r 0.417909 freedomratio 0.128841
Iter 9500000 pBad 3.07549e-53 T 6.00855e-14 Obj 1.00796 Rho 0 GRdif 4.67885 success 955983 failure 4321348 obj_new 1.008 SA_pAcc 0 Delta -2.77908e-54 SA_r 0.0110761 freedomratio 0.116146
Good enough
iter 8.94518e+06 obj1.00796 rho 0 GRdif 4.65624
Training:
Lab Growth Rates:
0.3 0.4 0.48 0.45 0.59 0.377 0.43 0.42 0.1 0.38 0.4 0.53 0.47 0.56 0.56 0.33 0.45 0.23 0.27 0.55 1.345 0.4 0.47 0.4 1.483 0.37 0.32 0.49 0.1 0.45 0.68 0.58 0.47 0.11 0.56 0.1 0.46 0.41 0.5 0.31 0.47 0.19 0.43 0.637 0.762 0.54 0.37 0.4 0.52 0.46 0.26 0.4 0.42 0.53 0.56 0.45 0.55 0.4 0.45 1.248 0.53 0.43 0.55 0.46 0.23 0.3 1.67 0.48 0.47 0.3 0.724 0.48 0.56 1.46 0.34 0.48 0.54 0.48 0.26 0.5 0.636 0.3 0.33 0.686 0.46 0.47 0.45 0.53 0.59 0.43 1.248 0.58 0.45 0.42 0.52 0.09 0.22 0.37 0.53 0.901 0.4 0.45 0.43 0.36 0.5 0.648 0.5 0.5 0.45 0.5 0.4 1.66 0.46 0.37 0.4 0.1 0.36 0.47 1.345 0.65 0.56 0.55 0.59 0.54 0.42 0.68 0.5 0.42 0.54 0.37 0.38 0.37 0.45 0.5 1.248 0.3 1.483 0.4 0.1 0.47 1.248 0.33 0.54 1.483 1.44 0.56 0.58 0.3 0.52 0.52 0.65 0.4 0.5 0.55 0.6 0.39 0.4 0.5 1.483 0.25 0.465 0.59 1.46 0.42 0.47 0.23 1.345 0.49 0.56 0.6 0.481 0.4 0.53 0.55 0.46 0.54 0.46 0.31 0.19 0.5 0.686 0.36 1.483 0.4 0.46 0.39 0.5 0.52 0.5 0.43 0.54 0.22 0.58 0.5 0.481 0.53 0.485 0.5 0.47 0.45 0.65 1.49 0.54 0.47 0.5 0.47 0.2 0.56 0.54 0.6 0.43 0.54 0.22 0.42 0.22 0.4 0.45 0.39 0.23 0.51 1.05 0.37 0.49 0.58 0.26 0.2 0.09 0.46 0.11 0.4 0.52 0.648 0.901 0.465 0.48 0.5 0.5 0.4 0.42 0.33 0.4 0.37 0.23 0.3 0.56 0.53 1.03 0.38 0.22 1.345 1.66 0.4 0.54 0.52 0.42 0.4 0.635 1.38 0.5 0.14 0.5 0.4 0.46 1.42 0.4 0.4 0.17 0.4 0.39 0.54 0.53 1.05 0.45 0.485 0.59 0.58 0.4 0.52 1.483 0.5 0.47 0.4 0.42 0.51 0.54 0.54 1.345 0.42 0.724 0.42 0.65 0.43 0.7 0.47 0.58 0.4 0.41 0.25 0.38 0.59 0.485 0.301 0.48 0.36 0.33 0.36 0.4 0.4 0.25 0.45 0.45 0.45 0.762 0.762 0.59 0.34 0.4 0.4 0.46 0.46 0.37 0.4 0.901 1.483 1.345 0.47 0.45 1.43 0.46 0.724 0.17 0.58 0.637 0.901 0.41 0.5 0.52 0.17 0.4 0.53 0.55 0.41 0.37 0.55 1.05 1.46 0.58 0.22 0.68 0.68 0.32 0.33 0.59 0.47 0.377 0.27 0.4 0.5 0.33 0.4 0.25 0.65 0.4 0.65 0.4 0.7 0.377 0.476 0.42 0.59 0.56 0.58 0.46 0.7 0.54 0.37 0.71 0.5 0.58 0.4 0.59 0.47 0.53 0.301 0.54 0.59 1.05 0.481 0.42 0.27 0.42 0.43 0.41 0.53 1.4 0.5 0.58 0.4 0.301 0.4 0.7 1.345 0.42 0.27 0.58 0.58 0.3 0.465 0.36 0.56 0.55 0.42 0.762 0.52 0.476 0.476 1.43 0.4 0.54 0.4 0.46 0.39 0.38 0.4 0.4 0.53 0.14 0.37 0.59 0.4 0.23 0.56 0.59 0.59 0.54 0.5 0.4 1.345 0.36 0.4 0.4 0.68 0.54 0.65 0.25 0.5 0.65 0.53 0.5 0.48 0.3 1.483 0.5 0.43 0.59 0.52 0.4 0.46 0.54 0.34 0.4 1.46 0.53 0.54 0.25 0.59 0.55 0.3 0.11 0.58 0.4 0.41 0.4 0.23 0.4 0.37 0.47 0.4 0.3 0.6 0.56 0.47 0.54 1.35 0.4 0.54 0.901 0.635 0.65 0.56 0.43 0.648 0.1 0.3 0.55 0.58 0.5 0.5 0.39 0.637 0.48 0.58 0.22 0.686 0.636 0.43 0.4 1.483 0.09 0.47 0.58 0.58 1.248 0.58 0.617 0.47 0.25 0.46 0.37 0.5 0.46 0.56 1.05 1.345 0.37 0.54 0.47 0.4 0.1 0.45 0.485 0.4 0.56 0.36 0.45 0.33 1.345 0.901 0.5 0.41 0.42 0.4 0.47 0.52 0.33 0.4 0.54 0.636 0.3 0.71 0.46 0.19 0.32 0.41 0.54 0.4 0.1 0.27 1.67 1.345 1.483 0.3 0.23 1.483 0.55 0.22 0.56 0.37 0.25 0.71 0.23 0.4 0.54 0.2 0.36 0.635 0.54 0.31 0.27 0.51 1.483 0.1 0.47 1.345 0.41 0.58 0.5
Dot Production Prediction of Lab Growth Rates:
0.375198 0.400632 0.332673 1.49211 0.328697 0.540204 0.362164 0.5633 0.91977 0.380132 0.403884 0.417967 0.37931 0.547556 0.533347 0.50296 0.39411 0.540433 0.363676 0.466377 1.29836 0.394159 0.33582 0.403403 1.22514 0.406912 0.341484 0.379824 0.451358 0.343827 0.354805 0.467249 0.365727 0.351173 0.542591 1.24683 0.451612 0.339926 0.381663 0.547232 0.40038 0.294158 0.408818 0.706878 0.79161 0.554434 0.383923 0.401335 0.337238 0.397282 0.368694 0.398139 0.583119 0.530089 0.531914 1.37687 0.555954 0.40083 0.376653 0.853341 0.53107 0.3492 0.469053 0.336972 0.534737 0.328862 1.46249 0.300359 0.327688 0.499297 0.724662 0.296204 0.550594 1.04149 0.294315 0.304872 0.362356 0.329561 0.554782 0.473169 0.715499 0.542709 0.33482 0.719616 0.344776 0.353898 0.398601 0.544006 0.548027 0.432349 0.856207 0.464013 0.343041 0.296411 0.376983 0.337731 0.47527 0.427376 0.529651 0.900997 0.39685 0.372993 0.436797 0.334786 0.550467 0.71168 0.663184 0.766722 1.42022 0.783554 0.406274 1.54304 0.492243 0.399717 0.394178 1.11398 0.342105 0.391293 1.28232 0.649971 0.474905 0.465963 0.315176 0.369333 0.329178 0.350711 0.340817 0.361105 0.380829 0.293739 0.373474 0.400652 0.416538 0.66179 0.859221 0.591291 1.22924 0.38925 1.13446 0.343044 0.848861 0.349347 0.553306 1.21245 1.47878 0.46427 0.311428 0.259702 0.36387 0.36191 0.662594 0.397019 0.470981 0.452142 0.584112 0.32958 0.400819 0.346084 1.2413 1.44623 0.540839 0.377049 1.03244 0.343746 0.336001 0.416248 1.20673 0.36424 0.54136 0.576231 0.537949 0.397628 0.47762 0.55426 0.471331 0.459897 0.421059 0.547895 0.303335 0.708232 0.720763 0.329437 1.27001 0.393453 0.347851 0.328854 0.542598 0.342103 0.806987 0.343444 0.467374 0.471625 0.465963 0.411535 0.533932 0.2835 0.538346 0.354193 0.345411 0.371676 0.645193 1.49211 0.378535 0.38974 0.527491 0.419459 0.385022 0.463938 0.531792 0.563635 0.411648 0.463836 0.376262 0.330859 0.473872 0.393884 1.39284 0.307556 0.418334 0.374555 1.05382 0.387448 0.390593 0.293937 0.45077 0.376118 0.443426 0.507913 0.320468 0.398614 0.34403 0.712048 0.900998 0.538905 0.302187 0.463723 0.720219 0.404648 0.307623 0.430131 0.399529 0.400826 0.539136 0.540824 0.529213 0.532895 1.29486 0.306483 0.470486 1.27941 1.5328 0.3806 0.458343 0.376855 0.352919 0.333962 0.71437 1.27971 0.318857 0.139529 0.475189 0.401808 0.51541 1.50552 0.400111 0.402095 0.30668 0.401763 0.312474 0.365688 0.383011 1.45299 0.355228 0.537712 0.326291 0.373165 0.391675 0.362525 1.19223 0.793518 0.376553 0.398927 0.371126 0.405781 0.536427 0.539996 1.27631 0.328531 0.720093 0.388356 0.655328 0.39765 0.718109 0.304613 0.335071 0.402201 0.322485 0.538357 0.304809 0.53816 0.538274 0.546467 0.311572 0.357982 0.305811 0.329062 0.39041 0.403368 0.369257 0.326043 1.45671 0.35472 0.778608 0.797386 0.316802 0.319026 0.329779 0.404547 0.376924 0.29744 0.413862 0.387554 0.905403 1.24743 1.25393 0.479234 1.41904 1.17212 0.319107 0.718508 0.320129 0.373323 0.714152 0.901073 0.367817 0.32173 0.339382 0.396233 0.396304 0.354899 0.559858 0.542081 0.40114 0.544954 1.05731 1.04052 0.464294 0.339184 0.353702 0.349202 0.320517 0.30022 0.54486 0.470813 0.533981 0.389142 0.393666 0.336371 0.318275 0.402782 0.499011 0.650525 0.39978 0.649942 0.395738 0.716361 0.533959 0.544252 0.342904 0.539612 0.536085 0.448664 0.303065 0.712755 0.344697 0.399279 0.716962 0.545365 0.475295 0.399616 0.370811 0.403595 0.530215 0.545712 0.292186 0.552494 1.05298 0.535187 0.570591 0.581341 0.301704 0.339757 0.391232 0.408825 1.4 0.323981 0.473507 0.386978 0.544472 0.400002 0.714722 1.24577 0.311531 0.38019 0.462894 0.369321 0.578126 0.536728 0.371996 0.471135 0.467395 0.332927 0.780687 0.388879 0.543514 0.538954 1.17543 0.402886 0.319151 0.40339 0.422991 0.30599 0.310244 0.396827 0.400516 0.322798 0.140127 0.395682 0.31404 0.388677 0.533232 0.542033 0.539997 0.548444 0.458192 0.706444 0.392191 1.21475 0.404632 0.396102 0.399097 0.354574 0.465186 0.656693 0.356884 0.769552 0.636346 0.530313 0.473782 0.333363 0.260616 1.22934 0.525215 0.40294 0.319524 0.370927 0.401399 0.44252 0.383015 0.312028 0.399554 1.46999 0.327146 0.537373 0.305159 0.319129 0.548799 0.541868 0.362492 0.474833 0.404443 0.541611 0.395267 0.41527 0.402405 0.412294 0.339372 0.400515 0.263614 0.582557 0.471479 0.376338 0.539759 1.12631 0.401418 0.320129 0.905133 0.712735 0.625267 0.46531 0.362341 0.707277 0.355195 0.562741 0.545309 0.468992 0.366922 0.315683 0.335787 0.71188 0.339442 0.336697 0.477719 0.722161 0.724776 0.375887 0.400391 1.19924 0.384264 0.414234 0.352037 0.470145 0.848645 0.363806 0.510627 0.408606 0.368395 0.46 0.401392 0.317393 0.404297 0.541882 1.02899 1.26329 0.536431 0.386223 0.453412 0.398054 1.27703 0.346729 0.540916 0.403499 0.53771 0.405494 1.4896 0.459863 1.1969 0.822632 0.465856 0.539168 0.322639 0.402318 0.383214 0.394601 0.361211 0.405711 0.384196 0.717598 0.407878 0.724038 0.461021 0.313863 0.309226 0.365679 0.38289 0.401852 1.39092 0.349736 1.35676 1.2477 1.21515 0.462805 0.549516 1.25688 0.462295 0.416284 0.537118 0.412103 0.913204 0.709998 0.538465 0.403381 0.348094 0.366468 0.352732 0.709277 0.368772 0.537405 0.299319 0.419087 1.24429 0.452885 0.376948 1.25912 0.332057 0.476237 0.785777
Testing:
Lab Growth Rates:
0.46 0.46
Dot Production Prediction of Lab Growth Rates:
0.466192 0.465953
Best performance so far: 
Obj: 4.68461e-310Rho: 6.5069e-314Diff: 4.68461e-310
Test:
 Lab Growth Rates:
0.46 0.46Dot Product Prediction of Growth Rate:
0.4661923 0.4659535