seed =  5 traits =  1 
Training: part  147 
Training: part  147 
Round  1 
 Goal of obj  0.99 
Temperature range:  0.0078125 1.5625e-13 
Cycle 1Round 1
Iter 500000 pBad 0.881794 T 0.00227952 Obj 1.12282 Rho 0 GRdif 67.8857 success 147356 failure 7742 obj_new 1.12282 SA_pAcc 0.890814 Delta -0.0738386 SA_r 0.265785 freedomratio 0.380767
Iter 1000000 pBad 0.797711 T 0.000665111 Obj 1.0688 Rho 0 GRdif 38.9911 success 291533 failure 22555 obj_new 1.0688 SA_pAcc 1.44598 Delta -0.0171577 SA_r 0.84157 freedomratio 0.361728
Iter 1500000 pBad 0.742244 T 0.000194064 Obj 1.02852 Rho 0 GRdif 16.4763 success 432568 failure 46089 obj_new 1.02852 SA_pAcc 1 Delta 0.0617783 SA_r 0.719517 freedomratio 0.369018
Iter 2000000 pBad 0.671867 T 5.66236e-05 Obj 1.02179 Rho 0 GRdif 12.6341 success 571152 failure 74443 obj_new 1.02179 SA_pAcc 1.0505 Delta -0.0540376 SA_r 0.643117 freedomratio 0.364882
Iter 2500000 pBad 0.504851 T 1.65215e-05 Obj 1.01664 Rho 0 GRdif 9.66861 success 707415 failure 108067 obj_new 1.01664 SA_pAcc 1 Delta -0.0131459 SA_r 0.738423 freedomratio 0.359289
Iter 3000000 pBad 0.427343 T 4.82059e-06 Obj 1.01343 Rho 0 GRdif 7.82042 success 833274 failure 158851 obj_new 1.01343 SA_pAcc 1 Delta -0.0282008 SA_r 0.575652 freedomratio 0.356231
Iter 3500000 pBad 0.280038 T 1.40654e-06 Obj 1.0109 Rho 0 GRdif 6.35666 success 940658 failure 247298 obj_new 1.01091 SA_pAcc 0.11523 Delta 0.0095393 SA_r 0.232499 freedomratio 0.337558
Iter 4000000 pBad 0.114236 T 4.10396e-07 Obj 1.00964 Rho 0 GRdif 5.62484 success 1028156 failure 377922 obj_new 1.00964 SA_pAcc 0.0223528 Delta -0.00492198 SA_r 0.410983 freedomratio 0.300513
Iter 4500000 pBad 0.0674302 T 1.19744e-07 Obj 1.00909 Rho 0 GRdif 5.30065 success 1082608 failure 584552 obj_new 1.00909 SA_pAcc 1 Delta -0.00335667 SA_r 0.107703 freedomratio 0.269922
Iter 5000000 pBad 0.0379557 T 3.49386e-08 Obj 1.00883 Rho 0 GRdif 5.15131 success 1116063 failure 848024 obj_new 1.00883 SA_pAcc 0.966905 Delta 5.10891e-05 SA_r 0.875764 freedomratio 0.240262
Iter 5500000 pBad 0.0177891 T 1.01943e-08 Obj 1.00873 Rho 0 GRdif 5.09581 success 1136731 failure 1157363 obj_new 1.00873 SA_pAcc 0.00292351 Delta 0.00120648 SA_r 0.941302 freedomratio 0.214573
Iter 6000000 pBad 0.00746335 T 2.97447e-09 Obj 1.00869 Rho 0 GRdif 5.07332 success 1147946 failure 1497949 obj_new 1.0087 SA_pAcc 0 Delta 0.000286206 SA_r 0.0363075 freedomratio 0.206048
Iter 6500000 pBad 0.00648031 T 8.67882e-10 Obj 1.00867 Rho 0 GRdif 5.05853 success 1155251 failure 1856062 obj_new 1.00867 SA_pAcc 1 Delta -3.87119e-05 SA_r 0.870892 freedomratio 0.200342
Iter 7000000 pBad 0.00478875 T 2.53228e-10 Obj 1.00866 Rho 0 GRdif 5.05076 success 1160181 failure 2227091 obj_new 1.00866 SA_pAcc 0.11571 Delta -2.52535e-05 SA_r 0.878732 freedomratio 0.19289
Iter 7500000 pBad 0.00199283 T 7.38862e-11 Obj 1.00865 Rho 0 GRdif 5.0473 success 1163704 failure 2609000 obj_new 1.00865 SA_pAcc 3.90399e-12 Delta -1.7712e-05 SA_r 0.920188 freedomratio 0.189093
Iter 8000000 pBad 0.000953146 T 2.15583e-11 Obj 1.00865 Rho 0 GRdif 5.05176 success 1166484 failure 2999478 obj_new 1.00866 SA_pAcc 0 Delta 8.57665e-05 SA_r 0.883298 freedomratio 0.182498
Iter 8500000 pBad 0.000300183 T 6.29023e-12 Obj 1.00864 Rho 0 GRdif 5.0438 success 1169432 failure 3400213 obj_new 1.00864 SA_pAcc 0 Delta 9.32672e-06 SA_r 0.902791 freedomratio 0.174613
Iter 9000000 pBad 1.62101e-09 T 1.83535e-12 Obj 1.00864 Rho 0 GRdif 5.04318 success 1173039 failure 3802943 obj_new 1.00864 SA_pAcc 1 Delta 1.33717e-10 SA_r 0.688989 freedomratio 0.16786
Iter 9500000 pBad 8.71556e-05 T 5.35512e-13 Obj 1.00864 Rho 0 GRdif 5.04568 success 1177140 failure 4203880 obj_new 1.00865 SA_pAcc 0 Delta 2.30796e-06 SA_r 0.731438 freedomratio 0.168682
Iter 10000000 pBad 1.5133e-10 T 1.5625e-13 Obj 1.00864 Rho 0 GRdif 5.04232 success 1182744 failure 4609192 obj_new 1.00864 SA_pAcc 0 Delta 9.83237e-12 SA_r 0.544268 freedomratio 0.162914
Cannot move further
iter 9.99998e+06 obj1.00864 rho 0 GRdif 5.04232
Training:
Lab Growth Rates:
0.55 0.25 0.38 0.47 0.56 0.48 0.4 0.59 0.27 0.41 0.59 0.32 0.54 1.345 0.377 0.71 0.4 0.68 0.42 0.26 0.1 1.66 0.37 1.345 0.48 0.58 0.5 0.635 0.7 1.46 0.42 0.58 0.55 0.4 0.51 0.5 0.56 0.32 0.301 0.485 0.3 0.5 0.7 0.5 0.4 1.03 0.11 0.4 0.686 0.55 0.19 0.45 0.5 0.4 0.4 0.4 0.901 0.485 0.56 0.1 0.2 0.686 1.345 0.27 0.56 0.4 0.1 0.65 0.5 0.4 0.71 0.36 0.23 0.4 0.58 1.4 0.22 0.54 0.46 0.43 0.09 0.56 1.67 0.59 0.54 0.46 0.901 0.14 0.724 0.49 0.47 0.56 0.43 0.56 0.54 0.34 0.4 0.43 0.5 0.46 0.58 0.5 0.17 0.58 0.901 0.4 0.47 0.36 0.52 0.56 0.37 0.46 0.4 1.483 0.58 0.26 1.38 0.4 0.46 1.483 0.58 0.45 1.483 0.45 0.23 0.37 0.45 0.58 0.4 0.5 0.55 0.3 1.05 0.54 0.5 0.37 0.476 0.55 0.6 1.49 0.4 0.33 0.5 0.53 0.45 0.4 0.33 0.45 0.481 0.58 1.46 0.47 0.46 0.48 0.41 0.52 0.47 0.36 0.4 0.68 0.1 0.42 0.37 0.54 0.1 0.648 0.45 0.59 0.33 0.23 0.4 1.345 0.54 0.4 0.4 0.4 0.47 0.45 0.54 0.45 0.25 0.65 0.53 0.56 0.4 0.65 0.46 1.345 0.4 0.5 0.4 1.44 0.45 0.37 1.483 0.47 0.377 0.4 0.43 0.4 0.17 0.762 0.39 0.51 0.42 0.54 0.47 0.33 1.46 0.42 0.47 0.53 0.4 0.45 0.42 0.485 0.4 1.345 1.483 0.58 0.59 0.54 0.5 0.3 0.54 0.43 0.09 0.31 0.23 0.4 0.636 1.483 0.39 0.65 0.4 0.37 1.345 0.23 0.48 0.47 0.37 0.52 0.4 0.1 0.686 0.53 0.55 0.54 0.46 0.53 1.345 0.45 0.42 0.38 0.34 0.1 0.38 0.33 0.4 0.3 0.45 0.47 0.47 0.724 0.4 0.59 0.4 0.43 0.56 0.34 0.5 0.22 0.42 0.49 0.41 0.46 1.483 0.41 0.4 0.3 0.33 0.46 0.68 0.37 0.22 0.4 0.3 0.4 0.27 1.248 0.59 0.53 0.762 0.5 1.05 0.53 0.5 0.09 0.31 0.23 0.41 0.43 0.52 0.48 0.58 0.42 1.345 0.39 0.53 0.4 1.483 1.248 0.45 0.481 0.47 0.53 0.37 0.36 0.42 0.42 0.37 0.47 0.635 0.36 0.45 0.3 0.41 0.648 1.67 0.5 0.54 0.54 0.476 0.55 0.5 1.248 0.22 0.4 0.5 0.58 1.05 0.36 0.53 0.481 0.54 0.5 0.26 0.54 0.59 0.38 0.52 1.483 0.25 0.36 0.5 0.56 0.17 0.5 0.59 0.43 0.47 0.47 0.901 0.901 1.483 0.25 0.47 0.52 0.25 0.4 0.4 0.42 1.43 0.36 0.59 0.901 0.56 0.56 0.45 0.14 0.65 0.4 0.11 0.59 0.54 0.19 0.46 0.54 0.5 1.345 1.46 0.4 0.4 0.46 0.56 0.46 1.345 0.3 0.25 1.66 0.4 0.301 0.617 1.05 0.4 0.42 1.483 0.58 0.47 0.43 0.4 0.53 0.47 0.47 0.53 0.5 0.724 0.54 0.37 0.6 0.47 0.46 0.4 0.68 0.71 0.33 0.55 0.55 0.53 1.483 0.54 0.53 0.68 0.23 0.22 0.41 0.45 0.65 0.41 0.5 0.1 0.54 0.46 0.51 0.59 0.58 0.46 0.54 0.37 0.37 0.37 0.648 0.762 0.59 0.54 0.49 0.53 0.48 0.56 1.345 0.11 0.52 0.58 0.25 0.5 0.52 0.54 0.41 0.46 0.47 0.38 0.46 0.465 0.476 0.52 0.4 1.248 0.637 1.35 0.4 0.43 0.39 0.5 0.59 0.1 0.47 0.43 0.5 0.4 0.3 0.59 1.42 0.27 0.27 0.58 0.4 0.3 0.48 0.3 0.55 0.4 0.22 0.37 0.54 1.43 0.39 0.42 0.58 0.4 0.762 0.637 0.635 0.301 0.31 0.4 0.56 0.32 0.7 0.25 0.6 1.05 0.5 0.2 0.48 0.46 0.42 0.2 0.636 0.465 0.23 0.5 0.58 0.636 0.58 0.3 0.5 0.55 0.45 0.42 1.248 0.377 0.65 0.36 0.65 0.5 0.39 0.23 0.47 0.58 0.4 0.55 0.5 0.5 0.4 0.4 0.3 0.465 0.4 0.56 0.42 0.46 0.19 0.54 0.22 0.7 0.54 0.58 0.45 0.46 0.637 0.4 0.56 0.65 0.42 0.33 0.22 0.59 0.43 0.33 0.54 0.27 0.485 0.3 0.4 0.6 0.48
Dot Production Prediction of Lab Growth Rates:
0.545102 0.317719 0.325377 0.352754 0.534245 0.337599 0.399571 0.539563 0.356386 0.388227 0.310403 0.31945 0.444286 1.02364 0.554217 0.679991 0.394994 0.432805 0.325847 0.439102 0.344704 1.66 0.417668 1.03757 0.322133 0.466449 0.372722 0.681271 0.688761 1.038 0.314459 0.3779 0.551915 0.402869 0.407117 0.419183 0.528151 0.329725 0.567986 0.557088 0.480833 0.545384 0.690993 0.313282 0.398484 1.34939 0.332332 0.399621 0.685002 0.550245 0.299948 0.341929 0.540023 0.398206 0.402157 0.400644 0.905135 0.559867 0.547645 1.47146 0.35942 0.686005 1.04558 0.348457 0.471685 0.399272 0.440284 0.660766 0.357615 0.396576 0.686798 0.336161 0.4199 0.318552 0.346129 1.41705 0.464618 0.538328 0.335647 0.396649 0.437645 0.538924 1.56092 0.350687 0.306497 0.45763 0.903293 0.284512 0.686682 0.369327 0.458443 0.469215 0.339209 0.534255 0.38306 0.317018 0.400606 0.432377 0.465098 0.508139 0.474926 0.465522 0.322635 0.362151 0.901 0.4009 0.430603 0.404529 0.367744 0.537319 0.394421 0.463865 0.404057 0.990429 0.465003 0.558236 1.33282 0.401645 0.421093 0.996144 0.472513 0.322393 1.0131 1.57744 0.540311 0.408619 1.59535 0.38455 0.401292 0.609385 0.549898 0.37086 1.04661 0.537879 0.329466 0.44015 0.560695 0.453948 0.454476 1.57744 0.39845 0.346058 0.325131 0.52642 0.403276 0.396695 0.326945 0.338904 0.556917 0.468728 1.03544 0.377024 0.46141 0.337218 0.371048 0.366597 0.414304 0.331106 0.396361 0.424446 0.709649 0.305881 0.406826 0.387264 1.26042 0.67309 0.331814 0.389247 0.461164 0.42127 0.403287 0.992293 0.549681 0.400381 0.40021 0.400576 0.393254 1.51458 0.465012 1.55528 0.46822 0.664087 0.3362 0.534116 0.3968 0.625049 0.475045 1.0458 0.400005 0.474747 0.397729 1.54213 1.53507 0.299033 0.978929 0.32751 0.5561 0.403441 0.415429 0.401224 0.320305 0.824245 0.333402 0.374796 0.553366 0.448017 0.407178 0.315118 1.62113 0.325854 0.360335 0.527609 0.403472 1.51609 0.298278 0.556739 0.398912 1.00968 1.00666 0.479597 0.324745 0.386048 0.331731 0.294339 0.363551 0.34597 0.338768 0.547887 0.533483 0.40047 0.687636 0.986411 0.327799 0.642099 0.402688 0.407021 1.03056 0.419994 0.340659 0.348841 0.40916 0.353022 0.4007 0.434017 0.685969 0.544427 0.454715 0.311489 0.360021 0.283765 1.02651 0.355658 0.330521 0.367179 0.340088 1.53093 0.317172 0.363558 0.399899 0.291321 1.50634 0.392391 0.401805 0.68236 0.402136 0.544048 0.401041 0.438485 0.477948 0.318304 0.366709 0.46388 0.346734 0.366694 0.377339 0.377878 0.986971 0.564741 0.397855 0.430244 0.48649 0.493778 0.42959 0.40614 0.423977 0.399164 0.446693 0.396407 0.536474 0.878435 0.346306 0.416563 0.817356 0.382426 1.05012 0.535884 0.543011 0.382837 0.559223 0.535695 0.569384 0.364948 0.397006 0.305349 0.453099 0.336678 0.996528 0.298235 0.484628 0.399042 0.982264 0.877515 0.395711 0.559255 0.322496 0.505591 0.401608 0.359643 0.333695 0.339714 0.3994 0.415783 0.677444 0.415727 0.370417 0.476978 0.36198 0.678628 1.39534 0.590015 0.334098 0.542106 0.562532 0.455868 0.529193 0.888015 0.360237 0.402641 0.535789 0.339818 1.05252 0.376748 0.533371 0.559762 0.337774 0.315353 0.377105 0.363713 0.546659 0.365833 0.36801 0.985332 0.741362 0.360663 0.477256 0.536127 0.412918 0.47964 0.323228 0.360891 0.387638 0.431939 0.900969 0.847888 1.00833 0.358419 0.360051 0.369815 1.55674 0.400979 0.401671 0.340116 1.29029 0.341922 0.545798 0.901006 0.535847 0.533885 0.357423 0.284973 0.625455 0.400258 0.368174 0.541883 0.358906 0.312629 0.462621 0.460402 0.538141 1.03818 1.04151 0.399709 0.396669 0.40139 0.475221 0.32785 0.999962 0.330565 0.495688 1.65219 0.384152 0.563991 0.630049 1.03816 0.400431 0.561649 0.999719 0.360312 0.336408 0.355082 0.402738 0.390911 0.393331 0.36177 0.336739 0.561778 0.683248 0.366148 0.40655 0.457474 0.44905 0.454978 0.395621 0.428538 0.685026 0.324478 0.552296 0.454637 0.368867 1.02092 0.372954 0.535382 0.425967 0.54426 0.37793 0.314118 0.41286 0.660923 0.565402 0.577389 1.26909 0.386659 0.465197 0.398331 0.33112 0.46487 0.398163 0.547046 0.49677 0.41712 0.405926 0.676445 0.829757 0.404019 0.455016 0.387246 0.41182 0.29274 0.470864 1.01993 0.362371 0.383655 0.464884 0.367913 0.597976 0.377059 0.392813 0.340779 0.436011 0.35892 0.30857 0.30534 0.562901 0.562172 0.342334 0.404463 0.877764 0.679777 1.20413 0.399396 0.379269 0.324797 0.345281 0.343797 1.37142 0.349872 0.41819 0.599708 0.400896 0.407481 0.54052 1.56787 0.378467 0.375921 0.474504 0.398951 0.446672 0.306611 0.282302 0.459444 0.403341 0.470617 0.418281 0.535182 1.30439 0.310376 0.354019 0.322878 0.402272 0.838425 0.678985 0.682515 0.568569 0.548457 0.400384 0.475716 0.354328 0.695561 0.361598 0.457919 1.57732 0.617527 0.390378 0.355206 0.286315 0.385715 0.40045 0.686792 0.563299 0.533919 0.582579 0.466434 0.684954 0.468358 0.36883 0.47126 0.446941 0.315271 0.339913 0.881096 0.553637 0.64998 0.354581 0.649992 0.544869 0.354468 0.53943 0.368369 0.371432 0.404238 0.550035 0.529081 0.329371 0.397078 0.401131 0.427974 0.559199 0.403047 0.548917 0.54297 0.425956 0.310132 0.537184 0.470298 0.694915 0.44827 0.295789 0.375978 0.349617 0.678515 0.400439 0.546078 0.662393 0.365897 0.425686 0.463663 0.541863 0.408265 0.356575 0.382214 0.296363 0.562175 0.388982 0.339477 0.46816 0.289834
Testing:
Lab Growth Rates:
0.52 0.52 0.52
Dot Production Prediction of Lab Growth Rates:
0.371333 0.389688 0.34619
Best performance so far: 
Obj: 4.66422e-310Rho: 2.26291e-314Diff: 4.66422e-310
Anneal again with the best G and E so far as input
Cycle 2Round 1
Iter 500000 pBad 0.870036 T 0.00227952 Obj 1.07321 Rho 0 GRdif 41.4058 success 124509 failure 7859 obj_new 1.07321 SA_pAcc 1 Delta -0.0231555 SA_r 0.949819 freedomratio 0.303942
Iter 1000000 pBad 0.798251 T 0.000665111 Obj 1.04262 Rho 0 GRdif 24.4582 success 246346 failure 22271 obj_new 1.04262 SA_pAcc 1 Delta -0.0529544 SA_r 0.559212 freedomratio 0.295512
Iter 1500000 pBad 0.758483 T 0.000194064 Obj 1.03266 Rho 0 GRdif 18.8352 success 365350 failure 42673 obj_new 1.03266 SA_pAcc 1.2751 Delta 0.0598109 SA_r 0.383675 freedomratio 0.296109
Iter 2000000 pBad 0.681161 T 5.66236e-05 Obj 1.02501 Rho 0 GRdif 14.4728 success 482226 failure 67619 obj_new 1.02501 SA_pAcc 0.834116 Delta -0.00505793 SA_r 0.369333 freedomratio 0.297311
Iter 2500000 pBad 0.594163 T 1.65215e-05 Obj 1.01871 Rho 0 GRdif 10.8601 success 596597 failure 100598 obj_new 1.01871 SA_pAcc 1.13872 Delta -0.0109682 SA_r 0.835185 freedomratio 0.294917
Iter 3000000 pBad 0.400699 T 4.82059e-06 Obj 1.01552 Rho 0 GRdif 9.02567 success 705745 failure 141694 obj_new 1.01552 SA_pAcc 1 Delta -0.000807695 SA_r 0.842449 freedomratio 0.290099
Iter 3500000 pBad 0.272901 T 1.40654e-06 Obj 1.01111 Rho 0 GRdif 6.47482 success 795527 failure 224506 obj_new 1.01111 SA_pAcc 1.28838 Delta -0.0115383 SA_r 0.121401 freedomratio 0.279981
Iter 4000000 pBad 0.159256 T 4.10396e-07 Obj 1.00951 Rho 0 GRdif 5.54779 success 874037 failure 332457 obj_new 1.00951 SA_pAcc 1 Delta 2.40188e-05 SA_r 0.940218 freedomratio 0.259752
Iter 4500000 pBad 0.0749557 T 1.19744e-07 Obj 1.00876 Rho 0 GRdif 5.12265 success 926958 failure 503532 obj_new 1.00878 SA_pAcc 3.71033e-56 Delta -0.00317372 SA_r 0.731472 freedomratio 0.229444
Iter 5000000 pBad 0.0437058 T 3.49386e-08 Obj 1.00844 Rho 0 GRdif 4.92814 success 963029 failure 732017 obj_new 1.00845 SA_pAcc 4.03523e-14 Delta -0.00332199 SA_r 0.549539 freedomratio 0.203472
Iter 5500000 pBad 0.0150445 T 1.01943e-08 Obj 1.00828 Rho 0 GRdif 4.83338 success 985536 failure 1015687 obj_new 1.00828 SA_pAcc 1 Delta 0.00119355 SA_r 0.734908 freedomratio 0.180641
Iter 6000000 pBad 0.00711127 T 2.97447e-09 Obj 1.00825 Rho 0 GRdif 4.81484 success 997020 failure 1341862 obj_new 1.00825 SA_pAcc 1.34804 Delta 3.22552e-05 SA_r 0.56606 freedomratio 0.172252
Iter 6500000 pBad 0.0062413 T 8.67882e-10 Obj 1.00823 Rho 0 GRdif 4.80241 success 1005840 failure 1683892 obj_new 1.00823 SA_pAcc 3.15244e-10 Delta -0.000189603 SA_r 0.585628 freedomratio 0.165443
Iter 7000000 pBad 0.00430907 T 2.53228e-10 Obj 1.00821 Rho 0 GRdif 4.79348 success 1013080 failure 2045272 obj_new 1.00821 SA_pAcc 1 Delta -0.000297949 SA_r 0.0368523 freedomratio 0.159717
Iter 7500000 pBad 0.00105846 T 7.38862e-11 Obj 1.00821 Rho 0 GRdif 4.80708 success 1019038 failure 2420322 obj_new 1.00824 SA_pAcc 0 Delta 3.79243e-05 SA_r 0.570602 freedomratio 0.154048
Iter 8000000 pBad 0.000698825 T 2.15583e-11 Obj 1.0082 Rho 0 GRdif 4.80109 success 1024658 failure 2808882 obj_new 1.00823 SA_pAcc 0 Delta -3.94212e-05 SA_r 0.836051 freedomratio 0.147384
Iter 8500000 pBad 0.000406789 T 6.29023e-12 Obj 1.0082 Rho 0 GRdif 4.78447 success 1029513 failure 3212844 obj_new 1.0082 SA_pAcc 0 Delta 2.76626e-05 SA_r 0.485354 freedomratio 0.145953
Iter 9000000 pBad 0.000297308 T 1.83535e-12 Obj 1.0082 Rho 0 GRdif 4.78468 success 1033303 failure 3617929 obj_new 1.0082 SA_pAcc 0 Delta -2.84314e-05 SA_r 0.27287 freedomratio 0.144122
Iter 9500000 pBad 1.38234e-22 T 5.35512e-13 Obj 1.0082 Rho 0 GRdif 4.78465 success 1038430 failure 4019263 obj_new 1.0082 SA_pAcc 0 Delta -4.75766e-24 SA_r 0.804591 freedomratio 0.135805
Good enough
iter 9.44911e+06 obj1.0082 rho 0 GRdif 4.78308
Training:
Lab Growth Rates:
0.55 0.25 0.38 0.47 0.56 0.48 0.4 0.59 0.27 0.41 0.59 0.32 0.54 1.345 0.377 0.71 0.4 0.68 0.42 0.26 0.1 1.66 0.37 1.345 0.48 0.58 0.5 0.635 0.7 1.46 0.42 0.58 0.55 0.4 0.51 0.5 0.56 0.32 0.301 0.485 0.3 0.5 0.7 0.5 0.4 1.03 0.11 0.4 0.686 0.55 0.19 0.45 0.5 0.4 0.4 0.4 0.901 0.485 0.56 0.1 0.2 0.686 1.345 0.27 0.56 0.4 0.1 0.65 0.5 0.4 0.71 0.36 0.23 0.4 0.58 1.4 0.22 0.54 0.46 0.43 0.09 0.56 1.67 0.59 0.54 0.46 0.901 0.14 0.724 0.49 0.47 0.56 0.43 0.56 0.54 0.34 0.4 0.43 0.5 0.46 0.58 0.5 0.17 0.58 0.901 0.4 0.47 0.36 0.52 0.56 0.37 0.46 0.4 1.483 0.58 0.26 1.38 0.4 0.46 1.483 0.58 0.45 1.483 0.45 0.23 0.37 0.45 0.58 0.4 0.5 0.55 0.3 1.05 0.54 0.5 0.37 0.476 0.55 0.6 1.49 0.4 0.33 0.5 0.53 0.45 0.4 0.33 0.45 0.481 0.58 1.46 0.47 0.46 0.48 0.41 0.52 0.47 0.36 0.4 0.68 0.1 0.42 0.37 0.54 0.1 0.648 0.45 0.59 0.33 0.23 0.4 1.345 0.54 0.4 0.4 0.4 0.47 0.45 0.54 0.45 0.25 0.65 0.53 0.56 0.4 0.65 0.46 1.345 0.4 0.5 0.4 1.44 0.45 0.37 1.483 0.47 0.377 0.4 0.43 0.4 0.17 0.762 0.39 0.51 0.42 0.54 0.47 0.33 1.46 0.42 0.47 0.53 0.4 0.45 0.42 0.485 0.4 1.345 1.483 0.58 0.59 0.54 0.5 0.3 0.54 0.43 0.09 0.31 0.23 0.4 0.636 1.483 0.39 0.65 0.4 0.37 1.345 0.23 0.48 0.47 0.37 0.52 0.4 0.1 0.686 0.53 0.55 0.54 0.46 0.53 1.345 0.45 0.42 0.38 0.34 0.1 0.38 0.33 0.4 0.3 0.45 0.47 0.47 0.724 0.4 0.59 0.4 0.43 0.56 0.34 0.5 0.22 0.42 0.49 0.41 0.46 1.483 0.41 0.4 0.3 0.33 0.46 0.68 0.37 0.22 0.4 0.3 0.4 0.27 1.248 0.59 0.53 0.762 0.5 1.05 0.53 0.5 0.09 0.31 0.23 0.41 0.43 0.52 0.48 0.58 0.42 1.345 0.39 0.53 0.4 1.483 1.248 0.45 0.481 0.47 0.53 0.37 0.36 0.42 0.42 0.37 0.47 0.635 0.36 0.45 0.3 0.41 0.648 1.67 0.5 0.54 0.54 0.476 0.55 0.5 1.248 0.22 0.4 0.5 0.58 1.05 0.36 0.53 0.481 0.54 0.5 0.26 0.54 0.59 0.38 0.52 1.483 0.25 0.36 0.5 0.56 0.17 0.5 0.59 0.43 0.47 0.47 0.901 0.901 1.483 0.25 0.47 0.52 0.25 0.4 0.4 0.42 1.43 0.36 0.59 0.901 0.56 0.56 0.45 0.14 0.65 0.4 0.11 0.59 0.54 0.19 0.46 0.54 0.5 1.345 1.46 0.4 0.4 0.46 0.56 0.46 1.345 0.3 0.25 1.66 0.4 0.301 0.617 1.05 0.4 0.42 1.483 0.58 0.47 0.43 0.4 0.53 0.47 0.47 0.53 0.5 0.724 0.54 0.37 0.6 0.47 0.46 0.4 0.68 0.71 0.33 0.55 0.55 0.53 1.483 0.54 0.53 0.68 0.23 0.22 0.41 0.45 0.65 0.41 0.5 0.1 0.54 0.46 0.51 0.59 0.58 0.46 0.54 0.37 0.37 0.37 0.648 0.762 0.59 0.54 0.49 0.53 0.48 0.56 1.345 0.11 0.52 0.58 0.25 0.5 0.52 0.54 0.41 0.46 0.47 0.38 0.46 0.465 0.476 0.52 0.4 1.248 0.637 1.35 0.4 0.43 0.39 0.5 0.59 0.1 0.47 0.43 0.5 0.4 0.3 0.59 1.42 0.27 0.27 0.58 0.4 0.3 0.48 0.3 0.55 0.4 0.22 0.37 0.54 1.43 0.39 0.42 0.58 0.4 0.762 0.637 0.635 0.301 0.31 0.4 0.56 0.32 0.7 0.25 0.6 1.05 0.5 0.2 0.48 0.46 0.42 0.2 0.636 0.465 0.23 0.5 0.58 0.636 0.58 0.3 0.5 0.55 0.45 0.42 1.248 0.377 0.65 0.36 0.65 0.5 0.39 0.23 0.47 0.58 0.4 0.55 0.5 0.5 0.4 0.4 0.3 0.465 0.4 0.56 0.42 0.46 0.19 0.54 0.22 0.7 0.54 0.58 0.45 0.46 0.637 0.4 0.56 0.65 0.42 0.33 0.22 0.59 0.43 0.33 0.54 0.27 0.485 0.3 0.4 0.6 0.48
Dot Production Prediction of Lab Growth Rates:
0.548416 0.302705 0.292324 0.335835 0.54265 0.346557 0.397575 0.547865 0.357348 0.392439 0.312215 0.30024 0.44345 1.34079 0.497553 0.673298 0.381699 0.343071 0.328374 0.477071 0.377 1.51584 0.426158 1.3433 0.316651 0.469501 0.361438 0.675029 0.776826 1.04549 0.3209 0.378044 0.546981 0.399695 0.416606 0.429881 0.532666 0.318285 0.495712 0.492608 0.648405 0.542887 0.773981 0.322867 0.401296 1.25566 0.322292 0.392251 0.683479 0.545834 0.300472 0.337737 0.698173 0.389967 0.403628 0.401092 0.906647 0.505458 0.553745 1.40166 0.35309 0.68127 1.37624 0.338859 0.474783 0.395806 0.477719 0.673574 0.357598 0.393526 0.682693 0.327218 0.428484 0.305291 0.351552 1.39728 0.475455 0.535942 0.349732 0.388183 0.451002 0.546246 1.45476 0.315799 0.285346 0.459372 0.902395 0.220067 0.682067 0.38131 0.493234 0.473642 0.355737 0.531475 0.39299 0.321989 0.397038 0.437337 0.474775 0.566908 0.481164 0.471071 0.320146 0.361248 0.917832 0.404995 0.408031 0.412016 0.362692 0.546438 0.390352 0.46907 0.403175 1.30789 0.478551 0.591342 1.24976 0.399375 0.434054 1.30735 0.478374 0.34118 1.33245 1.48789 0.553509 0.424851 1.47631 0.385686 0.395394 0.79162 0.551755 0.465896 1.04817 0.533205 0.342971 0.452475 0.502376 0.456484 0.616049 1.48789 0.397736 0.337997 0.329606 0.532026 0.399951 0.398266 0.31492 0.368512 0.496154 0.470819 1.07047 0.356051 0.461403 0.328615 0.37502 0.365585 0.425387 0.322649 0.391955 0.340854 0.94912 0.302526 0.416667 0.394703 1.30446 0.662727 0.372237 0.356494 0.495253 0.430232 0.402953 1.30163 0.547113 0.400925 0.403432 0.402043 0.407708 1.38726 0.470694 1.43057 0.535657 0.671159 0.331817 0.546527 0.385791 0.610695 0.533061 1.37922 0.391796 0.482787 0.399725 1.46528 1.39832 0.293252 1.28363 0.352812 0.498321 0.401725 0.418251 0.398724 0.304914 0.760856 0.329081 0.384312 0.603036 0.454711 0.425086 0.310405 1.40373 0.3332 0.388184 0.538808 0.402886 1.39079 0.312866 0.493576 0.395275 1.35119 1.3315 0.479945 0.306632 0.379509 0.328287 0.287258 0.366501 0.350284 0.347106 0.591689 0.542716 0.404878 0.685888 1.2888 0.305503 0.640085 0.40515 0.418551 1.34033 0.43007 0.352427 0.370699 0.415173 0.355063 0.402754 0.461866 0.685427 0.542456 0.454336 0.31691 0.355502 0.276845 1.35401 0.382316 0.320997 0.362118 0.321851 1.59413 0.304289 0.365072 0.393286 0.281084 1.41639 0.393678 0.400417 0.676481 0.404547 0.555846 0.398148 0.460056 0.476649 0.307739 0.357292 0.466517 0.352198 0.377517 0.401588 0.391181 1.31908 0.496772 0.393998 0.593947 0.528434 0.553436 0.343194 0.413282 0.448672 0.396704 0.622906 0.389003 0.618737 0.835522 0.324209 0.425642 0.757808 0.389284 1.05134 0.529084 0.691243 0.380357 0.609906 0.542405 0.491856 0.36289 0.397394 0.287902 0.454348 0.36611 1.30284 0.3101 0.501688 0.397712 1.28847 0.831591 0.397855 0.497056 0.3059 0.569024 0.373997 0.350546 0.340591 0.356206 0.395092 0.426501 0.673106 0.418958 0.397285 0.642041 0.363033 0.672884 1.36137 0.798188 0.32633 0.53908 0.504034 0.470113 0.533715 0.843589 0.352291 0.402839 0.690872 0.343347 1.05477 0.372084 0.533858 0.503185 0.336884 0.311621 0.373477 0.370639 0.546633 0.370728 0.378196 1.30105 0.914858 0.35858 0.478546 0.542419 0.426754 0.49018 0.321819 0.372412 0.413034 0.458211 0.89963 0.799106 1.31268 0.343887 0.376896 0.367888 1.43713 0.404394 0.396076 0.335979 1.11568 0.338605 0.549248 0.899643 0.54989 0.545901 0.345561 0.221524 0.648444 0.404518 0.374001 0.541693 0.369771 0.313343 0.471651 0.461863 0.548356 1.3548 1.048 0.399172 0.392986 0.439196 0.474327 0.329432 1.29214 0.327323 0.554969 1.52581 0.381229 0.494806 0.603885 1.03498 0.399848 0.629514 1.33667 0.347448 0.338283 0.354443 0.402369 0.400332 0.392342 0.355592 0.324961 0.669073 0.683764 0.370006 0.41947 0.641654 0.483591 0.451869 0.38242 0.344703 0.680152 0.328108 0.549202 0.46344 0.35975 1.34968 0.375215 0.53078 0.341055 0.542446 0.389439 0.325669 0.425445 0.660715 0.500827 0.732546 1.27293 0.390519 0.468164 0.410799 0.301018 0.481541 0.406422 0.550168 0.578769 0.425186 0.420128 0.670722 0.768458 0.375134 0.45684 0.395481 0.412661 0.289383 0.473969 1.32254 0.355112 0.379084 0.469614 0.34366 0.760461 0.387971 0.406534 0.35127 0.457278 0.347073 0.306114 0.310165 0.504165 0.508595 0.333842 0.4067 0.836041 0.668112 1.06236 0.401712 0.384879 0.305442 0.352007 0.32195 1.52914 0.341243 0.432239 0.851987 0.403639 0.40019 0.548391 1.48217 0.364355 0.392388 0.480171 0.399304 0.573017 0.309156 0.278559 0.454039 0.401679 0.477943 0.426678 0.536785 1.09426 0.332361 0.348995 0.325306 0.402655 0.778117 0.666527 0.676227 0.497231 0.583514 0.398672 0.470796 0.340461 0.774729 0.35131 0.630155 1.38731 0.837428 0.378766 0.34409 0.289635 0.385518 0.377336 0.680168 0.502362 0.543019 0.831362 0.471845 0.678425 0.478683 0.372906 0.484086 0.442728 0.312095 0.337314 0.83583 0.50027 0.646859 0.343975 0.648564 0.555688 0.335653 0.541321 0.381184 0.374409 0.402686 0.554715 0.533865 0.32111 0.385325 0.398978 0.576264 0.500719 0.408399 0.554946 0.601393 0.44441 0.304432 0.541661 0.476142 0.778674 0.44406 0.274464 0.358085 0.346228 0.662671 0.398676 0.546984 0.650564 0.366703 0.44985 0.473784 0.549939 0.394262 0.34894 0.373896 0.27615 0.508462 0.550727 0.310913 0.667702 0.286543
Testing:
Lab Growth Rates:
0.52 0.52 0.52
Dot Production Prediction of Lab Growth Rates:
0.395456 0.409803 0.359946
Best performance so far: 
Obj: 4.66422e-310Rho: 6.5069e-314Diff: 4.66422e-310
Test:
 Lab Growth Rates:
0.52 0.52 0.52Dot Product Prediction of Growth Rate:
0.3954559 0.4098029 0.3599455