seed =  5 traits =  1 
Training: part  173 
Training: part  173 
Round  1 
 Goal of obj  0.99 
Temperature range:  0.00390625 1.5625e-15 
Cycle 1Round 1
Iter 500000 pBad 0.860524 T 0.000937269 Obj 1.06781 Rho 0 GRdif 38.4462 success 146305 failure 10709 obj_new 1.06781 SA_pAcc 1.06066 Delta -0.0276538 SA_r 0.796272 freedomratio 0.3723
Iter 1000000 pBad 0.786112 T 0.000224889 Obj 1.03377 Rho 0 GRdif 19.463 success 289107 failure 28671 obj_new 1.03377 SA_pAcc 0.984556 Delta -0.0114112 SA_r 0.993982 freedomratio 0.367168
Iter 1500000 pBad 0.679891 T 5.39598e-05 Obj 1.02205 Rho 0 GRdif 12.7807 success 428118 failure 55592 obj_new 1.02205 SA_pAcc 1 Delta 0.0363238 SA_r 0.0569241 freedomratio 0.356665
Iter 2000000 pBad 0.57253 T 1.29471e-05 Obj 1.0173 Rho 0 GRdif 10.0527 success 563344 failure 91683 obj_new 1.0173 SA_pAcc 1.12025 Delta -0.0224765 SA_r 0.626047 freedomratio 0.360837
Iter 2500000 pBad 0.429135 T 3.10654e-06 Obj 1.01203 Rho 0 GRdif 7.00696 success 691634 failure 138828 obj_new 1.01203 SA_pAcc 1.70223 Delta -0.0354902 SA_r 0.0858979 freedomratio 0.346951
Iter 3000000 pBad 0.26827 T 7.45383e-07 Obj 1.00923 Rho 0 GRdif 5.44811 success 801703 failure 222745 obj_new 1.00934 SA_pAcc 3.798e-67 Delta -0.00571841 SA_r 0.387178 freedomratio 0.343695
Iter 3500000 pBad 0.0947221 T 1.78847e-07 Obj 1.00857 Rho 0 GRdif 5.00062 success 876849 failure 381219 obj_new 1.00857 SA_pAcc 0.00961733 Delta -0.00620097 SA_r 0.93836 freedomratio 0.289383
Iter 4000000 pBad 0.0546577 T 4.29126e-08 Obj 1.00843 Rho 0 GRdif 4.91856 success 914783 failure 629848 obj_new 1.00843 SA_pAcc 1 Delta 0.00292682 SA_r 0.0663664 freedomratio 0.249044
Iter 4500000 pBad 0.0183498 T 1.02965e-08 Obj 1.00837 Rho 0 GRdif 4.88631 success 934586 failure 933677 obj_new 1.00837 SA_pAcc 1 Delta 0.00135298 SA_r 0.713927 freedomratio 0.220549
Iter 5000000 pBad 0.0123172 T 2.47054e-09 Obj 1.00836 Rho 0 GRdif 4.87837 success 945085 failure 1271153 obj_new 1.00836 SA_pAcc 0.56013 Delta -0.000239857 SA_r 0.790147 freedomratio 0.207801
Iter 5500000 pBad 0.00331517 T 5.92781e-10 Obj 1.00836 Rho 0 GRdif 4.87593 success 950220 failure 1626271 obj_new 1.00836 SA_pAcc 1 Delta -0.000335119 SA_r 0.341632 freedomratio 0.206483
Iter 6000000 pBad 0.00284956 T 1.42232e-10 Obj 1.00835 Rho 0 GRdif 4.87453 success 953192 failure 1988611 obj_new 1.00835 SA_pAcc 1 Delta -0.000175531 SA_r 0.156791 freedomratio 0.20411
Iter 6500000 pBad 0.00144377 T 3.41272e-11 Obj 1.00835 Rho 0 GRdif 4.88219 success 955089 failure 2355231 obj_new 1.00837 SA_pAcc 0 Delta 0.00012999 SA_r 0.787333 freedomratio 0.20319
Iter 7000000 pBad 0.000560348 T 8.18848e-12 Obj 1.00835 Rho 0 GRdif 4.87719 success 956334 failure 2724293 obj_new 1.00836 SA_pAcc 0 Delta 2.71395e-05 SA_r 0.949084 freedomratio 0.202558
Iter 7500000 pBad 0.000917974 T 1.96475e-12 Obj 1.00835 Rho 0 GRdif 4.87307 success 957255 failure 3094336 obj_new 1.00835 SA_pAcc 0 Delta 5.59706e-05 SA_r 0.590094 freedomratio 0.20186
Iter 8000000 pBad 6.77882e-10 T 4.71421e-13 Obj 1.00835 Rho 0 GRdif 4.87338 success 961932 failure 3450201 obj_new 1.00835 SA_pAcc 0 Delta 6.28676e-11 SA_r 0.641894 freedomratio 0.18722
Iter 8500000 pBad 1.862e-52 T 1.13113e-13 Obj 1.00835 Rho 0 GRdif 4.87293 success 963910 failure 3728676 obj_new 1.00835 SA_pAcc 1 Delta 9.56664e-54 SA_r 0.977593 freedomratio 0.184916
Iter 9000000 pBad 2.53456e-166 T 2.71403e-14 Obj 1.00835 Rho 0 GRdif 4.87293 success 963910 failure 4011455 obj_new 1.00835 SA_pAcc 1 Delta 6.6445e-168 SA_r 0.925807 freedomratio 0.150604
Iter 9500000 pBad 0 T 6.51206e-15 Obj 1.00835 Rho 0 GRdif 4.873 success 963910 failure 4319119 obj_new 1.00835 SA_pAcc 0 Delta -0 SA_r 0.436281 freedomratio 0.0571652
Iter 10000000 pBad 0 T 1.5625e-15 Obj 1.00835 Rho 0 GRdif 4.9298 success 963910 failure 4645458 obj_new 1.00845 SA_pAcc 0 Delta -0 SA_r 0.657938 freedomratio 0.034424
Cannot move further
iter 8.15965e+06 obj1.00835 rho 0 GRdif 4.87293
Training:
Lab Growth Rates:
1.05 0.42 0.37 0.4 0.11 0.42 0.3 0.47 0.5 0.465 0.301 0.59 1.03 0.59 0.762 0.5 0.7 0.53 0.3 0.37 0.65 0.5 0.37 0.377 0.58 1.483 0.22 0.41 0.4 0.53 0.42 0.43 0.22 0.4 0.52 0.55 0.4 0.14 0.59 0.5 0.32 0.4 0.43 0.41 0.5 0.31 0.636 0.36 0.58 0.19 1.46 0.46 0.1 0.27 0.47 0.5 0.48 1.483 0.59 0.47 0.4 0.34 0.4 0.46 0.56 0.36 0.4 0.59 0.4 0.58 0.45 0.5 0.58 0.56 0.465 0.68 0.5 0.4 0.47 0.36 1.345 0.19 0.38 0.27 0.7 0.33 0.52 0.47 0.65 0.54 0.43 0.4 0.47 0.52 0.37 0.5 0.38 0.54 0.45 0.5 0.5 0.54 0.46 0.54 0.4 0.4 0.5 0.637 1.46 0.56 0.25 0.22 0.42 0.56 0.17 0.34 1.46 0.6 0.4 0.54 0.65 0.4 0.58 0.41 0.46 1.248 0.59 0.4 1.345 0.46 0.47 1.483 0.17 0.485 0.55 0.53 0.17 0.46 0.47 0.59 0.55 0.58 1.67 1.345 0.3 0.65 0.5 0.481 0.45 0.3 0.1 0.22 0.1 1.483 0.55 0.3 0.4 0.54 0.58 0.4 0.45 0.4 0.5 0.42 0.45 0.686 0.09 0.4 0.301 0.56 0.46 0.42 0.45 0.2 0.4 0.4 0.45 0.41 0.48 0.54 0.45 0.46 0.41 0.1 0.45 0.4 1.35 0.39 1.483 0.27 0.56 0.53 0.47 0.54 0.65 0.23 1.345 0.58 0.37 0.25 0.42 0.37 0.51 0.27 0.4 0.53 1.43 0.47 0.53 0.4 0.48 0.59 0.22 0.485 0.901 1.67 0.46 0.5 0.1 0.45 1.66 0.27 0.25 0.47 0.47 0.53 0.4 0.54 0.43 0.46 0.1 0.635 0.5 0.54 0.52 0.37 0.5 0.4 1.483 0.37 0.901 0.55 0.4 0.377 0.47 0.43 0.648 0.4 0.58 1.345 0.4 0.46 0.54 0.5 0.36 0.46 0.41 0.58 0.09 0.42 0.46 0.55 0.3 0.724 0.476 0.55 0.4 1.38 0.23 1.248 0.43 0.52 0.46 0.4 0.54 0.53 0.25 0.42 0.33 0.14 0.47 0.58 0.58 0.58 0.42 0.901 0.32 0.42 0.724 0.22 0.901 0.6 0.4 0.42 0.45 0.42 0.54 0.5 0.42 0.4 0.4 0.47 0.55 0.4 0.23 0.5 0.5 0.901 0.54 0.43 0.4 0.4 0.465 0.5 0.48 0.52 0.54 0.47 0.58 0.481 0.54 0.58 0.53 0.49 0.5 0.41 0.52 0.54 0.4 1.05 0.59 0.52 0.2 0.59 0.37 0.09 0.36 0.4 0.47 0.636 0.25 0.54 0.47 0.56 0.23 1.05 0.4 0.53 0.3 0.49 0.5 0.37 0.39 0.36 0.3 0.3 0.635 1.248 0.32 0.48 0.52 0.42 0.617 0.4 0.31 0.26 0.56 0.3 0.53 0.5 0.59 0.5 0.25 0.58 0.762 0.4 0.11 0.3 0.4 0.4 0.38 0.4 0.55 0.47 0.65 0.45 0.54 0.37 0.51 0.54 1.345 0.22 1.483 0.7 0.901 0.56 0.34 0.54 0.46 0.1 0.39 0.23 1.345 0.762 0.53 0.5 0.54 1.4 0.648 1.66 0.53 0.54 0.1 0.55 0.5 0.71 0.724 0.59 0.26 0.65 0.45 1.43 0.68 0.46 0.4 0.58 0.4 0.45 0.68 1.248 0.4 0.686 0.58 0.37 1.345 0.38 0.54 0.23 0.5 1.345 0.48 0.46 0.48 0.56 1.05 0.43 0.56 0.3 0.4 0.46 0.46 0.45 1.248 0.31 0.53 0.635 0.4 0.5 0.42 0.4 0.47 0.45 0.19 0.59 0.4 0.37 1.483 0.25 0.56 0.65 0.5 0.1 0.59 0.47 0.762 0.36 0.45 0.33 0.3 0.54 0.45 0.52 0.33 1.345 0.56 0.4 1.05 0.51 0.485 1.483 0.476 0.4 0.636 0.43 0.59 0.56 0.37 0.36 0.637 0.58 0.6 0.4 1.483 0.33 0.38 0.481 0.45 0.3 0.37 0.54 0.4 0.42 0.55 0.5 1.42 0.71 0.58 0.48 0.23 0.5 0.637 0.27 0.648 0.4 0.42 0.6 1.46 0.7 0.4 0.65 1.483 0.54 0.4 0.39 0.39 0.23 0.55 0.47 0.43 0.25 0.37 0.52 0.56 0.23 0.68 0.22 0.47 0.52 0.686 0.46 0.46 0.11 0.56 0.56 0.49 1.345 0.4 0.43 0.4 0.47 0.36 0.68 0.54 0.4 1.483 0.33 1.44 0.41 0.301 1.49 0.41 0.377 0.2 0.53 0.48 0.59 0.26 1.345 0.43 0.5 0.476 0.39 0.56 0.485 0.71 0.58
Dot Production Prediction of Lab Growth Rates:
1.05 0.576922 0.428844 0.399518 0.332348 0.355329 0.386552 0.439891 0.379459 0.448511 0.431229 0.379846 1.40947 0.342255 0.769236 0.581838 0.699881 0.420508 0.374883 0.426032 0.628925 0.472313 0.420932 0.436069 0.470682 1.03266 0.459883 0.432868 0.399727 0.530017 0.57838 0.356205 0.451288 0.40172 0.373423 0.428208 0.399063 0.140309 0.545559 0.592352 0.308356 0.401178 0.398437 0.369722 0.471605 0.530456 0.723407 0.416198 0.475624 0.326156 1.01965 0.455844 0.736788 0.34252 0.487988 0.5948 0.307408 1.02361 0.329429 0.429413 0.402854 0.340495 0.39896 0.34212 0.532026 0.357428 0.402321 0.552106 0.401928 0.478345 0.371159 0.31773 0.361476 0.465064 0.450511 0.405071 0.469821 0.398198 0.354855 0.346359 1.0472 0.337687 0.323576 0.379886 0.701802 0.323602 0.395305 0.351213 0.649988 0.547139 0.363946 0.400198 0.392028 0.376918 0.403701 0.552959 0.320507 0.391503 0.414822 0.381619 0.337845 0.34648 0.415453 0.546627 0.399982 0.398931 0.62132 0.702282 0.994468 0.52215 0.3528 0.381001 0.334417 0.537327 0.409755 0.318869 1.01664 0.464472 0.401673 0.323776 0.653639 0.403133 0.350489 0.439845 0.296573 0.856285 0.346355 0.399454 1.07235 0.434706 0.463479 0.977316 0.328744 0.431987 0.550225 0.350616 0.323757 0.533711 0.397903 0.338824 0.545487 0.469796 1.46641 0.95913 0.478402 0.638961 0.474957 0.441552 1.45931 0.452515 0.453617 0.458673 0.372807 1.05528 0.430877 0.444961 0.400639 0.427055 0.362526 0.401581 0.430458 0.400015 0.531802 0.343977 1.52011 0.726582 0.440458 0.400878 0.430595 0.469685 0.41778 0.345237 0.325217 0.38957 0.401837 0.400775 1.46814 0.304008 0.29681 0.443942 0.34957 0.353434 0.440503 0.468055 1.4659 0.400874 1.186 0.324629 0.984711 0.580845 0.473702 0.520645 0.348322 0.405805 0.662238 0.438748 0.993966 0.46362 0.425484 0.371567 0.33253 0.423541 0.415479 0.362366 0.398103 0.40031 1.32973 0.354733 0.528838 0.402323 0.334181 0.297672 0.453299 0.433843 0.768647 1.47637 0.499145 0.622936 1.19831 0.396847 1.66 0.385792 0.504405 0.354773 0.348163 0.340889 0.398835 0.391014 0.342897 0.459268 1.01281 0.709774 0.634578 0.347567 0.355764 0.428998 0.361303 0.403405 0.965957 0.44016 0.901 0.427541 0.399811 0.440938 0.415909 0.416009 0.713024 0.402518 0.478297 0.986778 0.398002 0.45783 0.453003 0.324364 0.404897 0.46001 0.351284 0.368699 0.331722 0.359137 0.460963 0.410934 0.409422 0.721949 0.451555 0.559271 0.402076 1.34582 0.438007 0.849004 0.442543 0.391154 0.280376 0.399323 0.523806 0.527547 1.48929 0.378245 0.31184 0.139633 0.379925 0.469758 0.321205 0.365052 0.589617 0.902835 0.320719 0.329725 0.724003 0.460724 0.90678 0.466109 0.397928 0.297762 1.48099 0.322503 0.547922 0.614645 0.341204 0.40407 0.396919 0.347259 0.550052 0.397312 0.523626 0.529568 0.528141 0.907997 0.430482 0.420427 0.401403 0.397595 0.449077 0.316225 0.334583 0.398471 0.384213 0.422062 0.46996 0.441792 0.371459 0.378973 0.520491 0.362374 0.6367 0.386027 0.400721 0.455805 0.335302 1.04975 0.548235 0.364518 0.420704 0.546672 0.390667 0.37361 0.350194 0.401464 0.373976 0.703354 0.304534 0.400841 0.487633 0.539177 0.517357 1.63438 0.39836 0.279225 0.300139 0.387089 0.33563 0.314052 0.345855 0.359605 0.436985 0.342505 0.712095 0.849541 0.341139 0.332164 0.369326 0.311324 0.616961 0.403005 0.537704 0.360281 0.551417 0.299724 0.387604 0.322468 0.548373 0.47592 0.522948 0.328427 0.753953 0.399225 0.376642 0.485585 0.399478 0.40235 0.34696 0.399573 0.553736 0.397187 0.637799 0.391608 0.531932 0.391604 0.397471 0.32833 1.05265 0.365233 0.976521 0.704533 0.971301 0.471156 0.308139 0.425213 0.373233 1.4065 0.308119 0.537606 1.02001 0.766284 0.544573 0.567512 0.546115 1.50454 0.706999 1.66 0.532006 0.306726 0.946131 0.423464 0.532789 0.72112 0.723358 0.311588 0.542052 0.659048 0.365679 1.33575 0.401708 0.516118 0.398502 0.469587 0.401498 0.319949 0.40388 0.850619 0.400643 0.727505 0.479455 0.423598 1.06316 0.36782 0.382382 0.534098 0.575019 1.07098 0.300468 0.391417 0.334001 0.472252 1.00986 0.425725 0.5478 0.405697 0.396996 0.445594 0.472874 1.51867 0.8454 0.532587 0.355038 0.710801 0.402648 0.390705 0.349636 0.400253 0.349817 0.311969 0.322355 0.369825 0.402006 0.436443 1.03967 0.36927 0.554824 0.67075 0.468381 0.955981 0.545794 0.430739 0.761999 0.33171 0.329259 0.355809 0.44213 0.404246 1.50003 0.341644 0.499368 0.989186 0.534992 0.401262 1.05408 0.388651 0.447711 1.03685 0.452373 0.401593 0.718704 0.370515 0.553137 0.546908 0.437498 0.330887 0.70104 0.296123 0.464395 0.401622 1.0416 0.428463 0.370738 0.444745 0.364725 0.304581 0.526169 0.382469 0.399575 0.388253 0.42377 0.331368 1.54728 0.722684 0.481379 0.28576 0.527642 0.351744 0.703931 0.289598 0.713287 0.397943 0.335675 0.478602 1.57427 0.695231 0.336023 0.649902 1.0012 0.538134 0.397608 0.312154 0.29485 0.436897 0.550613 0.399824 0.368447 0.720757 0.389678 0.338067 0.473902 0.538021 0.402379 0.427847 0.351852 0.357637 0.722413 0.4736 0.314328 0.368887 0.538855 0.55232 0.371295 1.05524 0.401812 0.437571 0.400237 0.410603 0.372993 0.403855 0.344804 0.398307 1.00917 0.467722 1.51476 0.363032 0.429778 1.51867 0.370527 0.439316 0.426187 0.488175 0.352391 0.326893 0.462338 1.04527 0.392531 0.661756 0.452331 0.325875 0.526038 0.448252 0.722262 0.469722
Testing:
Lab Growth Rates:
0.33 0.33 0.33
Dot Production Prediction of Lab Growth Rates:
0.358569 0.366167 0.320183
Best performance so far: 
Obj: 4.68639e-310Rho: 2.26291e-314Diff: 4.68639e-310
Anneal again with the best G and E so far as input
Cycle 2Round 1
Iter 500000 pBad 0.789558 T 0.000937269 Obj 1.05054 Rho 0 GRdif 28.8896 success 102448 failure 11840 obj_new 1.05054 SA_pAcc 1.00364 Delta -0.00085657 SA_r 0.997292 freedomratio 0.247049
Iter 1000000 pBad 0.701552 T 0.000224889 Obj 1.03235 Rho 0 GRdif 18.659 success 200979 failure 32847 obj_new 1.03235 SA_pAcc 1 Delta 0.052261 SA_r 0.666862 freedomratio 0.24046
Iter 1500000 pBad 0.610223 T 5.39598e-05 Obj 1.02523 Rho 0 GRdif 14.6423 success 295852 failure 61894 obj_new 1.0253 SA_pAcc 0.243396 Delta 0.0432559 SA_r 0.844357 freedomratio 0.237921
Iter 2000000 pBad 0.501681 T 1.29471e-05 Obj 1.01981 Rho 0 GRdif 11.4965 success 388825 failure 97024 obj_new 1.01981 SA_pAcc 1 Delta -0.0436531 SA_r 0.713431 freedomratio 0.237728
Iter 2500000 pBad 0.384068 T 3.10654e-06 Obj 1.01587 Rho 0 GRdif 9.22877 success 477812 failure 141560 obj_new 1.01587 SA_pAcc 1 Delta -0.0232526 SA_r 0.25585 freedomratio 0.231073
Iter 3000000 pBad 0.196076 T 7.45383e-07 Obj 1.01089 Rho 0 GRdif 6.34956 success 556584 failure 214391 obj_new 1.01089 SA_pAcc 1 Delta -0.0087464 SA_r 0.527113 freedomratio 0.222391
Iter 3500000 pBad 0.133532 T 1.78847e-07 Obj 1.00974 Rho 0 GRdif 5.68121 success 615724 failure 332131 obj_new 1.00974 SA_pAcc 1 Delta -0.0119129 SA_r 0.983182 freedomratio 0.207949
Iter 4000000 pBad 0.0472698 T 4.29126e-08 Obj 1.00916 Rho 0 GRdif 5.34282 success 655534 failure 509327 obj_new 1.00916 SA_pAcc 1 Delta 0.000801053 SA_r 0.231379 freedomratio 0.183757
Iter 4500000 pBad 0.0172779 T 1.02965e-08 Obj 1.00896 Rho 0 GRdif 5.22471 success 680223 failure 747214 obj_new 1.00896 SA_pAcc 0.0470103 Delta -0.000711361 SA_r 0.335919 freedomratio 0.163504
Iter 5000000 pBad 0.00822663 T 2.47054e-09 Obj 1.00887 Rho 0 GRdif 5.17572 success 695797 failure 1039641 obj_new 1.00887 SA_pAcc 1 Delta -0.000366843 SA_r 0.40647 freedomratio 0.148996
Iter 5500000 pBad 0.00654882 T 5.92781e-10 Obj 1.00882 Rho 0 GRdif 5.14717 success 709068 failure 1369288 obj_new 1.00882 SA_pAcc 0.00500828 Delta -0.000126341 SA_r 0.191616 freedomratio 0.137882
Iter 6000000 pBad 0.00341698 T 1.42232e-10 Obj 1.0088 Rho 0 GRdif 5.13667 success 718005 failure 1724129 obj_new 1.0088 SA_pAcc 0 Delta -4.63217e-06 SA_r 0.761341 freedomratio 0.135272
Iter 6500000 pBad 0.0017944 T 3.41272e-11 Obj 1.00879 Rho 0 GRdif 5.14444 success 725969 failure 2091443 obj_new 1.00882 SA_pAcc 0 Delta 0.000141528 SA_r 0.0557473 freedomratio 0.132071
Iter 7000000 pBad 0.000566764 T 8.18848e-12 Obj 1.00879 Rho 0 GRdif 5.12772 success 734400 failure 2471323 obj_new 1.00879 SA_pAcc 0 Delta 2.64136e-05 SA_r 0.890408 freedomratio 0.127364
Iter 7500000 pBad 0.000531945 T 1.96475e-12 Obj 1.00879 Rho 0 GRdif 5.12628 success 741668 failure 2858891 obj_new 1.00879 SA_pAcc 0 Delta -9.60038e-07 SA_r 0.622607 freedomratio 0.128961
Iter 8000000 pBad 4.28891e-05 T 4.71421e-13 Obj 1.00878 Rho 0 GRdif 5.12494 success 749849 failure 3252067 obj_new 1.00878 SA_pAcc 0 Delta -3.93089e-06 SA_r 0.95584 freedomratio 0.124258
Iter 8500000 pBad 2.64341e-46 T 1.13113e-13 Obj 1.00878 Rho 0 GRdif 5.14249 success 752783 failure 3612651 obj_new 1.00881 SA_pAcc 0 Delta -4.04482e-48 SA_r 0.460756 freedomratio 0.122109
Iter 9000000 pBad 3.0348e-182 T 2.71403e-14 Obj 1.00878 Rho 0 GRdif 5.12473 success 752783 failure 3955880 obj_new 1.00878 SA_pAcc 1 Delta 8.29269e-184 SA_r 0.664321 freedomratio 0.105795
Iter 9500000 pBad 0 T 6.51206e-15 Obj 1.00878 Rho 0 GRdif 5.12551 success 752783 failure 4315079 obj_new 1.00878 SA_pAcc 0 Delta -0 SA_r 0.830002 freedomratio 0.0544964
Good enough
iter 8.22736e+06 obj1.00878 rho 0 GRdif 5.12473
Training:
Lab Growth Rates:
1.05 0.42 0.37 0.4 0.11 0.42 0.3 0.47 0.5 0.465 0.301 0.59 1.03 0.59 0.762 0.5 0.7 0.53 0.3 0.37 0.65 0.5 0.37 0.377 0.58 1.483 0.22 0.41 0.4 0.53 0.42 0.43 0.22 0.4 0.52 0.55 0.4 0.14 0.59 0.5 0.32 0.4 0.43 0.41 0.5 0.31 0.636 0.36 0.58 0.19 1.46 0.46 0.1 0.27 0.47 0.5 0.48 1.483 0.59 0.47 0.4 0.34 0.4 0.46 0.56 0.36 0.4 0.59 0.4 0.58 0.45 0.5 0.58 0.56 0.465 0.68 0.5 0.4 0.47 0.36 1.345 0.19 0.38 0.27 0.7 0.33 0.52 0.47 0.65 0.54 0.43 0.4 0.47 0.52 0.37 0.5 0.38 0.54 0.45 0.5 0.5 0.54 0.46 0.54 0.4 0.4 0.5 0.637 1.46 0.56 0.25 0.22 0.42 0.56 0.17 0.34 1.46 0.6 0.4 0.54 0.65 0.4 0.58 0.41 0.46 1.248 0.59 0.4 1.345 0.46 0.47 1.483 0.17 0.485 0.55 0.53 0.17 0.46 0.47 0.59 0.55 0.58 1.67 1.345 0.3 0.65 0.5 0.481 0.45 0.3 0.1 0.22 0.1 1.483 0.55 0.3 0.4 0.54 0.58 0.4 0.45 0.4 0.5 0.42 0.45 0.686 0.09 0.4 0.301 0.56 0.46 0.42 0.45 0.2 0.4 0.4 0.45 0.41 0.48 0.54 0.45 0.46 0.41 0.1 0.45 0.4 1.35 0.39 1.483 0.27 0.56 0.53 0.47 0.54 0.65 0.23 1.345 0.58 0.37 0.25 0.42 0.37 0.51 0.27 0.4 0.53 1.43 0.47 0.53 0.4 0.48 0.59 0.22 0.485 0.901 1.67 0.46 0.5 0.1 0.45 1.66 0.27 0.25 0.47 0.47 0.53 0.4 0.54 0.43 0.46 0.1 0.635 0.5 0.54 0.52 0.37 0.5 0.4 1.483 0.37 0.901 0.55 0.4 0.377 0.47 0.43 0.648 0.4 0.58 1.345 0.4 0.46 0.54 0.5 0.36 0.46 0.41 0.58 0.09 0.42 0.46 0.55 0.3 0.724 0.476 0.55 0.4 1.38 0.23 1.248 0.43 0.52 0.46 0.4 0.54 0.53 0.25 0.42 0.33 0.14 0.47 0.58 0.58 0.58 0.42 0.901 0.32 0.42 0.724 0.22 0.901 0.6 0.4 0.42 0.45 0.42 0.54 0.5 0.42 0.4 0.4 0.47 0.55 0.4 0.23 0.5 0.5 0.901 0.54 0.43 0.4 0.4 0.465 0.5 0.48 0.52 0.54 0.47 0.58 0.481 0.54 0.58 0.53 0.49 0.5 0.41 0.52 0.54 0.4 1.05 0.59 0.52 0.2 0.59 0.37 0.09 0.36 0.4 0.47 0.636 0.25 0.54 0.47 0.56 0.23 1.05 0.4 0.53 0.3 0.49 0.5 0.37 0.39 0.36 0.3 0.3 0.635 1.248 0.32 0.48 0.52 0.42 0.617 0.4 0.31 0.26 0.56 0.3 0.53 0.5 0.59 0.5 0.25 0.58 0.762 0.4 0.11 0.3 0.4 0.4 0.38 0.4 0.55 0.47 0.65 0.45 0.54 0.37 0.51 0.54 1.345 0.22 1.483 0.7 0.901 0.56 0.34 0.54 0.46 0.1 0.39 0.23 1.345 0.762 0.53 0.5 0.54 1.4 0.648 1.66 0.53 0.54 0.1 0.55 0.5 0.71 0.724 0.59 0.26 0.65 0.45 1.43 0.68 0.46 0.4 0.58 0.4 0.45 0.68 1.248 0.4 0.686 0.58 0.37 1.345 0.38 0.54 0.23 0.5 1.345 0.48 0.46 0.48 0.56 1.05 0.43 0.56 0.3 0.4 0.46 0.46 0.45 1.248 0.31 0.53 0.635 0.4 0.5 0.42 0.4 0.47 0.45 0.19 0.59 0.4 0.37 1.483 0.25 0.56 0.65 0.5 0.1 0.59 0.47 0.762 0.36 0.45 0.33 0.3 0.54 0.45 0.52 0.33 1.345 0.56 0.4 1.05 0.51 0.485 1.483 0.476 0.4 0.636 0.43 0.59 0.56 0.37 0.36 0.637 0.58 0.6 0.4 1.483 0.33 0.38 0.481 0.45 0.3 0.37 0.54 0.4 0.42 0.55 0.5 1.42 0.71 0.58 0.48 0.23 0.5 0.637 0.27 0.648 0.4 0.42 0.6 1.46 0.7 0.4 0.65 1.483 0.54 0.4 0.39 0.39 0.23 0.55 0.47 0.43 0.25 0.37 0.52 0.56 0.23 0.68 0.22 0.47 0.52 0.686 0.46 0.46 0.11 0.56 0.56 0.49 1.345 0.4 0.43 0.4 0.47 0.36 0.68 0.54 0.4 1.483 0.33 1.44 0.41 0.301 1.49 0.41 0.377 0.2 0.53 0.48 0.59 0.26 1.345 0.43 0.5 0.476 0.39 0.56 0.485 0.71 0.58
Dot Production Prediction of Lab Growth Rates:
1.06372 0.607277 0.455451 0.39768 0.341993 0.317351 0.366544 0.416884 0.39595 0.571455 0.586308 0.382067 1.29669 0.323134 0.772263 0.741067 0.73469 0.457444 0.454071 0.411669 0.621568 0.480229 0.408459 0.573982 0.475317 1.31707 0.479073 0.571882 0.390668 0.524327 0.612102 0.37018 0.471473 0.405552 0.384684 0.468874 0.395106 0.323868 0.5497 0.722359 0.300821 0.400128 0.409087 0.384918 0.471369 0.582965 0.694832 0.458508 0.478607 0.322696 1.06154 0.438297 0.994006 0.335813 0.477492 0.765876 0.283635 1.30586 0.318617 0.470166 0.401153 0.330657 0.3976 0.348022 0.540925 0.372017 0.399719 0.549851 0.400698 0.47292 0.405978 0.320016 0.362928 0.47241 0.578695 0.346252 0.475342 0.384417 0.358419 0.328501 1.3449 0.335138 0.278912 0.373759 0.737067 0.318177 0.406768 0.37254 0.648803 0.538541 0.389867 0.398783 0.376144 0.388813 0.441189 0.544116 0.302944 0.371718 0.429346 0.382435 0.33625 0.330144 0.430597 0.536414 0.39756 0.398876 0.806645 0.679036 1.03024 0.536128 0.349024 0.41429 0.301617 0.545512 0.462915 0.295518 1.0496 0.558537 0.398795 0.308969 0.654487 0.40245 0.370825 0.576479 0.290098 0.842959 0.32589 0.386723 1.34578 0.484419 0.468609 1.3085 0.313892 0.56342 0.549275 0.371454 0.31605 0.560069 0.397031 0.326664 0.548884 0.466763 1.36159 1.28858 0.59955 0.6401 0.475001 0.56419 1.38449 0.574877 0.460835 0.482161 0.352909 1.29448 0.465248 0.547766 0.396909 0.455622 0.368164 0.400066 0.414055 0.401198 0.533874 0.350423 1.42949 0.694126 0.484477 0.403926 0.583805 0.465347 0.398501 0.331239 0.34233 0.340898 0.401537 0.399233 1.38873 0.321706 0.277306 0.46449 0.323713 0.377307 0.576289 0.47321 1.39527 0.40016 1.04025 0.311667 1.30246 0.616385 0.473186 0.542804 0.30296 0.383936 0.662576 0.437642 1.33391 0.454271 0.411493 0.352498 0.334764 0.41479 0.451008 0.378262 0.39938 0.408808 1.16533 0.37201 0.527246 0.402439 0.305738 0.305794 0.477282 0.564037 0.788355 1.4396 0.529941 0.839803 1.70484 0.372563 1.45004 0.381735 0.517094 0.363349 0.354173 0.325305 0.395691 0.412559 0.368141 0.458441 1.5595 0.684796 0.819059 0.374709 0.350918 0.419736 0.377072 0.40521 1.28705 0.426166 0.900051 0.461956 0.400659 0.572952 0.412034 0.407735 0.682842 0.401059 0.473796 1.31962 0.387125 0.450756 0.46518 0.325608 0.445608 0.458108 0.342595 0.386251 0.346379 0.35286 0.467167 0.450781 0.415675 0.691398 0.57743 0.561466 0.401322 1.26943 0.43754 0.835774 0.450584 0.391782 0.288664 0.389299 0.542083 0.538429 1.42707 0.410535 0.300711 0.324534 0.392206 0.464942 0.31477 0.378649 0.633003 0.903126 0.323628 0.320702 0.695254 0.483564 0.903752 0.573206 0.394936 0.292403 1.4034 0.324968 0.537825 0.80653 0.33093 0.381474 0.3894 0.349389 0.548889 0.390472 0.543402 0.551235 0.532731 0.906272 0.464876 0.421392 0.396118 0.394545 0.573251 0.307758 0.337217 0.402134 0.375869 0.463239 0.47215 0.567537 0.401925 0.417041 0.533901 0.387389 0.848934 0.395086 0.383017 0.473078 0.30754 1.07862 0.544267 0.393268 0.391467 0.543975 0.386934 0.38186 0.360001 0.399985 0.39456 0.690083 0.297673 0.418336 0.469053 0.535483 0.535628 1.41967 0.399989 0.263043 0.3 0.405352 0.324191 0.277213 0.368341 0.357618 0.537633 0.31827 0.687386 0.837215 0.343958 0.334901 0.376379 0.287758 0.742708 0.400791 0.575136 0.361325 0.550271 0.299231 0.423867 0.319281 0.546893 0.483686 0.576045 0.346227 0.761659 0.394022 0.402808 0.592757 0.394936 0.399918 0.295152 0.398785 0.555966 0.390915 0.636015 0.43057 0.549377 0.418187 0.437245 0.34058 1.30008 0.361174 1.30427 0.738194 0.939246 0.478937 0.308865 0.459816 0.376619 1.34961 0.306953 0.543702 1.35812 0.77003 0.547158 0.742302 0.551852 1.4 0.676645 1.45617 0.529673 0.282867 1.40297 0.461933 0.558508 0.688621 0.693712 0.303399 0.585275 0.664741 0.369524 1.1604 0.34417 0.536063 0.393585 0.46566 0.402752 0.33084 0.345464 0.834182 0.402457 0.696594 0.471299 0.413612 1.34713 0.364026 0.391618 0.541063 0.740874 1.37401 0.29899 0.413552 0.336906 0.466281 1.04691 0.417824 0.550413 0.510304 0.392544 0.428095 0.468438 1.45958 0.831613 0.56803 0.336202 0.685626 0.397487 0.435036 0.338951 0.399261 0.362171 0.294947 0.312089 0.366406 0.400551 0.425217 1.29746 0.356083 0.55386 0.663521 0.46874 1.41746 0.552413 0.413235 0.762839 0.322897 0.34982 0.356571 0.543273 0.386407 1.4235 0.354055 0.541856 1.32426 0.545263 0.399717 1.08274 0.411511 0.57232 1.32867 0.57825 0.398697 0.691864 0.366588 0.550775 0.537068 0.425541 0.337269 0.681746 0.285302 0.56608 0.400764 1.28071 0.46906 0.371008 0.569325 0.357595 0.302812 0.56113 0.373816 0.389249 0.359716 0.463378 0.331227 1.47184 0.694849 0.470108 0.275922 0.540737 0.35937 0.682582 0.278442 0.680917 0.392067 0.346046 0.589636 1.40802 0.73701 0.31936 0.649965 1.33322 0.53873 0.384109 0.324123 0.287035 0.437943 0.549562 0.377805 0.380118 0.982539 0.397034 0.357551 0.465392 0.545599 0.343917 0.476988 0.364253 0.371156 0.69185 0.469516 0.331308 0.385367 0.549564 0.555041 0.385377 1.32052 0.398835 0.442424 0.400063 0.420859 0.369665 0.345334 0.382629 0.39397 1.32514 0.50868 1.45735 0.3658 0.584161 1.45958 0.412214 0.573805 0.39122 0.490453 0.369592 0.321426 0.465254 1.31437 0.373217 0.879546 0.575294 0.319896 0.53744 0.572595 0.691537 0.47661
Testing:
Lab Growth Rates:
0.33 0.33 0.33
Dot Production Prediction of Lab Growth Rates:
0.367512 0.376847 0.311372
Best performance so far: 
Obj: 4.68639e-310Rho: 6.5069e-314Diff: 4.68639e-310
Test:
 Lab Growth Rates:
0.33 0.33 0.33Dot Product Prediction of Growth Rate:
0.3675119 0.3768469 0.3113721