seed =  5 traits =  1 
Training: part  101 
Training: part  101 
Round  1 
 Goal of obj  0.99 
Temperature range:  0.0078125 1.25e-13 
Cycle 1Round 1
Iter 500000 pBad 0.907545 T 0.00225422 Obj 1.09935 Rho 0 GRdif 55.6972 success 147949 failure 6934 obj_new 1.09935 SA_pAcc 1 Delta -0.0693852 SA_r 0.747917 freedomratio 0.37051
Iter 1000000 pBad 0.794792 T 0.000650434 Obj 1.06715 Rho 0 GRdif 38.2168 success 292584 failure 21043 obj_new 1.06715 SA_pAcc 0.843437 Delta 0.0586789 SA_r 0.180442 freedomratio 0.365444
Iter 1500000 pBad 0.756791 T 0.000187676 Obj 1.03144 Rho 0 GRdif 18.2023 success 433589 failure 43587 obj_new 1.03144 SA_pAcc 1 Delta 0.0316966 SA_r 0.267842 freedomratio 0.364991
Iter 2000000 pBad 0.661461 T 5.41521e-05 Obj 1.02424 Rho 0 GRdif 14.085 success 573715 failure 69424 obj_new 1.02424 SA_pAcc 2.15038 Delta 0.0335498 SA_r 0.92948 freedomratio 0.363187
Iter 2500000 pBad 0.510219 T 1.5625e-05 Obj 1.01733 Rho 0 GRdif 10.1012 success 708823 failure 104830 obj_new 1.01733 SA_pAcc 1 Delta 0.0179816 SA_r 0.932507 freedomratio 0.357664
Iter 3000000 pBad 0.416866 T 4.50845e-06 Obj 1.01284 Rho 0 GRdif 7.50139 success 837399 failure 152471 obj_new 1.01284 SA_pAcc 1 Delta -0.0232674 SA_r 0.210377 freedomratio 0.358974
Iter 3500000 pBad 0.264766 T 1.30087e-06 Obj 1.00895 Rho 0 GRdif 5.23665 success 947883 failure 235796 obj_new 1.00895 SA_pAcc 0.935048 Delta 0.0259372 SA_r 0.120559 freedomratio 0.335425
Iter 4000000 pBad 0.101746 T 3.75352e-07 Obj 1.00844 Rho 0 GRdif 4.94361 success 1028081 failure 380308 obj_new 1.00844 SA_pAcc 1 Delta 0.00692689 SA_r 0.518277 freedomratio 0.301848
Iter 4500000 pBad 0.0634055 T 1.08304e-07 Obj 1.00819 Rho 0 GRdif 4.798 success 1078996 failure 594116 obj_new 1.00819 SA_pAcc 0.511913 Delta 0.00119572 SA_r 0.881529 freedomratio 0.267394
Iter 5000000 pBad 0.0227588 T 3.12501e-08 Obj 1.00809 Rho 0 GRdif 4.73971 success 1108274 failure 869264 obj_new 1.00809 SA_pAcc 5.71167e-07 Delta -0.00223724 SA_r 0.0399531 freedomratio 0.235766
Iter 5500000 pBad 0.0119289 T 9.0169e-09 Obj 1.00805 Rho 0 GRdif 4.71601 success 1125516 failure 1183158 obj_new 1.00805 SA_pAcc 7.293e-25 Delta 8.44633e-05 SA_r 0.525598 freedomratio 0.220887
Iter 6000000 pBad 0.0113435 T 2.60174e-09 Obj 1.00804 Rho 0 GRdif 4.70768 success 1136032 failure 1522403 obj_new 1.00804 SA_pAcc 9.11476e-22 Delta 0.00105001 SA_r 0.131218 freedomratio 0.209925
Iter 6500000 pBad 0.00402656 T 7.50705e-10 Obj 1.00803 Rho 0 GRdif 4.75781 success 1141534 failure 1880023 obj_new 1.00812 SA_pAcc 0 Delta 4.64223e-05 SA_r 0.508596 freedomratio 0.203672
Iter 7000000 pBad 0.00118569 T 2.16608e-10 Obj 1.00803 Rho 0 GRdif 4.70285 success 1144673 failure 2247552 obj_new 1.00803 SA_pAcc 1 Delta -3.52319e-05 SA_r 0.568962 freedomratio 0.20082
Iter 7500000 pBad 0.00147294 T 6.25002e-11 Obj 1.00803 Rho 0 GRdif 4.70676 success 1146562 failure 2618724 obj_new 1.00804 SA_pAcc 0 Delta -9.24292e-06 SA_r 0.963442 freedomratio 0.200204
Iter 8000000 pBad 0.000373656 T 1.80338e-11 Obj 1.00803 Rho 0 GRdif 4.70528 success 1148082 failure 2992463 obj_new 1.00803 SA_pAcc 0 Delta -2.17139e-06 SA_r 0.626913 freedomratio 0.198582
Iter 8500000 pBad 0.000228316 T 5.20347e-12 Obj 1.00803 Rho 0 GRdif 4.71071 success 1149404 failure 3366930 obj_new 1.00804 SA_pAcc 0 Delta -1.9888e-05 SA_r 0.741833 freedomratio 0.197581
Iter 9000000 pBad 8.27321e-11 T 1.50141e-12 Obj 1.00803 Rho 0 GRdif 4.70121 success 1153775 failure 3725090 obj_new 1.00803 SA_pAcc 1 Delta -7.9502e-12 SA_r 0.728919 freedomratio 0.183807
Iter 9500000 pBad 3.19172e-30 T 4.33217e-13 Obj 1.00803 Rho 0 GRdif 4.71322 success 1154138 failure 4009877 obj_new 1.00805 SA_pAcc 0 Delta -3.04864e-31 SA_r 0.305215 freedomratio 0.183578
Iter 10000000 pBad 9.85395e-89 T 1.25e-13 Obj 1.00803 Rho 0 GRdif 4.71492 success 1154138 failure 4295496 obj_new 1.00805 SA_pAcc 0 Delta 7.39642e-90 SA_r 0.61984 freedomratio 0.171579
Cannot move further
iter 9.08566e+06 obj1.00803 rho 0 GRdif 4.70121
Training:
Lab Growth Rates:
0.65 1.05 1.345 0.53 0.47 0.11 0.46 0.56 0.1 0.41 1.483 0.55 0.17 0.58 1.483 0.5 0.46 0.19 0.37 1.248 0.23 0.46 0.22 0.5 0.42 1.46 0.377 0.26 0.47 0.52 0.47 0.55 0.47 0.4 0.23 1.483 1.345 1.345 0.45 0.36 0.26 0.54 0.37 1.483 0.55 0.46 0.25 1.43 0.23 0.55 0.59 0.2 0.71 0.59 1.66 0.476 0.636 0.23 0.56 0.33 0.56 0.5 0.42 0.3 0.5 0.6 0.32 0.59 0.54 0.47 0.52 0.54 0.481 0.46 0.4 0.34 0.43 0.47 0.5 0.636 0.33 0.47 0.58 0.54 0.54 0.47 0.4 0.5 0.4 0.762 0.5 0.53 0.53 0.5 0.5 0.55 0.901 0.54 0.43 0.54 1.483 0.762 0.4 0.59 0.42 1.248 0.1 0.45 0.53 0.54 0.38 0.686 0.5 0.45 0.485 0.4 0.4 0.46 0.4 1.05 0.31 0.4 0.45 0.45 0.5 0.901 0.55 0.47 0.1 0.648 0.465 0.48 0.37 0.617 0.22 0.724 0.762 0.36 0.53 0.45 0.46 0.25 0.37 0.42 0.4 0.4 0.4 1.483 0.54 0.648 0.4 0.2 0.43 0.4 0.54 0.6 1.05 1.345 0.65 0.636 0.39 0.53 0.51 0.52 0.54 0.46 0.42 0.54 1.248 0.32 0.55 0.48 0.49 0.32 0.31 0.48 0.5 0.11 0.25 0.4 0.637 0.55 0.71 0.31 0.46 0.52 0.4 0.4 0.59 0.33 0.55 0.51 0.4 0.54 0.4 0.46 0.635 0.46 0.58 0.52 0.52 0.58 0.5 0.3 0.55 0.45 1.248 0.47 1.248 0.58 0.59 0.3 1.345 0.45 0.54 0.3 0.58 0.54 0.47 0.5 0.901 0.3 0.39 0.71 0.27 0.47 0.37 0.48 0.4 0.686 1.05 0.53 1.67 0.4 0.3 0.34 0.56 1.03 0.42 0.4 1.483 0.33 0.476 0.37 0.4 0.377 0.47 0.5 0.48 0.19 0.4 0.38 0.56 0.901 0.1 0.37 0.4 0.33 0.54 0.42 0.58 1.49 0.4 1.345 0.46 0.37 0.54 0.56 0.4 0.43 0.42 0.45 1.345 0.42 0.25 0.52 0.46 0.4 0.39 0.27 0.58 0.5 0.23 0.37 0.5 0.45 0.23 0.09 1.66 0.4 0.7 0.1 0.58 0.637 0.42 0.56 0.48 1.345 0.22 0.58 0.52 0.37 0.65 0.48 0.5 0.4 1.483 0.58 0.48 0.47 0.6 0.6 0.41 0.485 0.7 0.39 0.55 0.56 0.3 0.3 0.485 0.58 0.5 0.5 0.481 0.25 0.56 0.56 0.43 0.33 1.483 0.54 0.5 0.4 0.42 0.41 0.42 0.41 0.37 0.53 0.43 0.47 0.54 1.05 0.22 0.14 0.53 0.51 0.53 0.59 0.42 0.4 0.27 0.36 0.54 0.5 0.42 0.38 0.58 0.11 0.19 0.47 0.1 0.42 0.42 0.52 1.345 0.54 0.22 0.43 0.48 0.25 0.55 0.301 0.3 0.56 0.36 0.54 0.4 0.49 0.4 0.45 0.4 1.46 0.14 0.56 0.33 0.17 0.27 0.56 0.4 0.46 1.345 0.46 0.59 0.38 0.36 0.38 0.42 0.56 0.4 0.3 0.5 0.68 0.59 0.635 1.345 1.483 0.4 0.476 0.648 0.58 0.47 0.5 0.54 0.68 0.41 0.5 0.56 0.47 0.5 0.68 0.635 0.36 1.38 1.43 0.4 0.58 0.53 0.56 0.56 0.49 0.46 0.41 0.54 0.4 0.43 0.3 0.68 0.58 0.65 0.4 0.54 0.52 0.5 0.1 0.22 0.45 0.45 1.42 0.22 0.45 0.4 1.44 0.27 0.2 0.1 0.45 0.47 0.3 0.4 1.46 0.54 0.09 0.485 0.4 0.45 0.4 0.53 0.42 0.17 0.41 0.37 0.5 0.46 0.58 0.54 1.4 0.4 0.56 1.67 0.09 0.46 1.35 0.481 0.39 0.23 0.5 0.45 0.33 0.3 0.4 0.47 0.4 0.53 0.46 0.68 0.7 0.47 0.4 0.22 0.59 0.36 0.4 0.901 0.5 0.43 0.34 0.27 0.65 0.4 0.58 0.43 0.465 0.43 0.59 0.65 0.4 0.37 0.25 0.4 0.4 1.345 0.5 0.53 0.45 0.377 0.37 0.4 0.65 0.53 0.4 0.5 0.41 0.65 0.52 0.4 0.59 0.58 0.39 0.901 1.483 0.47 0.4 0.26 0.4 0.1 0.25 0.43 0.36 0.59 0.47 0.46 0.301 0.46 0.59 0.23 0.4 0.47 0.52 0.686 0.23 0.36 0.33 1.483 0.59 0.59 0.5 0.58 1.46 0.724 0.762 0.7 0.301 0.4 0.65 0.5 0.37 0.4 0.637 0.724 0.45 0.4 0.465 0.41 0.54 0.58 0.37
Dot Production Prediction of Lab Growth Rates:
0.647591 1.65407 1.06657 0.321767 0.367736 0.363983 0.504028 0.535478 0.43205 0.370631 1.06855 0.543268 0.412817 0.481073 1.04169 0.736519 0.355179 0.338931 0.426466 0.873544 0.538475 0.366868 0.467193 0.329772 0.583917 0.996112 0.43717 0.445761 0.390763 0.344999 0.351143 0.545163 0.39169 0.401418 0.536867 1.02061 1.08831 1.00845 0.387382 0.365673 0.537831 0.339435 0.404192 1.05536 0.552808 0.495044 1.52504 1.23684 0.538703 0.550896 0.540123 0.384436 0.7269 0.329179 1.66 0.452011 0.721717 0.435233 0.472838 0.331324 0.543687 0.480102 0.328127 0.404064 0.526674 0.415626 0.325665 0.556617 0.45866 0.475006 0.362235 0.314009 0.445383 0.470346 0.404485 0.324364 0.357893 0.351495 0.539721 0.722269 0.371691 0.340946 0.345433 0.374156 0.387892 0.391896 0.39977 0.381712 0.403753 0.823535 0.473503 0.336914 0.383406 0.672868 0.693053 0.449881 0.903756 0.455653 0.405522 0.45082 1.06688 0.816039 0.401547 0.338604 0.570524 0.876176 0.809075 1.50877 0.537569 0.455784 0.361875 0.722851 0.337743 1.55307 0.446342 0.402696 0.403815 0.334408 0.39777 1.05167 0.546213 0.407297 1.4968 0.357275 0.710795 0.900079 0.452575 0.404864 0.930998 0.712209 0.448396 0.32522 0.42457 0.610423 0.469879 0.722498 0.818607 0.407425 0.477498 0.335686 0.310977 0.361823 0.320331 0.359183 0.404329 0.405898 0.39719 1.07301 0.372225 0.710274 0.399609 0.411216 0.417699 0.398694 0.534443 0.41158 1.01388 1.03867 0.661135 0.722833 0.327028 0.527074 0.399088 0.371711 0.384546 0.459764 0.349607 0.449868 0.87706 0.313462 0.435928 0.319497 0.363815 0.342131 0.526128 0.333593 0.341875 0.329177 0.326009 0.398828 0.707135 0.5455 0.724542 0.52546 0.347811 0.337991 0.399684 0.399624 0.335801 0.36379 0.445621 0.407268 0.404214 0.548923 0.397365 0.458655 0.713101 0.432857 0.475501 0.374479 0.383922 0.479976 0.472625 0.300544 0.547289 0.390141 0.87555 0.348483 0.869272 0.36344 0.539285 0.392987 1.03019 1.51999 0.362177 0.376528 0.369928 0.543729 0.384068 0.528828 0.901 0.402187 0.341292 0.721805 0.365931 0.443599 0.427027 0.320372 0.397322 0.725671 1.05 0.532524 1.53764 0.400414 0.306109 0.318368 0.550322 1.35043 0.34331 0.39998 1.0285 0.481104 0.449734 0.433878 0.405608 0.439524 0.353881 0.479942 0.314798 0.341016 0.402425 0.325817 0.477004 0.901987 0.796207 0.515789 0.404713 0.361298 0.321606 0.331926 0.479175 1.54909 0.397054 1.07898 0.308831 0.422734 0.35984 0.543791 0.398651 0.361937 0.3911 1.49717 1.08639 0.346865 0.358679 0.351149 0.473731 0.403367 0.322083 0.364913 0.362996 0.718217 0.538279 0.433217 0.395407 0.354405 0.435072 0.357477 1.66 0.404536 0.677219 1.46982 0.477012 0.710532 0.322587 0.542717 0.349108 1.09373 0.413426 0.479164 0.366273 0.424725 0.662224 0.34678 0.46977 0.40673 1.01387 0.354926 0.34378 0.35217 0.423982 0.415689 0.431675 0.441784 0.679575 0.319513 0.450078 0.54408 0.389826 0.396353 0.442561 0.340754 0.340741 0.67416 0.446008 0.491904 0.482368 0.552426 0.421958 0.329918 1.05762 0.541262 0.711843 0.400271 0.56722 0.375877 0.327504 0.363343 0.385614 0.406313 0.347208 0.350608 0.379487 1.05 0.352118 0.139041 0.536374 0.383455 0.340699 0.544982 0.344405 0.399509 0.560823 0.411297 0.373207 0.731224 0.327956 0.337217 0.317398 0.355635 0.337712 0.342616 0.361861 0.314812 0.337851 0.378742 1.07084 0.543474 0.465831 0.365908 0.320104 0.525039 0.449956 0.434009 0.371618 0.474884 0.341702 0.360348 0.406295 0.380382 0.399258 1.54909 0.397527 1.60825 0.140119 0.545654 0.419483 0.320022 0.369074 0.534531 0.400522 0.471077 1.01812 0.425841 0.316769 0.329446 0.359161 0.364636 0.346095 0.535857 0.332052 0.350158 0.714277 0.541515 0.552683 0.713404 1.06609 1.04363 0.40375 0.452115 0.708674 0.379568 0.352005 0.660668 0.530217 0.542166 0.43819 0.649086 0.470484 0.379265 0.476697 0.544595 0.713131 0.351656 1.31698 1.23749 0.344096 0.470472 0.372028 0.552379 0.473622 0.359229 0.408436 0.437655 0.46628 0.403804 0.437734 0.296837 0.545275 0.470418 0.631968 0.40355 0.540001 0.365137 0.326094 0.791436 0.469084 0.346216 0.365856 1.55714 0.37451 0.344824 0.400537 1.55243 0.316831 0.403151 0.782359 0.364356 0.338336 0.423537 0.403423 1.02303 0.36325 0.3352 0.44703 0.402687 0.342468 0.404521 0.510422 0.373044 0.321444 0.320299 0.422163 0.373867 0.459818 0.472904 0.349853 1.51893 0.404131 0.54999 1.4819 0.426559 0.408757 1.18068 0.445559 0.348904 0.434778 0.331426 1.57053 0.330294 0.336863 0.404967 0.392823 0.403655 0.523624 0.473115 0.545928 0.66832 0.423458 0.401719 0.471463 0.381741 0.342792 0.404025 0.911044 0.546658 0.370292 0.338183 0.334536 0.649986 0.403031 0.481412 0.383258 0.449548 0.396898 0.370707 0.646253 0.403713 0.383506 0.768148 0.402388 0.397108 1.09685 0.35736 0.5479 0.361508 0.437613 0.395684 0.404388 0.654833 0.354815 0.403862 0.541038 0.34075 0.628229 0.373517 0.397772 0.54508 0.483113 0.316663 0.831824 1.06125 0.470054 0.399518 0.370478 0.401047 0.429862 0.353059 0.402245 0.336529 0.546518 0.402203 0.392917 0.432517 0.431583 0.343384 0.541307 0.403858 0.401683 0.378284 0.723872 0.546627 0.328606 0.445288 1.03163 0.341768 0.334001 0.368988 0.465007 1.02192 0.722471 0.819453 0.665893 0.435587 0.400057 0.650277 0.336865 0.430623 0.406085 0.709687 0.72386 0.384704 0.403332 0.447255 0.379952 0.342959 0.326277 0.435377
Testing:
Lab Growth Rates:
0.3
Dot Production Prediction of Lab Growth Rates:
0.431166
Best performance so far: 
Obj: 4.64818e-310Rho: 2.26291e-314Diff: 4.64818e-310
Anneal again with the best G and E so far as input
Cycle 2Round 1
Iter 500000 pBad 0.872854 T 0.00225422 Obj 1.07846 Rho 0 GRdif 44.4145 success 111586 failure 7910 obj_new 1.07846 SA_pAcc 1 Delta -0.00714575 SA_r 0.726119 freedomratio 0.267151
Iter 1000000 pBad 0.769438 T 0.000650434 Obj 1.06896 Rho 0 GRdif 39.2141 success 219995 failure 22650 obj_new 1.06896 SA_pAcc 1 Delta -0.0366328 SA_r 0.930486 freedomratio 0.262735
Iter 1500000 pBad 0.669628 T 0.000187676 Obj 1.03546 Rho 0 GRdif 20.487 success 324927 failure 47093 obj_new 1.03546 SA_pAcc 1 Delta 0.043703 SA_r 0.213187 freedomratio 0.264032
Iter 2000000 pBad 0.604765 T 5.41521e-05 Obj 1.02625 Rho 0 GRdif 15.2352 success 427462 failure 77945 obj_new 1.02625 SA_pAcc 1 Delta 0.0029976 SA_r 0.302993 freedomratio 0.259717
Iter 2500000 pBad 0.505234 T 1.5625e-05 Obj 1.01891 Rho 0 GRdif 11.0148 success 525912 failure 118832 obj_new 1.01891 SA_pAcc 0.84275 Delta -0.0289961 SA_r 0.563919 freedomratio 0.253996
Iter 3000000 pBad 0.391015 T 4.50845e-06 Obj 1.01626 Rho 0 GRdif 9.48887 success 621126 failure 165978 obj_new 1.01627 SA_pAcc 0.318503 Delta 0.0203423 SA_r 0.894618 freedomratio 0.255652
Iter 3500000 pBad 0.236473 T 1.30087e-06 Obj 1.01192 Rho 0 GRdif 6.965 success 703205 failure 241907 obj_new 1.01192 SA_pAcc 1 Delta 0.0119066 SA_r 0.00881985 freedomratio 0.239804
Iter 4000000 pBad 0.175729 T 3.75352e-07 Obj 1.00967 Rho 0 GRdif 5.65692 success 775982 failure 341491 obj_new 1.00967 SA_pAcc 1 Delta 0.0048229 SA_r 0.246353 freedomratio 0.229419
Iter 4500000 pBad 0.102574 T 1.08304e-07 Obj 1.0086 Rho 0 GRdif 5.05277 success 833466 failure 481150 obj_new 1.00863 SA_pAcc 4.43204e-104 Delta -0.00390222 SA_r 0.855299 freedomratio 0.208363
Iter 5000000 pBad 0.045546 T 3.12501e-08 Obj 1.00821 Rho 0 GRdif 4.8079 success 872736 failure 680136 obj_new 1.00821 SA_pAcc 0.0232042 Delta 0.00187127 SA_r 0.7224 freedomratio 0.191344
Iter 5500000 pBad 0.0253069 T 9.0169e-09 Obj 1.00802 Rho 0 GRdif 4.6979 success 898711 failure 937057 obj_new 1.00802 SA_pAcc 1 Delta -0.00210149 SA_r 0.764519 freedomratio 0.169209
Iter 6000000 pBad 0.0143701 T 2.60174e-09 Obj 1.00794 Rho 0 GRdif 4.65236 success 915565 failure 1239102 obj_new 1.00794 SA_pAcc 2.90259e-08 Delta -0.00135088 SA_r 0.356496 freedomratio 0.157219
Iter 6500000 pBad 0.0068593 T 7.50705e-10 Obj 1.00791 Rho 0 GRdif 4.63773 success 927123 failure 1572936 obj_new 1.00792 SA_pAcc 0 Delta -0.000252584 SA_r 0.0999126 freedomratio 0.148635
Iter 7000000 pBad 0.00392597 T 2.16608e-10 Obj 1.0079 Rho 0 GRdif 4.63065 success 933064 failure 1927165 obj_new 1.00791 SA_pAcc 0 Delta -2.43536e-05 SA_r 0.492407 freedomratio 0.147739
Iter 7500000 pBad 0.00158573 T 6.25002e-11 Obj 1.0079 Rho 0 GRdif 4.62433 success 940333 failure 2285786 obj_new 1.0079 SA_pAcc 1.70374e-93 Delta -0.00015143 SA_r 0.979817 freedomratio 0.142649
Iter 8000000 pBad 0.00171476 T 1.80338e-11 Obj 1.00789 Rho 0 GRdif 4.6222 success 946152 failure 2661866 obj_new 1.00789 SA_pAcc 1 Delta 6.93278e-05 SA_r 0.976315 freedomratio 0.140502
Iter 8500000 pBad 5.49854e-05 T 5.20347e-12 Obj 1.00789 Rho 0 GRdif 4.62098 success 952401 failure 3049821 obj_new 1.00789 SA_pAcc 0 Delta 4.02071e-06 SA_r 0.901401 freedomratio 0.135359
Iter 9000000 pBad 0.000387092 T 1.50141e-12 Obj 1.00789 Rho 0 GRdif 5.9727 success 958977 failure 3444720 obj_new 1.01021 SA_pAcc 0 Delta 1.8704e-05 SA_r 0.0749772 freedomratio 0.134277
Iter 9500000 pBad 4.73245e-05 T 4.33217e-13 Obj 1.00789 Rho 0 GRdif 4.61974 success 965871 failure 3840221 obj_new 1.00789 SA_pAcc 0 Delta -2.35944e-06 SA_r 0.380638 freedomratio 0.132283
Good enough
iter 9.94485e+06 obj1.00789 rho 0 GRdif 4.61934
Training:
Lab Growth Rates:
0.65 1.05 1.345 0.53 0.47 0.11 0.46 0.56 0.1 0.41 1.483 0.55 0.17 0.58 1.483 0.5 0.46 0.19 0.37 1.248 0.23 0.46 0.22 0.5 0.42 1.46 0.377 0.26 0.47 0.52 0.47 0.55 0.47 0.4 0.23 1.483 1.345 1.345 0.45 0.36 0.26 0.54 0.37 1.483 0.55 0.46 0.25 1.43 0.23 0.55 0.59 0.2 0.71 0.59 1.66 0.476 0.636 0.23 0.56 0.33 0.56 0.5 0.42 0.3 0.5 0.6 0.32 0.59 0.54 0.47 0.52 0.54 0.481 0.46 0.4 0.34 0.43 0.47 0.5 0.636 0.33 0.47 0.58 0.54 0.54 0.47 0.4 0.5 0.4 0.762 0.5 0.53 0.53 0.5 0.5 0.55 0.901 0.54 0.43 0.54 1.483 0.762 0.4 0.59 0.42 1.248 0.1 0.45 0.53 0.54 0.38 0.686 0.5 0.45 0.485 0.4 0.4 0.46 0.4 1.05 0.31 0.4 0.45 0.45 0.5 0.901 0.55 0.47 0.1 0.648 0.465 0.48 0.37 0.617 0.22 0.724 0.762 0.36 0.53 0.45 0.46 0.25 0.37 0.42 0.4 0.4 0.4 1.483 0.54 0.648 0.4 0.2 0.43 0.4 0.54 0.6 1.05 1.345 0.65 0.636 0.39 0.53 0.51 0.52 0.54 0.46 0.42 0.54 1.248 0.32 0.55 0.48 0.49 0.32 0.31 0.48 0.5 0.11 0.25 0.4 0.637 0.55 0.71 0.31 0.46 0.52 0.4 0.4 0.59 0.33 0.55 0.51 0.4 0.54 0.4 0.46 0.635 0.46 0.58 0.52 0.52 0.58 0.5 0.3 0.55 0.45 1.248 0.47 1.248 0.58 0.59 0.3 1.345 0.45 0.54 0.3 0.58 0.54 0.47 0.5 0.901 0.3 0.39 0.71 0.27 0.47 0.37 0.48 0.4 0.686 1.05 0.53 1.67 0.4 0.3 0.34 0.56 1.03 0.42 0.4 1.483 0.33 0.476 0.37 0.4 0.377 0.47 0.5 0.48 0.19 0.4 0.38 0.56 0.901 0.1 0.37 0.4 0.33 0.54 0.42 0.58 1.49 0.4 1.345 0.46 0.37 0.54 0.56 0.4 0.43 0.42 0.45 1.345 0.42 0.25 0.52 0.46 0.4 0.39 0.27 0.58 0.5 0.23 0.37 0.5 0.45 0.23 0.09 1.66 0.4 0.7 0.1 0.58 0.637 0.42 0.56 0.48 1.345 0.22 0.58 0.52 0.37 0.65 0.48 0.5 0.4 1.483 0.58 0.48 0.47 0.6 0.6 0.41 0.485 0.7 0.39 0.55 0.56 0.3 0.3 0.485 0.58 0.5 0.5 0.481 0.25 0.56 0.56 0.43 0.33 1.483 0.54 0.5 0.4 0.42 0.41 0.42 0.41 0.37 0.53 0.43 0.47 0.54 1.05 0.22 0.14 0.53 0.51 0.53 0.59 0.42 0.4 0.27 0.36 0.54 0.5 0.42 0.38 0.58 0.11 0.19 0.47 0.1 0.42 0.42 0.52 1.345 0.54 0.22 0.43 0.48 0.25 0.55 0.301 0.3 0.56 0.36 0.54 0.4 0.49 0.4 0.45 0.4 1.46 0.14 0.56 0.33 0.17 0.27 0.56 0.4 0.46 1.345 0.46 0.59 0.38 0.36 0.38 0.42 0.56 0.4 0.3 0.5 0.68 0.59 0.635 1.345 1.483 0.4 0.476 0.648 0.58 0.47 0.5 0.54 0.68 0.41 0.5 0.56 0.47 0.5 0.68 0.635 0.36 1.38 1.43 0.4 0.58 0.53 0.56 0.56 0.49 0.46 0.41 0.54 0.4 0.43 0.3 0.68 0.58 0.65 0.4 0.54 0.52 0.5 0.1 0.22 0.45 0.45 1.42 0.22 0.45 0.4 1.44 0.27 0.2 0.1 0.45 0.47 0.3 0.4 1.46 0.54 0.09 0.485 0.4 0.45 0.4 0.53 0.42 0.17 0.41 0.37 0.5 0.46 0.58 0.54 1.4 0.4 0.56 1.67 0.09 0.46 1.35 0.481 0.39 0.23 0.5 0.45 0.33 0.3 0.4 0.47 0.4 0.53 0.46 0.68 0.7 0.47 0.4 0.22 0.59 0.36 0.4 0.901 0.5 0.43 0.34 0.27 0.65 0.4 0.58 0.43 0.465 0.43 0.59 0.65 0.4 0.37 0.25 0.4 0.4 1.345 0.5 0.53 0.45 0.377 0.37 0.4 0.65 0.53 0.4 0.5 0.41 0.65 0.52 0.4 0.59 0.58 0.39 0.901 1.483 0.47 0.4 0.26 0.4 0.1 0.25 0.43 0.36 0.59 0.47 0.46 0.301 0.46 0.59 0.23 0.4 0.47 0.52 0.686 0.23 0.36 0.33 1.483 0.59 0.59 0.5 0.58 1.46 0.724 0.762 0.7 0.301 0.4 0.65 0.5 0.37 0.4 0.637 0.724 0.45 0.4 0.465 0.41 0.54 0.58 0.37
Dot Production Prediction of Lab Growth Rates:
0.637393 1.47398 1.2889 0.296944 0.361276 0.395683 0.542952 0.536204 0.450753 0.369965 1.26285 0.543403 0.43513 0.475211 1.29594 0.803446 0.360749 0.304305 0.412939 0.86136 0.538519 0.369232 0.473745 0.318323 0.648039 1.04484 0.52694 0.45348 0.392154 0.35941 0.359381 0.544354 0.401382 0.395706 0.534049 1.26123 1.31942 1.26669 0.407319 0.388141 0.585337 0.347004 0.448849 1.30198 0.554436 0.535787 1.49195 1.32652 0.537572 0.551822 0.544196 0.357359 0.72417 0.331754 1.55099 0.534539 0.718424 0.426528 0.471725 0.324643 0.537832 0.479211 0.281026 0.59973 0.528949 0.629521 0.320001 0.550574 0.465938 0.500033 0.35679 0.29558 0.526751 0.473094 0.400028 0.324332 0.344427 0.386612 0.547064 0.715278 0.364024 0.355391 0.335748 0.373549 0.392329 0.405131 0.392834 0.370496 0.401986 0.806409 0.472058 0.308807 0.420326 0.687579 0.697705 0.464202 0.902368 0.459022 0.407931 0.463758 1.31341 0.796692 0.39763 0.339138 0.638346 0.865502 1.33821 1.46918 0.532453 0.458802 0.375617 0.721564 0.328996 1.48973 0.529111 0.399923 0.399691 0.336259 0.380082 1.06169 0.586086 0.403178 1.43756 0.361591 0.723672 0.906337 0.46547 0.419871 1.46497 0.706684 0.532617 0.301004 0.409596 0.49361 0.477044 0.722131 0.802601 0.418486 0.486595 0.312709 0.303096 0.36128 0.284772 0.361438 0.40188 0.404744 0.38711 1.27579 0.383653 0.707459 0.398575 0.390584 0.416475 0.385406 0.535913 0.613322 1.0343 1.31226 0.655425 0.723544 0.312949 0.530294 0.407408 0.376587 0.3889 0.458573 0.341908 0.459197 0.870633 0.312562 0.456547 0.311001 0.381858 0.349941 0.577264 0.336009 0.314454 0.331272 0.31105 0.390996 0.703818 0.546546 0.717305 0.585778 0.31626 0.347803 0.399917 0.399491 0.313979 0.354696 0.468815 0.435504 0.40118 0.550829 0.388292 0.459997 0.707131 0.429863 0.472891 0.368121 0.389408 0.481502 0.476445 0.215547 0.549998 0.402053 0.862099 0.355227 0.861751 0.368927 0.543912 0.578024 1.28157 1.47087 0.37852 0.530577 0.401003 0.538692 0.404194 0.528054 0.901 0.586478 0.33893 0.713153 0.365457 0.481472 0.415527 0.307694 0.394784 0.723942 1.05 0.52885 1.48692 0.395818 0.217423 0.303524 0.544802 1.30283 0.355211 0.400702 1.27927 0.517935 0.530944 0.423191 0.402552 0.527199 0.347477 0.484333 0.271166 0.314753 0.403724 0.30105 0.477174 0.900997 0.905313 0.579793 0.402362 0.338637 0.290951 0.327618 0.474339 1.52612 0.384788 1.30885 0.289703 0.462443 0.390468 0.537936 0.398899 0.371029 0.385312 1.43676 1.30746 0.335798 0.356133 0.356775 0.463787 0.396657 0.303413 0.364403 0.368798 0.774486 0.534995 0.425064 0.420694 0.318632 0.425018 0.369375 1.56933 0.402026 0.830313 1.41708 0.475707 0.704756 0.306836 0.54205 0.368411 1.32967 0.449042 0.469342 0.404703 0.410888 0.654417 0.350431 0.470374 0.404406 1.24979 0.371391 0.351329 0.355767 0.644061 0.607699 0.520768 0.525407 0.837905 0.308465 0.467698 0.540922 0.572751 0.395969 0.524307 0.357147 0.339723 0.641678 0.524565 0.521793 0.481234 0.543805 0.437374 0.320956 1.26383 0.536315 0.75476 0.399989 0.619584 0.386384 0.301459 0.34183 0.397125 0.430753 0.339032 0.372662 0.408166 1.0653 0.344532 0.139339 0.537614 0.395364 0.31842 0.545538 0.30713 0.393335 0.634546 0.424408 0.370568 0.741602 0.336394 0.293972 0.287798 0.377193 0.311445 0.283537 0.341406 0.306794 0.347794 0.392202 1.30997 0.548013 0.46927 0.366154 0.284635 0.568947 0.468809 0.531343 0.367505 0.478407 0.344715 0.385118 0.403593 0.4029 0.395072 1.52612 0.396025 1.50168 0.140024 0.54417 0.454334 0.300754 0.379506 0.532062 0.401377 0.519345 1.26945 0.459852 0.305886 0.314996 0.38177 0.366167 0.342179 0.531773 0.302424 0.49516 0.75194 0.376428 0.548806 0.710511 1.34369 1.26237 0.403299 0.536615 0.701278 0.397707 0.368444 0.631921 0.540769 0.377606 0.52639 0.662759 0.467965 0.36134 0.478279 0.380837 0.71033 0.339321 1.28855 1.33058 0.315436 0.467941 0.389259 0.546136 0.470741 0.387539 0.411517 0.526587 0.466557 0.405595 0.444779 0.211918 0.380365 0.466827 0.620683 0.402184 0.531863 0.375063 0.315113 1.14915 0.47033 0.354022 0.373634 1.53066 0.403489 0.342179 0.393879 1.51018 0.280036 0.387314 1.17584 0.389936 0.337137 0.648908 0.40073 1.03126 0.375353 0.342253 0.532932 0.398363 0.348851 0.402507 0.553274 0.358594 0.297099 0.314073 0.406964 0.379953 0.448512 0.467597 0.343027 1.40143 0.401202 0.547741 1.36554 0.467741 0.404634 1.2606 0.527485 0.335366 0.427058 0.333747 1.53587 0.315947 0.322458 0.402898 0.366196 0.401551 0.530821 0.464859 0.381545 0.825523 0.439396 0.402144 0.475496 0.383342 0.359432 0.400648 0.915306 0.540022 0.354031 0.330543 0.341845 0.649527 0.399459 0.478871 0.368478 0.531975 0.397967 0.3545 0.649976 0.402769 0.379669 0.903264 0.396893 0.395138 1.35641 0.358162 0.547833 0.334106 0.530364 0.421566 0.400838 0.656385 0.369655 0.39961 0.545379 0.32699 0.629799 0.361717 0.390388 0.549765 0.481177 0.297937 0.825292 1.29778 0.49666 0.393133 0.372686 0.396565 0.438661 0.359946 0.403307 0.34203 0.547636 0.397067 0.37733 0.532393 0.427 0.336147 0.541973 0.401564 0.377311 0.402449 0.722131 0.541121 0.330838 0.494556 1.25507 0.313357 0.290982 0.362076 0.44882 1.029 0.723971 0.818086 0.828184 0.531024 0.401171 0.658601 0.335224 0.416311 0.403003 0.706653 0.722916 0.405635 0.402762 0.529463 0.386566 0.333351 0.311568 0.425539
Testing:
Lab Growth Rates:
0.3
Dot Production Prediction of Lab Growth Rates:
0.637065
Best performance so far: 
Obj: 4.64818e-310Rho: 6.5069e-314Diff: 4.64818e-310
Test:
 Lab Growth Rates:
0.3Dot Product Prediction of Growth Rate:
0.6370651