seed =  5 traits =  1 
Training: part  209 
Training: part  209 
Round  1 
 Goal of obj  0.99 
Temperature range:  0.00390625 3.125e-15 
Cycle 1Round 1
Iter 500000 pBad 0.852312 T 0.000970322 Obj 1.06384 Rho 0 GRdif 36.2656 success 146577 failure 10569 obj_new 1.06384 SA_pAcc 1.16387 Delta 0.0845594 SA_r 0.178828 freedomratio 0.372774
Iter 1000000 pBad 0.802695 T 0.00024103 Obj 1.03915 Rho 0 GRdif 22.5023 success 290283 failure 26873 obj_new 1.03915 SA_pAcc 0.919144 Delta -0.0261449 SA_r 0.657205 freedomratio 0.368322
Iter 1500000 pBad 0.731757 T 5.98721e-05 Obj 1.02404 Rho 0 GRdif 13.9193 success 431816 failure 49467 obj_new 1.02404 SA_pAcc 1.0247 Delta 0.00828053 SA_r 0.768652 freedomratio 0.366021
Iter 2000000 pBad 0.578268 T 1.48723e-05 Obj 1.01819 Rho 0 GRdif 10.5637 success 568458 failure 82948 obj_new 1.01819 SA_pAcc 1 Delta -0.0317992 SA_r 0.453482 freedomratio 0.367168
Iter 2500000 pBad 0.387151 T 3.69431e-06 Obj 1.01278 Rho 0 GRdif 7.4423 success 697643 failure 129442 obj_new 1.01278 SA_pAcc 0.993146 Delta -0.000654135 SA_r 0.809054 freedomratio 0.347981
Iter 3000000 pBad 0.276528 T 9.17674e-07 Obj 1.00908 Rho 0 GRdif 5.29404 success 809956 failure 208883 obj_new 1.00908 SA_pAcc 1 Delta -0.000401693 SA_r 0.548489 freedomratio 0.349851
Iter 3500000 pBad 0.156958 T 2.27952e-07 Obj 1.00801 Rho 0 GRdif 4.67782 success 897800 failure 340141 obj_new 1.00801 SA_pAcc 1 Delta -0.00778823 SA_r 0.089487 freedomratio 0.307612
Iter 4000000 pBad 0.0418611 T 5.66236e-08 Obj 1.00771 Rho 0 GRdif 4.49999 success 940485 failure 575830 obj_new 1.00771 SA_pAcc 1 Delta -0.00367785 SA_r 0.0324808 freedomratio 0.248516
Iter 4500000 pBad 0.0211093 T 1.40654e-08 Obj 1.00762 Rho 0 GRdif 4.44925 success 961494 failure 874878 obj_new 1.00762 SA_pAcc 0.000339321 Delta 4.53948e-06 SA_r 0.650373 freedomratio 0.226517
Iter 5000000 pBad 0.01218 T 3.49387e-09 Obj 1.00758 Rho 0 GRdif 4.42654 success 973010 failure 1208916 obj_new 1.00758 SA_pAcc 0 Delta -0.00100746 SA_r 0.547997 freedomratio 0.212473
Iter 5500000 pBad 0.0040908 T 8.67882e-10 Obj 1.00757 Rho 0 GRdif 4.45344 success 978885 failure 1561949 obj_new 1.00763 SA_pAcc 0 Delta 0.00037894 SA_r 0.798589 freedomratio 0.205398
Iter 6000000 pBad 0.00244551 T 2.15583e-10 Obj 1.00756 Rho 0 GRdif 4.41303 success 981660 failure 1924674 obj_new 1.00756 SA_pAcc 2.35557e-239 Delta 3.78011e-06 SA_r 0.39934 freedomratio 0.205831
Iter 6500000 pBad 0.0033625 T 5.35513e-11 Obj 1.00755 Rho 0 GRdif 4.40993 success 983580 failure 2290391 obj_new 1.00755 SA_pAcc 0 Delta -6.65083e-05 SA_r 0.0600816 freedomratio 0.202909
Iter 7000000 pBad 0.000568436 T 1.33022e-11 Obj 1.00755 Rho 0 GRdif 4.40924 success 984764 failure 2659274 obj_new 1.00755 SA_pAcc 1 Delta -2.95762e-05 SA_r 0.722343 freedomratio 0.202208
Iter 7500000 pBad 0.000661789 T 3.30429e-12 Obj 1.00755 Rho 0 GRdif 4.40894 success 986110 failure 3029558 obj_new 1.00755 SA_pAcc 1 Delta 3.67495e-05 SA_r 0.412266 freedomratio 0.19932
Iter 8000000 pBad 0.000797207 T 8.20792e-13 Obj 1.00755 Rho 0 GRdif 4.40869 success 987754 failure 3403313 obj_new 1.00755 SA_pAcc 1 Delta -2.57181e-05 SA_r 0.685448 freedomratio 0.193081
Iter 8500000 pBad 4.43946e-10 T 2.03886e-13 Obj 1.00755 Rho 0 GRdif 4.40972 success 993320 failure 3764887 obj_new 1.00755 SA_pAcc 0 Delta 2.89766e-11 SA_r 0.915163 freedomratio 0.182668
Iter 9000000 pBad 4.23503e-42 T 5.06457e-14 Obj 1.00755 Rho 0 GRdif 4.41117 success 994126 failure 4055265 obj_new 1.00756 SA_pAcc 0 Delta 1.21662e-43 SA_r 0.810839 freedomratio 0.18092
Iter 9500000 pBad 3.27919e-194 T 1.25805e-14 Obj 1.00755 Rho 0 GRdif 4.40963 success 994126 failure 4344913 obj_new 1.00755 SA_pAcc 0 Delta -2.51836e-195 SA_r 0.222595 freedomratio 0.179205
Iter 10000000 pBad 0 T 3.12501e-15 Obj 1.00755 Rho 0 GRdif 4.40915 success 994126 failure 4651963 obj_new 1.00755 SA_pAcc 0 Delta -0 SA_r 0.96923 freedomratio 0.0641489
Cannot move further
iter 8.65366e+06 obj1.00755 rho 0 GRdif 4.40853
Training:
Lab Growth Rates:
0.1 0.301 0.53 0.71 0.37 0.5 0.47 0.17 0.6 0.635 0.36 0.39 0.53 0.56 0.5 0.47 0.5 0.4 0.724 0.3 0.54 0.42 0.42 1.345 0.901 0.56 0.686 0.59 0.54 0.3 0.5 0.5 0.617 0.5 1.483 0.39 0.37 0.58 0.5 0.23 0.43 0.65 0.52 0.52 1.248 0.4 0.52 0.42 0.4 0.54 0.54 0.48 0.17 0.33 0.54 0.39 0.1 0.58 0.4 0.52 1.483 0.648 0.42 0.47 0.1 0.25 1.483 0.55 0.54 0.56 1.66 0.33 0.1 0.5 0.485 0.31 0.4 0.53 0.19 0.54 1.43 0.22 0.4 1.35 1.42 0.54 0.59 0.4 1.03 0.47 0.59 0.56 0.42 0.5 0.23 0.46 0.5 0.56 0.58 0.25 0.43 0.53 0.54 0.4 1.483 0.686 0.09 0.26 0.65 0.43 0.49 0.37 0.47 0.43 0.59 0.34 1.345 0.45 0.4 0.45 0.465 0.762 0.3 0.4 0.5 1.44 0.55 0.1 0.45 0.4 0.4 0.41 0.42 0.901 0.43 0.46 0.52 0.47 1.483 0.481 0.48 0.54 0.51 0.59 0.49 0.27 0.34 0.4 0.47 0.39 0.485 0.46 0.4 0.42 1.345 0.648 0.54 0.37 0.46 0.2 0.47 0.58 0.25 0.22 0.45 0.56 0.58 0.3 0.54 0.56 0.637 0.25 0.4 0.38 0.45 0.58 0.38 0.59 0.4 0.4 0.4 0.53 0.56 0.4 0.481 1.46 0.37 0.55 0.53 0.42 0.54 0.4 0.4 0.52 0.47 0.42 0.42 0.68 0.58 1.46 0.4 0.47 1.248 1.483 0.4 1.05 0.58 0.25 0.46 0.3 0.42 0.65 0.1 0.4 0.37 0.46 0.41 0.54 1.248 0.54 0.4 0.476 0.55 0.59 1.345 0.23 0.46 0.32 0.4 1.345 0.53 0.47 0.59 0.4 0.33 0.52 0.4 0.58 0.46 0.38 0.54 0.31 0.47 0.43 0.47 0.53 0.636 0.31 0.5 0.23 0.47 0.4 0.11 0.762 0.36 0.59 0.45 0.4 0.4 1.05 0.4 0.4 0.46 0.53 0.5 0.55 0.36 0.4 1.67 0.637 0.27 0.5 0.42 0.56 0.54 1.46 0.68 0.46 0.33 0.5 0.33 0.45 0.38 0.53 0.41 0.42 0.47 0.43 0.37 0.301 0.3 0.51 0.4 0.46 0.54 0.37 0.55 0.52 0.58 0.485 0.47 0.41 0.59 0.38 1.248 0.635 1.05 0.19 0.5 0.5 0.53 0.27 0.45 0.46 1.483 0.724 0.54 0.901 0.5 0.58 0.4 0.59 0.5 0.4 0.4 1.38 0.54 0.4 0.56 1.46 0.45 0.56 0.4 0.45 0.39 1.345 0.36 0.5 0.476 0.5 0.5 1.43 0.25 0.58 0.46 0.3 0.47 0.377 0.37 0.1 0.37 0.4 0.5 0.68 0.4 0.4 0.65 0.3 0.34 0.4 0.46 0.32 0.68 1.66 0.54 0.485 0.65 0.45 0.23 0.901 0.648 0.56 0.41 0.46 0.43 0.45 0.23 0.23 1.345 0.46 0.37 0.37 0.5 0.4 0.52 0.4 0.59 1.483 0.33 0.65 0.27 0.47 0.6 0.47 0.48 0.42 0.55 0.686 0.45 0.635 0.4 0.54 0.5 0.6 0.11 0.47 0.59 0.762 0.52 0.14 0.54 0.33 0.42 0.37 0.26 0.53 0.54 0.4 0.7 0.4 0.55 0.4 0.56 0.1 0.47 0.377 0.52 0.56 0.4 0.55 0.58 0.6 0.19 0.68 0.56 0.5 0.3 0.3 0.54 0.1 0.43 0.47 0.48 0.2 1.4 0.27 0.56 0.65 0.58 0.49 0.5 0.637 0.5 0.55 0.41 0.71 0.4 0.22 0.4 0.23 0.58 1.67 0.37 0.23 0.4 0.4 0.54 1.345 1.345 0.45 0.54 0.55 0.45 0.09 0.636 0.43 0.36 0.14 0.3 0.36 0.71 0.27 0.56 0.5 0.5 1.483 0.53 0.724 0.55 0.47 0.42 0.465 1.49 0.58 0.4 0.36 0.7 0.58 0.4 0.58 0.4 0.59 0.58 0.25 0.22 0.5 1.345 0.41 0.59 0.42 0.45 0.58 0.37 0.7 0.481 0.2 0.36 1.248 0.32 0.46 0.17 0.48 0.43 0.43 0.51 0.48 0.33 1.483 0.53 0.11 1.483 1.05 1.05 0.5 1.345 0.45 0.636 0.09 0.53 0.41 0.33 0.36 0.22 0.39 0.7 0.41 0.65 0.65 0.762 0.4 0.301 0.25 0.48 0.4 0.22 0.476 0.46 0.42 0.26 0.901 0.47 0.58 0.56 0.48 0.46 0.4 0.46 0.4 0.22 0.45 0.22 0.465 0.52 0.5 0.54 1.345 0.5 0.59 0.4 1.483 0.48 0.377 0.46 0.901 0.37 0.45
Dot Production Prediction of Lab Growth Rates:
1.17349 0.487069 0.345035 0.713643 0.423785 0.341993 0.354344 0.306212 0.538724 0.70855 0.324561 0.312221 0.538999 0.55556 0.485116 0.440306 0.332414 0.398752 0.722686 0.505185 0.457334 0.336107 0.629929 1.32874 0.910087 0.533865 0.723385 0.548861 0.38376 0.30469 0.321497 0.476027 0.604284 0.328295 1.28841 0.343809 0.41216 0.485549 0.540318 0.534706 0.383088 0.646958 0.370249 0.362104 0.855048 0.40831 0.328857 0.331777 0.400256 0.356976 0.359402 0.336864 0.409165 0.423754 0.367526 0.320208 0.921843 0.474037 0.401229 0.348922 1.28796 0.70297 0.356064 0.368406 1.32528 0.352794 1.23642 0.546825 0.368099 0.554554 1.66 0.338271 0.352826 0.655242 0.495719 0.513843 0.400055 0.384525 0.304507 0.308713 1.35962 0.466468 0.402152 1.22221 1.58082 0.36193 0.352957 0.408268 1.39664 0.398037 0.313249 0.477759 0.305931 0.54541 0.529635 0.338595 0.713323 0.543491 0.478981 0.354124 0.335545 0.532513 0.451088 0.397095 1.29144 0.721723 0.421996 0.555126 0.651637 0.379685 0.371851 0.30014 0.397086 0.408041 0.320553 0.323395 1.32594 0.345344 0.377922 0.365285 0.496817 0.765622 0.45213 0.403099 0.342313 1.58367 0.544677 0.449017 0.34069 0.404729 0.404664 0.326129 0.315301 0.902078 0.446338 0.518545 0.381481 0.336636 1.21957 0.483661 0.35496 0.539876 0.363327 0.335633 0.380348 0.591601 0.340111 0.398171 0.348986 0.298418 0.479166 0.467822 0.395458 0.324946 1.32892 0.70932 0.332763 0.422052 0.345525 0.388188 0.403156 0.480984 0.544159 0.435246 1.57126 0.541695 0.468379 0.300981 0.373041 0.545203 0.701178 0.349822 0.398017 0.301121 1.5333 0.322358 0.309612 0.33291 0.403286 0.393885 0.319921 0.525181 0.546669 0.394606 0.484376 1.56814 0.411634 0.560027 0.293596 0.311609 0.529329 0.403686 0.403698 0.382051 0.318283 0.328828 0.376542 0.472566 0.482256 1.02617 0.403573 0.434661 0.861702 1.25999 0.404368 1.05722 0.460527 1.56715 0.362954 0.470575 0.315207 0.653947 1.01494 0.386791 0.416152 0.457759 0.478727 0.448314 0.853918 0.386875 0.404093 0.501176 0.445214 0.350223 1.31131 0.541507 0.466558 0.344567 0.398696 1.30024 0.332247 0.37155 0.54603 0.403943 0.310067 0.361164 0.400935 0.336402 0.445578 0.349143 0.540072 0.529692 0.412757 0.416812 0.351083 0.482073 0.71236 0.520882 0.768112 0.536162 0.364286 0.403291 0.361268 0.768316 0.416668 0.551807 1.52212 0.389186 0.389626 1.05 0.39492 0.402702 0.387135 0.545134 0.547202 0.551924 0.38741 0.403832 1.59248 0.700115 0.338676 0.36292 0.345786 0.553604 0.55045 1.0012 0.468191 0.421557 0.350716 0.745498 0.494078 1.54075 0.367117 0.528148 0.485891 0.609276 0.380386 0.349905 0.531338 0.489335 0.469086 0.393068 0.405331 0.403009 0.450873 0.443021 0.450198 0.342522 0.382265 0.492594 0.38962 0.373308 0.549325 0.314711 0.849719 0.707599 1.55381 0.315153 0.666044 0.712164 0.415977 0.364911 0.35153 0.306723 1.29 0.72109 0.534618 0.755214 0.322297 0.482183 0.4012 0.546536 0.475425 0.40249 0.402132 1.36846 0.308506 0.386812 0.533814 1.00472 0.411733 0.479687 0.394213 0.362546 0.345174 1.25934 0.337967 0.308651 0.503624 0.730251 0.483177 1.33759 0.913322 0.34262 0.452502 0.530705 0.477411 0.491768 0.386912 1.03517 0.426557 0.403852 0.752407 0.464082 0.398428 0.404757 0.645945 0.475183 0.321789 0.403445 0.499465 0.319708 0.466279 1.66 0.328619 0.482518 0.62174 0.299949 0.421766 0.910758 0.70779 0.482671 0.361494 0.419395 0.34813 0.324348 0.421973 0.423586 1.26588 0.537804 0.39287 0.424291 0.416083 0.39269 0.380789 0.385698 0.301025 1.27906 0.323534 0.668669 0.340461 0.325984 0.506736 0.353325 0.300896 0.347579 0.554139 0.728188 0.365252 0.712145 0.402896 0.381844 0.362202 0.505237 0.344101 0.417064 0.337397 0.756502 0.385144 0.140015 0.386103 0.318937 0.354403 0.397872 0.43536 0.36484 0.540731 0.400201 0.719026 0.395772 0.435616 0.401512 0.47076 1.44875 0.471743 0.488768 0.35226 0.471909 0.392456 0.450674 0.483669 0.507753 0.30912 0.468936 0.538484 0.378042 0.300033 0.546388 0.445667 0.458742 0.33224 0.343333 0.281358 0.366679 1.45985 0.363893 0.545801 0.649924 0.294186 0.378304 0.482949 0.697905 0.763103 0.54722 0.388708 0.723294 0.402595 0.477248 0.407124 0.541806 0.360128 1.47329 0.409874 0.537387 0.394004 0.406076 0.54357 1.32118 1.33356 0.379336 0.45619 0.445499 1.63277 0.334907 0.727141 0.345912 0.36076 0.138097 0.382952 0.388505 0.716642 0.281526 0.538863 0.743773 0.524843 1.28478 0.529974 0.722294 0.447223 0.332668 0.346046 0.497464 1.62886 0.368717 0.389847 0.346453 0.718344 0.468038 0.405591 0.350266 0.331036 0.329931 0.485918 0.306472 0.469038 0.32067 1.24405 0.487569 0.546008 0.350596 0.316041 0.370156 0.380958 0.709651 0.489218 0.403274 0.349003 0.852315 0.320862 0.323836 0.291945 0.315483 0.350105 0.407432 0.37641 0.339438 0.328721 1.26154 0.406478 0.32833 1.2424 1.04957 1.04097 0.744497 1.32349 1.58639 0.720569 0.371505 0.536727 0.338395 0.467303 0.334072 0.364191 0.300145 0.724487 0.380449 0.663587 0.636208 0.762 0.396293 0.494034 0.492909 0.334971 0.403244 0.358316 0.504252 0.330219 0.60757 0.395329 0.901 0.394617 0.467661 0.46714 0.340751 0.467521 0.392859 0.300841 0.406285 0.464015 1.62886 0.47825 0.49908 0.370614 0.528586 0.375845 1.28048 0.478468 0.553381 0.400001 1.2718 0.297901 0.492193 0.435568 0.998479 0.418828 0.419725
Testing:
Lab Growth Rates:
0.3 0.3 0.3
Dot Production Prediction of Lab Growth Rates:
0.409828 0.371149 0.328922
Best performance so far: 
Obj: 4.6618e-310Rho: 2.26291e-314Diff: 4.6618e-310
Anneal again with the best G and E so far as input
Cycle 2Round 1
Iter 500000 pBad 0.83116 T 0.000970322 Obj 1.04875 Rho 0 GRdif 27.891 success 105539 failure 10936 obj_new 1.04875 SA_pAcc 0.79454 Delta -0.0730521 SA_r 0.588694 freedomratio 0.25434
Iter 1000000 pBad 0.733813 T 0.00024103 Obj 1.0357 Rho 0 GRdif 20.5549 success 208056 failure 28477 obj_new 1.0357 SA_pAcc 1 Delta 0.0480528 SA_r 0.260722 freedomratio 0.253022
Iter 1500000 pBad 0.661837 T 5.98721e-05 Obj 1.02472 Rho 0 GRdif 14.3126 success 308261 failure 51494 obj_new 1.02472 SA_pAcc 1 Delta 0.0146452 SA_r 0.437447 freedomratio 0.250214
Iter 2000000 pBad 0.533162 T 1.48723e-05 Obj 1.0194 Rho 0 GRdif 11.2591 success 404265 failure 85516 obj_new 1.0194 SA_pAcc 0.837746 Delta -0.0234857 SA_r 0.966182 freedomratio 0.243558
Iter 2500000 pBad 0.339765 T 3.69431e-06 Obj 1.01669 Rho 0 GRdif 9.70041 success 494897 failure 130939 obj_new 1.01669 SA_pAcc 1 Delta -0.0221014 SA_r 0.59953 freedomratio 0.244881
Iter 3000000 pBad 0.239602 T 9.17674e-07 Obj 1.01191 Rho 0 GRdif 6.93645 success 569968 failure 214376 obj_new 1.01191 SA_pAcc 0.434658 Delta -0.00577684 SA_r 0.559562 freedomratio 0.224779
Iter 3500000 pBad 0.137335 T 2.27952e-07 Obj 1.01035 Rho 0 GRdif 6.03645 success 633736 failure 326932 obj_new 1.01035 SA_pAcc 0.347351 Delta 0.00574267 SA_r 0.959609 freedomratio 0.213401
Iter 4000000 pBad 0.0635924 T 5.66236e-08 Obj 1.00951 Rho 0 GRdif 5.5474 success 681064 failure 492709 obj_new 1.00951 SA_pAcc 1 Delta -0.00527914 SA_r 0.456478 freedomratio 0.189276
Iter 4500000 pBad 0.0289941 T 1.40654e-08 Obj 1.00917 Rho 0 GRdif 5.35104 success 710173 failure 728193 obj_new 1.00917 SA_pAcc 0.0193795 Delta 0.00273782 SA_r 0.161511 freedomratio 0.164514
Iter 5000000 pBad 0.0127153 T 3.49387e-09 Obj 1.00907 Rho 0 GRdif 5.28961 success 727625 failure 1016988 obj_new 1.00907 SA_pAcc 6.1349e-14 Delta 0.00113471 SA_r 0.0855403 freedomratio 0.151656
Iter 5500000 pBad 0.00640894 T 8.67882e-10 Obj 1.00903 Rho 0 GRdif 5.28242 success 740429 failure 1345291 obj_new 1.00906 SA_pAcc 0 Delta -0.000614358 SA_r 0.195819 freedomratio 0.141035
Iter 6000000 pBad 0.00348941 T 2.15583e-10 Obj 1.00901 Rho 0 GRdif 5.25671 success 749228 failure 1703811 obj_new 1.00901 SA_pAcc 1 Delta 0.000169008 SA_r 0.629857 freedomratio 0.135837
Iter 6500000 pBad 0.00143787 T 5.35513e-11 Obj 1.009 Rho 0 GRdif 5.25083 success 756765 failure 2080910 obj_new 1.009 SA_pAcc 1 Delta -4.77285e-05 SA_r 0.243489 freedomratio 0.132131
Iter 7000000 pBad 0.00138816 T 1.33022e-11 Obj 1.00899 Rho 0 GRdif 5.24716 success 764462 failure 2471830 obj_new 1.00899 SA_pAcc 1 Delta 0.000117755 SA_r 0.53455 freedomratio 0.129474
Iter 7500000 pBad 0.000453909 T 3.30429e-12 Obj 1.00899 Rho 0 GRdif 5.41246 success 771260 failure 2865379 obj_new 1.00928 SA_pAcc 0 Delta -3.53892e-05 SA_r 0.403592 freedomratio 0.12792
Iter 8000000 pBad 0.000334794 T 8.20792e-13 Obj 1.00899 Rho 0 GRdif 5.24452 success 777346 failure 3265429 obj_new 1.00899 SA_pAcc 0 Delta 5.65885e-06 SA_r 0.710864 freedomratio 0.126484
Iter 8500000 pBad 4.23653e-150 T 2.03886e-13 Obj 1.00899 Rho 0 GRdif 5.24532 success 779315 failure 3621656 obj_new 1.00899 SA_pAcc 0 Delta 2.95608e-151 SA_r 0.0891912 freedomratio 0.124363
Iter 9000000 pBad 8.68384e-114 T 5.06457e-14 Obj 1.00899 Rho 0 GRdif 5.27857 success 779315 failure 3970539 obj_new 1.00905 SA_pAcc 0 Delta 7.08008e-115 SA_r 0.916433 freedomratio 0.0995921
Iter 9500000 pBad 0 T 1.25805e-14 Obj 1.00899 Rho 0 GRdif 5.24435 success 779315 failure 4332881 obj_new 1.00899 SA_pAcc 0 Delta -0 SA_r 0.233543 freedomratio 0.0633582
Good enough
iter 8.19365e+06 obj1.00899 rho 0 GRdif 5.24434
Training:
Lab Growth Rates:
0.1 0.301 0.53 0.71 0.37 0.5 0.47 0.17 0.6 0.635 0.36 0.39 0.53 0.56 0.5 0.47 0.5 0.4 0.724 0.3 0.54 0.42 0.42 1.345 0.901 0.56 0.686 0.59 0.54 0.3 0.5 0.5 0.617 0.5 1.483 0.39 0.37 0.58 0.5 0.23 0.43 0.65 0.52 0.52 1.248 0.4 0.52 0.42 0.4 0.54 0.54 0.48 0.17 0.33 0.54 0.39 0.1 0.58 0.4 0.52 1.483 0.648 0.42 0.47 0.1 0.25 1.483 0.55 0.54 0.56 1.66 0.33 0.1 0.5 0.485 0.31 0.4 0.53 0.19 0.54 1.43 0.22 0.4 1.35 1.42 0.54 0.59 0.4 1.03 0.47 0.59 0.56 0.42 0.5 0.23 0.46 0.5 0.56 0.58 0.25 0.43 0.53 0.54 0.4 1.483 0.686 0.09 0.26 0.65 0.43 0.49 0.37 0.47 0.43 0.59 0.34 1.345 0.45 0.4 0.45 0.465 0.762 0.3 0.4 0.5 1.44 0.55 0.1 0.45 0.4 0.4 0.41 0.42 0.901 0.43 0.46 0.52 0.47 1.483 0.481 0.48 0.54 0.51 0.59 0.49 0.27 0.34 0.4 0.47 0.39 0.485 0.46 0.4 0.42 1.345 0.648 0.54 0.37 0.46 0.2 0.47 0.58 0.25 0.22 0.45 0.56 0.58 0.3 0.54 0.56 0.637 0.25 0.4 0.38 0.45 0.58 0.38 0.59 0.4 0.4 0.4 0.53 0.56 0.4 0.481 1.46 0.37 0.55 0.53 0.42 0.54 0.4 0.4 0.52 0.47 0.42 0.42 0.68 0.58 1.46 0.4 0.47 1.248 1.483 0.4 1.05 0.58 0.25 0.46 0.3 0.42 0.65 0.1 0.4 0.37 0.46 0.41 0.54 1.248 0.54 0.4 0.476 0.55 0.59 1.345 0.23 0.46 0.32 0.4 1.345 0.53 0.47 0.59 0.4 0.33 0.52 0.4 0.58 0.46 0.38 0.54 0.31 0.47 0.43 0.47 0.53 0.636 0.31 0.5 0.23 0.47 0.4 0.11 0.762 0.36 0.59 0.45 0.4 0.4 1.05 0.4 0.4 0.46 0.53 0.5 0.55 0.36 0.4 1.67 0.637 0.27 0.5 0.42 0.56 0.54 1.46 0.68 0.46 0.33 0.5 0.33 0.45 0.38 0.53 0.41 0.42 0.47 0.43 0.37 0.301 0.3 0.51 0.4 0.46 0.54 0.37 0.55 0.52 0.58 0.485 0.47 0.41 0.59 0.38 1.248 0.635 1.05 0.19 0.5 0.5 0.53 0.27 0.45 0.46 1.483 0.724 0.54 0.901 0.5 0.58 0.4 0.59 0.5 0.4 0.4 1.38 0.54 0.4 0.56 1.46 0.45 0.56 0.4 0.45 0.39 1.345 0.36 0.5 0.476 0.5 0.5 1.43 0.25 0.58 0.46 0.3 0.47 0.377 0.37 0.1 0.37 0.4 0.5 0.68 0.4 0.4 0.65 0.3 0.34 0.4 0.46 0.32 0.68 1.66 0.54 0.485 0.65 0.45 0.23 0.901 0.648 0.56 0.41 0.46 0.43 0.45 0.23 0.23 1.345 0.46 0.37 0.37 0.5 0.4 0.52 0.4 0.59 1.483 0.33 0.65 0.27 0.47 0.6 0.47 0.48 0.42 0.55 0.686 0.45 0.635 0.4 0.54 0.5 0.6 0.11 0.47 0.59 0.762 0.52 0.14 0.54 0.33 0.42 0.37 0.26 0.53 0.54 0.4 0.7 0.4 0.55 0.4 0.56 0.1 0.47 0.377 0.52 0.56 0.4 0.55 0.58 0.6 0.19 0.68 0.56 0.5 0.3 0.3 0.54 0.1 0.43 0.47 0.48 0.2 1.4 0.27 0.56 0.65 0.58 0.49 0.5 0.637 0.5 0.55 0.41 0.71 0.4 0.22 0.4 0.23 0.58 1.67 0.37 0.23 0.4 0.4 0.54 1.345 1.345 0.45 0.54 0.55 0.45 0.09 0.636 0.43 0.36 0.14 0.3 0.36 0.71 0.27 0.56 0.5 0.5 1.483 0.53 0.724 0.55 0.47 0.42 0.465 1.49 0.58 0.4 0.36 0.7 0.58 0.4 0.58 0.4 0.59 0.58 0.25 0.22 0.5 1.345 0.41 0.59 0.42 0.45 0.58 0.37 0.7 0.481 0.2 0.36 1.248 0.32 0.46 0.17 0.48 0.43 0.43 0.51 0.48 0.33 1.483 0.53 0.11 1.483 1.05 1.05 0.5 1.345 0.45 0.636 0.09 0.53 0.41 0.33 0.36 0.22 0.39 0.7 0.41 0.65 0.65 0.762 0.4 0.301 0.25 0.48 0.4 0.22 0.476 0.46 0.42 0.26 0.901 0.47 0.58 0.56 0.48 0.46 0.4 0.46 0.4 0.22 0.45 0.22 0.465 0.52 0.5 0.54 1.345 0.5 0.59 0.4 1.483 0.48 0.377 0.46 0.901 0.37 0.45
Dot Production Prediction of Lab Growth Rates:
1.77749 0.614337 0.3453 0.700864 0.415039 0.357262 0.359756 0.297174 0.654849 0.702677 0.328398 0.306955 0.54054 0.553298 0.472275 0.43771 0.353038 0.306433 0.710002 0.625973 0.464656 0.347656 0.592218 1.34861 0.909264 0.529026 0.711678 0.543724 0.366625 0.20894 0.316817 0.466254 0.643847 0.316821 1.32152 0.346014 0.40613 0.472264 0.554348 0.544608 0.416242 0.649942 0.346422 0.370627 0.846586 0.314055 0.355189 0.319916 0.307549 0.377025 0.349414 0.348022 0.419791 0.449602 0.385269 0.323749 0.997709 0.452084 0.308316 0.347131 1.29085 0.696304 0.366619 0.384067 1.85414 0.356099 1.29114 0.54582 0.375848 0.553686 1.44027 0.348634 0.361669 0.720106 0.610837 0.56262 0.307143 0.403322 0.315832 0.265297 1.19397 0.467055 0.309854 1.11886 1.44567 0.382054 0.323267 0.324151 1.20996 0.41571 0.320824 0.463997 0.310363 0.543459 0.546169 0.353248 0.765502 0.546174 0.463947 0.356964 0.350249 0.519099 0.457502 0.304424 1.33681 0.708404 0.446058 0.570054 0.654378 0.381646 0.393112 0.27795 0.41707 0.428183 0.319743 0.28713 1.34496 0.354385 0.364617 0.383305 0.606377 0.773713 0.562462 0.308571 0.355593 1.43574 0.547864 0.454311 0.351738 0.310368 0.31914 0.311251 0.293666 0.901 0.43895 0.518916 0.378879 0.337791 1.30279 0.599086 0.345578 0.555013 0.382132 0.337992 0.41284 0.583993 0.323596 0.320417 0.350063 0.300712 0.593293 0.457264 0.313737 0.331766 1.37798 0.702301 0.331206 0.419737 0.344388 0.37484 0.388089 0.465564 0.560356 0.444147 1.34183 0.547318 0.455516 0.206877 0.374122 0.552872 0.699103 0.367442 0.320933 0.284755 1.36695 0.312308 0.289124 0.313311 0.310042 0.30825 0.31089 0.52952 0.550378 0.303394 0.598003 1.40928 0.404413 0.561659 0.265261 0.300908 0.539998 0.309185 0.310406 0.381582 0.31628 0.342273 0.399984 0.342704 0.463657 1.03552 0.323759 0.422066 0.853483 1.28525 0.310266 1.05399 0.438896 1.39581 0.382438 0.588325 0.32692 0.657839 1.5412 0.29609 0.410625 0.447511 0.603229 0.456894 0.849549 0.391173 0.308094 0.611514 0.465248 0.367631 1.32254 0.545594 0.45567 0.334894 0.315505 1.30447 0.338536 0.365446 0.544218 0.309401 0.292313 0.392132 0.323097 0.347494 0.439899 0.381148 0.531096 0.587363 0.396981 0.415309 0.383147 0.471295 0.703942 0.565579 0.848679 0.542403 0.385313 0.325018 0.381748 0.782655 0.41919 0.552507 1.35882 0.296791 0.301454 1.05331 0.313759 0.308348 0.390968 0.542831 0.555804 0.553762 0.387973 0.309696 1.41795 0.697792 0.353936 0.366118 0.343051 0.547793 0.553736 1.0437 0.340833 0.445681 0.359323 0.816784 0.518239 1.3771 0.381131 0.531895 0.605761 0.575047 0.387253 0.367388 0.541973 0.610216 0.583778 0.422966 0.310344 0.434669 0.453064 0.436417 0.465844 0.348127 0.391139 0.608707 0.393666 0.352449 0.546814 0.309977 0.847289 0.700663 1.34897 0.306942 0.706053 0.742282 0.438585 0.370914 0.359768 0.292303 1.35096 0.703996 0.53806 0.810452 0.314821 0.464206 0.32173 0.542929 0.458782 0.307917 0.307729 1.22706 0.323189 0.294316 0.531884 1.04598 0.422719 0.458284 0.310949 0.384186 0.334792 1.29935 0.339964 0.320804 0.613313 0.76421 0.467464 1.17988 0.972314 0.342844 0.450376 0.659503 0.444494 0.605714 0.389353 1.53688 0.423159 0.310441 0.819892 0.337939 0.321318 0.322526 0.649981 0.6107 0.317705 0.310569 0.504526 0.320001 0.338648 1.45315 0.33256 0.598798 0.622753 0.311114 0.427517 0.9052 0.701172 0.467314 0.370465 0.415702 0.345999 0.326274 0.427975 0.428596 1.30629 0.535619 0.415591 0.421633 0.443409 0.315571 0.399606 0.294589 0.303504 1.3296 0.31624 0.668462 0.360957 0.329577 0.642747 0.370641 0.290023 0.362698 0.558186 0.714261 0.363529 0.704775 0.308788 0.366607 0.357538 0.622141 0.357649 0.414873 0.356877 0.761996 0.378847 0.392585 0.407253 0.310006 0.364524 0.412836 0.442162 0.367225 0.538096 0.306169 0.835915 0.304643 0.447623 0.309307 0.457157 1.37101 0.461288 0.60772 0.354862 0.456934 0.301249 0.466036 0.470725 0.631132 0.287417 0.342258 0.544233 0.405017 0.206285 0.648241 0.45369 0.469556 0.344108 0.351456 0.276854 0.351261 1.4 0.381153 0.548694 0.638363 0.28008 0.39579 0.471401 0.693315 0.847893 0.554331 0.40573 0.713732 0.30976 0.471979 0.311499 0.549569 0.370331 1.35683 0.400439 0.551267 0.302696 0.311604 0.535419 1.3197 1.36192 0.399769 0.461979 0.466042 1.43492 0.344731 0.712749 0.370216 0.35831 0.391871 0.50846 0.412246 0.704785 0.270532 0.546584 0.784516 0.528794 1.29596 0.52925 0.708734 0.458941 0.337453 0.369583 0.609799 1.43534 0.386645 0.297789 0.333708 0.851452 0.45615 0.310592 0.358681 0.321239 0.301894 0.468098 0.296904 0.462533 0.333296 1.32024 0.606855 0.553778 0.360698 0.339312 0.383323 0.404497 0.840875 0.602664 0.362507 0.361072 0.843709 0.302417 0.334328 0.322643 0.27681 0.371122 0.405627 0.402129 0.308596 0.323683 1.28449 0.43008 0.335072 1.30794 1.05866 1.02236 0.828282 1.34871 1.4022 0.707165 0.392148 0.530272 0.346202 0.481474 0.336282 0.373502 0.307127 0.852745 0.387396 0.665021 0.639463 0.767489 0.304622 0.612635 0.497975 0.322846 0.31054 0.355932 0.615542 0.33332 0.564364 0.397263 0.900882 0.411533 0.454308 0.451967 0.350567 0.456222 0.308371 0.287806 0.310219 0.463671 1.43534 0.471411 0.611694 0.394716 0.528944 0.352114 1.35141 0.4594 0.557475 0.320604 1.28009 0.304031 0.607824 0.427068 0.908599 0.410287 0.409027
Testing:
Lab Growth Rates:
0.3 0.3 0.3
Dot Production Prediction of Lab Growth Rates:
0.405093 0.381616 0.328864
Best performance so far: 
Obj: 4.6618e-310Rho: 6.5069e-314Diff: 4.6618e-310
Test:
 Lab Growth Rates:
0.3 0.3 0.3Dot Product Prediction of Growth Rate:
0.4050932 0.381616 0.328864