seed =  5 traits =  1 
Training: part  59 
Training: part  59 
Round  1 
 Goal of obj  0.99 
Temperature range:  0.0078125 2e-13 
Cycle 1Round 1
Iter 500000 pBad 0.875456 T 0.00230783 Obj 1.10097 Rho 0 GRdif 56.3679 success 147789 failure 7454 obj_new 1.10097 SA_pAcc 1.11748 Delta 0.0446497 SA_r 0.157525 freedomratio 0.380026
Iter 1000000 pBad 0.836518 T 0.000681734 Obj 1.0613 Rho 0 GRdif 34.8651 success 292710 failure 20282 obj_new 1.0613 SA_pAcc 1.14472 Delta -0.0481005 SA_r 0.444445 freedomratio 0.360837
Iter 1500000 pBad 0.772447 T 0.000201385 Obj 1.03617 Rho 0 GRdif 20.8191 success 434965 failure 39948 obj_new 1.03617 SA_pAcc 1 Delta -0.0632597 SA_r 0.218899 freedomratio 0.365337
Iter 2000000 pBad 0.690288 T 5.94893e-05 Obj 1.02388 Rho 0 GRdif 13.8295 success 573282 failure 69235 obj_new 1.02388 SA_pAcc 1 Delta 0.00193927 SA_r 0.20714 freedomratio 0.365337
Iter 2500000 pBad 0.638481 T 1.75732e-05 Obj 1.01725 Rho 0 GRdif 10.0237 success 709387 failure 103126 obj_new 1.01725 SA_pAcc 0.893078 Delta -0.0477153 SA_r 0.102339 freedomratio 0.35973
Iter 3000000 pBad 0.488965 T 5.19114e-06 Obj 1.01378 Rho 0 GRdif 8.01958 success 841139 failure 143768 obj_new 1.01378 SA_pAcc 0.833887 Delta 0.015306 SA_r 0.029872 freedomratio 0.355798
Iter 3500000 pBad 0.334872 T 1.53347e-06 Obj 1.0103 Rho 0 GRdif 6.00627 success 958944 failure 211911 obj_new 1.0103 SA_pAcc 1.14275 Delta 0.0212335 SA_r 0.368727 freedomratio 0.343292
Iter 4000000 pBad 0.144017 T 4.52988e-07 Obj 1.00922 Rho 0 GRdif 5.37606 success 1047823 failure 338188 obj_new 1.00922 SA_pAcc 0.358038 Delta -2.85183e-07 SA_r 0.223114 freedomratio 0.311702
Iter 4500000 pBad 0.0652613 T 1.33813e-07 Obj 1.00892 Rho 0 GRdif 5.20644 success 1102880 failure 540509 obj_new 1.00892 SA_pAcc 1 Delta 0.00220214 SA_r 0.716162 freedomratio 0.273448
Iter 5000000 pBad 0.0371776 T 3.95286e-08 Obj 1.00881 Rho 0 GRdif 5.13885 success 1136137 failure 803585 obj_new 1.00881 SA_pAcc 1 Delta -0.00338215 SA_r 0.609927 freedomratio 0.236195
Iter 5500000 pBad 0.0229937 T 1.16768e-08 Obj 1.00877 Rho 0 GRdif 5.11673 success 1154933 failure 1114672 obj_new 1.00877 SA_pAcc 6.1245e-08 Delta -0.00176154 SA_r 0.460779 freedomratio 0.215838
Iter 6000000 pBad 0.0117153 T 3.44933e-09 Obj 1.00876 Rho 0 GRdif 5.10956 success 1165360 failure 1453841 obj_new 1.00876 SA_pAcc 1 Delta 1.9493e-05 SA_r 0.798897 freedomratio 0.213246
Iter 6500000 pBad 0.00307005 T 1.01894e-09 Obj 1.00875 Rho 0 GRdif 5.10651 success 1171185 failure 1807928 obj_new 1.00875 SA_pAcc 6.22921e-133 Delta -1.58227e-05 SA_r 0.0742858 freedomratio 0.205326
Iter 7000000 pBad 0.00143254 T 3.00995e-10 Obj 1.00875 Rho 0 GRdif 5.10499 success 1174739 failure 2170408 obj_new 1.00875 SA_pAcc 0 Delta 7.28155e-05 SA_r 0.0550073 freedomratio 0.203684
Iter 7500000 pBad 0.00160193 T 8.89142e-11 Obj 1.00875 Rho 0 GRdif 5.18751 success 1176655 failure 2537566 obj_new 1.00889 SA_pAcc 0 Delta -4.98665e-06 SA_r 0.836195 freedomratio 0.202488
Iter 8000000 pBad 0.00139872 T 2.62653e-11 Obj 1.00875 Rho 0 GRdif 5.10301 success 1178198 failure 2907795 obj_new 1.00875 SA_pAcc 0 Delta 0.000112228 SA_r 0.88033 freedomratio 0.201444
Iter 8500000 pBad 0.000605939 T 7.75881e-12 Obj 1.00874 Rho 0 GRdif 5.10322 success 1179665 failure 3279472 obj_new 1.00875 SA_pAcc 0 Delta -2.42162e-05 SA_r 0.0923897 freedomratio 0.200137
Iter 9000000 pBad 0.000606428 T 2.29196e-12 Obj 1.00874 Rho 0 GRdif 5.1015 success 1183702 failure 3641317 obj_new 1.00874 SA_pAcc 1 Delta 5.31109e-05 SA_r 0.883795 freedomratio 0.199795
Iter 9500000 pBad 6.62696e-05 T 6.77047e-13 Obj 1.00874 Rho 0 GRdif 5.11421 success 1185342 failure 4008402 obj_new 1.00877 SA_pAcc 0 Delta -1.10433e-06 SA_r 0.338091 freedomratio 0.199455
Iter 10000000 pBad 2.60775e-13 T 2e-13 Obj 1.00874 Rho 0 GRdif 5.10091 success 1189847 failure 4327823 obj_new 1.00874 SA_pAcc 1 Delta -1.27217e-14 SA_r 0.442504 freedomratio 0.183011
Cannot move further
iter 9.98541e+06 obj1.00874 rho 0 GRdif 5.10091
Training:
Lab Growth Rates:
1.66 0.301 0.58 0.71 0.37 0.47 0.19 0.22 0.6 0.635 0.47 0.53 0.53 0.56 0.5 0.5 0.37 0.4 0.724 0.6 0.54 0.42 0.2 1.345 0.901 0.56 0.686 0.59 0.54 0.3 0.33 0.5 0.7 0.47 1.483 0.53 0.23 0.58 0.5 0.23 0.36 0.65 0.46 0.52 1.248 0.4 0.49 0.39 0.4 0.42 0.52 0.36 0.22 0.46 0.42 0.47 1.05 0.58 0.4 0.32 1.483 0.648 0.54 0.52 0.1 0.25 1.483 0.55 0.52 0.56 1.4 0.5 0.1 0.5 0.485 0.17 0.4 0.46 0.51 0.52 1.05 0.22 0.4 0.25 1.42 0.42 0.48 0.4 0.1 0.47 0.59 0.56 0.53 0.5 0.23 0.26 0.4 0.56 0.5 0.25 0.46 0.48 0.54 0.4 1.483 0.686 0.11 0.31 0.65 0.42 0.45 0.42 0.47 0.36 0.48 0.47 1.345 0.54 0.4 0.27 0.465 0.762 0.3 0.4 0.37 1.44 0.55 0.1 0.54 0.4 0.4 0.45 0.39 0.901 0.43 0.3 0.52 0.48 1.483 0.481 0.42 0.54 0.59 0.59 0.45 0.43 0.47 0.4 0.48 0.47 0.485 0.46 0.4 0.54 1.345 0.648 0.52 0.37 0.26 0.38 0.47 0.5 0.25 0.43 0.45 0.56 0.46 0.3 0.52 0.56 0.637 0.25 0.4 0.42 0.45 0.39 0.42 0.59 0.4 0.53 0.4 0.53 0.56 0.4 0.481 1.05 0.23 0.55 0.48 0.39 0.54 0.4 0.4 0.32 0.47 0.42 0.54 0.68 0.5 0.3 0.4 0.41 1.248 1.483 0.4 1.46 0.58 0.25 0.41 0.3 0.53 1.43 1.67 0.4 0.37 0.58 0.41 0.54 1.248 0.42 0.4 0.476 0.55 0.59 1.345 0.23 0.65 0.34 0.4 1.345 0.46 0.47 0.59 0.4 0.5 0.49 0.4 0.54 0.58 0.38 0.54 0.17 0.5 0.43 0.47 0.48 0.636 0.17 0.5 0.23 0.5 0.4 0.36 0.762 0.33 0.59 0.45 0.4 0.4 1.46 0.4 0.4 0.46 0.53 0.5 0.55 0.58 0.4 1.67 0.637 0.27 0.37 0.33 0.56 0.54 1.38 0.68 0.26 0.5 0.5 0.46 0.45 0.38 0.53 0.41 0.2 0.52 0.46 0.37 0.301 0.6 0.59 0.4 0.41 0.54 0.09 0.55 0.46 0.54 0.485 0.19 0.43 0.59 0.38 1.248 0.635 0.1 0.51 0.4 0.4 0.46 0.43 0.45 0.47 1.483 0.724 0.54 0.901 0.47 0.58 0.4 0.59 0.22 0.4 0.4 0.1 0.42 0.4 0.56 1.03 0.27 0.56 0.53 0.54 0.47 1.345 0.33 0.47 0.476 0.5 0.22 0.1 1.05 0.58 0.58 0.3 0.5 0.377 0.09 1.66 0.37 0.4 0.5 0.68 0.4 0.4 1.35 0.3 0.47 0.4 0.3 0.34 0.68 0.37 0.42 0.485 0.65 0.45 0.7 0.901 0.648 0.56 0.45 0.46 0.42 0.45 0.7 0.617 1.345 0.3 0.37 0.37 0.47 0.4 0.52 0.4 0.59 1.483 0.5 0.65 0.43 0.19 0.5 0.52 0.54 0.33 0.55 0.686 0.45 0.635 0.4 0.54 0.33 0.5 0.36 0.41 0.59 0.762 0.32 0.14 0.52 0.5 0.42 0.09 0.31 0.58 0.54 0.4 1.46 0.4 0.55 0.4 0.58 0.1 0.5 0.377 0.46 0.58 0.4 0.55 0.58 0.5 0.51 0.68 0.56 0.47 0.3 0.3 0.54 0.1 0.46 0.41 0.54 0.37 0.37 0.27 0.56 0.65 0.58 0.45 0.5 0.637 0.5 0.55 0.45 0.71 0.4 0.46 0.4 0.23 0.58 0.37 0.23 0.23 0.4 0.4 0.54 1.345 1.345 0.27 0.54 0.55 0.45 0.11 0.636 0.36 0.58 0.14 0.6 0.33 0.71 0.27 0.56 0.5 0.5 1.483 0.53 0.724 0.55 0.48 0.53 0.465 1.49 0.39 0.4 0.47 0.3 0.46 0.4 0.39 0.4 0.48 0.58 0.25 0.65 0.33 1.345 0.41 0.59 0.33 0.45 0.54 0.37 0.7 0.481 0.38 0.47 1.248 0.34 0.41 0.22 0.54 0.42 0.43 0.59 0.42 0.5 1.483 0.58 0.36 1.483 1.46 1.05 0.5 1.345 0.45 0.636 0.11 0.53 0.43 0.46 0.58 0.43 0.53 0.3 0.43 0.65 1.43 0.762 0.4 0.301 0.25 0.42 0.4 0.43 0.476 0.47 0.2 0.31 0.901 0.5 0.46 0.58 0.36 0.65 0.53 0.47 0.4 0.46 0.45 0.22 0.465 0.49 0.5 0.54 1.345 0.22 0.59 0.4 1.483 0.36 0.377 0.46 0.901 0.37 0.45
Dot Production Prediction of Lab Growth Rates:
1.66 0.50909 0.348006 0.718591 0.419761 0.426767 0.340453 0.435421 0.549251 0.715935 0.404074 0.484975 0.530005 0.544146 0.448656 0.367167 0.402819 0.398587 0.723694 0.576871 0.436256 0.348587 0.420375 0.986758 0.906396 0.532664 0.730413 0.548462 0.412122 0.538924 0.347176 0.458111 0.69528 0.410072 0.96641 0.528008 0.441758 0.452034 0.527719 0.531114 0.373211 0.67808 0.301927 0.372331 0.834075 0.40763 0.365986 0.330214 0.40838 0.573098 0.385309 0.360264 0.384163 0.358147 0.366708 0.366254 1.05018 0.464747 0.397413 0.337549 0.946235 0.714041 0.338476 0.352199 1.11245 0.379729 0.913313 0.552612 0.388824 0.543843 1.51245 0.343841 0.36907 0.513674 0.50638 0.345118 0.406537 0.542698 0.390916 0.342227 1.01364 0.454324 0.406755 0.715439 1.55122 0.574723 0.332593 0.406544 1.22246 0.398556 0.344301 0.452048 0.353154 0.550109 0.521509 0.545113 0.403329 0.537499 0.449883 0.375412 0.373452 0.317404 0.42652 0.393013 0.941264 0.725068 0.330451 0.540523 0.669528 0.387217 0.360838 0.349066 0.390899 0.359666 0.337417 0.479356 0.977905 0.344311 0.401063 0.578279 0.512417 0.765739 0.44834 0.402951 0.456808 1.5769 0.556521 0.458 0.374373 0.395499 0.4075 0.377531 0.373542 0.903859 0.451692 0.439935 0.394088 0.33675 0.905105 0.505786 0.346726 0.535888 0.313655 0.327018 0.323943 0.38863 0.492223 0.405545 0.362528 0.363074 0.498066 0.453276 0.406834 0.401091 0.963598 0.718546 0.370591 0.425661 0.350984 0.320107 0.428136 0.45851 0.529653 0.387782 1.51496 0.537175 0.456207 0.59157 0.355402 0.540042 0.707703 0.360892 0.405802 0.334929 1.50548 0.325682 0.386616 0.326182 0.400063 0.346368 0.34047 0.528095 0.550832 0.394215 0.505828 1.6437 0.443523 0.545561 0.325817 0.328364 0.528247 0.402297 0.40517 0.322242 0.338189 0.349114 0.381871 0.468037 0.453114 0.223194 0.404472 0.390376 0.843444 0.916571 0.398313 1.58366 0.453734 1.54913 0.367802 0.52775 0.402024 1.42328 1.50739 0.401307 0.415857 0.454284 0.5022 0.421253 0.832907 0.370269 0.399995 0.51464 0.430273 0.389215 0.979463 0.539181 0.64992 0.315496 0.406454 0.960823 0.526289 0.397406 0.551367 0.401829 0.32982 0.369161 0.398412 0.39686 0.446186 0.370611 0.547078 0.336144 0.37361 0.434299 0.352482 0.319846 0.698382 0.428741 0.540805 0.545637 0.32697 0.408532 0.34193 0.765135 0.365518 0.544932 1.51241 0.395755 0.399673 1.00971 0.405472 0.405828 0.419316 0.542813 0.542276 0.551518 0.37543 0.406525 1.52431 0.70593 0.349293 0.422645 0.442212 0.54476 0.550341 1.34185 0.466196 0.467768 0.387484 0.636904 0.435544 1.51524 0.363836 0.526573 0.50853 0.428144 0.384463 0.446784 0.54183 0.51223 0.557198 0.329704 0.406751 0.371924 0.438128 0.336377 0.42502 0.336947 0.33707 0.507889 0.330067 0.349402 0.556629 0.326694 0.831657 0.715221 1.10772 0.420246 0.397823 0.404376 0.508932 0.412791 0.371169 0.345838 0.956795 0.718974 0.53582 0.778902 0.376613 0.452362 0.405311 0.55125 0.453404 0.395673 0.406495 1.36181 0.363956 0.393191 0.537798 1.40975 0.400173 0.450378 0.390419 0.349915 0.371968 0.903811 0.372304 0.357156 0.514915 0.548068 0.45936 0.741239 1.04994 0.364987 0.462583 0.567784 0.342469 0.51954 0.449352 1.66 0.427888 0.398621 0.629044 0.463679 0.408152 0.407727 1.3043 0.534296 0.47144 0.400312 0.351934 0.314712 0.464058 0.431887 0.554336 0.50091 0.649956 0.333142 0.706314 0.907895 0.71707 0.450757 0.415722 0.436686 0.352739 0.341813 0.705943 0.463624 0.925609 0.393815 0.382476 0.423864 0.349271 0.403774 0.395851 0.392419 0.307871 0.949713 0.342387 0.659702 0.373169 0.330646 0.639608 0.402042 0.405415 0.481138 0.547067 0.73097 0.402097 0.718446 0.395844 0.415047 0.324496 0.609429 0.322076 0.372366 0.37176 0.758254 0.309451 0.140032 0.373485 0.402978 0.364678 0.380041 0.534125 0.374154 0.549102 0.40092 0.993412 0.405503 0.418546 0.399828 0.452466 1.42396 0.356414 0.515798 0.314616 0.458578 0.40365 0.427745 0.463531 0.616498 0.412796 0.466689 0.525564 0.440383 0.574633 0.523943 0.434221 0.466264 0.373223 0.334343 0.39261 0.314304 0.434305 0.381634 0.543684 0.648114 0.315297 0.321086 0.45174 0.706149 0.552482 0.549504 0.398762 0.723331 0.404818 0.460002 0.39284 0.54945 0.36635 0.433339 0.442563 0.529583 0.404215 0.406106 0.547183 0.983766 0.995049 0.366803 0.427269 0.431413 1.5619 0.374921 0.720892 0.351454 0.395608 0.139345 0.553 0.326488 0.720406 0.295528 0.528426 0.606116 0.532896 0.956035 0.530462 0.722062 0.424246 0.339523 0.436469 0.512784 1.57668 0.309331 0.407468 0.424818 0.226196 0.453672 0.403103 0.33075 0.353558 0.315684 0.462606 0.310764 0.629158 0.380332 0.916374 0.50865 0.547018 0.517049 0.354801 0.307662 0.384788 0.699932 0.505895 0.338585 0.417515 0.834068 0.339006 0.343074 0.359205 0.351226 0.338649 0.422182 0.325164 0.313347 0.324168 0.940314 0.33179 0.330541 0.923743 1.00859 1.05 0.542265 0.981592 1.52486 0.72053 0.378341 0.537088 0.365925 0.406649 0.320085 0.443328 0.302455 0.229009 0.371252 0.635627 1.43403 0.762419 0.409726 0.516352 0.49916 0.325164 0.407539 0.419883 0.51217 0.377417 0.369059 0.533336 0.900364 0.312727 0.454055 0.446098 0.413022 0.651642 0.348444 0.347132 0.401821 0.46196 1.57668 0.463146 0.513411 0.39098 0.536031 0.405191 0.931587 0.452832 0.540975 0.396177 0.948553 0.427676 0.52007 0.438659 0.948776 0.420138 0.416739
Testing:
Lab Growth Rates:
0.56 0.56 0.56
Dot Production Prediction of Lab Growth Rates:
0.457816 0.456881 0.451732
Best performance so far: 
Obj: 4.66511e-310Rho: 2.26291e-314Diff: 4.66511e-310
Anneal again with the best G and E so far as input
Cycle 2Round 1
Iter 500000 pBad 0.863306 T 0.00230783 Obj 1.08827 Rho 0 GRdif 49.5687 success 111038 failure 8002 obj_new 1.08827 SA_pAcc 0.854785 Delta 0.0561887 SA_r 0.714957 freedomratio 0.268315
Iter 1000000 pBad 0.769904 T 0.000681734 Obj 1.05815 Rho 0 GRdif 33.1195 success 218981 failure 22806 obj_new 1.05815 SA_pAcc 1 Delta -0.00696611 SA_r 0.124341 freedomratio 0.26456
Iter 1500000 pBad 0.691492 T 0.000201385 Obj 1.03035 Rho 0 GRdif 17.5225 success 324347 failure 45414 obj_new 1.03035 SA_pAcc 1 Delta -0.0473367 SA_r 0.71727 freedomratio 0.26149
Iter 2000000 pBad 0.647695 T 5.94893e-05 Obj 1.02723 Rho 0 GRdif 15.741 success 427065 failure 74115 obj_new 1.02723 SA_pAcc 1 Delta 0.0480044 SA_r 0.595574 freedomratio 0.259752
Iter 2500000 pBad 0.532732 T 1.75732e-05 Obj 1.02075 Rho 0 GRdif 12.0377 success 527309 failure 109263 obj_new 1.02075 SA_pAcc 1 Delta -0.0483601 SA_r 0.198276 freedomratio 0.256455
Iter 3000000 pBad 0.382988 T 5.19114e-06 Obj 1.01729 Rho 0 GRdif 10.0475 success 624538 failure 150849 obj_new 1.01729 SA_pAcc 0.360239 Delta -0.0194997 SA_r 0.528278 freedomratio 0.255449
Iter 3500000 pBad 0.260475 T 1.53347e-06 Obj 1.01358 Rho 0 GRdif 7.90586 success 709335 failure 217811 obj_new 1.01358 SA_pAcc 1 Delta -0.0162967 SA_r 0.944123 freedomratio 0.240361
Iter 4000000 pBad 0.197116 T 4.52988e-07 Obj 1.01031 Rho 0 GRdif 6.01343 success 782730 failure 316973 obj_new 1.01031 SA_pAcc 6.58798 Delta -0.0182965 SA_r 0.589765 freedomratio 0.234964
Iter 4500000 pBad 0.0815513 T 1.33813e-07 Obj 1.00934 Rho 0 GRdif 5.44676 success 838539 failure 458229 obj_new 1.00934 SA_pAcc 1.41773 Delta 0.00139517 SA_r 0.662929 freedomratio 0.207875
Iter 5000000 pBad 0.0550025 T 3.95286e-08 Obj 1.00888 Rho 0 GRdif 5.17984 success 875673 failure 659059 obj_new 1.00888 SA_pAcc 1 Delta -0.00499428 SA_r 0.824513 freedomratio 0.192447
Iter 5500000 pBad 0.0263109 T 1.16768e-08 Obj 1.00864 Rho 0 GRdif 5.04105 success 902452 failure 909477 obj_new 1.00864 SA_pAcc 1 Delta 0.00147559 SA_r 0.398704 freedomratio 0.16762
Iter 6000000 pBad 0.0150274 T 3.44933e-09 Obj 1.0085 Rho 0 GRdif 4.96383 success 921473 failure 1206486 obj_new 1.00851 SA_pAcc 2.02246e-221 Delta -0.000174122 SA_r 0.970277 freedomratio 0.154944
Iter 6500000 pBad 0.0109941 T 1.01894e-09 Obj 1.00845 Rho 0 GRdif 4.93188 success 933757 failure 1540626 obj_new 1.00845 SA_pAcc 0.172001 Delta -7.35463e-05 SA_r 0.725433 freedomratio 0.148242
Iter 7000000 pBad 0.00467097 T 3.00995e-10 Obj 1.00842 Rho 0 GRdif 4.91579 success 943094 failure 1895280 obj_new 1.00842 SA_pAcc 0 Delta -0.000205953 SA_r 0.517956 freedomratio 0.144477
Iter 7500000 pBad 0.00271677 T 8.89142e-11 Obj 1.00841 Rho 0 GRdif 4.90577 success 952021 failure 2265621 obj_new 1.00841 SA_pAcc 1 Delta -0.000167993 SA_r 0.318101 freedomratio 0.13682
Iter 8000000 pBad 0.000940449 T 2.62653e-11 Obj 1.0084 Rho 0 GRdif 4.90039 success 960259 failure 2661460 obj_new 1.0084 SA_pAcc 0 Delta 5.57762e-05 SA_r 0.523096 freedomratio 0.131272
Iter 8500000 pBad 0.000320644 T 7.75881e-12 Obj 1.00839 Rho 0 GRdif 4.89888 success 966975 failure 3071292 obj_new 1.00839 SA_pAcc 0 Delta 1.96191e-05 SA_r 0.591201 freedomratio 0.127808
Iter 9000000 pBad 0.000345297 T 2.29196e-12 Obj 1.00839 Rho 0 GRdif 4.89781 success 973351 failure 3493068 obj_new 1.00839 SA_pAcc 0 Delta 3.90722e-06 SA_r 0.383946 freedomratio 0.124787
Iter 9500000 pBad 2.95686e-12 T 6.77047e-13 Obj 1.00839 Rho 0 GRdif 4.93111 success 977947 failure 3907736 obj_new 1.00845 SA_pAcc 0 Delta 3.82441e-14 SA_r 0.450632 freedomratio 0.122569
Good enough
iter 9.52959e+06 obj1.00839 rho 0 GRdif 4.89655
Training:
Lab Growth Rates:
1.66 0.301 0.58 0.71 0.37 0.47 0.19 0.22 0.6 0.635 0.47 0.53 0.53 0.56 0.5 0.5 0.37 0.4 0.724 0.6 0.54 0.42 0.2 1.345 0.901 0.56 0.686 0.59 0.54 0.3 0.33 0.5 0.7 0.47 1.483 0.53 0.23 0.58 0.5 0.23 0.36 0.65 0.46 0.52 1.248 0.4 0.49 0.39 0.4 0.42 0.52 0.36 0.22 0.46 0.42 0.47 1.05 0.58 0.4 0.32 1.483 0.648 0.54 0.52 0.1 0.25 1.483 0.55 0.52 0.56 1.4 0.5 0.1 0.5 0.485 0.17 0.4 0.46 0.51 0.52 1.05 0.22 0.4 0.25 1.42 0.42 0.48 0.4 0.1 0.47 0.59 0.56 0.53 0.5 0.23 0.26 0.4 0.56 0.5 0.25 0.46 0.48 0.54 0.4 1.483 0.686 0.11 0.31 0.65 0.42 0.45 0.42 0.47 0.36 0.48 0.47 1.345 0.54 0.4 0.27 0.465 0.762 0.3 0.4 0.37 1.44 0.55 0.1 0.54 0.4 0.4 0.45 0.39 0.901 0.43 0.3 0.52 0.48 1.483 0.481 0.42 0.54 0.59 0.59 0.45 0.43 0.47 0.4 0.48 0.47 0.485 0.46 0.4 0.54 1.345 0.648 0.52 0.37 0.26 0.38 0.47 0.5 0.25 0.43 0.45 0.56 0.46 0.3 0.52 0.56 0.637 0.25 0.4 0.42 0.45 0.39 0.42 0.59 0.4 0.53 0.4 0.53 0.56 0.4 0.481 1.05 0.23 0.55 0.48 0.39 0.54 0.4 0.4 0.32 0.47 0.42 0.54 0.68 0.5 0.3 0.4 0.41 1.248 1.483 0.4 1.46 0.58 0.25 0.41 0.3 0.53 1.43 1.67 0.4 0.37 0.58 0.41 0.54 1.248 0.42 0.4 0.476 0.55 0.59 1.345 0.23 0.65 0.34 0.4 1.345 0.46 0.47 0.59 0.4 0.5 0.49 0.4 0.54 0.58 0.38 0.54 0.17 0.5 0.43 0.47 0.48 0.636 0.17 0.5 0.23 0.5 0.4 0.36 0.762 0.33 0.59 0.45 0.4 0.4 1.46 0.4 0.4 0.46 0.53 0.5 0.55 0.58 0.4 1.67 0.637 0.27 0.37 0.33 0.56 0.54 1.38 0.68 0.26 0.5 0.5 0.46 0.45 0.38 0.53 0.41 0.2 0.52 0.46 0.37 0.301 0.6 0.59 0.4 0.41 0.54 0.09 0.55 0.46 0.54 0.485 0.19 0.43 0.59 0.38 1.248 0.635 0.1 0.51 0.4 0.4 0.46 0.43 0.45 0.47 1.483 0.724 0.54 0.901 0.47 0.58 0.4 0.59 0.22 0.4 0.4 0.1 0.42 0.4 0.56 1.03 0.27 0.56 0.53 0.54 0.47 1.345 0.33 0.47 0.476 0.5 0.22 0.1 1.05 0.58 0.58 0.3 0.5 0.377 0.09 1.66 0.37 0.4 0.5 0.68 0.4 0.4 1.35 0.3 0.47 0.4 0.3 0.34 0.68 0.37 0.42 0.485 0.65 0.45 0.7 0.901 0.648 0.56 0.45 0.46 0.42 0.45 0.7 0.617 1.345 0.3 0.37 0.37 0.47 0.4 0.52 0.4 0.59 1.483 0.5 0.65 0.43 0.19 0.5 0.52 0.54 0.33 0.55 0.686 0.45 0.635 0.4 0.54 0.33 0.5 0.36 0.41 0.59 0.762 0.32 0.14 0.52 0.5 0.42 0.09 0.31 0.58 0.54 0.4 1.46 0.4 0.55 0.4 0.58 0.1 0.5 0.377 0.46 0.58 0.4 0.55 0.58 0.5 0.51 0.68 0.56 0.47 0.3 0.3 0.54 0.1 0.46 0.41 0.54 0.37 0.37 0.27 0.56 0.65 0.58 0.45 0.5 0.637 0.5 0.55 0.45 0.71 0.4 0.46 0.4 0.23 0.58 0.37 0.23 0.23 0.4 0.4 0.54 1.345 1.345 0.27 0.54 0.55 0.45 0.11 0.636 0.36 0.58 0.14 0.6 0.33 0.71 0.27 0.56 0.5 0.5 1.483 0.53 0.724 0.55 0.48 0.53 0.465 1.49 0.39 0.4 0.47 0.3 0.46 0.4 0.39 0.4 0.48 0.58 0.25 0.65 0.33 1.345 0.41 0.59 0.33 0.45 0.54 0.37 0.7 0.481 0.38 0.47 1.248 0.34 0.41 0.22 0.54 0.42 0.43 0.59 0.42 0.5 1.483 0.58 0.36 1.483 1.46 1.05 0.5 1.345 0.45 0.636 0.11 0.53 0.43 0.46 0.58 0.43 0.53 0.3 0.43 0.65 1.43 0.762 0.4 0.301 0.25 0.42 0.4 0.43 0.476 0.47 0.2 0.31 0.901 0.5 0.46 0.58 0.36 0.65 0.53 0.47 0.4 0.46 0.45 0.22 0.465 0.49 0.5 0.54 1.345 0.22 0.59 0.4 1.483 0.36 0.377 0.46 0.901 0.37 0.45
Dot Production Prediction of Lab Growth Rates:
1.48613 0.525258 0.374228 0.681381 0.413277 0.435117 0.331567 0.478787 0.612938 0.682312 0.391109 0.49439 0.549163 0.552282 0.460407 0.395502 0.434431 0.402257 0.686925 0.629229 0.458399 0.342217 0.381129 1.34907 0.910547 0.532303 0.686763 0.544753 0.398956 0.575244 0.318799 0.46842 0.738473 0.426407 1.32737 0.56505 0.426173 0.459074 0.55222 0.550173 0.371658 0.666689 0.303029 0.385362 0.828699 0.404133 0.384553 0.325136 0.406624 0.612879 0.394168 0.361972 0.426002 0.355638 0.348858 0.378834 1.07836 0.464236 0.394591 0.342238 1.30566 0.674624 0.301833 0.339487 1.31567 0.356473 1.30744 0.547501 0.376392 0.55743 1.40432 0.350519 0.374898 0.733102 0.519104 0.31824 0.404236 0.579141 0.418927 0.357794 1.04244 0.470112 0.403045 0.973162 1.47694 0.626615 0.341662 0.404202 1.51881 0.405089 0.329045 0.45842 0.351667 0.547116 0.550098 0.6165 0.399375 0.550919 0.475882 0.359626 0.382724 0.313275 0.449879 0.387472 1.34193 0.684615 0.343236 0.629809 0.670334 0.416197 0.36646 0.330502 0.397138 0.372464 0.353824 0.478051 1.33932 0.381515 0.385392 0.632237 0.514271 0.774127 0.468247 0.400612 0.479527 1.44493 0.545763 0.462739 0.385829 0.396254 0.405121 0.401127 0.363183 0.903619 0.44243 0.419335 0.397001 0.352196 1.31028 0.513995 0.339135 0.555195 0.315202 0.325298 0.346394 0.357475 0.484248 0.403343 0.376022 0.367127 0.51538 0.458961 0.403221 0.402783 1.38422 0.679869 0.39188 0.414404 0.375629 0.289308 0.40119 0.47385 0.577391 0.384417 1.38855 0.546679 0.45106 0.619045 0.357478 0.552884 0.684351 0.351425 0.402895 0.320843 1.40101 0.335306 0.376301 0.308879 0.395858 0.331013 0.309227 0.527602 0.549547 0.390493 0.514042 1.46788 0.426495 0.558 0.300649 0.319109 0.541892 0.400819 0.400796 0.323749 0.313693 0.34259 0.358708 0.313894 0.47273 0.274119 0.400771 0.41035 0.838203 1.31407 0.400118 1.49007 0.46029 1.44507 0.381378 0.526046 0.41732 1.252 1.34871 0.403931 0.413745 0.469111 0.517267 0.449339 0.832039 0.346132 0.400421 0.515675 0.46498 0.409649 1.32429 0.548671 0.650032 0.298985 0.404293 1.30136 0.558185 0.378175 0.545362 0.398432 0.325257 0.393692 0.396437 0.371678 0.474251 0.381734 0.541597 0.322427 0.38213 0.419419 0.362908 0.307384 0.688742 0.475494 0.756702 0.542885 0.334501 0.403527 0.356564 0.778948 0.38144 0.556156 1.3836 0.400266 0.396185 1.04875 0.401644 0.400111 0.413778 0.551826 0.557524 0.549862 0.385793 0.401699 1.42461 0.681734 0.33962 0.470958 0.493626 0.548097 0.552407 1.25796 0.31284 0.490905 0.406049 0.857853 0.438916 1.3958 0.374841 0.531446 0.520421 0.392028 0.372527 0.49173 0.598707 0.525104 0.612379 0.324934 0.403696 0.42233 0.459238 0.346279 0.469201 0.339261 0.343767 0.515813 0.320606 0.364031 0.549213 0.300976 0.825375 0.678389 1.33842 0.463991 0.395125 0.401153 0.554393 0.426914 0.378102 0.367799 1.36721 0.685478 0.541645 0.810648 0.386736 0.45859 0.402423 0.54349 0.469149 0.392938 0.404806 1.58217 0.332128 0.396701 0.53139 1.26733 0.389014 0.461136 0.414589 0.383553 0.386794 1.30769 0.394115 0.360971 0.519371 0.699339 0.472403 0.984176 1.05713 0.368185 0.452633 0.614467 0.336858 0.514261 0.487177 1.51343 0.417645 0.40099 0.798276 0.306832 0.402576 0.403281 1.20035 0.583785 0.488567 0.396899 0.339165 0.319251 0.309385 0.422869 0.599346 0.513111 0.641413 0.327614 0.738444 0.907237 0.681215 0.459928 0.419648 0.439346 0.344576 0.372227 0.737653 0.613729 1.319 0.386549 0.402153 0.41881 0.331725 0.396476 0.422146 0.39616 0.31707 1.35096 0.338505 0.658623 0.374689 0.312267 0.833116 0.376513 0.419669 0.53573 0.554323 0.687282 0.377683 0.683756 0.393964 0.399173 0.305637 0.790661 0.337022 0.372382 0.394099 0.764109 0.312659 0.220335 0.387685 0.43353 0.359328 0.378003 0.616704 0.39365 0.544631 0.395153 1.05753 0.402342 0.44725 0.401167 0.466361 1.33494 0.376943 0.518545 0.313042 0.448372 0.404696 0.463542 0.466631 0.838927 0.445987 0.313002 0.551808 0.450142 0.645138 0.57843 0.447771 0.469323 0.390479 0.32757 0.411407 0.284116 0.424782 0.365212 0.551259 0.652059 0.299601 0.346068 0.465104 0.677473 0.758605 0.549756 0.438968 0.688368 0.40445 0.461208 0.388794 0.548406 0.388127 0.423015 0.427154 0.553478 0.398816 0.406628 0.536216 1.33196 1.37433 0.388736 0.455672 0.460449 1.47194 0.3858 0.692115 0.329465 0.423602 0.219272 0.604121 0.325384 0.683744 0.291487 0.550693 0.806169 0.539035 1.31203 0.531221 0.690053 0.470008 0.310945 0.465251 0.517555 1.46829 0.311653 0.403507 0.424211 0.272129 0.466873 0.403384 0.334734 0.320286 0.320061 0.465585 0.310909 0.62694 0.36692 1.31665 0.519733 0.550789 0.562834 0.345208 0.291972 0.390387 0.73972 0.515593 0.302872 0.396199 0.827107 0.333706 0.34094 0.358745 0.341833 0.325058 0.403996 0.33041 0.328755 0.325264 1.29659 0.3478 0.324445 1.3308 1.05777 1.07362 0.719562 1.35565 1.41599 0.685502 0.406919 0.536298 0.370672 0.414019 0.317225 0.466673 0.295518 0.278923 0.391915 0.652175 1.26334 0.766234 0.409617 0.525405 0.547429 0.31859 0.403638 0.435212 0.521304 0.374707 0.358018 0.613372 0.903604 0.320676 0.456739 0.474035 0.451661 0.657058 0.375695 0.346422 0.403465 0.461723 1.46829 0.472525 0.517211 0.420012 0.538202 0.381496 1.35465 0.468165 0.5559 0.391513 1.28723 0.461577 0.515313 0.440803 0.910621 0.41581 0.422132
Testing:
Lab Growth Rates:
0.56 0.56 0.56
Dot Production Prediction of Lab Growth Rates:
0.462085 0.468457 0.467792
Best performance so far: 
Obj: 4.66511e-310Rho: 6.5069e-314Diff: 4.66511e-310
Test:
 Lab Growth Rates:
0.56 0.56 0.56Dot Product Prediction of Growth Rate:
0.4620847 0.4684572 0.467792