seed =  5 traits =  1 
Training: part  192 
Training: part  192 
Round  1 
 Goal of obj  0.99 
Temperature range:  0.002441406 4.882813e-16 
Cycle 1Round 1
Iter 500000 pBad 0.822738 T 0.000565839 Obj 1.04068 Rho 0 GRdif 23.3637 success 146424 failure 11873 obj_new 1.04068 SA_pAcc 0.96791 Delta 0.011029 SA_r 0.919529 freedomratio 0.37978
Iter 1000000 pBad 0.73702 T 0.000131143 Obj 1.02955 Rho 0 GRdif 17.0641 success 289272 failure 29831 obj_new 1.02955 SA_pAcc 0.8494 Delta 0.0188817 SA_r 0.158724 freedomratio 0.369949
Iter 1500000 pBad 0.663635 T 3.03946e-05 Obj 1.01938 Rho 0 GRdif 11.2468 success 427630 failure 57296 obj_new 1.01938 SA_pAcc 1 Delta 0.0459359 SA_r 0.603932 freedomratio 0.370183
Iter 2000000 pBad 0.498606 T 7.04445e-06 Obj 1.0158 Rho 0 GRdif 9.18565 success 563167 failure 91249 obj_new 1.0158 SA_pAcc 1 Delta 0.00790732 SA_r 0.904936 freedomratio 0.352163
Iter 2500000 pBad 0.284463 T 1.63267e-06 Obj 1.01143 Rho 0 GRdif 6.66053 success 683273 failure 155321 obj_new 1.01143 SA_pAcc 0.0628796 Delta -0.0270493 SA_r 0.212417 freedomratio 0.34229
Iter 3000000 pBad 0.149109 T 3.78399e-07 Obj 1.01018 Rho 0 GRdif 5.93753 success 769000 failure 288433 obj_new 1.01018 SA_pAcc 0.866952 Delta -0.00348812 SA_r 0.995874 freedomratio 0.308421
Iter 3500000 pBad 0.0572101 T 8.77004e-08 Obj 1.00965 Rho 0 GRdif 5.63001 success 823970 failure 494152 obj_new 1.00965 SA_pAcc 10.2558 Delta 0.00437417 SA_r 0.294546 freedomratio 0.258491
Iter 4000000 pBad 0.0266223 T 2.03261e-08 Obj 1.00949 Rho 0 GRdif 5.53778 success 851951 failure 775107 obj_new 1.00949 SA_pAcc 5.46532e-08 Delta -0.00235204 SA_r 0.812313 freedomratio 0.225645
Iter 4500000 pBad 0.0153452 T 4.71091e-09 Obj 1.00944 Rho 0 GRdif 5.50792 success 866678 failure 1101714 obj_new 1.00944 SA_pAcc 0 Delta 0.000564711 SA_r 0.680547 freedomratio 0.209136
Iter 5000000 pBad 0.00467697 T 1.09183e-09 Obj 1.00941 Rho 0 GRdif 5.49087 success 874872 failure 1456212 obj_new 1.00941 SA_pAcc 0.890426 Delta -8.2769e-05 SA_r 0.45172 freedomratio 0.199523
Iter 5500000 pBad 0.00392865 T 2.53051e-10 Obj 1.00941 Rho 0 GRdif 5.49356 success 878646 failure 1825668 obj_new 1.00942 SA_pAcc 0 Delta -0.000230209 SA_r 0.501168 freedomratio 0.197107
Iter 6000000 pBad 0.00160273 T 5.86488e-11 Obj 1.0094 Rho 0 GRdif 5.48357 success 881490 failure 2202116 obj_new 1.0094 SA_pAcc 0 Delta -0.000146308 SA_r 0.000485989 freedomratio 0.192827
Iter 6500000 pBad 0.000842029 T 1.35929e-11 Obj 1.0094 Rho 0 GRdif 5.48168 success 883899 failure 2586648 obj_new 1.0094 SA_pAcc 0 Delta 6.23798e-06 SA_r 0.606283 freedomratio 0.188728
Iter 7000000 pBad 0.000106725 T 3.15038e-12 Obj 1.0094 Rho 0 GRdif 5.4802 success 886192 failure 2975662 obj_new 1.0094 SA_pAcc 1.1311e-74 Delta 7.24942e-06 SA_r 0.0983231 freedomratio 0.184975
Iter 7500000 pBad 8.43055e-05 T 7.30153e-13 Obj 1.00939 Rho 0 GRdif 5.48352 success 888164 failure 3369420 obj_new 1.0094 SA_pAcc 0 Delta 4.43077e-07 SA_r 0.752314 freedomratio 0.181931
Iter 8000000 pBad 2.61669e-71 T 1.69225e-13 Obj 1.00939 Rho 0 GRdif 5.47941 success 892899 failure 3722913 obj_new 1.00939 SA_pAcc 1 Delta -1.78407e-72 SA_r 0.632264 freedomratio 0.171395
Iter 8500000 pBad 1.58444e-166 T 3.92208e-14 Obj 1.00939 Rho 0 GRdif 5.48712 success 892899 failure 4038142 obj_new 1.00941 SA_pAcc 0 Delta 9.70323e-168 SA_r 0.608762 freedomratio 0.167476
Iter 9000000 pBad 0 T 9.09009e-15 Obj 1.00939 Rho 0 GRdif 5.47941 success 892899 failure 4366644 obj_new 1.00939 SA_pAcc 1 Delta -0 SA_r 0.895842 freedomratio 0.0855974
Iter 9500000 pBad 0 T 2.10678e-15 Obj 1.00939 Rho 0 GRdif 5.4807 success 892899 failure 4724889 obj_new 1.0094 SA_pAcc 0 Delta -0 SA_r 0.803055 freedomratio 0.0430344
Iter 10000000 pBad 0 T 4.88283e-16 Obj 1.00939 Rho 0 GRdif 5.47941 success 892899 failure 5090424 obj_new 1.00939 SA_pAcc 0 Delta -0 SA_r 0.954819 freedomratio 0.0324169
Cannot move further
iter 7.96593e+06 obj1.00939 rho 0 GRdif 5.47941
Training:
Lab Growth Rates:
0.25 0.485 0.55 0.1 0.46 0.37 0.59 0.476 0.58 0.54 1.05 0.4 0.4 0.47 0.45 0.65 0.42 0.47 0.4 0.6 1.49 0.46 0.4 0.3 0.54 1.67 0.49 0.65 0.5 0.41 0.36 0.47 0.17 0.47 0.46 0.52 0.59 1.483 0.54 0.42 0.31 0.56 0.3 0.43 0.724 0.54 1.483 0.58 0.3 0.59 0.4 0.58 0.09 0.45 0.5 0.47 0.32 0.6 0.4 0.4 0.45 0.4 0.5 0.53 0.42 0.42 0.65 0.33 0.4 1.345 0.59 0.5 0.4 0.46 0.53 0.31 0.4 0.3 0.23 0.26 0.4 0.33 0.2 0.36 0.47 0.52 0.724 0.52 0.48 0.23 0.5 0.22 0.54 0.43 0.45 0.48 0.27 0.42 0.47 1.345 1.345 1.345 0.724 1.483 0.39 0.1 0.23 0.45 1.248 0.22 0.39 0.49 0.59 0.53 0.59 0.45 0.56 0.901 0.42 0.54 0.45 0.6 1.483 0.55 0.4 0.11 0.1 0.42 0.46 0.56 0.4 0.4 0.45 0.53 0.3 0.4 1.05 0.37 0.47 0.48 0.54 1.483 1.35 0.41 0.4 0.42 0.14 0.32 0.39 0.47 0.3 0.636 0.52 0.301 0.46 0.43 0.56 0.4 0.1 0.55 0.53 0.476 0.39 0.43 0.59 0.25 0.47 0.43 1.46 0.37 0.47 0.54 0.53 0.465 0.4 0.58 0.4 0.47 0.58 0.26 0.5 0.4 0.4 0.27 0.51 0.37 0.301 0.19 0.4 1.43 0.42 0.54 0.45 0.48 0.5 0.34 1.483 1.345 0.37 0.481 0.48 1.46 0.901 0.33 0.4 0.55 0.3 1.248 0.58 0.4 0.59 0.59 0.5 0.45 0.33 0.635 0.65 0.68 0.58 0.39 0.4 0.41 0.42 0.55 0.377 0.58 0.42 0.762 0.762 0.5 0.3 0.4 0.465 0.55 0.1 0.42 1.66 0.37 0.4 0.41 0.41 0.53 0.37 0.56 0.7 0.617 0.5 0.58 0.4 0.33 0.47 0.38 0.52 0.637 0.36 1.483 0.37 0.37 1.345 0.38 0.54 0.5 0.22 0.52 0.5 0.46 0.47 0.5 0.4 0.53 0.38 0.37 0.762 0.45 0.54 0.59 0.41 0.27 0.58 0.19 0.25 0.59 0.485 0.46 0.52 0.65 0.4 0.36 0.42 0.47 0.46 0.4 0.38 0.52 0.635 0.53 0.46 0.25 0.4 0.4 0.51 0.59 0.4 0.4 0.4 0.58 0.53 0.54 0.26 0.648 0.46 0.47 0.4 0.34 0.54 0.54 0.5 1.483 0.59 0.54 0.46 1.483 0.49 0.5 0.5 0.4 0.46 0.71 0.5 0.23 0.4 0.56 0.25 1.483 0.23 0.54 0.7 0.45 0.47 0.55 0.32 0.5 0.23 0.648 0.46 0.7 0.47 0.19 0.11 0.17 0.47 0.5 0.762 0.5 0.36 1.43 0.48 0.56 1.483 1.67 0.25 1.05 1.345 0.56 0.56 0.4 0.4 0.54 1.345 0.33 0.47 0.42 0.56 0.27 0.45 0.09 0.5 0.485 0.68 0.4 0.31 0.4 1.42 0.58 0.27 0.37 0.5 0.54 0.37 0.14 1.05 0.36 0.3 0.34 0.71 0.47 0.22 0.2 0.48 0.4 0.3 0.377 1.44 0.4 0.55 0.42 0.47 1.483 0.65 0.5 1.345 0.53 1.38 1.05 1.4 0.465 0.22 0.47 0.41 0.65 0.43 0.39 0.5 1.248 0.45 1.248 0.58 0.27 0.54 0.5 0.46 0.5 0.56 0.43 0.37 0.53 0.1 0.2 0.53 0.42 0.5 0.52 0.71 0.52 0.485 0.43 0.481 0.56 0.37 0.3 0.54 0.56 0.46 0.38 0.46 0.53 0.23 0.6 1.66 0.4 0.7 0.22 0.54 0.5 0.58 0.41 0.54 0.45 0.58 0.54 0.686 0.901 0.3 1.46 0.5 0.4 0.52 0.5 0.55 0.37 0.4 0.52 0.22 0.59 0.54 0.4 0.1 0.901 0.901 0.58 0.4 0.65 0.54 0.54 0.3 0.45 0.56 0.686 0.25 0.59 0.68 0.09 0.377 0.45 0.637 0.5 0.58 0.56 1.345 1.345 1.345 0.4 0.5 0.56 0.48 0.42 0.4 0.3 0.56 0.22 0.1 0.648 0.5 0.25 0.59 0.46 0.46 0.637 1.248 0.42 0.4 0.43 0.36 0.481 0.56 0.4 0.51 1.03 0.65 0.68 0.58 0.55 0.41 0.55 0.33 0.636 0.37 0.53 0.301 0.46 0.68 0.11 0.4 0.23 0.45 0.47 1.46 0.4 0.58 0.36 0.58 0.45 0.476 0.4 0.17 0.636 0.33 0.4 0.33 0.4 0.55 0.5 0.635 0.54 0.686 0.4 0.901 0.48 0.23 0.58 0.4 0.4 0.1 0.54 0.36 0.46
Dot Production Prediction of Lab Growth Rates:
0.370775 0.561327 0.551666 0.45132 0.51769 0.434011 0.539481 0.561191 0.292536 0.427952 1.05177 0.390461 0.387035 0.373883 0.332159 0.649088 0.57578 0.355207 0.382092 0.581686 1.52351 0.453355 0.382849 0.268503 0.445071 1.48774 0.388041 0.665534 0.331285 0.346124 0.415741 0.403125 0.326207 0.427613 0.460019 0.379135 0.355024 1.06629 0.459163 0.350886 0.577067 0.529523 0.341371 0.37819 0.695699 0.543866 1.09643 0.459106 0.27509 0.547613 0.395763 0.457129 0.385174 1.4296 0.37786 0.355643 0.320818 0.565965 0.389707 0.390463 1.45786 0.388106 0.400885 0.521623 0.284457 0.316237 0.644155 0.509264 0.392079 1.07783 0.547768 0.471825 0.388221 0.519384 0.426386 0.555584 0.389352 0.580094 0.534012 0.360882 0.391798 0.375189 0.405622 0.36086 0.404602 0.396939 0.696641 0.395459 0.329484 0.435336 0.471985 0.462988 0.372491 0.383787 0.380917 0.295653 0.402574 0.373681 0.462481 1.09781 1.13313 1.10034 0.694177 1.06239 0.316783 1.5311 0.435678 0.341954 1.248 0.461086 0.368395 0.374527 0.545627 0.518683 0.367708 0.426932 0.537685 0.900999 0.357842 0.53905 0.402833 0.571912 1.07559 0.550005 0.395044 0.329128 1.53405 0.36632 0.459044 0.546944 0.400526 0.390797 0.387572 0.302379 0.269192 0.386551 1.05483 0.42289 0.358509 0.332278 0.295335 1.06962 1.2598 0.388566 0.386578 0.351648 0.356778 0.350125 0.290379 0.344875 0.417608 0.691378 0.3513 0.57821 0.456004 0.354091 0.534409 0.387753 0.435328 0.551632 0.527767 0.554769 0.300714 0.448883 0.322976 0.370144 0.419384 0.391532 1.64488 0.420347 0.431766 0.383466 0.548039 0.561609 0.38857 0.391975 0.394368 0.397665 0.465365 0.558745 0.534637 0.389447 0.385425 0.284232 0.401737 0.407034 0.571811 0.30478 0.381524 1.4258 0.353672 0.538808 1.46687 0.309465 0.645739 0.319336 1.08278 1.12174 0.420062 0.558989 0.292007 1.04038 0.895695 0.311066 0.390216 0.444189 0.540922 1.26031 0.467376 0.398335 0.550433 0.346109 0.736851 0.39337 0.325813 0.687229 0.620577 0.407476 0.338827 0.328874 0.392863 0.571063 0.38887 0.452998 0.564109 0.464871 0.326486 1.44476 1.43964 0.543904 0.546826 0.391743 0.559926 0.551763 0.384521 0.381668 1.66 0.328393 0.388646 0.349924 0.387863 0.447066 0.415599 0.535767 0.697285 0.747475 0.330623 0.468067 0.39786 0.368385 0.364071 0.331788 0.392348 0.689503 0.36023 1.07988 0.416429 0.416784 1.10251 0.334601 0.366479 0.620963 0.466537 0.339308 0.53704 0.361583 0.421935 0.325778 0.393091 0.355167 0.381338 0.426851 1.44995 1.44629 0.461597 0.447522 0.567861 0.359936 0.460393 0.318836 0.305825 0.300289 0.560243 0.536479 0.377561 0.626013 0.397172 0.352126 0.310964 0.361869 0.424504 0.352504 0.37111 0.358776 0.690913 0.529866 0.28149 1.47467 0.39826 0.396975 0.422624 0.328539 0.387482 0.385034 0.384538 0.46502 0.53261 0.394242 0.445127 0.69068 0.458932 0.405244 0.376219 0.317883 0.383551 0.367437 0.35905 1.10244 0.42439 0.391975 0.374883 1.09766 0.405421 0.756739 0.324659 0.386485 0.325076 0.698464 0.313638 0.539986 0.389029 0.470383 0.819876 1.06673 0.535905 0.438153 0.701522 1.52351 0.38318 0.551865 0.292978 0.340596 0.539695 0.68838 0.280937 0.701369 0.453059 0.308804 0.373549 0.328451 0.466993 0.47202 1.46029 0.659253 0.329233 1.431 0.354 0.532801 1.07037 1.37827 0.365651 1.02368 1.10946 0.46499 0.52852 0.389606 0.402277 0.39354 1.11048 0.324485 0.406742 0.347359 0.534647 0.358013 1.44607 0.336755 0.652281 0.55925 0.404779 0.386962 0.568041 0.386329 1.53101 0.389019 0.568521 0.544767 0.329685 0.542193 0.403804 0.355401 1.05 0.429476 0.552753 0.34023 0.692655 0.380763 0.448158 0.417607 0.317738 0.388446 0.561906 0.568625 1.49023 0.398122 0.453895 0.351716 0.339444 1.07213 0.649841 0.709216 1.08152 0.412292 1.32323 1.64652 1.39732 0.562985 0.461273 0.407612 0.38993 0.65003 0.426419 0.322261 0.391958 1.25327 0.355895 1.24485 0.460162 0.391614 0.380604 0.46989 0.398704 0.462877 0.469444 0.413798 0.426561 0.480731 1.83191 0.381063 0.357254 0.350804 0.694375 0.406057 0.689357 0.406963 0.559561 0.413495 0.55964 0.539864 0.424885 0.501374 0.319382 0.542955 0.462276 0.329435 0.464334 0.530375 0.545541 0.561819 1.62833 0.399535 0.71389 0.394453 0.410389 0.546166 0.464222 0.570516 0.535469 1.49841 0.462016 0.44747 0.693602 0.898597 0.455611 1.03046 0.734801 0.348488 0.39024 0.53639 0.549074 0.412882 0.383715 0.378902 0.367471 0.550325 0.548728 0.378095 1.67826 0.901178 0.894934 0.368626 0.398341 0.651268 0.428488 0.38506 0.586812 0.337867 0.459506 0.697411 0.550558 0.549093 0.406636 0.447523 0.562715 0.366735 0.686274 0.723395 0.370473 0.459209 1.08917 1.08542 1.06867 0.397272 0.461223 0.535515 0.329077 0.588522 0.390246 0.391885 0.545948 0.467715 0.824858 0.684572 0.654106 0.508748 0.31711 0.433588 0.34408 0.691149 1.24796 0.579244 0.388104 0.363821 0.359066 0.557512 0.460878 0.38843 0.393523 1.3496 0.653831 0.410356 0.316388 0.458119 0.30909 0.461355 0.46278 0.69511 0.462186 0.341251 0.571264 0.441929 0.40679 0.386859 0.388958 0.546315 0.346941 0.352458 1.03452 0.394764 0.354571 0.330984 0.46521 0.440133 0.559521 0.381471 0.441546 0.679843 0.367725 0.390117 0.506761 0.389395 0.456117 0.315133 0.68992 0.347139 0.697888 0.390544 1.28171 0.325761 0.433583 0.372641 0.380106 0.390187 1.43438 0.537775 0.396863 0.46001
Testing:
Lab Growth Rates:
0.43 0.43 0.43
Dot Production Prediction of Lab Growth Rates:
0.448547 0.426536 0.397599
Best performance so far: 
Obj: 4.65827e-310Rho: 2.26291e-314Diff: 4.65827e-310
Anneal again with the best G and E so far as input
Cycle 2Round 1
Iter 500000 pBad 0.829491 T 0.000565839 Obj 1.03203 Rho 0 GRdif 18.4746 success 112329 failure 10699 obj_new 1.03203 SA_pAcc 1.09226 Delta -0.0338126 SA_r 0.157842 freedomratio 0.269549
Iter 1000000 pBad 0.714712 T 0.000131143 Obj 1.0269 Rho 0 GRdif 15.5531 success 220602 failure 29258 obj_new 1.0269 SA_pAcc 1 Delta -0.0607003 SA_r 0.959016 freedomratio 0.267092
Iter 1500000 pBad 0.578542 T 3.03946e-05 Obj 1.02333 Rho 0 GRdif 13.5142 success 327104 failure 53306 obj_new 1.02333 SA_pAcc 0.862685 Delta 0.0442596 SA_r 0.335745 freedomratio 0.261724
Iter 2000000 pBad 0.413623 T 7.04445e-06 Obj 1.01988 Rho 0 GRdif 11.5341 success 426179 failure 91987 obj_new 1.01988 SA_pAcc 1 Delta -0.0103785 SA_r 0.201099 freedomratio 0.258834
Iter 2500000 pBad 0.249456 T 1.63267e-06 Obj 1.01455 Rho 0 GRdif 8.46283 success 513597 failure 157958 obj_new 1.01455 SA_pAcc 1.0779 Delta 0.00965221 SA_r 0.960471 freedomratio 0.24799
Iter 3000000 pBad 0.141223 T 3.78399e-07 Obj 1.01151 Rho 0 GRdif 6.704 success 585888 failure 261862 obj_new 1.01151 SA_pAcc 4.51922 Delta -0.00970539 SA_r 0.67867 freedomratio 0.231164
Iter 3500000 pBad 0.079854 T 8.77004e-08 Obj 1.01095 Rho 0 GRdif 6.381 success 633161 failure 429906 obj_new 1.01095 SA_pAcc 1.5878 Delta -0.00131078 SA_r 0.119785 freedomratio 0.208467
Iter 4000000 pBad 0.0353912 T 2.03261e-08 Obj 1.0105 Rho 0 GRdif 6.12306 success 667865 failure 651608 obj_new 1.0105 SA_pAcc 1 Delta 0.000261516 SA_r 0.140986 freedomratio 0.179755
Iter 4500000 pBad 0.0159279 T 4.71091e-09 Obj 1.01035 Rho 0 GRdif 6.03587 success 688707 failure 930757 obj_new 1.01035 SA_pAcc 5.46311e-25 Delta -0.000736883 SA_r 0.488203 freedomratio 0.165117
Iter 5000000 pBad 0.00419614 T 1.09183e-09 Obj 1.0103 Rho 0 GRdif 6.00538 success 701288 failure 1252391 obj_new 1.0103 SA_pAcc 5.45509e-13 Delta 4.66931e-05 SA_r 0.66236 freedomratio 0.154211
Iter 5500000 pBad 0.00779954 T 2.53051e-10 Obj 1.01028 Rho 0 GRdif 5.99614 success 708478 failure 1596418 obj_new 1.01028 SA_pAcc 2.6106e-65 Delta -0.000282907 SA_r 0.88277 freedomratio 0.151853
Iter 6000000 pBad 0.00263322 T 5.86488e-11 Obj 1.01027 Rho 0 GRdif 5.9916 success 716629 failure 1956943 obj_new 1.01028 SA_pAcc 0 Delta -4.05879e-05 SA_r 0.659345 freedomratio 0.143276
Iter 6500000 pBad 0.000741485 T 1.35929e-11 Obj 1.01027 Rho 0 GRdif 5.98711 success 723035 failure 2337019 obj_new 1.01027 SA_pAcc 0 Delta -4.17642e-05 SA_r 0.208713 freedomratio 0.138045
Iter 7000000 pBad 0.000851824 T 3.15038e-12 Obj 1.01027 Rho 0 GRdif 5.98714 success 729912 failure 2730225 obj_new 1.01027 SA_pAcc 0 Delta -5.36317e-05 SA_r 0.981212 freedomratio 0.133242
Iter 7500000 pBad 0.00031083 T 7.30153e-13 Obj 1.01026 Rho 0 GRdif 5.98459 success 736970 failure 3130273 obj_new 1.01026 SA_pAcc 0 Delta 2.13992e-05 SA_r 0.48243 freedomratio 0.130745
Iter 8000000 pBad 1.56413e-20 T 1.69225e-13 Obj 1.01026 Rho 0 GRdif 5.98443 success 744008 failure 3534552 obj_new 1.01026 SA_pAcc 0 Delta -6.80548e-22 SA_r 0.608457 freedomratio 0.126239
Iter 8500000 pBad 1.78553e-91 T 3.92208e-14 Obj 1.01026 Rho 0 GRdif 5.98412 success 744031 failure 3899543 obj_new 1.01026 SA_pAcc 0 Delta 3.01749e-93 SA_r 0.453591 freedomratio 0.124205
Iter 9000000 pBad 6.40103e-206 T 9.09009e-15 Obj 1.01026 Rho 0 GRdif 5.98466 success 744031 failure 4267460 obj_new 1.01027 SA_pAcc 0 Delta 3.28124e-208 SA_r 0.60451 freedomratio 0.107306
Iter 9500000 pBad 0 T 2.10678e-15 Obj 1.01026 Rho 0 GRdif 5.98431 success 744031 failure 4650252 obj_new 1.01026 SA_pAcc 0 Delta -0 SA_r 0.317385 freedomratio 0.0590845
Good enough
iter 8.02471e+06 obj1.01026 rho 0 GRdif 5.98412
Training:
Lab Growth Rates:
0.25 0.485 0.55 0.1 0.46 0.37 0.59 0.476 0.58 0.54 1.05 0.4 0.4 0.47 0.45 0.65 0.42 0.47 0.4 0.6 1.49 0.46 0.4 0.3 0.54 1.67 0.49 0.65 0.5 0.41 0.36 0.47 0.17 0.47 0.46 0.52 0.59 1.483 0.54 0.42 0.31 0.56 0.3 0.43 0.724 0.54 1.483 0.58 0.3 0.59 0.4 0.58 0.09 0.45 0.5 0.47 0.32 0.6 0.4 0.4 0.45 0.4 0.5 0.53 0.42 0.42 0.65 0.33 0.4 1.345 0.59 0.5 0.4 0.46 0.53 0.31 0.4 0.3 0.23 0.26 0.4 0.33 0.2 0.36 0.47 0.52 0.724 0.52 0.48 0.23 0.5 0.22 0.54 0.43 0.45 0.48 0.27 0.42 0.47 1.345 1.345 1.345 0.724 1.483 0.39 0.1 0.23 0.45 1.248 0.22 0.39 0.49 0.59 0.53 0.59 0.45 0.56 0.901 0.42 0.54 0.45 0.6 1.483 0.55 0.4 0.11 0.1 0.42 0.46 0.56 0.4 0.4 0.45 0.53 0.3 0.4 1.05 0.37 0.47 0.48 0.54 1.483 1.35 0.41 0.4 0.42 0.14 0.32 0.39 0.47 0.3 0.636 0.52 0.301 0.46 0.43 0.56 0.4 0.1 0.55 0.53 0.476 0.39 0.43 0.59 0.25 0.47 0.43 1.46 0.37 0.47 0.54 0.53 0.465 0.4 0.58 0.4 0.47 0.58 0.26 0.5 0.4 0.4 0.27 0.51 0.37 0.301 0.19 0.4 1.43 0.42 0.54 0.45 0.48 0.5 0.34 1.483 1.345 0.37 0.481 0.48 1.46 0.901 0.33 0.4 0.55 0.3 1.248 0.58 0.4 0.59 0.59 0.5 0.45 0.33 0.635 0.65 0.68 0.58 0.39 0.4 0.41 0.42 0.55 0.377 0.58 0.42 0.762 0.762 0.5 0.3 0.4 0.465 0.55 0.1 0.42 1.66 0.37 0.4 0.41 0.41 0.53 0.37 0.56 0.7 0.617 0.5 0.58 0.4 0.33 0.47 0.38 0.52 0.637 0.36 1.483 0.37 0.37 1.345 0.38 0.54 0.5 0.22 0.52 0.5 0.46 0.47 0.5 0.4 0.53 0.38 0.37 0.762 0.45 0.54 0.59 0.41 0.27 0.58 0.19 0.25 0.59 0.485 0.46 0.52 0.65 0.4 0.36 0.42 0.47 0.46 0.4 0.38 0.52 0.635 0.53 0.46 0.25 0.4 0.4 0.51 0.59 0.4 0.4 0.4 0.58 0.53 0.54 0.26 0.648 0.46 0.47 0.4 0.34 0.54 0.54 0.5 1.483 0.59 0.54 0.46 1.483 0.49 0.5 0.5 0.4 0.46 0.71 0.5 0.23 0.4 0.56 0.25 1.483 0.23 0.54 0.7 0.45 0.47 0.55 0.32 0.5 0.23 0.648 0.46 0.7 0.47 0.19 0.11 0.17 0.47 0.5 0.762 0.5 0.36 1.43 0.48 0.56 1.483 1.67 0.25 1.05 1.345 0.56 0.56 0.4 0.4 0.54 1.345 0.33 0.47 0.42 0.56 0.27 0.45 0.09 0.5 0.485 0.68 0.4 0.31 0.4 1.42 0.58 0.27 0.37 0.5 0.54 0.37 0.14 1.05 0.36 0.3 0.34 0.71 0.47 0.22 0.2 0.48 0.4 0.3 0.377 1.44 0.4 0.55 0.42 0.47 1.483 0.65 0.5 1.345 0.53 1.38 1.05 1.4 0.465 0.22 0.47 0.41 0.65 0.43 0.39 0.5 1.248 0.45 1.248 0.58 0.27 0.54 0.5 0.46 0.5 0.56 0.43 0.37 0.53 0.1 0.2 0.53 0.42 0.5 0.52 0.71 0.52 0.485 0.43 0.481 0.56 0.37 0.3 0.54 0.56 0.46 0.38 0.46 0.53 0.23 0.6 1.66 0.4 0.7 0.22 0.54 0.5 0.58 0.41 0.54 0.45 0.58 0.54 0.686 0.901 0.3 1.46 0.5 0.4 0.52 0.5 0.55 0.37 0.4 0.52 0.22 0.59 0.54 0.4 0.1 0.901 0.901 0.58 0.4 0.65 0.54 0.54 0.3 0.45 0.56 0.686 0.25 0.59 0.68 0.09 0.377 0.45 0.637 0.5 0.58 0.56 1.345 1.345 1.345 0.4 0.5 0.56 0.48 0.42 0.4 0.3 0.56 0.22 0.1 0.648 0.5 0.25 0.59 0.46 0.46 0.637 1.248 0.42 0.4 0.43 0.36 0.481 0.56 0.4 0.51 1.03 0.65 0.68 0.58 0.55 0.41 0.55 0.33 0.636 0.37 0.53 0.301 0.46 0.68 0.11 0.4 0.23 0.45 0.47 1.46 0.4 0.58 0.36 0.58 0.45 0.476 0.4 0.17 0.636 0.33 0.4 0.33 0.4 0.55 0.5 0.635 0.54 0.686 0.4 0.901 0.48 0.23 0.58 0.4 0.4 0.1 0.54 0.36 0.46
Dot Production Prediction of Lab Growth Rates:
0.356337 0.602298 0.550452 0.454019 0.558846 0.463252 0.545941 0.601152 0.274876 0.464909 1.04996 0.402067 0.398983 0.371008 0.299198 0.635039 0.602673 0.370446 0.392507 0.680559 1.29796 0.507863 0.393159 0.299358 0.47059 1.2708 0.397348 0.657768 0.330912 0.34898 0.45742 0.405338 0.29577 0.406945 0.459987 0.390263 0.324249 1.25516 0.484523 0.314119 0.655094 0.527686 0.325865 0.393892 0.70683 0.55399 1.34757 0.465155 0.306269 0.548881 0.401811 0.456725 0.390924 1.20574 0.409326 0.379893 0.323254 0.660855 0.398649 0.402013 1.25227 0.399134 0.437161 0.521629 0.269011 0.310319 0.652276 0.572291 0.407401 1.34104 0.550133 0.482698 0.400567 0.553928 0.4445 0.60827 0.40199 0.673874 0.544201 0.36402 0.402888 0.382121 0.386753 0.36334 0.409256 0.393 0.705356 0.405572 0.329826 0.453996 0.469977 0.481072 0.372181 0.358545 0.376181 0.260419 0.396484 0.357489 0.454654 1.299 1.34473 1.29557 0.702992 1.24379 0.292965 2.20544 0.454216 0.314499 1.24793 0.485063 0.380255 0.396969 0.548477 0.544039 0.350905 0.418441 0.544249 0.900964 0.360644 0.539961 0.44435 0.66306 1.32772 0.547179 0.399983 0.336034 2.1784 0.336019 0.45356 0.549749 0.405413 0.402866 0.412794 0.259679 0.299983 0.400168 1.06455 0.439716 0.380684 0.305136 0.272943 1.31761 1.13867 0.411466 0.400007 0.335563 0.718573 0.339649 0.264985 0.322577 0.430516 0.700814 0.349297 0.634716 0.460159 0.370585 0.537126 0.3977 0.441922 0.54722 0.52714 0.591879 0.293385 0.436117 0.300131 0.365289 0.443784 0.383755 1.38643 0.435554 0.479386 0.364601 0.540954 0.597545 0.399155 0.436908 0.394623 0.404292 0.467173 0.594164 0.542875 0.402754 0.397587 0.259216 0.453755 0.428396 0.631425 0.314232 0.390586 1.1934 0.32586 0.531802 1.25842 0.259099 0.832799 0.284926 1.33972 1.38184 0.440501 0.596263 0.286646 1.02443 0.899264 0.283774 0.402352 0.481671 0.644289 1.26131 0.474743 0.399963 0.542689 0.30813 0.935244 0.391702 0.307441 0.7018 0.629562 0.462177 0.348691 0.322247 0.403622 0.6164 0.368994 0.490911 0.603998 0.475638 0.30508 1.45284 1.44864 0.564307 0.642337 0.40369 0.592493 0.549627 0.388726 0.419116 1.39471 0.278493 0.403321 0.361425 0.406141 0.492075 0.412142 0.542917 0.745786 1.11403 0.335108 0.466964 0.402807 0.375435 0.371009 0.292064 0.408999 0.702295 0.363182 1.29719 0.430985 0.431888 1.37075 0.295932 0.371618 0.799739 0.486772 0.363924 0.552249 0.398428 0.475493 0.311438 0.396768 0.365575 0.406214 0.446767 1.45837 1.23676 0.471607 0.419602 0.618088 0.380563 0.466567 0.334432 0.280172 0.28734 0.608613 0.583216 0.409181 0.638224 0.398081 0.320139 0.28116 0.361479 0.432223 0.325458 0.378287 0.361434 0.704255 0.533429 0.261849 1.27923 0.404022 0.39895 0.461647 0.30171 0.400433 0.397032 0.393931 0.470432 0.530196 0.403917 0.468111 0.697394 0.461899 0.385716 0.385251 0.292803 0.373303 0.329909 0.378808 1.34469 0.404805 0.384524 0.386163 1.31131 0.423901 0.922412 0.313075 0.397047 0.310975 0.709218 0.289988 0.556349 0.403746 0.473087 1.08754 1.28421 0.54958 0.464034 0.74724 1.29796 0.365328 0.556443 0.276119 0.365392 0.548352 0.698793 0.270049 0.740335 0.482436 0.303919 0.402095 0.291505 0.462151 0.47683 1.46318 0.81437 0.325444 1.18771 0.369364 0.537052 1.25571 1.37576 0.350519 0.998767 1.3064 0.471726 0.543594 0.401447 0.388698 0.415174 1.31199 0.297744 0.389068 0.314761 0.526338 0.343253 1.23209 0.343658 0.839093 0.599292 0.459328 0.398886 0.623399 0.39974 1.32652 0.391551 0.625247 0.585641 0.32717 0.536589 0.407025 0.723669 1.0664 0.479643 0.65743 0.33082 0.70071 0.406731 0.508642 0.390049 0.287461 0.397119 0.685108 0.612117 1.27807 0.40134 0.491807 0.33206 0.359216 1.31963 0.651106 0.888385 1.26222 0.44648 1.13573 1.3756 1.39994 0.596277 0.484275 0.411084 0.425809 0.660175 0.414294 0.325615 0.397276 1.24696 0.33147 1.25079 0.467883 0.381326 0.375935 0.475937 0.428752 0.466459 0.477687 0.414457 0.444362 0.48997 2.50676 0.358386 0.375429 0.322397 0.881311 0.430029 0.695529 0.404527 0.606455 0.402737 0.602181 0.537582 0.444481 0.596519 0.296858 0.544738 0.465623 0.290456 0.464552 0.541847 0.544944 0.656309 1.37168 0.404213 0.742196 0.425312 0.434931 0.542398 0.471401 0.618243 0.547214 1.28185 0.461001 0.471055 0.702795 0.899326 0.534295 0.990988 0.8994 0.304998 0.418347 0.542506 0.546184 0.430601 0.395137 0.380368 0.382191 0.550875 0.549474 0.386684 2.44941 0.903329 0.900761 0.371431 0.401603 0.649671 0.440869 0.371116 0.713569 0.335697 0.464308 0.704881 0.587256 0.545953 0.460335 0.504701 0.609238 0.355051 0.699172 0.898169 0.389149 0.465236 1.29779 1.35596 1.33687 0.396296 0.466851 0.543985 0.322916 0.613724 0.396322 0.380473 0.550997 0.485999 1.11175 0.694492 0.798776 0.516724 0.280124 0.459835 0.353701 0.704624 1.24214 0.593431 0.392544 0.379222 0.373763 0.599037 0.466422 0.392502 0.422268 1.17365 0.649922 0.462335 0.308587 0.49103 0.280662 0.488077 0.522495 0.706811 0.495847 0.340209 0.629282 0.448993 0.46176 0.420783 0.401155 0.544127 0.339859 0.351557 1.03942 0.399317 0.36803 0.333148 0.466083 0.436253 0.597432 0.392229 0.492012 0.70316 0.36032 0.402486 0.568595 0.402993 0.485352 0.303241 0.703098 0.330391 0.702456 0.403358 1.2696 0.318037 0.453365 0.392155 0.388474 0.401783 1.22259 0.541086 0.388619 0.458875
Testing:
Lab Growth Rates:
0.43 0.43 0.43
Dot Production Prediction of Lab Growth Rates:
0.483652 0.447602 0.39305
Best performance so far: 
Obj: 4.65827e-310Rho: 6.5069e-314Diff: 4.65827e-310
Test:
 Lab Growth Rates:
0.43 0.43 0.43Dot Product Prediction of Growth Rate:
0.4836516 0.4476019 0.3930496