seed =  5 traits =  1 
Training: part  44 
Training: part  44 
Round  1 
 Goal of obj  0.99 
Temperature range:  0.0078125 1e-14 
Cycle 1Round 1
Iter 500000 pBad 0.857006 T 0.00198679 Obj 1.09715 Rho 0 GRdif 54.3294 success 146847 failure 8885 obj_new 1.09715 SA_pAcc 0.982665 Delta -0.0728615 SA_r 0.188139 freedomratio 0.373248
Iter 1000000 pBad 0.801455 T 0.000505257 Obj 1.0399 Rho 0 GRdif 22.9251 success 289965 failure 26230 obj_new 1.0399 SA_pAcc 0.959239 Delta 0.0134129 SA_r 0.522922 freedomratio 0.361728
Iter 1500000 pBad 0.722637 T 0.000128491 Obj 1.02797 Rho 0 GRdif 16.1634 success 430362 failure 50878 obj_new 1.02797 SA_pAcc 0.90577 Delta 0.0389386 SA_r 0.536773 freedomratio 0.3624
Iter 2000000 pBad 0.603383 T 3.26763e-05 Obj 1.01972 Rho 0 GRdif 11.4462 success 568291 failure 81150 obj_new 1.01972 SA_pAcc 1.86703 Delta 0.0379916 SA_r 0.481964 freedomratio 0.363073
Iter 2500000 pBad 0.460832 T 8.30986e-06 Obj 1.01542 Rho 0 GRdif 8.97207 success 702205 failure 119449 obj_new 1.01543 SA_pAcc 0.366234 Delta -0.0108531 SA_r 0.948094 freedomratio 0.354507
Iter 3000000 pBad 0.326991 T 2.11327e-06 Obj 1.01037 Rho 0 GRdif 6.04325 success 825997 failure 176455 obj_new 1.01037 SA_pAcc 1.00226 Delta -0.000176896 SA_r 0.895126 freedomratio 0.347568
Iter 3500000 pBad 0.143165 T 5.37421e-07 Obj 1.00892 Rho 0 GRdif 5.2017 success 920134 failure 293020 obj_new 1.00892 SA_pAcc 0.360921 Delta 0.00356028 SA_r 0.575607 freedomratio 0.312367
Iter 4000000 pBad 0.0898564 T 1.36671e-07 Obj 1.00859 Rho 0 GRdif 5.0107 success 979081 failure 487076 obj_new 1.00859 SA_pAcc 1 Delta -0.00603166 SA_r 0.531073 freedomratio 0.279314
Iter 4500000 pBad 0.0274192 T 3.47565e-08 Obj 1.00847 Rho 0 GRdif 4.94207 success 1012524 failure 749008 obj_new 1.00847 SA_pAcc 0.00142585 Delta 0.000314685 SA_r 0.215416 freedomratio 0.238018
Iter 5000000 pBad 0.0154122 T 8.83886e-09 Obj 1.00844 Rho 0 GRdif 4.92387 success 1030066 failure 1060193 obj_new 1.00844 SA_pAcc 3.34344e-06 Delta 0.00133674 SA_r 0.440615 freedomratio 0.220053
Iter 5500000 pBad 0.00665626 T 2.2478e-09 Obj 1.00842 Rho 0 GRdif 4.91615 success 1039352 failure 1400590 obj_new 1.00842 SA_pAcc 1.79001e-16 Delta 0.000620865 SA_r 0.814604 freedomratio 0.210413
Iter 6000000 pBad 0.00481603 T 5.71633e-10 Obj 1.00842 Rho 0 GRdif 4.91219 success 1044435 failure 1757097 obj_new 1.00842 SA_pAcc 1.80517e-09 Delta -0.000148286 SA_r 0.303003 freedomratio 0.204181
Iter 6500000 pBad 0.00413856 T 1.45371e-10 Obj 1.00841 Rho 0 GRdif 4.91015 success 1047563 failure 2123645 obj_new 1.00841 SA_pAcc 1.16715e-66 Delta 0.000166813 SA_r 0.314621 freedomratio 0.199864
Iter 7000000 pBad 0.00140363 T 3.6969e-11 Obj 1.00841 Rho 0 GRdif 4.90947 success 1049202 failure 2496335 obj_new 1.00841 SA_pAcc 0 Delta 9.83595e-05 SA_r 0.141583 freedomratio 0.198914
Iter 7500000 pBad 0.000828068 T 9.40153e-12 Obj 1.00841 Rho 0 GRdif 4.90891 success 1050340 failure 2871469 obj_new 1.00841 SA_pAcc 3.07804e-52 Delta 1.13325e-05 SA_r 0.4404 freedomratio 0.198442
Iter 8000000 pBad 0.000122293 T 2.39089e-12 Obj 1.00841 Rho 0 GRdif 4.90879 success 1051293 failure 3247533 obj_new 1.00841 SA_pAcc 0 Delta 1.56443e-06 SA_r 0.86565 freedomratio 0.196975
Iter 8500000 pBad 4.21158e-05 T 6.08023e-13 Obj 1.00841 Rho 0 GRdif 4.92933 success 1058107 failure 3601853 obj_new 1.00845 SA_pAcc 0 Delta 8.94583e-07 SA_r 0.464142 freedomratio 0.195987
Iter 9000000 pBad 1.68722e-24 T 1.54625e-13 Obj 1.00841 Rho 0 GRdif 4.90885 success 1064385 failure 3909632 obj_new 1.00841 SA_pAcc 0 Delta 1.1581e-25 SA_r 0.522358 freedomratio 0.183469
Iter 9500000 pBad 6.24881e-65 T 3.93225e-14 Obj 1.00841 Rho 0 GRdif 4.90908 success 1064385 failure 4197408 obj_new 1.00841 SA_pAcc 0 Delta 2.65094e-66 SA_r 0.385603 freedomratio 0.176986
Iter 10000000 pBad 0 T 1e-14 Obj 1.00841 Rho 0 GRdif 4.90836 success 1064385 failure 4494674 obj_new 1.00841 SA_pAcc 1 Delta -0 SA_r 0.613506 freedomratio 0.111747
Cannot move further
iter 8.84888e+06 obj1.00841 rho 0 GRdif 4.90836
Training:
Lab Growth Rates:
0.4 0.33 0.5 0.43 0.48 0.31 0.46 0.56 0.465 0.37 0.4 0.36 0.5 1.35 0.45 0.54 0.41 0.48 0.1 0.4 0.53 0.46 0.59 0.23 0.25 0.901 0.46 0.47 0.54 0.53 0.648 0.901 0.59 0.5 0.19 0.42 0.11 1.05 0.724 1.345 0.46 0.4 0.54 0.54 1.345 0.4 0.53 0.39 0.5 0.54 0.485 0.4 0.3 0.37 0.59 0.4 0.1 1.345 0.25 0.58 1.345 0.47 0.4 0.54 0.52 0.27 0.46 0.53 0.45 0.52 0.49 0.54 0.47 0.637 0.48 0.4 1.66 0.4 0.5 0.45 0.55 0.6 0.45 0.41 0.42 1.483 0.1 0.901 0.6 0.7 0.301 0.52 0.65 0.648 0.25 0.41 1.42 0.45 0.4 0.485 0.68 0.43 0.65 0.4 1.43 0.55 0.56 0.3 0.4 0.37 0.3 0.42 0.4 0.33 0.59 0.39 0.58 0.36 0.56 0.56 0.36 0.43 0.6 0.4 0.46 0.4 0.4 0.38 1.345 0.47 1.483 0.46 0.37 0.301 0.4 0.37 0.686 0.4 0.4 0.37 0.58 0.46 0.56 0.55 0.476 0.45 0.4 0.33 0.26 0.27 0.377 0.56 0.33 0.5 0.43 0.42 1.345 0.42 0.636 0.485 0.22 0.42 0.4 0.26 0.42 0.1 0.4 0.2 0.33 0.53 0.485 0.3 0.56 0.27 0.5 0.46 0.17 0.25 0.22 0.53 0.3 0.22 0.39 0.68 0.36 0.58 0.55 0.47 0.637 0.59 0.901 0.54 0.43 0.47 0.4 0.25 0.1 0.19 0.54 0.58 0.686 0.43 0.5 0.11 0.37 0.4 0.59 0.47 1.05 0.4 0.14 0.23 0.42 0.19 0.2 0.4 0.39 0.7 0.09 1.483 0.59 0.54 0.3 0.42 0.17 0.41 0.25 0.4 0.4 0.56 0.37 0.42 1.483 0.4 0.39 0.3 0.23 0.42 0.54 0.58 0.4 0.47 0.65 0.45 0.4 0.45 0.5 0.5 0.58 0.52 0.23 0.7 1.483 0.635 0.37 0.5 0.54 0.46 0.58 0.52 0.5 1.03 0.23 0.45 0.46 0.68 0.4 0.52 0.6 0.5 0.42 0.5 0.65 0.46 0.38 0.636 0.58 0.42 0.58 0.31 1.46 0.5 0.22 0.5 0.4 0.45 0.762 0.47 0.46 0.46 0.59 0.4 0.762 0.481 0.53 0.11 0.46 0.47 0.47 0.53 0.58 0.32 0.54 0.5 0.45 0.37 0.4 0.59 0.58 0.45 0.48 0.3 0.23 0.46 0.3 0.53 0.4 0.4 0.58 0.4 0.476 0.56 0.59 0.45 0.47 1.483 0.45 0.56 0.23 0.56 0.54 0.636 0.41 0.25 0.3 0.56 0.377 0.58 0.46 0.58 0.37 0.59 0.5 0.301 1.49 0.4 0.59 0.56 0.58 0.4 0.58 0.53 1.248 0.55 0.56 0.47 0.762 1.05 0.41 0.476 0.5 0.51 1.67 0.36 1.46 0.46 0.56 0.686 0.56 0.55 0.4 0.33 0.901 0.45 0.42 0.42 0.55 0.648 0.22 0.54 0.52 0.53 0.65 0.635 0.27 0.1 0.37 0.52 0.17 0.09 0.3 0.27 0.46 0.47 0.42 0.38 0.48 0.46 0.25 0.465 1.46 0.37 0.3 0.47 0.54 1.248 0.5 0.5 0.58 0.36 1.248 0.481 0.901 0.54 1.345 0.14 0.4 0.58 0.33 1.43 0.53 1.345 0.3 0.71 0.45 0.34 0.617 0.1 0.7 0.762 0.52 0.4 0.5 0.43 0.68 0.53 0.58 1.345 1.44 0.1 0.1 0.51 0.37 0.34 0.33 0.37 0.36 0.37 0.36 0.31 0.4 0.46 0.71 0.26 0.22 0.34 0.27 0.23 0.49 0.38 0.4 0.65 0.4 0.43 0.635 0.48 0.5 0.4 0.65 0.55 0.4 0.4 1.248 0.49 0.54 0.47 0.5 0.5 0.55 0.5 1.483 0.56 0.5 0.47 0.22 0.724 0.53 0.32 1.05 0.47 0.45 0.56 0.58 0.09 1.38 0.4 1.05 0.59 0.43 0.52 0.47 0.32 0.59 1.4 0.637 0.36 0.54 1.483 0.5 0.481 0.42 0.724 0.43 0.52 0.55 0.4 0.4 0.47 0.5 0.4 0.4 0.45 0.47 0.5 0.43 0.47 0.48 0.54 0.45 0.2 0.43 0.48 1.46 0.54 0.23 0.41 1.345 0.41 0.54 1.483 0.59 0.33 0.54 0.4 0.4 1.483 0.5 0.54 0.22 0.5 0.48 0.4 0.55 0.51 0.71 0.65 0.47 1.67 1.248 1.483 1.345 0.54 0.52 0.377 0.4 0.3 0.53 0.59 0.65 0.5 0.68 0.39 1.66 1.345 0.4 0.38 0.465 0.4 1.483 0.41 0.47 0.42 0.4 0.4 0.5 0.55
Dot Production Prediction of Lab Growth Rates:
0.405168 0.331079 0.539807 0.355454 0.326137 0.543163 0.347491 0.530725 0.471144 0.428676 0.399132 0.360538 0.470852 1.33155 0.397858 0.394472 0.343229 0.352052 0.442432 0.406621 0.533646 0.471059 0.33374 0.53413 0.321564 0.799145 0.524199 0.370065 0.320529 0.493049 0.716007 0.902205 0.343046 0.391349 0.334854 0.323361 0.342007 1.05118 0.723405 0.990202 0.444824 0.406537 0.399537 0.366105 0.923935 0.405527 0.382187 0.324094 0.687628 0.321545 0.469317 0.398451 0.285092 0.557623 0.329276 0.405416 1.05568 1.00495 0.361659 0.326419 1.00077 0.35242 0.39679 0.360911 0.366445 0.591256 0.446582 0.336823 1.45136 0.377647 0.373355 0.346011 0.396804 0.708015 0.334718 0.367884 1.66 0.403989 0.469622 1.5146 0.552693 0.467462 0.337437 0.464303 0.354959 0.982383 0.744571 0.905572 0.446406 0.683146 0.466886 0.390203 0.640529 0.714071 0.36149 0.352991 1.51014 1.51249 0.403817 0.461868 0.562581 0.376964 0.671066 0.406303 1.43051 0.44591 0.472123 0.471545 0.400488 0.443058 0.432144 0.587863 0.407521 0.33043 0.38007 0.3676 0.476603 0.346265 0.530351 0.535023 0.358044 0.42487 0.449373 0.409096 0.430826 0.400589 0.407265 0.368421 1.00077 0.440048 0.97122 0.340423 0.37776 0.463431 0.406045 0.414696 0.72584 0.401938 0.404546 0.37159 0.36564 0.459989 0.531409 0.444077 0.476503 0.341682 0.399998 0.383757 0.557819 0.31422 0.464491 0.542006 0.334627 0.348821 0.396492 0.579616 0.94705 0.343991 0.720356 0.463664 0.469832 0.340616 0.40744 0.347353 0.597316 0.976041 0.407076 0.412924 0.370293 0.536479 0.469384 0.367135 0.468105 0.347574 0.595937 0.3169 0.331561 0.720698 0.432509 0.312847 0.339738 0.469863 0.33438 0.56167 0.344382 0.465811 0.447659 0.349976 0.709392 0.343619 0.901 0.356049 0.426176 0.418152 0.399877 0.516238 0.38259 0.339669 0.540913 0.477873 0.726706 0.38459 0.475106 0.383058 0.431471 0.400837 0.542071 0.35828 1.79217 0.408078 0.139178 0.536202 0.34578 0.346634 0.364782 0.408229 0.337166 0.678694 0.347114 0.982058 0.541634 0.405608 0.408797 0.36291 0.436228 0.463437 0.53924 0.407943 0.407104 0.469077 0.426466 0.352398 0.92395 0.406324 0.317056 0.43375 0.446685 0.329974 0.45928 0.466236 0.402179 0.491146 0.649861 0.397527 0.403514 0.351506 0.331631 0.338118 0.473909 0.399227 0.532893 0.679556 0.976387 0.718441 0.428861 0.531651 0.400163 0.473034 0.346361 0.386778 0.557087 1.43089 0.530525 0.357542 0.371638 0.559512 0.401217 0.359273 0.451089 0.66884 0.332815 0.53472 0.6326 0.320324 0.323941 0.712018 0.477479 0.384645 0.376557 0.554029 1.70839 0.636386 0.398481 0.680591 0.40136 0.370173 0.767259 0.340572 0.443135 0.420891 0.551173 0.41212 0.770905 0.470078 0.346433 0.388799 0.533406 0.41521 0.380131 0.433877 0.352184 0.336106 0.540999 0.361905 0.336555 0.454181 0.405569 0.545982 0.365673 0.390265 0.324653 0.448509 0.448158 0.458435 0.417188 0.522865 0.405801 0.407215 0.374216 0.403944 0.474986 0.476532 0.543368 0.381317 0.373128 0.980751 1.43739 0.536772 0.538981 0.543162 0.361801 0.724186 0.376382 1.47602 0.376885 0.531084 0.468013 0.472992 0.463204 0.467236 0.428205 0.330823 0.469315 0.465645 1.5146 0.404459 0.346192 0.54273 0.478261 0.399437 0.403028 0.35025 0.845741 0.447889 0.469096 0.372376 0.763519 1.05 0.382634 0.475575 0.530112 0.424669 1.49092 0.367269 1.01593 0.382147 0.471007 0.728928 0.541692 0.548914 0.400197 0.509566 0.91422 1.44707 0.347293 0.341538 0.550371 0.712128 0.475251 0.388823 0.381254 0.522353 0.660079 0.717759 0.367831 1.20761 0.441501 0.386237 0.346589 0.363781 0.277876 0.374156 0.401006 0.495908 0.327895 0.315463 0.363243 0.459515 0.350932 0.474223 1.01009 0.433109 0.469428 0.344798 0.444112 0.845198 0.57607 0.326654 0.472141 0.327184 0.850245 0.46879 0.898114 0.443802 1.00122 0.14008 0.407948 0.46925 0.463952 1.42991 0.518229 0.990045 0.433813 0.720072 0.356041 0.328563 0.545936 0.435534 0.682276 0.767236 0.385042 0.408108 0.634577 0.438206 0.561672 0.54669 0.32576 1.01826 1.48908 0.987938 1.37946 0.407303 0.312937 0.321402 0.373671 0.435876 0.403019 0.440356 0.415236 0.544613 0.403429 0.497281 0.722674 0.453 0.351176 0.334942 0.392108 0.540231 0.399274 0.366594 0.347315 0.653404 0.408574 0.39971 0.720025 0.328378 0.319739 0.3978 0.644414 0.548364 0.401047 0.396453 0.84659 0.372813 0.539987 0.466492 0.668182 0.334143 0.437966 0.374826 0.939117 0.545186 0.336077 0.364621 0.469935 0.722916 0.531942 0.311749 0.992608 0.390819 1.45211 0.540187 0.471598 0.44647 1.35837 0.395481 1.04998 0.321147 0.365843 0.353792 0.383274 0.34808 0.544168 1.50481 0.706002 0.333383 0.35205 0.95236 0.532295 0.468508 0.346206 0.722824 0.410643 0.365177 0.546703 0.401425 0.406388 0.36535 0.57772 0.406902 0.406955 1.46976 0.415075 0.47195 0.371332 0.377218 0.333906 0.457094 0.400043 0.413829 0.457962 0.330946 0.988035 0.387123 0.445769 0.325287 0.932384 0.453635 0.530495 0.959413 0.545628 0.428226 0.454551 0.403669 0.400949 0.979033 0.354447 0.404408 0.466252 0.591843 0.316769 0.399952 0.551565 0.401051 0.72662 0.659855 0.381974 1.47698 0.84716 0.973462 0.9519 0.441937 0.376297 0.465287 0.39951 0.274618 0.394769 0.399495 0.647647 0.474651 0.563138 0.348024 1.66 1.01608 0.402201 0.32846 0.472363 0.40648 0.946178 0.38033 0.402482 0.384632 0.398615 0.401863 0.37086 0.442772
Testing:
Lab Growth Rates:
0.54 0.54 0.54
Dot Production Prediction of Lab Growth Rates:
0.532907 0.526695 0.544081
Best performance so far: 
Obj: 4.64819e-310Rho: 2.26291e-314Diff: 4.64819e-310
Anneal again with the best G and E so far as input
Cycle 2Round 1
Iter 500000 pBad 0.850109 T 0.00198679 Obj 1.08153 Rho 0 GRdif 45.9299 success 109038 failure 8459 obj_new 1.08153 SA_pAcc 0.840181 Delta 0.030654 SA_r 0.293696 freedomratio 0.260213
Iter 1000000 pBad 0.760685 T 0.000505257 Obj 1.04399 Rho 0 GRdif 25.2278 success 214437 failure 24253 obj_new 1.04399 SA_pAcc 0.940499 Delta 0.0444921 SA_r 0.44351 freedomratio 0.25357
Iter 1500000 pBad 0.647839 T 0.000128491 Obj 1.03004 Rho 0 GRdif 17.3462 success 316176 failure 50057 obj_new 1.03004 SA_pAcc 1.12502 Delta -0.0331004 SA_r 0.800886 freedomratio 0.258491
Iter 2000000 pBad 0.549063 T 3.26763e-05 Obj 1.02452 Rho 0 GRdif 14.1968 success 415242 failure 82258 obj_new 1.02452 SA_pAcc 1.01383 Delta -0.0124526 SA_r 0.690872 freedomratio 0.24968
Iter 2500000 pBad 0.519847 T 8.30986e-06 Obj 1.01771 Rho 0 GRdif 10.2852 success 513466 failure 117820 obj_new 1.01771 SA_pAcc 1 Delta 0.0466073 SA_r 0.73772 freedomratio 0.252695
Iter 3000000 pBad 0.298609 T 2.11327e-06 Obj 1.01413 Rho 0 GRdif 8.22073 success 601876 failure 173195 obj_new 1.01413 SA_pAcc 0.833664 Delta 0.0191394 SA_r 0.0728809 freedomratio 0.235436
Iter 3500000 pBad 0.207166 T 5.37421e-07 Obj 1.01123 Rho 0 GRdif 6.54267 success 679950 failure 256006 obj_new 1.01123 SA_pAcc 1.05641 Delta -0.00248335 SA_r 0.649412 freedomratio 0.240361
Iter 4000000 pBad 0.0989695 T 1.36671e-07 Obj 1.01028 Rho 0 GRdif 5.99495 success 736057 failure 390590 obj_new 1.01028 SA_pAcc 1.19191 Delta -0.00445366 SA_r 0.34458 freedomratio 0.208097
Iter 4500000 pBad 0.0635101 T 3.47565e-08 Obj 1.00973 Rho 0 GRdif 5.67288 success 779224 failure 576919 obj_new 1.00973 SA_pAcc 8.18501e-17 Delta 0.00385977 SA_r 0.255324 freedomratio 0.183469
Iter 5000000 pBad 0.0264109 T 8.83886e-09 Obj 1.00946 Rho 0 GRdif 5.51959 success 805461 failure 829832 obj_new 1.00946 SA_pAcc 1 Delta 0.0011914 SA_r 0.00577826 freedomratio 0.166667
Iter 5500000 pBad 0.0167182 T 2.2478e-09 Obj 1.00936 Rho 0 GRdif 5.46217 success 821899 failure 1128551 obj_new 1.00936 SA_pAcc 0 Delta -0.00133581 SA_r 0.298795 freedomratio 0.155273
Iter 6000000 pBad 0.00469603 T 5.71633e-10 Obj 1.00932 Rho 0 GRdif 5.43599 success 831514 failure 1459812 obj_new 1.00932 SA_pAcc 2.88202e-177 Delta -0.000396076 SA_r 0.379194 freedomratio 0.149034
Iter 6500000 pBad 0.0025634 T 1.45371e-10 Obj 1.0093 Rho 0 GRdif 5.42679 success 838931 failure 1808325 obj_new 1.0093 SA_pAcc 1.74055e-141 Delta -4.07599e-05 SA_r 0.461299 freedomratio 0.143627
Iter 7000000 pBad 0.00256403 T 3.6969e-11 Obj 1.0093 Rho 0 GRdif 5.42459 success 845463 failure 2175003 obj_new 1.0093 SA_pAcc 0 Delta 0.000120604 SA_r 0.0798957 freedomratio 0.13883
Iter 7500000 pBad 0.000774294 T 9.40153e-12 Obj 1.00929 Rho 0 GRdif 5.41932 success 851764 failure 2553398 obj_new 1.00929 SA_pAcc 1.52163e-73 Delta 1.66994e-05 SA_r 0.559503 freedomratio 0.133061
Iter 8000000 pBad 0.000618035 T 2.39089e-12 Obj 1.00929 Rho 0 GRdif 5.41803 success 857428 failure 2946271 obj_new 1.00929 SA_pAcc 0 Delta -2.73616e-05 SA_r 0.1115 freedomratio 0.131893
Iter 8500000 pBad 1.99835e-18 T 6.08023e-13 Obj 1.00929 Rho 0 GRdif 5.42615 success 860414 failure 3309856 obj_new 1.0093 SA_pAcc 0 Delta 1.49125e-19 SA_r 0.627114 freedomratio 0.126867
Iter 9000000 pBad 1.99808e-62 T 1.54625e-13 Obj 1.00929 Rho 0 GRdif 5.4179 success 860414 failure 3650497 obj_new 1.00929 SA_pAcc 0 Delta 1.13017e-63 SA_r 0.257331 freedomratio 0.126484
Iter 9500000 pBad 0 T 3.93225e-14 Obj 1.00929 Rho 0 GRdif 5.41792 success 860414 failure 3998840 obj_new 1.00929 SA_pAcc 0 Delta -0 SA_r 0.285765 freedomratio 0.0824539
Good enough
iter 8.31071e+06 obj1.00929 rho 0 GRdif 5.41761
Training:
Lab Growth Rates:
0.4 0.33 0.5 0.43 0.48 0.31 0.46 0.56 0.465 0.37 0.4 0.36 0.5 1.35 0.45 0.54 0.41 0.48 0.1 0.4 0.53 0.46 0.59 0.23 0.25 0.901 0.46 0.47 0.54 0.53 0.648 0.901 0.59 0.5 0.19 0.42 0.11 1.05 0.724 1.345 0.46 0.4 0.54 0.54 1.345 0.4 0.53 0.39 0.5 0.54 0.485 0.4 0.3 0.37 0.59 0.4 0.1 1.345 0.25 0.58 1.345 0.47 0.4 0.54 0.52 0.27 0.46 0.53 0.45 0.52 0.49 0.54 0.47 0.637 0.48 0.4 1.66 0.4 0.5 0.45 0.55 0.6 0.45 0.41 0.42 1.483 0.1 0.901 0.6 0.7 0.301 0.52 0.65 0.648 0.25 0.41 1.42 0.45 0.4 0.485 0.68 0.43 0.65 0.4 1.43 0.55 0.56 0.3 0.4 0.37 0.3 0.42 0.4 0.33 0.59 0.39 0.58 0.36 0.56 0.56 0.36 0.43 0.6 0.4 0.46 0.4 0.4 0.38 1.345 0.47 1.483 0.46 0.37 0.301 0.4 0.37 0.686 0.4 0.4 0.37 0.58 0.46 0.56 0.55 0.476 0.45 0.4 0.33 0.26 0.27 0.377 0.56 0.33 0.5 0.43 0.42 1.345 0.42 0.636 0.485 0.22 0.42 0.4 0.26 0.42 0.1 0.4 0.2 0.33 0.53 0.485 0.3 0.56 0.27 0.5 0.46 0.17 0.25 0.22 0.53 0.3 0.22 0.39 0.68 0.36 0.58 0.55 0.47 0.637 0.59 0.901 0.54 0.43 0.47 0.4 0.25 0.1 0.19 0.54 0.58 0.686 0.43 0.5 0.11 0.37 0.4 0.59 0.47 1.05 0.4 0.14 0.23 0.42 0.19 0.2 0.4 0.39 0.7 0.09 1.483 0.59 0.54 0.3 0.42 0.17 0.41 0.25 0.4 0.4 0.56 0.37 0.42 1.483 0.4 0.39 0.3 0.23 0.42 0.54 0.58 0.4 0.47 0.65 0.45 0.4 0.45 0.5 0.5 0.58 0.52 0.23 0.7 1.483 0.635 0.37 0.5 0.54 0.46 0.58 0.52 0.5 1.03 0.23 0.45 0.46 0.68 0.4 0.52 0.6 0.5 0.42 0.5 0.65 0.46 0.38 0.636 0.58 0.42 0.58 0.31 1.46 0.5 0.22 0.5 0.4 0.45 0.762 0.47 0.46 0.46 0.59 0.4 0.762 0.481 0.53 0.11 0.46 0.47 0.47 0.53 0.58 0.32 0.54 0.5 0.45 0.37 0.4 0.59 0.58 0.45 0.48 0.3 0.23 0.46 0.3 0.53 0.4 0.4 0.58 0.4 0.476 0.56 0.59 0.45 0.47 1.483 0.45 0.56 0.23 0.56 0.54 0.636 0.41 0.25 0.3 0.56 0.377 0.58 0.46 0.58 0.37 0.59 0.5 0.301 1.49 0.4 0.59 0.56 0.58 0.4 0.58 0.53 1.248 0.55 0.56 0.47 0.762 1.05 0.41 0.476 0.5 0.51 1.67 0.36 1.46 0.46 0.56 0.686 0.56 0.55 0.4 0.33 0.901 0.45 0.42 0.42 0.55 0.648 0.22 0.54 0.52 0.53 0.65 0.635 0.27 0.1 0.37 0.52 0.17 0.09 0.3 0.27 0.46 0.47 0.42 0.38 0.48 0.46 0.25 0.465 1.46 0.37 0.3 0.47 0.54 1.248 0.5 0.5 0.58 0.36 1.248 0.481 0.901 0.54 1.345 0.14 0.4 0.58 0.33 1.43 0.53 1.345 0.3 0.71 0.45 0.34 0.617 0.1 0.7 0.762 0.52 0.4 0.5 0.43 0.68 0.53 0.58 1.345 1.44 0.1 0.1 0.51 0.37 0.34 0.33 0.37 0.36 0.37 0.36 0.31 0.4 0.46 0.71 0.26 0.22 0.34 0.27 0.23 0.49 0.38 0.4 0.65 0.4 0.43 0.635 0.48 0.5 0.4 0.65 0.55 0.4 0.4 1.248 0.49 0.54 0.47 0.5 0.5 0.55 0.5 1.483 0.56 0.5 0.47 0.22 0.724 0.53 0.32 1.05 0.47 0.45 0.56 0.58 0.09 1.38 0.4 1.05 0.59 0.43 0.52 0.47 0.32 0.59 1.4 0.637 0.36 0.54 1.483 0.5 0.481 0.42 0.724 0.43 0.52 0.55 0.4 0.4 0.47 0.5 0.4 0.4 0.45 0.47 0.5 0.43 0.47 0.48 0.54 0.45 0.2 0.43 0.48 1.46 0.54 0.23 0.41 1.345 0.41 0.54 1.483 0.59 0.33 0.54 0.4 0.4 1.483 0.5 0.54 0.22 0.5 0.48 0.4 0.55 0.51 0.71 0.65 0.47 1.67 1.248 1.483 1.345 0.54 0.52 0.377 0.4 0.3 0.53 0.59 0.65 0.5 0.68 0.39 1.66 1.345 0.4 0.38 0.465 0.4 1.483 0.41 0.47 0.42 0.4 0.4 0.5 0.55
Dot Production Prediction of Lab Growth Rates:
0.361724 0.32154 0.546639 0.367236 0.287138 0.592613 0.356811 0.532454 0.523056 0.426266 0.377181 0.375187 0.472393 1.11823 0.407364 0.405071 0.353845 0.353408 0.468092 0.362351 0.544056 0.467955 0.329036 0.545614 0.320522 0.852378 0.51574 0.361858 0.298707 0.465624 0.703565 0.914412 0.357812 0.449159 0.322044 0.345442 0.342673 1.07327 0.712691 1.27132 0.429749 0.360632 0.381295 0.40421 1.22557 0.377297 0.434157 0.331208 0.734085 0.320891 0.528929 0.355077 0.228885 0.540807 0.336753 0.360739 2.43636 1.2186 0.361992 0.299754 1.20895 0.353607 0.374583 0.36647 0.398135 0.585978 0.483003 0.323483 1.43745 0.376483 0.396384 0.351085 0.414293 0.699975 0.281051 0.307863 1.43183 0.358541 0.482653 1.52164 0.55757 0.591658 0.356786 0.525549 0.316718 1.20488 0.862492 0.90998 0.591348 0.75926 0.530501 0.397669 0.627816 0.70561 0.367598 0.383105 1.50503 1.5241 0.358314 0.519795 0.634735 0.396182 0.654663 0.359701 1.18174 0.474449 0.471537 0.582273 0.379507 0.445444 0.54947 0.59266 0.363213 0.333846 0.370018 0.364566 0.475577 0.372166 0.549602 0.545218 0.366962 0.425754 0.571756 0.363346 0.396998 0.355074 0.362618 0.394061 1.2234 0.456999 1.1832 0.341772 0.418378 0.532232 0.362752 0.421571 0.711588 0.381911 0.360634 0.407789 0.35912 0.4611 0.547517 0.473594 0.528405 0.361878 0.354036 0.336936 0.585101 0.300601 0.530016 0.55481 0.320921 0.340848 0.408918 0.578047 1.21574 0.350122 0.708277 0.518971 0.481255 0.320792 0.363916 0.392611 0.599959 2.1118 0.360583 0.358063 0.373616 0.511842 0.524149 0.461284 0.473653 0.352224 0.631416 0.298406 0.32146 0.851018 0.461286 0.262795 0.330591 0.48031 0.353321 0.637645 0.327523 0.469988 0.472921 0.347863 0.698349 0.352362 0.90554 0.386064 0.41258 0.433352 0.376528 0.488987 0.345321 0.340352 0.534175 0.464616 0.710714 0.371489 0.487257 0.381751 0.431855 0.354989 0.556255 0.370672 1.41533 0.362399 0.66551 0.54588 0.35878 0.316259 0.353708 0.363594 0.327312 0.759557 0.355299 1.19927 0.552277 0.381835 0.499842 0.366443 0.451916 0.524194 0.544066 0.362901 0.362364 0.478477 0.423516 0.35952 1.20435 0.359469 0.313658 0.545628 0.4469 0.313093 0.471116 0.457744 0.375291 0.470188 0.655139 0.430899 0.359588 0.323065 0.336737 0.333059 0.478484 0.386652 0.551695 0.766296 1.16454 0.704754 0.433888 0.539737 0.36946 0.468195 0.361564 0.383208 0.62308 1.29764 0.543168 0.326007 0.370572 0.630313 0.371761 0.364038 0.581339 0.713398 0.294639 0.556039 0.621357 0.312556 0.299748 0.706128 0.477532 0.366894 0.371619 0.58715 1.45646 0.671475 0.416266 0.725759 0.357288 0.363721 0.836743 0.327708 0.435315 0.428385 0.548191 0.382096 0.847774 0.523813 0.338419 0.405921 0.53426 0.400793 0.41969 0.440826 0.387859 0.333051 0.539483 0.395312 0.297614 0.4571 0.36065 0.551705 0.387446 0.374678 0.3075 0.581403 0.447159 0.46507 0.398516 0.539992 0.360461 0.36201 0.394132 0.357395 0.523772 0.476963 0.55194 0.399828 0.354677 1.17211 1.42802 0.549713 0.547244 0.546761 0.377868 0.711432 0.38384 1.47332 0.372027 0.534047 0.526644 0.484747 0.466515 0.472353 0.426207 0.329356 0.469831 0.528361 1.52164 0.36018 0.323712 0.545351 0.474964 0.377835 0.401642 0.387711 0.87116 0.471491 0.475395 0.38028 0.822717 1.05584 0.412436 0.528512 0.539932 0.452419 1.47683 0.371907 1.05117 0.373671 0.473413 0.714669 0.549404 0.551428 0.379818 0.540201 0.912726 1.41373 0.347078 0.352 0.553054 0.697179 0.484121 0.390483 0.404237 0.53371 0.654276 0.706065 0.384298 2.66054 0.442701 0.372386 0.311591 0.395349 0.224966 0.393202 0.415016 0.47578 0.30615 0.299223 0.354694 0.457273 0.367251 0.529466 1.05655 0.437511 0.617236 0.379933 0.454076 0.866159 0.6154 0.341667 0.480218 0.344178 0.880363 0.520332 0.905728 0.455649 1.20033 0.66351 0.362469 0.47014 0.509105 1.16022 0.535019 1.19005 0.567289 0.704233 0.381418 0.331459 1.04311 0.457625 0.763632 0.828421 0.426073 0.362755 0.692666 0.444854 0.631293 0.544806 0.331345 1.26766 1.49816 2.13839 1.39211 0.442015 0.283885 0.312794 0.388219 0.444439 0.452867 0.443355 0.443908 0.597263 0.372905 0.528228 0.710422 0.462708 0.359425 0.327627 0.384729 0.547844 0.41381 0.386798 0.309979 0.658346 0.364481 0.379966 0.702055 0.287424 0.357982 0.352764 0.642726 0.551275 0.369302 0.349981 0.868161 0.384574 0.542589 0.46941 0.695728 0.345348 0.46193 0.374921 1.19093 0.544937 0.328236 0.358588 0.481697 0.715784 0.534201 0.314585 1.04178 0.367767 1.45145 0.546442 0.484668 0.478243 1.3073 0.349388 1.07129 0.332552 0.376962 0.360684 0.38268 0.36221 0.550187 1.49354 0.704971 0.354648 0.33739 1.20965 0.545309 0.518989 0.34045 0.709142 0.420798 0.349675 0.553673 0.355591 0.361453 0.389578 0.597331 0.361453 0.363291 1.47186 0.394512 0.483585 0.39124 0.360607 0.366887 0.46433 0.433847 0.393171 0.439036 0.359978 1.04418 0.357318 0.447462 0.330532 1.22596 0.523949 0.541328 1.23861 0.546089 0.476178 0.455292 0.357739 0.3702 1.23847 0.390089 0.411047 0.475025 0.647652 0.324726 0.37886 0.55692 0.414097 0.717639 0.672358 0.41693 1.49758 0.867916 1.23296 1.25238 0.458053 0.395346 0.52832 0.353326 0.226358 0.408942 0.389677 0.65464 0.478963 0.634153 0.341971 1.50117 1.22869 0.357097 0.316037 0.526221 0.361909 1.22176 0.41168 0.386704 0.42142 0.376559 0.356625 0.416548 0.465416
Testing:
Lab Growth Rates:
0.54 0.54 0.54
Dot Production Prediction of Lab Growth Rates:
0.548478 0.537361 0.548033
Best performance so far: 
Obj: 4.64819e-310Rho: 6.5069e-314Diff: 4.64819e-310
Test:
 Lab Growth Rates:
0.54 0.54 0.54Dot Product Prediction of Growth Rate:
0.5484779 0.5373611 0.5480333