seed =  5 traits =  1 
Training: part  86 
Training: part  86 
Round  1 
 Goal of obj  0.99 
Temperature range:  0.00390625 7.8125e-15 
Cycle 1Round 1
Iter 500000 pBad 0.8371 T 0.00101581 Obj 1.06076 Rho 0 GRdif 34.6251 success 146452 failure 10512 obj_new 1.06076 SA_pAcc 1.17369 Delta -0.0827838 SA_r 0.928054 freedomratio 0.362122
Iter 1000000 pBad 0.786814 T 0.000264158 Obj 1.03307 Rho 0 GRdif 19.0979 success 289954 failure 28691 obj_new 1.03307 SA_pAcc 1 Delta 0.0250546 SA_r 0.394998 freedomratio 0.367794
Iter 1500000 pBad 0.665569 T 6.86935e-05 Obj 1.0263 Rho 0 GRdif 15.2389 success 428779 failure 56621 obj_new 1.0263 SA_pAcc 1 Delta -0.0526633 SA_r 0.7321 freedomratio 0.361231
Iter 2000000 pBad 0.549748 T 1.78635e-05 Obj 1.01919 Rho 0 GRdif 11.155 success 563805 failure 92690 obj_new 1.01919 SA_pAcc 1 Delta 0.0190916 SA_r 0.0143628 freedomratio 0.363918
Iter 2500000 pBad 0.461906 T 4.64535e-06 Obj 1.0159 Rho 0 GRdif 9.25733 success 689378 failure 144732 obj_new 1.0159 SA_pAcc 0.998084 Delta 0.0383259 SA_r 0.521799 freedomratio 0.353614
Iter 3000000 pBad 0.283879 T 1.20801e-06 Obj 1.01151 Rho 0 GRdif 6.72031 success 796844 failure 235499 obj_new 1.01151 SA_pAcc 1 Delta -0.00719729 SA_r 0.909681 freedomratio 0.332766
Iter 3500000 pBad 0.112433 T 3.14139e-07 Obj 1.00991 Rho 0 GRdif 5.78878 success 877891 failure 381324 obj_new 1.00991 SA_pAcc 1 Delta -0.00993576 SA_r 0.691288 freedomratio 0.303988
Iter 4000000 pBad 0.0695524 T 8.16908e-08 Obj 1.00945 Rho 0 GRdif 5.52304 success 921359 failure 612698 obj_new 1.00945 SA_pAcc 0.0350023 Delta 0.00264915 SA_r 0.450896 freedomratio 0.265371
Iter 4500000 pBad 0.0255503 T 2.12434e-08 Obj 1.0093 Rho 0 GRdif 5.43488 success 946409 failure 897001 obj_new 1.0093 SA_pAcc 1 Delta -0.00237307 SA_r 0.274427 freedomratio 0.232752
Iter 5000000 pBad 0.0098936 T 5.52429e-09 Obj 1.00924 Rho 0 GRdif 5.40303 success 959317 failure 1222120 obj_new 1.00925 SA_pAcc 0 Delta 0.00042386 SA_r 0.841764 freedomratio 0.217246
Iter 5500000 pBad 0.00603694 T 1.43657e-09 Obj 1.00921 Rho 0 GRdif 5.39284 success 966925 failure 1567581 obj_new 1.00923 SA_pAcc 0 Delta -0.000558641 SA_r 0.589417 freedomratio 0.208082
Iter 6000000 pBad 0.00528437 T 3.73576e-10 Obj 1.00919 Rho 0 GRdif 5.37 success 971511 failure 1927687 obj_new 1.00919 SA_pAcc 0.492166 Delta -1.21328e-05 SA_r 0.853636 freedomratio 0.203114
Iter 6500000 pBad 0.00117073 T 9.71473e-11 Obj 1.00918 Rho 0 GRdif 5.36657 success 974353 failure 2296966 obj_new 1.00918 SA_pAcc 2.10524e-35 Delta 7.99589e-05 SA_r 0.962054 freedomratio 0.19811
Iter 7000000 pBad 0.000592261 T 2.52628e-11 Obj 1.00918 Rho 0 GRdif 5.36622 success 975952 failure 2672180 obj_new 1.00918 SA_pAcc 0 Delta -4.67845e-05 SA_r 0.691702 freedomratio 0.196716
Iter 7500000 pBad 0.00022005 T 6.56952e-12 Obj 1.00918 Rho 0 GRdif 5.36428 success 977975 failure 3053357 obj_new 1.00918 SA_pAcc 2.29464e-115 Delta 1.5791e-05 SA_r 0.518407 freedomratio 0.189599
Iter 8000000 pBad 0.00111015 T 1.70838e-12 Obj 1.00918 Rho 0 GRdif 5.36364 success 979776 failure 3443587 obj_new 1.00918 SA_pAcc 1 Delta -8.85893e-05 SA_r 0.552636 freedomratio 0.184013
Iter 8500000 pBad 0.000503531 T 4.44259e-13 Obj 1.00918 Rho 0 GRdif 5.36368 success 983239 failure 3831972 obj_new 1.00918 SA_pAcc 0 Delta 2.3009e-05 SA_r 0.435499 freedomratio 0.177341
Iter 9000000 pBad 9.13045e-67 T 1.15528e-13 Obj 1.00918 Rho 0 GRdif 5.36352 success 985550 failure 4152371 obj_new 1.00918 SA_pAcc 0 Delta -6.60875e-68 SA_r 0.123309 freedomratio 0.173054
Iter 9500000 pBad 3.81506e-66 T 3.00428e-14 Obj 1.00918 Rho 0 GRdif 5.36323 success 985550 failure 4467415 obj_new 1.00918 SA_pAcc 0 Delta 9.15762e-68 SA_r 0.330143 freedomratio 0.139463
Iter 10000000 pBad 0 T 7.81252e-15 Obj 1.00918 Rho 0 GRdif 5.44953 success 985550 failure 4809508 obj_new 1.00933 SA_pAcc 0 Delta -0 SA_r 0.779153 freedomratio 0.0589417
Cannot move further
iter 8.79039e+06 obj1.00918 rho 0 GRdif 5.36323
Training:
Lab Growth Rates:
0.41 0.34 0.19 0.377 0.45 0.5 0.45 0.56 0.23 0.55 0.43 0.6 0.41 0.42 0.1 0.54 0.43 0.11 0.465 0.54 0.41 0.5 0.22 0.48 0.4 0.5 0.4 0.68 0.4 0.37 0.47 0.58 0.637 0.65 0.59 0.65 1.483 0.42 0.36 0.37 0.46 0.42 1.46 0.481 0.41 0.4 1.483 1.483 0.52 0.52 0.3 0.56 0.36 0.636 0.58 0.27 0.46 0.6 0.23 0.42 0.46 0.42 1.345 0.56 0.45 0.52 0.54 0.4 0.42 0.377 0.55 0.52 0.55 0.58 0.58 0.4 0.46 0.54 0.1 0.22 0.58 0.5 1.483 0.4 0.68 0.59 0.59 0.25 0.56 0.36 0.41 0.3 0.45 0.5 1.248 1.43 0.31 0.43 0.38 0.5 0.1 1.05 0.42 0.37 0.11 0.59 0.4 0.65 0.46 0.46 0.45 0.58 1.43 0.48 0.5 0.4 0.53 0.5 0.686 0.53 0.42 0.56 0.39 0.4 0.3 0.4 0.55 0.54 0.6 0.42 0.54 0.36 0.37 0.58 0.1 0.46 0.37 0.65 0.23 0.33 0.39 0.301 0.5 1.345 1.483 0.45 0.36 0.54 0.19 0.4 0.47 0.46 0.32 0.65 0.27 0.54 1.483 0.53 0.59 0.54 0.39 0.54 0.22 0.23 0.45 0.4 1.248 0.42 0.53 1.05 0.377 1.483 1.05 1.483 0.4 0.25 0.27 0.5 1.38 1.248 0.37 0.27 0.42 0.5 0.46 0.45 0.648 0.25 0.58 0.58 0.42 0.17 0.59 0.901 0.43 0.4 0.1 0.45 0.54 0.54 0.47 0.33 0.27 0.47 0.3 1.05 0.762 0.4 0.637 0.42 0.54 0.46 0.25 0.47 0.485 0.52 0.47 0.46 0.47 0.1 0.5 0.4 0.5 0.2 0.33 0.48 0.33 0.59 0.17 0.485 0.09 0.58 0.301 0.47 1.345 0.45 0.45 0.45 1.46 0.54 0.4 0.65 0.53 0.54 0.52 0.3 0.3 0.09 0.25 0.52 0.762 0.4 0.4 0.4 0.5 1.05 0.59 0.48 0.56 0.4 0.635 0.37 0.54 0.43 0.37 0.55 0.4 0.52 0.47 0.4 0.648 0.3 0.4 0.48 0.476 0.48 0.4 0.32 0.36 0.5 0.476 0.43 0.5 1.44 0.3 0.27 0.5 0.5 1.483 0.47 0.5 0.37 0.47 0.26 0.47 0.2 0.23 0.45 0.48 0.58 0.33 0.14 0.58 1.46 0.36 0.22 0.4 0.33 0.47 0.3 0.25 0.686 1.345 0.51 1.248 0.43 0.5 0.26 0.636 0.48 0.724 0.59 0.53 0.47 0.42 0.901 0.32 0.4 0.37 0.46 0.37 0.65 0.59 0.68 0.31 0.58 0.37 0.43 0.5 1.345 0.7 0.45 0.53 0.59 0.4 0.45 0.47 0.42 0.4 0.52 0.38 1.483 0.23 0.17 1.345 0.1 0.47 0.7 0.65 0.46 0.6 0.4 0.33 0.37 0.54 0.7 0.56 1.345 0.47 0.31 0.59 0.53 0.59 0.45 1.345 0.635 1.483 0.42 0.58 0.19 0.4 0.53 0.51 0.53 0.901 0.68 0.43 0.4 0.58 0.3 1.345 0.648 0.55 0.11 0.54 0.59 0.39 0.47 0.55 0.55 0.43 0.58 0.636 0.4 0.26 0.52 0.56 0.54 0.59 0.43 0.41 1.67 0.5 0.4 0.54 0.56 0.465 0.4 0.5 0.49 0.48 0.22 0.58 0.4 0.38 0.5 0.4 0.55 0.4 0.4 0.56 0.4 0.481 0.4 0.5 0.42 0.4 0.22 0.47 0.762 0.481 0.4 0.46 0.53 1.67 0.1 0.3 0.09 0.49 0.4 0.47 1.345 0.56 0.58 0.71 0.724 0.46 0.56 0.36 0.46 0.47 0.5 0.36 0.25 0.4 0.5 0.476 0.54 0.45 0.3 0.42 0.4 0.4 0.4 0.485 0.465 1.49 0.5 0.54 0.71 0.39 0.4 0.56 0.4 0.37 0.637 0.37 0.56 0.14 0.635 1.03 0.4 0.38 0.1 0.901 0.53 0.33 0.901 0.4 0.4 0.33 0.4 0.4 0.58 0.49 0.43 0.53 0.52 0.65 0.55 0.4 0.3 0.34 0.58 0.4 0.46 0.41 0.54 0.46 0.5 0.56 0.47 0.724 0.56 0.3 1.345 0.39 0.55 0.47 0.5 0.4 1.42 0.23 1.248 0.34 0.45 0.54 0.46 0.54 1.4 0.68 0.37 0.5 0.4 0.901 1.46 0.56 1.345 0.54 0.5 0.4 0.54 0.5 0.4 0.41 0.55 0.38 1.35 0.71 0.41 0.46 0.617 0.4 0.2 0.25 1.483 0.53 0.686 0.53 0.23 0.46 0.59 0.301 0.47 0.51 0.58 0.22 0.54 0.52 0.22 0.762 0.485 0.7 0.56 0.5 0.45 0.23
Dot Production Prediction of Lab Growth Rates:
0.396314 0.334407 0.319977 0.519549 1.59984 0.62664 0.362898 0.551001 0.410711 0.558042 0.346595 0.477391 0.344918 0.562066 1.97207 0.380239 0.343842 0.377219 0.521472 0.536311 0.510248 0.539837 0.479209 0.341946 0.371089 0.539144 0.372443 0.591299 0.371551 0.405143 0.410735 0.485834 0.667776 0.684633 0.551256 0.647242 1.07057 0.364072 0.353239 0.407779 0.500087 0.397251 1.27251 0.512055 0.510214 0.372204 1.04023 1.07465 0.355292 0.360645 0.203645 0.532446 0.396121 0.673909 0.37594 0.361499 0.356213 0.481493 0.546602 0.352825 0.343101 0.347018 1.1024 0.470918 0.390993 0.354431 0.474345 0.403474 0.355782 0.519149 0.550647 0.390344 0.548621 0.482492 0.477346 0.383057 0.428856 0.54041 1.73975 0.385023 0.472598 0.332601 1.11974 0.405165 0.591793 0.327811 0.368274 0.547389 0.482719 0.373162 0.37455 0.442553 0.381297 0.330482 1.07671 1.01097 0.537445 0.365128 0.35601 0.641861 0.465088 1.05125 0.347353 0.305902 0.389818 0.553065 0.365931 0.69036 0.364272 0.459035 1.6066 0.351275 1.00516 0.337221 0.347729 0.371682 0.540692 0.622433 0.686475 0.420443 0.3359 0.543108 0.33825 0.373059 0.354609 0.331368 0.439071 0.363303 0.511565 0.348607 0.469098 0.390815 0.407487 0.478129 2.1839 0.537161 0.420233 0.647145 0.547032 0.510503 0.310094 0.51442 0.477607 1.1022 1.05683 0.337741 0.355695 0.361613 0.326777 0.369525 0.471526 0.451821 0.331783 0.653881 0.336206 0.394125 1.07276 0.324712 0.353421 0.357975 0.315272 0.538532 0.337694 0.537451 0.386998 0.372173 1.07674 0.363782 0.539889 1.30421 0.516113 1.06061 1.05 1.08758 0.405649 1.59085 0.369826 0.326255 1.28324 1.08857 0.436709 0.396319 0.329229 0.32919 0.478621 1.60102 0.679337 0.361787 0.323427 0.470461 0.327751 0.413075 0.330797 0.898693 0.431766 0.365729 1.53503 0.381574 0.473418 0.483649 0.421021 0.413543 0.295201 0.34239 0.459583 1.05046 1.09214 0.392702 0.67112 0.355531 0.410196 0.411174 0.313857 0.380278 0.509238 0.346797 0.348132 0.467081 0.405358 0.73097 0.347467 0.392329 0.477795 0.399329 0.369683 0.309156 0.330495 0.54637 0.332559 0.516073 0.38235 0.335609 0.509463 0.314222 1.10716 0.336105 0.39093 0.413334 1.02932 0.376725 0.374427 0.649894 0.476724 0.305733 0.388364 0.385043 0.451291 0.437945 0.703463 0.371606 1.10851 0.371594 0.405953 0.361437 0.345866 1.00772 0.321378 0.32295 0.547481 0.405538 0.674727 0.409804 0.369393 0.366314 0.377328 0.550016 0.393786 0.384386 0.360857 0.407747 0.675685 0.439015 0.356337 0.342212 0.524649 0.348656 0.347973 0.320194 0.329096 0.585206 0.526052 0.396297 0.483216 1.61959 0.200454 0.598341 0.35015 0.541511 1.10806 0.407519 0.482018 0.401969 0.353334 0.550222 0.372812 0.359824 0.538673 1.60218 0.335673 0.476134 0.330503 0.500632 0.457118 1.01211 0.358556 0.480156 0.372398 0.437649 0.476414 0.417439 0.530406 0.683987 1.12084 0.406422 1.08017 0.405878 0.638042 0.45938 0.68155 0.338477 0.68084 0.346483 0.393499 0.375815 0.372643 0.899952 0.341312 0.372767 0.408659 0.459995 0.569139 0.659485 0.300716 0.593796 0.545796 0.474669 0.39999 0.398369 0.619254 1.12453 0.712337 1.61943 0.527557 0.545508 0.367659 0.371481 0.465917 0.546468 0.365919 0.37578 0.361008 1.08232 0.40954 0.344591 1.07764 1.67823 0.377839 0.718977 0.641234 0.46871 0.482261 0.372147 0.3646 0.405309 0.356461 0.701477 0.548114 1.04262 0.364359 0.542715 0.324294 0.551534 0.551091 1.66201 1.06098 0.675564 1.05702 0.319231 0.473363 0.330866 0.353312 0.383299 0.384184 0.332829 1.01746 0.596649 0.439851 0.37049 0.312551 0.500321 1.0425 0.677404 0.461434 0.352814 0.350057 0.554415 0.329382 0.348633 0.554355 0.543908 0.365716 0.469602 0.685114 0.364066 0.337629 0.38709 0.545244 0.384045 0.544389 0.393811 0.50129 1.67 0.477024 0.367151 0.32893 0.483256 0.519812 0.385896 0.336039 0.393933 0.327515 0.479172 0.379752 0.390519 0.320305 0.53827 0.353368 0.452527 0.370738 0.351066 0.472671 0.372528 0.516458 0.375404 0.666403 0.346028 0.37174 0.405561 0.401116 1.1057 0.513475 0.373827 0.536227 0.544916 1.66773 0.452436 0.442915 0.348374 0.366205 0.37324 0.366259 1.07277 0.47188 0.36412 0.683911 0.681961 0.328415 0.535253 0.328128 0.383114 0.377341 0.397644 0.369644 0.361551 0.370762 0.359319 0.520889 0.543624 0.367412 0.49368 0.573085 0.385166 0.366124 0.354467 0.51136 0.52208 1.60218 0.330941 0.407034 0.681151 0.336303 0.372957 0.533239 0.408105 0.408595 0.673714 0.355608 0.550047 0.508551 0.677503 1.31417 0.373308 0.324597 0.400116 0.901001 0.338448 0.355548 0.90794 0.373529 0.358783 0.331082 0.374056 0.385794 0.48296 0.380099 0.415648 0.525011 0.349617 0.624789 0.451371 0.37304 0.398992 0.324891 0.341548 0.404635 0.404416 0.381193 0.468431 0.438768 0.486013 0.547441 0.382129 0.683597 0.471649 0.201237 1.1287 0.318776 0.45581 0.362742 0.55973 0.373067 1.60157 0.408643 1.0753 0.322793 1.5892 0.533258 0.322611 0.541097 1.6632 0.596512 0.410471 0.58901 0.371278 0.901266 1.01558 0.546671 1.10441 0.550064 0.53091 0.372332 0.470861 0.53018 0.374519 0.356678 0.457018 0.326758 0.934424 0.679512 0.356 0.417065 0.821613 0.371403 0.407105 0.358099 1.09108 0.526203 0.686096 0.325945 0.541085 0.351171 0.302174 0.507329 0.342454 0.41706 0.352805 0.482862 0.402418 0.366161 0.482796 1.11198 0.519614 0.706232 0.542492 0.561305 0.35748 0.532598
Testing:
Lab Growth Rates:
1.66 1.66
Dot Production Prediction of Lab Growth Rates:
1.18695 1.15699
Best performance so far: 
Obj: 4.6509e-310Rho: 2.26291e-314Diff: 4.6509e-310
Anneal again with the best G and E so far as input
Cycle 2Round 1
Iter 500000 pBad 0.802068 T 0.00101581 Obj 1.05808 Rho 0 GRdif 33.139 success 111845 failure 11457 obj_new 1.05808 SA_pAcc 1 Delta -0.0258932 SA_r 0.0690747 freedomratio 0.273405
Iter 1000000 pBad 0.719998 T 0.000264158 Obj 1.03775 Rho 0 GRdif 21.754 success 219715 failure 31073 obj_new 1.03775 SA_pAcc 0.813908 Delta 0.0394508 SA_r 0.707408 freedomratio 0.273915
Iter 1500000 pBad 0.61087 T 6.86935e-05 Obj 1.0265 Rho 0 GRdif 15.3523 success 325304 failure 57453 obj_new 1.0265 SA_pAcc 1 Delta 0.0173461 SA_r 0.78987 freedomratio 0.26382
Iter 2000000 pBad 0.460669 T 1.78635e-05 Obj 1.01923 Rho 0 GRdif 11.183 success 427090 failure 93025 obj_new 1.01923 SA_pAcc 0.700315 Delta 0.0328815 SA_r 0.966687 freedomratio 0.262405
Iter 2500000 pBad 0.361774 T 4.64535e-06 Obj 1.01711 Rho 0 GRdif 9.96079 success 522821 failure 141758 obj_new 1.01711 SA_pAcc 1.57349 Delta -0.0139175 SA_r 0.136455 freedomratio 0.263939
Iter 3000000 pBad 0.206146 T 1.20801e-06 Obj 1.01203 Rho 0 GRdif 7.02202 success 605185 failure 221921 obj_new 1.01203 SA_pAcc 1 Delta 0.0139053 SA_r 0.178441 freedomratio 0.240574
Iter 3500000 pBad 0.162387 T 3.14139e-07 Obj 1.00983 Rho 0 GRdif 5.7422 success 677152 failure 329607 obj_new 1.00983 SA_pAcc 1 Delta 0.00970716 SA_r 0.977107 freedomratio 0.228494
Iter 4000000 pBad 0.0486769 T 8.16908e-08 Obj 1.00916 Rho 0 GRdif 5.35117 success 722490 failure 506617 obj_new 1.00916 SA_pAcc 0.755098 Delta 0.00209693 SA_r 0.0833995 freedomratio 0.202623
Iter 4500000 pBad 0.0241707 T 2.12434e-08 Obj 1.00908 Rho 0 GRdif 5.30396 success 741818 failure 755458 obj_new 1.00908 SA_pAcc 1 Delta 0.00191001 SA_r 0.169644 freedomratio 0.184186
Iter 5000000 pBad 0.0103984 T 5.52429e-09 Obj 1.00905 Rho 0 GRdif 5.29064 success 752062 failure 1041987 obj_new 1.00905 SA_pAcc 1 Delta 0.000717176 SA_r 0.595674 freedomratio 0.175276
Iter 5500000 pBad 0.00673345 T 1.43657e-09 Obj 1.00904 Rho 0 GRdif 5.2843 success 757927 failure 1347993 obj_new 1.00904 SA_pAcc 1 Delta 0.000236743 SA_r 0.0763517 freedomratio 0.171037
Iter 6000000 pBad 0.00277986 T 3.73576e-10 Obj 1.00904 Rho 0 GRdif 5.28143 success 761278 failure 1665442 obj_new 1.00904 SA_pAcc 1 Delta -9.47804e-05 SA_r 0.423082 freedomratio 0.168291
Iter 6500000 pBad 0.00177333 T 9.71473e-11 Obj 1.00904 Rho 0 GRdif 5.28134 success 763225 failure 1988898 obj_new 1.00904 SA_pAcc 0 Delta 0.000141995 SA_r 0.464488 freedomratio 0.166619
Iter 7000000 pBad 0.00132729 T 2.52628e-11 Obj 1.00903 Rho 0 GRdif 5.27881 success 764522 failure 2316308 obj_new 1.00903 SA_pAcc 1 Delta -8.01379e-05 SA_r 0.561003 freedomratio 0.165585
Iter 7500000 pBad 0.000657204 T 6.56952e-12 Obj 1.00903 Rho 0 GRdif 5.27827 success 765487 failure 2646782 obj_new 1.00903 SA_pAcc 6.09193e-127 Delta -5.54463e-07 SA_r 0.729928 freedomratio 0.16292
Iter 8000000 pBad 6.10967e-05 T 1.70838e-12 Obj 1.00903 Rho 0 GRdif 5.27799 success 767020 failure 2979889 obj_new 1.00903 SA_pAcc 1 Delta -5.66911e-06 SA_r 0.717782 freedomratio 0.161352
Iter 8500000 pBad 0.00026899 T 4.44259e-13 Obj 1.00903 Rho 0 GRdif 5.28197 success 770821 failure 3309051 obj_new 1.00904 SA_pAcc 0 Delta -1.52661e-05 SA_r 0.856744 freedomratio 0.159251
Iter 9000000 pBad 6.97414e-39 T 1.15528e-13 Obj 1.00903 Rho 0 GRdif 5.27892 success 771103 failure 3576274 obj_new 1.00903 SA_pAcc 0 Delta 4.4512e-40 SA_r 0.564735 freedomratio 0.151133
Iter 9500000 pBad 1.58415e-318 T 3.00428e-14 Obj 1.00903 Rho 0 GRdif 5.27773 success 771103 failure 3840360 obj_new 1.00903 SA_pAcc 1 Delta -1.31916e-320 SA_r 0.466589 freedomratio 0.129954
Good enough
iter 8.63044e+06 obj1.00903 rho 0 GRdif 5.27773
Training:
Lab Growth Rates:
0.41 0.34 0.19 0.377 0.45 0.5 0.45 0.56 0.23 0.55 0.43 0.6 0.41 0.42 0.1 0.54 0.43 0.11 0.465 0.54 0.41 0.5 0.22 0.48 0.4 0.5 0.4 0.68 0.4 0.37 0.47 0.58 0.637 0.65 0.59 0.65 1.483 0.42 0.36 0.37 0.46 0.42 1.46 0.481 0.41 0.4 1.483 1.483 0.52 0.52 0.3 0.56 0.36 0.636 0.58 0.27 0.46 0.6 0.23 0.42 0.46 0.42 1.345 0.56 0.45 0.52 0.54 0.4 0.42 0.377 0.55 0.52 0.55 0.58 0.58 0.4 0.46 0.54 0.1 0.22 0.58 0.5 1.483 0.4 0.68 0.59 0.59 0.25 0.56 0.36 0.41 0.3 0.45 0.5 1.248 1.43 0.31 0.43 0.38 0.5 0.1 1.05 0.42 0.37 0.11 0.59 0.4 0.65 0.46 0.46 0.45 0.58 1.43 0.48 0.5 0.4 0.53 0.5 0.686 0.53 0.42 0.56 0.39 0.4 0.3 0.4 0.55 0.54 0.6 0.42 0.54 0.36 0.37 0.58 0.1 0.46 0.37 0.65 0.23 0.33 0.39 0.301 0.5 1.345 1.483 0.45 0.36 0.54 0.19 0.4 0.47 0.46 0.32 0.65 0.27 0.54 1.483 0.53 0.59 0.54 0.39 0.54 0.22 0.23 0.45 0.4 1.248 0.42 0.53 1.05 0.377 1.483 1.05 1.483 0.4 0.25 0.27 0.5 1.38 1.248 0.37 0.27 0.42 0.5 0.46 0.45 0.648 0.25 0.58 0.58 0.42 0.17 0.59 0.901 0.43 0.4 0.1 0.45 0.54 0.54 0.47 0.33 0.27 0.47 0.3 1.05 0.762 0.4 0.637 0.42 0.54 0.46 0.25 0.47 0.485 0.52 0.47 0.46 0.47 0.1 0.5 0.4 0.5 0.2 0.33 0.48 0.33 0.59 0.17 0.485 0.09 0.58 0.301 0.47 1.345 0.45 0.45 0.45 1.46 0.54 0.4 0.65 0.53 0.54 0.52 0.3 0.3 0.09 0.25 0.52 0.762 0.4 0.4 0.4 0.5 1.05 0.59 0.48 0.56 0.4 0.635 0.37 0.54 0.43 0.37 0.55 0.4 0.52 0.47 0.4 0.648 0.3 0.4 0.48 0.476 0.48 0.4 0.32 0.36 0.5 0.476 0.43 0.5 1.44 0.3 0.27 0.5 0.5 1.483 0.47 0.5 0.37 0.47 0.26 0.47 0.2 0.23 0.45 0.48 0.58 0.33 0.14 0.58 1.46 0.36 0.22 0.4 0.33 0.47 0.3 0.25 0.686 1.345 0.51 1.248 0.43 0.5 0.26 0.636 0.48 0.724 0.59 0.53 0.47 0.42 0.901 0.32 0.4 0.37 0.46 0.37 0.65 0.59 0.68 0.31 0.58 0.37 0.43 0.5 1.345 0.7 0.45 0.53 0.59 0.4 0.45 0.47 0.42 0.4 0.52 0.38 1.483 0.23 0.17 1.345 0.1 0.47 0.7 0.65 0.46 0.6 0.4 0.33 0.37 0.54 0.7 0.56 1.345 0.47 0.31 0.59 0.53 0.59 0.45 1.345 0.635 1.483 0.42 0.58 0.19 0.4 0.53 0.51 0.53 0.901 0.68 0.43 0.4 0.58 0.3 1.345 0.648 0.55 0.11 0.54 0.59 0.39 0.47 0.55 0.55 0.43 0.58 0.636 0.4 0.26 0.52 0.56 0.54 0.59 0.43 0.41 1.67 0.5 0.4 0.54 0.56 0.465 0.4 0.5 0.49 0.48 0.22 0.58 0.4 0.38 0.5 0.4 0.55 0.4 0.4 0.56 0.4 0.481 0.4 0.5 0.42 0.4 0.22 0.47 0.762 0.481 0.4 0.46 0.53 1.67 0.1 0.3 0.09 0.49 0.4 0.47 1.345 0.56 0.58 0.71 0.724 0.46 0.56 0.36 0.46 0.47 0.5 0.36 0.25 0.4 0.5 0.476 0.54 0.45 0.3 0.42 0.4 0.4 0.4 0.485 0.465 1.49 0.5 0.54 0.71 0.39 0.4 0.56 0.4 0.37 0.637 0.37 0.56 0.14 0.635 1.03 0.4 0.38 0.1 0.901 0.53 0.33 0.901 0.4 0.4 0.33 0.4 0.4 0.58 0.49 0.43 0.53 0.52 0.65 0.55 0.4 0.3 0.34 0.58 0.4 0.46 0.41 0.54 0.46 0.5 0.56 0.47 0.724 0.56 0.3 1.345 0.39 0.55 0.47 0.5 0.4 1.42 0.23 1.248 0.34 0.45 0.54 0.46 0.54 1.4 0.68 0.37 0.5 0.4 0.901 1.46 0.56 1.345 0.54 0.5 0.4 0.54 0.5 0.4 0.41 0.55 0.38 1.35 0.71 0.41 0.46 0.617 0.4 0.2 0.25 1.483 0.53 0.686 0.53 0.23 0.46 0.59 0.301 0.47 0.51 0.58 0.22 0.54 0.52 0.22 0.762 0.485 0.7 0.56 0.5 0.45 0.23
Dot Production Prediction of Lab Growth Rates:
0.419407 0.301557 0.298289 0.627994 1.5537 0.768309 0.343375 0.553071 0.38951 0.562277 0.360083 0.567343 0.335752 0.611583 1.83398 0.385457 0.345521 0.37892 0.623362 0.539878 0.611457 0.543968 0.474965 0.330168 0.310449 0.685415 0.333542 0.367189 0.332115 0.386808 0.405122 0.50136 0.693352 0.669112 0.541605 0.64877 1.29296 0.345896 0.360571 0.391563 0.538136 0.386376 1.19415 0.611901 0.611075 0.33553 1.26778 1.32771 0.359354 0.37009 0.246548 0.532226 0.407429 0.685607 0.361796 0.363022 0.357242 0.572411 0.547594 0.339748 0.349299 0.323986 1.36685 0.477897 0.398481 0.37496 0.479741 0.349116 0.370813 0.623044 0.545896 0.365109 0.54843 0.495324 0.489967 0.330098 0.435472 0.544928 1.51595 0.399905 0.472676 0.322766 1.39413 0.352264 0.369363 0.310218 0.349732 0.57112 0.495425 0.360107 0.38638 0.526208 0.377039 0.33179 1.19106 0.949193 0.540134 0.351561 0.351508 0.804705 0.494516 1.05276 0.334649 0.272533 0.402595 0.547517 0.325721 0.666621 0.352505 0.456885 1.53632 0.353281 0.927816 0.327165 0.354283 0.333597 0.604037 0.760548 0.717714 0.447247 0.300826 0.536809 0.332286 0.334771 0.344737 0.303473 0.463751 0.366299 0.593091 0.364966 0.506143 0.393801 0.390342 0.477933 1.91873 0.596257 0.44294 0.649882 0.549852 0.528732 0.302148 0.626414 0.485803 1.34546 1.27329 0.34865 0.32225 0.372942 0.303951 0.330869 0.47154 0.447945 0.324935 0.652217 0.350568 0.384102 1.28513 0.332828 0.323766 0.310053 0.317141 0.546223 0.335174 0.533704 0.395295 0.334507 1.18723 0.370063 0.529155 1.20817 0.624234 1.31594 1.05954 1.31877 0.352546 1.55156 0.381434 0.307653 1.18913 1.20922 0.473379 0.394298 0.322977 0.321873 0.4871 1.57003 0.704948 0.355611 0.318802 0.469807 0.305259 0.437859 0.312355 0.899365 0.459307 0.326681 1.47043 0.375693 0.503876 0.505043 0.433949 0.412538 0.287932 0.339246 0.557827 1.04888 1.24121 0.338684 0.693149 0.332395 0.41996 0.393353 0.283973 0.401649 0.604274 0.322943 0.365123 0.464948 0.406146 0.878809 0.333177 0.342177 0.486788 0.37839 0.377225 0.297845 0.295407 0.540366 0.312351 0.617765 0.398495 0.336755 0.618664 0.30971 1.34985 0.344923 0.387689 0.439464 1.03309 0.393625 0.338696 0.649948 0.51838 0.275616 0.365451 0.443496 0.539332 0.451533 0.845809 0.387959 1.27132 0.335048 0.353672 0.321189 0.330373 1.01333 0.319246 0.293403 0.543026 0.35101 0.702533 0.391967 0.392143 0.346029 0.375024 0.552521 0.340267 0.365983 0.35796 0.355356 0.702086 0.520747 0.316003 0.317056 0.629632 0.334416 0.323217 0.303796 0.327543 0.726933 0.631297 0.410276 0.495301 1.56214 0.243262 0.632835 0.357878 0.5498 1.3617 0.406027 0.49691 0.383253 0.349571 0.593684 0.375833 0.353661 0.529541 1.54894 0.331188 0.476494 0.325753 0.447745 0.455201 1.02166 0.346024 0.482116 0.334922 0.45469 0.486867 0.422201 0.555122 0.71591 1.35642 0.427048 1.19082 0.431984 0.765516 0.46929 0.706296 0.294189 0.711222 0.308339 0.397043 0.376707 0.372987 0.901007 0.328555 0.333849 0.410847 0.459107 0.605845 0.644387 0.28944 0.373396 0.547741 0.475181 0.384171 0.398687 0.753261 1.37703 0.780552 1.61041 0.529989 0.545047 0.327345 0.357875 0.467305 0.570209 0.327422 0.357807 0.349469 1.33755 0.388608 0.327499 1.32876 1.48707 0.386849 0.779627 0.635306 0.468143 0.5827 0.332826 0.350252 0.386938 0.371389 0.763887 0.548378 1.28601 0.369846 0.563963 0.300823 0.550845 0.552714 1.61271 1.2778 0.700043 1.29304 0.313833 0.470487 0.28633 0.312215 0.390606 0.39244 0.297725 1.11006 0.375125 0.423525 0.333121 0.294904 0.599406 1.2539 0.704273 0.486297 0.350842 0.339906 0.548003 0.346106 0.34097 0.556751 0.540753 0.369345 0.468789 0.712361 0.323821 0.319251 0.406611 0.543821 0.385397 0.539475 0.361663 0.597457 1.67 0.479894 0.329122 0.334909 0.497305 0.621847 0.332943 0.312532 0.410468 0.300278 0.479979 0.395774 0.338146 0.287246 0.541444 0.310638 0.462306 0.333193 0.310301 0.472027 0.33378 0.617513 0.311912 0.823859 0.324894 0.333149 0.426628 0.407755 1.2683 0.609464 0.310762 0.588556 0.542365 1.62548 0.482135 0.526059 0.349277 0.362792 0.334404 0.363028 1.29436 0.472435 0.376905 0.716479 0.710202 0.305037 0.539651 0.322447 0.388587 0.382582 0.409766 0.358581 0.354164 0.3343 0.363982 0.623723 0.555051 0.357481 0.58581 0.593759 0.33167 0.326163 0.309265 0.607474 0.628914 1.54894 0.312297 0.405906 0.711268 0.319187 0.335464 0.537947 0.356902 0.394332 0.695842 0.348833 0.547736 0.460216 0.702016 1.20692 0.334452 0.276403 0.421622 0.900879 0.347955 0.366452 0.909507 0.335081 0.319983 0.333164 0.3366 0.367527 0.496533 0.378044 0.404647 0.518482 0.323345 0.630556 0.477314 0.333885 0.388483 0.290603 0.349421 0.352406 0.379857 0.376561 0.502175 0.467989 0.49998 0.54356 0.38293 0.713326 0.470777 0.240898 1.38589 0.306481 0.48157 0.358138 0.713305 0.33469 1.53336 0.389156 1.19033 0.267522 1.53683 0.528382 0.304527 0.540841 1.56575 0.373697 0.397486 0.722477 0.33457 0.901 1.01338 0.54506 1.36854 0.553794 0.52646 0.334825 0.492288 0.525792 0.338936 0.364612 0.463841 0.29122 0.919382 0.704437 0.345303 0.387242 0.771535 0.333276 0.39546 0.3467 1.32426 0.522938 0.714771 0.303769 0.534072 0.342689 0.310371 0.616386 0.324011 0.427859 0.360315 0.484839 0.405324 0.373422 0.483288 1.28589 0.621933 0.766207 0.540298 0.675919 0.356801 0.527667
Testing:
Lab Growth Rates:
1.66 1.66
Dot Production Prediction of Lab Growth Rates:
1.05867 1.0206
Best performance so far: 
Obj: 4.6509e-310Rho: 6.5069e-314Diff: 4.6509e-310
Test:
 Lab Growth Rates:
1.66 1.66Dot Product Prediction of Growth Rate:
1.058667 1.020596