seed =  5 traits =  1 
Training: part  33 
Training: part  33 
Round  1 
 Goal of obj  0.99 
Temperature range:  0.00390625 3.125e-13 
Cycle 1Round 1
Iter 500000 pBad 0.853103 T 0.00122156 Obj 1.05677 Rho 0 GRdif 32.4677 success 146848 failure 9779 obj_new 1.05677 SA_pAcc 0.910084 Delta 0.0404604 SA_r 0.221578 freedomratio 0.357013
Iter 1000000 pBad 0.806472 T 0.000382006 Obj 1.03427 Rho 0 GRdif 19.8124 success 290151 failure 27050 obj_new 1.03427 SA_pAcc 0.812394 Delta 0.0706594 SA_r 0.670221 freedomratio 0.36773
Iter 1500000 pBad 0.73982 T 0.000119461 Obj 1.02786 Rho 0 GRdif 16.1604 success 430918 failure 49555 obj_new 1.02786 SA_pAcc 0.700019 Delta 0.0576771 SA_r 0.218226 freedomratio 0.370744
Iter 2000000 pBad 0.61057 T 3.73576e-05 Obj 1.02006 Rho 0 GRdif 11.6796 success 570102 failure 76849 obj_new 1.02006 SA_pAcc 1.27666 Delta 0.0165472 SA_r 0.413718 freedomratio 0.363187
Iter 2500000 pBad 0.500385 T 1.16824e-05 Obj 1.01686 Rho 0 GRdif 9.83182 success 703414 failure 114883 obj_new 1.01686 SA_pAcc 0.852828 Delta 0.00955178 SA_r 0.130832 freedomratio 0.357447
Iter 3000000 pBad 0.346165 T 3.65332e-06 Obj 1.01206 Rho 0 GRdif 7.04866 success 823736 failure 176949 obj_new 1.01206 SA_pAcc 0.46424 Delta -0.0318907 SA_r 0.821706 freedomratio 0.343057
Iter 3500000 pBad 0.250399 T 1.14246e-06 Obj 1.00923 Rho 0 GRdif 5.40327 success 929253 failure 270681 obj_new 1.00923 SA_pAcc 0.869744 Delta 0.00582122 SA_r 0.108795 freedomratio 0.334852
Iter 4000000 pBad 0.126842 T 3.5727e-07 Obj 1.00856 Rho 0 GRdif 5.01268 success 1011628 failure 411623 obj_new 1.00856 SA_pAcc 0.967853 Delta 0.0063084 SA_r 0.541063 freedomratio 0.301848
Iter 4500000 pBad 0.0773623 T 1.11725e-07 Obj 1.00824 Rho 0 GRdif 4.82444 success 1065154 failure 620705 obj_new 1.00824 SA_pAcc 1 Delta 0.00772647 SA_r 0.996653 freedomratio 0.265583
Iter 5000000 pBad 0.0331269 T 3.49386e-08 Obj 1.00809 Rho 0 GRdif 4.73639 success 1099107 failure 884860 obj_new 1.00809 SA_pAcc 0.00266613 Delta -0.00241515 SA_r 0.270866 freedomratio 0.235671
Iter 5500000 pBad 0.0174321 T 1.0926e-08 Obj 1.00802 Rho 0 GRdif 4.77478 success 1119251 failure 1194563 obj_new 1.00815 SA_pAcc 0 Delta -0.00129773 SA_r 0.70368 freedomratio 0.217536
Iter 6000000 pBad 0.00980132 T 3.41676e-09 Obj 1.00799 Rho 0 GRdif 4.71992 success 1132477 failure 1532554 obj_new 1.00806 SA_pAcc 0 Delta -0.000691579 SA_r 0.103055 freedomratio 0.205092
Iter 6500000 pBad 0.00872296 T 1.06849e-09 Obj 1.00798 Rho 0 GRdif 4.67224 success 1140303 failure 1892538 obj_new 1.00798 SA_pAcc 1 Delta -0.000433999 SA_r 0.178254 freedomratio 0.196656
Iter 7000000 pBad 0.00310234 T 3.34137e-10 Obj 1.00797 Rho 0 GRdif 4.66971 success 1145788 failure 2265344 obj_new 1.00797 SA_pAcc 0 Delta 2.11665e-05 SA_r 0.197187 freedomratio 0.191656
Iter 7500000 pBad 0.00164992 T 1.04491e-10 Obj 1.00797 Rho 0 GRdif 4.66715 success 1150120 failure 2650282 obj_new 1.00797 SA_pAcc 7.56327e-53 Delta 0.000123302 SA_r 0.826781 freedomratio 0.184848
Iter 8000000 pBad 0.000825849 T 3.26763e-11 Obj 1.00797 Rho 0 GRdif 4.6656 success 1154004 failure 3048194 obj_new 1.00797 SA_pAcc 1.33591e-12 Delta -1.63953e-05 SA_r 0.139618 freedomratio 0.176842
Iter 8500000 pBad 0.000368925 T 1.02185e-11 Obj 1.00797 Rho 0 GRdif 4.69178 success 1156352 failure 3456812 obj_new 1.00801 SA_pAcc 0 Delta 3.22077e-05 SA_r 0.742143 freedomratio 0.173862
Iter 9000000 pBad 0.00125409 T 3.19552e-12 Obj 1.00796 Rho 0 GRdif 4.66759 success 1159872 failure 3871601 obj_new 1.00797 SA_pAcc 0 Delta 9.04949e-05 SA_r 0.416949 freedomratio 0.169063
Iter 9500000 pBad 0.00010127 T 9.99301e-13 Obj 1.00796 Rho 0 GRdif 4.66443 success 1163618 failure 4292261 obj_new 1.00796 SA_pAcc 0 Delta 7.24703e-06 SA_r 0.170215 freedomratio 0.165076
Iter 10000000 pBad 2.2303e-05 T 3.12501e-13 Obj 1.00796 Rho 0 GRdif 4.66607 success 1166410 failure 4722663 obj_new 1.00797 SA_pAcc 0 Delta 1.89022e-06 SA_r 0.850119 freedomratio 0.162746
Cannot move further
iter 9.99984e+06 obj1.00796 rho 0 GRdif 4.6642
Training:
Lab Growth Rates:
0.32 1.05 0.42 0.37 0.4 0.11 0.42 0.3 0.5 0.5 0.465 0.301 0.25 1.05 0.25 0.762 0.5 1.46 0.42 0.6 0.23 0.65 0.5 0.37 0.377 0.58 1.483 0.46 0.41 0.4 0.53 0.54 0.41 0.22 0.4 0.46 0.56 0.4 0.56 0.59 0.5 0.32 0.4 0.43 0.46 0.22 0.26 0.636 0.36 0.58 0.19 1.46 0.58 1.05 0.38 0.47 0.5 0.53 1.483 0.37 0.47 0.4 0.34 0.4 0.33 0.56 0.36 0.4 0.59 0.4 0.58 0.41 0.47 0.3 0.56 0.5 0.4 0.47 0.43 1.345 0.19 0.38 0.27 0.7 0.33 0.52 0.39 0.65 0.54 0.43 0.4 0.47 0.49 0.09 0.5 0.59 0.54 0.45 0.33 0.33 0.42 0.46 0.54 0.4 0.4 0.5 0.637 0.3 0.56 0.59 0.22 0.45 0.56 0.17 0.34 1.46 0.6 0.4 0.42 0.65 0.4 0.58 0.41 0.46 1.248 0.59 0.4 1.345 0.26 0.5 1.483 0.17 0.485 0.55 0.58 0.17 0.46 0.58 0.59 0.55 0.46 1.4 1.345 0.3 0.65 0.5 0.481 0.45 0.3 0.46 0.22 0.1 1.483 0.55 0.3 0.4 0.54 0.58 0.4 0.4 0.4 0.5 0.42 0.45 0.686 0.09 0.4 0.301 0.56 0.58 0.42 0.45 0.45 0.4 0.4 0.45 0.48 0.48 0.54 0.3 0.46 0.41 0.51 0.45 0.4 1.43 0.53 1.483 0.27 0.56 0.48 0.41 0.59 0.65 0.617 1.345 0.58 0.37 0.25 0.42 0.37 0.46 0.27 0.4 0.46 1.43 0.47 0.53 0.4 0.11 0.59 0.22 0.485 0.901 0.1 0.53 0.5 0.1 0.45 1.67 0.42 0.38 0.48 0.51 0.53 0.4 0.36 0.43 0.46 0.1 0.635 0.5 0.54 0.52 0.37 0.52 0.4 1.483 0.37 0.901 0.55 0.4 0.377 0.52 0.47 0.648 0.4 0.58 1.345 0.4 0.46 0.54 0.33 0.25 0.58 0.37 0.52 0.11 0.68 0.46 0.55 0.45 0.54 0.724 0.476 0.56 0.4 1.03 0.23 1.248 0.43 0.34 0.52 0.39 0.54 0.53 0.14 0.54 0.2 0.14 0.54 0.58 0.58 0.58 0.42 0.901 0.4 0.42 0.724 0.22 0.901 0.5 0.58 0.4 0.45 0.42 0.55 0.5 0.09 0.4 0.4 0.47 0.55 0.4 0.23 0.5 0.23 0.901 0.54 0.4 0.4 0.42 0.465 0.2 0.33 0.52 0.52 0.47 0.58 0.481 0.54 0.47 0.53 0.45 0.41 0.33 0.49 0.55 0.53 1.46 0.465 0.59 0.37 0.36 0.45 0.4 0.52 0.636 0.45 0.54 0.4 0.53 0.23 0.1 0.4 0.5 0.45 0.4 0.37 0.38 0.27 0.27 0.43 0.4 0.635 1.248 0.5 0.36 0.47 0.41 0.47 0.47 0.43 0.48 0.56 0.3 0.3 0.47 0.59 0.5 0.52 0.4 0.762 0.37 0.23 0.3 0.47 1.05 0.19 0.4 0.55 0.3 0.65 0.1 0.42 0.54 0.33 0.4 0.42 1.345 0.22 1.483 0.42 0.901 0.56 0.47 0.54 0.26 0.25 0.5 0.23 1.345 0.762 0.53 0.47 0.54 0.37 0.648 0.37 0.54 0.33 0.54 0.55 0.5 0.71 0.724 0.48 1.38 1.35 0.45 0.36 0.68 0.46 0.4 0.4 0.46 0.46 0.68 1.248 0.47 0.686 0.32 0.25 1.345 0.54 0.5 0.23 0.7 1.345 0.31 0.47 0.45 0.4 0.5 1.66 0.56 0.59 0.4 0.59 0.39 0.45 1.248 0.46 0.53 0.635 0.36 0.5 0.31 0.39 0.22 0.47 0.5 0.37 0.55 0.25 0.762 0.47 0.48 0.54 0.56 0.58 0.45 0.39 0.54 0.5 1.345 0.43 0.46 0.5 0.59 0.485 0.5 1.483 0.476 0.4 0.636 0.43 0.54 0.56 0.5 0.5 0.56 0.637 0.4 0.3 0.4 1.483 0.38 0.47 0.481 0.65 0.23 1.483 0.4 0.4 0.49 0.53 0.25 0.6 0.58 0.56 0.71 0.48 0.46 0.51 0.53 0.4 0.6 0.637 0.27 0.648 0.54 0.4 0.55 0.3 0.56 0.41 1.05 0.3 0.4 0.5 0.7 0.43 0.56 0.1 0.42 0.5 0.4 0.58 0.65 0.58 1.66 1.483 0.43 0.7 0.47 0.37 0.686 0.31 0.4 0.43 0.37 0.59 1.67 1.49 0.46 0.1 0.68 0.59 1.42 0.1 0.4 0.52 1.345 1.345 0.54 0.301 0.47 0.42 0.39 0.377 0.54 0.68 0.48 0.4 0.52 0.53 0.36 0.476 0.5 0.54 0.485 1.483 0.71 0.59 0.36 0.2 0.65
Dot Production Prediction of Lab Growth Rates:
0.320023 1.05002 0.588294 0.385873 0.404143 0.369667 0.371881 0.326091 0.323798 0.328833 0.513027 0.509302 0.51599 1.58745 0.508037 1.20766 0.801702 1.03694 0.286536 0.55993 0.429037 0.651725 0.470614 0.414119 0.506393 0.448939 1.22719 0.465441 0.50906 0.39291 0.529998 0.377726 0.3746 0.473924 0.402006 0.321131 0.466291 0.40132 0.543847 0.549548 0.741663 0.373813 0.402481 0.340171 0.326392 0.465995 0.369864 0.727973 0.40116 0.470099 0.326769 1.59622 0.332201 1.0282 0.370335 0.476759 0.721671 0.533381 1.20582 0.54979 0.392913 0.395775 0.316642 0.404731 0.49013 0.536111 0.359407 0.401506 0.540109 0.401325 0.472038 0.35011 0.355125 0.361158 0.465982 0.476531 0.395157 0.413575 0.448155 1.2558 0.31516 0.299116 0.341066 0.700667 0.332255 0.362972 0.311605 0.654193 0.539144 0.337581 0.400056 0.31278 0.370262 0.337852 0.530174 0.373061 0.399613 0.39268 0.311473 0.322076 0.329056 0.386472 0.543039 0.394264 0.400611 0.811577 0.714539 0.298971 0.550243 0.357016 0.342377 0.317055 0.546429 0.309053 0.306524 1.03997 0.556609 0.386264 0.373927 0.646541 0.402659 0.340952 0.514488 0.274481 1.13592 0.322794 0.383853 1.25566 0.568826 0.361373 1.19078 0.404638 0.508185 0.545778 0.364982 0.327121 0.511387 0.365583 0.3133 0.554206 0.459998 1.42474 1.18423 0.518801 0.681613 0.465097 0.510384 1.5304 0.509004 0.404743 0.462884 0.436551 1.23555 0.454007 0.484501 0.401273 0.468093 0.364033 0.40034 0.403347 0.399374 0.545185 0.341536 1.61638 0.720578 0.364814 0.399242 0.507104 0.472247 0.300969 0.357798 0.346484 0.409889 0.402632 0.40225 1.52126 0.292128 0.279467 0.452392 0.390304 0.367739 0.514447 0.395442 1.51849 0.394239 1.32697 0.48219 1.22439 0.401478 0.469415 0.297022 0.342602 0.308482 0.63749 0.557199 1.24295 0.471694 0.40881 0.34502 0.348751 0.421532 0.344898 0.584287 0.402283 0.404226 1.35185 0.349907 0.523983 0.39719 0.366508 0.324508 0.474247 0.507601 1.07982 1.48557 0.384974 0.720349 1.08416 0.341537 1.39048 0.307637 0.381749 0.356084 0.383207 0.395146 0.406779 0.360689 0.350399 0.452236 0.97125 0.716212 0.780236 0.379573 0.393363 0.415264 0.364169 0.402503 1.19475 0.415994 0.901 0.45331 0.402759 0.505529 0.344278 0.36364 0.714736 0.402934 0.465923 1.19459 0.397233 0.456976 0.45056 0.329555 0.347045 0.476548 0.426139 0.353563 0.32872 0.442919 0.460135 0.455261 0.313208 0.318765 0.722034 0.519203 0.540841 0.399485 1.37056 0.427802 1.12849 0.383635 0.329482 0.379711 0.351185 0.537717 0.554796 0.140038 0.404597 0.354642 0.139995 0.369459 0.467233 0.381916 0.341061 0.585839 0.898493 0.405091 0.343948 0.722832 0.468847 0.901653 0.79064 0.375198 0.395788 1.52315 0.314098 0.54675 0.747224 0.451812 0.329357 0.397707 0.406494 0.548138 0.396399 0.547737 0.530746 0.548794 0.901508 0.461277 0.399999 0.402932 0.604451 0.516408 0.403825 0.343201 0.367368 0.379637 0.385929 0.478018 0.514227 0.369772 0.444468 0.537564 0.34313 0.38264 0.428092 0.392726 0.460471 0.360828 1.04822 0.517743 0.543759 0.380813 0.349906 0.326922 0.392752 0.318572 0.730661 0.366556 0.299555 0.401448 0.543451 0.543582 1.1756 0.346743 0.338619 0.368419 0.40429 0.399573 0.302636 0.358567 0.309057 0.333493 0.397731 0.715919 1.1251 0.684546 0.353272 0.352744 0.30865 0.397718 0.49127 0.382524 0.303641 0.552286 0.554115 0.458013 0.345725 0.543857 0.472365 0.354165 0.396508 1.18833 0.294397 0.428661 0.531705 0.328171 1.05 0.312149 0.390391 0.548395 0.553211 0.647118 0.945237 0.332226 0.534705 0.344063 0.392418 0.338364 1.21232 0.418022 1.18726 0.326298 0.900998 0.467943 0.354451 0.461187 0.446673 1.56919 0.407675 0.542877 1.25715 1.20018 0.533002 0.364614 0.547185 0.415175 0.709469 0.418676 0.547758 0.463252 0.356065 0.441186 0.544289 0.71401 0.723987 0.332374 1.37146 1.24207 0.411072 0.418664 0.439799 0.445109 0.406144 0.388011 0.444952 0.524881 0.439701 1.1295 0.403067 0.723875 0.300871 0.298465 1.25926 0.357532 0.303286 0.541997 0.700549 1.27717 0.57852 0.413645 0.363786 0.384704 0.373584 1.66 0.547049 0.541842 0.40126 0.313261 0.33136 1.59918 1.12709 0.436772 0.412556 0.714287 0.348941 0.359965 0.581457 0.287822 0.377654 0.35849 0.33271 0.419821 0.453402 0.881389 1.19783 0.394401 0.339902 0.332301 0.471464 0.472068 1.59236 0.310697 0.316437 0.793131 1.19402 0.427846 0.312134 0.464005 0.34498 0.516661 0.364178 1.2417 0.520915 0.403147 0.720565 0.396378 0.349393 0.544499 0.690759 0.544106 0.547348 0.714926 0.401409 0.307591 0.401592 1.20647 0.325185 0.355267 0.515148 0.649996 0.544041 1.23405 0.401685 0.401453 0.366937 0.321191 0.343834 0.537692 0.468994 0.534461 0.725241 0.3585 0.465856 0.411118 0.327628 0.402002 0.53567 0.715367 0.370445 0.713953 0.543425 0.403215 0.557006 0.305494 0.539549 0.38633 1.05027 0.505509 0.396232 0.326501 0.704099 0.38116 0.553165 0.352185 0.335269 0.471536 0.39825 0.46696 0.676952 0.479381 1.60933 1.223 0.416506 0.698549 0.361814 0.423896 0.721103 0.591355 0.393282 0.369064 0.372219 0.317549 1.55945 1.59918 0.500355 0.9837 0.439199 0.55623 1.59403 0.430492 0.399718 0.341469 1.23509 1.24112 0.392264 0.507721 0.367813 0.334819 0.315494 0.506117 0.374963 0.438355 0.324218 0.389509 0.3486 0.280187 0.334362 0.516324 0.324268 0.459845 0.51744 1.22566 0.719661 0.554022 0.335147 0.376391 0.628067
Testing:
Lab Growth Rates:
1.44
Dot Production Prediction of Lab Growth Rates:
1.57261
Best performance so far: 
Obj: 4.65286e-310Rho: 2.26291e-314Diff: 4.65286e-310
Anneal again with the best G and E so far as input
Cycle 2Round 1
Iter 500000 pBad 0.84058 T 0.00122156 Obj 1.05209 Rho 0 GRdif 29.8572 success 124951 failure 10452 obj_new 1.05209 SA_pAcc 0.985447 Delta 0.0109684 SA_r 0.78718 freedomratio 0.3
Iter 1000000 pBad 0.752909 T 0.000382006 Obj 1.02959 Rho 0 GRdif 17.1487 success 246231 failure 27311 obj_new 1.02959 SA_pAcc 1 Delta 0.012442 SA_r 0.247458 freedomratio 0.299694
Iter 1500000 pBad 0.702971 T 0.000119461 Obj 1.02707 Rho 0 GRdif 15.7048 success 366168 failure 48492 obj_new 1.02707 SA_pAcc 1.14113 Delta -0.0594981 SA_r 0.561052 freedomratio 0.299847
Iter 2000000 pBad 0.581236 T 3.73576e-05 Obj 1.02214 Rho 0 GRdif 12.8934 success 483141 failure 76283 obj_new 1.02217 SA_pAcc 0.450027 Delta 0.0462768 SA_r 0.994457 freedomratio 0.295477
Iter 2500000 pBad 0.454418 T 1.16824e-05 Obj 1.01875 Rho 0 GRdif 10.9253 success 597533 failure 108948 obj_new 1.01875 SA_pAcc 1 Delta 0.0237084 SA_r 0.825855 freedomratio 0.30046
Iter 3000000 pBad 0.31443 T 3.65332e-06 Obj 1.01411 Rho 0 GRdif 8.2386 success 698400 failure 168050 obj_new 1.01411 SA_pAcc 1 Delta 0.00889758 SA_r 0.643801 freedomratio 0.285714
Iter 3500000 pBad 0.209078 T 1.14246e-06 Obj 1.01046 Rho 0 GRdif 6.11964 success 787213 failure 255185 obj_new 1.01046 SA_pAcc 1 Delta -0.0166013 SA_r 0.173709 freedomratio 0.276316
Iter 4000000 pBad 0.142431 T 3.5727e-07 Obj 1.00972 Rho 0 GRdif 5.6865 success 853347 failure 392060 obj_new 1.00972 SA_pAcc 0.479604 Delta -0.00463425 SA_r 0.719172 freedomratio 0.25543
Iter 4500000 pBad 0.0899874 T 1.11725e-07 Obj 1.00911 Rho 0 GRdif 5.33006 success 907321 failure 564467 obj_new 1.00911 SA_pAcc 2.10367 Delta -0.00162093 SA_r 0.815366 freedomratio 0.229508
Iter 5000000 pBad 0.0292568 T 3.49386e-08 Obj 1.00888 Rho 0 GRdif 5.19934 success 939247 failure 802915 obj_new 1.00888 SA_pAcc 1 Delta -0.00142004 SA_r 0.915456 freedomratio 0.203531
Iter 5500000 pBad 0.0177434 T 1.0926e-08 Obj 1.00879 Rho 0 GRdif 5.14632 success 958453 failure 1087454 obj_new 1.00879 SA_pAcc 0.540774 Delta -8.12118e-05 SA_r 0.268814 freedomratio 0.186785
Iter 6000000 pBad 0.00779708 T 3.41676e-09 Obj 1.00874 Rho 0 GRdif 5.11863 success 970617 failure 1402954 obj_new 1.00874 SA_pAcc 1 Delta -0.000468013 SA_r 0.426964 freedomratio 0.179268
Iter 6500000 pBad 0.00669108 T 1.06849e-09 Obj 1.00872 Rho 0 GRdif 5.10367 success 979292 failure 1737805 obj_new 1.00872 SA_pAcc 9.98383e-13 Delta 0.000606098 SA_r 0.781982 freedomratio 0.172434
Iter 7000000 pBad 0.0031894 T 3.34137e-10 Obj 1.00871 Rho 0 GRdif 5.09682 success 985198 failure 2088831 obj_new 1.00871 SA_pAcc 1.05437e-175 Delta -0.000128186 SA_r 0.905387 freedomratio 0.166903
Iter 7500000 pBad 0.0016178 T 1.04491e-10 Obj 1.0087 Rho 0 GRdif 5.09244 success 989739 failure 2451599 obj_new 1.0087 SA_pAcc 8.82331e-52 Delta -0.000125385 SA_r 0.120056 freedomratio 0.16347
Iter 8000000 pBad 0.00123163 T 3.26763e-11 Obj 1.00869 Rho 0 GRdif 5.08986 success 993743 failure 2821820 obj_new 1.00869 SA_pAcc 1 Delta 5.74165e-05 SA_r 0.703972 freedomratio 0.160262
Iter 8500000 pBad 0.000903384 T 1.02185e-11 Obj 1.00869 Rho 0 GRdif 5.0886 success 997248 failure 3199273 obj_new 1.00869 SA_pAcc 3.72251e-220 Delta 7.4422e-05 SA_r 0.124624 freedomratio 0.157219
Iter 9000000 pBad 0.00135268 T 3.19552e-12 Obj 1.00869 Rho 0 GRdif 5.08779 success 1000970 failure 3580699 obj_new 1.00869 SA_pAcc 0 Delta -2.13378e-05 SA_r 0.0191349 freedomratio 0.156341
Iter 9500000 pBad 0.000599663 T 9.99301e-13 Obj 1.00869 Rho 0 GRdif 5.08741 success 1007160 failure 3947935 obj_new 1.00869 SA_pAcc 0 Delta -2.70895e-05 SA_r 0.669022 freedomratio 0.153125
Good enough
iter 9.99886e+06 obj1.00869 rho 0 GRdif 5.0871
Training:
Lab Growth Rates:
0.32 1.05 0.42 0.37 0.4 0.11 0.42 0.3 0.5 0.5 0.465 0.301 0.25 1.05 0.25 0.762 0.5 1.46 0.42 0.6 0.23 0.65 0.5 0.37 0.377 0.58 1.483 0.46 0.41 0.4 0.53 0.54 0.41 0.22 0.4 0.46 0.56 0.4 0.56 0.59 0.5 0.32 0.4 0.43 0.46 0.22 0.26 0.636 0.36 0.58 0.19 1.46 0.58 1.05 0.38 0.47 0.5 0.53 1.483 0.37 0.47 0.4 0.34 0.4 0.33 0.56 0.36 0.4 0.59 0.4 0.58 0.41 0.47 0.3 0.56 0.5 0.4 0.47 0.43 1.345 0.19 0.38 0.27 0.7 0.33 0.52 0.39 0.65 0.54 0.43 0.4 0.47 0.49 0.09 0.5 0.59 0.54 0.45 0.33 0.33 0.42 0.46 0.54 0.4 0.4 0.5 0.637 0.3 0.56 0.59 0.22 0.45 0.56 0.17 0.34 1.46 0.6 0.4 0.42 0.65 0.4 0.58 0.41 0.46 1.248 0.59 0.4 1.345 0.26 0.5 1.483 0.17 0.485 0.55 0.58 0.17 0.46 0.58 0.59 0.55 0.46 1.4 1.345 0.3 0.65 0.5 0.481 0.45 0.3 0.46 0.22 0.1 1.483 0.55 0.3 0.4 0.54 0.58 0.4 0.4 0.4 0.5 0.42 0.45 0.686 0.09 0.4 0.301 0.56 0.58 0.42 0.45 0.45 0.4 0.4 0.45 0.48 0.48 0.54 0.3 0.46 0.41 0.51 0.45 0.4 1.43 0.53 1.483 0.27 0.56 0.48 0.41 0.59 0.65 0.617 1.345 0.58 0.37 0.25 0.42 0.37 0.46 0.27 0.4 0.46 1.43 0.47 0.53 0.4 0.11 0.59 0.22 0.485 0.901 0.1 0.53 0.5 0.1 0.45 1.67 0.42 0.38 0.48 0.51 0.53 0.4 0.36 0.43 0.46 0.1 0.635 0.5 0.54 0.52 0.37 0.52 0.4 1.483 0.37 0.901 0.55 0.4 0.377 0.52 0.47 0.648 0.4 0.58 1.345 0.4 0.46 0.54 0.33 0.25 0.58 0.37 0.52 0.11 0.68 0.46 0.55 0.45 0.54 0.724 0.476 0.56 0.4 1.03 0.23 1.248 0.43 0.34 0.52 0.39 0.54 0.53 0.14 0.54 0.2 0.14 0.54 0.58 0.58 0.58 0.42 0.901 0.4 0.42 0.724 0.22 0.901 0.5 0.58 0.4 0.45 0.42 0.55 0.5 0.09 0.4 0.4 0.47 0.55 0.4 0.23 0.5 0.23 0.901 0.54 0.4 0.4 0.42 0.465 0.2 0.33 0.52 0.52 0.47 0.58 0.481 0.54 0.47 0.53 0.45 0.41 0.33 0.49 0.55 0.53 1.46 0.465 0.59 0.37 0.36 0.45 0.4 0.52 0.636 0.45 0.54 0.4 0.53 0.23 0.1 0.4 0.5 0.45 0.4 0.37 0.38 0.27 0.27 0.43 0.4 0.635 1.248 0.5 0.36 0.47 0.41 0.47 0.47 0.43 0.48 0.56 0.3 0.3 0.47 0.59 0.5 0.52 0.4 0.762 0.37 0.23 0.3 0.47 1.05 0.19 0.4 0.55 0.3 0.65 0.1 0.42 0.54 0.33 0.4 0.42 1.345 0.22 1.483 0.42 0.901 0.56 0.47 0.54 0.26 0.25 0.5 0.23 1.345 0.762 0.53 0.47 0.54 0.37 0.648 0.37 0.54 0.33 0.54 0.55 0.5 0.71 0.724 0.48 1.38 1.35 0.45 0.36 0.68 0.46 0.4 0.4 0.46 0.46 0.68 1.248 0.47 0.686 0.32 0.25 1.345 0.54 0.5 0.23 0.7 1.345 0.31 0.47 0.45 0.4 0.5 1.66 0.56 0.59 0.4 0.59 0.39 0.45 1.248 0.46 0.53 0.635 0.36 0.5 0.31 0.39 0.22 0.47 0.5 0.37 0.55 0.25 0.762 0.47 0.48 0.54 0.56 0.58 0.45 0.39 0.54 0.5 1.345 0.43 0.46 0.5 0.59 0.485 0.5 1.483 0.476 0.4 0.636 0.43 0.54 0.56 0.5 0.5 0.56 0.637 0.4 0.3 0.4 1.483 0.38 0.47 0.481 0.65 0.23 1.483 0.4 0.4 0.49 0.53 0.25 0.6 0.58 0.56 0.71 0.48 0.46 0.51 0.53 0.4 0.6 0.637 0.27 0.648 0.54 0.4 0.55 0.3 0.56 0.41 1.05 0.3 0.4 0.5 0.7 0.43 0.56 0.1 0.42 0.5 0.4 0.58 0.65 0.58 1.66 1.483 0.43 0.7 0.47 0.37 0.686 0.31 0.4 0.43 0.37 0.59 1.67 1.49 0.46 0.1 0.68 0.59 1.42 0.1 0.4 0.52 1.345 1.345 0.54 0.301 0.47 0.42 0.39 0.377 0.54 0.68 0.48 0.4 0.52 0.53 0.36 0.476 0.5 0.54 0.485 1.483 0.71 0.59 0.36 0.2 0.65
Dot Production Prediction of Lab Growth Rates:
0.333515 1.05889 0.56055 0.390838 0.403867 0.38659 0.326444 0.295801 0.351176 0.344869 0.584401 0.584125 0.519491 1.4004 0.492256 1.15412 0.903291 1.06172 0.276139 0.639083 0.414171 0.653886 0.45446 0.394006 0.578606 0.429714 1.34577 0.436585 0.565232 0.386049 0.529996 0.378664 0.406816 0.455053 0.401799 0.34886 0.459548 0.399561 0.547716 0.543419 0.853034 0.359945 0.404522 0.380625 0.361398 0.452533 0.389866 0.689496 0.435476 0.460344 0.292584 1.39874 0.343354 1.04264 0.357587 0.427954 0.860307 0.510613 1.30884 0.53696 0.405231 0.395504 0.310569 0.401166 0.499485 0.537163 0.363237 0.399183 0.539523 0.398357 0.449997 0.374159 0.370258 0.328659 0.448217 0.461177 0.384776 0.392924 0.451559 1.34434 0.296479 0.285085 0.309868 0.756929 0.348028 0.388812 0.325059 0.63335 0.531689 0.355987 0.402831 0.314403 0.399923 0.352954 0.53364 0.393635 0.367015 0.407511 0.325836 0.328533 0.309766 0.39098 0.531952 0.394589 0.40082 0.927835 0.67421 0.299999 0.546501 0.371687 0.361973 0.295557 0.548855 0.316719 0.336374 1.04195 0.606182 0.382349 0.413165 0.647989 0.40211 0.368586 0.577782 0.294637 1.10774 0.34746 0.378945 1.34862 0.548876 0.379975 1.34119 0.447427 0.576551 0.545457 0.395395 0.312533 0.505891 0.379127 0.318873 0.554727 0.455106 1.4 1.33122 0.582109 0.658539 0.449342 0.577057 1.35444 0.579242 0.363898 0.446079 0.429757 1.32313 0.454974 0.548003 0.39816 0.469351 0.365687 0.400443 0.358035 0.400628 0.539124 0.324688 1.42305 0.692611 0.369012 0.398864 0.582096 0.444508 0.288431 0.341723 0.366388 0.408718 0.403114 0.403145 1.37933 0.289514 0.279509 0.455631 0.388672 0.370706 0.578297 0.416697 1.38511 0.391097 1.15226 0.450288 1.32459 0.360596 0.459614 0.28427 0.334763 0.315646 0.642498 0.743375 1.35429 0.443774 0.390046 0.329918 0.33956 0.405935 0.358632 0.541483 0.402895 0.418941 1.16764 0.360472 0.527659 0.394293 0.366755 0.324842 0.453351 0.577322 1.06168 1.37064 0.398223 0.872616 1.73837 0.365085 1.3794 0.313877 0.358917 0.357449 0.392388 0.424555 0.406378 0.369071 0.360553 0.424071 1.56497 0.674466 0.904105 0.3834 0.391888 0.394683 0.341496 0.405091 1.32348 0.400841 0.900797 0.449092 0.403934 0.575981 0.374758 0.365353 0.676208 0.400152 0.448455 1.345 0.39481 0.435735 0.446484 0.317046 0.338673 0.455102 0.445634 0.355115 0.337045 0.359613 0.434677 0.454228 0.291093 0.345749 0.687419 0.585478 0.546856 0.400439 1.30023 0.413531 1.10202 0.377721 0.338782 0.393864 0.341957 0.540145 0.547052 0.333437 0.407577 0.31477 0.335161 0.397485 0.444641 0.40872 0.330811 0.555841 0.901857 0.405025 0.345636 0.687172 0.450832 0.900999 0.868129 0.399351 0.396713 1.39256 0.318729 0.543824 0.889258 0.451622 0.288893 0.397385 0.402338 0.551305 0.397482 0.546266 0.534807 0.550479 0.900975 0.461734 0.398925 0.40084 0.566383 0.582007 0.343743 0.367603 0.361108 0.388003 0.396679 0.457155 0.581259 0.342827 0.437424 0.536939 0.361806 0.383204 0.448551 0.403261 0.459379 0.394231 1.02632 0.588157 0.542477 0.410925 0.34222 0.338353 0.39269 0.323592 0.688853 0.347305 0.303104 0.401672 0.542857 0.545479 1.77164 0.30069 0.33516 0.385871 0.403667 0.42524 0.265066 0.361814 0.269999 0.345792 0.398702 0.677751 1.10129 0.777985 0.356648 0.381031 0.321298 0.389534 0.437567 0.372884 0.323147 0.548273 0.640187 0.515026 0.336869 0.550771 0.46457 0.369206 0.395415 1.14758 0.270295 0.411861 0.614102 0.311121 1.05 0.301396 0.388828 0.544828 0.615001 0.649958 1.05119 0.309411 0.548372 0.377191 0.394122 0.32744 1.31584 0.453563 1.33579 0.282457 0.900999 0.443547 0.362145 0.453216 0.448046 1.39226 0.45201 0.547946 1.38614 1.1509 0.520897 0.362753 0.553056 0.401045 0.666387 0.405155 0.551494 0.486637 0.364301 0.44514 0.562924 0.677677 0.690085 0.352767 1.27643 1.094 0.396729 0.433489 0.356717 0.399646 0.407664 0.384584 0.458269 0.526733 0.358301 1.10001 0.404844 0.69312 0.305197 0.326546 1.36935 0.400327 0.314553 0.541192 0.75674 1.37019 0.557748 0.376533 0.36538 0.382305 0.372365 1.47975 0.553986 0.538915 0.399282 0.317109 0.355886 1.43398 1.09603 0.419005 0.431375 0.678447 0.363042 0.411509 0.573885 0.303506 0.398406 0.37387 0.333337 0.404009 0.455199 1.05717 1.15053 0.390167 0.354598 0.308797 0.446203 0.448863 1.4042 0.32337 0.286123 0.885155 1.33305 0.425266 0.31934 0.448725 0.349897 0.588681 0.392988 1.37164 0.593732 0.404283 0.682247 0.396515 0.404281 0.5485 0.757999 0.564335 0.543102 0.677252 0.403523 0.303203 0.402169 1.3028 0.283878 0.366962 0.586409 0.655076 0.539818 1.36533 0.399915 0.401114 0.401929 0.338365 0.330018 0.602387 0.453367 0.529315 0.687346 0.361063 0.435756 0.424791 0.32241 0.400382 0.588006 0.675899 0.353751 0.679097 0.53544 0.402458 0.559684 0.2989 0.543627 0.401007 1.06192 0.567261 0.389518 0.344089 0.765411 0.368423 0.548257 0.306233 0.328124 0.458849 0.400003 0.44394 0.655625 0.463363 1.48433 1.36084 0.409663 0.752848 0.35135 0.403672 0.685238 0.58447 0.39329 0.383253 0.395895 0.322951 1.45543 1.43398 0.500137 1.52632 0.359137 0.55512 1.46245 0.416589 0.400194 0.356605 1.33995 1.34484 0.361626 0.584305 0.370829 0.322828 0.326238 0.575824 0.333242 0.358249 0.298234 0.387055 0.387173 0.281473 0.306375 0.58313 0.33314 0.454363 0.590565 1.31413 0.677652 0.548104 0.326214 0.362504 0.623912
Testing:
Lab Growth Rates:
1.44
Dot Production Prediction of Lab Growth Rates:
1.41747
Best performance so far: 
Obj: 4.65286e-310Rho: 2.122e-314Diff: 4.65286e-310
Test:
 Lab Growth Rates:
1.44Dot Product Prediction of Growth Rate:
1.417469