seed =  5 traits =  1 
Training: part  157 
Training: part  157 
Round  1 
 Goal of obj  0.99 
Temperature range:  0.0078125 1.25e-13 
Cycle 1Round 1
Iter 500000 pBad 0.899406 T 0.00225422 Obj 1.1491 Rho 0 GRdif 81.441 success 142945 failure 4794 obj_new 1.1491 SA_pAcc 0.9438 Delta -0.0863993 SA_r 0.0915014 freedomratio 0.369483
Iter 1000000 pBad 0.781987 T 0.000650434 Obj 1.05858 Rho 0 GRdif 33.3621 success 286634 failure 20918 obj_new 1.05858 SA_pAcc 0.750842 Delta -0.067848 SA_r 0.612415 freedomratio 0.36625
Iter 1500000 pBad 0.73341 T 0.000187676 Obj 1.03066 Rho 0 GRdif 17.6976 success 426865 failure 45583 obj_new 1.03066 SA_pAcc 1 Delta 0.0141324 SA_r 0.439681 freedomratio 0.371121
Iter 2000000 pBad 0.701965 T 5.41521e-05 Obj 1.0218 Rho 0 GRdif 12.6401 success 565046 failure 75352 obj_new 1.0218 SA_pAcc 1 Delta -0.017606 SA_r 0.238008 freedomratio 0.361952
Iter 2500000 pBad 0.579544 T 1.5625e-05 Obj 1.01657 Rho 0 GRdif 9.63049 success 699994 failure 111706 obj_new 1.01657 SA_pAcc 1.47398 Delta 0.0403802 SA_r 0.109988 freedomratio 0.3528
Iter 3000000 pBad 0.404509 T 4.50845e-06 Obj 1.01279 Rho 0 GRdif 7.447 success 829034 failure 158608 obj_new 1.01279 SA_pAcc 1.09045 Delta -0.0205258 SA_r 0.394988 freedomratio 0.35973
Iter 3500000 pBad 0.342169 T 1.30087e-06 Obj 1.01053 Rho 0 GRdif 6.13597 success 944158 failure 231293 obj_new 1.01053 SA_pAcc 1 Delta 0.000463977 SA_r 0.750567 freedomratio 0.34209
Iter 4000000 pBad 0.16219 T 3.75352e-07 Obj 1.00904 Rho 0 GRdif 5.27313 success 1037473 failure 350114 obj_new 1.00904 SA_pAcc 1 Delta -4.01836e-05 SA_r 0.665124 freedomratio 0.317787
Iter 4500000 pBad 0.0992524 T 1.08304e-07 Obj 1.00853 Rho 0 GRdif 4.97596 success 1102218 failure 531974 obj_new 1.00853 SA_pAcc 1 Delta 0.00646177 SA_r 0.544995 freedomratio 0.275765
Iter 5000000 pBad 0.0241776 T 3.12501e-08 Obj 1.00842 Rho 0 GRdif 4.91227 success 1136654 failure 791244 obj_new 1.00842 SA_pAcc 0.0315666 Delta -0.0017801 SA_r 0.0478703 freedomratio 0.238018
Iter 5500000 pBad 0.0198122 T 9.0169e-09 Obj 1.00838 Rho 0 GRdif 4.8893 success 1155499 failure 1100853 obj_new 1.00838 SA_pAcc 6.24372e-27 Delta -0.0014543 SA_r 0.618614 freedomratio 0.222729
Iter 6000000 pBad 0.0106463 T 2.60174e-09 Obj 1.00836 Rho 0 GRdif 4.8763 success 1167131 failure 1437935 obj_new 1.00836 SA_pAcc 2.98789e-137 Delta 0.000101464 SA_r 0.697888 freedomratio 0.209211
Iter 6500000 pBad 0.0041482 T 7.50705e-10 Obj 1.00834 Rho 0 GRdif 30.9414 success 1173166 failure 1794489 obj_new 1.05422 SA_pAcc 0 Delta 0.000368632 SA_r 0.708807 freedomratio 0.203331
Iter 7000000 pBad 0.00257399 T 2.16608e-10 Obj 1.00834 Rho 0 GRdif 4.87047 success 1176369 failure 2160805 obj_new 1.00835 SA_pAcc 0 Delta -0.000111399 SA_r 0.457818 freedomratio 0.200822
Iter 7500000 pBad 0.000835425 T 6.25002e-11 Obj 1.00833 Rho 0 GRdif 4.86332 success 1178301 failure 2531918 obj_new 1.00833 SA_pAcc 0 Delta 1.08199e-05 SA_r 0.449738 freedomratio 0.199455
Iter 8000000 pBad 0.000247434 T 1.80338e-11 Obj 1.00833 Rho 0 GRdif 4.8619 success 1179457 failure 2905911 obj_new 1.00833 SA_pAcc 1 Delta -1.83436e-05 SA_r 0.487629 freedomratio 0.19804
Iter 8500000 pBad 0.000338414 T 5.20347e-12 Obj 1.00833 Rho 0 GRdif 4.86433 success 1180569 failure 3281034 obj_new 1.00834 SA_pAcc 0 Delta -1.81058e-05 SA_r 0.0372635 freedomratio 0.197906
Iter 9000000 pBad 3.67882e-09 T 1.50141e-12 Obj 1.00833 Rho 0 GRdif 4.86388 success 1185362 failure 3641450 obj_new 1.00833 SA_pAcc 0 Delta -1.07178e-10 SA_r 0.238497 freedomratio 0.191441
Iter 9500000 pBad 6.27919e-25 T 4.33217e-13 Obj 1.00833 Rho 0 GRdif 6.70819 success 1187761 failure 3939311 obj_new 1.01151 SA_pAcc 0 Delta 5.39649e-27 SA_r 0.85058 freedomratio 0.184335
Iter 10000000 pBad 0 T 1.25e-13 Obj 1.00833 Rho 0 GRdif 4.86036 success 1187761 failure 4224045 obj_new 1.00833 SA_pAcc 0 Delta -0 SA_r 0.671983 freedomratio 0.170995
Cannot move further
iter 9.14497e+06 obj1.00833 rho 0 GRdif 4.85987
Training:
Lab Growth Rates:
0.55 0.25 0.38 0.47 0.56 0.48 0.4 0.59 0.27 0.41 0.59 0.52 0.54 1.345 0.377 0.71 0.4 0.68 0.42 0.26 0.1 1.66 0.37 1.345 0.48 0.58 0.5 0.635 0.7 1.46 0.42 0.58 0.55 0.4 0.51 0.5 0.56 0.52 0.301 0.485 0.3 0.5 0.7 0.5 0.4 1.03 0.11 0.4 0.686 0.55 0.19 0.45 0.5 0.4 0.4 0.4 0.901 0.485 0.56 0.1 0.2 0.686 1.345 0.27 0.56 0.4 0.1 0.65 0.5 0.4 0.71 0.36 0.23 0.4 0.58 1.4 0.22 0.54 0.46 0.43 0.09 0.56 1.67 0.59 0.54 0.46 0.901 0.14 0.724 0.52 0.34 0.56 0.43 0.56 0.54 0.32 0.4 0.43 0.5 0.46 0.58 0.5 0.17 0.58 0.901 0.4 0.47 0.36 0.54 0.56 0.37 0.46 0.4 1.483 0.58 0.26 1.38 0.4 0.46 1.483 0.58 0.45 1.483 0.45 0.23 0.37 0.45 0.58 0.4 0.5 0.55 0.3 1.05 0.54 0.5 0.37 0.476 0.55 0.6 1.49 0.4 0.33 0.5 0.53 0.45 0.4 0.33 0.49 0.481 0.58 1.46 0.47 0.46 0.48 0.41 0.52 0.47 0.36 0.4 0.68 0.1 0.42 0.37 0.54 0.1 0.648 0.49 0.59 0.33 0.23 0.4 1.345 0.54 0.4 0.4 0.4 0.47 0.45 0.54 0.45 0.25 0.65 0.53 0.56 0.4 0.65 0.46 1.345 0.4 0.5 0.4 1.44 0.45 0.37 1.483 0.47 0.377 0.4 0.43 0.4 0.17 0.762 0.39 0.51 0.42 0.54 0.47 0.33 1.46 0.42 0.47 0.53 0.4 0.45 0.42 0.485 0.4 1.345 1.483 0.58 0.59 0.54 0.5 0.3 0.45 0.43 0.09 0.31 0.23 0.4 0.636 1.483 0.39 0.65 0.4 0.37 1.345 0.23 0.48 0.46 0.37 0.54 0.4 0.1 0.686 0.53 0.55 0.54 0.46 0.53 1.345 0.49 0.42 0.38 0.32 0.1 0.38 0.33 0.4 0.3 0.45 0.47 0.47 0.724 0.4 0.59 0.4 0.43 0.56 0.32 0.5 0.22 0.42 0.52 0.41 0.46 1.483 0.41 0.4 0.3 0.33 0.46 0.68 0.37 0.22 0.4 0.3 0.4 0.27 1.248 0.59 0.53 0.762 0.5 1.05 0.53 0.5 0.09 0.31 0.23 0.41 0.43 0.52 0.48 0.58 0.42 1.345 0.39 0.53 0.4 1.483 1.248 0.45 0.481 0.47 0.53 0.37 0.36 0.42 0.42 0.37 0.47 0.635 0.36 0.45 0.3 0.41 0.648 1.67 0.5 0.54 0.54 0.476 0.55 0.5 1.248 0.22 0.4 0.5 0.58 1.05 0.36 0.53 0.481 0.54 0.5 0.26 0.45 0.59 0.38 0.47 1.483 0.25 0.36 0.5 0.56 0.17 0.5 0.59 0.43 0.47 0.34 0.901 0.901 1.483 0.25 0.46 0.54 0.25 0.4 0.4 0.42 1.43 0.36 0.59 0.901 0.56 0.56 0.45 0.14 0.65 0.4 0.11 0.59 0.54 0.19 0.46 0.54 0.5 1.345 1.46 0.4 0.4 0.46 0.56 0.52 1.345 0.3 0.25 1.66 0.4 0.301 0.617 1.05 0.4 0.42 1.483 0.58 0.47 0.43 0.4 0.53 0.47 0.47 0.53 0.5 0.724 0.54 0.37 0.6 0.34 0.46 0.4 0.68 0.71 0.33 0.55 0.55 0.53 1.483 0.54 0.53 0.68 0.23 0.22 0.41 0.45 0.65 0.41 0.5 0.1 0.45 0.46 0.51 0.59 0.58 0.46 0.54 0.37 0.37 0.37 0.648 0.762 0.59 0.54 0.52 0.53 0.48 0.56 1.345 0.11 0.52 0.58 0.25 0.5 0.47 0.54 0.41 0.46 0.47 0.38 0.52 0.465 0.476 0.47 0.4 1.248 0.637 1.35 0.4 0.43 0.39 0.5 0.59 0.1 0.47 0.43 0.5 0.4 0.3 0.59 1.42 0.27 0.27 0.58 0.4 0.3 0.48 0.3 0.55 0.4 0.22 0.37 0.54 1.43 0.39 0.42 0.58 0.4 0.762 0.637 0.635 0.301 0.31 0.4 0.56 0.52 0.7 0.25 0.6 1.05 0.5 0.2 0.48 0.52 0.42 0.2 0.636 0.465 0.23 0.5 0.58 0.636 0.58 0.3 0.5 0.55 0.45 0.42 1.248 0.377 0.65 0.36 0.65 0.5 0.39 0.23 0.46 0.58 0.4 0.55 0.5 0.5 0.4 0.4 0.3 0.465 0.4 0.56 0.42 0.46 0.19 0.54 0.22 0.7 0.54 0.58 0.45 0.46 0.637 0.4 0.56 0.65 0.42 0.33 0.22 0.59 0.43 0.33 0.54 0.27 0.485 0.3 0.4 0.6 0.48
Dot Production Prediction of Lab Growth Rates:
0.549996 0.326082 0.345413 0.344659 0.534641 0.333468 0.399789 0.538359 0.358296 0.364753 0.327107 0.377313 0.425548 0.919439 0.460403 0.717406 0.396943 0.527189 0.371405 0.447277 0.36679 1.66 0.416819 0.956639 0.344711 0.471931 0.343285 0.71121 0.702102 1.04562 0.348701 0.366826 0.538586 0.401117 0.394906 0.384322 0.537995 0.397259 0.456844 0.463073 0.434716 0.542122 0.706918 0.327257 0.402945 1.27021 0.336268 0.398693 0.720697 0.538129 0.334517 0.372721 0.506801 0.398193 0.403938 0.402538 0.901 0.467855 0.538657 1.45031 0.396702 0.720008 0.934417 0.361672 0.473421 0.397678 0.449585 0.668477 0.336022 0.398118 0.721933 0.328853 0.412529 0.356863 0.33854 1.45542 0.463377 0.542436 0.337408 0.396339 0.409346 0.545645 1.51249 0.360608 0.313035 0.460005 0.902761 0.140868 0.724 0.39065 0.337327 0.470206 0.339585 0.54077 0.404062 0.322473 0.401294 0.433608 0.469969 0.501274 0.488408 0.467175 0.336104 0.348212 0.917611 0.403437 0.422568 0.384831 0.382242 0.530866 0.378335 0.475576 0.405808 0.962506 0.477561 0.557914 1.28973 0.404457 0.43735 0.90846 0.477339 0.358863 0.91567 1.54366 0.525535 0.413652 1.56303 0.363561 0.401134 0.553027 0.552259 0.332485 1.05 0.536392 0.341969 0.421069 0.470317 0.438551 0.417655 1.54366 0.399234 0.369455 0.335353 0.526381 0.409323 0.400035 0.334141 0.378005 0.463544 0.471015 1.05937 0.378788 0.458819 0.333638 0.360068 0.347328 0.43209 0.346555 0.398694 0.519084 0.655961 0.329972 0.405597 0.404307 0.856688 0.706312 0.359022 0.389432 0.428811 0.414224 0.404429 0.903561 0.546943 0.40208 0.402617 0.400538 0.382889 1.4562 0.454083 1.52731 0.498591 0.666533 0.330908 0.541214 0.400957 0.611961 0.462823 0.988029 0.398804 0.475472 0.401353 1.55041 1.48656 0.342318 0.883846 0.358743 0.459409 0.402842 0.414635 0.4033 0.334806 0.769055 0.336769 0.372823 0.57602 0.434291 0.395059 0.324339 1.52456 0.330323 0.348851 0.523561 0.402904 1.4729 0.315696 0.461413 0.400393 0.968852 0.915304 0.485217 0.318029 0.365742 0.329189 0.307341 0.359886 0.342115 0.333705 0.54828 0.518053 0.400476 0.725281 0.962297 0.314866 0.641369 0.40456 0.385814 0.973493 0.41257 0.334392 0.317373 0.404907 0.346348 0.404735 0.441651 0.721896 0.541043 0.442595 0.3241 0.355633 0.31867 0.984163 0.350836 0.332757 0.371029 0.312737 1.05317 0.354446 0.35846 0.4 0.300697 1.48479 0.376295 0.39887 0.721527 0.406419 0.547672 0.401239 0.453459 0.48236 0.342471 0.360315 0.461105 0.357871 0.350736 0.362631 0.378401 0.886388 0.461076 0.397883 0.405134 0.481616 0.492249 0.526453 0.402592 0.402602 0.399638 0.408571 0.398818 0.563343 0.839511 0.343772 0.394742 0.761993 0.361074 1.04975 0.543405 0.477956 0.371002 0.536035 0.530581 0.459904 0.369251 0.36918 0.327191 0.457694 0.360879 0.9086 0.318486 0.489911 0.399983 0.905153 0.842854 0.377091 0.464452 0.335662 0.522811 0.374495 0.341871 0.339843 0.349629 0.383456 0.419074 0.710069 0.388529 0.365221 0.432327 0.348439 0.711628 1.37597 0.542868 0.330862 0.540951 0.472443 0.437976 0.522543 0.849481 0.339209 0.404616 0.498628 0.333325 1.05557 0.373235 0.533804 0.466155 0.365866 0.329668 0.360408 0.336369 0.539597 0.369495 0.370498 0.93443 0.639069 0.353238 0.480991 0.531463 0.393885 0.485591 0.330097 0.353073 0.381326 0.328878 0.901033 0.796478 0.978966 0.371399 0.314391 0.352701 1.4974 0.404988 0.40203 0.353324 1.16045 0.334218 0.547649 0.899811 0.536459 0.517963 0.352946 0.139816 0.649956 0.404385 0.355904 0.54008 0.356667 0.34274 0.472917 0.453187 0.529055 0.982245 1.04585 0.401242 0.398915 0.410742 0.476321 0.339648 0.869918 0.356059 0.537097 1.66 0.410723 0.454893 0.478197 1.03539 0.399189 0.594058 0.961257 0.35344 0.349713 0.3758 0.403997 0.368631 0.413321 0.350525 0.340699 0.505695 0.721828 0.381452 0.410553 0.427625 0.328529 0.45681 0.397963 0.526122 0.721927 0.325678 0.538044 0.436188 0.344423 0.957981 0.38693 0.53236 0.520835 0.537084 0.363745 0.329782 0.403093 0.649638 0.460337 0.507844 0.859582 0.328832 0.474628 0.377723 0.344821 0.474374 0.416335 0.544642 0.515263 0.416549 0.407687 0.711559 0.772394 0.396776 0.445015 0.370633 0.376059 0.333073 0.473156 0.973366 0.350456 0.355516 0.469554 0.376648 0.537704 0.357286 0.377395 0.349245 0.411755 0.347933 0.351493 0.356445 0.470149 0.472907 0.362831 0.402831 0.84538 0.712209 1.08349 0.402663 0.402286 0.319187 0.34283 0.344243 0.94821 0.348346 0.43135 0.581463 0.40282 0.410541 0.538793 1.52293 0.385964 0.382996 0.483089 0.399323 0.404443 0.315639 0.300004 0.445216 0.402962 0.469139 0.418331 0.536009 1.16708 0.318388 0.366067 0.320931 0.403798 0.780672 0.709807 0.713288 0.457866 0.536661 0.401301 0.478392 0.351542 0.704389 0.365331 0.41394 1.48443 0.558746 0.42104 0.347309 0.343902 0.3649 0.420263 0.719021 0.470126 0.532012 0.551942 0.471329 0.720512 0.476986 0.387342 0.477708 0.423752 0.354151 0.355359 0.842932 0.458212 0.647657 0.347937 0.633582 0.533776 0.334003 0.529094 0.332186 0.348572 0.403583 0.555634 0.524684 0.323642 0.398953 0.401346 0.393456 0.468616 0.406927 0.543314 0.568033 0.44194 0.334979 0.53509 0.466553 0.695759 0.42911 0.314263 0.386522 0.348013 0.706589 0.400226 0.538888 0.639317 0.398609 0.405582 0.46477 0.54562 0.401766 0.348772 0.369094 0.325402 0.469139 0.365133 0.368166 0.429545 0.320042
Testing:
Lab Growth Rates:
0.47 0.47 0.47
Dot Production Prediction of Lab Growth Rates:
0.440616 0.489348 0.495151
Best performance so far: 
Obj: 4.67799e-310Rho: 2.26291e-314Diff: 4.67799e-310
Anneal again with the best G and E so far as input
Cycle 2Round 1
Iter 500000 pBad 0.854449 T 0.00225422 Obj 1.09274 Rho 0 GRdif 51.9695 success 110994 failure 7880 obj_new 1.09274 SA_pAcc 0.943388 Delta -0.036841 SA_r 0.322204 freedomratio 0.266849
Iter 1000000 pBad 0.760803 T 0.000650434 Obj 1.05984 Rho 0 GRdif 34.057 success 218677 failure 22479 obj_new 1.05984 SA_pAcc 1 Delta 0.0323996 SA_r 0.24251 freedomratio 0.26758
Iter 1500000 pBad 0.683017 T 0.000187676 Obj 1.03491 Rho 0 GRdif 20.1096 success 323546 failure 46340 obj_new 1.03491 SA_pAcc 1.48397 Delta -0.0621273 SA_r 0.54604 freedomratio 0.263726
Iter 2000000 pBad 0.590297 T 5.41521e-05 Obj 1.02691 Rho 0 GRdif 15.5593 success 425288 failure 78139 obj_new 1.02691 SA_pAcc 1 Delta -0.0329039 SA_r 0.836862 freedomratio 0.259982
Iter 2500000 pBad 0.498234 T 1.5625e-05 Obj 1.02156 Rho 0 GRdif 12.4999 success 522992 failure 117757 obj_new 1.02156 SA_pAcc 1 Delta -0.00590591 SA_r 0.248889 freedomratio 0.261025
Iter 3000000 pBad 0.425154 T 4.50845e-06 Obj 1.0176 Rho 0 GRdif 10.2253 success 617752 failure 163322 obj_new 1.0176 SA_pAcc 1 Delta 0.0262086 SA_r 0.78749 freedomratio 0.256567
Iter 3500000 pBad 0.281168 T 1.30087e-06 Obj 1.01284 Rho 0 GRdif 7.47537 success 709601 failure 218871 obj_new 1.01284 SA_pAcc 1.00049 Delta -2.80786e-05 SA_r 0.658401 freedomratio 0.238405
Iter 4000000 pBad 0.17169 T 3.75352e-07 Obj 1.01057 Rho 0 GRdif 6.15952 success 785992 failure 308807 obj_new 1.01057 SA_pAcc 1 Delta -0.00524356 SA_r 0.919759 freedomratio 0.237825
Iter 4500000 pBad 0.0780144 T 1.08304e-07 Obj 1.00991 Rho 0 GRdif 5.7812 success 837311 failure 460042 obj_new 1.00991 SA_pAcc 1 Delta -0.00298083 SA_r 0.332381 freedomratio 0.209211
Iter 5000000 pBad 0.0409812 T 3.12501e-08 Obj 1.00965 Rho 0 GRdif 5.62631 success 867005 failure 676827 obj_new 1.00965 SA_pAcc 1 Delta -0.000120941 SA_r 0.842638 freedomratio 0.188303
Iter 5500000 pBad 0.0295356 T 9.0169e-09 Obj 1.00948 Rho 0 GRdif 5.5308 success 888856 failure 935802 obj_new 1.00948 SA_pAcc 2.44911e-63 Delta -0.00169886 SA_r 0.972263 freedomratio 0.172912
Iter 6000000 pBad 0.0152061 T 2.60174e-09 Obj 1.00939 Rho 0 GRdif 5.47728 success 905725 failure 1234505 obj_new 1.00939 SA_pAcc 1 Delta -0.00130253 SA_r 0.0342252 freedomratio 0.156475
Iter 6500000 pBad 0.0064944 T 7.50705e-10 Obj 1.00936 Rho 0 GRdif 5.46193 success 915014 failure 1569968 obj_new 1.00936 SA_pAcc 6.34241e-10 Delta -0.000370857 SA_r 0.21506 freedomratio 0.149185
Iter 7000000 pBad 0.00293924 T 2.16608e-10 Obj 1.00936 Rho 0 GRdif 5.45876 success 919583 failure 1926371 obj_new 1.00936 SA_pAcc 0 Delta -0.000268876 SA_r 0.402516 freedomratio 0.145518
Iter 7500000 pBad 0.00130544 T 6.25002e-11 Obj 1.00936 Rho 0 GRdif 5.45707 success 921751 failure 2292584 obj_new 1.00936 SA_pAcc 0 Delta -0.000108218 SA_r 0.04209 freedomratio 0.144193
Iter 8000000 pBad 0.000716852 T 1.80338e-11 Obj 1.00935 Rho 0 GRdif 5.45595 success 923597 failure 2663225 obj_new 1.00935 SA_pAcc 4.40425e-84 Delta -5.36399e-05 SA_r 0.872911 freedomratio 0.142614
Iter 8500000 pBad 0.000529978 T 5.20347e-12 Obj 1.00935 Rho 0 GRdif 5.45563 success 925101 failure 3038432 obj_new 1.00935 SA_pAcc 0 Delta -1.39784e-05 SA_r 0.311634 freedomratio 0.141478
Iter 9000000 pBad 7.65261e-35 T 1.50141e-12 Obj 1.00935 Rho 0 GRdif 5.45533 success 926219 failure 3385784 obj_new 1.00935 SA_pAcc 0 Delta 7.60891e-36 SA_r 0.371953 freedomratio 0.135648
Iter 9500000 pBad 1.07041e-136 T 4.33217e-13 Obj 1.00935 Rho 0 GRdif 5.4555 success 926219 failure 3696950 obj_new 1.00935 SA_pAcc 0 Delta -4.48883e-138 SA_r 0.199809 freedomratio 0.136469
Good enough
iter 8.84777e+06 obj1.00935 rho 0 GRdif 5.45531
Training:
Lab Growth Rates:
0.55 0.25 0.38 0.47 0.56 0.48 0.4 0.59 0.27 0.41 0.59 0.52 0.54 1.345 0.377 0.71 0.4 0.68 0.42 0.26 0.1 1.66 0.37 1.345 0.48 0.58 0.5 0.635 0.7 1.46 0.42 0.58 0.55 0.4 0.51 0.5 0.56 0.52 0.301 0.485 0.3 0.5 0.7 0.5 0.4 1.03 0.11 0.4 0.686 0.55 0.19 0.45 0.5 0.4 0.4 0.4 0.901 0.485 0.56 0.1 0.2 0.686 1.345 0.27 0.56 0.4 0.1 0.65 0.5 0.4 0.71 0.36 0.23 0.4 0.58 1.4 0.22 0.54 0.46 0.43 0.09 0.56 1.67 0.59 0.54 0.46 0.901 0.14 0.724 0.52 0.34 0.56 0.43 0.56 0.54 0.32 0.4 0.43 0.5 0.46 0.58 0.5 0.17 0.58 0.901 0.4 0.47 0.36 0.54 0.56 0.37 0.46 0.4 1.483 0.58 0.26 1.38 0.4 0.46 1.483 0.58 0.45 1.483 0.45 0.23 0.37 0.45 0.58 0.4 0.5 0.55 0.3 1.05 0.54 0.5 0.37 0.476 0.55 0.6 1.49 0.4 0.33 0.5 0.53 0.45 0.4 0.33 0.49 0.481 0.58 1.46 0.47 0.46 0.48 0.41 0.52 0.47 0.36 0.4 0.68 0.1 0.42 0.37 0.54 0.1 0.648 0.49 0.59 0.33 0.23 0.4 1.345 0.54 0.4 0.4 0.4 0.47 0.45 0.54 0.45 0.25 0.65 0.53 0.56 0.4 0.65 0.46 1.345 0.4 0.5 0.4 1.44 0.45 0.37 1.483 0.47 0.377 0.4 0.43 0.4 0.17 0.762 0.39 0.51 0.42 0.54 0.47 0.33 1.46 0.42 0.47 0.53 0.4 0.45 0.42 0.485 0.4 1.345 1.483 0.58 0.59 0.54 0.5 0.3 0.45 0.43 0.09 0.31 0.23 0.4 0.636 1.483 0.39 0.65 0.4 0.37 1.345 0.23 0.48 0.46 0.37 0.54 0.4 0.1 0.686 0.53 0.55 0.54 0.46 0.53 1.345 0.49 0.42 0.38 0.32 0.1 0.38 0.33 0.4 0.3 0.45 0.47 0.47 0.724 0.4 0.59 0.4 0.43 0.56 0.32 0.5 0.22 0.42 0.52 0.41 0.46 1.483 0.41 0.4 0.3 0.33 0.46 0.68 0.37 0.22 0.4 0.3 0.4 0.27 1.248 0.59 0.53 0.762 0.5 1.05 0.53 0.5 0.09 0.31 0.23 0.41 0.43 0.52 0.48 0.58 0.42 1.345 0.39 0.53 0.4 1.483 1.248 0.45 0.481 0.47 0.53 0.37 0.36 0.42 0.42 0.37 0.47 0.635 0.36 0.45 0.3 0.41 0.648 1.67 0.5 0.54 0.54 0.476 0.55 0.5 1.248 0.22 0.4 0.5 0.58 1.05 0.36 0.53 0.481 0.54 0.5 0.26 0.45 0.59 0.38 0.47 1.483 0.25 0.36 0.5 0.56 0.17 0.5 0.59 0.43 0.47 0.34 0.901 0.901 1.483 0.25 0.46 0.54 0.25 0.4 0.4 0.42 1.43 0.36 0.59 0.901 0.56 0.56 0.45 0.14 0.65 0.4 0.11 0.59 0.54 0.19 0.46 0.54 0.5 1.345 1.46 0.4 0.4 0.46 0.56 0.52 1.345 0.3 0.25 1.66 0.4 0.301 0.617 1.05 0.4 0.42 1.483 0.58 0.47 0.43 0.4 0.53 0.47 0.47 0.53 0.5 0.724 0.54 0.37 0.6 0.34 0.46 0.4 0.68 0.71 0.33 0.55 0.55 0.53 1.483 0.54 0.53 0.68 0.23 0.22 0.41 0.45 0.65 0.41 0.5 0.1 0.45 0.46 0.51 0.59 0.58 0.46 0.54 0.37 0.37 0.37 0.648 0.762 0.59 0.54 0.52 0.53 0.48 0.56 1.345 0.11 0.52 0.58 0.25 0.5 0.47 0.54 0.41 0.46 0.47 0.38 0.52 0.465 0.476 0.47 0.4 1.248 0.637 1.35 0.4 0.43 0.39 0.5 0.59 0.1 0.47 0.43 0.5 0.4 0.3 0.59 1.42 0.27 0.27 0.58 0.4 0.3 0.48 0.3 0.55 0.4 0.22 0.37 0.54 1.43 0.39 0.42 0.58 0.4 0.762 0.637 0.635 0.301 0.31 0.4 0.56 0.52 0.7 0.25 0.6 1.05 0.5 0.2 0.48 0.52 0.42 0.2 0.636 0.465 0.23 0.5 0.58 0.636 0.58 0.3 0.5 0.55 0.45 0.42 1.248 0.377 0.65 0.36 0.65 0.5 0.39 0.23 0.46 0.58 0.4 0.55 0.5 0.5 0.4 0.4 0.3 0.465 0.4 0.56 0.42 0.46 0.19 0.54 0.22 0.7 0.54 0.58 0.45 0.46 0.637 0.4 0.56 0.65 0.42 0.33 0.22 0.59 0.43 0.33 0.54 0.27 0.485 0.3 0.4 0.6 0.48
Dot Production Prediction of Lab Growth Rates:
0.546992 0.319418 0.309138 0.361732 0.545863 0.330613 0.400412 0.546276 0.385763 0.40261 0.319124 0.399045 0.458916 1.26038 0.491964 0.677528 0.388766 0.531343 0.332751 0.436769 0.34126 1.66166 0.434563 1.21771 0.299896 0.460748 0.380271 0.683718 0.712099 1.03325 0.296671 0.384213 0.55024 0.401558 0.445454 0.44274 0.525204 0.4035 0.509022 0.488489 0.6092 0.543051 0.712936 0.326977 0.399764 1.29194 0.344052 0.3885 0.685461 0.550235 0.340205 0.3255 0.679834 0.397627 0.403336 0.402452 0.90456 0.485213 0.548291 1.38433 0.354081 0.683527 1.28521 0.34917 0.46049 0.396858 0.444999 0.650453 0.374808 0.396105 0.68885 0.336544 0.445302 0.304805 0.361111 1.40044 0.480134 0.529232 0.354335 0.386091 0.472053 0.5439 1.43765 0.324371 0.293068 0.459641 0.901901 0.59322 0.68661 0.398204 0.330399 0.460031 0.366 0.528041 0.366976 0.336986 0.398288 0.429181 0.458488 0.528027 0.459957 0.457505 0.315959 0.377125 0.901403 0.404048 0.380771 0.438203 0.388975 0.550292 0.410189 0.46169 0.404637 1.14213 0.462696 0.538457 1.26405 0.400878 0.431609 1.22924 0.463582 0.333637 1.23882 1.4953 0.564233 0.427421 1.47719 0.401312 0.398686 0.751184 0.554989 0.475256 1.06051 0.544381 0.331058 0.436673 0.484319 0.477948 0.577963 1.4953 0.399753 0.348914 0.330237 0.54153 0.411857 0.400233 0.299834 0.408462 0.484977 0.461702 1.02244 0.367721 0.462632 0.34927 0.386886 0.383591 0.391774 0.334045 0.395017 0.52862 0.920492 0.293485 0.420699 0.368918 1.89941 0.673637 0.38663 0.367212 0.515871 0.444882 0.403051 1.24511 0.548327 0.402165 0.40289 0.402517 0.418462 1.37835 0.467395 1.43216 0.47453 0.660486 0.349193 0.543575 0.391532 0.625575 0.5174 1.24993 0.395168 0.46949 0.402988 1.45174 1.42264 0.284285 1.22478 0.358172 0.497229 0.402853 0.405687 0.398743 0.310635 1.44058 0.323723 0.407915 0.538432 0.464664 0.443519 0.312593 1.62168 0.30859 0.382807 0.545869 0.402821 1.39769 0.302566 0.48989 0.399005 1.19961 1.23386 0.462149 0.310615 0.392152 0.349178 0.273293 0.373713 0.371664 0.354415 0.56805 0.560105 0.402061 0.685666 1.13243 0.321925 0.637249 0.403864 0.441744 1.19825 0.445519 0.347945 0.288232 0.420964 0.379657 0.402674 0.438165 0.686099 0.540729 0.481073 0.295713 0.380174 0.281804 1.19308 0.381347 0.309417 0.380917 0.298113 2.34235 0.294999 0.384174 0.388858 0.272045 1.41631 0.404297 0.400795 0.682561 0.402959 0.547367 0.401871 0.438366 0.462079 0.353725 0.387674 0.469818 0.344365 0.352641 0.410928 0.39685 1.20956 0.496322 0.398832 0.559104 0.508367 0.51274 0.531869 0.417997 0.457584 0.396178 0.58403 0.393466 0.573014 1.24917 0.34181 0.431937 1.44348 0.395596 1.07383 0.525061 0.672472 0.379943 0.595751 0.548555 0.494246 0.3795 0.410977 0.284295 0.451709 0.333724 1.23907 0.296892 0.448638 0.399059 1.20979 1.2492 0.423719 0.486826 0.320091 0.492553 0.390003 0.360127 0.329271 0.334502 0.405051 0.454331 0.680904 0.428985 0.402283 0.584046 0.364623 0.679773 1.38818 0.755487 0.345436 0.536199 0.487158 0.478728 0.54111 1.25828 0.367014 0.403245 0.669077 0.35002 1.07512 0.380015 0.531384 0.485688 0.334151 0.328117 0.366589 0.370399 0.549459 0.395315 0.375854 1.16541 0.898606 0.374893 0.465307 0.547466 0.441656 0.470827 0.331871 0.38427 0.413418 0.320195 0.90144 1.2736 1.15114 0.354109 0.302938 0.380228 1.45204 0.403594 0.392571 0.339802 1.3934 0.345353 0.5505 0.900919 0.547888 0.551421 0.368287 0.591078 0.631145 0.405018 0.39879 0.538625 0.361359 0.352167 0.462661 0.46652 0.553905 1.21691 1.04515 0.4006 0.397289 0.433226 0.463175 0.357223 1.23779 0.330329 0.52538 1.62708 0.368381 0.508963 0.900951 1.01428 0.400019 0.560507 1.20002 0.374612 0.365116 0.338291 0.400573 0.408311 0.381569 0.383517 0.312683 0.647731 0.686922 0.368979 0.424048 0.594217 0.306786 0.454838 0.385499 0.53514 0.680707 0.327408 0.550988 0.483353 0.38121 1.21593 0.346984 0.531119 0.530616 0.550763 0.411871 0.308054 0.428253 0.655736 0.497464 0.707665 1.89999 0.365924 0.460423 0.428553 0.311004 0.464015 0.406946 0.54558 0.525589 0.434563 0.426133 0.678972 1.45241 0.390451 0.45789 0.377972 0.420904 0.292167 0.459145 1.15836 0.3822 0.388698 0.458934 0.353345 0.728194 0.358089 0.413079 0.346693 0.472339 0.360897 0.301209 0.387014 0.485575 0.486874 0.371298 0.405096 1.2485 0.682113 1.33608 0.401733 0.382932 0.324294 0.33729 0.330581 2.24014 0.359377 0.43012 0.78813 0.403604 0.396605 0.546361 1.5179 0.385953 0.385955 0.46463 0.400363 0.552063 0.305769 0.266397 0.478541 0.401929 0.473539 0.43632 0.539507 1.38292 0.308514 0.359496 0.321726 0.402266 1.46723 0.681316 0.682446 0.512217 0.584857 0.402013 0.458942 0.364955 0.713357 0.354229 0.59037 1.60744 0.782393 0.359203 0.355235 0.371184 0.408378 0.385518 0.683948 0.48521 0.552471 0.740322 0.45407 0.682939 0.461868 0.378317 0.463481 0.46801 0.311571 0.336759 1.25383 0.493113 0.650753 0.376376 0.650531 0.567938 0.353561 0.553565 0.332805 0.375456 0.402862 0.554595 0.540178 0.335544 0.389163 0.401065 0.554421 0.483477 0.407567 0.549348 0.54004 0.433256 0.336127 0.5398 0.473567 0.707725 0.458163 0.299303 0.378598 0.367019 0.676414 0.4002 0.54378 0.651839 0.372938 0.481939 0.481037 0.547911 0.402085 0.373218 0.383214 0.295115 0.488659 0.515054 0.311996 0.6049 0.29879
Testing:
Lab Growth Rates:
0.47 0.47 0.47
Dot Production Prediction of Lab Growth Rates:
0.448582 0.43764 0.436236
Best performance so far: 
Obj: 4.67799e-310Rho: 6.5069e-314Diff: 4.67799e-310
Test:
 Lab Growth Rates:
0.47 0.47 0.47Dot Product Prediction of Growth Rate:
0.4485824 0.43764 0.4362363