seed =  5 traits =  1 
Training: part  155 
Training: part  155 
Round  1 
 Goal of obj  0.99 
Temperature range:  0.0078125 1.5625e-13 
Cycle 1Round 1
Iter 500000 pBad 0.886255 T 0.00227952 Obj 1.10659 Rho 0 GRdif 59.3537 success 147499 failure 7716 obj_new 1.10659 SA_pAcc 1.06847 Delta -0.0737313 SA_r 0.202554 freedomratio 0.381759
Iter 1000000 pBad 0.808546 T 0.000665111 Obj 1.05431 Rho 0 GRdif 30.9894 success 291519 failure 22816 obj_new 1.05431 SA_pAcc 1.12618 Delta -0.0354562 SA_r 0.879365 freedomratio 0.369018
Iter 1500000 pBad 0.736355 T 0.000194064 Obj 1.02884 Rho 0 GRdif 16.6588 success 433560 failure 43867 obj_new 1.02884 SA_pAcc 1 Delta 0.0192328 SA_r 0.202266 freedomratio 0.359951
Iter 2000000 pBad 0.672658 T 5.66236e-05 Obj 1.02342 Rho 0 GRdif 13.5662 success 572058 failure 72823 obj_new 1.02342 SA_pAcc 1 Delta -0.0182524 SA_r 0.795221 freedomratio 0.359289
Iter 2500000 pBad 0.522749 T 1.65215e-05 Obj 1.01705 Rho 0 GRdif 9.90871 success 707235 failure 108951 obj_new 1.01705 SA_pAcc 1.30744 Delta -0.0348639 SA_r 0.572214 freedomratio 0.359289
Iter 3000000 pBad 0.43463 T 4.82059e-06 Obj 1.01363 Rho 0 GRdif 7.93584 success 835471 failure 156049 obj_new 1.01363 SA_pAcc 0.920802 Delta -0.00536552 SA_r 0.641139 freedomratio 0.354293
Iter 3500000 pBad 0.241582 T 1.40654e-06 Obj 1.00934 Rho 0 GRdif 5.44963 success 944762 failure 240735 obj_new 1.00934 SA_pAcc 0.267153 Delta -0.0143303 SA_r 0.733471 freedomratio 0.334284
Iter 4000000 pBad 0.165276 T 4.10396e-07 Obj 1.0085 Rho 0 GRdif 4.95963 success 1031879 failure 370453 obj_new 1.0085 SA_pAcc 1 Delta 0.00364984 SA_r 0.983686 freedomratio 0.305208
Iter 4500000 pBad 0.0736315 T 1.19744e-07 Obj 1.0082 Rho 0 GRdif 4.79531 success 1090077 failure 567078 obj_new 1.00822 SA_pAcc 2.14192e-56 Delta -0.00449428 SA_r 0.205011 freedomratio 0.272939
Iter 5000000 pBad 0.0335309 T 3.49386e-08 Obj 1.00805 Rho 0 GRdif 4.70069 success 1125881 failure 824027 obj_new 1.00805 SA_pAcc 1 Delta -0.00319839 SA_r 0.972522 freedomratio 0.239086
Iter 5500000 pBad 0.0180889 T 1.01943e-08 Obj 1.008 Rho 0 GRdif 4.66844 success 1145696 failure 1130808 obj_new 1.008 SA_pAcc 3.50751e-44 Delta 0.000987451 SA_r 0.536059 freedomratio 0.22155
Iter 6000000 pBad 0.0113365 T 2.97447e-09 Obj 1.00798 Rho 0 GRdif 4.65673 success 1157926 failure 1467482 obj_new 1.00798 SA_pAcc 1.21567e-140 Delta 0.000850156 SA_r 0.0525152 freedomratio 0.210943
Iter 6500000 pBad 0.00426849 T 8.67882e-10 Obj 1.00796 Rho 0 GRdif 4.64972 success 1166020 failure 1821814 obj_new 1.00797 SA_pAcc 0 Delta -1.12605e-05 SA_r 0.13385 freedomratio 0.198509
Iter 7000000 pBad 0.00291774 T 2.53228e-10 Obj 1.00796 Rho 0 GRdif 4.64606 success 1171024 failure 2192455 obj_new 1.00796 SA_pAcc 1 Delta -0.000107771 SA_r 0.578082 freedomratio 0.193976
Iter 7500000 pBad 0.00250305 T 7.38862e-11 Obj 1.00796 Rho 0 GRdif 4.6485 success 1174380 failure 2574424 obj_new 1.00796 SA_pAcc 0 Delta -0.000152006 SA_r 0.528356 freedomratio 0.188062
Iter 8000000 pBad 0.000820999 T 2.15583e-11 Obj 1.00796 Rho 0 GRdif 4.66668 success 1177484 failure 2964294 obj_new 1.008 SA_pAcc 0 Delta -4.87928e-06 SA_r 0.835872 freedomratio 0.183297
Iter 8500000 pBad 0.000844777 T 6.29023e-12 Obj 1.00795 Rho 0 GRdif 4.64264 success 1179407 failure 3361628 obj_new 1.00795 SA_pAcc 1 Delta -1.14678e-05 SA_r 0.528717 freedomratio 0.18053
Iter 9000000 pBad 7.43948e-05 T 1.83535e-12 Obj 1.00795 Rho 0 GRdif 4.64229 success 1182887 failure 3763960 obj_new 1.00795 SA_pAcc 1 Delta -5.68154e-06 SA_r 0.366567 freedomratio 0.17363
Iter 9500000 pBad 0.000200367 T 5.35512e-13 Obj 1.00795 Rho 0 GRdif 4.64199 success 1187031 failure 4173732 obj_new 1.00795 SA_pAcc 0 Delta 1.33715e-05 SA_r 0.631541 freedomratio 0.170895
Iter 10000000 pBad 1.15206e-205 T 1.5625e-13 Obj 1.00795 Rho 0 GRdif 4.64197 success 1187654 failure 4521220 obj_new 1.00795 SA_pAcc 0 Delta -7.80002e-207 SA_r 0.822339 freedomratio 0.166619
Cannot move further
iter 9.59537e+06 obj1.00795 rho 0 GRdif 4.64196
Training:
Lab Growth Rates:
0.48 0.36 0.47 0.46 0.5 0.686 1.483 0.48 1.345 0.58 0.4 0.56 0.55 0.27 0.724 0.43 0.59 0.36 0.46 0.45 0.53 0.43 0.5 0.55 0.37 1.483 0.56 0.53 0.5 0.47 0.3 0.39 0.56 0.1 0.41 0.37 0.45 0.33 0.1 0.49 0.7 0.5 1.248 0.45 0.1 0.59 0.46 0.4 0.4 0.45 0.54 0.58 0.36 0.5 0.42 0.58 0.33 0.43 0.476 0.46 1.345 0.59 0.5 1.345 0.4 1.483 0.5 0.5 1.483 0.59 0.37 0.68 0.23 0.58 0.46 1.05 0.3 0.58 0.31 0.52 0.4 0.58 0.1 0.686 0.23 0.37 0.46 0.47 0.25 0.58 0.54 0.41 0.47 0.476 0.5 0.37 0.4 0.27 0.65 0.71 0.23 1.248 0.4 0.54 0.4 0.377 0.25 0.4 0.4 0.41 0.4 0.41 1.345 0.68 0.68 1.483 0.47 1.345 0.4 0.65 1.345 0.45 0.38 0.19 0.4 1.49 0.59 0.58 0.6 0.3 0.485 0.65 0.51 0.3 0.22 0.5 1.43 0.56 0.58 0.485 0.47 0.59 0.51 1.483 0.68 0.43 0.47 0.4 0.46 0.5 0.54 0.485 0.33 0.53 0.59 0.48 0.5 0.11 1.248 0.4 0.2 0.617 0.49 0.42 1.46 0.56 0.33 0.47 0.5 0.25 0.45 0.54 0.53 0.4 0.41 0.4 0.56 0.4 0.52 1.345 0.36 0.58 1.05 0.5 0.377 0.56 0.3 0.54 0.56 0.52 0.17 0.5 0.4 0.4 0.37 0.39 0.65 0.37 0.25 0.3 0.7 0.476 0.4 0.4 1.345 0.37 0.4 0.54 0.54 0.42 0.52 0.23 0.25 0.65 0.59 0.11 0.4 0.54 0.55 0.53 0.39 0.47 0.45 0.56 0.59 0.58 0.637 0.3 0.23 0.55 0.65 0.22 0.59 0.54 0.55 0.58 0.686 0.4 0.4 0.58 0.481 0.58 0.636 0.22 0.51 0.4 0.4 0.47 0.27 0.3 0.56 0.26 0.54 0.45 0.14 0.4 0.53 0.4 0.4 0.26 0.58 0.4 0.36 0.55 0.46 0.37 0.53 0.4 0.901 0.59 0.56 1.46 0.59 0.65 0.45 0.42 0.46 0.42 0.46 0.1 0.47 0.46 0.54 0.42 1.67 0.71 0.648 0.4 0.22 0.481 0.33 0.26 0.5 0.42 0.4 0.43 0.5 0.47 0.46 0.27 0.4 0.54 0.38 0.27 0.38 0.7 0.47 0.45 0.23 0.47 0.54 0.23 0.45 0.635 0.42 1.483 0.45 0.1 0.53 0.4 0.5 1.03 0.43 1.345 0.65 1.05 1.483 0.2 0.5 0.58 0.36 0.36 0.36 0.36 0.42 0.09 0.53 0.37 1.67 0.762 0.54 0.56 1.483 0.4 0.58 0.4 0.4 0.45 0.23 0.301 0.5 0.59 0.4 0.54 0.3 0.7 0.54 0.42 1.66 1.05 1.483 0.4 0.4 0.54 0.53 0.55 1.46 0.5 0.58 0.52 0.4 0.481 0.38 0.4 0.11 0.37 0.465 0.47 0.37 0.5 0.5 0.31 0.39 0.4 0.47 0.47 0.52 0.71 0.636 0.34 0.22 0.59 0.25 0.42 0.22 0.41 0.43 0.3 0.5 0.53 0.55 0.41 0.46 0.45 0.4 0.5 0.31 0.41 1.42 0.55 0.42 0.54 0.465 0.3 0.56 0.637 0.5 0.301 0.636 0.33 0.4 0.6 1.66 0.54 0.33 0.42 0.46 0.54 0.56 0.901 0.55 0.42 1.35 0.52 0.52 0.39 0.65 0.43 0.22 0.4 0.3 0.4 0.17 0.19 0.485 0.901 0.43 0.48 0.47 0.4 0.49 0.54 0.4 0.48 0.54 0.901 0.5 0.5 0.54 0.5 0.55 0.53 0.22 0.5 0.09 0.42 0.54 1.483 0.46 0.34 0.48 0.48 0.4 0.45 0.52 1.345 0.58 0.6 0.42 0.47 0.5 0.45 0.5 0.45 0.43 0.59 0.724 0.5 0.5 0.4 0.19 0.55 0.762 0.4 0.56 0.54 0.53 0.48 0.52 1.43 0.47 0.377 0.41 0.34 0.23 1.44 0.46 0.37 0.47 0.4 0.3 1.46 1.345 0.762 0.4 0.25 0.56 0.53 0.42 0.53 0.762 0.46 0.635 0.56 1.248 0.648 0.38 0.48 1.38 0.724 0.37 0.54 0.45 0.37 0.33 0.14 0.59 0.43 0.46 1.4 0.46 0.52 0.4 0.648 0.47 0.6 0.301 1.483 0.54 0.09 1.345 0.68 0.52 0.46 1.248 0.56 0.58 0.901 0.27 0.47 0.17 0.465 0.1 0.25 0.4 0.635 0.1 0.58 0.637 0.46 0.1 0.901 0.4 0.42 0.4 0.2 0.45 0.43 0.4 0.39 0.33 0.3 0.37 0.47 1.05 0.4
Dot Production Prediction of Lab Growth Rates:
0.302725 0.412995 0.364065 0.44446 0.645279 0.723415 1.16442 0.324393 1.21715 0.29806 0.397513 0.540453 0.449961 0.30056 0.720918 0.408877 0.54315 0.340166 0.409132 0.320605 0.527277 0.388464 0.722144 0.557019 0.418916 1.15149 0.543694 0.404207 0.325732 0.343132 0.299107 0.302308 0.46691 0.961161 0.301278 0.430106 0.396441 0.501011 1.08915 0.365581 0.700006 0.606558 0.89737 1.59366 1.54442 0.544762 0.327667 0.402045 0.400781 1.55234 0.535592 0.463813 0.401329 0.545152 0.301892 0.474293 0.430301 0.433318 0.531409 0.456296 1.14203 0.550878 0.358433 1.13081 0.404922 1.15835 0.483462 0.481741 1.15304 0.386449 0.425323 0.483591 0.545847 0.340529 0.401983 1.05 0.316892 0.483858 0.587387 0.37683 0.38962 0.336496 0.435726 0.721305 0.444728 0.401829 0.458157 0.330164 0.523932 0.475039 0.445807 0.367596 0.396922 0.535363 0.535707 0.423561 0.40267 0.327828 0.68513 0.718637 0.445391 0.893269 0.40023 0.305458 0.398358 0.528954 0.348562 0.394647 0.399988 0.369088 0.404611 0.529219 1.15218 0.481789 0.481158 1.13965 0.372564 1.17414 0.404791 0.652523 1.1226 0.352127 0.325134 0.310414 0.39983 1.59366 0.550887 0.477868 0.508636 0.305786 0.526057 0.631424 0.413087 0.523769 0.426085 0.541411 1.36195 0.483194 0.360176 0.529527 0.327666 0.547399 0.389487 1.17152 0.482483 0.366871 0.350154 0.399626 0.308925 0.535133 0.347666 0.525901 0.353965 0.372942 0.306028 0.326646 0.685293 0.320225 0.902072 0.39887 0.403274 0.546751 0.37224 0.375561 1.57636 0.472909 0.351189 0.345806 0.328633 0.818504 0.35373 0.377925 0.380816 0.396509 0.338593 0.398942 0.54318 0.39754 0.357704 1.17103 0.350249 0.379989 1.05102 0.312008 0.529891 0.537166 0.472149 0.471099 0.464105 0.335167 0.331316 0.535876 0.397237 0.393493 0.41797 0.295766 0.649941 0.422291 0.31628 0.484426 0.700363 0.533236 0.402085 0.398982 1.09297 0.394863 0.40195 0.46198 0.54045 0.308803 0.369421 0.540625 0.556047 0.677122 0.319116 0.363578 0.403078 0.548149 0.451174 0.548144 0.319196 0.33858 0.321486 0.546745 0.374956 0.350196 0.710391 0.418515 0.533768 0.548039 0.636592 0.484997 0.551037 0.543507 0.451152 0.48271 0.721942 0.401337 0.400068 0.476324 0.529441 0.35524 0.718663 0.478578 0.380979 0.398477 0.400176 0.399572 0.605118 0.526572 0.54457 0.461618 0.450896 0.376642 0.140049 0.40313 0.536856 0.402484 0.391959 0.555893 0.477946 0.32436 0.329505 0.554335 0.469835 0.308 0.540184 0.401005 0.873132 0.353184 0.46621 0.9883 0.339446 0.628778 1.51497 0.3558 0.459996 0.320245 0.431786 0.889751 0.443451 0.386068 0.332532 0.616446 1.417 0.725744 0.710303 0.402872 0.375289 0.529599 0.319133 0.383604 0.339795 0.315004 0.403489 0.412885 0.349701 0.477002 0.519978 0.373143 0.401088 0.390738 0.355321 0.382323 0.320671 0.700893 0.462635 1.55535 0.544418 0.407683 0.464167 0.541951 0.304367 0.716032 0.314227 1.11428 0.390489 0.439363 0.302993 0.402154 0.628838 1.39796 0.452431 1.1847 0.650433 1.63459 1.11167 0.365311 0.744312 0.461752 0.366219 0.350064 0.340846 0.356892 0.344508 0.364085 0.52502 0.414431 1.58429 0.864113 0.539995 0.541608 1.14189 0.398518 0.480142 0.403864 0.403362 1.59095 0.540898 0.528832 0.701805 0.322625 0.396633 0.303083 0.38233 0.699234 0.36638 0.331842 1.66 1.00302 1.13627 0.402017 0.388291 0.34522 0.319878 0.549986 1.01238 0.713281 0.320681 0.390754 0.405014 0.527668 0.317104 0.401897 0.360422 0.430961 0.530183 0.321318 0.431289 0.631595 0.470245 0.574219 0.340973 0.398893 0.467373 0.418456 0.366175 0.722125 0.715015 0.34193 0.346719 0.541549 1.57288 0.318724 0.482348 0.527929 0.360072 0.300188 0.404172 0.523743 0.4551 0.364391 0.345701 0.32738 0.391236 0.380342 0.573097 0.525337 1.60433 0.455388 0.324295 0.373269 0.533988 0.491163 0.545362 0.710844 0.699883 0.527389 0.721776 0.325042 0.402314 0.503155 1.63592 0.379771 0.469713 0.356171 0.469199 0.531617 0.481377 0.900964 0.547513 0.296239 1.24606 0.349389 0.353785 0.341043 0.647944 0.351644 0.482287 0.395447 0.496051 0.402543 0.421739 0.324 0.531849 0.905495 0.404344 0.343404 0.388415 0.402052 0.345585 0.446579 0.400834 0.344901 0.337208 0.903781 0.473706 0.371854 0.381531 0.623885 0.438953 0.524133 0.483715 0.330184 0.444532 0.339136 0.540907 1.1565 0.508545 0.331721 0.285957 0.291269 0.398252 0.349451 0.358059 1.18622 0.38004 0.500037 0.594137 0.34703 0.472692 0.412476 0.483593 1.59381 0.428578 0.340518 0.722095 0.314034 0.332836 0.401422 0.321375 0.551805 0.854684 0.401806 0.547771 0.364901 0.344131 0.305591 0.386774 1.37717 0.400739 0.530936 0.343024 0.331729 0.44439 1.56941 0.281559 0.563543 0.354523 0.399435 0.353375 1.0083 1.19392 0.866961 0.394618 0.361869 0.540234 0.470338 0.610091 0.291833 0.857831 0.501545 0.715935 0.536284 0.893224 0.707997 0.367229 0.36067 1.34551 0.723981 0.412687 0.38281 0.32235 0.451195 0.35447 0.1396 0.326435 0.335267 0.362722 1.44442 0.324811 0.387692 0.400679 0.711733 0.3537 0.52654 0.529059 1.13356 0.355017 0.332277 1.17617 0.484785 0.350918 0.472654 0.897933 0.542305 0.457563 0.901163 0.350321 0.35872 0.316844 0.536174 0.339968 0.363954 0.400121 0.713501 0.845791 0.462453 0.709708 0.44222 0.89573 0.901 0.401817 0.320384 0.402071 0.392925 1.53032 0.344723 0.328495 0.318168 0.315224 0.459236 0.385762 0.390981 1.05 0.387957
Testing:
Lab Growth Rates:
0.32 0.32 0.32
Dot Production Prediction of Lab Growth Rates:
0.320428 0.365664 0.307152
Best performance so far: 
Obj: 4.67799e-310Rho: 2.26291e-314Diff: 4.67799e-310
Anneal again with the best G and E so far as input
Cycle 2Round 1
Iter 500000 pBad 0.846952 T 0.00227952 Obj 1.0887 Rho 0 GRdif 49.8012 success 121856 failure 8802 obj_new 1.0887 SA_pAcc 0.874565 Delta 0.0674409 SA_r 0.255627 freedomratio 0.289097
Iter 1000000 pBad 0.791877 T 0.000665111 Obj 1.04796 Rho 0 GRdif 30.1914 success 239995 failure 23980 obj_new 1.05287 SA_pAcc 0.000624255 Delta 0.0232252 SA_r 0.913897 freedomratio 0.297311
Iter 1500000 pBad 0.69597 T 0.000194064 Obj 1.03069 Rho 0 GRdif 17.7139 success 354531 failure 48067 obj_new 1.03069 SA_pAcc 1 Delta 0.0338782 SA_r 0.0547028 freedomratio 0.292124
Iter 2000000 pBad 0.654903 T 5.66236e-05 Obj 1.02461 Rho 0 GRdif 14.2489 success 467735 failure 76389 obj_new 1.02461 SA_pAcc 1 Delta 0.0104053 SA_r 0.987688 freedomratio 0.28867
Iter 2500000 pBad 0.545672 T 1.65215e-05 Obj 1.01829 Rho 0 GRdif 10.6266 success 578630 failure 110747 obj_new 1.0183 SA_pAcc 0.720035 Delta -0.0496923 SA_r 0.962137 freedomratio 0.285575
Iter 3000000 pBad 0.469166 T 4.82059e-06 Obj 1.01452 Rho 0 GRdif 8.44874 success 686580 failure 150520 obj_new 1.01452 SA_pAcc 1 Delta -0.0146159 SA_r 0.800487 freedomratio 0.290387
Iter 3500000 pBad 0.308004 T 1.40654e-06 Obj 1.01088 Rho 0 GRdif 6.33874 success 780188 failure 220417 obj_new 1.01088 SA_pAcc 2.06578 Delta 0.0286087 SA_r 0.837291 freedomratio 0.268684
Iter 4000000 pBad 0.18296 T 4.10396e-07 Obj 1.00953 Rho 0 GRdif 5.55641 success 857884 failure 325344 obj_new 1.00953 SA_pAcc 0.946282 Delta 0.0177126 SA_r 0.727208 freedomratio 0.256119
Iter 4500000 pBad 0.0851494 T 1.19744e-07 Obj 1.00897 Rho 0 GRdif 5.23164 success 915014 failure 481817 obj_new 1.00897 SA_pAcc 0.990923 Delta -0.00355454 SA_r 0.0567556 freedomratio 0.229175
Iter 5000000 pBad 0.052515 T 3.49386e-08 Obj 1.00871 Rho 0 GRdif 5.07957 success 952654 failure 696931 obj_new 1.00871 SA_pAcc 1 Delta 7.33699e-06 SA_r 0.0864642 freedomratio 0.207434
Iter 5500000 pBad 0.0277504 T 1.01943e-08 Obj 1.00857 Rho 0 GRdif 5.00257 success 975845 failure 966862 obj_new 1.00857 SA_pAcc 1.59352 Delta 0.000463635 SA_r 0.831551 freedomratio 0.184045
Iter 6000000 pBad 0.012035 T 2.97447e-09 Obj 1.0085 Rho 0 GRdif 4.96246 success 991347 failure 1277146 obj_new 1.0085 SA_pAcc 1 Delta 0.00115133 SA_r 0.715278 freedomratio 0.170597
Iter 6500000 pBad 0.00642817 T 8.67882e-10 Obj 1.00846 Rho 0 GRdif 4.93847 success 1002398 failure 1615959 obj_new 1.00846 SA_pAcc 1 Delta 0.000150591 SA_r 0.171949 freedomratio 0.161566
Iter 7000000 pBad 0.00421324 T 2.53228e-10 Obj 1.00844 Rho 0 GRdif 4.92547 success 1010955 failure 1975778 obj_new 1.00844 SA_pAcc 8.83258e-28 Delta 0.000383367 SA_r 0.672191 freedomratio 0.155191
Iter 7500000 pBad 0.00127212 T 7.38862e-11 Obj 1.00843 Rho 0 GRdif 4.92041 success 1017451 failure 2350078 obj_new 1.00843 SA_pAcc 9.68901e-231 Delta -7.54956e-06 SA_r 0.662213 freedomratio 0.151226
Iter 8000000 pBad 0.000909773 T 2.15583e-11 Obj 1.00843 Rho 0 GRdif 4.91922 success 1023648 failure 2735769 obj_new 1.00843 SA_pAcc 0 Delta -1.94005e-05 SA_r 0.0981481 freedomratio 0.146281
Iter 8500000 pBad 0.000420727 T 6.29023e-12 Obj 1.00843 Rho 0 GRdif 4.91681 success 1029198 failure 3134142 obj_new 1.00843 SA_pAcc 0 Delta -2.67435e-05 SA_r 0.0474099 freedomratio 0.144371
Iter 9000000 pBad 0.000533495 T 1.83535e-12 Obj 1.00842 Rho 0 GRdif 4.91701 success 1035533 failure 3540219 obj_new 1.00843 SA_pAcc 0 Delta -2.5799e-05 SA_r 0.535833 freedomratio 0.139723
Iter 9500000 pBad 0.00100548 T 5.35512e-13 Obj 1.00842 Rho 0 GRdif 4.91523 success 1041623 failure 3955877 obj_new 1.00842 SA_pAcc 1 Delta -8.8158e-05 SA_r 0.78372 freedomratio 0.137559
Good enough
iter 9.69218e+06 obj1.00842 rho 0 GRdif 4.91505
Training:
Lab Growth Rates:
0.48 0.36 0.47 0.46 0.5 0.686 1.483 0.48 1.345 0.58 0.4 0.56 0.55 0.27 0.724 0.43 0.59 0.36 0.46 0.45 0.53 0.43 0.5 0.55 0.37 1.483 0.56 0.53 0.5 0.47 0.3 0.39 0.56 0.1 0.41 0.37 0.45 0.33 0.1 0.49 0.7 0.5 1.248 0.45 0.1 0.59 0.46 0.4 0.4 0.45 0.54 0.58 0.36 0.5 0.42 0.58 0.33 0.43 0.476 0.46 1.345 0.59 0.5 1.345 0.4 1.483 0.5 0.5 1.483 0.59 0.37 0.68 0.23 0.58 0.46 1.05 0.3 0.58 0.31 0.52 0.4 0.58 0.1 0.686 0.23 0.37 0.46 0.47 0.25 0.58 0.54 0.41 0.47 0.476 0.5 0.37 0.4 0.27 0.65 0.71 0.23 1.248 0.4 0.54 0.4 0.377 0.25 0.4 0.4 0.41 0.4 0.41 1.345 0.68 0.68 1.483 0.47 1.345 0.4 0.65 1.345 0.45 0.38 0.19 0.4 1.49 0.59 0.58 0.6 0.3 0.485 0.65 0.51 0.3 0.22 0.5 1.43 0.56 0.58 0.485 0.47 0.59 0.51 1.483 0.68 0.43 0.47 0.4 0.46 0.5 0.54 0.485 0.33 0.53 0.59 0.48 0.5 0.11 1.248 0.4 0.2 0.617 0.49 0.42 1.46 0.56 0.33 0.47 0.5 0.25 0.45 0.54 0.53 0.4 0.41 0.4 0.56 0.4 0.52 1.345 0.36 0.58 1.05 0.5 0.377 0.56 0.3 0.54 0.56 0.52 0.17 0.5 0.4 0.4 0.37 0.39 0.65 0.37 0.25 0.3 0.7 0.476 0.4 0.4 1.345 0.37 0.4 0.54 0.54 0.42 0.52 0.23 0.25 0.65 0.59 0.11 0.4 0.54 0.55 0.53 0.39 0.47 0.45 0.56 0.59 0.58 0.637 0.3 0.23 0.55 0.65 0.22 0.59 0.54 0.55 0.58 0.686 0.4 0.4 0.58 0.481 0.58 0.636 0.22 0.51 0.4 0.4 0.47 0.27 0.3 0.56 0.26 0.54 0.45 0.14 0.4 0.53 0.4 0.4 0.26 0.58 0.4 0.36 0.55 0.46 0.37 0.53 0.4 0.901 0.59 0.56 1.46 0.59 0.65 0.45 0.42 0.46 0.42 0.46 0.1 0.47 0.46 0.54 0.42 1.67 0.71 0.648 0.4 0.22 0.481 0.33 0.26 0.5 0.42 0.4 0.43 0.5 0.47 0.46 0.27 0.4 0.54 0.38 0.27 0.38 0.7 0.47 0.45 0.23 0.47 0.54 0.23 0.45 0.635 0.42 1.483 0.45 0.1 0.53 0.4 0.5 1.03 0.43 1.345 0.65 1.05 1.483 0.2 0.5 0.58 0.36 0.36 0.36 0.36 0.42 0.09 0.53 0.37 1.67 0.762 0.54 0.56 1.483 0.4 0.58 0.4 0.4 0.45 0.23 0.301 0.5 0.59 0.4 0.54 0.3 0.7 0.54 0.42 1.66 1.05 1.483 0.4 0.4 0.54 0.53 0.55 1.46 0.5 0.58 0.52 0.4 0.481 0.38 0.4 0.11 0.37 0.465 0.47 0.37 0.5 0.5 0.31 0.39 0.4 0.47 0.47 0.52 0.71 0.636 0.34 0.22 0.59 0.25 0.42 0.22 0.41 0.43 0.3 0.5 0.53 0.55 0.41 0.46 0.45 0.4 0.5 0.31 0.41 1.42 0.55 0.42 0.54 0.465 0.3 0.56 0.637 0.5 0.301 0.636 0.33 0.4 0.6 1.66 0.54 0.33 0.42 0.46 0.54 0.56 0.901 0.55 0.42 1.35 0.52 0.52 0.39 0.65 0.43 0.22 0.4 0.3 0.4 0.17 0.19 0.485 0.901 0.43 0.48 0.47 0.4 0.49 0.54 0.4 0.48 0.54 0.901 0.5 0.5 0.54 0.5 0.55 0.53 0.22 0.5 0.09 0.42 0.54 1.483 0.46 0.34 0.48 0.48 0.4 0.45 0.52 1.345 0.58 0.6 0.42 0.47 0.5 0.45 0.5 0.45 0.43 0.59 0.724 0.5 0.5 0.4 0.19 0.55 0.762 0.4 0.56 0.54 0.53 0.48 0.52 1.43 0.47 0.377 0.41 0.34 0.23 1.44 0.46 0.37 0.47 0.4 0.3 1.46 1.345 0.762 0.4 0.25 0.56 0.53 0.42 0.53 0.762 0.46 0.635 0.56 1.248 0.648 0.38 0.48 1.38 0.724 0.37 0.54 0.45 0.37 0.33 0.14 0.59 0.43 0.46 1.4 0.46 0.52 0.4 0.648 0.47 0.6 0.301 1.483 0.54 0.09 1.345 0.68 0.52 0.46 1.248 0.56 0.58 0.901 0.27 0.47 0.17 0.465 0.1 0.25 0.4 0.635 0.1 0.58 0.637 0.46 0.1 0.901 0.4 0.42 0.4 0.2 0.45 0.43 0.4 0.39 0.33 0.3 0.37 0.47 1.05 0.4
Dot Production Prediction of Lab Growth Rates:
0.311361 0.412552 0.389632 0.445045 0.549898 0.727104 1.00472 0.314887 1.02908 0.30264 0.400017 0.530729 0.441997 0.296599 0.720249 0.411547 0.539269 0.333192 0.418076 0.336379 0.530356 0.40432 0.602696 0.552403 0.41009 0.965589 0.539825 0.414134 0.323531 0.356408 0.297104 0.307198 0.473942 0.846019 0.32176 0.421942 0.422958 0.489807 0.932197 0.374687 0.648071 0.512008 0.843269 1.57787 1.43951 0.538973 0.344849 0.400665 0.400206 1.51139 0.533542 0.470204 0.409712 0.543482 0.3064 0.473676 0.418421 0.453658 0.53324 0.454681 1.01342 0.54665 0.367346 0.952868 0.404323 0.979112 0.473317 0.479977 1.00745 0.396479 0.419009 0.348511 0.535127 0.348941 0.416985 1.04699 0.328897 0.480051 0.541342 0.391011 0.392727 0.342929 0.452071 0.725749 0.425365 0.407797 0.460013 0.366011 0.503528 0.472963 0.428711 0.390228 0.423609 0.536054 0.52809 0.41425 0.403251 0.355672 0.677692 0.716817 0.425396 0.841085 0.397587 0.297252 0.416874 0.529124 0.363101 0.397974 0.399697 0.379293 0.403771 0.529929 0.965939 0.345087 0.345561 0.941326 0.394275 1.02189 0.404653 0.650835 0.948033 0.380618 0.316327 0.314589 0.399958 1.57787 0.542572 0.472742 0.359277 0.309174 0.521786 0.629496 0.422726 0.362632 0.428205 0.540038 1.02704 0.480407 0.360225 0.529007 0.355982 0.54388 0.402289 1.01139 0.348014 0.37461 0.354312 0.397759 0.305468 0.531653 0.364162 0.523674 0.354461 0.385711 0.310856 0.340346 0.586531 0.340645 0.849791 0.399869 0.401899 0.616989 0.393045 0.38728 1.52734 0.478653 0.367936 0.375852 0.322415 0.707532 0.384834 0.388373 0.399306 0.395949 0.353904 0.399165 0.537969 0.397307 0.359869 1.00654 0.355575 0.383267 1.05233 0.320252 0.525835 0.534232 0.33416 0.448612 0.473192 0.355703 0.336497 0.527749 0.396745 0.394053 0.410665 0.298037 0.649986 0.411383 0.30412 0.336498 0.654629 0.535455 0.400098 0.400254 0.933429 0.402573 0.402427 0.449665 0.537196 0.335752 0.387505 0.529836 0.530955 0.671894 0.335393 0.385316 0.402146 0.546607 0.44214 0.538666 0.328098 0.339168 0.352819 0.536441 0.380003 0.366748 0.713589 0.278801 0.524993 0.542154 0.641097 0.461242 0.542156 0.540223 0.444634 0.476647 0.72522 0.401917 0.401784 0.475421 0.525299 0.362531 0.721035 0.456296 0.392302 0.398546 0.400823 0.425924 0.559453 0.368778 0.537342 0.45684 0.429244 0.393743 0.140008 0.402472 0.52268 0.401012 0.39469 0.548327 0.470413 0.32962 0.339851 0.554994 0.467269 0.295321 0.524526 0.401544 0.793399 0.338639 0.472688 1.0654 0.334 0.634821 1.49514 0.37679 0.45974 0.352138 0.44279 0.770725 0.425749 0.393558 0.347077 0.585544 1.41951 0.724309 0.715319 0.402646 0.38914 0.529162 0.32648 0.355726 0.330157 0.302287 0.403721 0.426158 0.362592 0.498005 0.50773 0.389604 0.401184 0.413435 0.36954 0.39903 0.315194 0.652985 0.458468 1.51859 0.533151 0.401139 0.444823 0.533126 0.307357 0.717785 0.343192 0.941843 0.401622 0.460693 0.322356 0.40192 0.529153 1.35356 0.456502 1.02709 0.650545 1.4894 0.946087 0.352053 0.614627 0.468975 0.371569 0.358248 0.342113 0.359785 0.348701 0.386673 0.530014 0.407493 1.5549 0.768442 0.545039 0.53093 1.00801 0.398366 0.478116 0.402645 0.403918 1.53626 0.532548 0.526213 0.599852 0.311707 0.397715 0.322846 0.40761 0.659164 0.379819 0.335139 1.64695 1.05001 0.978891 0.401399 0.391445 0.357691 0.33268 0.540007 1.05202 0.609232 0.329229 0.378875 0.404625 0.525705 0.301973 0.402194 0.375614 0.423049 0.530826 0.325936 0.424265 0.510135 0.468726 0.537926 0.356481 0.400003 0.487021 0.417543 0.371862 0.722393 0.717397 0.34083 0.352407 0.540171 1.5234 0.32919 0.459111 0.528874 0.367067 0.30024 0.404661 0.534321 0.443734 0.383002 0.353008 0.313485 0.393808 0.366651 0.537776 0.529885 1.55611 0.450949 0.343971 0.390772 0.533164 0.340763 0.541754 0.714415 0.577378 0.524689 0.723896 0.319846 0.401302 0.345569 1.6303 0.388187 0.445358 0.367619 0.467432 0.533606 0.469546 0.90101 0.543149 0.304505 0.960222 0.340397 0.37606 0.316539 0.648558 0.374783 0.467676 0.393568 0.3434 0.401612 0.420123 0.321526 0.531944 0.90492 0.410785 0.342922 0.389182 0.398917 0.375615 0.427365 0.399128 0.354045 0.341178 0.906152 0.477433 0.376436 0.410635 0.53169 0.429241 0.527119 0.467691 0.344344 0.446214 0.351718 0.541341 1.02263 0.506126 0.325103 0.301608 0.296519 0.397442 0.36671 0.363222 0.993991 0.38774 0.351004 0.573767 0.355745 0.467684 0.422415 0.474576 1.57419 0.432418 0.334121 0.721116 0.33402 0.336627 0.400075 0.304134 0.550334 0.757085 0.400963 0.542176 0.39229 0.36441 0.286544 0.400095 1.03526 0.417716 0.527536 0.358288 0.312684 0.424695 1.58223 0.285517 0.520454 0.361197 0.399663 0.374338 1.05191 1.02898 0.771771 0.395878 0.368541 0.53307 0.494429 0.577029 0.26942 0.76234 0.494555 0.712266 0.536565 0.842972 0.711838 0.374171 0.353593 1.38001 0.724011 0.419446 0.410883 0.355907 0.439911 0.372953 0.139958 0.31073 0.353832 0.365473 1.46286 0.338422 0.369298 0.399842 0.713577 0.379996 0.360153 0.524492 0.962408 0.374384 0.348732 1.01133 0.349482 0.360166 0.46034 0.845297 0.538116 0.456535 0.900994 0.370269 0.367149 0.334035 0.536081 0.355768 0.369445 0.398567 0.716511 0.711873 0.469011 0.709184 0.451797 0.759452 0.92859 0.39992 0.35416 0.401935 0.414157 1.50903 0.360371 0.332526 0.33044 0.330065 0.310752 0.394118 0.418213 1.05155 0.391322
Testing:
Lab Growth Rates:
0.32 0.32 0.32
Dot Production Prediction of Lab Growth Rates:
0.327211 0.360679 0.31482
Best performance so far: 
Obj: 4.67799e-310Rho: 6.5069e-314Diff: 4.67799e-310
Test:
 Lab Growth Rates:
0.32 0.32 0.32Dot Product Prediction of Growth Rate:
0.3272115 0.3606793 0.3148205