seed =  5 traits =  1 
Training: part  154 
Training: part  154 
Round  1 
 Goal of obj  0.99 
Temperature range:  0.00390625 7.8125e-14 
Cycle 1Round 1
Iter 500000 pBad 0.827546 T 0.00113976 Obj 1.07099 Rho 0 GRdif 40.1904 success 146420 failure 10712 obj_new 1.07099 SA_pAcc 1.05213 Delta 0.0302235 SA_r 0.130734 freedomratio 0.371121
Iter 1000000 pBad 0.776826 T 0.000332555 Obj 1.04623 Rho 0 GRdif 26.5628 success 289563 failure 29027 obj_new 1.04637 SA_pAcc 0.644714 Delta -0.0161702 SA_r 0.873216 freedomratio 0.37516
Iter 1500000 pBad 0.709553 T 9.70321e-05 Obj 1.02707 Rho 0 GRdif 15.6499 success 430598 failure 51850 obj_new 1.02707 SA_pAcc 1 Delta 0.0605122 SA_r 0.478013 freedomratio 0.367629
Iter 2000000 pBad 0.562735 T 2.83118e-05 Obj 1.02282 Rho 0 GRdif 13.2218 success 566997 failure 82847 obj_new 1.02282 SA_pAcc 0.998734 Delta 0.000732687 SA_r 0.400403 freedomratio 0.36925
Iter 2500000 pBad 0.434033 T 8.26073e-06 Obj 1.01829 Rho 0 GRdif 10.6237 success 698686 failure 121959 obj_new 1.01829 SA_pAcc 1.51973 Delta 0.0177277 SA_r 0.108105 freedomratio 0.357317
Iter 3000000 pBad 0.385047 T 2.41029e-06 Obj 1.01381 Rho 0 GRdif 8.03456 success 819766 failure 182478 obj_new 1.01381 SA_pAcc 0.853213 Delta -0.0070857 SA_r 0.833301 freedomratio 0.364201
Iter 3500000 pBad 0.221387 T 7.03269e-07 Obj 1.01112 Rho 0 GRdif 6.4793 success 922719 failure 279990 obj_new 1.01112 SA_pAcc 1 Delta -0.00847584 SA_r 0.207862 freedomratio 0.336782
Iter 4000000 pBad 0.121406 T 2.05198e-07 Obj 1.0103 Rho 0 GRdif 6.00726 success 997128 failure 437964 obj_new 1.0103 SA_pAcc 0.085531 Delta 0.00144338 SA_r 0.861214 freedomratio 0.300359
Iter 4500000 pBad 0.043541 T 5.98721e-08 Obj 1.00999 Rho 0 GRdif 5.82753 success 1038970 failure 675437 obj_new 1.00999 SA_pAcc 1 Delta -0.00181 SA_r 0.808981 freedomratio 0.248832
Iter 5000000 pBad 0.017271 T 1.74693e-08 Obj 1.0099 Rho 0 GRdif 5.77078 success 1062544 failure 969220 obj_new 1.0099 SA_pAcc 1 Delta -4.86154e-05 SA_r 0.304767 freedomratio 0.222307
Iter 5500000 pBad 0.00944213 T 5.09715e-09 Obj 1.00986 Rho 0 GRdif 5.75097 success 1076193 failure 1298775 obj_new 1.00986 SA_pAcc 9.53457e-13 Delta 0.000745673 SA_r 0.487101 freedomratio 0.213091
Iter 6000000 pBad 0.00489582 T 1.48723e-09 Obj 1.00985 Rho 0 GRdif 5.74381 success 1084868 failure 1646871 obj_new 1.00985 SA_pAcc 0 Delta -0.00033792 SA_r 0.282024 freedomratio 0.204823
Iter 6500000 pBad 0.0017747 T 4.33941e-10 Obj 1.00984 Rho 0 GRdif 5.73928 success 1089329 failure 2008417 obj_new 1.00984 SA_pAcc 4.87019e-07 Delta 5.26363e-05 SA_r 0.369326 freedomratio 0.200754
Iter 7000000 pBad 0.0018253 T 1.26614e-10 Obj 1.00984 Rho 0 GRdif 5.73734 success 1093062 failure 2376829 obj_new 1.00984 SA_pAcc 6.94609e-140 Delta -9.38623e-06 SA_r 0.437087 freedomratio 0.198846
Iter 7500000 pBad 0.00218163 T 3.69431e-11 Obj 1.00984 Rho 0 GRdif 5.73641 success 1095413 failure 2750206 obj_new 1.00984 SA_pAcc 1 Delta 0.000159581 SA_r 0.201894 freedomratio 0.197439
Iter 8000000 pBad 0.0021723 T 1.07792e-11 Obj 1.00984 Rho 0 GRdif 5.76887 success 1097004 failure 3126380 obj_new 1.00989 SA_pAcc 0 Delta 4.70213e-05 SA_r 0.594032 freedomratio 0.196578
Iter 8500000 pBad 0.000526615 T 3.14512e-12 Obj 1.00984 Rho 0 GRdif 5.74018 success 1098989 failure 3503791 obj_new 1.00984 SA_pAcc 0 Delta -3.75768e-05 SA_r 0.38832 freedomratio 0.194943
Iter 9000000 pBad 0.000966988 T 9.17673e-13 Obj 1.00983 Rho 0 GRdif 5.73502 success 1103288 failure 3867585 obj_new 1.00983 SA_pAcc 0 Delta 6.00746e-05 SA_r 0.236468 freedomratio 0.188243
Iter 9500000 pBad 1.57703e-14 T 2.67756e-13 Obj 1.00983 Rho 0 GRdif 5.76969 success 1109186 failure 4220485 obj_new 1.00989 SA_pAcc 0 Delta 4.748e-16 SA_r 0.47711 freedomratio 0.182782
Iter 10000000 pBad 6.43792e-39 T 7.81252e-14 Obj 1.00983 Rho 0 GRdif 5.7366 success 1110276 failure 4518304 obj_new 1.00984 SA_pAcc 0 Delta -2.69184e-40 SA_r 0.421665 freedomratio 0.180586
Cannot move further
iter 9.64447e+06 obj1.00983 rho 0 GRdif 5.73478
Training:
Lab Growth Rates:
0.4 0.33 0.5 0.43 0.48 0.31 0.46 0.56 0.465 0.37 0.4 0.36 0.5 0.65 0.45 0.54 0.41 0.48 0.1 0.4 0.53 0.22 0.59 0.23 0.25 0.901 0.46 0.47 0.58 0.53 0.648 0.901 0.59 0.5 0.19 0.42 0.11 0.1 0.724 1.345 0.46 0.4 0.54 0.45 1.345 0.4 0.4 0.39 0.5 0.54 0.485 0.4 0.7 0.37 0.59 0.4 1.03 1.345 0.25 0.58 1.345 0.46 0.4 0.54 0.52 0.27 0.46 0.4 0.45 0.54 0.52 0.58 0.47 0.637 0.48 0.4 0.1 0.4 0.58 0.45 0.55 0.3 0.49 0.41 0.42 1.483 1.43 0.901 0.6 0.23 0.301 0.54 0.65 0.648 0.25 0.41 1.42 0.45 0.4 0.485 0.68 0.43 0.65 0.4 0.65 0.54 0.55 0.3 0.4 1.4 0.3 0.42 0.4 0.33 0.59 0.39 0.58 0.36 0.55 0.56 0.36 0.43 0.3 0.4 0.46 0.5 0.4 0.38 1.345 0.47 1.483 0.52 0.37 0.301 0.4 0.37 0.686 0.4 0.4 0.37 0.58 0.58 0.55 0.54 0.476 0.49 0.4 0.33 0.26 0.27 0.377 0.56 0.33 0.5 0.43 0.42 1.345 0.42 0.636 0.485 0.22 0.42 0.4 0.26 0.42 1.05 0.4 0.2 0.33 0.53 0.485 0.3 0.56 0.27 0.5 0.52 0.17 1.35 0.22 0.53 0.3 0.5 0.39 0.68 0.36 0.58 0.54 0.47 0.637 0.59 0.901 0.45 0.43 0.47 0.4 0.25 0.1 0.19 0.54 0.46 0.686 0.43 0.58 0.11 0.37 0.4 0.56 0.46 1.46 0.4 0.14 0.5 0.42 0.19 0.2 0.4 0.39 0.23 0.09 1.483 0.59 0.58 0.3 0.42 0.17 0.41 0.25 0.4 0.4 0.55 0.37 0.42 1.483 0.4 0.39 0.3 0.37 0.42 0.54 0.56 0.4 0.47 0.65 0.45 0.4 0.45 0.5 0.5 0.56 0.47 0.5 0.617 1.483 0.635 0.37 0.59 0.54 0.22 0.53 0.47 0.5 1.46 0.23 0.45 0.46 0.68 0.4 0.54 0.3 0.6 0.42 0.59 0.22 0.52 0.38 0.636 0.58 0.42 0.58 0.31 1.05 0.6 0.22 0.6 0.4 0.45 0.762 0.47 0.46 0.46 0.56 0.4 0.762 0.481 0.53 0.11 0.46 0.47 0.47 0.53 0.53 0.32 0.54 0.5 0.45 0.37 0.4 0.56 0.58 0.45 0.48 0.3 0.37 0.46 0.3 0.53 0.5 0.4 0.53 0.4 0.476 0.55 0.59 0.45 0.47 1.483 0.45 0.55 0.5 0.56 0.45 0.636 0.41 0.25 0.3 0.56 0.377 0.46 0.58 0.58 0.37 0.59 0.5 0.301 1.49 0.5 0.59 0.56 0.58 0.4 0.58 0.4 1.248 0.55 0.56 0.47 0.762 0.25 0.41 0.476 0.5 0.51 0.1 0.36 1.05 0.46 0.56 0.686 0.56 0.54 0.4 0.33 0.901 0.45 0.42 0.42 0.55 0.648 0.22 0.54 0.52 0.53 0.65 0.635 0.27 1.38 1.67 0.54 0.17 0.09 1.46 0.27 0.46 0.47 0.42 0.38 0.48 0.58 0.25 0.465 1.05 0.37 0.3 0.47 0.54 1.248 0.5 0.5 0.56 0.36 1.248 0.481 0.901 0.23 1.345 0.14 0.4 0.58 0.33 0.65 0.53 1.345 0.3 0.71 0.49 0.34 0.23 0.1 0.7 0.762 0.52 0.4 0.5 0.43 0.68 0.53 0.58 1.345 1.44 0.1 0.1 0.51 0.37 0.34 0.33 0.37 0.36 1.66 0.36 0.31 0.4 0.46 0.71 0.26 0.22 0.34 0.27 0.23 0.52 0.38 0.4 0.46 0.4 0.43 0.635 0.48 0.5 0.4 0.65 0.54 0.4 0.4 1.248 0.52 0.54 0.47 0.5 0.5 0.55 0.5 1.483 0.56 0.5 0.47 0.5 0.724 0.53 0.32 1.43 0.47 0.45 0.56 0.46 0.09 1.46 0.4 1.05 0.59 0.43 0.54 0.47 0.32 0.59 1.66 0.637 0.36 0.54 1.483 0.59 0.481 0.42 0.724 0.43 0.47 0.54 0.4 0.4 0.46 0.5 0.4 0.4 0.45 0.47 0.58 0.43 0.47 0.48 0.54 0.45 0.2 0.43 0.48 0.7 0.54 0.37 0.41 1.345 0.41 0.54 1.483 0.59 0.33 0.23 0.4 0.4 1.483 0.5 0.54 0.5 0.5 0.48 0.4 0.55 0.51 0.71 0.65 0.47 1.67 1.248 1.483 1.345 0.23 0.54 0.377 0.4 0.7 0.53 0.59 0.46 0.5 0.68 0.39 0.1 1.345 0.4 0.38 0.465 0.4 1.483 0.41 0.47 0.42 0.4 0.4 0.5 0.55
Dot Production Prediction of Lab Growth Rates:
0.401943 0.31907 0.567252 0.353955 0.290844 0.535638 0.334011 0.534374 0.681157 0.428496 0.406966 0.356685 0.496672 0.654304 0.394553 0.394639 0.33188 0.344854 0.427491 0.40354 0.546008 0.491685 0.323475 0.544931 0.317629 0.860968 0.480318 0.361747 0.359852 0.446648 0.6912 0.909218 0.34021 0.408847 0.325594 0.318259 0.332878 0.810246 0.697827 1.14921 0.419892 0.406856 0.361045 0.329565 1.07876 0.408576 0.397578 0.312737 0.663807 0.298112 0.692593 0.384707 0.703363 0.505361 0.32541 0.407754 1.42178 1.05278 0.338152 0.296568 1.0704 0.29114 0.407802 0.368233 0.370325 0.566145 0.459441 0.394365 1.57403 0.359712 0.359603 0.383809 0.403361 0.690802 0.281707 0.297723 2.72961 0.405684 0.472555 1.62241 0.543833 0.410441 0.366722 0.699637 0.298455 1.07425 1.37673 0.905766 0.403848 0.45166 0.71477 0.355582 1.41476 0.690621 0.341016 0.364152 1.61677 1.64301 0.3909 0.68827 0.532959 0.376594 1.46211 0.407049 0.639084 0.479793 0.465734 0.294825 0.408508 1.72399 0.386142 0.529048 0.407895 0.323123 0.341153 0.369774 0.467516 0.352066 0.561438 0.5517 0.353899 0.399289 0.321969 0.409291 0.390217 0.58653 0.41137 0.347435 1.08507 0.471991 1.02081 0.349557 0.386284 0.716264 0.402152 0.406318 0.695215 0.397525 0.399486 0.383032 0.364034 0.474862 0.562176 0.483095 0.689762 0.402752 0.387368 0.342637 0.52064 0.289265 0.691427 0.54501 0.317622 0.335884 0.377117 0.521232 1.0902 0.325581 0.69741 0.688478 0.491944 0.330105 0.401958 0.357444 0.526995 1.59064 0.400027 0.360434 0.36588 0.476283 0.682543 0.359793 0.479067 0.313293 0.687007 0.403018 0.314095 1.27604 0.445297 0.274318 0.303687 0.476291 0.331026 0.533621 0.316756 0.48915 0.470111 0.350121 0.686882 0.33849 0.904582 0.336157 0.405726 0.462559 0.40074 0.466004 0.319606 0.347488 0.53639 0.460004 0.698042 0.350916 0.470948 0.385979 0.447566 0.404023 0.539282 0.302964 1.54875 0.405689 0.901175 0.541861 0.322215 0.331593 0.320766 0.405481 0.326736 0.451027 0.344768 1.017 0.543702 0.342638 0.394784 0.333589 0.447493 0.698094 0.497576 0.399618 0.391409 0.487858 0.431195 0.329051 1.04291 0.402191 0.301083 0.306505 0.426213 0.30631 0.487965 0.471367 0.405015 0.426676 0.61978 0.398902 0.399632 0.319891 0.318218 0.326095 0.471849 0.33267 0.528039 1.33445 1.00032 0.692772 0.44836 0.556705 0.356984 0.494002 0.400099 0.351015 0.581765 0.977758 0.548124 0.306423 0.374427 0.529273 0.408975 0.298783 0.39129 0.40142 0.294746 0.542533 0.494061 0.368225 0.286507 0.694704 0.486648 0.333336 0.381363 0.52501 1.05 0.400411 0.396327 0.397211 0.388387 0.360709 0.843615 0.319831 0.416236 0.385066 0.548365 0.363519 0.851014 0.68448 0.347347 0.394533 0.500126 0.385572 0.371511 0.42509 0.314523 0.320823 0.55117 0.377074 0.292183 0.449898 0.399909 0.542274 0.360326 0.369888 0.306859 0.426357 0.426741 0.475238 0.373728 0.529985 0.610529 0.394932 0.365854 0.40629 0.689298 0.490052 0.5556 0.369131 0.360047 0.99639 1.57746 0.556574 0.528851 0.548841 0.326905 0.700723 0.382124 1.60452 0.340399 0.529951 0.686786 0.457907 0.475235 0.452804 0.434229 0.324797 0.491014 0.715492 1.62241 0.631479 0.305207 0.551794 0.483051 0.404289 0.400096 0.394608 0.887166 0.505306 0.490851 0.379474 0.830371 0.812348 0.392261 0.699986 0.563517 0.423484 2.43865 0.364657 1.03513 0.38091 0.495422 0.696519 0.552361 0.536375 0.408568 0.474045 0.900993 1.57826 0.321919 0.318008 0.545702 0.681681 0.492814 0.375452 0.400493 0.535063 1.47755 0.69451 0.360855 1.35811 1.70745 0.367202 0.326763 0.361011 0.948806 0.353935 0.383759 0.443486 0.298459 0.286268 0.368149 0.478661 0.335094 0.687176 1.05011 0.448261 0.303735 0.34609 0.465478 0.880075 0.649874 0.319834 0.472899 0.332258 0.893895 0.679522 0.899081 0.548161 1.05977 0.882423 0.406304 0.495794 0.486327 0.667127 0.525305 1.02327 0.421472 0.691188 0.379765 0.314696 0.449495 0.423411 0.689579 0.834033 0.395428 0.406757 0.644888 0.40644 0.529603 0.546347 0.319883 1.11987 1.59618 2.81088 1.52295 0.413732 0.280485 0.310181 0.376143 0.436889 0.416515 1.66 0.437391 0.538737 0.405945 0.478196 0.69522 0.427628 0.36202 0.340801 0.364373 0.537531 0.356137 0.339465 0.287778 0.467587 0.400335 0.35691 0.690754 0.289073 0.325181 0.397914 0.650074 0.534618 0.404738 0.408435 0.882966 0.334188 0.560065 0.425693 0.617244 0.316589 0.501393 0.383853 1.06248 0.548309 0.311977 0.342289 0.476409 0.701639 0.532128 0.312643 1.38089 0.342742 1.58172 0.546765 0.449301 0.461691 0.966054 0.401208 0.9707 0.316114 0.370763 0.364047 0.352564 0.354994 0.554543 1.66 0.692931 0.340426 0.309379 1.09342 0.542802 0.677142 0.31845 0.691776 0.386859 0.34745 0.531794 0.395746 0.396223 0.328239 0.590626 0.400542 0.406153 1.60868 0.381783 0.468955 0.362336 0.362394 0.338881 0.497266 0.404773 0.361125 0.423349 0.320878 0.690424 0.352239 0.423855 0.315958 1.06048 0.697033 0.55184 1.09673 0.552281 0.448297 0.542771 0.407107 0.403759 1.0805 0.368546 0.409709 0.476153 0.640581 0.304521 0.388809 0.548552 0.395556 0.701626 0.649741 0.369418 1.6292 0.882774 1.09999 1.10663 0.539725 0.332188 0.695344 0.397445 0.700172 0.397584 0.356929 0.461704 0.489833 0.533365 0.328648 2.4082 1.09221 0.401456 0.303015 0.686503 0.40659 1.05936 0.384894 0.385927 0.392738 0.405909 0.401873 0.392274 0.5032
Testing:
Lab Growth Rates:
0.52 0.52 0.52
Dot Production Prediction of Lab Growth Rates:
0.379009 0.407488 0.402639
Best performance so far: 
Obj: 4.67799e-310Rho: 2.26291e-314Diff: 4.67799e-310
Anneal again with the best G and E so far as input
Cycle 2Round 1
Iter 500000 pBad 0.82134 T 0.00113976 Obj 1.05429 Rho 0 GRdif 30.9811 success 112357 failure 10669 obj_new 1.05429 SA_pAcc 0.970454 Delta -0.00772393 SA_r 0.815281 freedomratio 0.270171
Iter 1000000 pBad 0.752725 T 0.000332555 Obj 1.03165 Rho 0 GRdif 18.2571 success 221475 failure 28705 obj_new 1.03165 SA_pAcc 1 Delta -0.0576339 SA_r 0.0431193 freedomratio 0.269797
Iter 1500000 pBad 0.682938 T 9.70321e-05 Obj 1.02828 Rho 0 GRdif 16.3406 success 328811 failure 49823 obj_new 1.02828 SA_pAcc 1 Delta -0.0163775 SA_r 0.14218 freedomratio 0.269425
Iter 2000000 pBad 0.509288 T 2.83118e-05 Obj 1.02319 Rho 0 GRdif 13.433 success 433315 failure 79193 obj_new 1.02319 SA_pAcc 1 Delta -0.0181329 SA_r 0.827235 freedomratio 0.262545
Iter 2500000 pBad 0.405834 T 8.26073e-06 Obj 1.01923 Rho 0 GRdif 11.1646 success 535572 failure 114259 obj_new 1.01923 SA_pAcc 1 Delta -0.0189814 SA_r 0.108981 freedomratio 0.259982
Iter 3000000 pBad 0.303402 T 2.41029e-06 Obj 1.01516 Rho 0 GRdif 8.81536 success 629330 failure 165333 obj_new 1.01516 SA_pAcc 0.719716 Delta 0.0107202 SA_r 0.885836 freedomratio 0.254672
Iter 3500000 pBad 0.226115 T 7.03269e-07 Obj 1.01038 Rho 0 GRdif 6.05134 success 709989 failure 251276 obj_new 1.01038 SA_pAcc 0.553478 Delta -0.0146133 SA_r 0.348096 freedomratio 0.24265
Iter 4000000 pBad 0.140943 T 2.05198e-07 Obj 1.00932 Rho 0 GRdif 5.443 success 775590 failure 370634 obj_new 1.00933 SA_pAcc 1.12147e-29 Delta 1.58874e-05 SA_r 0.978204 freedomratio 0.227661
Iter 4500000 pBad 0.077448 T 5.98721e-08 Obj 1.00854 Rho 0 GRdif 4.98314 success 824899 failure 540116 obj_new 1.00854 SA_pAcc 5.86777e-26 Delta 0.00276301 SA_r 0.933369 freedomratio 0.203614
Iter 5000000 pBad 0.0255952 T 1.74693e-08 Obj 1.00826 Rho 0 GRdif 4.81951 success 854597 failure 773734 obj_new 1.00826 SA_pAcc 1 Delta 0.00137056 SA_r 0.408054 freedomratio 0.183757
Iter 5500000 pBad 0.0149878 T 5.09715e-09 Obj 1.00815 Rho 0 GRdif 4.76498 success 874857 failure 1052249 obj_new 1.00816 SA_pAcc 0 Delta 0.000704978 SA_r 0.815523 freedomratio 0.167476
Iter 6000000 pBad 0.0103454 T 1.48723e-09 Obj 1.00809 Rho 0 GRdif 4.72562 success 889063 failure 1366397 obj_new 1.0081 SA_pAcc 0 Delta 0.000328238 SA_r 0.875979 freedomratio 0.154495
Iter 6500000 pBad 0.00499174 T 4.33941e-10 Obj 1.00806 Rho 0 GRdif 4.70701 success 900123 failure 1711106 obj_new 1.00806 SA_pAcc 0 Delta 1.85253e-05 SA_r 0.359758 freedomratio 0.147533
Iter 7000000 pBad 0.00404563 T 1.26614e-10 Obj 1.00805 Rho 0 GRdif 4.7005 success 907219 failure 2078454 obj_new 1.00805 SA_pAcc 0 Delta 0.000245035 SA_r 0.557371 freedomratio 0.142648
Iter 7500000 pBad 0.00230385 T 3.69431e-11 Obj 1.00805 Rho 0 GRdif 4.6966 success 913528 failure 2460450 obj_new 1.00805 SA_pAcc 4.07438e-40 Delta -9.75393e-05 SA_r 0.159438 freedomratio 0.138436
Iter 8000000 pBad 0.00136565 T 1.07792e-11 Obj 1.00804 Rho 0 GRdif 4.69551 success 920378 failure 2857139 obj_new 1.00805 SA_pAcc 0 Delta -0.000100986 SA_r 0.141233 freedomratio 0.13291
Iter 8500000 pBad 0.000693197 T 3.14512e-12 Obj 1.00804 Rho 0 GRdif 4.69247 success 926162 failure 3264625 obj_new 1.00804 SA_pAcc 1 Delta -6.70229e-05 SA_r 0.882017 freedomratio 0.131479
Iter 9000000 pBad 1.0465e-24 T 9.17673e-13 Obj 1.00804 Rho 0 GRdif 4.69433 success 933981 failure 3675000 obj_new 1.00804 SA_pAcc 0 Delta -1.0462e-25 SA_r 0.634819 freedomratio 0.127752
Iter 9500000 pBad 9.61185e-65 T 2.67756e-13 Obj 1.00804 Rho 0 GRdif 4.69162 success 935354 failure 4040271 obj_new 1.00804 SA_pAcc 0 Delta -5.11659e-66 SA_r 0.124617 freedomratio 0.125832
Good enough
iter 9.22427e+06 obj1.00804 rho 0 GRdif 4.69162
Training:
Lab Growth Rates:
0.4 0.33 0.5 0.43 0.48 0.31 0.46 0.56 0.465 0.37 0.4 0.36 0.5 0.65 0.45 0.54 0.41 0.48 0.1 0.4 0.53 0.22 0.59 0.23 0.25 0.901 0.46 0.47 0.58 0.53 0.648 0.901 0.59 0.5 0.19 0.42 0.11 0.1 0.724 1.345 0.46 0.4 0.54 0.45 1.345 0.4 0.4 0.39 0.5 0.54 0.485 0.4 0.7 0.37 0.59 0.4 1.03 1.345 0.25 0.58 1.345 0.46 0.4 0.54 0.52 0.27 0.46 0.4 0.45 0.54 0.52 0.58 0.47 0.637 0.48 0.4 0.1 0.4 0.58 0.45 0.55 0.3 0.49 0.41 0.42 1.483 1.43 0.901 0.6 0.23 0.301 0.54 0.65 0.648 0.25 0.41 1.42 0.45 0.4 0.485 0.68 0.43 0.65 0.4 0.65 0.54 0.55 0.3 0.4 1.4 0.3 0.42 0.4 0.33 0.59 0.39 0.58 0.36 0.55 0.56 0.36 0.43 0.3 0.4 0.46 0.5 0.4 0.38 1.345 0.47 1.483 0.52 0.37 0.301 0.4 0.37 0.686 0.4 0.4 0.37 0.58 0.58 0.55 0.54 0.476 0.49 0.4 0.33 0.26 0.27 0.377 0.56 0.33 0.5 0.43 0.42 1.345 0.42 0.636 0.485 0.22 0.42 0.4 0.26 0.42 1.05 0.4 0.2 0.33 0.53 0.485 0.3 0.56 0.27 0.5 0.52 0.17 1.35 0.22 0.53 0.3 0.5 0.39 0.68 0.36 0.58 0.54 0.47 0.637 0.59 0.901 0.45 0.43 0.47 0.4 0.25 0.1 0.19 0.54 0.46 0.686 0.43 0.58 0.11 0.37 0.4 0.56 0.46 1.46 0.4 0.14 0.5 0.42 0.19 0.2 0.4 0.39 0.23 0.09 1.483 0.59 0.58 0.3 0.42 0.17 0.41 0.25 0.4 0.4 0.55 0.37 0.42 1.483 0.4 0.39 0.3 0.37 0.42 0.54 0.56 0.4 0.47 0.65 0.45 0.4 0.45 0.5 0.5 0.56 0.47 0.5 0.617 1.483 0.635 0.37 0.59 0.54 0.22 0.53 0.47 0.5 1.46 0.23 0.45 0.46 0.68 0.4 0.54 0.3 0.6 0.42 0.59 0.22 0.52 0.38 0.636 0.58 0.42 0.58 0.31 1.05 0.6 0.22 0.6 0.4 0.45 0.762 0.47 0.46 0.46 0.56 0.4 0.762 0.481 0.53 0.11 0.46 0.47 0.47 0.53 0.53 0.32 0.54 0.5 0.45 0.37 0.4 0.56 0.58 0.45 0.48 0.3 0.37 0.46 0.3 0.53 0.5 0.4 0.53 0.4 0.476 0.55 0.59 0.45 0.47 1.483 0.45 0.55 0.5 0.56 0.45 0.636 0.41 0.25 0.3 0.56 0.377 0.46 0.58 0.58 0.37 0.59 0.5 0.301 1.49 0.5 0.59 0.56 0.58 0.4 0.58 0.4 1.248 0.55 0.56 0.47 0.762 0.25 0.41 0.476 0.5 0.51 0.1 0.36 1.05 0.46 0.56 0.686 0.56 0.54 0.4 0.33 0.901 0.45 0.42 0.42 0.55 0.648 0.22 0.54 0.52 0.53 0.65 0.635 0.27 1.38 1.67 0.54 0.17 0.09 1.46 0.27 0.46 0.47 0.42 0.38 0.48 0.58 0.25 0.465 1.05 0.37 0.3 0.47 0.54 1.248 0.5 0.5 0.56 0.36 1.248 0.481 0.901 0.23 1.345 0.14 0.4 0.58 0.33 0.65 0.53 1.345 0.3 0.71 0.49 0.34 0.23 0.1 0.7 0.762 0.52 0.4 0.5 0.43 0.68 0.53 0.58 1.345 1.44 0.1 0.1 0.51 0.37 0.34 0.33 0.37 0.36 1.66 0.36 0.31 0.4 0.46 0.71 0.26 0.22 0.34 0.27 0.23 0.52 0.38 0.4 0.46 0.4 0.43 0.635 0.48 0.5 0.4 0.65 0.54 0.4 0.4 1.248 0.52 0.54 0.47 0.5 0.5 0.55 0.5 1.483 0.56 0.5 0.47 0.5 0.724 0.53 0.32 1.43 0.47 0.45 0.56 0.46 0.09 1.46 0.4 1.05 0.59 0.43 0.54 0.47 0.32 0.59 1.66 0.637 0.36 0.54 1.483 0.59 0.481 0.42 0.724 0.43 0.47 0.54 0.4 0.4 0.46 0.5 0.4 0.4 0.45 0.47 0.58 0.43 0.47 0.48 0.54 0.45 0.2 0.43 0.48 0.7 0.54 0.37 0.41 1.345 0.41 0.54 1.483 0.59 0.33 0.23 0.4 0.4 1.483 0.5 0.54 0.5 0.5 0.48 0.4 0.55 0.51 0.71 0.65 0.47 1.67 1.248 1.483 1.345 0.23 0.54 0.377 0.4 0.7 0.53 0.59 0.46 0.5 0.68 0.39 0.1 1.345 0.4 0.38 0.465 0.4 1.483 0.41 0.47 0.42 0.4 0.4 0.5 0.55
Dot Production Prediction of Lab Growth Rates:
0.398292 0.303655 0.556296 0.361186 0.282415 0.563619 0.326921 0.53324 0.524398 0.421271 0.401066 0.375034 0.486493 0.649702 0.404236 0.388257 0.340118 0.348287 0.442199 0.399604 0.538086 0.488198 0.320685 0.550074 0.3052 0.797998 0.517259 0.36305 0.381495 0.462971 0.666356 0.903906 0.33614 0.441696 0.288259 0.322372 0.339346 1.00484 0.676728 1.39371 0.430604 0.399936 0.368948 0.345693 1.31422 0.402306 0.390933 0.314642 0.821021 0.307881 0.528675 0.383071 0.729995 0.543074 0.342787 0.402937 1.26227 1.3479 0.348656 0.276728 1.31041 0.285861 0.40256 0.36695 0.375838 0.583269 0.457834 0.38954 1.44257 0.387072 0.372202 0.400564 0.413275 0.666367 0.263893 0.302443 1.4809 0.401495 0.475702 1.46913 0.545555 0.587273 0.390682 0.530477 0.286995 1.31771 1.20535 0.903425 0.612411 0.43242 0.532668 0.352095 0.624084 0.665025 0.351721 0.372613 1.48535 1.47077 0.394616 0.525411 0.368886 0.383328 0.649727 0.400257 0.644692 0.476143 0.47344 0.296117 0.40344 1.39976 0.571175 0.595124 0.40229 0.321505 0.35837 0.354062 0.473093 0.362044 0.55905 0.540692 0.353928 0.401947 0.470543 0.405834 0.387203 0.738182 0.406307 0.373822 1.30939 0.424133 1.3165 0.353243 0.404847 0.538032 0.399517 0.403153 0.675089 0.392057 0.396722 0.400009 0.346412 0.470125 0.561826 0.473736 0.531199 0.403218 0.383303 0.323594 0.574739 0.269904 0.525012 0.549885 0.316631 0.330083 0.388429 0.600689 1.33683 0.330482 0.674068 0.524355 0.478364 0.331078 0.405723 0.394388 0.620202 1.4844 0.399945 0.372983 0.360964 0.520673 0.526147 0.513679 0.483245 0.324025 0.846545 0.378547 0.299704 1.16215 0.464784 0.256886 0.305426 0.481036 0.325913 0.36806 0.318988 0.482188 0.468005 0.322223 0.664292 0.33375 0.900991 0.352681 0.399815 0.422154 0.396719 0.474449 0.324912 0.30467 0.53908 0.458176 0.677002 0.350595 0.474923 0.375392 0.424856 0.398827 0.549986 0.296038 1.51193 0.403099 0.232748 0.542659 0.335741 0.286833 0.346326 0.399482 0.313125 0.429501 0.345413 1.30686 0.543823 0.363425 0.554828 0.357852 0.436937 0.531582 0.535542 0.398526 0.388881 0.480099 0.418642 0.338269 1.33701 0.403194 0.296148 0.301351 0.417482 0.301983 0.474119 0.4716 0.399994 0.473846 0.635328 0.415157 0.393573 0.321671 0.329584 0.32831 0.469425 0.35156 0.534411 0.698322 1.31168 0.668149 0.42362 0.551115 0.368491 0.479744 0.429888 0.365186 0.736546 1.05114 0.548323 0.305863 0.363457 0.366593 0.403225 0.285333 0.553245 0.591564 0.281109 0.545537 0.480006 0.365893 0.283522 0.676709 0.485366 0.328899 0.382599 0.57033 1.05374 0.580774 0.412626 0.597256 0.386082 0.357134 0.764356 0.306181 0.420326 0.402207 0.555849 0.364482 0.76645 0.523705 0.324187 0.404849 0.543578 0.384193 0.390532 0.437451 0.323274 0.329449 0.545103 0.39103 0.280763 0.449917 0.401249 0.552932 0.367381 0.361299 0.295706 0.618694 0.416335 0.473691 0.383852 0.528531 0.767937 0.395717 0.385178 0.400875 0.527414 0.485701 0.548743 0.397492 0.357074 1.27774 1.42533 0.553612 0.534586 0.545003 0.352181 0.679988 0.371018 1.46148 0.347698 0.527384 0.524902 0.459929 0.472689 0.454 0.423593 0.317873 0.487697 0.535142 1.46913 0.783757 0.31176 0.547034 0.490205 0.401673 0.40885 0.388946 0.832705 0.480935 0.487197 0.374604 0.760021 1.01014 0.403968 0.530587 0.54509 0.429641 1.30226 0.367165 1.04984 0.373693 0.482647 0.677372 0.549656 0.540171 0.400842 0.515684 0.918083 1.40821 0.342021 0.343 0.54801 0.659915 0.488959 0.38356 0.381786 0.525255 0.653287 0.671177 0.368603 1.25158 1.35928 0.387497 0.294444 0.375773 1.05425 0.363569 0.385919 0.471051 0.296603 0.276319 0.376297 0.471865 0.34997 0.528406 1.05646 0.425353 0.299933 0.35644 0.467516 0.827199 0.835057 0.321565 0.472335 0.328838 0.838836 0.526732 0.900826 0.543534 1.34255 0.232736 0.404381 0.487404 0.494062 0.662142 0.528644 1.28885 0.604115 0.672409 0.393647 0.325578 0.430144 0.434432 0.72034 0.761848 0.404331 0.401336 0.800389 0.43028 0.364912 0.544695 0.31798 1.37988 1.458 1.54754 1.3649 0.417628 0.274118 0.30476 0.373571 0.429126 0.431399 1.58825 0.444964 0.577525 0.40254 0.516613 0.675406 0.454479 0.361679 0.338844 0.366953 0.54326 0.372306 0.365327 0.290708 0.467232 0.393651 0.348888 0.668708 0.258716 0.347593 0.396239 0.666212 0.534807 0.39939 0.405185 0.829463 0.341077 0.554884 0.461188 0.831832 0.329408 0.481459 0.371785 1.32273 0.545612 0.32042 0.343081 0.475254 0.679205 0.529899 0.314742 1.2215 0.346471 1.43698 0.552366 0.447339 0.46045 1.04831 0.394773 1.03692 0.31154 0.359935 0.387407 0.362647 0.369722 0.549161 1.57576 0.666962 0.34573 0.319463 1.32248 0.544444 0.524051 0.335539 0.675459 0.408594 0.362864 0.539385 0.391066 0.393861 0.329035 0.761198 0.399646 0.401495 1.46649 0.381441 0.471095 0.371961 0.366651 0.352004 0.485242 0.420047 0.378175 0.423679 0.338867 0.721733 0.346023 0.41344 0.321444 1.3406 0.528898 0.556935 1.37578 0.552024 0.450033 0.546146 0.401735 0.40174 1.3706 0.378255 0.40831 0.477673 0.839713 0.306987 0.387251 0.550418 0.406998 0.680571 0.659241 0.397789 1.46752 0.829052 1.35677 1.37189 0.548259 0.339122 0.527521 0.398819 0.72724 0.399772 0.369905 0.466595 0.485985 0.368826 0.315392 1.30586 1.34743 0.39678 0.301692 0.528738 0.403778 1.34821 0.395425 0.394588 0.410948 0.401744 0.402025 0.406362 0.485467
Testing:
Lab Growth Rates:
0.52 0.52 0.52
Dot Production Prediction of Lab Growth Rates:
0.331467 0.352664 0.360376
Best performance so far: 
Obj: 4.67799e-310Rho: 6.5069e-314Diff: 4.67799e-310
Test:
 Lab Growth Rates:
0.52 0.52 0.52Dot Product Prediction of Growth Rate:
0.3314672 0.3526637 0.3603762