seed =  5 traits =  1 
Training: part  218 
Training: part  218 
Round  1 
 Goal of obj  0.99 
Temperature range:  0.0078125 1.5625e-14 
Cycle 1Round 1
Iter 500000 pBad 0.878139 T 0.00203162 Obj 1.10027 Rho 0 GRdif 55.9974 success 147121 failure 7264 obj_new 1.10027 SA_pAcc 1.10395 Delta -0.0678414 SA_r 0.0214119 freedomratio 0.366938
Iter 1000000 pBad 0.776398 T 0.000528317 Obj 1.04318 Rho 0 GRdif 24.8272 success 290585 failure 23757 obj_new 1.04328 SA_pAcc 0.830254 Delta -0.0709218 SA_r 0.919642 freedomratio 0.352375
Iter 1500000 pBad 0.739602 T 0.000137387 Obj 1.03083 Rho 0 GRdif 17.7954 success 432471 failure 45519 obj_new 1.03083 SA_pAcc 1.26641 Delta -0.0294146 SA_r 0.664882 freedomratio 0.368553
Iter 2000000 pBad 0.650151 T 3.57271e-05 Obj 1.02361 Rho 0 GRdif 13.6721 success 570595 failure 74565 obj_new 1.02361 SA_pAcc 1.0598 Delta -0.0303248 SA_r 0.87756 freedomratio 0.367168
Iter 2500000 pBad 0.425572 T 9.29071e-06 Obj 1.01693 Rho 0 GRdif 9.83742 success 705612 failure 110344 obj_new 1.01693 SA_pAcc 2.05768 Delta -0.00989545 SA_r 0.399791 freedomratio 0.354293
Iter 3000000 pBad 0.349616 T 2.41602e-06 Obj 1.01197 Rho 0 GRdif 6.97332 success 826023 failure 171533 obj_new 1.01197 SA_pAcc 1.04695 Delta -0.00615639 SA_r 0.989369 freedomratio 0.3528
Iter 3500000 pBad 0.249158 T 6.28278e-07 Obj 1.00897 Rho 0 GRdif 5.31028 success 929849 failure 269766 obj_new 1.0091 SA_pAcc 2.75196e-92 Delta -0.00546828 SA_r 0.776813 freedomratio 0.329399
Iter 4000000 pBad 0.0964165 T 1.63382e-07 Obj 1.0085 Rho 0 GRdif 4.95965 success 1000539 failure 436969 obj_new 1.0085 SA_pAcc 0.398784 Delta -0.00595918 SA_r 0.84261 freedomratio 0.284604
Iter 4500000 pBad 0.0435168 T 4.24869e-08 Obj 1.00834 Rho 0 GRdif 4.8697 success 1039155 failure 683120 obj_new 1.00834 SA_pAcc 1 Delta -0.00242871 SA_r 0.0958861 freedomratio 0.249044
Iter 5000000 pBad 0.0161697 T 1.10486e-08 Obj 1.00831 Rho 0 GRdif 4.84806 success 1058584 failure 987585 obj_new 1.00831 SA_pAcc 0.0463104 Delta 0.000775234 SA_r 0.836847 freedomratio 0.222898
Iter 5500000 pBad 0.00733837 T 2.87315e-09 Obj 1.0083 Rho 0 GRdif 4.84188 success 1068721 failure 1325887 obj_new 1.0083 SA_pAcc 1.65841e-59 Delta -0.000645896 SA_r 0.953282 freedomratio 0.209885
Iter 6000000 pBad 0.00312758 T 7.47152e-10 Obj 1.00829 Rho 0 GRdif 4.83857 success 1074411 failure 1680245 obj_new 1.00829 SA_pAcc 8.08999e-11 Delta 0.000158024 SA_r 0.030744 freedomratio 0.205038
Iter 6500000 pBad 0.00201659 T 1.94295e-10 Obj 1.00829 Rho 0 GRdif 4.8371 success 1077270 failure 2044939 obj_new 1.00829 SA_pAcc 1 Delta 2.21314e-05 SA_r 0.303428 freedomratio 0.20319
Iter 7000000 pBad 0.00120575 T 5.05257e-11 Obj 1.00829 Rho 0 GRdif 4.84277 success 1079109 failure 2413673 obj_new 1.0083 SA_pAcc 0 Delta -0.000114256 SA_r 0.129015 freedomratio 0.202208
Iter 7500000 pBad 0.000165979 T 1.3139e-11 Obj 1.00829 Rho 0 GRdif 4.83649 success 1080299 failure 2784690 obj_new 1.00829 SA_pAcc 0 Delta 4.12611e-06 SA_r 0.997764 freedomratio 0.201029
Iter 8000000 pBad 0.00081382 T 3.41677e-12 Obj 1.00829 Rho 0 GRdif 4.83561 success 1081265 failure 3156790 obj_new 1.00829 SA_pAcc 0 Delta 5.24955e-06 SA_r 0.459087 freedomratio 0.200754
Iter 8500000 pBad 3.24046e-09 T 8.88519e-13 Obj 1.00829 Rho 0 GRdif 4.83547 success 1085432 failure 3512932 obj_new 1.00829 SA_pAcc 1 Delta 3.51591e-11 SA_r 0.034801 freedomratio 0.189154
Iter 9000000 pBad 2.67478e-23 T 2.31057e-13 Obj 1.00829 Rho 0 GRdif 4.83545 success 1089799 failure 3799962 obj_new 1.00829 SA_pAcc 1 Delta 2.58031e-24 SA_r 0.851431 freedomratio 0.185209
Iter 9500000 pBad 4.55226e-74 T 6.00855e-14 Obj 1.00829 Rho 0 GRdif 4.8392 success 1089799 failure 4088381 obj_new 1.00829 SA_pAcc 0 Delta 1.53997e-75 SA_r 0.90884 freedomratio 0.10455
Iter 10000000 pBad 3.88012e-275 T 1.5625e-14 Obj 1.00829 Rho 0 GRdif 4.88786 success 1089799 failure 4403831 obj_new 1.00838 SA_pAcc 0 Delta 1.19543e-276 SA_r 0.785536 freedomratio 0.0609401
Cannot move further
iter 8.74671e+06 obj1.00829 rho 0 GRdif 4.83545
Training:
Lab Growth Rates:
0.617 0.5 0.4 0.4 0.42 0.55 0.54 0.3 0.1 0.09 0.47 0.636 0.4 0.38 0.45 0.4 0.59 0.43 0.23 0.23 0.47 0.23 0.4 0.42 0.56 0.47 0.58 0.485 0.42 0.4 0.42 0.48 0.3 0.56 0.52 0.648 0.65 0.4 0.1 0.31 0.55 0.56 0.5 0.3 0.37 0.46 0.5 0.47 0.485 0.33 0.4 1.67 0.53 0.46 0.54 0.33 0.41 0.5 0.4 0.58 0.4 0.5 0.59 0.6 0.42 0.23 0.4 0.3 1.05 0.4 0.25 0.55 0.5 0.11 1.483 0.47 0.47 0.2 0.4 0.39 0.65 1.03 0.59 0.23 0.4 1.345 0.53 0.4 0.43 0.48 0.59 0.686 0.377 0.51 0.37 0.47 0.25 0.52 0.37 0.4 0.22 0.25 0.4 0.31 0.56 0.59 0.45 0.4 0.2 1.4 0.56 0.22 0.4 0.45 0.1 0.53 0.54 0.58 0.37 0.686 0.53 0.46 0.34 0.56 0.4 0.42 0.56 0.5 0.46 0.68 0.59 0.47 0.4 0.48 0.52 0.54 0.4 0.465 1.483 0.4 0.58 0.38 0.481 0.37 0.5 0.4 0.635 0.19 0.648 1.483 0.55 0.09 0.4 0.901 0.48 0.42 0.52 0.5 1.483 0.65 0.5 0.68 0.54 0.476 0.54 0.37 0.47 0.4 0.635 0.26 0.58 0.4 1.345 0.53 0.43 1.05 0.36 0.54 0.59 0.43 0.22 0.56 1.345 0.26 0.58 0.4 0.37 0.5 0.27 0.5 0.53 0.71 0.47 0.59 0.53 1.42 0.33 0.71 0.37 0.37 0.71 0.25 0.53 0.33 0.3 0.27 0.39 0.11 0.22 0.42 1.46 1.248 0.762 0.46 0.48 0.47 0.58 0.37 0.55 0.4 0.476 0.7 0.47 0.4 0.5 0.33 0.17 0.648 0.36 0.53 0.47 0.39 0.53 0.3 0.637 0.377 0.38 0.47 0.43 0.43 1.46 0.42 0.5 0.48 1.05 0.65 0.465 0.46 0.17 0.4 0.45 0.54 0.5 0.5 1.345 0.4 0.4 0.36 0.41 0.3 0.4 1.35 0.41 0.27 0.27 0.4 0.51 1.345 0.47 0.54 0.47 0.22 0.46 0.56 0.54 0.41 0.39 0.46 0.46 0.22 0.45 0.5 0.46 1.248 0.42 0.37 0.7 0.33 0.23 0.58 1.483 0.3 0.54 0.5 0.56 0.4 0.53 1.248 0.3 0.65 0.45 1.46 0.635 0.901 0.56 0.56 0.43 0.25 0.25 0.4 0.5 1.483 0.48 0.45 0.59 0.37 0.58 0.55 0.58 0.42 0.4 0.45 0.901 0.4 0.485 1.483 0.55 0.45 0.5 0.7 0.39 0.36 0.36 0.5 0.54 0.46 0.5 0.5 0.54 0.6 0.48 0.43 0.42 0.4 0.41 0.46 0.5 0.686 0.52 0.32 0.58 0.42 0.59 0.52 0.58 0.42 0.481 1.66 0.637 0.901 0.1 0.58 0.4 0.54 0.762 0.301 0.4 1.345 0.55 0.47 0.33 0.39 0.53 0.5 0.37 0.56 0.3 0.58 0.54 0.485 0.45 0.46 0.54 0.48 0.54 0.54 0.6 0.53 0.46 0.4 0.476 0.58 1.345 0.54 0.27 0.43 0.23 0.45 0.56 0.46 0.301 0.54 0.34 0.31 0.65 0.14 0.4 0.42 0.47 0.46 0.51 0.38 0.4 1.345 0.37 0.49 0.68 0.33 0.4 1.38 0.4 0.4 0.55 0.4 0.34 0.45 0.41 0.59 1.483 0.5 1.43 0.46 1.248 0.49 0.47 0.25 0.22 0.5 0.27 0.45 1.483 1.345 1.67 0.724 0.41 0.58 0.56 0.5 1.49 0.4 0.5 0.55 0.45 1.66 0.5 0.58 0.4 0.636 1.345 0.52 0.3 1.483 0.4 0.11 0.19 0.37 0.65 0.33 0.53 0.7 0.36 0.65 1.248 0.49 0.58 0.47 0.47 0.43 0.68 0.4 0.52 1.345 0.47 0.301 0.45 0.38 0.54 0.3 0.59 0.68 0.59 0.23 0.56 0.465 0.54 0.2 0.3 0.4 1.46 0.52 0.23 0.36 0.22 0.59 0.5 0.724 0.4 0.42 0.14 0.36 0.36 0.54 0.45 0.42 0.19 0.1 0.52 0.43 1.345 0.58 0.4 0.54 0.52 0.45 0.26 0.5 0.46 0.59 0.1 0.6 0.41 0.55 0.45 0.58 0.637 0.4 0.46 1.05 0.4 1.05 0.32 0.1 0.53 0.636 0.4 0.65 0.46 0.377 0.17 0.43 0.901 0.47 0.32 0.58 0.37 0.901 0.46 0.25 0.41 0.4 0.3 0.1 1.43 0.5 0.5 0.52 1.483 0.56 1.44 0.54 0.4 0.481 0.762 1.483 0.56 0.47 0.45 0.09 0.4 0.1 0.762 0.42 0.724 0.59 0.55 0.4
Dot Production Prediction of Lab Growth Rates:
0.61702 0.322743 0.402883 0.399282 0.34396 0.446947 0.463803 0.38167 0.825131 0.331925 0.354103 0.725875 0.40043 0.366753 0.360481 0.400549 0.326269 0.367793 0.537339 0.441413 0.41708 0.54549 0.399749 0.328506 0.538867 0.38946 0.468601 0.462717 0.58238 0.40024 0.342945 0.356508 0.371825 0.547059 0.371806 0.71139 0.649916 0.39918 0.819821 0.54977 0.460305 0.534099 0.54314 0.393966 0.426372 0.327628 0.705326 0.491782 0.463137 0.434256 0.401881 1.41836 0.532335 0.454868 0.350629 0.369925 0.315679 0.476554 0.394411 0.470543 0.399647 0.471028 0.402345 0.409936 0.321134 0.544064 0.401493 0.413708 1.05 0.400715 0.551407 0.556783 0.319506 0.330637 1.01922 0.423648 0.393145 0.415708 0.39736 0.328631 0.67656 1.39738 0.545543 0.544453 0.397851 1.06871 0.536041 0.398941 0.36567 0.326073 0.384731 0.725779 0.460627 0.399935 0.423906 0.414939 1.49218 0.38495 0.436998 0.397218 0.475336 0.305432 0.400297 0.557102 0.4683 0.310647 1.52679 0.401702 0.37558 1.45707 0.541144 0.475006 0.398875 0.3409 0.998221 0.493477 0.47246 0.466073 0.376387 0.723109 0.532243 0.369046 0.336012 0.550386 0.398586 0.336966 0.551887 0.30849 0.303584 0.462993 0.552479 0.391057 0.395718 0.327725 0.39262 0.307635 0.399646 0.467041 1.00675 0.397595 0.476956 0.359919 0.464162 0.419333 0.324636 0.401239 0.716564 0.328613 0.714752 1.02088 0.461117 0.362514 0.40001 0.855032 0.312315 0.338206 0.394155 0.547141 0.968988 0.642892 0.35403 0.468766 0.377931 0.470498 0.3425 0.378215 0.405346 0.398633 0.716346 0.547747 0.480094 0.412067 1.05368 0.394926 0.418811 1.05217 0.403007 0.540002 0.31675 0.347582 0.353397 0.544719 1.04055 0.340339 0.465362 0.400078 0.422243 0.689741 0.37753 0.38496 0.346693 0.721028 0.365233 0.343591 0.524087 1.53154 0.319907 0.71936 0.427807 0.435915 0.724604 0.364076 0.298358 0.505407 0.424787 0.594474 0.298421 0.377088 0.38539 0.348946 0.976181 0.893253 0.840806 0.528421 0.31878 0.345483 0.311045 0.555494 0.553075 0.397462 0.470358 0.649787 0.377682 0.398275 0.37076 0.317761 0.327891 0.715857 0.337432 0.550104 0.4419 0.318224 0.347651 0.395413 0.715052 0.460499 0.31647 0.341589 0.438089 0.431754 1.64008 0.339645 0.704787 0.306691 1.05 0.650001 0.470387 0.473315 0.318651 0.33578 1.46251 0.536107 0.378852 0.703946 0.990775 0.400337 0.40139 0.322444 0.381947 0.334925 0.4 1.23287 0.373648 0.360163 0.383567 0.398281 0.388777 1.01426 0.336487 0.53928 0.352366 0.473412 0.538166 0.478229 0.32336 0.465748 0.363684 0.453439 0.450096 0.474267 0.327179 0.533075 0.40083 0.88765 0.577723 0.424906 0.653091 0.483471 0.541765 0.46902 0.982605 0.300245 0.404159 0.597253 0.545154 0.401255 0.381278 0.890931 0.304462 0.649968 1.47139 1.01769 0.716626 0.901 0.482712 0.540885 0.461652 0.755227 0.521734 0.400349 0.318649 0.99436 0.337676 0.403618 0.552004 0.408955 0.371816 0.556579 0.472311 0.343871 0.399885 0.335734 0.902662 0.401524 0.466883 1.00955 0.456127 0.394754 0.623634 0.646517 0.332771 0.315364 0.362666 0.333889 0.464913 0.464935 0.688219 0.533578 0.364199 0.424615 0.321626 0.372686 0.596065 0.400283 0.46128 0.346753 0.634671 0.72527 0.393143 0.295683 0.357435 0.313627 0.547065 0.343562 0.335579 0.33154 0.463561 1.66 0.71646 0.901565 0.455789 0.365385 0.400761 0.458219 0.847381 0.465071 0.399196 1.02688 0.459137 0.399514 0.330116 0.307736 0.529412 0.473482 0.31203 0.468915 0.424901 0.480891 0.45567 0.465122 1.48261 0.4643 0.387398 0.304054 0.539912 0.350162 0.411103 0.428958 0.507353 0.348771 0.467658 0.304376 0.982654 0.336382 0.344087 0.413455 0.543946 1.46729 0.481174 0.460023 0.463375 0.3971 0.313783 0.558531 0.654018 0.139759 0.40115 0.379918 0.426791 0.44601 0.421488 0.332754 0.3945 1.03278 0.438307 0.392331 0.465633 0.367674 0.391185 1.33128 0.40198 0.396162 0.460084 0.398886 0.315461 0.362789 0.466638 0.552826 0.993539 0.544196 1.32466 0.370736 0.887142 0.363475 0.364426 0.3519 0.435113 0.480103 0.303885 1.53104 1.02162 1.03728 1.49396 0.723982 0.359853 0.467119 0.46595 0.47109 1.52679 0.401293 0.627681 0.548259 0.374405 1.66 0.716067 0.339201 0.400904 0.726564 1.04531 0.35163 0.296139 0.997202 0.400992 0.378174 0.332298 0.452202 0.635764 0.370784 0.331834 0.650622 0.361036 0.676373 0.887011 0.368781 0.477604 0.362208 0.465951 0.4028 0.469785 0.400229 0.392686 0.980414 0.481154 0.464332 0.412285 0.324266 0.541832 0.395765 0.310546 0.465982 0.542721 0.440194 0.537302 0.467311 0.551073 0.414192 0.40445 0.400322 1.02294 0.363499 0.440717 0.354616 0.476042 0.328247 0.486738 0.723859 0.399026 0.377113 0.140053 0.423089 0.341482 0.455978 0.35106 0.312012 0.326972 1.40707 0.365775 0.3595 1.04948 0.392452 0.40325 0.541593 0.351807 1.5107 0.456041 0.627133 0.296057 0.33831 0.446001 0.406792 0.379064 0.549214 0.389409 0.456178 0.712083 0.401282 0.419085 0.990663 0.402219 1.71545 0.337219 0.370219 0.535313 0.723483 0.397703 0.628171 0.436466 0.461095 0.433293 0.39614 0.899402 0.352268 0.321544 0.361942 0.422881 0.906875 0.458483 0.369786 0.341892 0.400063 0.334064 0.862766 1.31611 0.346519 0.322624 0.383166 1.0087 0.547617 1.51156 0.388301 0.401567 0.463236 0.844962 1.01823 0.54621 0.359435 0.331513 0.445522 0.398834 0.786413 0.852366 0.357988 0.724004 0.544386 0.54996 0.403641
Testing:
Lab Growth Rates:
0.54 0.54 0.54
Dot Production Prediction of Lab Growth Rates:
0.407306 0.390674 0.402534
Best performance so far: 
Obj: 4.64037e-310Rho: 2.26291e-314Diff: 4.64037e-310
Anneal again with the best G and E so far as input
Cycle 2Round 1
Iter 500000 pBad 0.851642 T 0.00203162 Obj 1.07938 Rho 0 GRdif 44.7601 success 104886 failure 8246 obj_new 1.07938 SA_pAcc 1 Delta -0.0181608 SA_r 0.948357 freedomratio 0.245805
Iter 1000000 pBad 0.748208 T 0.000528317 Obj 1.04442 Rho 0 GRdif 25.4678 success 206774 failure 23650 obj_new 1.04442 SA_pAcc 0.949857 Delta -0.0362846 SA_r 0.755304 freedomratio 0.248516
Iter 1500000 pBad 0.651583 T 0.000137387 Obj 1.03136 Rho 0 GRdif 18.0953 success 304957 failure 48488 obj_new 1.03136 SA_pAcc 0.936009 Delta 0.00931874 SA_r 0.519708 freedomratio 0.243254
Iter 2000000 pBad 0.526567 T 3.57271e-05 Obj 1.02503 Rho 0 GRdif 14.4885 success 400456 failure 79655 obj_new 1.02503 SA_pAcc 1 Delta 0.0014257 SA_r 0.351058 freedomratio 0.241649
Iter 2500000 pBad 0.449025 T 9.29071e-06 Obj 1.01888 Rho 0 GRdif 10.9606 success 493832 failure 117255 obj_new 1.01888 SA_pAcc 1 Delta 0.000682615 SA_r 0.928008 freedomratio 0.237728
Iter 3000000 pBad 0.303198 T 2.41602e-06 Obj 1.01548 Rho 0 GRdif 9.00197 success 581075 failure 167391 obj_new 1.01548 SA_pAcc 0.151632 Delta 0.0292091 SA_r 0.80156 freedomratio 0.239477
Iter 3500000 pBad 0.227071 T 6.28278e-07 Obj 1.01163 Rho 0 GRdif 6.77375 success 654500 failure 252606 obj_new 1.01163 SA_pAcc 1 Delta -0.0227043 SA_r 0.148109 freedomratio 0.226868
Iter 4000000 pBad 0.151802 T 1.63382e-07 Obj 1.01038 Rho 0 GRdif 6.10741 success 722978 failure 352834 obj_new 1.01048 SA_pAcc 8.72316e-265 Delta 0.0117726 SA_r 0.5887 freedomratio 0.215283
Iter 4500000 pBad 0.0736497 T 4.24869e-08 Obj 1.00939 Rho 0 GRdif 5.47846 success 774217 failure 509656 obj_new 1.00939 SA_pAcc 1 Delta -2.82267e-05 SA_r 0.768869 freedomratio 0.184277
Iter 5000000 pBad 0.0223502 T 1.10486e-08 Obj 1.00916 Rho 0 GRdif 5.34526 success 801593 failure 750036 obj_new 1.00916 SA_pAcc 1.34538e-242 Delta 0.000372726 SA_r 0.857068 freedomratio 0.16305
Iter 5500000 pBad 0.0166523 T 2.87315e-09 Obj 1.00903 Rho 0 GRdif 5.26652 success 823044 failure 1036504 obj_new 1.00903 SA_pAcc 5.27469e-27 Delta -0.000474111 SA_r 0.523702 freedomratio 0.146098
Iter 6000000 pBad 0.00748733 T 7.47152e-10 Obj 1.00899 Rho 0 GRdif 5.24504 success 833937 failure 1372843 obj_new 1.00899 SA_pAcc 0 Delta 0.000472843 SA_r 0.456736 freedomratio 0.140158
Iter 6500000 pBad 0.00329488 T 1.94295e-10 Obj 1.00897 Rho 0 GRdif 5.23272 success 840813 failure 1727501 obj_new 1.00897 SA_pAcc 1 Delta 2.84592e-05 SA_r 0.667503 freedomratio 0.137559
Iter 7000000 pBad 0.00138799 T 5.05257e-11 Obj 1.00896 Rho 0 GRdif 5.22699 success 845301 failure 2094688 obj_new 1.00896 SA_pAcc 4.96812e-93 Delta -0.000122117 SA_r 0.547968 freedomratio 0.135023
Iter 7500000 pBad 0.000593106 T 1.3139e-11 Obj 1.00895 Rho 0 GRdif 5.22434 success 849912 failure 2469177 obj_new 1.00896 SA_pAcc 0 Delta -4.9783e-06 SA_r 0.206159 freedomratio 0.133242
Iter 8000000 pBad 0.000280819 T 3.41677e-12 Obj 1.00895 Rho 0 GRdif 5.22465 success 854298 failure 2850382 obj_new 1.00896 SA_pAcc 0 Delta 5.60347e-06 SA_r 0.138626 freedomratio 0.132131
Iter 8500000 pBad 0.000200981 T 8.88519e-13 Obj 1.00895 Rho 0 GRdif 5.22599 success 859417 failure 3232759 obj_new 1.00896 SA_pAcc 0 Delta 1.93579e-05 SA_r 0.842027 freedomratio 0.1306
Iter 9000000 pBad 6.54008e-92 T 2.31057e-13 Obj 1.00895 Rho 0 GRdif 5.22187 success 865728 failure 3603705 obj_new 1.00895 SA_pAcc 1 Delta 8.40286e-94 SA_r 0.00177389 freedomratio 0.128791
Iter 9500000 pBad 5.1015e-43 T 6.00855e-14 Obj 1.00895 Rho 0 GRdif 5.23229 success 865734 failure 3928210 obj_new 1.00897 SA_pAcc 0 Delta 3.64901e-44 SA_r 0.086451 freedomratio 0.126539
Good enough
iter 9.01774e+06 obj1.00895 rho 0 GRdif 5.22187
Training:
Lab Growth Rates:
0.617 0.5 0.4 0.4 0.42 0.55 0.54 0.3 0.1 0.09 0.47 0.636 0.4 0.38 0.45 0.4 0.59 0.43 0.23 0.23 0.47 0.23 0.4 0.42 0.56 0.47 0.58 0.485 0.42 0.4 0.42 0.48 0.3 0.56 0.52 0.648 0.65 0.4 0.1 0.31 0.55 0.56 0.5 0.3 0.37 0.46 0.5 0.47 0.485 0.33 0.4 1.67 0.53 0.46 0.54 0.33 0.41 0.5 0.4 0.58 0.4 0.5 0.59 0.6 0.42 0.23 0.4 0.3 1.05 0.4 0.25 0.55 0.5 0.11 1.483 0.47 0.47 0.2 0.4 0.39 0.65 1.03 0.59 0.23 0.4 1.345 0.53 0.4 0.43 0.48 0.59 0.686 0.377 0.51 0.37 0.47 0.25 0.52 0.37 0.4 0.22 0.25 0.4 0.31 0.56 0.59 0.45 0.4 0.2 1.4 0.56 0.22 0.4 0.45 0.1 0.53 0.54 0.58 0.37 0.686 0.53 0.46 0.34 0.56 0.4 0.42 0.56 0.5 0.46 0.68 0.59 0.47 0.4 0.48 0.52 0.54 0.4 0.465 1.483 0.4 0.58 0.38 0.481 0.37 0.5 0.4 0.635 0.19 0.648 1.483 0.55 0.09 0.4 0.901 0.48 0.42 0.52 0.5 1.483 0.65 0.5 0.68 0.54 0.476 0.54 0.37 0.47 0.4 0.635 0.26 0.58 0.4 1.345 0.53 0.43 1.05 0.36 0.54 0.59 0.43 0.22 0.56 1.345 0.26 0.58 0.4 0.37 0.5 0.27 0.5 0.53 0.71 0.47 0.59 0.53 1.42 0.33 0.71 0.37 0.37 0.71 0.25 0.53 0.33 0.3 0.27 0.39 0.11 0.22 0.42 1.46 1.248 0.762 0.46 0.48 0.47 0.58 0.37 0.55 0.4 0.476 0.7 0.47 0.4 0.5 0.33 0.17 0.648 0.36 0.53 0.47 0.39 0.53 0.3 0.637 0.377 0.38 0.47 0.43 0.43 1.46 0.42 0.5 0.48 1.05 0.65 0.465 0.46 0.17 0.4 0.45 0.54 0.5 0.5 1.345 0.4 0.4 0.36 0.41 0.3 0.4 1.35 0.41 0.27 0.27 0.4 0.51 1.345 0.47 0.54 0.47 0.22 0.46 0.56 0.54 0.41 0.39 0.46 0.46 0.22 0.45 0.5 0.46 1.248 0.42 0.37 0.7 0.33 0.23 0.58 1.483 0.3 0.54 0.5 0.56 0.4 0.53 1.248 0.3 0.65 0.45 1.46 0.635 0.901 0.56 0.56 0.43 0.25 0.25 0.4 0.5 1.483 0.48 0.45 0.59 0.37 0.58 0.55 0.58 0.42 0.4 0.45 0.901 0.4 0.485 1.483 0.55 0.45 0.5 0.7 0.39 0.36 0.36 0.5 0.54 0.46 0.5 0.5 0.54 0.6 0.48 0.43 0.42 0.4 0.41 0.46 0.5 0.686 0.52 0.32 0.58 0.42 0.59 0.52 0.58 0.42 0.481 1.66 0.637 0.901 0.1 0.58 0.4 0.54 0.762 0.301 0.4 1.345 0.55 0.47 0.33 0.39 0.53 0.5 0.37 0.56 0.3 0.58 0.54 0.485 0.45 0.46 0.54 0.48 0.54 0.54 0.6 0.53 0.46 0.4 0.476 0.58 1.345 0.54 0.27 0.43 0.23 0.45 0.56 0.46 0.301 0.54 0.34 0.31 0.65 0.14 0.4 0.42 0.47 0.46 0.51 0.38 0.4 1.345 0.37 0.49 0.68 0.33 0.4 1.38 0.4 0.4 0.55 0.4 0.34 0.45 0.41 0.59 1.483 0.5 1.43 0.46 1.248 0.49 0.47 0.25 0.22 0.5 0.27 0.45 1.483 1.345 1.67 0.724 0.41 0.58 0.56 0.5 1.49 0.4 0.5 0.55 0.45 1.66 0.5 0.58 0.4 0.636 1.345 0.52 0.3 1.483 0.4 0.11 0.19 0.37 0.65 0.33 0.53 0.7 0.36 0.65 1.248 0.49 0.58 0.47 0.47 0.43 0.68 0.4 0.52 1.345 0.47 0.301 0.45 0.38 0.54 0.3 0.59 0.68 0.59 0.23 0.56 0.465 0.54 0.2 0.3 0.4 1.46 0.52 0.23 0.36 0.22 0.59 0.5 0.724 0.4 0.42 0.14 0.36 0.36 0.54 0.45 0.42 0.19 0.1 0.52 0.43 1.345 0.58 0.4 0.54 0.52 0.45 0.26 0.5 0.46 0.59 0.1 0.6 0.41 0.55 0.45 0.58 0.637 0.4 0.46 1.05 0.4 1.05 0.32 0.1 0.53 0.636 0.4 0.65 0.46 0.377 0.17 0.43 0.901 0.47 0.32 0.58 0.37 0.901 0.46 0.25 0.41 0.4 0.3 0.1 1.43 0.5 0.5 0.52 1.483 0.56 1.44 0.54 0.4 0.481 0.762 1.483 0.56 0.47 0.45 0.09 0.4 0.1 0.762 0.42 0.724 0.59 0.55 0.4
Dot Production Prediction of Lab Growth Rates:
0.904002 0.328717 0.367585 0.360767 0.331374 0.477094 0.462293 0.341501 1.97542 0.347464 0.347896 0.702364 0.358774 0.372288 0.362912 0.409271 0.315977 0.362453 0.54578 0.435516 0.351646 0.54818 0.361834 0.27159 0.54996 0.34872 0.467614 0.515552 0.528269 0.360778 0.321227 0.368414 0.509153 0.545783 0.366131 0.684462 0.648377 0.404475 1.97293 0.547951 0.499518 0.527229 0.55118 0.547868 0.420322 0.331877 0.756405 0.425293 0.513559 0.468359 0.363734 1.40217 0.472289 0.392843 0.390131 0.324203 0.306754 0.487269 0.34658 0.46933 0.358247 0.467099 0.354226 0.565141 0.31131 0.545061 0.363508 0.365081 1.0671 0.362804 0.503375 0.560834 0.333603 0.336715 1.19728 0.422406 0.406472 0.344162 0.354969 0.320186 0.679158 1.26924 0.539287 0.55114 0.398075 1.2974 0.532838 0.355544 0.388429 0.286314 0.346503 0.698337 0.525646 0.432177 0.427599 0.370896 1.49409 0.40949 0.433665 0.351949 0.481128 0.315288 0.403298 0.530665 0.467243 0.313346 1.49116 0.362075 0.342634 1.41553 0.542434 0.48173 0.356785 0.320734 2.31618 0.419108 0.476422 0.462152 0.389088 0.695382 0.529775 0.358292 0.333963 0.549354 0.402993 0.337876 0.553575 0.324508 0.306481 0.514034 0.550673 0.402519 0.348386 0.356496 0.372775 0.286609 0.359646 0.518694 1.17172 0.376017 0.481876 0.37017 0.514402 0.410547 0.345423 0.4074 0.696445 0.305169 0.691961 1.27922 0.49542 0.371427 0.407294 0.830232 0.274127 0.320723 0.399328 0.564389 1.24102 0.649993 0.390373 0.522342 0.35319 0.520508 0.325062 0.406438 0.336898 0.405071 0.6949 0.522567 0.482339 0.335032 1.24507 0.400603 0.385529 1.07625 0.441882 0.540918 0.333259 0.368947 0.36149 0.54254 1.2468 0.378788 0.47059 0.360415 0.413548 0.737582 0.358623 0.442232 0.332872 0.694102 0.367069 0.310949 0.530226 1.53101 0.30421 0.689048 0.426744 0.43459 0.703901 0.342394 0.265778 0.483483 0.587813 0.533998 0.296592 0.380328 0.41216 0.295053 1.05471 0.856881 0.784838 0.474168 0.266232 0.3515 0.31587 0.50863 0.549373 0.354762 0.518379 0.755618 0.377351 0.356775 0.414715 0.320681 0.290661 0.691705 0.361895 0.543541 0.438176 0.330734 0.389887 0.551413 0.690832 0.521992 0.285079 0.337948 0.401444 0.390508 1.42243 0.333762 0.713793 0.321448 1.08227 0.64962 0.519807 0.475952 0.300927 0.283509 1.48351 0.550372 0.379773 0.721084 1.25981 0.361706 0.362256 0.346123 0.406884 0.303656 0.378852 1.12128 0.375248 0.379676 0.357308 0.353736 0.405739 1.28896 0.305611 0.534512 0.368051 0.480427 0.490514 0.484031 0.303763 0.525854 0.359947 0.446717 0.392459 0.477675 0.281736 0.534553 0.39631 0.848549 0.538168 0.421748 0.749034 0.495227 0.540884 0.466642 1.24056 0.251414 0.391957 0.701813 0.540153 0.359644 0.430539 0.849638 0.253545 0.651222 1.45265 1.04879 0.691464 0.907781 0.482288 0.544568 0.39848 0.93964 0.465158 0.359699 0.321705 1.2134 0.353879 0.407732 0.551146 0.401179 0.372406 0.556431 0.467014 0.329638 0.364282 0.364605 0.906029 0.361981 0.521268 1.28494 0.496407 0.42734 0.649192 0.74721 0.331315 0.328238 0.37519 0.338837 0.46239 0.461537 0.708699 0.533839 0.387694 0.594218 0.344161 0.336374 0.548275 0.364738 0.527455 0.340011 0.704975 0.699693 0.354621 0.308434 0.370881 0.30317 0.546385 0.352774 0.362964 0.314331 0.51428 1.47155 0.687634 0.901728 0.421731 0.351624 0.363159 0.487448 0.796986 0.535889 0.35954 1.19529 0.494257 0.413261 0.304424 0.313741 0.529692 0.47926 0.276892 0.469068 0.615331 0.482103 0.472942 0.517559 1.48475 0.460016 0.388589 0.281699 0.532024 0.387377 0.577762 0.432533 0.489554 0.286559 0.517371 0.283247 1.26221 0.338236 0.329034 0.381624 0.542076 1.43536 0.479528 0.458682 0.539219 0.402177 0.30396 0.570143 0.663259 0.571172 0.362967 0.3298 0.351791 0.468241 0.438514 0.288429 0.342728 1.23486 0.433928 0.411133 0.521316 0.367463 0.343618 1.2679 0.364314 0.35023 0.496116 0.357722 0.324772 0.360499 0.525839 0.550498 1.25023 0.542265 1.22091 0.369659 0.847115 0.391588 0.367395 0.34506 0.462418 0.48814 0.28423 1.51271 1.22284 1.32822 1.49509 0.694071 0.372544 0.468689 0.467538 0.4694 1.49116 0.360139 0.660456 0.542228 0.392437 1.50462 0.759742 0.388813 0.360902 0.689465 1.22177 0.337131 0.249945 1.23518 0.384618 0.401271 0.333728 0.426619 0.642921 0.379096 0.319808 0.759922 0.36647 0.677142 0.8454 0.394643 0.482745 0.358294 0.427285 0.37196 0.524092 0.40462 0.369865 1.25969 0.421066 0.535702 0.393348 0.294761 0.56032 0.566461 0.314114 0.515628 0.546214 0.437014 0.526886 0.51441 0.554277 0.339277 0.580244 0.360898 1.04869 0.376598 0.435468 0.35975 0.486049 0.334302 0.486981 0.701395 0.355808 0.412938 0.566086 0.440916 0.319356 0.480704 0.305771 0.293689 0.311 1.44605 0.373788 0.371491 1.23009 0.396395 0.386329 0.533882 0.35438 1.49814 0.422858 0.683558 0.283202 0.336199 0.409419 0.587444 0.40951 0.549994 0.349858 0.448433 0.68606 0.362184 0.393141 1.03193 0.379969 1.36982 0.350281 0.327374 0.543733 0.695603 0.375958 0.622607 0.362181 0.52544 0.439049 0.339925 0.900993 0.373849 0.330952 0.393016 0.414545 0.901 0.461063 0.337899 0.33818 0.362363 0.47334 2.24947 1.2001 0.371595 0.327854 0.373746 1.19096 0.546313 1.49141 0.338728 0.362566 0.511188 0.787474 1.2685 0.545739 0.354885 0.361478 0.468051 0.357526 0.93236 0.802216 0.338406 0.700806 0.546177 0.546187 0.363258
Testing:
Lab Growth Rates:
0.54 0.54 0.54
Dot Production Prediction of Lab Growth Rates:
0.342433 0.325951 0.342488
Best performance so far: 
Obj: 4.64037e-310Rho: 6.5069e-314Diff: 4.64037e-310
Test:
 Lab Growth Rates:
0.54 0.54 0.54Dot Product Prediction of Growth Rate:
0.3424331 0.3259506 0.3424883