seed =  5 traits =  1 
Training: part  61 
Training: part  61 
Round  1 
 Goal of obj  0.99 
Temperature range:  0.0078125 3.125e-14 
Cycle 1Round 1
Iter 500000 pBad 0.898242 T 0.00210327 Obj 1.09386 Rho 0 GRdif 52.5699 success 147597 failure 7564 obj_new 1.09386 SA_pAcc 0.988757 Delta 0.0608069 SA_r 0.78297 freedomratio 0.368785
Iter 1000000 pBad 0.803158 T 0.000566236 Obj 1.04918 Rho 0 GRdif 28.132 success 291610 failure 23370 obj_new 1.04918 SA_pAcc 1 Delta 0.0301087 SA_r 0.928753 freedomratio 0.36925
Iter 1500000 pBad 0.752551 T 0.00015244 Obj 1.03483 Rho 0 GRdif 20.0652 success 433016 failure 45298 obj_new 1.03483 SA_pAcc 0.771713 Delta 0.045447 SA_r 0.553141 freedomratio 0.36625
Iter 2000000 pBad 0.621184 T 4.10396e-05 Obj 1.02458 Rho 0 GRdif 14.2282 success 572464 failure 72900 obj_new 1.02458 SA_pAcc 0.859187 Delta 0.0111884 SA_r 0.494866 freedomratio 0.361728
Iter 2500000 pBad 0.496954 T 1.10486e-05 Obj 1.01851 Rho 0 GRdif 10.7472 success 706818 failure 108318 obj_new 1.01851 SA_pAcc 0.768145 Delta -0.0364493 SA_r 0.739349 freedomratio 0.356448
Iter 3000000 pBad 0.352667 T 2.97447e-06 Obj 1.01293 Rho 0 GRdif 7.52867 success 824509 failure 175409 obj_new 1.01293 SA_pAcc 1 Delta 0.00466732 SA_r 0.652661 freedomratio 0.337752
Iter 3500000 pBad 0.234856 T 8.00778e-07 Obj 1.00908 Rho 0 GRdif 5.2967 success 928882 failure 270697 obj_new 1.00908 SA_pAcc 0.996214 Delta -0.00930763 SA_r 0.498342 freedomratio 0.329399
Iter 4000000 pBad 0.114427 T 2.15583e-07 Obj 1.00855 Rho 0 GRdif 4.99045 success 1002512 failure 431123 obj_new 1.00855 SA_pAcc 0.0867495 Delta 0.00757415 SA_r 0.569508 freedomratio 0.290099
Iter 4500000 pBad 0.0518717 T 5.80388e-08 Obj 1.00831 Rho 0 GRdif 4.84699 success 1047463 failure 661731 obj_new 1.00831 SA_pAcc 0.232981 Delta 0.00265571 SA_r 0.527538 freedomratio 0.254672
Iter 5000000 pBad 0.0227315 T 1.5625e-08 Obj 1.00822 Rho 0 GRdif 4.7971 success 1071891 failure 954382 obj_new 1.00822 SA_pAcc 1 Delta -0.000861309 SA_r 0.010417 freedomratio 0.223238
Iter 5500000 pBad 0.0125403 T 4.20653e-09 Obj 1.00819 Rho 0 GRdif 4.7779 success 1086043 failure 1285437 obj_new 1.00819 SA_pAcc 8.39355e-37 Delta 0.000727067 SA_r 0.455707 freedomratio 0.208171
Iter 6000000 pBad 0.00561983 T 1.13247e-09 Obj 1.00818 Rho 0 GRdif 4.77229 success 1093633 failure 1641243 obj_new 1.00818 SA_pAcc 1 Delta -0.000510738 SA_r 0.61936 freedomratio 0.199795
Iter 6500000 pBad 0.00385367 T 3.04881e-10 Obj 1.00817 Rho 0 GRdif 4.76927 success 1098109 failure 2009817 obj_new 1.00817 SA_pAcc 3.18853e-05 Delta -5.58856e-05 SA_r 0.495573 freedomratio 0.195921
Iter 7000000 pBad 0.00234641 T 8.20792e-11 Obj 1.00817 Rho 0 GRdif 4.78298 success 1100590 failure 2386458 obj_new 1.0082 SA_pAcc 0 Delta 0.000178656 SA_r 0.908447 freedomratio 0.194297
Iter 7500000 pBad 0.00108854 T 2.20971e-11 Obj 1.00817 Rho 0 GRdif 4.76747 success 1102063 failure 2767542 obj_new 1.00817 SA_pAcc 2.98246e-131 Delta 8.73659e-05 SA_r 0.27416 freedomratio 0.192383
Iter 8000000 pBad 0.000362507 T 5.94893e-12 Obj 1.00817 Rho 0 GRdif 4.78682 success 1103430 failure 3150466 obj_new 1.0082 SA_pAcc 0 Delta -2.67774e-05 SA_r 0.311529 freedomratio 0.192131
Iter 8500000 pBad 9.78449e-14 T 1.60156e-12 Obj 1.00817 Rho 0 GRdif 4.76688 success 1106491 failure 3515925 obj_new 1.00817 SA_pAcc 1 Delta 1.06483e-15 SA_r 0.203239 freedomratio 0.179205
Iter 9000000 pBad 2.80827e-56 T 4.31167e-13 Obj 1.00817 Rho 0 GRdif 4.78706 success 1106994 failure 3810180 obj_new 1.0082 SA_pAcc 0 Delta -2.62792e-57 SA_r 0.826047 freedomratio 0.177522
Iter 9500000 pBad 0 T 1.16078e-13 Obj 1.00817 Rho 0 GRdif 4.76693 success 1106994 failure 4108767 obj_new 1.00817 SA_pAcc 0 Delta -0 SA_r 0.281768 freedomratio 0.139126
Iter 10000000 pBad 0 T 3.12501e-14 Obj 1.00817 Rho 0 GRdif 4.76688 success 1106994 failure 4435494 obj_new 1.00817 SA_pAcc 1 Delta -0 SA_r 0.0716754 freedomratio 0.0566731
Cannot move further
iter 8.57882e+06 obj1.00817 rho 0 GRdif 4.76688
Training:
Lab Growth Rates:
1.43 0.1 1.345 0.48 0.47 0.36 0.3 0.56 0.52 0.41 1.483 0.55 0.22 0.5 1.483 0.5 0.46 0.51 0.37 1.248 0.23 0.26 0.22 0.5 0.2 0.3 0.377 0.31 0.19 0.32 0.48 0.55 0.47 0.4 0.23 1.483 1.345 1.345 0.45 0.36 0.26 0.42 0.09 1.483 0.55 0.3 0.25 0.1 0.23 0.55 0.59 0.38 0.71 0.59 1.4 0.476 0.636 0.617 0.56 0.5 0.56 0.5 0.53 0.3 0.5 0.5 0.34 0.59 0.54 0.5 0.46 0.42 0.481 0.46 0.58 0.4 0.47 0.46 0.47 0.5 0.636 0.5 0.52 0.58 0.52 0.54 0.47 0.53 0.47 0.4 0.762 0.22 0.53 0.58 0.5 0.4 0.55 0.901 0.54 0.42 0.54 1.483 0.762 0.4 0.48 0.54 1.248 1.66 0.45 0.53 0.54 0.38 0.686 0.33 0.45 0.485 0.4 0.4 0.46 1.46 0.4 0.4 0.45 0.45 0.5 0.901 0.55 0.47 0.1 0.648 0.465 0.48 0.23 0.7 0.46 0.724 0.762 0.33 0.39 0.45 0.47 0.53 0.37 0.42 0.4 0.4 0.4 1.483 0.54 0.648 0.4 0.42 0.17 0.4 0.54 0.5 1.05 1.345 0.65 0.636 0.39 0.53 0.59 0.49 0.47 0.58 0.42 0.54 1.248 0.32 0.55 0.48 0.45 0.34 0.43 0.58 0.37 0.36 0.25 0.4 0.637 0.55 0.71 0.31 0.46 0.52 0.4 0.4 0.59 0.33 0.55 0.51 0.4 0.54 0.4 0.58 0.635 0.59 0.5 0.46 0.49 0.58 0.22 0.3 0.55 0.45 1.248 0.47 1.248 0.58 0.59 0.6 1.345 0.45 0.33 0.3 0.54 0.54 0.19 0.5 0.901 0.3 0.11 0.71 0.27 0.47 0.37 0.54 0.4 0.686 1.46 0.53 1.67 0.4 0.3 0.42 0.56 0.1 0.25 0.4 1.483 0.33 0.476 0.37 0.4 0.377 0.25 0.5 0.25 0.4 0.4 0.46 0.56 0.901 1.05 0.37 0.4 0.33 0.54 0.42 0.5 1.49 0.59 1.345 0.46 0.47 0.54 0.56 0.4 0.43 0.42 0.45 1.345 0.39 0.4 0.53 0.65 0.45 0.39 0.27 0.38 0.5 0.23 0.37 0.52 0.46 0.7 0.09 0.37 0.4 0.3 0.1 0.58 0.637 0.53 0.56 0.47 1.345 0.5 0.58 0.52 0.23 1.43 0.48 0.22 0.4 1.483 0.48 0.43 0.47 0.6 0.6 0.41 0.485 0.3 0.39 0.55 0.56 0.3 0.45 0.485 0.4 0.5 0.4 0.481 0.46 0.56 0.56 0.43 0.33 0.47 0.19 0.56 1.483 0.54 0.5 0.42 0.45 0.27 0.5 0.41 0.37 0.4 0.43 0.47 0.54 1.46 0.17 0.14 0.53 0.7 0.53 0.59 0.36 0.5 0.58 0.36 0.54 0.47 0.42 0.43 0.4 0.47 0.47 0.1 0.42 0.4 0.52 1.345 0.54 0.46 0.43 0.34 0.25 0.55 0.301 0.59 0.56 0.1 1.46 0.17 0.49 0.5 0.45 0.4 0.3 0.14 0.56 0.33 0.4 0.22 0.56 0.25 0.42 1.345 0.37 0.4 0.38 0.36 0.38 0.42 0.56 0.23 0.3 0.46 0.68 0.59 0.635 1.345 1.483 0.58 0.476 0.648 0.4 0.43 0.37 0.54 0.68 0.41 0.5 0.52 0.68 0.635 0.36 0.47 0.4 0.41 0.58 0.11 0.56 0.7 0.51 0.37 0.41 0.43 0.36 0.43 0.42 0.68 0.11 0.46 0.27 0.54 0.52 0.54 0.59 1.66 1.05 0.47 1.42 0.22 0.45 0.59 1.44 0.32 0.58 0.46 0.45 0.54 0.5 0.4 0.39 0.45 0.52 0.4 0.54 0.09 0.485 0.4 1.38 0.4 0.42 0.4 0.4 0.41 0.58 0.46 0.54 0.27 0.53 0.5 0.65 0.58 0.2 0.27 0.481 0.58 0.4 0.45 0.52 0.65 0.4 0.47 0.65 0.53 1.35 0.68 0.46 0.43 0.46 0.65 0.31 0.4 0.47 0.901 0.5 0.43 0.65 0.54 0.36 1.483 0.42 0.52 0.465 0.37 0.65 0.65 1.345 0.2 0.33 0.4 0.4 0.4 0.637 0.25 1.67 0.5 0.377 0.37 0.5 0.53 0.41 0.5 0.37 0.41 0.26 0.59 0.4 0.901 0.6 0.54 0.4 1.05 1.03 0.5 0.56 0.48 1.483 0.4 0.58 0.23 0.5 0.301 0.46 0.45 0.724 0.4 0.46 0.5 0.59 0.4 0.4 0.3 0.53 0.22 0.4 0.37 0.724 0.23 0.762 1.05 0.301 0.47 0.54 0.4 0.4 0.48 0.686 0.59 0.4 0.42 0.465 0.1 0.1 0.56 0.4
Dot Production Prediction of Lab Growth Rates:
1.33606 0.925722 1.15689 0.305661 0.354213 0.328631 0.396858 0.530869 0.396096 0.393711 1.13669 0.550802 0.446377 0.470124 1.14052 0.65284 0.459485 0.404133 0.413298 1.08983 0.537523 0.5597 0.4633 0.387189 0.39841 0.299356 0.48178 0.575538 0.332309 0.315569 0.362618 0.549997 0.388343 0.39108 0.536358 1.11056 1.16733 1.11285 0.403919 0.360233 0.451668 0.606435 0.468934 1.14832 0.549833 0.324264 1.50769 0.850828 0.543012 0.551996 0.547584 0.309938 0.723064 0.327086 1.42019 0.490605 0.720856 0.617334 0.462551 0.336116 0.535872 0.463497 0.429734 0.412307 0.532415 0.734014 0.314239 0.549227 0.464237 0.36571 0.520397 0.336455 0.483969 0.449033 0.377668 0.402718 0.472419 0.362365 0.343968 0.541132 0.718566 0.418981 0.350952 0.365446 0.347029 0.386582 0.407722 0.394269 0.339044 0.401684 1.14171 0.464861 0.356844 0.355943 0.666471 0.39611 0.456115 0.90134 0.46196 0.336277 0.463658 1.1505 1.13395 0.400506 0.325839 0.326523 1.09686 1.63523 1.47275 0.533186 0.453276 0.358916 0.72257 0.312354 1.50666 0.48718 0.401598 0.400813 0.293926 1.6517 0.390205 0.400002 1.47712 0.341168 0.738531 0.901 0.452507 0.452324 0.935085 0.711289 0.489086 0.335048 0.432912 0.699092 0.461333 0.72169 1.14081 0.364572 0.358579 0.316017 0.357619 0.477892 0.294781 0.357517 0.395554 0.400706 0.399296 1.14907 0.375838 0.713003 0.401597 0.588646 0.325977 0.399652 0.534681 0.741699 1.05 1.15317 0.63321 0.721831 0.33192 0.528194 0.337418 0.37471 0.361197 0.467169 0.342314 0.46665 1.10613 0.325838 0.450508 0.30399 0.354351 0.337493 0.410772 0.376019 0.446078 0.334068 0.319706 0.398903 0.707587 0.547773 0.720027 0.580776 0.3448 0.390511 0.396801 0.400338 0.323702 0.48726 0.450551 0.425449 0.399078 0.546302 0.39879 0.470813 0.715523 0.316247 0.468719 0.309389 0.374123 0.460299 0.470109 0.516248 0.551993 0.404449 1.09299 0.351655 1.09729 0.364426 0.546413 0.506257 1.12585 1.4661 0.37572 0.469037 0.374422 0.544937 0.316187 0.533357 0.90004 0.48814 0.335192 0.717166 0.372376 0.458405 0.416815 0.381301 0.401988 0.724431 1.01522 0.528788 1.51909 0.393683 0.471277 0.335133 0.54045 1.02694 0.349403 0.400608 1.12172 0.514076 0.48962 0.420245 0.401537 0.482712 0.360666 0.464286 0.36282 0.319738 0.400408 0.422965 0.468282 0.898142 1.05002 0.55515 0.401588 0.353028 0.300907 0.337971 0.467871 1.51984 0.313023 1.17296 0.453524 0.405626 0.367247 0.540022 0.39866 0.38545 0.398524 1.4789 1.16932 0.304389 0.397619 0.532474 0.651615 0.406113 0.327114 0.37637 0.315378 0.729371 0.537689 0.419578 0.371831 0.539616 0.700466 0.372667 0.430246 0.401141 0.3 1.43534 0.46695 0.709227 0.317002 0.535713 0.362572 1.18433 0.328845 0.466331 0.382571 0.434552 1.32873 0.314335 0.462214 0.402214 1.09788 0.341437 0.435294 0.361088 0.485217 0.48762 0.475847 0.482698 0.305526 0.319702 0.458185 0.543008 0.478122 0.345285 0.482091 0.402837 0.346337 0.398584 0.483478 0.507205 0.469921 0.541533 0.456535 0.307598 0.404551 0.324173 0.462821 1.13872 0.54385 0.332127 0.319707 0.38406 0.298007 0.703452 0.363063 0.387414 0.396909 0.366313 0.349922 0.409827 1.01789 0.435229 0.13969 0.537852 0.699666 0.349319 0.544911 0.423319 0.323208 0.340626 0.432892 0.373142 0.378333 0.333268 0.401352 0.4003 0.470588 0.329759 0.3665 0.310461 0.396797 0.398472 1.17591 0.540684 0.461834 0.37597 0.32174 0.540695 0.461771 0.479475 0.368174 0.463159 1.18462 0.991604 0.3165 0.400221 0.325909 1.51984 0.397106 0.364252 0.14003 0.544391 0.438117 0.400252 0.360329 0.531943 0.837936 0.314056 1.11825 0.430775 0.399809 0.31252 0.333935 0.372908 0.342047 0.536836 0.433086 0.437265 0.378923 0.430968 0.54978 0.717066 1.17768 1.13456 0.470983 0.492034 0.709166 0.397762 0.41208 0.426273 0.533751 0.426514 0.483581 0.682229 0.385947 0.430466 0.716116 0.357745 0.397276 0.39956 0.385406 0.457338 0.37259 0.541439 0.701511 0.411663 0.415616 0.481888 0.431923 0.362353 0.391735 0.326019 0.432713 0.394419 0.394702 0.603103 0.543667 0.37102 0.334426 0.39502 1.66 1.70094 0.436152 1.55555 0.400252 0.338058 0.55236 1.51034 0.34394 0.459501 0.337533 0.38093 0.395384 0.774568 0.330433 0.326906 0.358329 0.399659 0.401069 0.359803 0.346008 0.487247 0.398855 1.32773 0.401844 0.593226 0.397076 0.398289 0.325629 0.299949 0.450629 0.376051 0.334368 0.406227 0.468885 0.649893 0.313821 0.361044 0.379076 0.484961 0.395609 0.39659 1.52899 0.342822 0.655768 0.400909 0.386304 0.668606 0.529514 1.24256 0.429741 0.415973 0.381885 0.457547 0.62512 0.573335 0.400116 0.396951 0.905348 0.534061 0.370551 0.648752 0.466849 0.352853 1.15248 0.363373 0.369456 0.48813 0.423787 0.63794 0.687351 1.20354 0.398333 0.31879 0.398913 0.400787 0.401674 0.709529 0.507638 1.39993 0.543166 0.482644 0.403047 0.39259 0.285033 0.393513 0.329442 0.388312 0.33694 0.363898 0.326373 0.401917 1.03946 0.494198 0.35852 0.398633 0.990141 1.39848 0.712946 0.54654 0.306423 1.12999 0.400756 0.466297 0.536284 0.373255 0.476669 0.443494 0.340638 0.723963 0.399626 0.44843 0.760799 0.546567 0.402663 0.40359 0.50331 0.547267 0.471511 0.39468 0.434556 0.723195 0.546311 1.14334 1.05161 0.479591 0.378787 0.320016 0.400798 0.395773 0.310074 0.722066 0.334774 0.393265 0.307795 0.486941 0.449793 0.439012 0.462246 0.402829
Testing:
Lab Growth Rates:
0.58 0.58 0.58
Dot Production Prediction of Lab Growth Rates:
0.468717 0.468559 0.454993
Best performance so far: 
Obj: 4.68461e-310Rho: 2.26291e-314Diff: 4.68461e-310
Anneal again with the best G and E so far as input
Cycle 2Round 1
Iter 500000 pBad 0.848182 T 0.00210327 Obj 1.12018 Rho 0 GRdif 66.5074 success 107764 failure 7335 obj_new 1.12018 SA_pAcc 1 Delta 0.0772604 SA_r 0.639316 freedomratio 0.25368
Iter 1000000 pBad 0.786851 T 0.000566236 Obj 1.08324 Rho 0 GRdif 46.8528 success 212873 failure 21356 obj_new 1.08324 SA_pAcc 0.868284 Delta 0.0369148 SA_r 0.512377 freedomratio 0.25423
Iter 1500000 pBad 0.641817 T 0.00015244 Obj 1.04197 Rho 0 GRdif 24.0914 success 313409 failure 46489 obj_new 1.04197 SA_pAcc 1 Delta 0.0390977 SA_r 0.17311 freedomratio 0.25032
Iter 2000000 pBad 0.579504 T 4.10396e-05 Obj 1.03121 Rho 0 GRdif 18.0096 success 410826 failure 79864 obj_new 1.03121 SA_pAcc 1 Delta 0.0284469 SA_r 0.394294 freedomratio 0.246737
Iter 2500000 pBad 0.522657 T 1.10486e-05 Obj 1.02364 Rho 0 GRdif 13.6904 success 506049 failure 119056 obj_new 1.02364 SA_pAcc 1 Delta 0.0518177 SA_r 0.185679 freedomratio 0.245599
Iter 3000000 pBad 0.351234 T 2.97447e-06 Obj 1.01826 Rho 0 GRdif 10.6044 success 598957 failure 163753 obj_new 1.01826 SA_pAcc 0.420079 Delta 0.0314624 SA_r 0.507606 freedomratio 0.244167
Iter 3500000 pBad 0.234505 T 8.00778e-07 Obj 1.01395 Rho 0 GRdif 8.11965 success 678810 failure 237808 obj_new 1.01395 SA_pAcc 1 Delta -0.00313482 SA_r 0.101576 freedomratio 0.22643
Iter 4000000 pBad 0.169482 T 2.15583e-07 Obj 1.01052 Rho 0 GRdif 6.1299 success 754980 failure 329384 obj_new 1.01052 SA_pAcc 1 Delta 0.0154543 SA_r 0.61499 freedomratio 0.216476
Iter 4500000 pBad 0.0741351 T 5.80388e-08 Obj 1.00903 Rho 0 GRdif 5.2651 success 809685 failure 478657 obj_new 1.00903 SA_pAcc 3.99815 Delta 0.00701118 SA_r 0.355478 freedomratio 0.196315
Iter 5000000 pBad 0.032318 T 1.5625e-08 Obj 1.00865 Rho 0 GRdif 5.12141 success 838624 failure 702414 obj_new 1.00878 SA_pAcc 0 Delta -0.00163684 SA_r 0.196558 freedomratio 0.176188
Iter 5500000 pBad 0.022735 T 4.20653e-09 Obj 1.0085 Rho 0 GRdif 4.96373 success 857452 failure 975881 obj_new 1.00851 SA_pAcc 0 Delta -0.000539458 SA_r 0.0642226 freedomratio 0.161923
Iter 6000000 pBad 0.0079017 T 1.13247e-09 Obj 1.00846 Rho 0 GRdif 4.93433 success 867128 failure 1288229 obj_new 1.00846 SA_pAcc 1 Delta -1.58564e-05 SA_r 0.984307 freedomratio 0.153283
Iter 6500000 pBad 0.00255997 T 3.04881e-10 Obj 1.00844 Rho 0 GRdif 4.92338 success 873882 failure 1619973 obj_new 1.00844 SA_pAcc 0.0245206 Delta 4.332e-05 SA_r 0.14823 freedomratio 0.149604
Iter 7000000 pBad 0.00163942 T 8.20792e-11 Obj 1.00843 Rho 0 GRdif 4.91851 success 878319 failure 1961309 obj_new 1.00843 SA_pAcc 1.99149e-14 Delta 9.84219e-05 SA_r 0.116557 freedomratio 0.146757
Iter 7500000 pBad 0.00120604 T 2.20971e-11 Obj 1.00842 Rho 0 GRdif 4.92023 success 882778 failure 2310293 obj_new 1.00843 SA_pAcc 0 Delta -0.000105984 SA_r 0.793416 freedomratio 0.144371
Iter 8000000 pBad 0.000835327 T 5.94893e-12 Obj 1.00842 Rho 0 GRdif 4.91798 success 886580 failure 2665451 obj_new 1.00843 SA_pAcc 0 Delta -3.19763e-06 SA_r 0.218915 freedomratio 0.142337
Iter 8500000 pBad 0.000894802 T 1.60156e-12 Obj 1.00842 Rho 0 GRdif 4.92974 success 890629 failure 3025418 obj_new 1.00845 SA_pAcc 0 Delta -8.12381e-05 SA_r 0.210418 freedomratio 0.141001
Iter 9000000 pBad 7.61889e-24 T 4.31167e-13 Obj 1.00842 Rho 0 GRdif 4.9127 success 895409 failure 3374264 obj_new 1.00842 SA_pAcc 1 Delta 1.90705e-25 SA_r 0.807981 freedomratio 0.135868
Iter 9500000 pBad 4.07647e-118 T 1.16078e-13 Obj 1.00842 Rho 0 GRdif 4.91297 success 895409 failure 3672214 obj_new 1.00842 SA_pAcc 0 Delta 1.89807e-119 SA_r 0.944908 freedomratio 0.134651
Good enough
iter 8.98557e+06 obj1.00842 rho 0 GRdif 4.9127
Training:
Lab Growth Rates:
1.43 0.1 1.345 0.48 0.47 0.36 0.3 0.56 0.52 0.41 1.483 0.55 0.22 0.5 1.483 0.5 0.46 0.51 0.37 1.248 0.23 0.26 0.22 0.5 0.2 0.3 0.377 0.31 0.19 0.32 0.48 0.55 0.47 0.4 0.23 1.483 1.345 1.345 0.45 0.36 0.26 0.42 0.09 1.483 0.55 0.3 0.25 0.1 0.23 0.55 0.59 0.38 0.71 0.59 1.4 0.476 0.636 0.617 0.56 0.5 0.56 0.5 0.53 0.3 0.5 0.5 0.34 0.59 0.54 0.5 0.46 0.42 0.481 0.46 0.58 0.4 0.47 0.46 0.47 0.5 0.636 0.5 0.52 0.58 0.52 0.54 0.47 0.53 0.47 0.4 0.762 0.22 0.53 0.58 0.5 0.4 0.55 0.901 0.54 0.42 0.54 1.483 0.762 0.4 0.48 0.54 1.248 1.66 0.45 0.53 0.54 0.38 0.686 0.33 0.45 0.485 0.4 0.4 0.46 1.46 0.4 0.4 0.45 0.45 0.5 0.901 0.55 0.47 0.1 0.648 0.465 0.48 0.23 0.7 0.46 0.724 0.762 0.33 0.39 0.45 0.47 0.53 0.37 0.42 0.4 0.4 0.4 1.483 0.54 0.648 0.4 0.42 0.17 0.4 0.54 0.5 1.05 1.345 0.65 0.636 0.39 0.53 0.59 0.49 0.47 0.58 0.42 0.54 1.248 0.32 0.55 0.48 0.45 0.34 0.43 0.58 0.37 0.36 0.25 0.4 0.637 0.55 0.71 0.31 0.46 0.52 0.4 0.4 0.59 0.33 0.55 0.51 0.4 0.54 0.4 0.58 0.635 0.59 0.5 0.46 0.49 0.58 0.22 0.3 0.55 0.45 1.248 0.47 1.248 0.58 0.59 0.6 1.345 0.45 0.33 0.3 0.54 0.54 0.19 0.5 0.901 0.3 0.11 0.71 0.27 0.47 0.37 0.54 0.4 0.686 1.46 0.53 1.67 0.4 0.3 0.42 0.56 0.1 0.25 0.4 1.483 0.33 0.476 0.37 0.4 0.377 0.25 0.5 0.25 0.4 0.4 0.46 0.56 0.901 1.05 0.37 0.4 0.33 0.54 0.42 0.5 1.49 0.59 1.345 0.46 0.47 0.54 0.56 0.4 0.43 0.42 0.45 1.345 0.39 0.4 0.53 0.65 0.45 0.39 0.27 0.38 0.5 0.23 0.37 0.52 0.46 0.7 0.09 0.37 0.4 0.3 0.1 0.58 0.637 0.53 0.56 0.47 1.345 0.5 0.58 0.52 0.23 1.43 0.48 0.22 0.4 1.483 0.48 0.43 0.47 0.6 0.6 0.41 0.485 0.3 0.39 0.55 0.56 0.3 0.45 0.485 0.4 0.5 0.4 0.481 0.46 0.56 0.56 0.43 0.33 0.47 0.19 0.56 1.483 0.54 0.5 0.42 0.45 0.27 0.5 0.41 0.37 0.4 0.43 0.47 0.54 1.46 0.17 0.14 0.53 0.7 0.53 0.59 0.36 0.5 0.58 0.36 0.54 0.47 0.42 0.43 0.4 0.47 0.47 0.1 0.42 0.4 0.52 1.345 0.54 0.46 0.43 0.34 0.25 0.55 0.301 0.59 0.56 0.1 1.46 0.17 0.49 0.5 0.45 0.4 0.3 0.14 0.56 0.33 0.4 0.22 0.56 0.25 0.42 1.345 0.37 0.4 0.38 0.36 0.38 0.42 0.56 0.23 0.3 0.46 0.68 0.59 0.635 1.345 1.483 0.58 0.476 0.648 0.4 0.43 0.37 0.54 0.68 0.41 0.5 0.52 0.68 0.635 0.36 0.47 0.4 0.41 0.58 0.11 0.56 0.7 0.51 0.37 0.41 0.43 0.36 0.43 0.42 0.68 0.11 0.46 0.27 0.54 0.52 0.54 0.59 1.66 1.05 0.47 1.42 0.22 0.45 0.59 1.44 0.32 0.58 0.46 0.45 0.54 0.5 0.4 0.39 0.45 0.52 0.4 0.54 0.09 0.485 0.4 1.38 0.4 0.42 0.4 0.4 0.41 0.58 0.46 0.54 0.27 0.53 0.5 0.65 0.58 0.2 0.27 0.481 0.58 0.4 0.45 0.52 0.65 0.4 0.47 0.65 0.53 1.35 0.68 0.46 0.43 0.46 0.65 0.31 0.4 0.47 0.901 0.5 0.43 0.65 0.54 0.36 1.483 0.42 0.52 0.465 0.37 0.65 0.65 1.345 0.2 0.33 0.4 0.4 0.4 0.637 0.25 1.67 0.5 0.377 0.37 0.5 0.53 0.41 0.5 0.37 0.41 0.26 0.59 0.4 0.901 0.6 0.54 0.4 1.05 1.03 0.5 0.56 0.48 1.483 0.4 0.58 0.23 0.5 0.301 0.46 0.45 0.724 0.4 0.46 0.5 0.59 0.4 0.4 0.3 0.53 0.22 0.4 0.37 0.724 0.23 0.762 1.05 0.301 0.47 0.54 0.4 0.4 0.48 0.686 0.59 0.4 0.42 0.465 0.1 0.1 0.56 0.4
Dot Production Prediction of Lab Growth Rates:
1.44592 0.684522 1.13458 0.284987 0.350946 0.31496 0.453255 0.532301 0.442583 0.403522 1.13425 0.552906 0.493284 0.46744 1.16817 0.692466 0.506338 0.415943 0.445171 0.825811 0.533592 0.602895 0.467834 0.394946 0.422589 0.376661 0.474478 0.573755 0.351444 0.265914 0.377332 0.550865 0.39703 0.428855 0.526832 1.15564 1.17211 1.13768 0.42542 0.362246 0.484395 0.633507 0.499507 1.17403 0.55774 0.339704 1.35862 0.983403 0.545088 0.554606 0.557492 0.282411 0.725301 0.279847 1.4035 0.45898 0.713433 0.677198 0.455306 0.316617 0.528227 0.46272 0.487535 0.301753 0.538123 0.767876 0.289822 0.539138 0.442514 0.352755 0.59151 0.349345 0.450003 0.45487 0.356355 0.445256 0.477372 0.400499 0.343743 0.547581 0.678794 0.412965 0.370571 0.402018 0.320818 0.389449 0.430194 0.426322 0.363349 0.445605 0.767428 0.470844 0.357502 0.343256 0.703901 0.433285 0.457316 0.906884 0.441916 0.34224 0.445035 1.1574 0.757348 0.401927 0.304624 0.318251 0.832298 1.6604 1.32654 0.537533 0.443117 0.367338 0.721097 0.329844 1.33383 0.455298 0.444647 0.444451 0.261178 1.75927 0.386733 0.39893 1.33232 0.320312 0.791406 0.906192 0.456701 0.505886 0.709013 0.706433 0.461431 0.30882 0.471102 0.644375 0.460071 0.71544 0.762133 0.38879 0.391615 0.286301 0.356484 0.516242 0.27182 0.347546 0.426433 0.447392 0.399517 1.09805 0.418041 0.70393 0.439341 0.612534 0.320898 0.422275 0.533477 0.74958 1.01372 1.18138 0.633658 0.716317 0.29385 0.517864 0.309464 0.380222 0.387234 0.46286 0.329146 0.443266 0.842084 0.313595 0.444121 0.303564 0.341254 0.315399 0.429895 0.397266 0.502016 0.313992 0.2676 0.443513 0.697522 0.551295 0.715242 0.593479 0.379109 0.433778 0.436618 0.44235 0.343413 0.552791 0.45517 0.457907 0.430789 0.548737 0.421253 0.461629 0.711248 0.266889 0.469735 0.273114 0.395011 0.458453 0.480878 0.398665 0.5559 0.428216 0.831298 0.355388 0.835958 0.35488 0.554491 0.387303 1.17169 1.32414 0.38839 0.364173 0.403716 0.54006 0.326835 0.540533 0.907607 0.388374 0.3355 0.714739 0.371746 0.50411 0.44923 0.39697 0.446837 0.722163 0.944298 0.513094 1.35284 0.428291 0.368118 0.35142 0.538649 0.771208 0.349263 0.444628 1.15139 0.578882 0.45801 0.452291 0.446189 0.468302 0.352294 0.459413 0.357923 0.31504 0.447181 0.425964 0.463198 0.901149 1.01133 0.632318 0.402713 0.390565 0.290318 0.345276 0.463945 1.39284 0.285333 1.16461 0.456514 0.434091 0.36342 0.5415 0.399761 0.384334 0.401839 1.32885 1.18867 0.252305 0.440194 0.567658 0.656788 0.42801 0.341912 0.390612 0.309289 0.762369 0.533471 0.454243 0.357513 0.614789 0.651118 0.37472 0.471326 0.442688 0.374398 1.26813 0.46948 0.698388 0.342293 0.538143 0.379371 1.19017 0.288067 0.470926 0.405902 0.472527 1.43149 0.322513 0.467267 0.44726 1.13665 0.321353 0.445824 0.380737 0.371831 0.365847 0.455935 0.448497 0.387413 0.28828 0.452483 0.548638 0.361108 0.329585 0.446031 0.402039 0.32944 0.439064 0.448345 0.561315 0.468471 0.537872 0.457217 0.292106 0.441169 0.328958 0.457875 1.09964 0.536727 0.304169 0.314484 0.405978 0.269718 0.693463 0.375254 0.384972 0.436404 0.367007 0.348637 0.4576 0.944928 0.493819 0.140038 0.53461 0.651786 0.375309 0.547568 0.437886 0.307364 0.334121 0.479798 0.390435 0.401296 0.341236 0.410109 0.433315 0.473112 0.344336 0.400643 0.273723 0.420952 0.406917 1.18665 0.543888 0.460529 0.395684 0.270994 0.625245 0.454676 0.478245 0.376442 0.462287 0.862899 0.864851 0.299141 0.416487 0.274906 1.39284 0.426862 0.397528 0.137055 0.552976 0.502007 0.443711 0.379612 0.531028 0.937952 0.33033 1.15673 0.470982 0.438377 0.310749 0.333657 0.385355 0.32849 0.53429 0.472612 0.352014 0.398661 0.51282 0.547297 0.713169 1.21171 1.16375 0.465393 0.460559 0.699704 0.439982 0.458578 0.460913 0.532875 0.511068 0.467252 0.645302 0.372331 0.511529 0.712211 0.378225 0.423964 0.400268 0.403214 0.455145 0.407878 0.540676 0.639114 0.444 0.448252 0.465686 0.420814 0.375185 0.375909 0.31994 0.516959 0.410455 0.437503 0.689948 0.539463 0.38215 0.331404 0.398119 1.66066 1.85184 0.504746 1.40422 0.417584 0.31818 0.55375 1.40612 0.327767 0.458173 0.299096 0.401041 0.441474 0.786211 0.330771 0.332193 0.394516 0.425441 0.446151 0.354574 0.336786 0.45661 0.440667 1.28738 0.445547 0.64959 0.39299 0.444076 0.297418 0.296385 0.45393 0.421615 0.336619 0.45118 0.467893 0.627902 0.311006 0.346229 0.387222 0.450327 0.43052 0.439629 1.36581 0.360021 0.666625 0.444203 0.401604 0.640745 0.527021 1.28717 0.5129 0.470225 0.386617 0.457396 0.636614 0.566747 0.443512 0.390202 0.963041 0.535226 0.402527 0.650101 0.452378 0.346733 1.16894 0.376223 0.389765 0.454892 0.458923 0.65019 0.655848 1.20638 0.413813 0.303209 0.440459 0.443797 0.399698 0.700094 0.567795 1.38081 0.545603 0.465092 0.432589 0.405015 0.24395 0.411633 0.32845 0.395805 0.344341 0.326262 0.328069 0.444994 0.773843 0.380209 0.343968 0.444118 0.919453 1.38662 0.66507 0.552169 0.250605 1.10919 0.443256 0.469091 0.529025 0.367452 0.473996 0.437249 0.305743 0.719472 0.445064 0.449074 0.802831 0.554728 0.449189 0.4443 0.398311 0.546046 0.482591 0.427255 0.472831 0.7206 0.541269 0.767511 1.00237 0.483653 0.404045 0.316458 0.44599 0.430944 0.272699 0.721223 0.331685 0.426212 0.290433 0.45585 0.485121 0.475578 0.456459 0.439175
Testing:
Lab Growth Rates:
0.58 0.58 0.58
Dot Production Prediction of Lab Growth Rates:
0.460996 0.458252 0.456749
Best performance so far: 
Obj: 4.68461e-310Rho: 6.5069e-314Diff: 4.68461e-310
Test:
 Lab Growth Rates:
0.58 0.58 0.58Dot Product Prediction of Growth Rate:
0.4609957 0.4582522 0.4567489