seed =  5 traits =  1 
Training: part  57 
Training: part  57 
Round  1 
 Goal of obj  0.99 
Temperature range:  0.0078125 5e-14 
Cycle 1Round 1
Iter 500000 pBad 0.871948 T 0.00215328 Obj 1.09758 Rho 0 GRdif 54.5603 success 147270 failure 7898 obj_new 1.09758 SA_pAcc 1 Delta 0.0763064 SA_r 0.912687 freedomratio 0.366938
Iter 1000000 pBad 0.802269 T 0.000593484 Obj 1.04501 Rho 0 GRdif 25.7986 success 290549 failure 24429 obj_new 1.04501 SA_pAcc 1.19177 Delta 0.0524631 SA_r 0.944773 freedomratio 0.364655
Iter 1500000 pBad 0.753745 T 0.000163575 Obj 1.0308 Rho 0 GRdif 17.7753 success 431623 failure 47363 obj_new 1.0308 SA_pAcc 1.00023 Delta -0.00898785 SA_r 0.0643486 freedomratio 0.379043
Iter 2000000 pBad 0.637534 T 4.50845e-05 Obj 1.02128 Rho 0 GRdif 12.3538 success 569927 failure 75974 obj_new 1.02131 SA_pAcc 0.609378 Delta -0.0511598 SA_r 0.700814 freedomratio 0.362848
Iter 2500000 pBad 0.492692 T 1.24261e-05 Obj 1.01544 Rho 0 GRdif 8.97599 success 703529 failure 114764 obj_new 1.01544 SA_pAcc 1.05507 Delta 0.0091885 SA_r 0.0250863 freedomratio 0.360394
Iter 3000000 pBad 0.384763 T 3.42488e-06 Obj 1.01182 Rho 0 GRdif 6.88645 success 826709 failure 170933 obj_new 1.01182 SA_pAcc 0.372249 Delta 0.00383398 SA_r 0.156808 freedomratio 0.347568
Iter 3500000 pBad 0.247115 T 9.43961e-07 Obj 1.00951 Rho 0 GRdif 5.54942 success 932824 failure 262555 obj_new 1.00951 SA_pAcc 1 Delta -0.0199312 SA_r 0.579857 freedomratio 0.337169
Iter 4000000 pBad 0.130768 T 2.60174e-07 Obj 1.00889 Rho 0 GRdif 5.18802 success 1010104 failure 414540 obj_new 1.00889 SA_pAcc 0.184693 Delta -0.00163762 SA_r 0.365666 freedomratio 0.299744
Iter 4500000 pBad 0.0556681 T 7.17087e-08 Obj 1.0087 Rho 0 GRdif 5.07791 success 1056621 failure 639989 obj_new 1.0087 SA_pAcc 1 Delta -0.0023959 SA_r 0.799379 freedomratio 0.265399
Iter 5000000 pBad 0.0285784 T 1.97643e-08 Obj 1.00864 Rho 0 GRdif 5.04403 success 1081578 failure 925342 obj_new 1.00864 SA_pAcc 1.43501e-92 Delta 0.00121323 SA_r 0.148686 freedomratio 0.233932
Iter 5500000 pBad 0.00818013 T 5.44741e-09 Obj 1.00862 Rho 0 GRdif 5.25819 success 1095133 failure 1249994 obj_new 1.00901 SA_pAcc 0 Delta 0.000400567 SA_r 0.728113 freedomratio 0.2156
Iter 6000000 pBad 0.00601148 T 1.50141e-09 Obj 1.00861 Rho 0 GRdif 5.02326 success 1102733 failure 1594739 obj_new 1.00861 SA_pAcc 1.10682e-19 Delta -0.000567283 SA_r 0.865639 freedomratio 0.208467
Iter 6500000 pBad 0.00276108 T 4.13817e-10 Obj 1.0086 Rho 0 GRdif 5.02129 success 1106790 failure 1952953 obj_new 1.00861 SA_pAcc 0 Delta 9.75554e-05 SA_r 0.280695 freedomratio 0.205542
Iter 7000000 pBad 0.00197975 T 1.14056e-10 Obj 1.0086 Rho 0 GRdif 5.0225 success 1109084 failure 2317227 obj_new 1.00861 SA_pAcc 0 Delta -5.41823e-05 SA_r 0.0228554 freedomratio 0.204538
Iter 7500000 pBad 0.00206647 T 3.14359e-11 Obj 1.0086 Rho 0 GRdif 5.02017 success 1110715 failure 2684565 obj_new 1.0086 SA_pAcc 0 Delta -1.9858e-06 SA_r 0.96337 freedomratio 0.202558
Iter 8000000 pBad 0.000530978 T 8.66433e-12 Obj 1.0086 Rho 0 GRdif 5.01948 success 1111968 failure 3054726 obj_new 1.0086 SA_pAcc 0 Delta -2.6458e-05 SA_r 0.502484 freedomratio 0.201652
Iter 8500000 pBad 0.000945278 T 2.38805e-12 Obj 1.0086 Rho 0 GRdif 5.01844 success 1113320 failure 3425971 obj_new 1.0086 SA_pAcc 1 Delta 3.99737e-05 SA_r 0.346117 freedomratio 0.199659
Iter 9000000 pBad 0.000116674 T 6.58193e-13 Obj 1.0086 Rho 0 GRdif 5.01827 success 1117723 failure 3788168 obj_new 1.0086 SA_pAcc 1.76256e-05 Delta -1.10778e-05 SA_r 0.619597 freedomratio 0.195856
Iter 9500000 pBad 2.13454e-21 T 1.8141e-13 Obj 1.0086 Rho 0 GRdif 5.0183 success 1120494 failure 4085085 obj_new 1.0086 SA_pAcc 0 Delta 1.69315e-22 SA_r 0.424373 freedomratio 0.18324
Iter 10000000 pBad 8.25698e-125 T 5.00001e-14 Obj 1.0086 Rho 0 GRdif 5.01829 success 1120494 failure 4369327 obj_new 1.0086 SA_pAcc 0 Delta 7.96361e-126 SA_r 0.971905 freedomratio 0.182101
Cannot move further
iter 9.22558e+06 obj1.0086 rho 0 GRdif 5.01825
Training:
Lab Growth Rates:
0.53 0.4 0.1 0.4 0.23 0.47 0.686 0.56 0.724 0.43 0.4 1.42 0.55 0.25 0.47 0.56 0.48 0.4 0.59 0.27 0.41 0.59 0.32 0.54 1.345 0.377 0.71 0.4 0.68 0.42 0.26 0.1 0.37 0.37 1.345 0.48 0.46 0.5 0.635 0.7 1.38 0.42 0.54 0.55 0.4 0.51 0.5 0.56 0.32 0.301 0.485 0.3 0.5 0.3 0.5 0.4 0.1 0.11 0.53 0.686 0.55 0.19 0.47 0.5 0.4 0.4 0.4 0.901 0.485 0.56 0.42 0.2 0.45 1.345 0.25 0.52 0.59 0.58 0.4 0.46 0.65 0.5 0.37 0.4 0.71 0.36 0.5 0.7 0.43 0.4 0.37 0.22 0.54 0.46 0.43 0.09 0.56 1.67 0.54 0.52 0.58 0.901 0.14 0.724 0.49 0.47 0.58 0.43 0.56 0.47 0.34 0.4 0.1 0.22 0.39 0.58 0.22 0.43 0.901 0.4 0.47 0.36 0.52 0.56 0.37 0.65 0.4 1.483 0.5 0.1 0.4 0.53 1.483 0.58 0.59 1.483 0.45 0.23 0.37 0.45 0.41 0.4 0.5 0.55 0.6 1.46 0.54 0.5 0.37 0.476 0.55 0.5 1.49 0.4 0.33 0.5 0.53 0.37 0.4 0.33 0.45 0.481 0.46 0.3 0.46 0.58 0.43 0.42 0.58 0.47 0.47 0.4 0.68 1.05 0.36 0.23 0.54 1.66 0.648 0.45 0.54 0.27 0.7 0.4 1.345 0.54 0.4 0.4 0.4 0.4 0.45 0.54 0.45 0.54 0.65 0.42 0.56 0.4 0.65 0.2 1.345 0.4 0.22 0.4 1.44 0.45 0.48 1.483 0.48 0.377 0.4 0.46 0.4 0.33 0.762 0.17 0.5 0.42 0.54 0.3 1.05 0.09 0.45 0.53 0.4 0.45 0.36 0.485 0.4 1.345 1.483 0.58 0.47 0.47 0.11 0.3 0.54 0.42 0.47 0.41 0.23 0.4 0.636 1.483 0.58 1.43 0.27 0.54 1.345 0.617 0.47 0.52 0.25 0.39 0.4 0.45 0.686 0.53 0.56 0.09 0.33 0.39 1.345 0.58 0.54 0.38 0.46 0.1 0.48 0.42 0.52 0.3 0.45 0.26 0.58 0.724 0.4 0.59 0.4 0.52 0.45 0.46 0.48 0.46 0.4 0.54 0.52 1.483 0.41 0.4 0.3 0.2 0.38 0.68 0.23 0.45 0.6 0.25 0.5 1.248 0.4 0.762 0.59 1.46 0.53 0.4 0.34 0.46 0.23 0.41 0.5 0.59 0.38 0.58 0.4 1.345 0.17 0.39 0.58 1.483 1.248 0.36 0.481 0.37 0.33 0.52 0.59 0.46 0.1 0.47 0.635 0.4 0.762 0.53 0.47 0.43 0.54 0.42 0.31 0.42 0.648 0.37 0.33 0.4 0.54 0.476 0.55 0.5 1.248 0.42 0.47 0.27 1.46 0.53 0.481 0.42 0.53 0.33 0.4 0.59 0.45 0.54 1.483 1.05 0.37 0.5 0.56 0.36 0.5 0.48 0.42 0.4 0.47 0.901 0.901 1.483 0.47 0.51 0.52 0.25 0.4 0.43 0.38 0.3 0.42 0.901 0.56 0.56 0.37 0.14 0.39 0.47 0.59 0.32 0.36 0.54 0.5 1.345 0.53 0.5 0.41 0.65 0.56 0.49 1.345 0.38 0.25 0.4 0.37 0.301 0.37 0.58 0.4 0.5 1.483 0.31 0.47 0.47 0.4 0.48 0.43 0.22 0.1 0.5 0.45 0.4 0.65 0.25 0.55 0.5 0.46 0.68 0.71 0.58 0.55 0.3 1.483 0.65 0.53 0.68 0.54 0.65 0.33 0.4 0.41 0.5 0.1 0.58 0.58 0.45 0.46 0.41 0.54 0.54 0.52 0.59 1.66 0.648 0.36 0.5 0.301 0.762 0.5 0.3 1.67 0.59 0.46 0.46 0.4 0.23 0.43 0.47 0.19 1.345 0.47 0.11 0.7 0.22 0.53 0.48 0.33 0.22 0.3 0.47 0.465 0.476 0.53 0.39 1.248 0.637 0.46 0.54 0.42 0.23 1.05 0.4 0.25 0.56 0.4 0.19 0.47 0.4 0.26 0.46 0.58 0.23 0.45 0.37 1.35 0.5 0.3 0.42 0.37 0.51 0.31 0.58 0.6 0.637 0.635 0.17 0.5 0.54 0.59 0.65 0.59 0.56 0.377 0.27 0.53 1.248 0.49 0.6 0.4 0.5 0.52 0.58 0.636 0.465 0.3 0.59 0.636 0.46 0.42 0.58 0.59 0.56 0.42 0.46 0.41 0.56 0.5 0.4 0.43 0.55 0.22 1.05 0.3 0.54 0.5 0.485 0.46 0.54 0.54 0.465 0.56 0.45 0.36 1.4 0.5 0.46 1.43 0.43 0.4 0.34 0.4 0.4 0.4 0.52 0.27 0.637 0.54 1.46 0.4 0.5 1.03 0.5
Dot Production Prediction of Lab Growth Rates:
0.34821 0.399615 1.40183 0.40794 0.432207 0.360072 0.725368 0.458293 0.723468 0.373603 0.407326 1.49584 0.551791 0.304128 0.349637 0.539298 0.344589 0.405801 0.541189 0.370263 0.388443 0.319401 0.308471 0.424382 0.928522 0.400729 0.721617 0.399999 0.570046 0.380927 0.474391 0.394485 0.427243 0.422742 0.975657 0.334145 0.463145 0.359495 0.718766 0.705854 1.32921 0.357241 0.338189 0.546261 0.403835 0.420851 0.396305 0.538825 0.312214 0.396636 0.395201 0.515594 0.545887 0.278091 0.323304 0.398637 0.870218 0.330727 0.344384 0.726012 0.546501 0.329471 0.405065 0.554073 0.401927 0.400224 0.402097 0.900998 0.402603 0.547277 0.370127 0.403965 0.381359 0.954546 0.541934 0.377082 0.5433 0.449404 0.406721 0.538597 0.633863 0.34688 0.412225 0.408774 0.726805 0.330097 0.329342 0.704701 0.458249 0.363222 0.429808 0.457793 0.541815 0.342477 0.412914 0.438107 0.546398 1.44875 0.43004 0.362033 0.467692 0.905258 0.140738 0.723164 0.371976 0.483676 0.463601 0.349081 0.542815 0.351301 0.319707 0.403552 0.45972 0.45635 0.339675 0.465924 0.455462 0.425442 0.901 0.401977 0.422271 0.405331 0.375499 0.535586 0.404457 0.650452 0.406675 0.969878 0.46744 1.0071 0.406435 0.40045 0.929938 0.457785 0.362677 0.930718 1.51907 0.530155 0.416413 1.52619 0.379074 0.400007 0.640714 0.554534 0.527618 1.02149 0.531598 0.349634 0.44215 0.405265 0.426796 0.586891 1.51907 0.404934 0.379553 0.326316 0.529834 0.389603 0.407382 0.331603 0.335169 0.399882 0.452503 0.275643 0.467179 0.461741 0.468138 0.384155 0.365374 0.431823 0.349101 0.400444 0.565899 1.05038 0.346968 0.432626 0.38466 1.66 0.718511 0.330975 0.389853 0.410829 0.697623 0.408036 0.924305 0.540291 0.398267 0.406431 0.401536 0.428512 1.47868 0.451052 1.47859 0.434928 0.654917 0.564905 0.543493 0.400411 0.649998 0.439985 1.00056 0.40329 0.460407 0.403712 1.51378 1.43726 0.322371 0.917038 0.304436 0.39835 0.40265 0.448613 0.40711 0.506216 1.09756 0.345487 0.360868 0.315473 0.42996 0.412674 1.65452 0.383013 0.422407 0.531145 0.405893 1.46761 0.358446 0.395822 0.399177 0.98623 0.946334 0.459453 0.412782 0.359473 0.377569 0.50711 0.347669 0.37119 0.387138 0.357266 0.525966 0.405769 0.727758 0.959879 0.329172 1.42475 0.400403 0.418978 0.979032 0.413574 0.400374 0.355119 0.38958 0.308847 0.399254 0.392942 0.727222 0.545753 0.467899 0.332723 0.470286 0.327005 0.983159 0.34434 0.372478 0.323624 0.321699 0.814677 0.308265 0.564076 0.373373 0.551553 1.46405 0.363115 0.353627 0.724 0.396861 0.548424 0.406294 0.418817 0.354643 0.3038 0.334722 0.460876 0.405568 0.332511 0.348557 0.91364 0.399273 0.407923 0.504444 0.43543 0.354773 0.571257 0.43121 0.419597 0.548191 0.390588 0.353088 1.06793 0.408687 1.08679 0.331434 1.60653 0.53002 0.405077 0.312897 0.430087 0.537616 0.394024 0.373316 0.317201 0.387059 0.458263 0.399646 0.910628 0.420424 0.341334 0.360752 0.909162 1.0659 0.355665 0.399718 0.412135 0.321477 0.363713 0.338493 0.398088 0.471753 0.40453 0.721097 0.401236 1.09461 0.547398 0.473331 0.359188 0.450082 0.383745 0.560675 0.308878 0.718433 0.427763 0.365424 0.397594 0.542053 0.405666 0.407816 0.527815 1.07282 0.370014 0.409929 0.593977 1.01151 0.528009 0.401046 0.343775 0.296894 0.374005 0.397257 0.549788 0.371659 0.313126 0.958502 1.05 0.417876 0.465845 0.531779 0.374345 0.459434 0.344151 0.353049 0.363473 0.358883 0.903198 1.01871 0.96546 0.361686 0.389178 0.397583 1.48952 0.397063 0.368206 0.38072 0.518475 0.578278 0.90029 0.544561 0.52738 0.548594 0.139998 0.322092 0.48501 0.547739 0.34812 0.413503 0.397097 0.536777 0.989301 0.393879 0.535896 0.364288 0.671984 0.456742 0.351809 0.883948 0.344926 0.529017 0.404195 0.393331 0.398603 0.417802 0.302999 0.406342 0.466085 0.968496 0.557028 0.420125 0.413034 0.407797 0.324146 0.3757 0.3451 0.685353 0.618087 0.365432 0.401852 0.673077 0.376978 0.425664 0.62056 0.370575 0.573298 0.723297 0.321455 0.543288 0.28439 0.970684 0.649083 0.528313 0.568242 0.404643 0.641164 0.33111 0.40236 0.399078 0.618066 0.816178 0.465792 0.467978 0.373112 0.460011 0.313062 0.344925 0.550595 0.378543 0.414667 1.66 0.722627 0.322275 0.540865 0.394821 1.10115 0.545447 0.36793 1.42179 0.351048 0.441173 0.529847 0.403397 0.539314 0.443088 0.353892 0.334677 0.961927 0.370164 0.364897 0.699829 0.424148 0.431069 0.325255 0.436515 0.460463 0.477979 0.359629 0.404442 0.406347 0.344413 0.317287 1.06599 0.716375 0.360188 0.362259 0.366816 0.530249 1.04997 0.399225 0.668075 0.46083 0.406335 0.344802 0.43066 0.403304 0.555795 0.301087 0.371837 0.539355 0.370739 0.33684 1.29407 0.529252 0.439328 0.366569 0.420095 0.403737 0.561532 0.462566 0.536274 0.717663 0.72035 0.340948 0.561464 0.425474 0.400962 0.632309 0.318562 0.550646 0.398868 0.375567 0.506219 1.06508 0.384589 0.524624 0.402082 0.32979 0.411737 0.382897 0.710788 0.403911 0.444342 0.542759 0.724301 0.454394 0.417799 0.467895 0.548366 0.547846 0.326972 0.464913 0.363355 0.463124 0.314051 0.397451 0.434681 0.557509 0.383688 1.00565 0.555186 0.539458 0.623537 0.403193 0.50267 0.54462 0.404947 0.403712 0.457239 0.402643 0.336475 1.44781 0.470511 0.456021 1.39848 0.42216 0.405673 0.326081 0.406185 0.397177 0.405541 0.392309 0.325149 0.714514 0.446339 1.00572 0.399674 0.463884 1.36463 0.521319
Testing:
Lab Growth Rates:
0.55 0.55 0.55
Dot Production Prediction of Lab Growth Rates:
0.419431 0.426363 0.423194
Best performance so far: 
Obj: 4.66511e-310Rho: 2.26291e-314Diff: 4.66511e-310
Anneal again with the best G and E so far as input
Cycle 2Round 1
Iter 500000 pBad 0.857518 T 0.00215328 Obj 1.08212 Rho 0 GRdif 46.2509 success 112001 failure 8208 obj_new 1.08212 SA_pAcc 1.11284 Delta 0.0599883 SA_r 0.0876063 freedomratio 0.263726
Iter 1000000 pBad 0.782343 T 0.000593484 Obj 1.05127 Rho 0 GRdif 29.2972 success 221430 failure 22982 obj_new 1.05127 SA_pAcc 1 Delta 0.0556137 SA_r 0.194505 freedomratio 0.26576
Iter 1500000 pBad 0.692321 T 0.000163575 Obj 1.0317 Rho 0 GRdif 18.2876 success 327401 failure 46669 obj_new 1.0317 SA_pAcc 1 Delta -0.0570821 SA_r 0.190808 freedomratio 0.261141
Iter 2000000 pBad 0.555455 T 4.50845e-05 Obj 1.02379 Rho 0 GRdif 13.7781 success 430376 failure 77286 obj_new 1.02379 SA_pAcc 1 Delta -0.0213265 SA_r 0.583243 freedomratio 0.257923
Iter 2500000 pBad 0.498815 T 1.24261e-05 Obj 1.01929 Rho 0 GRdif 11.1951 success 529567 failure 116559 obj_new 1.01929 SA_pAcc 1.90579 Delta 0.0258051 SA_r 0.832816 freedomratio 0.258948
Iter 3000000 pBad 0.35955 T 3.42488e-06 Obj 1.01565 Rho 0 GRdif 9.09981 success 625007 failure 162492 obj_new 1.01565 SA_pAcc 0.703962 Delta 0.0155159 SA_r 0.635918 freedomratio 0.250107
Iter 3500000 pBad 0.220685 T 9.43961e-07 Obj 1.0109 Rho 0 GRdif 6.35274 success 705497 failure 245566 obj_new 1.0109 SA_pAcc 0.677347 Delta 0.00780296 SA_r 0.822573 freedomratio 0.238308
Iter 4000000 pBad 0.142401 T 2.60174e-07 Obj 1.00943 Rho 0 GRdif 5.50104 success 776806 failure 351019 obj_new 1.00943 SA_pAcc 1 Delta 0.0112176 SA_r 0.848146 freedomratio 0.227661
Iter 4500000 pBad 0.0634834 T 7.17087e-08 Obj 1.00879 Rho 0 GRdif 5.12639 success 824071 failure 520551 obj_new 1.00879 SA_pAcc 1 Delta 0.00370153 SA_r 0.201656 freedomratio 0.203543
Iter 5000000 pBad 0.0210769 T 1.97643e-08 Obj 1.00842 Rho 0 GRdif 4.9145 success 855563 failure 747813 obj_new 1.00842 SA_pAcc 1 Delta 0.000315696 SA_r 0.201253 freedomratio 0.181256
Iter 5500000 pBad 0.0149277 T 5.44741e-09 Obj 1.0083 Rho 0 GRdif 4.84645 success 871725 failure 1032153 obj_new 1.0083 SA_pAcc 1 Delta -0.000170398 SA_r 0.228549 freedomratio 0.1661
Iter 6000000 pBad 0.00464127 T 1.50141e-09 Obj 1.00824 Rho 0 GRdif 4.80681 success 882877 failure 1344253 obj_new 1.00824 SA_pAcc 5.73686e-212 Delta -1.38592e-05 SA_r 0.669667 freedomratio 0.159586
Iter 6500000 pBad 0.00807957 T 4.13817e-10 Obj 1.0082 Rho 0 GRdif 4.7875 success 891528 failure 1678005 obj_new 1.0082 SA_pAcc 1 Delta 0.00075636 SA_r 0.322927 freedomratio 0.150798
Iter 7000000 pBad 0.00283377 T 1.14056e-10 Obj 1.00819 Rho 0 GRdif 4.84633 success 898755 failure 2033625 obj_new 1.0083 SA_pAcc 0 Delta -0.000136182 SA_r 0.547526 freedomratio 0.144656
Iter 7500000 pBad 0.000606769 T 3.14359e-11 Obj 1.00818 Rho 0 GRdif 4.77312 success 903821 failure 2407610 obj_new 1.00818 SA_pAcc 0 Delta -5.19348e-05 SA_r 0.214181 freedomratio 0.141443
Iter 8000000 pBad 0.00114454 T 8.66433e-12 Obj 1.00817 Rho 0 GRdif 4.76962 success 910319 failure 2788307 obj_new 1.00817 SA_pAcc 1.9417e-106 Delta -6.24363e-05 SA_r 0.132673 freedomratio 0.136279
Iter 8500000 pBad 0.000925436 T 2.38805e-12 Obj 1.00817 Rho 0 GRdif 4.77206 success 915754 failure 3184623 obj_new 1.00818 SA_pAcc 0 Delta 1.6878e-05 SA_r 0.632083 freedomratio 0.133424
Iter 9000000 pBad 5.55437e-05 T 6.58193e-13 Obj 1.00817 Rho 0 GRdif 4.76725 success 922367 failure 3583499 obj_new 1.00817 SA_pAcc 0 Delta -6.95211e-07 SA_r 0.712382 freedomratio 0.131538
Iter 9500000 pBad 3.64066e-10 T 1.8141e-13 Obj 1.00817 Rho 0 GRdif 4.76685 success 927283 failure 3976601 obj_new 1.00817 SA_pAcc 1 Delta -1.97182e-11 SA_r 0.159714 freedomratio 0.129818
Good enough
iter 9.64876e+06 obj1.00817 rho 0 GRdif 4.76683
Training:
Lab Growth Rates:
0.53 0.4 0.1 0.4 0.23 0.47 0.686 0.56 0.724 0.43 0.4 1.42 0.55 0.25 0.47 0.56 0.48 0.4 0.59 0.27 0.41 0.59 0.32 0.54 1.345 0.377 0.71 0.4 0.68 0.42 0.26 0.1 0.37 0.37 1.345 0.48 0.46 0.5 0.635 0.7 1.38 0.42 0.54 0.55 0.4 0.51 0.5 0.56 0.32 0.301 0.485 0.3 0.5 0.3 0.5 0.4 0.1 0.11 0.53 0.686 0.55 0.19 0.47 0.5 0.4 0.4 0.4 0.901 0.485 0.56 0.42 0.2 0.45 1.345 0.25 0.52 0.59 0.58 0.4 0.46 0.65 0.5 0.37 0.4 0.71 0.36 0.5 0.7 0.43 0.4 0.37 0.22 0.54 0.46 0.43 0.09 0.56 1.67 0.54 0.52 0.58 0.901 0.14 0.724 0.49 0.47 0.58 0.43 0.56 0.47 0.34 0.4 0.1 0.22 0.39 0.58 0.22 0.43 0.901 0.4 0.47 0.36 0.52 0.56 0.37 0.65 0.4 1.483 0.5 0.1 0.4 0.53 1.483 0.58 0.59 1.483 0.45 0.23 0.37 0.45 0.41 0.4 0.5 0.55 0.6 1.46 0.54 0.5 0.37 0.476 0.55 0.5 1.49 0.4 0.33 0.5 0.53 0.37 0.4 0.33 0.45 0.481 0.46 0.3 0.46 0.58 0.43 0.42 0.58 0.47 0.47 0.4 0.68 1.05 0.36 0.23 0.54 1.66 0.648 0.45 0.54 0.27 0.7 0.4 1.345 0.54 0.4 0.4 0.4 0.4 0.45 0.54 0.45 0.54 0.65 0.42 0.56 0.4 0.65 0.2 1.345 0.4 0.22 0.4 1.44 0.45 0.48 1.483 0.48 0.377 0.4 0.46 0.4 0.33 0.762 0.17 0.5 0.42 0.54 0.3 1.05 0.09 0.45 0.53 0.4 0.45 0.36 0.485 0.4 1.345 1.483 0.58 0.47 0.47 0.11 0.3 0.54 0.42 0.47 0.41 0.23 0.4 0.636 1.483 0.58 1.43 0.27 0.54 1.345 0.617 0.47 0.52 0.25 0.39 0.4 0.45 0.686 0.53 0.56 0.09 0.33 0.39 1.345 0.58 0.54 0.38 0.46 0.1 0.48 0.42 0.52 0.3 0.45 0.26 0.58 0.724 0.4 0.59 0.4 0.52 0.45 0.46 0.48 0.46 0.4 0.54 0.52 1.483 0.41 0.4 0.3 0.2 0.38 0.68 0.23 0.45 0.6 0.25 0.5 1.248 0.4 0.762 0.59 1.46 0.53 0.4 0.34 0.46 0.23 0.41 0.5 0.59 0.38 0.58 0.4 1.345 0.17 0.39 0.58 1.483 1.248 0.36 0.481 0.37 0.33 0.52 0.59 0.46 0.1 0.47 0.635 0.4 0.762 0.53 0.47 0.43 0.54 0.42 0.31 0.42 0.648 0.37 0.33 0.4 0.54 0.476 0.55 0.5 1.248 0.42 0.47 0.27 1.46 0.53 0.481 0.42 0.53 0.33 0.4 0.59 0.45 0.54 1.483 1.05 0.37 0.5 0.56 0.36 0.5 0.48 0.42 0.4 0.47 0.901 0.901 1.483 0.47 0.51 0.52 0.25 0.4 0.43 0.38 0.3 0.42 0.901 0.56 0.56 0.37 0.14 0.39 0.47 0.59 0.32 0.36 0.54 0.5 1.345 0.53 0.5 0.41 0.65 0.56 0.49 1.345 0.38 0.25 0.4 0.37 0.301 0.37 0.58 0.4 0.5 1.483 0.31 0.47 0.47 0.4 0.48 0.43 0.22 0.1 0.5 0.45 0.4 0.65 0.25 0.55 0.5 0.46 0.68 0.71 0.58 0.55 0.3 1.483 0.65 0.53 0.68 0.54 0.65 0.33 0.4 0.41 0.5 0.1 0.58 0.58 0.45 0.46 0.41 0.54 0.54 0.52 0.59 1.66 0.648 0.36 0.5 0.301 0.762 0.5 0.3 1.67 0.59 0.46 0.46 0.4 0.23 0.43 0.47 0.19 1.345 0.47 0.11 0.7 0.22 0.53 0.48 0.33 0.22 0.3 0.47 0.465 0.476 0.53 0.39 1.248 0.637 0.46 0.54 0.42 0.23 1.05 0.4 0.25 0.56 0.4 0.19 0.47 0.4 0.26 0.46 0.58 0.23 0.45 0.37 1.35 0.5 0.3 0.42 0.37 0.51 0.31 0.58 0.6 0.637 0.635 0.17 0.5 0.54 0.59 0.65 0.59 0.56 0.377 0.27 0.53 1.248 0.49 0.6 0.4 0.5 0.52 0.58 0.636 0.465 0.3 0.59 0.636 0.46 0.42 0.58 0.59 0.56 0.42 0.46 0.41 0.56 0.5 0.4 0.43 0.55 0.22 1.05 0.3 0.54 0.5 0.485 0.46 0.54 0.54 0.465 0.56 0.45 0.36 1.4 0.5 0.46 1.43 0.43 0.4 0.34 0.4 0.4 0.4 0.52 0.27 0.637 0.54 1.46 0.4 0.5 1.03 0.5
Dot Production Prediction of Lab Growth Rates:
0.33857 0.331767 1.3526 0.340794 0.4319 0.388371 0.695337 0.477406 0.697285 0.367093 0.341832 1.47299 0.551154 0.30471 0.358986 0.532695 0.336659 0.34162 0.547606 0.362987 0.396695 0.313613 0.302127 0.452053 1.34894 0.487316 0.692081 0.332348 0.329421 0.318572 0.481523 0.36286 0.427803 0.427744 1.35074 0.306526 0.472067 0.372805 0.691242 0.877218 1.28347 0.29927 0.323879 0.548359 0.338345 0.43154 0.425339 0.529368 0.322179 0.490689 0.48154 0.649759 0.545614 0.242524 0.312166 0.366553 1.45147 0.335961 0.32984 0.700161 0.548863 0.295699 0.404748 0.709929 0.369695 0.36367 0.367521 0.901482 0.492121 0.551544 0.338672 0.372101 0.337383 1.36702 0.5548 0.371614 0.552041 0.460776 0.337607 0.573462 0.641388 0.362376 0.420306 0.342634 0.696799 0.331439 0.326621 0.866026 0.426264 0.317952 0.429242 0.476199 0.539782 0.337687 0.41078 0.468101 0.538279 1.41193 0.384832 0.357919 0.475896 0.90152 0.145881 0.69831 0.389808 0.493583 0.477487 0.345762 0.531229 0.296752 0.325452 0.337982 0.453946 0.468283 0.342051 0.48143 0.473499 0.392878 0.910129 0.369954 0.379564 0.415531 0.372305 0.541004 0.407035 0.649946 0.340617 1.33104 0.477728 1.5709 0.340936 0.40721 1.33861 0.47441 0.325259 1.35883 1.4722 0.543718 0.422501 1.46881 0.401111 0.367082 0.84981 0.5575 0.650389 1.05846 0.536492 0.333604 0.447573 0.490715 0.467416 0.795866 1.4722 0.340028 0.328573 0.325491 0.529449 0.381943 0.341002 0.308935 0.353846 0.486567 0.463177 0.244018 0.446433 0.475001 0.465098 0.38892 0.383274 0.418294 0.366008 0.333926 0.326393 1.05965 0.373518 0.431562 0.383287 1.49159 0.685693 0.351653 0.38688 0.38819 0.869871 0.341215 1.31579 0.546486 0.360983 0.339961 0.334262 0.394704 1.35219 0.46238 1.42055 0.386753 0.657295 0.639876 0.537646 0.368186 0.649979 0.403968 1.3838 0.336747 0.470322 0.338256 1.4418 1.40892 0.290738 1.30124 0.301795 0.4878 0.335354 0.416254 0.339844 0.553762 0.88592 0.30541 0.364931 0.300963 0.45965 0.372601 1.37611 0.383566 0.388984 0.536335 0.341264 1.3772 0.334281 0.480994 0.32892 1.35663 1.33642 0.476064 0.410365 0.334906 0.392645 0.614672 0.379653 0.337682 0.37175 0.351288 0.541115 0.338929 0.700699 1.32961 0.322411 1.21854 0.362595 0.36497 1.34501 0.533975 0.391519 0.347067 0.35237 0.29865 0.365333 0.40546 0.700489 0.549042 0.473871 0.342839 0.499517 0.315258 1.35736 0.380031 0.345643 0.303425 0.328413 1.27574 0.304769 0.639045 0.36129 0.694967 1.38667 0.385587 0.353591 0.696506 0.36289 0.549935 0.339787 0.405507 0.317917 0.292886 0.35983 0.477192 0.339937 0.29262 0.323675 1.30095 0.489446 0.340838 0.616964 0.396641 0.294027 0.3299 0.430766 0.416661 0.699794 0.35627 0.3326 0.914925 0.342045 0.882051 0.332277 1.43152 0.536028 0.338265 0.314103 0.435722 0.539059 0.487371 0.391399 0.327487 0.381142 0.474881 0.365393 1.31855 0.437276 0.332044 0.365601 1.3196 0.918913 0.359352 0.485972 0.430875 0.306745 0.347711 0.282087 0.393068 0.462328 0.396084 0.689958 0.333785 0.891467 0.581799 0.48877 0.349807 0.467297 0.364365 0.634842 0.300014 0.692505 0.429479 0.352854 0.33213 0.545607 0.493166 0.449165 0.535754 0.92326 0.331433 0.368127 0.629823 1.06488 0.531229 0.489599 0.306364 0.291103 0.36423 0.330928 0.545418 0.354793 0.28251 1.32063 1.04917 0.424857 0.469058 0.539807 0.386322 0.470098 0.347749 0.324837 0.305549 0.366694 0.901 0.878116 1.33815 0.36678 0.394619 0.396857 1.4342 0.361622 0.371443 0.38 0.635759 0.661588 0.900885 0.539838 0.534635 0.584684 0.145658 0.308515 0.508043 0.548935 0.338427 0.423587 0.393617 0.54115 1.35388 0.420138 0.714791 0.380148 0.671647 0.478021 0.380917 1.30671 0.28969 0.530997 0.335537 0.40124 0.486309 0.423494 0.289561 0.341174 0.479999 1.34977 0.614837 0.380143 0.401537 0.341204 0.339229 0.350167 0.35227 0.977671 0.860111 0.351348 0.33558 0.677079 0.357835 0.465533 0.833603 0.365905 0.330593 0.693642 0.357827 0.550377 0.24595 1.35809 0.651189 0.525787 0.328829 0.365753 0.647261 0.315282 0.367254 0.48885 0.825606 1.29066 0.482759 0.468151 0.393813 0.477071 0.305987 0.383994 0.552185 0.377161 0.383104 1.45411 0.69134 0.340926 0.545779 0.491069 0.887553 0.758637 0.324279 1.3519 0.313897 0.460914 0.56056 0.336059 0.54321 0.437298 0.350283 0.295976 1.33905 0.357985 0.376324 0.864749 0.439547 0.436036 0.280948 0.457377 0.468417 0.583535 0.337767 0.494046 0.494641 0.363832 0.311242 0.923795 0.692032 0.359493 0.34584 0.3491 0.541304 1.05625 0.330715 0.97925 0.473496 0.340029 0.301014 0.417141 0.336531 0.624335 0.289277 0.393144 0.546233 0.371175 0.283287 1.17263 0.536411 0.403222 0.342332 0.425288 0.411207 0.630819 0.480309 0.669904 0.691152 0.69455 0.299495 0.768534 0.450553 0.357037 0.625725 0.296703 0.551505 0.487827 0.337691 0.505555 0.921677 0.404685 0.665303 0.367455 0.334389 0.368379 0.396699 0.698694 0.494558 0.499122 0.54883 0.69651 0.46783 0.38165 0.474481 0.544733 0.546365 0.323486 0.441328 0.359567 0.47537 0.320604 0.326785 0.389547 0.558274 0.401258 1.05 0.686372 0.53785 0.83108 0.49365 0.538181 0.539882 0.398298 0.491879 0.475561 0.368585 0.359613 1.4 0.478604 0.465174 1.20368 0.393905 0.337582 0.334093 0.338713 0.32705 0.338343 0.406684 0.278312 0.688211 0.461837 1.07056 0.366439 0.483042 1.25986 0.731461
Testing:
Lab Growth Rates:
0.55 0.55 0.55
Dot Production Prediction of Lab Growth Rates:
0.465192 0.465033 0.463982
Best performance so far: 
Obj: 4.66511e-310Rho: 6.5069e-314Diff: 4.66511e-310
Test:
 Lab Growth Rates:
0.55 0.55 0.55Dot Product Prediction of Growth Rate:
0.4651921 0.4650331 0.4639818