seed =  5 traits =  1 
Training: part  40 
Training: part  40 
Round  1 
 Goal of obj  0.99 
Temperature range:  0.0078125 1.5625e-12 
Cycle 1Round 1
Iter 500000 pBad 0.898398 T 0.00255766 Obj 1.09702 Rho 0 GRdif 54.2637 success 147461 failure 7105 obj_new 1.09702 SA_pAcc 0.938093 Delta -0.0246075 SA_r 0.0769207 freedomratio 0.364428
Iter 1000000 pBad 0.839413 T 0.000837325 Obj 1.07893 Rho 0 GRdif 44.5182 success 292386 failure 18884 obj_new 1.07893 SA_pAcc 1 Delta -0.0352693 SA_r 0.507125 freedomratio 0.367168
Iter 1500000 pBad 0.760451 T 0.000274123 Obj 1.03975 Rho 0 GRdif 22.8434 success 435164 failure 37866 obj_new 1.03975 SA_pAcc 1.02779 Delta -0.0147692 SA_r 0.197253 freedomratio 0.36925
Iter 2000000 pBad 0.673395 T 8.97423e-05 Obj 1.02846 Rho 0 GRdif 16.4447 success 576448 failure 60740 obj_new 1.02846 SA_pAcc 1.05541 Delta -0.0497102 SA_r 0.944069 freedomratio 0.368322
Iter 2500000 pBad 0.638784 T 2.93798e-05 Obj 1.02173 Rho 0 GRdif 12.5964 success 712495 failure 91895 obj_new 1.02173 SA_pAcc 1 Delta -0.000118215 SA_r 0.913262 freedomratio 0.364201
Iter 3000000 pBad 0.556909 T 9.61834e-06 Obj 1.01649 Rho 0 GRdif 9.58586 success 843222 failure 134400 obj_new 1.01649 SA_pAcc 1 Delta 0.0172904 SA_r 0.763069 freedomratio 0.363524
Iter 3500000 pBad 0.397633 T 3.14885e-06 Obj 1.01183 Rho 0 GRdif 6.88971 success 967348 failure 190551 obj_new 1.01183 SA_pAcc 1.47992 Delta 0.0211732 SA_r 0.915585 freedomratio 0.353865
Iter 4000000 pBad 0.234677 T 1.03087e-06 Obj 1.00963 Rho 0 GRdif 5.61899 success 1072694 failure 282943 obj_new 1.00963 SA_pAcc 0.705085 Delta -0.0176109 SA_r 0.840723 freedomratio 0.335432
Iter 4500000 pBad 0.128052 T 3.37485e-07 Obj 1.00884 Rho 0 GRdif 5.15855 success 1158636 failure 416405 obj_new 1.00884 SA_pAcc 0.618099 Delta 0.00465988 SA_r 0.422379 freedomratio 0.299438
Iter 5000000 pBad 0.074362 T 1.10486e-07 Obj 1.00859 Rho 0 GRdif 5.01093 success 1212071 failure 624055 obj_new 1.00859 SA_pAcc 0.130644 Delta 0.00281176 SA_r 0.48711 freedomratio 0.272052
Iter 5500000 pBad 0.0374888 T 3.61707e-08 Obj 1.00847 Rho 0 GRdif 4.94229 success 1245856 failure 886287 obj_new 1.00847 SA_pAcc 1 Delta 0.000602153 SA_r 0.150465 freedomratio 0.237825
Iter 6000000 pBad 0.0130383 T 1.18416e-08 Obj 1.00842 Rho 0 GRdif 4.91537 success 1266017 failure 1192326 obj_new 1.00842 SA_pAcc 1 Delta -0.000392006 SA_r 0.339867 freedomratio 0.21997
Iter 6500000 pBad 0.00789541 T 3.87668e-09 Obj 1.00841 Rho 0 GRdif 4.911 success 1278462 failure 1526191 obj_new 1.00842 SA_pAcc 0 Delta -0.000657479 SA_r 0.683568 freedomratio 0.210337
Iter 7000000 pBad 0.00682204 T 1.26915e-09 Obj 1.00839 Rho 0 GRdif 4.89994 success 1286584 failure 1876995 obj_new 1.0084 SA_pAcc 0 Delta -0.000487561 SA_r 0.10293 freedomratio 0.204752
Iter 7500000 pBad 0.00327747 T 4.15493e-10 Obj 1.00839 Rho 0 GRdif 4.89413 success 1291454 failure 2240662 obj_new 1.00839 SA_pAcc 1.017e-14 Delta 0.000206767 SA_r 0.464376 freedomratio 0.199049
Iter 8000000 pBad 0.00130634 T 1.36024e-10 Obj 1.00838 Rho 0 GRdif 4.89255 success 1294725 failure 2612262 obj_new 1.00838 SA_pAcc 1 Delta 8.35974e-05 SA_r 0.984243 freedomratio 0.196447
Iter 8500000 pBad 0.00265379 T 4.45314e-11 Obj 1.00838 Rho 0 GRdif 4.89164 success 1297298 failure 2987559 obj_new 1.00838 SA_pAcc 6.83375e-146 Delta -0.000157023 SA_r 0.616789 freedomratio 0.195203
Iter 9000000 pBad 0.00135891 T 1.45787e-11 Obj 1.00838 Rho 0 GRdif 4.89045 success 1300258 failure 3369355 obj_new 1.00838 SA_pAcc 1 Delta 6.97875e-05 SA_r 0.946667 freedomratio 0.189032
Iter 9500000 pBad 0.000108495 T 4.77276e-12 Obj 1.00838 Rho 0 GRdif 4.90369 success 1302715 failure 3757237 obj_new 1.0084 SA_pAcc 0 Delta -5.84045e-06 SA_r 0.153613 freedomratio 0.18515
Iter 10000000 pBad 1.32076e-18 T 1.5625e-12 Obj 1.00838 Rho 0 GRdif 4.89054 success 1305799 failure 4137544 obj_new 1.00838 SA_pAcc 0 Delta -1.27356e-19 SA_r 0.157715 freedomratio 0.175292
Cannot move further
iter 9.9813e+06 obj1.00838 rho 0 GRdif 4.88972
Training:
Lab Growth Rates:
0.4 0.42 0.45 0.59 0.377 0.43 0.42 1.05 0.38 0.4 0.53 0.38 0.59 0.56 0.46 0.45 0.23 0.27 0.56 1.345 0.4 0.47 0.4 1.483 0.37 0.32 0.49 0.1 0.25 0.68 0.5 0.47 0.11 0.56 0.1 0.58 0.41 0.47 0.31 0.47 0.51 0.43 0.637 0.762 0.54 0.37 0.4 0.46 0.1 0.26 0.4 0.42 0.53 0.53 0.45 0.56 0.4 0.45 1.248 0.53 0.43 0.55 0.46 0.54 0.3 1.67 0.48 0.19 0.3 0.724 0.48 0.59 0.3 0.34 0.48 0.54 0.48 0.26 0.5 0.636 0.3 0.33 0.686 0.46 0.52 0.45 0.53 0.59 0.36 1.248 0.58 0.45 0.39 0.32 0.09 0.22 0.37 0.54 0.901 0.4 0.45 0.37 0.36 0.5 0.648 0.5 0.5 0.45 0.5 0.4 1.66 0.46 0.37 0.53 1.66 0.33 0.47 1.345 0.65 0.56 0.55 0.59 0.52 0.42 0.68 0.5 0.42 0.54 0.42 0.27 0.09 0.27 0.5 1.248 0.3 1.483 0.4 0.1 0.47 1.248 0.33 0.54 1.483 1.44 0.58 0.58 0.3 0.52 0.52 0.65 0.4 0.5 0.56 0.6 0.39 0.4 0.33 1.483 0.25 0.465 0.59 1.46 0.42 0.48 0.23 1.345 0.49 0.56 0.6 0.481 0.4 0.53 0.56 0.46 0.54 0.46 0.17 0.19 0.5 0.686 0.36 1.483 0.4 0.46 0.39 0.5 0.52 0.5 0.43 0.55 0.46 0.46 0.5 0.481 0.53 0.485 0.5 0.47 0.25 1.35 1.49 0.54 0.5 0.23 0.41 0.2 0.58 0.55 0.6 0.43 0.54 0.43 0.33 0.46 0.4 0.45 0.39 0.617 0.51 1.46 0.37 0.45 0.46 0.31 0.2 0.09 0.46 0.11 0.4 0.52 0.648 0.901 0.465 0.54 0.22 0.5 0.4 0.42 0.33 0.4 0.37 0.23 0.3 0.53 0.54 1.05 0.38 0.65 1.345 1.67 0.45 0.55 0.49 0.42 0.4 0.635 1.03 0.5 0.14 0.5 0.4 0.3 1.42 0.4 0.4 0.17 0.4 0.39 0.54 0.46 0.1 0.54 0.485 0.59 0.54 0.4 0.47 1.483 0.5 0.47 0.4 0.42 0.59 0.54 0.55 1.345 0.53 0.724 0.54 0.65 0.42 1.46 0.47 0.58 0.4 0.41 0.25 0.37 0.59 0.485 0.301 0.48 0.58 0.33 0.36 0.4 0.4 0.25 0.45 0.45 0.45 0.762 0.762 0.54 0.47 0.4 0.4 0.46 0.47 0.37 0.4 0.901 1.483 1.345 0.47 0.45 1.43 0.46 0.724 0.17 0.39 0.637 0.901 0.43 0.5 0.52 0.22 0.4 0.58 0.56 0.41 0.37 0.55 1.05 1.46 0.46 0.22 0.68 0.68 0.34 0.5 0.59 0.47 0.377 0.27 0.4 0.5 0.33 0.4 0.59 0.65 0.4 0.65 0.4 0.7 0.377 0.476 0.58 0.5 0.56 0.58 0.46 0.7 0.42 0.23 0.71 0.23 0.58 0.4 0.47 0.47 0.54 0.301 0.54 0.5 1.05 0.481 0.2 0.27 0.42 0.43 0.41 0.53 0.37 0.5 0.58 0.4 0.301 0.4 0.7 1.345 0.42 0.43 0.46 0.58 0.3 0.465 0.36 0.56 0.56 0.42 0.762 0.52 0.476 0.476 0.25 0.4 0.54 0.4 0.46 0.47 0.38 0.4 0.4 0.53 0.14 0.37 0.59 0.4 0.54 0.56 0.5 0.59 0.55 0.4 0.4 1.345 0.36 0.4 0.4 0.68 0.54 0.65 0.25 0.5 0.65 0.48 0.22 0.48 0.3 1.483 0.23 0.43 0.59 0.52 0.4 0.26 0.54 0.34 0.4 1.38 0.53 0.55 0.25 0.48 0.55 0.3 0.36 0.58 0.4 0.41 0.4 0.23 0.4 0.37 0.47 0.4 0.3 0.5 0.56 0.43 0.54 1.43 0.4 0.52 0.901 0.635 0.65 0.58 0.46 0.648 0.52 0.3 0.55 0.5 0.37 0.5 0.53 0.637 0.36 0.58 0.22 0.686 0.636 0.43 0.4 1.483 0.11 0.47 0.58 0.5 1.248 0.58 0.7 0.47 0.42 0.58 0.37 0.47 0.41 0.59 1.05 1.345 0.59 0.54 0.5 0.4 0.1 0.45 0.485 0.4 0.53 0.36 0.45 0.33 1.345 0.901 0.22 0.41 0.42 0.4 0.47 0.52 0.5 0.4 0.54 0.636 0.3 0.71 0.58 0.19 0.32 0.45 0.4 0.4 0.1 0.27 1.4 1.345 1.483 0.6 0.54 1.483 0.55 0.22 0.56 0.37 0.1 0.71 0.23 0.4 0.42 0.38 0.47 0.635 0.54 0.31 0.45 0.51 1.483 0.1 0.47 1.345 0.41 0.58 0.5
Dot Production Prediction of Lab Growth Rates:
0.397877 0.325672 1.62554 0.362511 0.478622 0.335096 0.527155 1.01577 0.303092 0.396454 0.324145 0.366455 0.533625 0.527285 0.383788 0.380428 0.537029 0.544604 0.465545 1.1878 0.399923 0.335545 0.39705 1.12076 0.391962 0.334007 0.381842 0.450857 0.345629 0.394771 0.47617 0.350699 0.334374 0.514342 0.95003 0.473566 0.346946 0.393547 0.557494 0.344003 0.379244 0.426176 0.700323 1.43726 0.529277 0.408188 0.404394 0.347303 0.445617 0.442913 0.410189 0.503169 0.51898 0.534413 1.56059 0.534847 0.405921 0.411364 1.24374 0.516062 0.36991 0.459495 0.319452 0.459466 0.388311 1.62299 0.297925 0.32193 0.42297 0.708692 0.278373 0.5249 0.297942 0.33378 0.332901 0.366597 0.354751 0.388183 0.462164 0.712867 0.377673 0.316461 0.70514 0.353342 0.375266 0.344415 0.516323 0.517781 0.365718 1.24578 0.456353 0.350157 0.308833 0.320559 0.43572 0.471877 0.394353 0.546885 0.886459 0.405047 0.332623 0.387836 0.3581 0.52506 0.701849 0.642014 0.702536 1.55827 0.653064 0.405316 1.66 0.497663 0.391014 0.310936 1.64339 0.344551 0.382178 1.13382 0.667351 0.461427 0.465142 0.344892 0.354978 0.348057 0.393717 0.422141 0.32706 0.327788 0.355033 0.326717 0.341508 0.357993 0.586928 1.26775 0.419476 1.10613 0.383125 0.964463 0.339375 1.24509 0.330381 0.520824 1.10443 1.56597 0.466004 0.364566 0.309223 0.352558 0.389768 0.649996 0.392211 0.462649 0.464328 0.441138 0.326546 0.404542 0.312943 1.12298 1.61243 0.477705 0.319637 1.0306 0.34019 0.333615 0.41549 1.12383 0.378732 0.509873 0.422279 0.477006 0.400002 0.285717 0.529991 0.451509 0.469219 0.394101 0.315602 0.309859 0.61237 0.705264 0.355978 1.14869 0.399371 0.437339 0.310254 0.513575 0.357599 0.673014 0.356259 0.474275 0.44872 0.460551 0.394523 0.478514 0.477199 0.47765 0.334636 0.37044 0.314574 1.15146 1.62554 0.306215 0.337737 0.527601 0.387811 0.344136 0.437067 0.524558 0.443688 0.375965 0.456251 0.418676 0.465663 0.447067 0.390277 1.53933 0.315057 0.61701 0.405711 1.0315 0.510611 0.350608 0.418124 0.563955 0.361989 0.379279 0.506609 0.374455 0.388798 0.370504 0.701658 0.896253 0.477323 0.355239 0.467243 0.720078 0.401174 0.31555 0.483929 0.401969 0.403835 0.529573 0.354675 0.532845 0.536567 1.57721 0.289104 0.621298 1.1866 1.35347 0.383038 0.474177 0.369392 0.386571 0.313177 0.706075 1.37053 0.341089 0.139988 0.458828 0.403542 0.328653 1.63195 0.402717 0.400475 0.398081 0.404554 0.3259 0.386646 0.501913 1.13231 0.371802 0.477882 0.323266 0.304379 0.398222 0.380521 1.15241 0.591102 0.357406 0.401337 0.290006 0.330716 0.514278 0.522224 1.15996 0.399605 0.710386 0.377078 0.662076 0.333989 1.0335 0.369756 0.296948 0.393484 0.363557 0.474715 0.27807 0.535948 0.478673 0.484675 0.347212 0.3436 0.324441 0.327708 0.400548 0.400705 0.33485 0.323484 1.61933 0.334817 1.41583 1.45164 0.374552 0.434144 0.371666 0.403233 0.342908 0.366036 0.406073 0.38831 0.901 1.14306 1.14632 0.426842 1.56081 1.39391 0.413165 0.708294 0.316438 0.353161 0.70272 0.896163 0.341838 0.352788 0.391622 0.343908 0.394762 0.373198 0.533502 0.481356 0.398985 0.537288 1.05 1.55945 0.439556 0.413836 0.400144 0.389666 0.335149 0.332021 0.527674 0.431204 0.476234 0.301012 0.394191 0.371568 0.354803 0.401754 0.375376 0.641099 0.40103 0.634944 0.402401 0.710742 0.475704 0.48105 0.373699 0.542957 0.530704 0.455328 0.302411 0.705396 0.498508 0.413602 0.705719 0.531398 0.454801 0.40573 0.373429 0.374266 0.539968 0.485848 0.3528 0.515564 1.05432 0.476962 0.35267 0.377194 0.318704 0.337856 0.328341 0.366172 0.406775 0.322131 0.45368 0.391363 0.481327 0.402029 0.699995 1.10041 0.320876 0.366139 0.451949 0.350112 0.405628 0.477776 0.312949 0.459548 0.459361 0.332662 1.42611 0.367079 0.482744 0.476944 0.797629 0.404862 0.346191 0.405355 0.418754 0.340782 0.368561 0.400373 0.400012 0.410272 0.140005 0.393345 0.350656 0.397095 0.463318 0.528741 0.547739 0.525724 0.482141 0.391317 0.392955 1.12511 0.341408 0.385346 0.392919 0.39619 0.453536 0.64448 0.339829 0.674045 0.670467 0.293948 0.466809 0.315688 0.444168 1.09764 0.540316 0.396646 0.339263 0.351984 0.401959 0.517992 0.359962 0.310111 0.396791 1.35397 0.379181 0.529961 0.49506 0.324128 0.539286 0.447699 0.346 0.45399 0.396042 0.482053 0.404094 0.412542 0.403798 0.408503 0.412568 0.399926 0.300264 0.712019 0.456995 0.384437 0.520307 1.37856 0.397266 0.35037 0.901761 0.7042 0.657468 0.467318 0.346732 0.698067 0.365131 0.403399 0.528353 0.473019 0.415844 0.317568 0.43364 0.700918 0.400325 0.380686 0.466363 0.70839 0.712666 0.426065 0.404913 1.11774 0.351387 0.339616 0.316545 0.470535 1.25005 0.333523 0.699594 0.369128 0.324732 0.468235 0.379427 0.342929 0.366763 0.537359 1.05 1.13327 0.332372 0.359567 0.366199 0.391008 1.08166 0.306834 0.481898 0.399555 0.522534 0.411118 1.65836 0.437494 1.12832 1.24764 0.471989 0.48155 0.342872 0.397928 0.327549 0.386927 0.353932 0.404536 0.351923 0.707656 0.35877 0.709874 0.453049 0.313152 0.345404 0.393559 0.323721 0.405831 1.52086 0.365909 1.4057 1.15017 1.10145 0.450073 0.459116 1.1074 0.46904 0.388007 0.523385 0.400403 0.802883 0.702215 0.529679 0.402238 0.343983 0.294109 0.399761 0.703184 0.338265 0.546452 0.338676 0.405181 1.15154 0.35209 0.33868 1.14237 0.388556 0.455027 0.645761
Testing:
Lab Growth Rates:
0.56 0.56 0.56
Dot Production Prediction of Lab Growth Rates:
0.525598 0.524423 0.526337
Best performance so far: 
Obj: 4.65286e-310Rho: 2.26291e-314Diff: 4.65286e-310
Anneal again with the best G and E so far as input
Cycle 2Round 1
Iter 500000 pBad 0.856524 T 0.00255766 Obj 1.07549 Rho 0 GRdif 42.6487 success 116385 failure 8496 obj_new 1.07549 SA_pAcc 1.04923 Delta 0.0217076 SA_r 0.463784 freedomratio 0.280651
Iter 1000000 pBad 0.810901 T 0.000837325 Obj 1.04124 Rho 0 GRdif 23.6803 success 230302 failure 21892 obj_new 1.04124 SA_pAcc 1.0519 Delta -0.051171 SA_r 0.976615 freedomratio 0.277857
Iter 1500000 pBad 0.737473 T 0.000274123 Obj 1.03419 Rho 0 GRdif 19.7031 success 341910 failure 41677 obj_new 1.03419 SA_pAcc 1 Delta 0.0215696 SA_r 0.727133 freedomratio 0.275117
Iter 2000000 pBad 0.642021 T 8.97423e-05 Obj 1.02658 Rho 0 GRdif 15.3714 success 450742 failure 68560 obj_new 1.02658 SA_pAcc 1 Delta 0.00512727 SA_r 0.0221555 freedomratio 0.279981
Iter 2500000 pBad 0.546977 T 2.93798e-05 Obj 1.021 Rho 0 GRdif 12.1786 success 556443 failure 102544 obj_new 1.021 SA_pAcc 0.946746 Delta 0.0103534 SA_r 0.251329 freedomratio 0.268807
Iter 3000000 pBad 0.491729 T 9.61834e-06 Obj 1.01639 Rho 0 GRdif 9.52764 success 658579 failure 142628 obj_new 1.01639 SA_pAcc 1.34296 Delta -0.0114677 SA_r 0.520081 freedomratio 0.272178
Iter 3500000 pBad 0.376459 T 3.14885e-06 Obj 1.01406 Rho 0 GRdif 8.18384 success 754740 failure 193922 obj_new 1.01406 SA_pAcc 0.397208 Delta -0.0249561 SA_r 0.396092 freedomratio 0.26444
Iter 4000000 pBad 0.222133 T 1.03087e-06 Obj 1.01248 Rho 0 GRdif 7.26987 success 836757 failure 275966 obj_new 1.01248 SA_pAcc 0.137133 Delta 0.0104994 SA_r 0.538191 freedomratio 0.257923
Iter 4500000 pBad 0.149079 T 3.37485e-07 Obj 1.01135 Rho 0 GRdif 6.61186 success 900769 failure 401266 obj_new 1.01135 SA_pAcc 0.438252 Delta -0.00579626 SA_r 0.505206 freedomratio 0.243457
Iter 5000000 pBad 0.0723298 T 1.10486e-07 Obj 1.01054 Rho 0 GRdif 6.14171 success 951701 failure 565465 obj_new 1.01054 SA_pAcc 1 Delta 0.00124439 SA_r 0.310054 freedomratio 0.213791
Iter 5500000 pBad 0.055733 T 3.61707e-08 Obj 1.01014 Rho 0 GRdif 5.91305 success 988776 failure 776345 obj_new 1.01014 SA_pAcc 1 Delta -0.00102115 SA_r 0.663715 freedomratio 0.197174
Iter 6000000 pBad 0.0213468 T 1.18416e-08 Obj 1.01002 Rho 0 GRdif 5.84126 success 1010520 failure 1038242 obj_new 1.01002 SA_pAcc 1 Delta -0.00222146 SA_r 0.0912443 freedomratio 0.181144
Iter 6500000 pBad 0.00921919 T 3.87668e-09 Obj 1.00998 Rho 0 GRdif 5.81897 success 1023536 failure 1335847 obj_new 1.00998 SA_pAcc 1 Delta -0.000514299 SA_r 0.390262 freedomratio 0.17281
Iter 7000000 pBad 0.0112829 T 1.26915e-09 Obj 1.00996 Rho 0 GRdif 5.80601 success 1032046 failure 1654192 obj_new 1.00996 SA_pAcc 0.253416 Delta 0.00067295 SA_r 0.164073 freedomratio 0.165724
Iter 7500000 pBad 0.00297543 T 4.15493e-10 Obj 1.00995 Rho 0 GRdif 5.80408 success 1036533 failure 1988231 obj_new 1.00995 SA_pAcc 0 Delta 0.000177499 SA_r 0.650244 freedomratio 0.163459
Iter 8000000 pBad 0.00304 T 1.36024e-10 Obj 1.00994 Rho 0 GRdif 5.79814 success 1040425 failure 2333342 obj_new 1.00994 SA_pAcc 1 Delta -5.79977e-05 SA_r 0.199108 freedomratio 0.156936
Iter 8500000 pBad 0.00136383 T 4.45314e-11 Obj 1.00994 Rho 0 GRdif 5.79677 success 1043197 failure 2693797 obj_new 1.00994 SA_pAcc 3.55834e-113 Delta 0.000135836 SA_r 0.251149 freedomratio 0.150759
Iter 9000000 pBad 0.000272661 T 1.45787e-11 Obj 1.00994 Rho 0 GRdif 5.79579 success 1045732 failure 3065534 obj_new 1.00994 SA_pAcc 2.41833e-40 Delta -1.10741e-05 SA_r 0.537887 freedomratio 0.149452
Iter 9500000 pBad 0.000380269 T 4.77276e-12 Obj 1.00994 Rho 0 GRdif 5.79528 success 1047644 failure 3443254 obj_new 1.00994 SA_pAcc 0 Delta -3.25861e-05 SA_r 0.914448 freedomratio 0.145626
Good enough
iter 1e+07 obj1.00994 rho 0 GRdif 5.79485
Training:
Lab Growth Rates:
0.4 0.42 0.45 0.59 0.377 0.43 0.42 1.05 0.38 0.4 0.53 0.38 0.59 0.56 0.46 0.45 0.23 0.27 0.56 1.345 0.4 0.47 0.4 1.483 0.37 0.32 0.49 0.1 0.25 0.68 0.5 0.47 0.11 0.56 0.1 0.58 0.41 0.47 0.31 0.47 0.51 0.43 0.637 0.762 0.54 0.37 0.4 0.46 0.1 0.26 0.4 0.42 0.53 0.53 0.45 0.56 0.4 0.45 1.248 0.53 0.43 0.55 0.46 0.54 0.3 1.67 0.48 0.19 0.3 0.724 0.48 0.59 0.3 0.34 0.48 0.54 0.48 0.26 0.5 0.636 0.3 0.33 0.686 0.46 0.52 0.45 0.53 0.59 0.36 1.248 0.58 0.45 0.39 0.32 0.09 0.22 0.37 0.54 0.901 0.4 0.45 0.37 0.36 0.5 0.648 0.5 0.5 0.45 0.5 0.4 1.66 0.46 0.37 0.53 1.66 0.33 0.47 1.345 0.65 0.56 0.55 0.59 0.52 0.42 0.68 0.5 0.42 0.54 0.42 0.27 0.09 0.27 0.5 1.248 0.3 1.483 0.4 0.1 0.47 1.248 0.33 0.54 1.483 1.44 0.58 0.58 0.3 0.52 0.52 0.65 0.4 0.5 0.56 0.6 0.39 0.4 0.33 1.483 0.25 0.465 0.59 1.46 0.42 0.48 0.23 1.345 0.49 0.56 0.6 0.481 0.4 0.53 0.56 0.46 0.54 0.46 0.17 0.19 0.5 0.686 0.36 1.483 0.4 0.46 0.39 0.5 0.52 0.5 0.43 0.55 0.46 0.46 0.5 0.481 0.53 0.485 0.5 0.47 0.25 1.35 1.49 0.54 0.5 0.23 0.41 0.2 0.58 0.55 0.6 0.43 0.54 0.43 0.33 0.46 0.4 0.45 0.39 0.617 0.51 1.46 0.37 0.45 0.46 0.31 0.2 0.09 0.46 0.11 0.4 0.52 0.648 0.901 0.465 0.54 0.22 0.5 0.4 0.42 0.33 0.4 0.37 0.23 0.3 0.53 0.54 1.05 0.38 0.65 1.345 1.67 0.45 0.55 0.49 0.42 0.4 0.635 1.03 0.5 0.14 0.5 0.4 0.3 1.42 0.4 0.4 0.17 0.4 0.39 0.54 0.46 0.1 0.54 0.485 0.59 0.54 0.4 0.47 1.483 0.5 0.47 0.4 0.42 0.59 0.54 0.55 1.345 0.53 0.724 0.54 0.65 0.42 1.46 0.47 0.58 0.4 0.41 0.25 0.37 0.59 0.485 0.301 0.48 0.58 0.33 0.36 0.4 0.4 0.25 0.45 0.45 0.45 0.762 0.762 0.54 0.47 0.4 0.4 0.46 0.47 0.37 0.4 0.901 1.483 1.345 0.47 0.45 1.43 0.46 0.724 0.17 0.39 0.637 0.901 0.43 0.5 0.52 0.22 0.4 0.58 0.56 0.41 0.37 0.55 1.05 1.46 0.46 0.22 0.68 0.68 0.34 0.5 0.59 0.47 0.377 0.27 0.4 0.5 0.33 0.4 0.59 0.65 0.4 0.65 0.4 0.7 0.377 0.476 0.58 0.5 0.56 0.58 0.46 0.7 0.42 0.23 0.71 0.23 0.58 0.4 0.47 0.47 0.54 0.301 0.54 0.5 1.05 0.481 0.2 0.27 0.42 0.43 0.41 0.53 0.37 0.5 0.58 0.4 0.301 0.4 0.7 1.345 0.42 0.43 0.46 0.58 0.3 0.465 0.36 0.56 0.56 0.42 0.762 0.52 0.476 0.476 0.25 0.4 0.54 0.4 0.46 0.47 0.38 0.4 0.4 0.53 0.14 0.37 0.59 0.4 0.54 0.56 0.5 0.59 0.55 0.4 0.4 1.345 0.36 0.4 0.4 0.68 0.54 0.65 0.25 0.5 0.65 0.48 0.22 0.48 0.3 1.483 0.23 0.43 0.59 0.52 0.4 0.26 0.54 0.34 0.4 1.38 0.53 0.55 0.25 0.48 0.55 0.3 0.36 0.58 0.4 0.41 0.4 0.23 0.4 0.37 0.47 0.4 0.3 0.5 0.56 0.43 0.54 1.43 0.4 0.52 0.901 0.635 0.65 0.58 0.46 0.648 0.52 0.3 0.55 0.5 0.37 0.5 0.53 0.637 0.36 0.58 0.22 0.686 0.636 0.43 0.4 1.483 0.11 0.47 0.58 0.5 1.248 0.58 0.7 0.47 0.42 0.58 0.37 0.47 0.41 0.59 1.05 1.345 0.59 0.54 0.5 0.4 0.1 0.45 0.485 0.4 0.53 0.36 0.45 0.33 1.345 0.901 0.22 0.41 0.42 0.4 0.47 0.52 0.5 0.4 0.54 0.636 0.3 0.71 0.58 0.19 0.32 0.45 0.4 0.4 0.1 0.27 1.4 1.345 1.483 0.6 0.54 1.483 0.55 0.22 0.56 0.37 0.1 0.71 0.23 0.4 0.42 0.38 0.47 0.635 0.54 0.31 0.45 0.51 1.483 0.1 0.47 1.345 0.41 0.58 0.5
Dot Production Prediction of Lab Growth Rates:
0.398798 0.330231 1.54372 0.379471 0.556484 0.378217 0.4998 1.04994 0.329179 0.400092 0.351768 0.38216 0.542539 0.544745 0.396336 0.385683 0.528245 0.48395 0.467864 0.793807 0.39903 0.361701 0.398706 0.775052 0.409242 0.341985 0.38951 0.416735 0.359099 0.289508 0.465416 0.360661 0.348912 0.535826 0.722525 0.463864 0.36617 0.388435 0.501114 0.349406 0.388924 0.406149 0.717371 1.46258 0.542273 0.404323 0.401685 0.347438 0.411021 0.432353 0.402691 0.492382 0.530516 0.527328 1.51783 0.529778 0.400124 0.407901 1.24078 0.540666 0.404532 0.454905 0.327099 0.456618 0.389322 1.53402 0.322106 0.356011 0.327353 0.723873 0.326996 0.540047 0.331284 0.33807 0.344932 0.373794 0.360653 0.365589 0.463422 0.716771 0.290765 0.330121 0.715197 0.372086 0.359489 0.367033 0.528964 0.538622 0.371694 1.24842 0.46111 0.367287 0.348832 0.333893 0.42017 0.460188 0.388466 0.555873 0.898651 0.401818 0.353493 0.389693 0.368651 0.544571 0.719432 0.489049 0.53139 1.51166 0.511649 0.40039 1.66052 0.450851 0.407672 0.334258 1.60303 0.374675 0.387832 0.787296 0.655524 0.458308 0.46421 0.362704 0.368779 0.358668 0.285751 0.412602 0.350287 0.353147 0.38071 0.355428 0.352511 0.379514 0.484813 1.26141 0.332365 0.768332 0.39679 0.7272 0.356898 1.23908 0.34542 0.540137 0.777923 1.51967 0.462084 0.382795 0.338474 0.359665 0.39528 0.650199 0.400113 0.466616 0.461019 0.335312 0.345055 0.403401 0.330135 0.785258 1.53252 0.553729 0.350983 1.07471 0.356694 0.346496 0.418758 0.780904 0.376676 0.53696 0.332144 0.556396 0.400369 0.314862 0.531283 0.465438 0.463584 0.394187 0.346498 0.333819 0.479254 0.720218 0.363535 0.794941 0.399065 0.429232 0.328154 0.536794 0.381575 0.520557 0.374627 0.45394 0.464107 0.467699 0.393945 0.556618 0.457009 0.556294 0.352387 0.384255 0.337221 0.770797 1.54372 0.347857 0.341115 0.533195 0.393437 0.358929 0.465857 0.537927 0.343728 0.382113 0.463259 0.42144 0.439608 0.460184 0.400055 1.51964 0.351537 0.605712 0.408537 1.0652 0.46264 0.361685 0.410943 0.507009 0.3934 0.377803 0.457902 0.384109 0.399347 0.363292 0.718544 0.901263 0.551452 0.384441 0.453681 0.546124 0.401278 0.326848 0.458151 0.399832 0.420311 0.535942 0.275549 0.53208 0.536066 1.44193 0.333784 0.626217 0.790131 1.36362 0.383668 0.461918 0.370262 0.392744 0.346599 0.716313 1.30533 0.346034 0.140046 0.460235 0.399348 0.348375 1.55992 0.400995 0.400216 0.406101 0.402136 0.361117 0.390396 0.455893 0.779414 0.370369 0.561222 0.353862 0.326285 0.401154 0.385486 0.746427 0.48435 0.367052 0.398987 0.333055 0.331937 0.534032 0.540584 0.778681 0.409767 0.724461 0.396099 0.662837 0.354925 1.06864 0.379231 0.329391 0.399949 0.380606 0.448312 0.326493 0.535068 0.559618 0.571069 0.361879 0.364388 0.363534 0.346631 0.40253 0.400111 0.360846 0.351212 1.51888 0.357735 1.44964 1.4785 0.374283 0.437285 0.385627 0.400953 0.367749 0.378833 0.429677 0.398244 0.898475 0.774784 0.782361 0.431001 1.52151 0.872482 0.413545 0.718199 0.3428 0.343697 0.720465 0.899735 0.369483 0.367003 0.399997 0.365257 0.400136 0.376104 0.528396 0.56892 0.419453 0.547407 1.05568 1.51466 0.459183 0.418789 0.28896 0.28335 0.329711 0.339968 0.542931 0.421816 0.551614 0.331109 0.40324 0.378643 0.380067 0.401949 0.392334 0.645207 0.399034 0.647578 0.402327 0.429497 0.55745 0.551743 0.377066 0.538385 0.545152 0.463574 0.326161 0.431401 0.48944 0.418794 0.715108 0.528097 0.461831 0.401623 0.380485 0.38208 0.544631 0.576445 0.382091 0.534133 1.06074 0.551554 0.374678 0.377538 0.351071 0.370111 0.339177 0.374866 0.427351 0.33421 0.460322 0.399771 0.56253 0.398606 0.425639 0.77623 0.331396 0.388791 0.460147 0.3608 0.323368 0.549614 0.343797 0.457568 0.46776 0.352183 1.44795 0.377847 0.555356 0.550191 0.587001 0.400616 0.362755 0.399967 0.413588 0.356093 0.371885 0.400389 0.400042 0.402419 0.139621 0.411347 0.349547 0.400424 0.436354 0.524869 0.550761 0.542041 0.459055 0.400853 0.398579 0.769626 0.366638 0.39576 0.399697 0.287666 0.435383 0.63881 0.357845 0.527327 0.66653 0.328007 0.45921 0.330452 0.329108 0.767655 0.536344 0.394098 0.34498 0.346638 0.400578 0.498749 0.384114 0.32291 0.399241 1.36466 0.389383 0.53836 0.477227 0.343997 0.555432 0.34527 0.352346 0.461182 0.399978 0.567646 0.400359 0.419531 0.400097 0.425781 0.404866 0.40004 0.327104 0.522454 0.459769 0.38663 0.541621 0.871169 0.398175 0.370988 0.904645 0.714716 0.653974 0.465479 0.362678 0.716055 0.379397 0.320694 0.544125 0.465914 0.407561 0.346258 0.436899 0.71818 0.404461 0.377713 0.462794 0.720091 0.72214 0.423749 0.401551 0.758489 0.370308 0.365979 0.339578 0.471953 1.24836 0.363472 0.427037 0.38073 0.348994 0.466704 0.381974 0.370558 0.384503 0.542488 1.04978 0.784256 0.350668 0.374699 0.370373 0.401872 0.76811 0.335824 0.558224 0.39715 0.527826 0.415575 1.55269 0.4324 0.763281 1.28092 0.460066 0.573196 0.35791 0.400442 0.347144 0.395768 0.359073 0.401713 0.359822 0.717558 0.374817 0.716883 0.45592 0.342173 0.354893 0.400599 0.343837 0.402627 1.43776 0.379438 1.40626 0.781416 0.763019 0.334542 0.432267 0.779351 0.462801 0.394361 0.546334 0.418309 0.585847 0.711463 0.533555 0.40221 0.357454 0.341443 0.383363 0.71622 0.35903 0.4893 0.351819 0.410167 0.775527 0.370833 0.363911 0.768553 0.402036 0.460523 0.484311
Testing:
Lab Growth Rates:
0.56 0.56 0.56
Dot Production Prediction of Lab Growth Rates:
0.528215 0.530294 0.528214
Best performance so far: 
Obj: 4.65286e-310Rho: 2.122e-314Diff: 4.65286e-310
Test:
 Lab Growth Rates:
0.56 0.56 0.56Dot Product Prediction of Growth Rate:
0.5282152 0.5302936 0.5282142