seed =  5 traits =  1 
Training: part  102 
Training: part  102 
Round  1 
 Goal of obj  0.99 
Temperature range:  0.00390625 1e-13 
Cycle 1Round 1
Iter 500000 pBad 0.858184 T 0.00115391 Obj 1.05636 Rho 0 GRdif 32.2417 success 146500 failure 10232 obj_new 1.05636 SA_pAcc 1 Delta -0.0734911 SA_r 0.577865 freedomratio 0.372152
Iter 1000000 pBad 0.826077 T 0.000340867 Obj 1.0388 Rho 0 GRdif 22.3828 success 290412 failure 26440 obj_new 1.0388 SA_pAcc 1 Delta 0.00913674 SA_r 0.798556 freedomratio 0.365899
Iter 1500000 pBad 0.722671 T 0.000100692 Obj 1.02433 Rho 0 GRdif 14.1335 success 432555 failure 47984 obj_new 1.02433 SA_pAcc 1.01341 Delta -0.00536439 SA_r 0.24108 freedomratio 0.375239
Iter 2000000 pBad 0.600829 T 2.97447e-05 Obj 1.01921 Rho 0 GRdif 11.1886 success 570660 failure 77402 obj_new 1.01921 SA_pAcc 1 Delta 0.0224037 SA_r 0.62272 freedomratio 0.366584
Iter 2500000 pBad 0.483394 T 8.7866e-06 Obj 1.01497 Rho 0 GRdif 8.73727 success 705259 failure 114183 obj_new 1.01497 SA_pAcc 1 Delta 0.0468677 SA_r 0.00102281 freedomratio 0.358974
Iter 3000000 pBad 0.356744 T 2.59557e-06 Obj 1.01118 Rho 0 GRdif 6.53471 success 823702 failure 180172 obj_new 1.01118 SA_pAcc 1 Delta 0.014341 SA_r 0.379491 freedomratio 0.35
Iter 3500000 pBad 0.241564 T 7.66735e-07 Obj 1.00942 Rho 0 GRdif 5.51159 success 928898 failure 273621 obj_new 1.00942 SA_pAcc 1 Delta -0.00873525 SA_r 0.662383 freedomratio 0.333712
Iter 4000000 pBad 0.127685 T 2.26494e-07 Obj 1.0087 Rho 0 GRdif 5.09383 success 1009000 failure 420876 obj_new 1.0087 SA_pAcc 0.122186 Delta -0.00691529 SA_r 0.761546 freedomratio 0.298023
Iter 4500000 pBad 0.0617033 T 6.69066e-08 Obj 1.00841 Rho 0 GRdif 4.92435 success 1057221 failure 643345 obj_new 1.00841 SA_pAcc 1 Delta 0.00391169 SA_r 0.444259 freedomratio 0.265823
Iter 5000000 pBad 0.0260721 T 1.97643e-08 Obj 1.0083 Rho 0 GRdif 4.85959 success 1086262 failure 922581 obj_new 1.0083 SA_pAcc 0.710389 Delta 0.000831854 SA_r 0.102904 freedomratio 0.232136
Iter 5500000 pBad 0.0120481 T 5.83839e-09 Obj 1.00826 Rho 0 GRdif 4.83603 success 1102933 failure 1246085 obj_new 1.00826 SA_pAcc 1.97077e-10 Delta -0.000564293 SA_r 0.427455 freedomratio 0.20985
Iter 6000000 pBad 0.00637349 T 1.72467e-09 Obj 1.00824 Rho 0 GRdif 4.83139 success 1113134 failure 1595724 obj_new 1.00825 SA_pAcc 0 Delta -1.55759e-05 SA_r 0.150111 freedomratio 0.200751
Iter 6500000 pBad 0.00290986 T 5.09468e-10 Obj 1.00823 Rho 0 GRdif 4.81875 success 1119434 failure 1965266 obj_new 1.00823 SA_pAcc 1 Delta -0.000160537 SA_r 0.360841 freedomratio 0.191969
Iter 7000000 pBad 0.00261617 T 1.50497e-10 Obj 1.00823 Rho 0 GRdif 4.82524 success 1122946 failure 2347939 obj_new 1.00824 SA_pAcc 0 Delta 5.91677e-07 SA_r 0.182585 freedomratio 0.1881
Iter 7500000 pBad 0.00228176 T 4.44571e-11 Obj 1.00822 Rho 0 GRdif 4.81525 success 1125571 failure 2737577 obj_new 1.00822 SA_pAcc 1.76164e-10 Delta -0.000193236 SA_r 0.114438 freedomratio 0.185197
Iter 8000000 pBad 0.000312144 T 1.31327e-11 Obj 1.00822 Rho 0 GRdif 4.81444 success 1127536 failure 3133784 obj_new 1.00822 SA_pAcc 0 Delta -2.35565e-06 SA_r 0.697383 freedomratio 0.182213
Iter 8500000 pBad 0.000421575 T 3.8794e-12 Obj 1.00822 Rho 0 GRdif 4.81396 success 1129593 failure 3534451 obj_new 1.00822 SA_pAcc 4.43531e-194 Delta 2.47074e-05 SA_r 0.770521 freedomratio 0.179487
Iter 9000000 pBad 0.000175372 T 1.14598e-12 Obj 1.00822 Rho 0 GRdif 4.8139 success 1131762 failure 3939278 obj_new 1.00822 SA_pAcc 0 Delta -1.25734e-06 SA_r 0.126518 freedomratio 0.176842
Iter 9500000 pBad 7.35533e-05 T 3.38524e-13 Obj 1.00822 Rho 0 GRdif 4.81347 success 1135256 failure 4337363 obj_new 1.00822 SA_pAcc 1.00724 Delta -5.12306e-06 SA_r 0.484286 freedomratio 0.17474
Iter 10000000 pBad 1.30278e-12 T 1e-13 Obj 1.00822 Rho 0 GRdif 4.81335 success 1141747 failure 4705545 obj_new 1.00822 SA_pAcc 0 Delta 1.36769e-14 SA_r 0.612298 freedomratio 0.167378
Cannot move further
iter 9.99942e+06 obj1.00822 rho 0 GRdif 4.81334
Training:
Lab Growth Rates:
0.27 0.6 0.45 0.485 0.55 0.46 0.53 0.09 0.59 0.476 0.58 0.54 1.05 0.4 0.4 0.47 0.27 0.65 0.54 0.47 0.4 0.6 1.49 0.26 0.4 0.3 0.54 1.67 0.49 0.65 0.5 0.41 0.36 0.5 0.17 0.52 0.46 0.52 0.37 1.483 0.54 0.42 0.31 0.56 0.46 0.46 0.724 0.54 1.483 0.58 0.3 0.59 0.4 0.58 0.11 0.45 0.47 0.39 0.34 0.5 0.4 0.4 0.45 0.4 0.5 0.53 0.48 0.48 0.65 0.33 0.4 1.345 0.59 0.5 0.4 0.53 0.53 0.17 0.4 0.3 0.23 0.26 0.4 0.5 0.42 0.33 0.59 0.49 0.724 0.46 0.48 0.23 0.5 0.22 0.52 0.43 0.45 0.53 0.38 0.25 0.47 1.345 1.345 1.345 0.724 1.483 0.58 0.1 0.23 0.27 1.248 0.22 0.39 0.49 0.59 0.53 0.25 0.4 0.56 0.901 0.42 0.54 0.45 0.6 1.483 0.55 0.4 0.11 0.1 0.42 0.46 0.56 0.4 0.4 0.45 0.39 0.3 0.4 1.05 0.37 0.39 0.47 0.54 1.483 1.35 0.41 0.4 0.25 0.14 0.32 0.39 0.52 0.46 0.636 0.52 0.301 0.58 0.43 0.56 0.4 0.46 0.55 0.53 0.476 0.58 0.43 0.48 0.45 0.47 0.43 1.46 0.37 0.47 0.59 0.53 0.465 0.4 0.58 0.4 0.59 0.58 0.26 0.5 0.4 0.4 0.42 0.59 0.37 0.301 0.19 0.4 1.43 0.33 0.54 0.45 0.48 0.5 0.34 1.483 1.345 0.37 0.481 0.48 1.46 0.901 0.5 0.4 0.55 0.3 1.248 0.58 0.4 0.59 0.59 0.5 0.4 0.33 0.635 0.65 0.68 0.58 0.42 0.4 0.41 0.38 0.55 0.377 0.58 0.42 0.762 0.762 0.5 0.3 0.4 0.465 0.55 0.1 0.54 1.66 0.38 0.4 0.45 0.41 0.42 0.43 0.56 0.7 0.617 0.5 0.58 0.4 0.33 0.47 0.47 0.32 0.637 0.47 1.483 0.37 0.37 1.345 0.2 0.54 0.4 0.22 0.52 0.5 0.46 0.41 0.5 0.4 0.42 0.47 0.37 0.762 0.45 0.54 0.25 0.41 0.27 0.58 0.19 0.45 0.59 0.485 0.46 0.52 0.65 0.4 0.43 0.42 0.52 0.46 0.54 0.38 0.52 0.635 0.53 0.47 0.25 0.4 0.4 0.51 0.37 0.4 0.4 0.4 0.58 0.53 0.42 0.31 0.648 0.46 0.47 0.4 0.47 0.54 0.54 0.37 1.483 0.59 0.54 0.46 1.483 0.45 0.5 0.5 0.4 0.46 0.71 0.5 0.23 0.4 0.56 0.25 1.483 0.23 0.54 0.7 0.45 0.47 0.55 0.32 0.5 0.23 0.648 0.46 0.7 0.5 0.51 0.11 0.17 0.47 0.5 0.762 0.5 0.36 1.43 0.47 0.56 1.483 1.67 0.25 1.05 1.345 0.56 0.56 0.4 0.4 0.48 1.345 0.33 0.47 0.37 0.56 0.38 0.45 0.09 0.5 0.485 0.68 0.4 0.31 0.4 1.42 0.54 0.27 0.37 0.5 0.54 0.43 0.14 1.05 0.36 0.3 0.34 0.71 0.47 0.22 0.42 0.53 0.4 0.3 0.377 1.44 0.4 0.55 0.42 0.47 1.483 0.65 0.5 1.345 0.53 1.38 1.05 1.4 0.465 0.22 0.47 0.43 0.65 0.47 0.42 0.33 1.248 0.45 1.248 0.58 0.43 0.59 0.5 0.46 0.5 0.56 0.42 0.37 0.39 0.1 0.2 0.58 0.42 0.5 0.1 0.71 0.52 0.485 0.47 0.481 0.56 0.37 0.3 0.54 0.56 0.46 0.2 0.46 0.53 0.23 0.6 1.66 0.4 0.7 0.43 0.48 0.5 0.58 0.41 0.54 0.45 0.58 0.54 0.686 0.901 0.42 1.46 0.5 0.54 0.1 0.5 0.55 0.37 0.4 0.52 0.22 0.59 0.54 0.4 0.1 0.901 0.901 0.3 0.4 0.65 0.54 0.54 0.3 0.45 0.56 0.686 0.45 0.59 0.68 0.09 0.377 0.45 0.637 0.5 0.3 0.56 1.345 1.345 1.345 0.4 0.5 0.56 0.36 0.54 0.4 0.3 0.56 0.22 0.1 0.648 0.5 0.25 0.59 0.41 0.46 0.637 1.248 0.42 0.4 0.43 0.36 0.481 0.56 0.53 0.51 1.03 0.65 0.68 0.36 0.55 0.41 0.55 0.33 0.636 0.37 0.53 0.301 0.58 0.68 0.36 0.4 0.23 0.54 0.19 1.46 0.4 0.58 0.36 0.58 0.27 0.476 0.4 0.22 0.636 0.33 0.4 0.46 0.4 0.55 0.47 0.635 0.52 0.686 0.4 0.901 0.48 0.23 0.36 0.4 0.4 0.1 0.54 0.43 0.46
Dot Production Prediction of Lab Growth Rates:
0.357095 0.494144 0.342835 0.549158 0.555157 0.404528 0.327156 0.341285 0.54288 0.549103 0.364858 0.430321 1.04058 0.401478 0.404003 0.346874 0.322445 0.636813 0.378414 0.34659 0.400835 0.471503 1.61365 0.530638 0.396068 0.300097 0.441773 1.58267 0.380185 0.65001 0.397913 0.379178 0.330962 0.333845 0.321573 0.388078 0.473672 0.368951 0.50389 0.994434 0.452049 0.350053 0.517255 0.53397 0.485329 0.347592 0.724 0.535305 0.973393 0.466687 0.304499 0.535883 0.399744 0.458531 0.346185 1.50308 0.389078 0.321275 0.336622 0.63716 0.406805 0.402248 1.56552 0.392856 0.372856 0.527227 0.344072 0.321887 0.682096 0.411831 0.404454 0.956301 0.536896 0.480269 0.398044 0.365616 0.404303 0.336055 0.405958 0.497082 0.53878 0.437142 0.403577 0.343218 0.579473 0.346553 0.346262 0.356457 0.723377 0.336693 0.341285 0.422331 0.475202 0.464949 0.335442 0.396304 0.395174 0.301299 0.372246 0.358702 0.434578 1.00481 1.02496 1.02039 0.723786 0.998096 0.313523 1.05802 0.42145 0.378292 0.882787 0.478723 0.315897 0.355204 0.545272 0.455658 0.466966 0.339849 0.541441 0.904475 0.375343 0.532295 0.368993 0.470988 0.942913 0.545174 0.405012 0.364094 1.06978 0.370927 0.451616 0.561449 0.406494 0.398361 0.388369 0.347006 0.299955 0.406197 1.05467 0.416021 0.324368 0.335789 0.37506 0.965502 1.20677 0.324551 0.40394 0.364654 0.139844 0.322587 0.332513 0.363406 0.493061 0.724655 0.393996 0.544986 0.347757 0.349959 0.539934 0.398195 0.413941 0.541019 0.532176 0.54733 0.368144 0.393488 0.331873 0.334258 0.347134 0.361896 1.55166 0.417368 0.346994 0.33525 0.543035 0.554008 0.403968 0.346657 0.403002 0.381817 0.474922 0.377434 0.52421 0.402832 0.401818 0.340104 0.337046 0.397153 0.546481 0.31687 0.397832 1.28308 0.444129 0.538327 1.60353 0.305065 0.586915 0.340524 0.979462 1.01154 0.414581 0.540726 0.352246 1.05307 0.90025 0.327645 0.406042 0.431124 0.39664 0.884136 0.476033 0.396904 0.544997 0.345608 0.626782 0.387621 0.34147 0.711514 0.626772 0.557853 0.370598 0.313971 0.397755 0.546775 0.34295 0.449019 0.538578 0.472766 0.336886 0.843752 0.835742 0.556118 0.489251 0.402379 0.54434 0.553852 0.417026 0.375115 1.66 0.333174 0.401101 0.379742 0.342082 0.319968 0.400574 0.543196 0.700379 0.600123 0.36174 0.47472 0.400017 0.330168 0.379116 0.352861 0.315852 0.718205 0.387095 0.99118 0.408475 0.412868 1.00163 0.375304 0.379859 0.395553 0.462954 0.380134 0.536003 0.345835 0.378893 0.362202 0.401441 0.330749 0.379414 0.418383 0.842167 1.54118 0.455114 0.511469 0.547316 0.535509 0.464761 0.332225 0.343911 0.327635 0.535578 0.468912 0.352315 0.65044 0.404959 0.431307 0.324924 0.368488 0.419118 0.362598 0.375167 0.358638 0.719376 0.539981 0.369388 1.59999 0.404317 0.39453 0.383355 0.38585 0.40188 0.390919 0.402238 0.474901 0.529016 0.346017 0.537738 0.715211 0.459998 0.386008 0.399999 0.468319 0.373328 0.36996 0.407181 0.970181 0.390752 0.361529 0.411642 1.00605 0.350978 0.586153 0.318239 0.396623 0.313601 0.726706 0.342068 0.542073 0.403604 0.470323 0.708981 0.96818 0.53414 0.43125 0.703714 1.61365 0.359129 0.56099 0.337575 0.337107 0.540053 0.715225 0.308333 0.707692 0.348222 0.371096 0.32666 0.405076 0.462738 0.478057 0.847464 0.641676 0.352488 1.28155 0.337606 0.538608 1.01785 1.46607 0.364044 1.04113 0.995172 0.476998 0.539698 0.403114 0.345628 0.310591 1.02307 0.35477 0.385919 0.32929 0.534888 0.323776 1.54736 0.419025 0.588964 0.547851 0.55226 0.395867 0.526334 0.399404 1.63549 0.298145 0.374798 0.392889 0.318866 0.54 0.421261 0.140075 1.0501 0.392101 0.449662 0.318703 0.72003 0.375856 0.379316 0.558457 0.49954 0.402431 0.467029 0.539284 1.58872 0.404243 0.447178 0.345113 0.415283 0.939528 0.635225 0.579516 0.998498 0.3526 1.3582 1.53514 1.49251 0.552471 0.476511 0.386137 0.341736 0.680506 0.379588 0.313369 0.327355 0.886641 0.346093 0.875516 0.464888 0.365194 0.338653 0.480548 0.334107 0.468614 0.47938 0.327485 0.416675 0.330568 1.2555 0.385451 0.366674 0.342945 0.657493 0.424305 0.7175 0.382502 0.537854 0.32794 0.541494 0.539672 0.415462 0.481585 0.354246 0.554523 0.46463 0.395489 0.459653 0.532775 0.540888 0.482551 1.65881 0.398421 0.710177 0.418601 0.310894 0.544604 0.483361 0.548847 0.526435 1.63213 0.463657 0.446259 0.722423 0.901 0.356551 1.04424 0.618979 0.372688 0.374877 0.526183 0.545756 0.406125 0.394238 0.353099 0.408385 0.544387 0.549088 0.393882 1.1996 0.901133 0.905975 0.3855 0.399189 0.656435 0.328662 0.330982 0.462372 0.339064 0.467122 0.725926 0.357299 0.54641 0.555102 0.368367 0.541033 0.336759 0.710994 0.639907 0.371767 0.46888 1.00972 0.958793 0.951521 0.400435 0.468824 0.542 0.39652 0.340857 0.399985 0.337518 0.557082 0.462673 0.727232 0.711655 0.6251 0.320595 0.332545 0.361021 0.391367 0.719545 0.878973 0.544117 0.402164 0.36217 0.364048 0.544492 0.463278 0.320988 0.398809 1.36151 0.643483 0.559788 0.357695 0.445609 0.355413 0.446389 0.465028 0.728013 0.384652 0.39405 0.539298 0.306008 0.558843 0.342421 0.402935 0.538328 0.357946 0.327779 1.0606 0.400625 0.345303 0.328456 0.470292 0.35523 0.552586 0.399781 0.345268 0.736129 0.320068 0.40399 0.37978 0.402053 0.448244 0.355629 0.717281 0.362544 0.726048 0.403401 0.854405 0.352352 0.420442 0.331534 0.391195 0.401409 1.5286 0.536049 0.385703 0.471945
Testing:
Lab Growth Rates:
0.3
Dot Production Prediction of Lab Growth Rates:
0.461127
Best performance so far: 
Obj: 4.64818e-310Rho: 2.26291e-314Diff: 4.64818e-310
Anneal again with the best G and E so far as input
Cycle 2Round 1
Iter 500000 pBad 0.851036 T 0.00115391 Obj 1.04332 Rho 0 GRdif 24.9361 success 122168 failure 8634 obj_new 1.04332 SA_pAcc 1 Delta -0.0573517 SA_r 0.791854 freedomratio 0.297722
Iter 1000000 pBad 0.799647 T 0.000340867 Obj 1.0299 Rho 0 GRdif 17.3258 success 241272 failure 23227 obj_new 1.0299 SA_pAcc 1 Delta 0.0149751 SA_r 0.211684 freedomratio 0.298629
Iter 1500000 pBad 0.729884 T 0.000100692 Obj 1.02544 Rho 0 GRdif 14.7691 success 358225 failure 42894 obj_new 1.02544 SA_pAcc 1 Delta 0.00307769 SA_r 0.659754 freedomratio 0.295181
Iter 2000000 pBad 0.621454 T 2.97447e-05 Obj 1.01893 Rho 0 GRdif 11.0261 success 472368 failure 68423 obj_new 1.01893 SA_pAcc 0.856226 Delta 0.0048656 SA_r 0.52218 freedomratio 0.292975
Iter 2500000 pBad 0.448017 T 8.7866e-06 Obj 1.01662 Rho 0 GRdif 9.69508 success 582612 failure 102486 obj_new 1.01662 SA_pAcc 1.09388 Delta 0.0266102 SA_r 0.12063 freedomratio 0.289655
Iter 3000000 pBad 0.305688 T 2.59557e-06 Obj 1.01275 Rho 0 GRdif 7.45016 success 681462 failure 159561 obj_new 1.01275 SA_pAcc 1 Delta -0.0280796 SA_r 0.880717 freedomratio 0.272222
Iter 3500000 pBad 0.213706 T 7.66735e-07 Obj 1.00917 Rho 0 GRdif 5.3662 success 765904 failure 250709 obj_new 1.00917 SA_pAcc 1 Delta 0.0143872 SA_r 0.0766178 freedomratio 0.268371
Iter 4000000 pBad 0.109709 T 2.26494e-07 Obj 1.00855 Rho 0 GRdif 5.005 success 831333 failure 383618 obj_new 1.00855 SA_pAcc 0.487346 Delta 0.00286384 SA_r 0.163771 freedomratio 0.241181
Iter 4500000 pBad 0.0649761 T 6.69066e-08 Obj 1.00814 Rho 0 GRdif 4.76689 success 878418 failure 568210 obj_new 1.00814 SA_pAcc 0.052077 Delta -0.00348537 SA_r 0.412694 freedomratio 0.218344
Iter 5000000 pBad 0.0281023 T 1.97643e-08 Obj 1.00795 Rho 0 GRdif 4.65337 success 907938 failure 812936 obj_new 1.00795 SA_pAcc 0.264097 Delta -0.0013416 SA_r 0.185885 freedomratio 0.192345
Iter 5500000 pBad 0.0122555 T 5.83839e-09 Obj 1.0079 Rho 0 GRdif 4.62669 success 924165 failure 1106658 obj_new 1.0079 SA_pAcc 1.83407e-94 Delta 0.000619026 SA_r 0.341597 freedomratio 0.182722
Iter 6000000 pBad 0.00687537 T 1.72467e-09 Obj 1.00788 Rho 0 GRdif 4.61847 success 934188 failure 1427484 obj_new 1.00789 SA_pAcc 0 Delta -0.000415445 SA_r 0.243377 freedomratio 0.173965
Iter 6500000 pBad 0.0040148 T 5.09468e-10 Obj 1.00787 Rho 0 GRdif 4.61077 success 941350 failure 1763798 obj_new 1.00787 SA_pAcc 1 Delta 7.38494e-05 SA_r 0.325293 freedomratio 0.166903
Iter 7000000 pBad 0.00332862 T 1.50497e-10 Obj 1.00787 Rho 0 GRdif 4.60899 success 945857 failure 2114304 obj_new 1.00787 SA_pAcc 0 Delta 0.000267994 SA_r 0.728181 freedomratio 0.164614
Iter 7500000 pBad 0.00184524 T 4.44571e-11 Obj 1.00786 Rho 0 GRdif 4.60758 success 950360 failure 2474552 obj_new 1.00787 SA_pAcc 0 Delta 9.95378e-05 SA_r 0.41815 freedomratio 0.158704
Iter 8000000 pBad 0.00234383 T 1.31327e-11 Obj 1.00786 Rho 0 GRdif 4.60846 success 954313 failure 2846153 obj_new 1.00787 SA_pAcc 0 Delta 6.50402e-05 SA_r 0.453428 freedomratio 0.153045
Iter 8500000 pBad 0.000586799 T 3.8794e-12 Obj 1.00786 Rho 0 GRdif 4.60581 success 958960 failure 3232340 obj_new 1.00786 SA_pAcc 0 Delta 3.12494e-05 SA_r 0.914957 freedomratio 0.147442
Iter 9000000 pBad 0.000122922 T 1.14598e-12 Obj 1.00786 Rho 0 GRdif 4.63933 success 961705 failure 3626433 obj_new 1.00792 SA_pAcc 0 Delta -2.61844e-06 SA_r 0.971874 freedomratio 0.146816
Iter 9500000 pBad 0.0005811 T 3.38524e-13 Obj 1.00786 Rho 0 GRdif 4.60321 success 966055 failure 4016416 obj_new 1.00786 SA_pAcc 0 Delta -5.60384e-05 SA_r 0.59433 freedomratio 0.145221
Good enough
iter 9.85591e+06 obj1.00786 rho 0 GRdif 4.60306
Training:
Lab Growth Rates:
0.27 0.6 0.45 0.485 0.55 0.46 0.53 0.09 0.59 0.476 0.58 0.54 1.05 0.4 0.4 0.47 0.27 0.65 0.54 0.47 0.4 0.6 1.49 0.26 0.4 0.3 0.54 1.67 0.49 0.65 0.5 0.41 0.36 0.5 0.17 0.52 0.46 0.52 0.37 1.483 0.54 0.42 0.31 0.56 0.46 0.46 0.724 0.54 1.483 0.58 0.3 0.59 0.4 0.58 0.11 0.45 0.47 0.39 0.34 0.5 0.4 0.4 0.45 0.4 0.5 0.53 0.48 0.48 0.65 0.33 0.4 1.345 0.59 0.5 0.4 0.53 0.53 0.17 0.4 0.3 0.23 0.26 0.4 0.5 0.42 0.33 0.59 0.49 0.724 0.46 0.48 0.23 0.5 0.22 0.52 0.43 0.45 0.53 0.38 0.25 0.47 1.345 1.345 1.345 0.724 1.483 0.58 0.1 0.23 0.27 1.248 0.22 0.39 0.49 0.59 0.53 0.25 0.4 0.56 0.901 0.42 0.54 0.45 0.6 1.483 0.55 0.4 0.11 0.1 0.42 0.46 0.56 0.4 0.4 0.45 0.39 0.3 0.4 1.05 0.37 0.39 0.47 0.54 1.483 1.35 0.41 0.4 0.25 0.14 0.32 0.39 0.52 0.46 0.636 0.52 0.301 0.58 0.43 0.56 0.4 0.46 0.55 0.53 0.476 0.58 0.43 0.48 0.45 0.47 0.43 1.46 0.37 0.47 0.59 0.53 0.465 0.4 0.58 0.4 0.59 0.58 0.26 0.5 0.4 0.4 0.42 0.59 0.37 0.301 0.19 0.4 1.43 0.33 0.54 0.45 0.48 0.5 0.34 1.483 1.345 0.37 0.481 0.48 1.46 0.901 0.5 0.4 0.55 0.3 1.248 0.58 0.4 0.59 0.59 0.5 0.4 0.33 0.635 0.65 0.68 0.58 0.42 0.4 0.41 0.38 0.55 0.377 0.58 0.42 0.762 0.762 0.5 0.3 0.4 0.465 0.55 0.1 0.54 1.66 0.38 0.4 0.45 0.41 0.42 0.43 0.56 0.7 0.617 0.5 0.58 0.4 0.33 0.47 0.47 0.32 0.637 0.47 1.483 0.37 0.37 1.345 0.2 0.54 0.4 0.22 0.52 0.5 0.46 0.41 0.5 0.4 0.42 0.47 0.37 0.762 0.45 0.54 0.25 0.41 0.27 0.58 0.19 0.45 0.59 0.485 0.46 0.52 0.65 0.4 0.43 0.42 0.52 0.46 0.54 0.38 0.52 0.635 0.53 0.47 0.25 0.4 0.4 0.51 0.37 0.4 0.4 0.4 0.58 0.53 0.42 0.31 0.648 0.46 0.47 0.4 0.47 0.54 0.54 0.37 1.483 0.59 0.54 0.46 1.483 0.45 0.5 0.5 0.4 0.46 0.71 0.5 0.23 0.4 0.56 0.25 1.483 0.23 0.54 0.7 0.45 0.47 0.55 0.32 0.5 0.23 0.648 0.46 0.7 0.5 0.51 0.11 0.17 0.47 0.5 0.762 0.5 0.36 1.43 0.47 0.56 1.483 1.67 0.25 1.05 1.345 0.56 0.56 0.4 0.4 0.48 1.345 0.33 0.47 0.37 0.56 0.38 0.45 0.09 0.5 0.485 0.68 0.4 0.31 0.4 1.42 0.54 0.27 0.37 0.5 0.54 0.43 0.14 1.05 0.36 0.3 0.34 0.71 0.47 0.22 0.42 0.53 0.4 0.3 0.377 1.44 0.4 0.55 0.42 0.47 1.483 0.65 0.5 1.345 0.53 1.38 1.05 1.4 0.465 0.22 0.47 0.43 0.65 0.47 0.42 0.33 1.248 0.45 1.248 0.58 0.43 0.59 0.5 0.46 0.5 0.56 0.42 0.37 0.39 0.1 0.2 0.58 0.42 0.5 0.1 0.71 0.52 0.485 0.47 0.481 0.56 0.37 0.3 0.54 0.56 0.46 0.2 0.46 0.53 0.23 0.6 1.66 0.4 0.7 0.43 0.48 0.5 0.58 0.41 0.54 0.45 0.58 0.54 0.686 0.901 0.42 1.46 0.5 0.54 0.1 0.5 0.55 0.37 0.4 0.52 0.22 0.59 0.54 0.4 0.1 0.901 0.901 0.3 0.4 0.65 0.54 0.54 0.3 0.45 0.56 0.686 0.45 0.59 0.68 0.09 0.377 0.45 0.637 0.5 0.3 0.56 1.345 1.345 1.345 0.4 0.5 0.56 0.36 0.54 0.4 0.3 0.56 0.22 0.1 0.648 0.5 0.25 0.59 0.41 0.46 0.637 1.248 0.42 0.4 0.43 0.36 0.481 0.56 0.53 0.51 1.03 0.65 0.68 0.36 0.55 0.41 0.55 0.33 0.636 0.37 0.53 0.301 0.58 0.68 0.36 0.4 0.23 0.54 0.19 1.46 0.4 0.58 0.36 0.58 0.27 0.476 0.4 0.22 0.636 0.33 0.4 0.46 0.4 0.55 0.47 0.635 0.52 0.686 0.4 0.901 0.48 0.23 0.36 0.4 0.4 0.1 0.54 0.43 0.46
Dot Production Prediction of Lab Growth Rates:
0.333912 0.616819 0.314609 0.583693 0.55695 0.401602 0.318191 0.360152 0.543293 0.580362 0.384841 0.428727 1.05 0.400669 0.402524 0.351697 0.284497 0.640545 0.384898 0.341306 0.399056 0.587794 1.60374 0.589976 0.396631 0.286906 0.437912 1.57809 0.40293 0.658016 0.44762 0.404923 0.342737 0.346348 0.304405 0.40912 0.464165 0.372895 0.557987 1.24685 0.444082 0.338231 0.600494 0.527179 0.552629 0.346941 0.723386 0.545754 1.31998 0.465642 0.297181 0.534722 0.399546 0.455145 0.353977 1.49089 0.428525 0.303048 0.337783 0.728196 0.40452 0.402709 1.53311 0.390085 0.401143 0.514894 0.352506 0.30313 0.659893 0.445768 0.402481 1.29232 0.536244 0.474865 0.397036 0.386832 0.409022 0.311785 0.404211 0.622027 0.539153 0.458853 0.401749 0.344894 0.618494 0.352085 0.32695 0.378719 0.721148 0.33736 0.342153 0.436372 0.476385 0.457966 0.346777 0.378042 0.390321 0.274508 0.377857 0.348537 0.457055 1.30072 1.35541 1.30716 0.717362 1.23777 0.311919 1.08865 0.436093 0.366647 0.824938 0.475429 0.303738 0.373332 0.54035 0.459385 0.490208 0.292421 0.546988 0.901756 0.39164 0.534918 0.391974 0.566625 1.26487 0.543976 0.402462 0.384133 1.11671 0.359244 0.448203 0.562999 0.402224 0.397685 0.412153 0.334078 0.291076 0.404306 1.05 0.428052 0.312633 0.339028 0.37075 1.29886 1.22598 0.322515 0.402547 0.354389 0.140005 0.326166 0.332648 0.376524 0.564551 0.714102 0.404663 0.586192 0.33296 0.360964 0.544681 0.397982 0.425756 0.540687 0.525255 0.576843 0.370685 0.399287 0.318743 0.3115 0.348673 0.336051 1.50362 0.429183 0.356598 0.324261 0.540538 0.583691 0.402993 0.352487 0.401793 0.365426 0.466943 0.390885 0.52642 0.40075 0.400555 0.332194 0.334147 0.43101 0.590612 0.326305 0.398674 1.3137 0.492848 0.535453 1.56959 0.287447 0.667581 0.34 1.28801 1.35573 0.426723 0.575176 0.352926 1.01864 0.901025 0.338322 0.402914 0.433099 0.449448 0.828126 0.458175 0.397525 0.54222 0.343333 0.76682 0.376072 0.329182 0.705634 0.634953 0.395131 0.398463 0.312167 0.397478 0.588642 0.298547 0.444501 0.575427 0.465817 0.324281 0.764978 0.762131 0.577412 0.620503 0.401292 0.575403 0.552192 0.423197 0.382141 1.61882 0.284341 0.400424 0.397517 0.348429 0.28935 0.406287 0.554657 0.719401 0.587048 0.379757 0.46622 0.399541 0.33274 0.404755 0.360698 0.308922 0.709245 0.365682 1.29349 0.415059 0.418632 1.31647 0.352865 0.390377 0.395624 0.460742 0.384365 0.557581 0.350794 0.39448 0.365068 0.401723 0.305109 0.402925 0.437623 0.76987 1.51533 0.457742 0.533202 0.579673 0.607182 0.464613 0.33096 0.35119 0.317197 0.578366 0.543615 0.370714 0.613063 0.404277 0.448813 0.324002 0.400022 0.437583 0.347165 0.385101 0.362009 0.712155 0.540351 0.367142 1.55957 0.402148 0.395912 0.410711 0.402647 0.400102 0.388366 0.399897 0.467235 0.524884 0.337589 0.631075 0.708145 0.460001 0.381609 0.398455 0.451399 0.370384 0.367548 0.444326 1.28655 0.382378 0.378175 0.445488 1.30907 0.361463 0.664281 0.314798 0.397324 0.312182 0.715788 0.337756 0.549582 0.4025 0.470274 0.907754 1.2528 0.539788 0.431331 0.725934 1.60374 0.37387 0.560088 0.354068 0.32293 0.543833 0.705156 0.280789 0.7288 0.371011 0.380916 0.328617 0.42317 0.449175 0.465731 0.773221 0.759028 0.359574 1.29347 0.341663 0.543965 1.27108 1.41334 0.34984 1.00111 1.29468 0.464613 0.550751 0.401364 0.305329 0.280474 1.32379 0.361376 0.362105 0.279992 0.522678 0.302443 1.52488 0.457099 0.71547 0.58324 0.392044 0.396699 0.610322 0.399384 1.61712 0.293778 0.381488 0.412725 0.335446 0.535113 0.434916 0.138092 1.05219 0.411475 0.538671 0.311136 0.712829 0.383052 0.398238 0.585103 0.539176 0.402146 0.571592 0.58104 1.57235 0.403076 0.447359 0.334742 0.442068 1.23914 0.648103 0.672439 1.253 0.365449 1.38 1.53433 1.42216 0.583967 0.477404 0.353653 0.356809 0.650309 0.363129 0.301635 0.310596 0.824336 0.333126 0.822351 0.464549 0.35633 0.322339 0.468834 0.340902 0.461801 0.465007 0.324482 0.434134 0.317852 1.31822 0.353441 0.389339 0.33091 0.813369 0.436336 0.710132 0.403012 0.577783 0.312703 0.575858 0.541998 0.434092 0.624796 0.346725 0.555209 0.453919 0.360322 0.461576 0.531473 0.542843 0.577884 1.55626 0.400608 0.728824 0.427904 0.294544 0.544117 0.466069 0.589091 0.533194 1.60365 0.461409 0.431515 0.715868 0.898864 0.359546 1.00595 0.752299 0.362186 0.359091 0.528646 0.547971 0.412129 0.392795 0.354473 0.432278 0.549267 0.556939 0.392327 1.28339 0.903706 0.901 0.383036 0.396322 0.669196 0.300288 0.330382 0.563785 0.347767 0.465508 0.72036 0.36086 0.546586 0.393872 0.380112 0.575733 0.351929 0.700612 0.756744 0.362677 0.466549 1.29907 1.2634 1.26487 0.400574 0.459494 0.545737 0.415162 0.329285 0.39775 0.31537 0.56001 0.464644 0.924235 0.699397 0.745719 0.29606 0.344957 0.380124 0.401463 0.711733 0.820616 0.576957 0.401839 0.371775 0.364524 0.576496 0.460684 0.303878 0.422764 1.43241 0.649988 0.395668 0.362648 0.451081 0.359162 0.455472 0.517559 0.718482 0.396212 0.422643 0.584914 0.28721 0.392242 0.348998 0.400977 0.539843 0.370588 0.330299 1.02821 0.399994 0.366125 0.326047 0.465485 0.353207 0.580144 0.398977 0.349021 0.723678 0.315162 0.401206 0.371629 0.401995 0.447895 0.351947 0.711278 0.362547 0.719593 0.402463 0.808869 0.366265 0.433848 0.31174 0.388597 0.400357 1.48037 0.533264 0.371166 0.461334
Testing:
Lab Growth Rates:
0.3
Dot Production Prediction of Lab Growth Rates:
0.582813
Best performance so far: 
Obj: 4.64818e-310Rho: 6.5069e-314Diff: 4.64818e-310
Test:
 Lab Growth Rates:
0.3Dot Product Prediction of Growth Rate:
0.5828127