seed =  5 traits =  1 
Training: part  71 
Training: part  71 
Round  1 
 Goal of obj  0.99 
Temperature range:  0.00390625 1.25e-13 
Cycle 1Round 1
Iter 500000 pBad 0.832156 T 0.00116686 Obj 1.07222 Rho 0 GRdif 40.8604 success 145634 failure 11575 obj_new 1.07222 SA_pAcc 1.15963 Delta -0.0252879 SA_r 0.899245 freedomratio 0.368785
Iter 1000000 pBad 0.78735 T 0.000348559 Obj 1.03445 Rho 0 GRdif 19.8462 success 288516 failure 30444 obj_new 1.03445 SA_pAcc 0.797708 Delta 0.0503761 SA_r 0.790517 freedomratio 0.361952
Iter 1500000 pBad 0.680566 T 0.00010412 Obj 1.02669 Rho 0 GRdif 15.4339 success 428430 failure 55574 obj_new 1.02669 SA_pAcc 1.20464 Delta 0.0343383 SA_r 0.499047 freedomratio 0.354507
Iter 2000000 pBad 0.637611 T 3.11022e-05 Obj 1.01898 Rho 0 GRdif 11.0156 success 566048 failure 86037 obj_new 1.01898 SA_pAcc 0.578387 Delta 0.0337784 SA_r 0.380081 freedomratio 0.361505
Iter 2500000 pBad 0.455056 T 9.2907e-06 Obj 1.01483 Rho 0 GRdif 8.62873 success 700101 failure 123623 obj_new 1.01483 SA_pAcc 0.509457 Delta -0.0304329 SA_r 0.831567 freedomratio 0.362176
Iter 3000000 pBad 0.330572 T 2.77528e-06 Obj 1.01099 Rho 0 GRdif 6.40375 success 817876 failure 190735 obj_new 1.01099 SA_pAcc 1 Delta 0.0259194 SA_r 0.600558 freedomratio 0.344706
Iter 3500000 pBad 0.190602 T 8.29017e-07 Obj 1.00945 Rho 0 GRdif 5.51072 success 913240 failure 302931 obj_new 1.00945 SA_pAcc 0.209956 Delta 0.0143733 SA_r 0.495357 freedomratio 0.3307
Iter 4000000 pBad 0.0947869 T 2.4764e-07 Obj 1.00901 Rho 0 GRdif 5.25906 success 988215 failure 460180 obj_new 1.00901 SA_pAcc 1 Delta 0.00425337 SA_r 0.962 freedomratio 0.290819
Iter 4500000 pBad 0.0504473 T 7.39739e-08 Obj 1.00878 Rho 0 GRdif 5.12346 success 1033897 failure 688475 obj_new 1.00878 SA_pAcc 1 Delta 0.004753 SA_r 0.797844 freedomratio 0.252477
Iter 5000000 pBad 0.0214833 T 2.20971e-08 Obj 1.00867 Rho 0 GRdif 5.06093 success 1061261 failure 972134 obj_new 1.00867 SA_pAcc 0.793032 Delta 0.00164348 SA_r 0.00729915 freedomratio 0.227132
Iter 5500000 pBad 0.0120605 T 6.60075e-09 Obj 1.00864 Rho 0 GRdif 5.0408 success 1076499 failure 1296650 obj_new 1.00864 SA_pAcc 0.756936 Delta 6.41878e-05 SA_r 0.922988 freedomratio 0.213091
Iter 6000000 pBad 0.00466532 T 1.97175e-09 Obj 1.00863 Rho 0 GRdif 5.0329 success 1085370 failure 1643587 obj_new 1.00863 SA_pAcc 1 Delta -0.000229695 SA_r 0.719032 freedomratio 0.205686
Iter 6500000 pBad 0.00326168 T 5.88991e-10 Obj 1.00862 Rho 0 GRdif 5.03048 success 1090308 failure 2005309 obj_new 1.00862 SA_pAcc 0 Delta -0.000122576 SA_r 0.118431 freedomratio 0.200137
Iter 7000000 pBad 0.00111867 T 1.75941e-10 Obj 1.00862 Rho 0 GRdif 5.12737 success 1093803 failure 2373639 obj_new 1.00879 SA_pAcc 0 Delta 6.792e-05 SA_r 0.990259 freedomratio 0.199117
Iter 7500000 pBad 0.00101002 T 5.25562e-11 Obj 1.00862 Rho 0 GRdif 5.02831 success 1095549 failure 2747957 obj_new 1.00862 SA_pAcc 0 Delta -1.36411e-05 SA_r 0.250248 freedomratio 0.197706
Iter 8000000 pBad 0.000855324 T 1.56993e-11 Obj 1.00861 Rho 0 GRdif 5.02653 success 1097454 failure 3124591 obj_new 1.00861 SA_pAcc 1 Delta -6.20393e-05 SA_r 0.170269 freedomratio 0.195138
Iter 8500000 pBad 0.000333594 T 4.68963e-12 Obj 1.00861 Rho 0 GRdif 5.03887 success 1099209 failure 3504259 obj_new 1.00864 SA_pAcc 0 Delta 2.83437e-05 SA_r 0.568073 freedomratio 0.192827
Iter 9000000 pBad 0.000493711 T 1.40086e-12 Obj 1.00861 Rho 0 GRdif 5.02622 success 1101509 failure 3883817 obj_new 1.00861 SA_pAcc 0 Delta 2.98242e-05 SA_r 0.170011 freedomratio 0.186624
Iter 9500000 pBad 5.24644e-26 T 4.1846e-13 Obj 1.00861 Rho 0 GRdif 5.05126 success 1104630 failure 4256094 obj_new 1.00866 SA_pAcc 0 Delta 5.15853e-27 SA_r 0.134551 freedomratio 0.178332
Iter 10000000 pBad 1.04495e-26 T 1.25e-13 Obj 1.00861 Rho 0 GRdif 5.02665 success 1106304 failure 4554068 obj_new 1.00861 SA_pAcc 0 Delta -7.42966e-28 SA_r 0.548056 freedomratio 0.176772
Cannot move further
iter 9.64803e+06 obj1.00861 rho 0 GRdif 5.0258
Training:
Lab Growth Rates:
1.43 0.1 1.345 0.48 0.47 0.36 0.3 0.56 0.52 0.41 1.483 0.55 0.22 0.58 1.483 0.5 0.46 0.51 0.37 1.248 0.23 0.26 0.22 0.5 0.2 0.3 0.377 0.31 0.19 0.32 0.48 0.55 0.47 0.4 0.23 1.483 1.345 1.345 0.45 0.36 0.26 0.42 0.09 1.483 0.55 0.3 0.25 0.1 0.23 0.55 0.59 0.38 0.71 0.59 1.4 0.476 0.636 0.617 0.56 0.5 0.56 0.5 0.53 0.3 0.5 0.5 0.34 0.59 0.54 0.5 0.46 0.42 0.481 0.46 0.58 0.4 0.47 0.46 0.47 0.5 0.636 0.5 0.52 0.58 0.52 0.54 0.47 0.53 0.47 0.4 0.762 0.5 0.53 0.58 0.5 0.4 0.55 0.901 0.54 0.42 0.54 1.483 0.762 0.4 0.48 0.54 1.248 1.66 0.45 0.53 0.54 0.38 0.686 0.33 0.45 0.485 0.4 0.4 0.46 1.46 0.4 0.4 0.45 0.45 0.5 0.901 0.55 0.47 0.1 0.648 0.465 0.48 0.23 0.7 0.22 0.724 0.762 0.33 0.39 0.45 0.47 0.53 0.37 0.42 0.4 0.4 0.4 1.483 0.54 0.648 0.4 0.42 0.17 0.4 0.54 0.5 1.05 1.345 0.65 0.636 0.39 0.53 0.59 0.49 0.47 0.46 0.42 0.54 1.248 0.32 0.55 0.48 0.45 0.34 0.43 0.58 0.37 0.36 0.25 0.4 0.637 0.55 0.71 0.31 0.46 0.52 0.4 0.4 0.59 0.33 0.55 0.51 0.4 0.54 0.4 0.46 0.635 0.59 0.58 0.46 0.49 0.58 0.5 0.3 0.55 0.45 1.248 0.47 1.248 0.58 0.59 0.6 1.345 0.45 0.33 0.3 0.54 0.54 0.19 0.5 0.901 0.3 0.11 0.71 0.27 0.47 0.37 0.54 0.4 0.686 1.46 0.53 1.67 0.4 0.3 0.42 0.56 0.1 0.25 0.4 1.483 0.33 0.476 0.37 0.4 0.377 0.25 0.5 0.25 0.4 0.4 0.46 0.56 0.901 1.05 0.37 0.4 0.33 0.54 0.42 0.58 1.49 0.59 1.345 0.46 0.47 0.54 0.56 0.4 0.43 0.42 0.45 1.345 0.39 0.4 0.53 0.46 0.45 0.39 0.27 0.38 0.5 0.23 0.37 0.52 0.46 0.7 0.09 0.37 0.4 0.3 0.1 0.58 0.637 0.53 0.56 0.47 1.345 0.5 0.58 0.52 0.23 1.43 0.48 0.5 0.4 1.483 0.48 0.43 0.47 0.6 0.6 0.41 0.485 0.3 0.39 0.55 0.56 0.3 0.45 0.485 0.4 0.5 0.4 0.481 0.46 0.56 0.56 0.43 0.33 0.47 0.19 0.56 1.483 0.54 0.5 0.42 0.45 0.27 0.5 0.41 0.37 0.4 0.43 0.47 0.54 1.46 0.17 0.14 0.53 0.7 0.53 0.59 0.36 0.5 0.58 0.36 0.54 0.47 0.42 0.43 0.4 0.47 0.47 0.1 0.42 0.4 0.52 1.345 0.54 0.22 0.43 0.34 0.25 0.55 0.301 0.59 0.56 0.1 1.46 0.17 0.49 0.5 0.45 0.4 0.3 0.14 0.56 0.33 0.4 0.22 0.56 0.25 0.42 1.345 0.37 0.4 0.38 0.36 0.38 0.42 0.56 0.23 0.3 0.46 0.68 0.59 0.635 1.345 1.483 0.46 0.476 0.648 0.4 0.43 0.37 0.54 0.68 0.41 0.5 0.52 0.68 0.635 0.36 0.47 0.4 0.41 0.58 0.11 0.56 0.7 0.51 0.37 0.41 0.43 0.36 0.43 0.42 0.68 0.11 0.46 0.27 0.54 0.52 0.54 0.59 1.66 1.05 0.47 1.42 0.22 0.45 0.59 1.44 0.32 0.58 0.46 0.45 0.54 0.5 0.4 0.39 0.45 0.52 0.4 0.54 0.09 0.485 0.4 1.38 0.4 0.42 0.4 0.4 0.41 0.58 0.58 0.54 0.27 0.53 0.5 0.65 0.58 0.2 0.27 0.481 0.58 0.4 0.45 0.52 0.65 0.4 0.47 0.65 0.53 1.35 0.68 0.46 0.43 0.58 0.22 0.31 0.4 0.47 0.901 0.5 0.43 0.46 0.54 0.36 1.483 0.42 0.52 0.465 0.37 0.65 0.65 1.345 0.2 0.33 0.4 0.4 0.4 0.637 0.25 1.67 0.5 0.377 0.37 0.5 0.53 0.41 0.5 0.37 0.41 0.26 0.59 0.4 0.901 0.6 0.54 0.4 1.05 1.03 0.5 0.56 0.48 1.483 0.4 0.58 0.23 0.5 0.301 0.46 0.45 0.724 0.4 0.58 0.5 0.59 0.4 0.4 0.3 0.53 0.22 0.4 0.37 0.724 0.23 0.762 1.05 0.301 0.47 0.54 0.4 0.4 0.48 0.686 0.59 0.4 0.42 0.465 0.1 0.1 0.56 0.4
Dot Production Prediction of Lab Growth Rates:
1.21168 0.738841 0.923983 0.321808 0.358195 0.331966 0.407334 0.540127 0.37415 0.387153 0.908227 0.544887 0.411739 0.474627 0.90837 0.507799 0.431244 0.38342 0.411989 0.835067 0.538986 0.529204 0.465652 0.367128 0.408415 0.302798 0.740369 0.515258 0.342279 0.314701 0.358595 0.544731 0.381692 0.392901 0.53528 0.88581 0.936203 0.889683 0.391995 0.350475 0.449398 0.541296 0.423603 0.916939 0.546874 0.345072 1.49763 0.67991 0.536847 0.546517 0.544556 0.329261 0.725493 0.328759 1.43711 0.752272 0.716134 0.573623 0.472382 0.339697 0.53774 0.470351 0.405017 0.273854 0.530648 0.569384 0.329535 0.549025 0.460213 0.35365 0.500073 0.362252 0.744041 0.462615 0.361982 0.40606 0.470175 0.365585 0.349053 0.547147 0.706409 0.388393 0.347249 0.349015 0.3457 0.390709 0.399393 0.387287 0.349044 0.405782 0.775337 0.469618 0.356169 0.35479 0.526486 0.397384 0.457447 0.904181 0.455165 0.346615 0.451359 0.938123 0.763109 0.40075 0.338854 0.348654 0.839708 1.66 1.47478 0.531987 0.452492 0.367467 0.721685 0.341904 1.50485 0.74854 0.40346 0.404759 0.310224 1.66052 0.39345 0.398353 1.46749 0.338337 0.569672 0.901797 0.454169 0.416677 0.756067 0.710888 0.752599 0.345269 0.425172 0.570384 0.4659 0.719625 0.770439 0.362706 0.351002 0.343071 0.36926 0.476218 0.325928 0.363457 0.397477 0.40495 0.400727 0.914045 0.374572 0.7109 0.403589 0.532337 0.33636 0.399176 0.540067 0.59743 1.05017 0.905642 0.647544 0.722775 0.338954 0.529997 0.342024 0.369103 0.358751 0.460009 0.353858 0.454759 0.843051 0.327131 0.445502 0.32247 0.357545 0.343045 0.415819 0.359124 0.422684 0.333455 0.313584 0.403274 0.703657 0.545811 0.720929 0.515416 0.355143 0.36865 0.397947 0.403988 0.349311 0.448461 0.458199 0.403307 0.399913 0.542779 0.397776 0.458394 0.709953 0.326032 0.474314 0.323644 0.365871 0.466634 0.472484 0.337818 0.546001 0.387455 0.839276 0.354763 0.835514 0.355584 0.543562 0.338948 0.893707 1.4879 0.369406 0.317123 0.390613 0.542665 0.335828 0.530766 0.902263 0.322345 0.340169 0.718456 0.366396 0.441637 0.414156 0.392994 0.405699 0.725055 1.02719 0.542347 1.49842 0.393252 0.316323 0.358673 0.543058 0.815917 0.35575 0.406267 0.894216 0.476321 0.750714 0.414347 0.405617 0.740892 0.361937 0.477801 0.36484 0.34485 0.403909 0.411802 0.471931 0.900523 1.05629 0.504656 0.400011 0.371489 0.308298 0.359582 0.474411 1.52275 0.321652 0.9397 0.425251 0.416809 0.370387 0.541033 0.39893 0.369511 0.377829 1.48532 0.935136 0.31788 0.399752 0.50112 0.47377 0.401694 0.325576 0.38206 0.342522 0.565507 0.537609 0.412836 0.367045 0.505283 0.5688 0.370672 0.424872 0.403647 0.296994 1.41248 0.47238 0.702876 0.342909 0.536804 0.356965 0.951194 0.338518 0.475219 0.375001 0.424256 1.20529 0.33701 0.467209 0.407071 0.882397 0.343279 0.430753 0.356908 0.32716 0.332604 0.723018 0.734556 0.305699 0.330837 0.457741 0.541438 0.320919 0.359317 0.734906 0.401848 0.342228 0.401111 0.742652 0.475786 0.472685 0.541284 0.43209 0.334271 0.388407 0.340046 0.470741 0.906915 0.541459 0.330784 0.342313 0.380976 0.324063 0.523889 0.357031 0.380082 0.398704 0.354852 0.351035 0.39514 1.01765 0.407519 0.140015 0.535851 0.565017 0.334638 0.5426 0.394657 0.329705 0.346084 0.401458 0.384021 0.381817 0.357957 0.402785 0.403769 0.474149 0.340439 0.371654 0.326976 0.397632 0.376542 0.94213 0.55025 0.46071 0.374134 0.334632 0.501541 0.454944 0.735011 0.380951 0.472999 0.89935 1.01352 0.337591 0.385829 0.325828 1.52275 0.396923 0.37441 0.139285 0.542346 0.423373 0.40257 0.353793 0.534294 0.657349 0.343406 0.884801 0.424919 0.400086 0.330388 0.342798 0.375524 0.353094 0.535849 0.424202 0.298629 0.363542 0.539273 0.550501 0.713713 0.943734 0.901943 0.455107 0.753489 0.708144 0.401679 0.412641 0.408575 0.539007 0.533862 0.737324 0.508079 0.382515 0.540143 0.713315 0.353563 0.407169 0.39881 0.377545 0.47513 0.368625 0.543895 0.572409 0.393417 0.415613 0.736523 0.415142 0.361305 0.38512 0.35055 0.542824 0.378563 0.39048 0.538936 0.53864 0.367397 0.342955 0.390368 1.66 1.69399 0.407853 1.5143 0.381848 0.337828 0.55089 1.4997 0.342617 0.457605 0.339621 0.37076 0.37745 0.6093 0.354098 0.334818 0.352698 0.388309 0.405418 0.354307 0.344569 0.750362 0.403022 1.32378 0.40538 0.52467 0.394462 0.403684 0.334734 0.316529 0.469305 0.374382 0.357258 0.375548 0.468233 0.636206 0.331483 0.373051 0.383707 0.747606 0.37814 0.399276 1.55442 0.35022 0.659553 0.40618 0.402227 0.64961 0.531278 1.10714 0.539581 0.413519 0.364747 0.471969 0.47171 0.515323 0.402804 0.378039 0.900994 0.536638 0.392673 0.476787 0.455683 0.346147 0.934731 0.383693 0.361678 0.750975 0.417018 0.649999 0.656087 0.959756 0.401326 0.33002 0.401363 0.4048 0.400948 0.704525 0.48568 1.4203 0.541399 0.737357 0.400069 0.371438 0.312115 0.372347 0.337346 0.377376 0.355689 0.355512 0.337127 0.40449 0.802761 0.32857 0.353374 0.404552 1.01373 1.34014 0.548707 0.546917 0.32443 0.89805 0.406797 0.475394 0.539829 0.357565 0.732128 0.423875 0.352298 0.723935 0.404482 0.47162 0.5827 0.541507 0.407893 0.407882 0.341704 0.541621 0.46783 0.394612 0.425582 0.720441 0.542544 0.777432 1.05 0.735352 0.36665 0.341256 0.403089 0.394574 0.316409 0.724901 0.338288 0.391029 0.333219 0.748315 0.448719 0.441779 0.472035 0.406366
Testing:
Lab Growth Rates:
0.65 0.65 0.65
Dot Production Prediction of Lab Growth Rates:
-0.120978 -0.116566 -0.120541
Best performance so far: 
Obj: 4.64041e-310Rho: 2.26291e-314Diff: 4.64041e-310
Anneal again with the best G and E so far as input
Cycle 2Round 1
Iter 500000 pBad 0.825179 T 0.00116686 Obj 1.05297 Rho 0 GRdif 30.2461 success 114087 failure 11369 obj_new 1.05297 SA_pAcc 0.834757 Delta 0.0448091 SA_r 0.169665 freedomratio 0.278253
Iter 1000000 pBad 0.740547 T 0.000348559 Obj 1.03263 Rho 0 GRdif 18.8156 success 225252 failure 29655 obj_new 1.03263 SA_pAcc 1.80856 Delta -0.0274848 SA_r 0.193611 freedomratio 0.275895
Iter 1500000 pBad 0.673151 T 0.00010412 Obj 1.02946 Rho 0 GRdif 17.0168 success 334605 failure 53472 obj_new 1.02946 SA_pAcc 1 Delta 0.0168855 SA_r 0.485095 freedomratio 0.268684
Iter 2000000 pBad 0.563946 T 3.11022e-05 Obj 1.0246 Rho 0 GRdif 14.2837 success 441130 failure 82887 obj_new 1.02467 SA_pAcc 0.10596 Delta -0.00379213 SA_r 0.367559 freedomratio 0.274088
Iter 2500000 pBad 0.440946 T 9.2907e-06 Obj 1.01896 Rho 0 GRdif 11.0068 success 545227 failure 119681 obj_new 1.01896 SA_pAcc 1 Delta 0.00963318 SA_r 0.130074 freedomratio 0.266364
Iter 3000000 pBad 0.329821 T 2.77528e-06 Obj 1.0141 Rho 0 GRdif 8.2039 success 639694 failure 173747 obj_new 1.0141 SA_pAcc 1 Delta -0.0284142 SA_r 0.306106 freedomratio 0.261841
Iter 3500000 pBad 0.26932 T 8.29017e-07 Obj 1.0096 Rho 0 GRdif 5.59763 success 723379 failure 255992 obj_new 1.0096 SA_pAcc 1.02109 Delta 0.00923622 SA_r 0.719085 freedomratio 0.25668
Iter 4000000 pBad 0.166354 T 2.4764e-07 Obj 1.00844 Rho 0 GRdif 4.92419 success 793541 failure 366228 obj_new 1.00844 SA_pAcc 0.782483 Delta 0.00598199 SA_r 0.647995 freedomratio 0.241252
Iter 4500000 pBad 0.0787656 T 7.39739e-08 Obj 1.00797 Rho 0 GRdif 4.65431 success 842360 failure 533214 obj_new 1.00797 SA_pAcc 0.635217 Delta -0.00112882 SA_r 0.162659 freedomratio 0.214181
Iter 5000000 pBad 0.0378729 T 2.20971e-08 Obj 1.00779 Rho 0 GRdif 4.54467 success 873085 failure 761086 obj_new 1.00779 SA_pAcc 1 Delta -0.00280321 SA_r 0.818472 freedomratio 0.190075
Iter 5500000 pBad 0.0146178 T 6.60075e-09 Obj 1.0077 Rho 0 GRdif 4.49254 success 893112 failure 1036965 obj_new 1.0077 SA_pAcc 0.115457 Delta 0.000305039 SA_r 0.774126 freedomratio 0.171797
Iter 6000000 pBad 0.0162225 T 1.97175e-09 Obj 1.00766 Rho 0 GRdif 4.47393 success 906061 failure 1349317 obj_new 1.00766 SA_pAcc 6.19098e-74 Delta 0.000329916 SA_r 0.183401 freedomratio 0.163641
Iter 6500000 pBad 0.00368655 T 5.88991e-10 Obj 1.00764 Rho 0 GRdif 4.4626 success 915714 failure 1685636 obj_new 1.00764 SA_pAcc 1 Delta 0.000219016 SA_r 0.790837 freedomratio 0.154008
Iter 7000000 pBad 0.00330219 T 1.75941e-10 Obj 1.00764 Rho 0 GRdif 4.45718 success 923769 failure 2040528 obj_new 1.00764 SA_pAcc 3.09732e-22 Delta 0.000304355 SA_r 0.252441 freedomratio 0.148882
Iter 7500000 pBad 0.00191263 T 5.25562e-11 Obj 1.00763 Rho 0 GRdif 4.45518 success 928952 failure 2409959 obj_new 1.00763 SA_pAcc 0 Delta 7.27405e-05 SA_r 0.16611 freedomratio 0.147088
Iter 8000000 pBad 0.00099742 T 1.56993e-11 Obj 1.00763 Rho 0 GRdif 4.49352 success 934460 failure 2786205 obj_new 1.0077 SA_pAcc 0 Delta 3.65817e-05 SA_r 0.124541 freedomratio 0.143839
Iter 8500000 pBad 0.000227581 T 4.68963e-12 Obj 1.00763 Rho 0 GRdif 4.47702 success 939127 failure 3172017 obj_new 1.00767 SA_pAcc 0 Delta -1.90566e-05 SA_r 0.862075 freedomratio 0.140595
Iter 9000000 pBad 0.000184692 T 1.40086e-12 Obj 1.00763 Rho 0 GRdif 4.45186 success 945084 failure 3563444 obj_new 1.00763 SA_pAcc 1 Delta -6.69444e-07 SA_r 0.710617 freedomratio 0.13785
Iter 9500000 pBad 5.49305e-05 T 4.1846e-13 Obj 1.00763 Rho 0 GRdif 4.45165 success 951538 failure 3937031 obj_new 1.00763 SA_pAcc 0 Delta 4.98502e-06 SA_r 0.0123033 freedomratio 0.138142
Good enough
iter 9.89635e+06 obj1.00763 rho 0 GRdif 4.45149
Training:
Lab Growth Rates:
1.43 0.1 1.345 0.48 0.47 0.36 0.3 0.56 0.52 0.41 1.483 0.55 0.22 0.58 1.483 0.5 0.46 0.51 0.37 1.248 0.23 0.26 0.22 0.5 0.2 0.3 0.377 0.31 0.19 0.32 0.48 0.55 0.47 0.4 0.23 1.483 1.345 1.345 0.45 0.36 0.26 0.42 0.09 1.483 0.55 0.3 0.25 0.1 0.23 0.55 0.59 0.38 0.71 0.59 1.4 0.476 0.636 0.617 0.56 0.5 0.56 0.5 0.53 0.3 0.5 0.5 0.34 0.59 0.54 0.5 0.46 0.42 0.481 0.46 0.58 0.4 0.47 0.46 0.47 0.5 0.636 0.5 0.52 0.58 0.52 0.54 0.47 0.53 0.47 0.4 0.762 0.5 0.53 0.58 0.5 0.4 0.55 0.901 0.54 0.42 0.54 1.483 0.762 0.4 0.48 0.54 1.248 1.66 0.45 0.53 0.54 0.38 0.686 0.33 0.45 0.485 0.4 0.4 0.46 1.46 0.4 0.4 0.45 0.45 0.5 0.901 0.55 0.47 0.1 0.648 0.465 0.48 0.23 0.7 0.22 0.724 0.762 0.33 0.39 0.45 0.47 0.53 0.37 0.42 0.4 0.4 0.4 1.483 0.54 0.648 0.4 0.42 0.17 0.4 0.54 0.5 1.05 1.345 0.65 0.636 0.39 0.53 0.59 0.49 0.47 0.46 0.42 0.54 1.248 0.32 0.55 0.48 0.45 0.34 0.43 0.58 0.37 0.36 0.25 0.4 0.637 0.55 0.71 0.31 0.46 0.52 0.4 0.4 0.59 0.33 0.55 0.51 0.4 0.54 0.4 0.46 0.635 0.59 0.58 0.46 0.49 0.58 0.5 0.3 0.55 0.45 1.248 0.47 1.248 0.58 0.59 0.6 1.345 0.45 0.33 0.3 0.54 0.54 0.19 0.5 0.901 0.3 0.11 0.71 0.27 0.47 0.37 0.54 0.4 0.686 1.46 0.53 1.67 0.4 0.3 0.42 0.56 0.1 0.25 0.4 1.483 0.33 0.476 0.37 0.4 0.377 0.25 0.5 0.25 0.4 0.4 0.46 0.56 0.901 1.05 0.37 0.4 0.33 0.54 0.42 0.58 1.49 0.59 1.345 0.46 0.47 0.54 0.56 0.4 0.43 0.42 0.45 1.345 0.39 0.4 0.53 0.46 0.45 0.39 0.27 0.38 0.5 0.23 0.37 0.52 0.46 0.7 0.09 0.37 0.4 0.3 0.1 0.58 0.637 0.53 0.56 0.47 1.345 0.5 0.58 0.52 0.23 1.43 0.48 0.5 0.4 1.483 0.48 0.43 0.47 0.6 0.6 0.41 0.485 0.3 0.39 0.55 0.56 0.3 0.45 0.485 0.4 0.5 0.4 0.481 0.46 0.56 0.56 0.43 0.33 0.47 0.19 0.56 1.483 0.54 0.5 0.42 0.45 0.27 0.5 0.41 0.37 0.4 0.43 0.47 0.54 1.46 0.17 0.14 0.53 0.7 0.53 0.59 0.36 0.5 0.58 0.36 0.54 0.47 0.42 0.43 0.4 0.47 0.47 0.1 0.42 0.4 0.52 1.345 0.54 0.22 0.43 0.34 0.25 0.55 0.301 0.59 0.56 0.1 1.46 0.17 0.49 0.5 0.45 0.4 0.3 0.14 0.56 0.33 0.4 0.22 0.56 0.25 0.42 1.345 0.37 0.4 0.38 0.36 0.38 0.42 0.56 0.23 0.3 0.46 0.68 0.59 0.635 1.345 1.483 0.46 0.476 0.648 0.4 0.43 0.37 0.54 0.68 0.41 0.5 0.52 0.68 0.635 0.36 0.47 0.4 0.41 0.58 0.11 0.56 0.7 0.51 0.37 0.41 0.43 0.36 0.43 0.42 0.68 0.11 0.46 0.27 0.54 0.52 0.54 0.59 1.66 1.05 0.47 1.42 0.22 0.45 0.59 1.44 0.32 0.58 0.46 0.45 0.54 0.5 0.4 0.39 0.45 0.52 0.4 0.54 0.09 0.485 0.4 1.38 0.4 0.42 0.4 0.4 0.41 0.58 0.58 0.54 0.27 0.53 0.5 0.65 0.58 0.2 0.27 0.481 0.58 0.4 0.45 0.52 0.65 0.4 0.47 0.65 0.53 1.35 0.68 0.46 0.43 0.58 0.22 0.31 0.4 0.47 0.901 0.5 0.43 0.46 0.54 0.36 1.483 0.42 0.52 0.465 0.37 0.65 0.65 1.345 0.2 0.33 0.4 0.4 0.4 0.637 0.25 1.67 0.5 0.377 0.37 0.5 0.53 0.41 0.5 0.37 0.41 0.26 0.59 0.4 0.901 0.6 0.54 0.4 1.05 1.03 0.5 0.56 0.48 1.483 0.4 0.58 0.23 0.5 0.301 0.46 0.45 0.724 0.4 0.58 0.5 0.59 0.4 0.4 0.3 0.53 0.22 0.4 0.37 0.724 0.23 0.762 1.05 0.301 0.47 0.54 0.4 0.4 0.48 0.686 0.59 0.4 0.42 0.465 0.1 0.1 0.56 0.4
Dot Production Prediction of Lab Growth Rates:
1.2081 1.07841 1.32727 0.274064 0.342543 0.336294 0.369296 0.54701 0.37827 0.378711 1.30898 0.547459 0.426579 0.469526 1.34749 0.794362 0.433765 0.376346 0.404125 0.847298 0.550932 0.544171 0.468766 0.38001 0.353989 0.299442 0.475191 0.55649 0.328291 0.32393 0.343396 0.546862 0.400693 0.387359 0.542516 1.29277 1.35306 1.32992 0.375808 0.355327 0.422736 0.58148 0.43529 1.32029 0.556794 0.313996 1.45135 1.04532 0.539705 0.55481 0.544755 0.308779 0.710487 0.351112 1.40123 0.482804 0.699188 0.615295 0.467356 0.359133 0.539864 0.469569 0.414335 0.463839 0.527412 0.860925 0.324611 0.548017 0.456014 0.36346 0.495072 0.333067 0.479452 0.460148 0.396699 0.402197 0.462996 0.340632 0.362992 0.571073 0.709733 0.444209 0.362395 0.341493 0.361953 0.342258 0.357267 0.430886 0.348689 0.40411 0.807571 0.459284 0.391182 0.393383 0.79819 0.395142 0.461816 0.90154 0.459997 0.353083 0.450731 1.34324 0.798037 0.401436 0.355459 0.327458 0.859694 1.53506 1.43148 0.532351 0.470536 0.366326 0.700717 0.319028 1.45283 0.481332 0.40224 0.402209 0.298787 1.48754 0.364872 0.398634 1.40761 0.366676 0.857162 0.902414 0.460144 0.42116 1.09843 0.692771 0.481719 0.365377 0.431194 0.710965 0.481092 0.699871 0.799811 0.344564 0.340748 0.297796 0.363808 0.445405 0.303601 0.35319 0.397695 0.40153 0.399726 1.31741 0.372522 0.694737 0.40388 0.567168 0.289435 0.399754 0.539725 0.869241 1.07007 1.34584 0.648855 0.707443 0.364311 0.532366 0.360663 0.391299 0.336878 0.457083 0.332463 0.457943 0.866322 0.335182 0.449971 0.263037 0.370299 0.340431 0.385433 0.353412 0.410466 0.349344 0.311726 0.399545 0.691457 0.550131 0.699592 0.568675 0.31685 0.357503 0.396716 0.399837 0.320835 0.46328 0.462427 0.415879 0.399992 0.550427 0.396544 0.461109 0.696404 0.351312 0.468095 0.326356 0.384045 0.467944 0.475952 0.578955 0.55161 0.393527 0.854826 0.365162 0.854741 0.372002 0.54426 0.573915 1.30557 1.43348 0.359184 0.537249 0.343812 0.539215 0.317924 0.530445 0.901358 0.560894 0.323725 0.692814 0.358616 0.435718 0.410427 0.34428 0.404245 0.704085 1.04006 0.52733 1.46951 0.391285 0.530079 0.305843 0.542214 1.15255 0.348628 0.399979 1.30887 0.479819 0.480025 0.415388 0.401885 0.472313 0.344069 0.475665 0.335935 0.298884 0.401513 0.372385 0.462444 0.899529 1.06753 0.499429 0.402396 0.318461 0.309709 0.343836 0.465467 1.46732 0.327715 1.34575 0.412159 0.347705 0.397438 0.548428 0.398374 0.371779 0.401789 1.37564 1.34444 0.318721 0.396516 0.498359 0.465314 0.400748 0.318213 0.355984 0.301424 0.883445 0.541641 0.417233 0.398398 0.515013 0.700779 0.375209 0.423838 0.400567 0.300137 1.43475 0.46132 0.69168 0.324017 0.541613 0.337847 1.35734 0.346779 0.465132 0.388689 0.430635 1.20443 0.309953 0.460476 0.403613 1.30408 0.340871 0.409446 0.332434 0.55216 0.574937 0.479672 0.476623 0.303389 0.331388 0.465271 0.549101 0.552236 0.311018 0.47605 0.404671 0.3472 0.399485 0.475521 0.496209 0.465148 0.547058 0.418244 0.32495 0.393582 0.311414 0.469002 1.30332 0.5342 0.352098 0.327366 0.325039 0.281386 0.881851 0.359163 0.407664 0.395469 0.349102 0.379423 0.374956 1.06378 0.396591 0.140037 0.535921 0.70078 0.335257 0.541487 0.408197 0.327214 0.366147 0.421956 0.327369 0.347939 0.333377 0.377619 0.400732 0.464662 0.316511 0.325613 0.315122 0.397578 0.388446 1.33819 0.550907 0.462131 0.363919 0.340426 0.49936 0.462185 0.48247 0.36218 0.465595 1.20971 1.03143 0.302473 0.399613 0.352956 1.46732 0.39688 0.343241 0.140377 0.55724 0.426367 0.397465 0.351851 0.532422 1.03266 0.287787 1.31896 0.424253 0.398084 0.311404 0.310415 0.36223 0.331445 0.532662 0.431552 0.488458 0.347548 0.408511 0.54986 0.700533 1.372 1.30673 0.451549 0.482546 0.684682 0.398981 0.387608 0.394723 0.535463 0.406263 0.481717 0.881771 0.387825 0.411372 0.700745 0.341333 0.374854 0.398293 0.357786 0.466806 0.355795 0.543615 0.71401 0.410953 0.406503 0.479188 0.400758 0.374069 0.351349 0.316746 0.411546 0.36928 0.370761 0.538264 0.53718 0.353641 0.34246 0.368272 1.55227 1.48087 0.408505 1.51517 0.383996 0.370285 0.545914 1.45914 0.356037 0.456875 0.333958 0.372583 0.37626 0.91134 0.301706 0.311019 0.336161 0.373747 0.404133 0.385168 0.345619 0.484498 0.400137 1.29716 0.402547 0.562186 0.398101 0.400917 0.311398 0.284655 0.465745 0.342748 0.329896 0.39164 0.469034 0.628345 0.324922 0.342714 0.359175 0.477942 0.371066 0.395785 1.47363 0.344026 0.661203 0.402945 0.335274 0.650825 0.531062 1.17513 0.409821 0.384551 0.351643 0.465447 0.470039 0.563695 0.401722 0.392645 0.901299 0.5544 0.345863 0.467307 0.471861 0.357274 1.32249 0.342597 0.369506 0.480158 0.418784 0.649395 0.666981 1.37414 0.354126 0.329275 0.399485 0.401825 0.401346 0.694097 0.466198 1.34442 0.546653 0.475725 0.368208 0.404027 0.284276 0.38606 0.331572 0.397972 0.338705 0.409766 0.325582 0.402274 0.83462 0.567486 0.389315 0.399426 1.03833 1.31954 0.854268 0.558333 0.287246 1.32714 0.404069 0.468956 0.542481 0.373055 0.481334 0.408662 0.317776 0.706001 0.400338 0.465861 0.911146 0.548412 0.407601 0.404725 0.566325 0.538182 0.481659 0.393385 0.422948 0.701954 0.543135 0.812578 1.05046 0.478576 0.368898 0.30563 0.403024 0.394089 0.323042 0.701924 0.34583 0.388771 0.302063 0.479983 0.434709 0.41968 0.466091 0.404873
Testing:
Lab Growth Rates:
0.65 0.65 0.65
Dot Production Prediction of Lab Growth Rates:
1.38944 1.32173 1.37787
Best performance so far: 
Obj: 4.64041e-310Rho: 6.5069e-314Diff: 4.64041e-310
Test:
 Lab Growth Rates:
0.65 0.65 0.65Dot Product Prediction of Growth Rate:
1.389439 1.321734 1.377872