seed =  5 traits =  1 
Training: part  112 
Training: part  112 
Round  1 
 Goal of obj  0.99 
Temperature range:  0.0078125 1.5625e-14 
Cycle 1Round 1
Iter 500000 pBad 0.879029 T 0.00203162 Obj 1.08454 Rho 0 GRdif 47.7182 success 147116 failure 8508 obj_new 1.08454 SA_pAcc 1 Delta -0.00705967 SA_r 0.830536 freedomratio 0.371212
Iter 1000000 pBad 0.79094 T 0.000528317 Obj 1.04004 Rho 0 GRdif 23.0841 success 290783 failure 25301 obj_new 1.04004 SA_pAcc 1.11422 Delta -0.0484367 SA_r 0.806648 freedomratio 0.371917
Iter 1500000 pBad 0.729123 T 0.000137387 Obj 1.02684 Rho 0 GRdif 15.5735 success 431466 failure 48882 obj_new 1.02684 SA_pAcc 1 Delta 0.0652418 SA_r 0.535755 freedomratio 0.363861
Iter 2000000 pBad 0.674867 T 3.57271e-05 Obj 1.02087 Rho 0 GRdif 12.1446 success 569337 failure 79320 obj_new 1.02087 SA_pAcc 1 Delta 0.0544269 SA_r 0.880316 freedomratio 0.363861
Iter 2500000 pBad 0.505487 T 9.29071e-06 Obj 1.01644 Rho 0 GRdif 9.58847 success 703802 failure 117984 obj_new 1.01644 SA_pAcc 1 Delta -0.0352875 SA_r 0.0274122 freedomratio 0.357664
Iter 3000000 pBad 0.312536 T 2.41602e-06 Obj 1.01105 Rho 0 GRdif 6.45937 success 824505 failure 181621 obj_new 1.01105 SA_pAcc 1 Delta -0.0130656 SA_r 0.364383 freedomratio 0.332391
Iter 3500000 pBad 0.225869 T 6.28278e-07 Obj 1.00884 Rho 0 GRdif 5.17597 success 923283 failure 288943 obj_new 1.00884 SA_pAcc 1 Delta 0.0223264 SA_r 0.304664 freedomratio 0.327577
Iter 4000000 pBad 0.102404 T 1.63382e-07 Obj 1.00824 Rho 0 GRdif 4.82373 success 993941 failure 457684 obj_new 1.00824 SA_pAcc 1 Delta 0.00176795 SA_r 0.892124 freedomratio 0.29037
Iter 4500000 pBad 0.0380977 T 4.24869e-08 Obj 1.00793 Rho 0 GRdif 4.64683 success 1037958 failure 695883 obj_new 1.00793 SA_pAcc 1.18085e-40 Delta 0.00214638 SA_r 0.514077 freedomratio 0.244389
Iter 5000000 pBad 0.0205654 T 1.10486e-08 Obj 1.00785 Rho 0 GRdif 4.60026 success 1059860 failure 999873 obj_new 1.00785 SA_pAcc 0.0267609 Delta -0.000845258 SA_r 0.284753 freedomratio 0.218263
Iter 5500000 pBad 0.0110036 T 2.87315e-09 Obj 1.00783 Rho 0 GRdif 4.58487 success 1071723 failure 1341379 obj_new 1.00783 SA_pAcc 0.00110749 Delta -0.000528034 SA_r 0.645821 freedomratio 0.203109
Iter 6000000 pBad 0.00640824 T 7.47152e-10 Obj 1.00782 Rho 0 GRdif 4.57799 success 1078824 failure 1703436 obj_new 1.00782 SA_pAcc 0 Delta -0.000574794 SA_r 0.313013 freedomratio 0.19778
Iter 6500000 pBad 0.00217916 T 1.94295e-10 Obj 1.00781 Rho 0 GRdif 4.5751 success 1082881 failure 2078672 obj_new 1.00781 SA_pAcc 2.87813e-06 Delta 0.00011752 SA_r 0.616912 freedomratio 0.192471
Iter 7000000 pBad 0.000481525 T 5.05257e-11 Obj 1.00781 Rho 0 GRdif 4.57394 success 1085585 failure 2462290 obj_new 1.00781 SA_pAcc 1 Delta 3.71121e-05 SA_r 0.651763 freedomratio 0.188522
Iter 7500000 pBad 0.000491538 T 1.3139e-11 Obj 1.00781 Rho 0 GRdif 4.57314 success 1088042 failure 2854820 obj_new 1.00781 SA_pAcc 1 Delta 2.9001e-05 SA_r 0.659691 freedomratio 0.183521
Iter 8000000 pBad 0.000363164 T 3.41677e-12 Obj 1.00781 Rho 0 GRdif 4.57322 success 1089568 failure 3253003 obj_new 1.00781 SA_pAcc 0 Delta -3.62035e-05 SA_r 0.0758008 freedomratio 0.18137
Iter 8500000 pBad 1.27011e-13 T 8.88519e-13 Obj 1.00781 Rho 0 GRdif 4.57374 success 1095977 failure 3618854 obj_new 1.00781 SA_pAcc 0 Delta -1.15084e-14 SA_r 0.246433 freedomratio 0.172687
Iter 9000000 pBad 3.30448e-104 T 2.31057e-13 Obj 1.00781 Rho 0 GRdif 4.57641 success 1096011 failure 3932620 obj_new 1.00781 SA_pAcc 0 Delta 1.46534e-105 SA_r 0.190869 freedomratio 0.173247
Iter 9500000 pBad 4.84883e-238 T 6.00855e-14 Obj 1.00781 Rho 0 GRdif 4.58439 success 1096011 failure 4250008 obj_new 1.00783 SA_pAcc 0 Delta 8.31081e-240 SA_r 0.400051 freedomratio 0.138549
Iter 10000000 pBad 0 T 1.5625e-14 Obj 1.00781 Rho 0 GRdif 4.57267 success 1096011 failure 4592693 obj_new 1.00781 SA_pAcc 0 Delta -0 SA_r 0.371541 freedomratio 0.0581372
Cannot move further
iter 8.5573e+06 obj1.00781 rho 0 GRdif 4.57246
Training:
Lab Growth Rates:
0.27 0.3 0.45 0.485 0.55 0.46 0.53 0.09 0.59 0.476 0.58 0.54 1.05 0.4 0.4 0.47 0.27 0.65 0.54 0.47 0.4 0.6 1.49 0.26 0.4 0.3 0.54 1.67 0.49 0.65 0.5 0.41 0.36 0.5 0.17 0.52 0.46 0.52 0.37 1.483 0.54 0.42 0.31 0.56 0.46 0.46 0.724 0.54 1.483 0.58 0.3 0.59 0.4 0.58 0.11 0.45 0.47 0.39 0.34 0.5 0.4 0.4 0.45 0.4 0.5 0.53 0.48 0.48 0.65 0.33 0.4 1.345 0.59 0.5 0.4 0.53 0.53 0.17 0.4 0.3 0.23 0.26 0.4 0.5 0.42 0.33 0.59 0.49 0.724 0.46 0.48 0.23 0.5 0.22 0.52 0.43 0.45 0.53 0.38 0.25 0.47 1.345 1.345 1.345 0.724 1.483 0.58 0.1 0.23 0.27 1.248 0.22 0.39 0.49 0.59 0.53 0.25 0.4 0.56 0.901 0.42 0.54 0.45 0.6 1.483 0.55 0.4 0.11 0.1 0.42 0.46 0.56 0.4 0.4 0.45 0.39 0.3 0.4 1.05 0.37 0.39 0.47 0.54 1.483 1.35 0.41 0.4 0.25 0.14 0.32 0.39 0.52 0.46 0.636 0.52 0.301 0.58 0.43 0.56 0.4 0.46 0.55 0.53 0.476 0.58 0.43 0.48 0.45 0.47 0.43 1.46 0.37 0.47 0.59 0.53 0.465 0.4 0.58 0.4 0.59 0.58 0.26 0.5 0.4 0.4 0.42 0.59 0.37 0.301 0.19 0.4 1.43 0.33 0.54 0.45 0.48 0.5 0.34 1.483 1.345 0.37 0.481 0.48 1.46 0.901 0.5 0.4 0.55 0.3 1.248 0.58 0.4 0.59 0.59 0.5 0.4 0.33 0.635 0.65 0.68 0.58 0.42 0.4 0.41 0.38 0.55 0.377 0.58 0.42 0.762 0.762 0.5 0.3 0.4 0.465 0.55 0.1 0.54 1.66 0.38 0.4 0.45 0.41 0.42 0.43 0.56 0.7 0.617 0.5 0.58 0.4 0.33 0.47 0.47 0.32 0.637 0.47 1.483 0.37 0.37 1.345 0.2 0.54 0.4 0.22 0.52 0.5 0.46 0.41 0.5 0.4 0.42 0.47 0.37 0.762 0.45 0.54 0.25 0.41 0.27 0.58 0.19 0.45 0.59 0.485 0.46 0.52 0.65 0.4 0.43 0.42 0.52 0.46 0.54 0.38 0.52 0.635 0.53 0.47 0.25 0.4 0.4 0.51 0.37 0.4 0.4 0.4 0.58 0.53 0.42 0.31 0.648 0.46 0.47 0.4 0.47 0.54 0.54 0.37 1.483 0.59 0.54 0.46 1.483 0.45 0.5 0.5 0.4 0.46 0.71 0.5 0.23 0.4 0.56 0.25 1.483 0.23 0.54 0.7 0.45 0.47 0.55 0.32 0.5 0.23 0.648 0.46 0.7 0.5 0.51 0.11 0.17 0.47 0.5 0.762 0.5 0.36 1.43 0.47 0.56 1.483 1.67 0.25 1.05 1.345 0.56 0.56 0.4 0.4 0.48 1.345 0.33 0.47 0.37 0.56 0.38 0.45 0.09 0.5 0.485 0.68 0.4 0.31 0.4 1.42 0.54 0.27 0.37 0.5 0.54 0.43 0.14 1.05 0.36 0.3 0.34 0.71 0.47 0.22 0.42 0.53 0.4 0.3 0.377 1.44 0.4 0.55 0.42 0.47 1.483 0.65 0.5 1.345 0.53 1.38 1.05 1.4 0.465 0.22 0.47 0.43 0.65 0.47 0.42 0.33 1.248 0.45 1.248 0.58 0.43 0.59 0.5 0.46 0.5 0.56 0.42 0.37 0.39 0.1 0.2 0.58 0.42 0.5 0.1 0.71 0.52 0.485 0.47 0.481 0.56 0.37 0.3 0.54 0.56 0.46 0.2 0.46 0.53 0.23 0.6 1.66 0.4 0.7 0.43 0.48 0.5 0.58 0.41 0.54 0.45 0.58 0.54 0.686 0.901 0.42 1.46 0.5 0.54 0.1 0.5 0.55 0.37 0.4 0.52 0.22 0.59 0.54 0.4 0.1 0.901 0.901 0.3 0.4 0.65 0.54 0.54 0.3 0.45 0.56 0.686 0.45 0.59 0.68 0.09 0.377 0.45 0.637 0.5 0.3 0.56 1.345 1.345 1.345 0.4 0.5 0.56 0.36 0.54 0.4 0.3 0.56 0.22 0.1 0.648 0.5 0.25 0.59 0.41 0.46 0.637 1.248 0.42 0.4 0.43 0.36 0.481 0.56 0.53 0.51 1.03 0.65 0.68 0.36 0.55 0.41 0.55 0.33 0.636 0.37 0.53 0.301 0.58 0.68 0.36 0.4 0.23 0.54 0.19 1.46 0.4 0.58 0.36 0.58 0.27 0.476 0.4 0.22 0.636 0.33 0.4 0.46 0.4 0.55 0.47 0.635 0.52 0.686 0.4 0.901 0.48 0.23 0.36 0.4 0.4 0.1 0.54 0.43 0.46
Dot Production Prediction of Lab Growth Rates:
0.340525 0.432389 0.32979 0.504035 0.559178 0.410865 0.329968 0.342986 0.553983 0.506381 0.362064 0.435709 1.05267 0.400117 0.400478 0.355696 0.290082 0.640299 0.387489 0.346263 0.401621 0.545079 1.57173 0.598428 0.395889 0.278586 0.448151 1.53955 0.39542 0.66331 0.442257 0.404918 0.36135 0.331881 0.3284 0.398546 0.46642 0.384217 0.562459 1.2152 0.459118 0.342474 0.598142 0.531767 0.529441 0.344949 0.723983 0.552141 1.2119 0.470653 0.283411 0.540834 0.398207 0.46125 0.361037 1.48293 0.431943 0.300403 0.329258 0.746726 0.405692 0.399952 1.51118 0.391014 0.397184 0.53799 0.331215 0.317606 0.674548 0.452917 0.40367 1.19676 0.541037 0.477086 0.395634 0.396043 0.431716 0.328555 0.403343 0.547235 0.541709 0.478718 0.4015 0.364242 0.634405 0.362722 0.325011 0.367669 0.722107 0.33235 0.356121 0.431583 0.474405 0.46362 0.347867 0.411649 0.416485 0.263294 0.377519 0.371178 0.466024 1.2417 1.27117 1.25679 0.719519 1.19481 0.326276 1.22007 0.432619 0.386503 0.843101 0.470745 0.314173 0.371956 0.553287 0.491504 0.517771 0.32082 0.543672 0.90109 0.406377 0.539668 0.380619 0.529063 1.17229 0.54812 0.401337 0.382731 1.21511 0.367255 0.455373 0.553306 0.402631 0.398552 0.424558 0.342209 0.273316 0.404973 1.05275 0.421993 0.319223 0.349212 0.375037 1.17415 1.24396 0.319038 0.401488 0.367208 0.14001 0.316405 0.349474 0.367431 0.544151 0.722277 0.398392 0.499315 0.346835 0.36662 0.54567 0.396343 0.450347 0.549046 0.528939 0.504284 0.388434 0.40881 0.314138 0.301139 0.348456 0.372885 1.59024 0.417156 0.340999 0.316216 0.544209 0.506716 0.403539 0.358871 0.399793 0.374806 0.472454 0.388124 0.528749 0.402267 0.400702 0.343453 0.316295 0.426056 0.50026 0.315532 0.400204 1.32121 0.495088 0.53767 1.51596 0.278238 0.674692 0.328329 1.19398 1.24904 0.416881 0.500185 0.350319 1.04135 0.90487 0.331011 0.40178 0.434066 0.498411 0.84623 0.470117 0.397561 0.544213 0.329339 0.733323 0.397687 0.342862 0.710572 0.621184 0.474064 0.384921 0.301451 0.397138 0.502079 0.310361 0.453862 0.497987 0.471228 0.348849 0.767484 0.761725 0.551941 0.504414 0.402164 0.50414 0.551302 0.451997 0.401751 1.66 0.322512 0.401565 0.405317 0.352344 0.297497 0.413212 0.545558 0.752472 0.59838 0.373824 0.473473 0.400002 0.322262 0.411727 0.370621 0.314594 0.714643 0.397435 1.215 0.414368 0.414625 1.21424 0.375988 0.392848 0.394004 0.463332 0.394124 0.546055 0.368109 0.398308 0.380066 0.398851 0.319406 0.416742 0.42526 0.773073 1.51811 0.457602 0.559331 0.499439 0.621 0.471101 0.310431 0.361307 0.32574 0.493237 0.535398 0.356195 0.638189 0.401858 0.453461 0.319442 0.390431 0.445949 0.368573 0.382696 0.36692 0.718229 0.532598 0.385426 1.53066 0.403412 0.395299 0.412171 0.399307 0.399994 0.390139 0.399924 0.474207 0.523387 0.353505 0.602601 0.714562 0.456906 0.427458 0.398324 0.496154 0.390333 0.376155 0.449842 1.21579 0.389765 0.363971 0.454263 1.24055 0.366662 0.634612 0.308795 0.399219 0.307896 0.722679 0.332933 0.541886 0.403125 0.473733 0.850465 1.2049 0.53693 0.445422 0.757392 1.57173 0.352738 0.561148 0.351199 0.335633 0.541478 0.717004 0.283691 0.763214 0.360629 0.393503 0.322397 0.430367 0.488629 0.479688 0.772692 0.778518 0.347258 1.318 0.3498 0.537553 1.22392 1.43302 0.36838 1.04248 1.24114 0.475856 0.53996 0.397864 0.322982 0.273076 1.25991 0.364483 0.390365 0.303798 0.535505 0.318478 1.50269 0.464289 0.642468 0.501721 0.46707 0.395874 0.609458 0.399937 1.56389 0.30846 0.396723 0.406379 0.323001 0.53999 0.446623 0.139978 1.04498 0.426175 0.511356 0.328166 0.721652 0.406281 0.394385 0.610213 0.548785 0.401999 0.525374 0.497412 1.55023 0.403015 0.45131 0.345288 0.446389 1.18934 0.649936 0.654766 1.21712 0.365705 1.36037 1.57673 1.46559 0.506483 0.472711 0.36853 0.361445 0.676568 0.393428 0.305148 0.313224 0.842272 0.317645 0.841682 0.467659 0.374365 0.358084 0.471329 0.335549 0.466299 0.478483 0.343318 0.426527 0.309727 1.4894 0.395583 0.378817 0.335462 0.744357 0.461053 0.719583 0.398638 0.493856 0.332878 0.499982 0.54854 0.423902 0.451705 0.359528 0.551012 0.466274 0.404725 0.459994 0.530502 0.543406 0.513011 1.58613 0.398528 0.768094 0.430179 0.276183 0.547362 0.475589 0.501969 0.539834 1.56567 0.470415 0.44782 0.721859 0.900957 0.365642 1.04649 0.699931 0.384389 0.345541 0.529352 0.549538 0.410258 0.39235 0.367755 0.450361 0.547307 0.552852 0.392042 1.33381 0.902508 0.901002 0.403132 0.399379 0.661547 0.313555 0.337878 0.54825 0.334986 0.469579 0.726285 0.365744 0.550545 0.471067 0.383456 0.498876 0.341256 0.709632 0.722359 0.377077 0.467185 1.2625 1.19482 1.17042 0.400588 0.464253 0.541857 0.431185 0.339736 0.397957 0.330009 0.551547 0.466075 0.850735 0.710104 0.674448 0.306445 0.355515 0.390074 0.420907 0.715199 0.841112 0.613975 0.402799 0.372783 0.379193 0.502528 0.466718 0.321 0.428026 1.3723 0.649974 0.471705 0.349761 0.452403 0.368908 0.458381 0.532465 0.728363 0.40174 0.421904 0.501614 0.279879 0.469208 0.334165 0.402953 0.539833 0.365885 0.327914 1.04704 0.400024 0.337734 0.34119 0.470901 0.360655 0.505857 0.399274 0.359415 0.719652 0.325407 0.400793 0.400201 0.401273 0.44621 0.369913 0.716816 0.347375 0.723505 0.402097 0.812216 0.358542 0.432669 0.330655 0.390409 0.400571 1.45313 0.541171 0.383241 0.461734
Testing:
Lab Growth Rates:
0.6
Dot Production Prediction of Lab Growth Rates:
0.529741
Best performance so far: 
Obj: 4.65801e-310Rho: 2.26291e-314Diff: 4.65801e-310
Anneal again with the best G and E so far as input
Cycle 2Round 1
Iter 500000 pBad 0.860017 T 0.00203162 Obj 1.06875 Rho 0 GRdif 39.0945 success 112951 failure 8250 obj_new 1.06875 SA_pAcc 1 Delta -0.0713994 SA_r 0.00298654 freedomratio 0.266788
Iter 1000000 pBad 0.796028 T 0.000528317 Obj 1.03675 Rho 0 GRdif 21.2186 success 223038 failure 23007 obj_new 1.03675 SA_pAcc 1.34476 Delta -0.0745104 SA_r 0.316717 freedomratio 0.269972
Iter 1500000 pBad 0.678767 T 0.000137387 Obj 1.02973 Rho 0 GRdif 17.2287 success 330060 failure 44538 obj_new 1.02973 SA_pAcc 1.2927 Delta -0.0535605 SA_r 0.514982 freedomratio 0.268248
Iter 2000000 pBad 0.613693 T 3.57271e-05 Obj 1.02164 Rho 0 GRdif 12.5904 success 434454 failure 72655 obj_new 1.02164 SA_pAcc 1 Delta 0.00590788 SA_r 0.361364 freedomratio 0.269108
Iter 2500000 pBad 0.511813 T 9.29071e-06 Obj 1.01745 Rho 0 GRdif 10.1712 success 536295 failure 108420 obj_new 1.01745 SA_pAcc 0.567013 Delta 0.0291718 SA_r 0.239476 freedomratio 0.268861
Iter 3000000 pBad 0.297402 T 2.41602e-06 Obj 1.01371 Rho 0 GRdif 8.00694 success 628131 failure 163089 obj_new 1.01371 SA_pAcc 1 Delta -0.00718234 SA_r 0.556438 freedomratio 0.250853
Iter 3500000 pBad 0.210738 T 6.28278e-07 Obj 1.00941 Rho 0 GRdif 5.50545 success 707731 failure 250101 obj_new 1.00941 SA_pAcc 1 Delta -0.00534181 SA_r 0.724477 freedomratio 0.247371
Iter 4000000 pBad 0.0964941 T 1.63382e-07 Obj 1.00847 Rho 0 GRdif 4.95822 success 767011 failure 383303 obj_new 1.00847 SA_pAcc 0.0238729 Delta 0.00818164 SA_r 0.325507 freedomratio 0.222138
Iter 4500000 pBad 0.049572 T 4.24869e-08 Obj 1.00806 Rho 0 GRdif 4.72017 success 808743 failure 573697 obj_new 1.00806 SA_pAcc 0.133807 Delta 0.00164184 SA_r 0.91916 freedomratio 0.194573
Iter 5000000 pBad 0.022986 T 1.10486e-08 Obj 1.00787 Rho 0 GRdif 4.60956 success 833434 failure 828582 obj_new 1.00787 SA_pAcc 3.04022e-60 Delta 0.000581088 SA_r 0.572677 freedomratio 0.175261
Iter 5500000 pBad 0.0110238 T 2.87315e-09 Obj 1.00783 Rho 0 GRdif 4.58427 success 846059 failure 1130453 obj_new 1.00783 SA_pAcc 6.64213e-29 Delta -0.000792867 SA_r 0.841294 freedomratio 0.164338
Iter 6000000 pBad 0.00623969 T 7.47152e-10 Obj 1.00779 Rho 0 GRdif 4.56544 success 857256 failure 1458445 obj_new 1.00779 SA_pAcc 3.41199e-06 Delta -0.000162091 SA_r 0.0278649 freedomratio 0.153365
Iter 6500000 pBad 0.0015449 T 1.94295e-10 Obj 1.00778 Rho 0 GRdif 4.55802 success 865476 failure 1809886 obj_new 1.00778 SA_pAcc 1.07198e-10 Delta -0.000105707 SA_r 0.349455 freedomratio 0.146816
Iter 7000000 pBad 0.00266384 T 5.05257e-11 Obj 1.00777 Rho 0 GRdif 4.55371 success 872732 failure 2183170 obj_new 1.00777 SA_pAcc 1 Delta -0.000226286 SA_r 0.865011 freedomratio 0.140167
Iter 7500000 pBad 0.00135795 T 1.3139e-11 Obj 1.00777 Rho 0 GRdif 4.55194 success 877819 failure 2569203 obj_new 1.00777 SA_pAcc 1 Delta -9.89685e-05 SA_r 0.770753 freedomratio 0.137963
Iter 8000000 pBad 0.000375842 T 3.41677e-12 Obj 1.00777 Rho 0 GRdif 4.55097 success 883219 failure 2960848 obj_new 1.00777 SA_pAcc 1 Delta -1.53558e-05 SA_r 0.856798 freedomratio 0.137608
Iter 8500000 pBad 2.50722e-19 T 8.88519e-13 Obj 1.00777 Rho 0 GRdif 4.66991 success 886186 failure 3332028 obj_new 1.00797 SA_pAcc 0 Delta -1.76468e-20 SA_r 0.169171 freedomratio 0.133364
Iter 9000000 pBad 2.77149e-104 T 2.31057e-13 Obj 1.00777 Rho 0 GRdif 4.55071 success 886186 failure 3662434 obj_new 1.00777 SA_pAcc 1 Delta -2.18634e-105 SA_r 0.489282 freedomratio 0.133364
Iter 9500000 pBad 0 T 6.00855e-14 Obj 1.00777 Rho 0 GRdif 4.55071 success 886186 failure 3996685 obj_new 1.00777 SA_pAcc 1 Delta -0 SA_r 0.306102 freedomratio 0.103212
Good enough
iter 8.33747e+06 obj1.00777 rho 0 GRdif 4.55071
Training:
Lab Growth Rates:
0.27 0.3 0.45 0.485 0.55 0.46 0.53 0.09 0.59 0.476 0.58 0.54 1.05 0.4 0.4 0.47 0.27 0.65 0.54 0.47 0.4 0.6 1.49 0.26 0.4 0.3 0.54 1.67 0.49 0.65 0.5 0.41 0.36 0.5 0.17 0.52 0.46 0.52 0.37 1.483 0.54 0.42 0.31 0.56 0.46 0.46 0.724 0.54 1.483 0.58 0.3 0.59 0.4 0.58 0.11 0.45 0.47 0.39 0.34 0.5 0.4 0.4 0.45 0.4 0.5 0.53 0.48 0.48 0.65 0.33 0.4 1.345 0.59 0.5 0.4 0.53 0.53 0.17 0.4 0.3 0.23 0.26 0.4 0.5 0.42 0.33 0.59 0.49 0.724 0.46 0.48 0.23 0.5 0.22 0.52 0.43 0.45 0.53 0.38 0.25 0.47 1.345 1.345 1.345 0.724 1.483 0.58 0.1 0.23 0.27 1.248 0.22 0.39 0.49 0.59 0.53 0.25 0.4 0.56 0.901 0.42 0.54 0.45 0.6 1.483 0.55 0.4 0.11 0.1 0.42 0.46 0.56 0.4 0.4 0.45 0.39 0.3 0.4 1.05 0.37 0.39 0.47 0.54 1.483 1.35 0.41 0.4 0.25 0.14 0.32 0.39 0.52 0.46 0.636 0.52 0.301 0.58 0.43 0.56 0.4 0.46 0.55 0.53 0.476 0.58 0.43 0.48 0.45 0.47 0.43 1.46 0.37 0.47 0.59 0.53 0.465 0.4 0.58 0.4 0.59 0.58 0.26 0.5 0.4 0.4 0.42 0.59 0.37 0.301 0.19 0.4 1.43 0.33 0.54 0.45 0.48 0.5 0.34 1.483 1.345 0.37 0.481 0.48 1.46 0.901 0.5 0.4 0.55 0.3 1.248 0.58 0.4 0.59 0.59 0.5 0.4 0.33 0.635 0.65 0.68 0.58 0.42 0.4 0.41 0.38 0.55 0.377 0.58 0.42 0.762 0.762 0.5 0.3 0.4 0.465 0.55 0.1 0.54 1.66 0.38 0.4 0.45 0.41 0.42 0.43 0.56 0.7 0.617 0.5 0.58 0.4 0.33 0.47 0.47 0.32 0.637 0.47 1.483 0.37 0.37 1.345 0.2 0.54 0.4 0.22 0.52 0.5 0.46 0.41 0.5 0.4 0.42 0.47 0.37 0.762 0.45 0.54 0.25 0.41 0.27 0.58 0.19 0.45 0.59 0.485 0.46 0.52 0.65 0.4 0.43 0.42 0.52 0.46 0.54 0.38 0.52 0.635 0.53 0.47 0.25 0.4 0.4 0.51 0.37 0.4 0.4 0.4 0.58 0.53 0.42 0.31 0.648 0.46 0.47 0.4 0.47 0.54 0.54 0.37 1.483 0.59 0.54 0.46 1.483 0.45 0.5 0.5 0.4 0.46 0.71 0.5 0.23 0.4 0.56 0.25 1.483 0.23 0.54 0.7 0.45 0.47 0.55 0.32 0.5 0.23 0.648 0.46 0.7 0.5 0.51 0.11 0.17 0.47 0.5 0.762 0.5 0.36 1.43 0.47 0.56 1.483 1.67 0.25 1.05 1.345 0.56 0.56 0.4 0.4 0.48 1.345 0.33 0.47 0.37 0.56 0.38 0.45 0.09 0.5 0.485 0.68 0.4 0.31 0.4 1.42 0.54 0.27 0.37 0.5 0.54 0.43 0.14 1.05 0.36 0.3 0.34 0.71 0.47 0.22 0.42 0.53 0.4 0.3 0.377 1.44 0.4 0.55 0.42 0.47 1.483 0.65 0.5 1.345 0.53 1.38 1.05 1.4 0.465 0.22 0.47 0.43 0.65 0.47 0.42 0.33 1.248 0.45 1.248 0.58 0.43 0.59 0.5 0.46 0.5 0.56 0.42 0.37 0.39 0.1 0.2 0.58 0.42 0.5 0.1 0.71 0.52 0.485 0.47 0.481 0.56 0.37 0.3 0.54 0.56 0.46 0.2 0.46 0.53 0.23 0.6 1.66 0.4 0.7 0.43 0.48 0.5 0.58 0.41 0.54 0.45 0.58 0.54 0.686 0.901 0.42 1.46 0.5 0.54 0.1 0.5 0.55 0.37 0.4 0.52 0.22 0.59 0.54 0.4 0.1 0.901 0.901 0.3 0.4 0.65 0.54 0.54 0.3 0.45 0.56 0.686 0.45 0.59 0.68 0.09 0.377 0.45 0.637 0.5 0.3 0.56 1.345 1.345 1.345 0.4 0.5 0.56 0.36 0.54 0.4 0.3 0.56 0.22 0.1 0.648 0.5 0.25 0.59 0.41 0.46 0.637 1.248 0.42 0.4 0.43 0.36 0.481 0.56 0.53 0.51 1.03 0.65 0.68 0.36 0.55 0.41 0.55 0.33 0.636 0.37 0.53 0.301 0.58 0.68 0.36 0.4 0.23 0.54 0.19 1.46 0.4 0.58 0.36 0.58 0.27 0.476 0.4 0.22 0.636 0.33 0.4 0.46 0.4 0.55 0.47 0.635 0.52 0.686 0.4 0.901 0.48 0.23 0.36 0.4 0.4 0.1 0.54 0.43 0.46
Dot Production Prediction of Lab Growth Rates:
0.331557 0.52103 0.317374 0.542865 0.555062 0.41002 0.324649 0.347335 0.552421 0.544802 0.354575 0.466032 1.04961 0.38691 0.387392 0.352842 0.270072 0.641518 0.370413 0.346211 0.386767 0.683382 1.46589 0.581481 0.381098 0.260335 0.473171 1.43145 0.39439 0.651783 0.437323 0.401762 0.336782 0.341213 0.277543 0.387121 0.466746 0.381399 0.562845 1.3292 0.472667 0.343704 0.603975 0.529839 0.550681 0.343941 0.722899 0.558216 1.33316 0.478011 0.267498 0.540015 0.394765 0.456921 0.355837 1.36162 0.412919 0.30163 0.336529 0.820501 0.391204 0.38655 1.38183 0.368573 0.394525 0.530842 0.33823 0.315255 0.684446 0.466975 0.388086 1.3223 0.542162 0.483471 0.377992 0.393279 0.421462 0.303206 0.38835 0.69533 0.546193 0.466882 0.387362 0.351559 0.603222 0.346087 0.334261 0.401655 0.723684 0.328829 0.346784 0.436998 0.482364 0.461324 0.353709 0.401589 0.420906 0.268431 0.372697 0.353558 0.460528 1.33707 1.38404 1.35437 0.718344 1.29798 0.309421 1.14672 0.435812 0.354051 0.843886 0.477464 0.309484 0.383398 0.552459 0.470957 0.51142 0.298272 0.543361 0.903687 0.395733 0.522836 0.384339 0.657204 1.29621 0.544529 0.386817 0.389455 1.17008 0.345236 0.449532 0.548885 0.389856 0.383305 0.417596 0.338503 0.260135 0.38831 1.05716 0.429039 0.308894 0.338799 0.349343 1.31214 1.17496 0.326879 0.387811 0.353017 0.139807 0.323222 0.323787 0.369493 0.577472 0.716308 0.393286 0.527079 0.335926 0.361726 0.5477 0.380995 0.437743 0.544621 0.530875 0.540495 0.391468 0.394537 0.310633 0.293197 0.340072 0.356021 1.51917 0.423226 0.333895 0.30327 0.540364 0.537444 0.388631 0.362395 0.385433 0.382995 0.476523 0.395716 0.519887 0.400403 0.386151 0.351083 0.326418 0.420433 0.526776 0.288048 0.383749 1.23583 0.504529 0.529067 1.41725 0.26885 0.718851 0.327004 1.29784 1.36672 0.424511 0.532463 0.345361 1.0492 0.905658 0.317114 0.387599 0.453345 0.633456 0.849635 0.475554 0.395524 0.539508 0.333757 0.820521 0.377991 0.32881 0.711557 0.622906 0.356691 0.382312 0.304608 0.379513 0.530473 0.292554 0.476185 0.52712 0.478842 0.34742 0.761768 0.761667 0.557159 0.620763 0.386695 0.535146 0.545676 0.445341 0.389148 1.59578 0.304403 0.386424 0.405819 0.363569 0.287815 0.404799 0.550998 0.780584 0.497301 0.366502 0.477792 0.392711 0.323261 0.394638 0.361845 0.302293 0.705347 0.399046 1.34692 0.41932 0.419954 1.32177 0.34695 0.395313 0.377136 0.468898 0.362793 0.552974 0.350006 0.401029 0.371142 0.387092 0.302779 0.382945 0.432928 0.766391 1.39274 0.4696 0.520857 0.515746 0.597939 0.481265 0.296881 0.358797 0.305582 0.5236 0.532915 0.340874 0.649655 0.404741 0.455817 0.320348 0.362378 0.447536 0.375684 0.376836 0.349754 0.718011 0.534297 0.370006 1.39547 0.388324 0.388069 0.402543 0.399107 0.394707 0.365427 0.387076 0.47841 0.525898 0.340399 0.63176 0.713396 0.459862 0.383432 0.375125 0.490428 0.39527 0.370917 0.449061 1.32774 0.404772 0.379007 0.452329 1.3528 0.355433 0.737328 0.308865 0.394255 0.299704 0.728561 0.33162 0.547125 0.388816 0.475213 1.00801 1.32548 0.545016 0.469668 0.776886 1.46589 0.36246 0.555538 0.338003 0.329738 0.5423 0.708878 0.28697 0.783091 0.358981 0.388234 0.328839 0.410352 0.475826 0.482136 0.76739 0.844998 0.360845 1.2252 0.338829 0.538425 1.31714 1.36413 0.355629 1.03462 1.34478 0.474999 0.545618 0.384492 0.30643 0.274426 1.35932 0.35226 0.399486 0.293955 0.527161 0.304666 1.3614 0.45172 0.765489 0.538652 0.358636 0.38014 0.608961 0.400049 1.45671 0.287506 0.359173 0.398609 0.330454 0.532745 0.427139 0.140051 1.05845 0.412332 0.641496 0.312346 0.720743 0.402596 0.396062 0.596895 0.544979 0.385826 0.658852 0.523368 1.43678 0.398119 0.473949 0.336401 0.410362 1.31198 0.649093 0.753523 1.3155 0.371968 1.29887 1.47558 1.39977 0.535972 0.478686 0.35177 0.359035 0.668316 0.368107 0.2935 0.316444 0.842663 0.314082 0.84254 0.478254 0.374465 0.31606 0.477651 0.343855 0.474134 0.47366 0.333075 0.432373 0.313429 1.33032 0.397023 0.385602 0.340786 0.873792 0.460471 0.72013 0.389319 0.525426 0.292818 0.532869 0.551667 0.428543 0.600294 0.37667 0.54426 0.469516 0.369572 0.459477 0.53474 0.5427 0.648186 1.56895 0.394433 0.796134 0.435226 0.268347 0.535108 0.477229 0.531451 0.54327 1.45214 0.48204 0.465286 0.722109 0.900722 0.366476 1.07102 0.810985 0.386495 0.321473 0.522056 0.549844 0.415476 0.370719 0.366367 0.451221 0.544613 0.553326 0.369481 1.29668 0.903842 0.917158 0.390036 0.393455 0.656699 0.312233 0.328885 0.695103 0.338898 0.479768 0.728164 0.371802 0.544706 0.357194 0.383166 0.527996 0.345748 0.705006 0.839134 0.343754 0.479936 1.3571 1.30139 1.30061 0.402504 0.472903 0.541305 0.429684 0.340898 0.376412 0.313151 0.548297 0.469974 1.02708 0.698194 0.788743 0.297163 0.335914 0.365265 0.416258 0.70574 0.838548 0.600778 0.378147 0.383045 0.380552 0.534854 0.478732 0.333472 0.428243 1.29755 0.64194 0.360297 0.350199 0.48304 0.361468 0.474428 0.512903 0.724607 0.397443 0.433706 0.524047 0.284531 0.35173 0.340014 0.388493 0.535328 0.373514 0.297373 1.05068 0.396418 0.354622 0.32959 0.480743 0.35333 0.537525 0.382959 0.362602 0.717736 0.295397 0.388385 0.393209 0.396108 0.48084 0.36957 0.716372 0.356326 0.728685 0.388026 0.796665 0.357585 0.436001 0.317235 0.369471 0.38313 1.32826 0.535534 0.371488 0.463596
Testing:
Lab Growth Rates:
0.6
Dot Production Prediction of Lab Growth Rates:
0.667825
Best performance so far: 
Obj: 4.65801e-310Rho: 6.5069e-314Diff: 4.65801e-310
Test:
 Lab Growth Rates:
0.6Dot Product Prediction of Growth Rate:
0.6678251