seed =  5 traits =  1 
Training: part  30 
Training: part  30 
Round  1 
 Goal of obj  0.99 
Temperature range:  0.00390625 1.5625e-13 
Cycle 1Round 1
Iter 500000 pBad 0.856407 T 0.00117995 Obj 1.084 Rho 0 GRdif 47.2667 success 147214 failure 9134 obj_new 1.084 SA_pAcc 0.875533 Delta 0.00956118 SA_r 0.414764 freedomratio 0.371121
Iter 1000000 pBad 0.773933 T 0.000356424 Obj 1.03832 Rho 0 GRdif 22.0379 success 289561 failure 28480 obj_new 1.03832 SA_pAcc 1 Delta 0.0368765 SA_r 0.386676 freedomratio 0.368322
Iter 1500000 pBad 0.710871 T 0.000107664 Obj 1.02861 Rho 0 GRdif 16.5317 success 430824 failure 49850 obj_new 1.02861 SA_pAcc 1 Delta -0.0387423 SA_r 0.814578 freedomratio 0.365109
Iter 2000000 pBad 0.598984 T 3.25217e-05 Obj 1.02056 Rho 0 GRdif 11.9277 success 568483 failure 79959 obj_new 1.02056 SA_pAcc 1 Delta 0.00135703 SA_r 0.252301 freedomratio 0.353225
Iter 2500000 pBad 0.488888 T 9.82372e-06 Obj 1.016 Rho 0 GRdif 9.30347 success 701425 failure 118819 obj_new 1.016 SA_pAcc 1.4855 Delta 0.039907 SA_r 0.890205 freedomratio 0.351108
Iter 3000000 pBad 0.358838 T 2.96742e-06 Obj 1.01331 Rho 0 GRdif 7.74927 success 818637 failure 186806 obj_new 1.01331 SA_pAcc 2.37211 Delta -0.0280701 SA_r 0.774762 freedomratio 0.349434
Iter 3500000 pBad 0.215745 T 8.96359e-07 Obj 1.0113 Rho 0 GRdif 6.58693 success 917919 failure 291548 obj_new 1.0113 SA_pAcc 1 Delta -0.0148346 SA_r 0.13435 freedomratio 0.326281
Iter 4000000 pBad 0.124136 T 2.7076e-07 Obj 1.01008 Rho 0 GRdif 5.87606 success 993561 failure 448429 obj_new 1.01008 SA_pAcc 0.297086 Delta -0.00327904 SA_r 0.401327 freedomratio 0.293734
Iter 4500000 pBad 0.0819755 T 8.17877e-08 Obj 1.0095 Rho 0 GRdif 5.53947 success 1048231 failure 657850 obj_new 1.0095 SA_pAcc 1.23622 Delta 0.000753467 SA_r 0.552009 freedomratio 0.262192
Iter 5000000 pBad 0.0296285 T 2.47054e-08 Obj 1.00925 Rho 0 GRdif 5.4262 success 1078267 failure 936271 obj_new 1.0093 SA_pAcc 0 Delta 0.00223309 SA_r 0.351514 freedomratio 0.225993
Iter 5500000 pBad 0.0129939 T 7.46267e-09 Obj 1.00919 Rho 0 GRdif 5.35853 success 1093277 failure 1261166 obj_new 1.00919 SA_pAcc 0.00776714 Delta -0.000650307 SA_r 0.0420914 freedomratio 0.215362
Iter 6000000 pBad 0.00635058 T 2.25422e-09 Obj 1.00914 Rho 0 GRdif 5.33007 success 1101478 failure 1608126 obj_new 1.00914 SA_pAcc 1.3723e-222 Delta 0.00025469 SA_r 0.298561 freedomratio 0.208319
Iter 6500000 pBad 0.00414816 T 6.80926e-10 Obj 1.00911 Rho 0 GRdif 5.32125 success 1106372 failure 1966371 obj_new 1.00912 SA_pAcc 0 Delta 4.85678e-05 SA_r 0.460509 freedomratio 0.204395
Iter 7000000 pBad 0.00189826 T 2.05685e-10 Obj 1.00911 Rho 0 GRdif 5.31547 success 1109124 failure 2331708 obj_new 1.00911 SA_pAcc 0 Delta 2.05655e-06 SA_r 0.552714 freedomratio 0.202488
Iter 7500000 pBad 0.00120583 T 6.21307e-11 Obj 1.00911 Rho 0 GRdif 5.31371 success 1110709 failure 2701722 obj_new 1.00911 SA_pAcc 0 Delta 0.000100647 SA_r 0.646773 freedomratio 0.200685
Iter 8000000 pBad 0.000588212 T 1.87676e-11 Obj 1.00911 Rho 0 GRdif 5.3677 success 1111861 failure 3074085 obj_new 1.0092 SA_pAcc 0 Delta 2.78319e-05 SA_r 0.21676 freedomratio 0.200479
Iter 8500000 pBad 1.82306e-07 T 5.66907e-12 Obj 1.00911 Rho 0 GRdif 5.31411 success 1113212 failure 3445824 obj_new 1.00911 SA_pAcc 0 Delta 9.85004e-09 SA_r 0.178061 freedomratio 0.196578
Iter 9000000 pBad 6.8656e-05 T 1.71244e-12 Obj 1.0091 Rho 0 GRdif 5.31126 success 1116722 failure 3813152 obj_new 1.0091 SA_pAcc 1.38854e-52 Delta -1.6148e-06 SA_r 0.414377 freedomratio 0.198779
Iter 9500000 pBad 2.26074e-27 T 5.17271e-13 Obj 1.0091 Rho 0 GRdif 5.31105 success 1121819 failure 4148463 obj_new 1.0091 SA_pAcc 1 Delta -2.82344e-29 SA_r 0.494603 freedomratio 0.185326
Iter 10000000 pBad 3.42202e-35 T 1.5625e-13 Obj 1.0091 Rho 0 GRdif 5.31111 success 1121819 failure 4429858 obj_new 1.0091 SA_pAcc 0 Delta 3.23907e-37 SA_r 0.870788 freedomratio 0.180641
Cannot move further
iter 9.49516e+06 obj1.0091 rho 0 GRdif 5.31105
Training:
Lab Growth Rates:
0.4 0.42 0.45 0.59 0.377 0.43 0.42 1.05 0.38 0.4 0.53 0.38 0.59 0.56 0.46 0.45 0.23 0.27 0.56 1.345 0.4 0.47 0.4 1.42 0.37 0.32 0.49 0.1 0.25 0.68 0.5 0.47 0.11 0.56 0.1 0.58 0.41 0.47 0.31 0.47 0.51 0.43 0.637 0.762 0.54 0.37 0.4 0.46 0.1 0.26 0.4 0.42 0.53 0.53 0.45 0.56 0.4 0.45 1.248 0.53 0.43 0.55 0.46 0.54 0.3 0.14 0.48 0.19 0.3 0.724 0.48 0.59 0.3 0.34 0.48 0.54 0.48 0.26 0.5 0.636 0.3 0.33 0.686 0.46 0.52 0.45 0.53 0.59 0.36 1.248 0.58 0.45 0.39 0.32 0.09 0.22 0.37 0.54 0.901 0.4 0.45 0.37 0.36 0.5 0.648 0.5 0.5 0.45 0.5 0.4 1.66 0.46 0.37 0.53 1.66 0.33 0.47 1.345 0.65 0.56 0.55 0.59 0.52 0.42 0.68 0.5 0.42 0.54 0.42 0.27 0.09 0.27 0.5 1.248 0.3 1.483 0.4 0.1 0.47 1.248 0.33 0.54 1.49 1.67 0.58 0.58 0.3 0.52 0.52 0.65 0.4 0.5 0.56 0.6 0.39 0.4 0.33 1.44 0.56 0.465 0.59 1.46 0.42 0.48 0.23 1.345 0.49 0.56 0.6 0.481 0.4 0.53 0.56 0.46 0.54 0.46 0.17 0.19 0.5 0.686 0.36 1.483 0.4 0.46 0.39 0.5 0.52 0.5 0.43 0.55 0.46 0.46 0.5 0.481 0.53 0.485 0.5 0.47 0.25 1.35 0.25 0.54 0.5 0.23 0.41 0.2 0.58 0.55 0.6 0.43 0.54 0.43 0.33 0.46 0.4 0.45 0.39 0.617 0.51 1.46 0.37 0.45 0.46 0.31 0.2 0.09 0.46 0.11 0.4 0.52 0.648 0.901 0.465 0.54 0.22 0.5 0.4 0.42 0.33 0.4 0.37 0.23 0.3 0.53 0.54 1.05 0.38 0.65 1.345 1.67 0.45 0.55 0.49 0.42 0.4 0.635 1.03 0.5 0.56 0.5 0.4 0.3 0.1 0.4 0.4 0.17 0.4 0.39 0.54 0.46 0.1 0.54 0.485 0.59 0.54 0.4 0.47 1.483 0.5 0.47 0.4 0.42 0.59 0.54 0.55 1.345 0.53 0.724 0.54 0.65 0.42 1.46 0.47 0.58 0.4 0.41 0.25 0.37 0.59 0.485 0.301 0.48 0.58 0.33 0.36 0.4 0.4 0.25 0.45 0.45 0.45 0.762 0.762 0.54 0.47 0.4 0.4 0.46 0.47 0.37 0.4 0.901 1.483 1.345 0.47 0.45 1.43 0.46 0.724 0.17 0.39 0.637 0.901 0.43 0.5 0.52 0.22 0.4 0.58 0.56 0.41 0.37 0.55 1.05 1.46 0.46 0.22 0.68 0.68 0.34 0.5 0.59 0.47 0.377 0.27 0.4 0.5 0.33 0.4 0.59 0.65 0.4 0.65 0.4 0.7 0.377 0.476 0.58 0.5 0.56 0.58 0.46 0.7 0.42 0.23 0.71 0.23 0.58 0.4 0.47 0.47 0.54 0.301 0.54 0.5 1.05 0.481 0.2 0.27 0.42 0.43 0.41 0.53 0.37 0.5 0.58 0.4 0.301 0.4 0.7 1.345 0.42 0.43 0.46 0.58 0.3 0.465 0.36 0.56 0.56 0.42 0.762 0.52 0.476 0.476 0.25 0.4 0.54 0.4 0.46 0.47 0.38 0.4 0.4 0.53 0.56 0.37 0.59 0.4 0.54 0.56 0.5 0.59 0.55 0.4 0.4 1.345 0.36 0.4 0.4 0.68 0.54 0.65 0.25 0.5 0.65 0.48 0.22 0.48 0.3 1.483 0.23 0.43 0.59 0.52 0.4 0.26 0.54 0.34 0.4 1.38 0.53 0.55 0.25 0.48 0.55 0.3 0.36 0.58 0.4 0.41 0.4 0.23 0.4 0.37 0.47 0.4 0.3 0.5 0.56 0.43 0.54 1.43 0.4 0.52 0.901 0.635 0.65 0.58 0.46 0.648 0.52 0.3 0.55 0.5 0.37 0.5 0.53 0.637 0.36 0.58 0.22 0.686 0.636 0.43 0.4 1.483 0.11 0.47 0.58 0.5 1.248 0.58 0.7 0.47 0.42 0.58 0.37 0.47 0.41 0.59 1.05 1.345 0.59 0.54 0.5 0.4 0.1 0.45 0.485 0.4 0.53 0.36 0.45 0.33 1.345 0.901 0.22 0.41 0.42 0.4 0.47 0.52 0.5 0.4 0.54 0.636 0.3 0.71 0.58 0.19 0.32 0.45 0.4 0.4 0.14 0.27 1.4 1.345 1.483 0.6 0.54 1.483 0.55 0.22 0.56 0.37 0.1 0.71 0.23 0.4 0.42 0.38 0.47 0.635 0.54 0.31 0.45 0.51 1.483 0.1 0.47 1.345 0.41 0.58 0.5
Dot Production Prediction of Lab Growth Rates:
0.398442 0.331084 1.49061 0.368061 0.522751 0.374103 0.542852 0.97801 0.319817 0.397445 0.37422 0.376552 0.54651 0.540512 0.402221 0.384116 0.528993 0.570508 0.476269 0.987666 0.400056 0.36977 0.399309 1.49781 0.415674 0.328322 0.407513 0.442952 0.342917 0.354107 0.475807 0.347503 0.34465 0.539998 0.890283 0.47342 0.352274 0.44745 0.509376 0.355591 0.393688 0.420487 0.693214 1.42618 0.533722 0.427745 0.402254 0.335189 0.430342 0.429068 0.403829 0.534235 0.532406 0.539291 1.46865 0.531097 0.40365 0.421023 1.24641 0.52746 0.421364 0.453997 0.314771 0.451597 0.419603 0.142065 0.314418 0.34795 0.354351 0.702234 0.331533 0.555679 0.29714 0.317157 0.337096 0.383511 0.338421 0.351242 0.468645 0.684536 0.323541 0.324048 0.704641 0.385313 0.397206 0.371044 0.537618 0.547074 0.362262 1.25132 0.472491 0.377976 0.342104 0.313555 0.455643 0.457549 0.406207 0.533992 0.888193 0.404429 0.346215 0.378913 0.369651 0.546568 0.697302 0.544563 0.606676 1.45828 0.58143 0.403329 1.66 0.500054 0.411586 0.340802 1.66 0.369977 0.39016 0.955209 0.652752 0.463844 0.456778 0.35816 0.357525 0.347584 0.351321 0.410758 0.325235 0.326673 0.375881 0.356555 0.348891 0.374385 0.534169 1.26633 0.350988 0.92568 0.391253 0.916907 0.371792 1.24368 0.328506 0.541805 1.49061 1.50168 0.469791 0.404098 0.308932 0.398837 0.408173 0.644481 0.394281 0.473714 0.470327 0.363349 0.325504 0.402686 0.341723 1.46524 0.540484 0.523056 0.343899 1.00154 0.343756 0.364245 0.433627 0.923118 0.386704 0.539888 0.356638 0.513419 0.400003 0.303878 0.538786 0.46 0.461078 0.393665 0.325601 0.330796 0.505583 0.703717 0.360036 0.953373 0.399493 0.464596 0.305487 0.532457 0.378707 0.602226 0.377006 0.465269 0.464016 0.46321 0.391295 0.51632 0.49864 0.517382 0.343088 0.408813 0.310994 1.35241 1.4771 0.339054 0.316886 0.542958 0.398525 0.349136 0.460351 0.547968 0.356793 0.364957 0.451942 0.396453 0.478779 0.46342 0.392792 1.46147 0.345912 0.591951 0.427075 1.00063 0.515579 0.357979 0.416989 0.515547 0.393341 0.376648 0.505978 0.393237 0.393298 0.401038 0.699963 0.895392 0.519738 0.411676 0.466665 0.648806 0.401385 0.321158 0.494224 0.401966 0.419935 0.543594 0.291247 0.549315 0.545562 1.85271 0.309771 0.626527 0.984127 1.34688 0.398897 0.466785 0.381451 0.388742 0.336721 0.700444 1.3009 0.319013 0.542348 0.466534 0.402162 0.342215 1.41206 0.400815 0.401449 0.44067 0.402532 0.378347 0.376242 0.481292 1.09952 0.359849 0.512317 0.327068 0.31423 0.39807 0.399832 0.953874 0.554423 0.361954 0.400933 0.339487 0.318291 0.542858 0.549998 0.971328 0.453972 0.703338 0.418481 0.678731 0.337457 0.951521 0.378251 0.328453 0.393795 0.369948 0.49483 0.309216 0.551926 0.511458 0.519128 0.334267 0.382172 0.363234 0.339278 0.399638 0.401721 0.347598 0.34726 1.47551 0.342564 1.39528 1.44764 0.387562 0.456137 0.36999 0.403764 0.357066 0.373983 0.430252 0.392339 0.901231 0.942921 0.950647 0.451612 1.45851 1.43354 0.420398 0.699226 0.340861 0.335773 0.694849 0.894876 0.362533 0.376091 0.369579 0.375938 0.3965 0.359347 0.531716 0.51643 0.41674 0.549092 1.05 1.77066 0.45927 0.437161 0.353814 0.350204 0.330296 0.339503 0.545775 0.447219 0.522758 0.316159 0.395455 0.370671 0.378907 0.401177 0.377053 0.649949 0.400645 0.649999 0.400529 0.627394 0.529703 0.523342 0.378188 0.527449 0.543718 0.461332 0.307909 0.634488 0.540504 0.431522 0.700141 0.533931 0.473265 0.40216 0.380166 0.398892 0.531339 0.522207 0.384605 0.532145 1.05759 0.511624 0.386306 0.37965 0.352851 0.377412 0.327218 0.35861 0.433261 0.327301 0.461761 0.393976 0.521336 0.401981 0.632326 0.947793 0.311901 0.375428 0.458196 0.34122 0.351252 0.51715 0.337509 0.466128 0.467519 0.35453 1.41733 0.391549 0.522229 0.521416 0.677613 0.401057 0.386775 0.401693 0.409567 0.372005 0.37177 0.400755 0.400871 0.402223 0.535859 0.414701 0.334284 0.398021 0.461473 0.544437 0.533547 0.546126 0.469706 0.393707 0.397751 0.935742 0.36761 0.392637 0.395928 0.353916 0.451124 0.637544 0.347234 0.586473 0.685655 0.318601 0.471822 0.333098 0.36704 0.919603 0.532092 0.401046 0.315425 0.358332 0.400993 0.527662 0.419098 0.323101 0.396635 1.23103 0.419301 0.55292 0.53057 0.311756 0.542945 0.373959 0.339392 0.46369 0.396697 0.516703 0.403287 0.432162 0.399778 0.43249 0.446659 0.398444 0.301287 0.629794 0.465156 0.389638 0.537778 1.42901 0.399412 0.34114 0.900957 0.700399 0.650379 0.467993 0.389472 0.695844 0.419813 0.343723 0.552612 0.472533 0.444109 0.32363 0.47372 0.692956 0.435839 0.369187 0.472583 0.703266 0.702422 0.42476 0.403429 0.91684 0.385348 0.357356 0.330793 0.472942 1.25225 0.384714 0.631795 0.388833 0.332598 0.475008 0.372379 0.385768 0.392072 0.543475 1.0502 0.963802 0.348352 0.361507 0.364811 0.395949 0.982567 0.334599 0.520572 0.399582 0.530795 0.415897 1.50009 0.435759 0.948276 1.24434 0.460767 0.515199 0.359134 0.3972 0.351113 0.363104 0.335574 0.402189 0.379748 0.698677 0.378598 0.709163 0.462389 0.336043 0.350463 0.407568 0.348315 0.400981 0.139996 0.38553 1.3936 0.966719 0.929167 0.362995 0.458818 0.938503 0.457158 0.399457 0.540036 0.417472 0.696962 0.697948 0.533227 0.400118 0.363094 0.319053 0.416527 0.700573 0.344415 0.508241 0.35176 0.422326 0.923307 0.378312 0.349911 0.975306 0.403322 0.471965 0.548392
Testing:
Lab Growth Rates:
1.483 1.483 1.483
Dot Production Prediction of Lab Growth Rates:
0.929872 0.966857 0.95055
Best performance so far: 
Obj: 4.67734e-310Rho: 2.26291e-314Diff: 4.67734e-310
Anneal again with the best G and E so far as input
Cycle 2Round 1
Iter 500000 pBad 0.796166 T 0.00117995 Obj 1.0503 Rho 0 GRdif 28.7609 success 109604 failure 11240 obj_new 1.0503 SA_pAcc 1.17289 Delta -0.0584525 SA_r 0.285762 freedomratio 0.261841
Iter 1000000 pBad 0.750248 T 0.000356424 Obj 1.03425 Rho 0 GRdif 19.7332 success 216743 failure 28909 obj_new 1.03425 SA_pAcc 1.43521 Delta -0.0585645 SA_r 0.0483896 freedomratio 0.267458
Iter 1500000 pBad 0.653464 T 0.000107664 Obj 1.028 Rho 0 GRdif 16.1836 success 321418 failure 53148 obj_new 1.028 SA_pAcc 0.833698 Delta 0.0250578 SA_r 0.367402 freedomratio 0.257582
Iter 2000000 pBad 0.504096 T 3.25217e-05 Obj 1.02448 Rho 0 GRdif 14.1739 success 422771 failure 84330 obj_new 1.02448 SA_pAcc 1 Delta -0.020344 SA_r 0.434853 freedomratio 0.263371
Iter 2500000 pBad 0.456773 T 9.82372e-06 Obj 1.02074 Rho 0 GRdif 12.0271 success 517954 failure 126119 obj_new 1.02074 SA_pAcc 1 Delta 0.00799639 SA_r 0.584808 freedomratio 0.25368
Iter 3000000 pBad 0.395077 T 2.96742e-06 Obj 1.0166 Rho 0 GRdif 9.64549 success 610167 failure 177051 obj_new 1.0166 SA_pAcc 1 Delta -0.00477242 SA_r 0.0864108 freedomratio 0.247362
Iter 3500000 pBad 0.275135 T 8.96359e-07 Obj 1.01041 Rho 0 GRdif 6.06785 success 697212 failure 245738 obj_new 1.01041 SA_pAcc 1 Delta -0.015293 SA_r 0.709181 freedomratio 0.242952
Iter 4000000 pBad 0.159494 T 2.7076e-07 Obj 1.00922 Rho 0 GRdif 5.37696 success 766671 failure 349952 obj_new 1.00922 SA_pAcc 3.79293 Delta 0.0101513 SA_r 0.396998 freedomratio 0.227661
Iter 4500000 pBad 0.0698765 T 8.17877e-08 Obj 1.00885 Rho 0 GRdif 5.16486 success 811728 failure 520445 obj_new 1.00885 SA_pAcc 1 Delta -0.00676043 SA_r 0.546473 freedomratio 0.205903
Iter 5000000 pBad 0.0403807 T 2.47054e-08 Obj 1.0086 Rho 0 GRdif 5.01537 success 844740 failure 737268 obj_new 1.0086 SA_pAcc 0.0267319 Delta 0.000742636 SA_r 0.0158916 freedomratio 0.182953
Iter 5500000 pBad 0.0225619 T 7.46267e-09 Obj 1.00848 Rho 0 GRdif 4.95062 success 864910 failure 1010658 obj_new 1.00848 SA_pAcc 1 Delta -0.00145617 SA_r 0.261821 freedomratio 0.165537
Iter 6000000 pBad 0.0130396 T 2.25422e-09 Obj 1.00844 Rho 0 GRdif 4.92673 success 877750 failure 1319562 obj_new 1.00844 SA_pAcc 3.63359e-149 Delta -0.000483463 SA_r 0.200323 freedomratio 0.156852
Iter 6500000 pBad 0.00982549 T 6.80926e-10 Obj 1.00842 Rho 0 GRdif 4.9143 success 887560 failure 1656184 obj_new 1.00842 SA_pAcc 1 Delta 0.000681733 SA_r 0.947661 freedomratio 0.14757
Iter 7000000 pBad 0.00394331 T 2.05685e-10 Obj 1.00841 Rho 0 GRdif 4.90721 success 894965 failure 2015905 obj_new 1.00841 SA_pAcc 1 Delta 0.000299828 SA_r 0.845016 freedomratio 0.141786
Iter 7500000 pBad 0.00391712 T 6.21307e-11 Obj 1.0084 Rho 0 GRdif 4.90343 success 901231 failure 2394842 obj_new 1.0084 SA_pAcc 3.16554e-113 Delta -0.000301995 SA_r 0.512346 freedomratio 0.136311
Iter 8000000 pBad 0.00175043 T 1.87676e-11 Obj 1.0084 Rho 0 GRdif 4.90247 success 906119 failure 2790550 obj_new 1.0084 SA_pAcc 0 Delta -0.000131314 SA_r 0.03746 freedomratio 0.13222
Iter 8500000 pBad 0.000181909 T 5.66907e-12 Obj 1.0084 Rho 0 GRdif 4.90067 success 911844 failure 3194103 obj_new 1.0084 SA_pAcc 1 Delta 1.76515e-05 SA_r 0.351687 freedomratio 0.130135
Iter 9000000 pBad 0.00036007 T 1.71244e-12 Obj 1.0084 Rho 0 GRdif 4.90007 success 917466 failure 3603185 obj_new 1.0084 SA_pAcc 2.91646e-08 Delta 2.3307e-06 SA_r 0.269524 freedomratio 0.128593
Iter 9500000 pBad 3.53477e-14 T 5.17271e-13 Obj 1.0084 Rho 0 GRdif 4.89966 success 922945 failure 4010926 obj_new 1.0084 SA_pAcc 1 Delta -1.85823e-15 SA_r 0.0695744 freedomratio 0.124893
Good enough
iter 9.48776e+06 obj1.0084 rho 0 GRdif 4.89966
Training:
Lab Growth Rates:
0.4 0.42 0.45 0.59 0.377 0.43 0.42 1.05 0.38 0.4 0.53 0.38 0.59 0.56 0.46 0.45 0.23 0.27 0.56 1.345 0.4 0.47 0.4 1.42 0.37 0.32 0.49 0.1 0.25 0.68 0.5 0.47 0.11 0.56 0.1 0.58 0.41 0.47 0.31 0.47 0.51 0.43 0.637 0.762 0.54 0.37 0.4 0.46 0.1 0.26 0.4 0.42 0.53 0.53 0.45 0.56 0.4 0.45 1.248 0.53 0.43 0.55 0.46 0.54 0.3 0.14 0.48 0.19 0.3 0.724 0.48 0.59 0.3 0.34 0.48 0.54 0.48 0.26 0.5 0.636 0.3 0.33 0.686 0.46 0.52 0.45 0.53 0.59 0.36 1.248 0.58 0.45 0.39 0.32 0.09 0.22 0.37 0.54 0.901 0.4 0.45 0.37 0.36 0.5 0.648 0.5 0.5 0.45 0.5 0.4 1.66 0.46 0.37 0.53 1.66 0.33 0.47 1.345 0.65 0.56 0.55 0.59 0.52 0.42 0.68 0.5 0.42 0.54 0.42 0.27 0.09 0.27 0.5 1.248 0.3 1.483 0.4 0.1 0.47 1.248 0.33 0.54 1.49 1.67 0.58 0.58 0.3 0.52 0.52 0.65 0.4 0.5 0.56 0.6 0.39 0.4 0.33 1.44 0.56 0.465 0.59 1.46 0.42 0.48 0.23 1.345 0.49 0.56 0.6 0.481 0.4 0.53 0.56 0.46 0.54 0.46 0.17 0.19 0.5 0.686 0.36 1.483 0.4 0.46 0.39 0.5 0.52 0.5 0.43 0.55 0.46 0.46 0.5 0.481 0.53 0.485 0.5 0.47 0.25 1.35 0.25 0.54 0.5 0.23 0.41 0.2 0.58 0.55 0.6 0.43 0.54 0.43 0.33 0.46 0.4 0.45 0.39 0.617 0.51 1.46 0.37 0.45 0.46 0.31 0.2 0.09 0.46 0.11 0.4 0.52 0.648 0.901 0.465 0.54 0.22 0.5 0.4 0.42 0.33 0.4 0.37 0.23 0.3 0.53 0.54 1.05 0.38 0.65 1.345 1.67 0.45 0.55 0.49 0.42 0.4 0.635 1.03 0.5 0.56 0.5 0.4 0.3 0.1 0.4 0.4 0.17 0.4 0.39 0.54 0.46 0.1 0.54 0.485 0.59 0.54 0.4 0.47 1.483 0.5 0.47 0.4 0.42 0.59 0.54 0.55 1.345 0.53 0.724 0.54 0.65 0.42 1.46 0.47 0.58 0.4 0.41 0.25 0.37 0.59 0.485 0.301 0.48 0.58 0.33 0.36 0.4 0.4 0.25 0.45 0.45 0.45 0.762 0.762 0.54 0.47 0.4 0.4 0.46 0.47 0.37 0.4 0.901 1.483 1.345 0.47 0.45 1.43 0.46 0.724 0.17 0.39 0.637 0.901 0.43 0.5 0.52 0.22 0.4 0.58 0.56 0.41 0.37 0.55 1.05 1.46 0.46 0.22 0.68 0.68 0.34 0.5 0.59 0.47 0.377 0.27 0.4 0.5 0.33 0.4 0.59 0.65 0.4 0.65 0.4 0.7 0.377 0.476 0.58 0.5 0.56 0.58 0.46 0.7 0.42 0.23 0.71 0.23 0.58 0.4 0.47 0.47 0.54 0.301 0.54 0.5 1.05 0.481 0.2 0.27 0.42 0.43 0.41 0.53 0.37 0.5 0.58 0.4 0.301 0.4 0.7 1.345 0.42 0.43 0.46 0.58 0.3 0.465 0.36 0.56 0.56 0.42 0.762 0.52 0.476 0.476 0.25 0.4 0.54 0.4 0.46 0.47 0.38 0.4 0.4 0.53 0.56 0.37 0.59 0.4 0.54 0.56 0.5 0.59 0.55 0.4 0.4 1.345 0.36 0.4 0.4 0.68 0.54 0.65 0.25 0.5 0.65 0.48 0.22 0.48 0.3 1.483 0.23 0.43 0.59 0.52 0.4 0.26 0.54 0.34 0.4 1.38 0.53 0.55 0.25 0.48 0.55 0.3 0.36 0.58 0.4 0.41 0.4 0.23 0.4 0.37 0.47 0.4 0.3 0.5 0.56 0.43 0.54 1.43 0.4 0.52 0.901 0.635 0.65 0.58 0.46 0.648 0.52 0.3 0.55 0.5 0.37 0.5 0.53 0.637 0.36 0.58 0.22 0.686 0.636 0.43 0.4 1.483 0.11 0.47 0.58 0.5 1.248 0.58 0.7 0.47 0.42 0.58 0.37 0.47 0.41 0.59 1.05 1.345 0.59 0.54 0.5 0.4 0.1 0.45 0.485 0.4 0.53 0.36 0.45 0.33 1.345 0.901 0.22 0.41 0.42 0.4 0.47 0.52 0.5 0.4 0.54 0.636 0.3 0.71 0.58 0.19 0.32 0.45 0.4 0.4 0.14 0.27 1.4 1.345 1.483 0.6 0.54 1.483 0.55 0.22 0.56 0.37 0.1 0.71 0.23 0.4 0.42 0.38 0.47 0.635 0.54 0.31 0.45 0.51 1.483 0.1 0.47 1.345 0.41 0.58 0.5
Dot Production Prediction of Lab Growth Rates:
0.399993 0.326924 1.49297 0.380785 0.47081 0.314753 0.570771 1.0382 0.297798 0.39755 0.317609 0.380393 0.545457 0.553344 0.390213 0.393625 0.550925 0.550111 0.475008 1.36337 0.399963 0.352984 0.397883 1.51832 0.418458 0.320978 0.400987 0.419604 0.338457 0.347649 0.47189 0.355487 0.337418 0.532936 1.24556 0.472761 0.330897 0.38017 0.611127 0.316044 0.394436 0.414851 0.708604 1.44523 0.54415 0.443095 0.403514 0.351751 0.415341 0.450971 0.406725 0.555561 0.525535 0.543566 1.40535 0.54972 0.404362 0.40713 1.2453 0.513754 0.371021 0.468574 0.306171 0.472533 0.376001 0.139998 0.284007 0.307639 0.631813 0.72244 0.269859 0.542977 0.299418 0.328923 0.35193 0.343814 0.343524 0.368062 0.461865 0.726296 0.553964 0.307677 0.716263 0.36329 0.345952 0.354713 0.529947 0.538876 0.349785 1.2465 0.462324 0.339615 0.312012 0.294098 0.464054 0.479995 0.405467 0.559457 0.878326 0.402804 0.344876 0.374745 0.368644 0.541234 0.70904 0.874034 0.959596 1.44296 0.894083 0.402692 1.55218 0.528532 0.412101 0.312029 1.54364 0.355614 0.356791 1.35656 0.656153 0.470762 0.469991 0.309912 0.343705 0.335673 0.34607 0.431374 0.317324 0.331009 0.335524 0.321711 0.342612 0.373637 0.772169 1.25948 0.624195 1.30999 0.382123 1.22631 0.360939 1.23876 0.318733 0.538748 1.49297 1.47218 0.476718 0.399964 0.303547 0.358675 0.400799 0.64996 0.391366 0.468478 0.473203 0.646455 0.33001 0.403934 0.31057 1.44033 0.538334 0.462366 0.319557 1.0637 0.333568 0.354295 0.434571 1.34722 0.379012 0.527214 0.632347 0.470529 0.397904 0.270141 0.552494 0.45834 0.482451 0.389009 0.302802 0.282341 0.844154 0.714471 0.353432 1.35438 0.401112 0.456313 0.315388 0.541885 0.364791 0.903741 0.38272 0.471429 0.460328 0.469019 0.404535 0.467112 0.516888 0.464761 0.330432 0.389178 0.291756 1.22629 1.46125 0.287272 0.329507 0.546884 0.386441 0.330021 0.439929 0.548752 0.651105 0.360748 0.478089 0.416521 0.505545 0.459983 0.391617 1.4185 0.330913 0.553316 0.43588 1.05669 0.545976 0.345958 0.399964 0.63173 0.347105 0.371741 0.541039 0.393949 0.390102 0.323543 0.709841 0.897635 0.461477 0.386499 0.471152 0.941841 0.400973 0.312608 0.515258 0.40172 0.424226 0.548432 0.493011 0.54766 0.554698 1.46324 0.271551 0.627045 1.38592 1.35845 0.37691 0.471588 0.374642 0.41008 0.285727 0.716579 1.33336 0.340061 0.540546 0.463133 0.402284 0.307012 1.38766 0.402213 0.398795 0.425338 0.401958 0.355277 0.372958 0.526592 1.41936 0.381847 0.47356 0.30813 0.281497 0.398049 0.363454 1.37277 0.817394 0.361077 0.400721 0.268049 0.320781 0.533467 0.543352 1.34275 0.43454 0.720859 0.385551 0.660185 0.305182 1.07618 0.34554 0.286381 0.397485 0.353451 0.494057 0.263745 0.550654 0.477743 0.483875 0.334733 0.365459 0.329981 0.313229 0.399207 0.401228 0.331766 0.299784 1.46012 0.349832 1.44178 1.46714 0.349934 0.447657 0.349224 0.400114 0.337787 0.358063 0.421242 0.386136 0.900128 1.34936 1.34418 0.433181 1.42215 1.26113 0.419946 0.720647 0.290739 0.332474 0.719254 0.90099 0.36464 0.367442 0.38212 0.345967 0.396342 0.37218 0.549557 0.478291 0.424862 0.553795 1.05553 1.48733 0.446852 0.446185 0.349602 0.345699 0.317437 0.338722 0.545512 0.447398 0.463427 0.275635 0.392491 0.385417 0.367259 0.402609 0.405051 0.649659 0.399998 0.646934 0.400048 0.761545 0.462748 0.46583 0.37196 0.555776 0.555924 0.461071 0.300062 0.754772 0.55304 0.436001 0.713382 0.553687 0.46311 0.401939 0.37776 0.352133 0.553829 0.485896 0.335023 0.54155 1.05831 0.467225 0.352467 0.376904 0.283468 0.353603 0.331039 0.370359 0.419966 0.321145 0.462763 0.391966 0.477041 0.400999 0.756765 1.31102 0.323265 0.360543 0.46088 0.352726 0.593589 0.459198 0.301452 0.469273 0.475663 0.317343 1.44213 0.355619 0.469248 0.460758 1.12583 0.401745 0.334864 0.403256 0.391707 0.369794 0.372479 0.398568 0.398926 0.417817 0.548713 0.416716 0.325742 0.39696 0.45218 0.535173 0.560591 0.545654 0.479993 0.392283 0.394466 1.33438 0.349615 0.3842 0.394459 0.348418 0.462704 0.641146 0.336759 0.909449 0.659953 0.291631 0.477512 0.298803 0.641316 1.30265 0.558068 0.381461 0.330417 0.323014 0.401345 0.573204 0.381102 0.299548 0.395991 1.33387 0.387652 0.548894 0.518197 0.31772 0.554449 0.667775 0.335133 0.463519 0.398736 0.4788 0.399974 0.43604 0.400915 0.422014 0.402343 0.400354 0.300006 0.915651 0.464631 0.374687 0.540249 1.262 0.398365 0.343564 0.901166 0.715861 0.653498 0.473901 0.363712 0.701971 0.372261 0.605058 0.548688 0.475567 0.445859 0.323019 0.448062 0.715253 0.415966 0.386348 0.479442 0.717522 0.721795 0.448333 0.403414 1.33507 0.377869 0.346692 0.30189 0.476913 1.24857 0.349348 0.756066 0.37594 0.329044 0.47272 0.370855 0.362919 0.371341 0.547346 1.04833 1.34498 0.298099 0.38155 0.377394 0.394919 1.43207 0.291147 0.469016 0.399491 0.539774 0.429011 1.48742 0.470219 1.33791 1.2905 0.478037 0.473744 0.334505 0.399336 0.290062 0.367171 0.335576 0.403528 0.328956 0.718453 0.351143 0.721298 0.461594 0.293893 0.326315 0.413906 0.2972 0.404182 0.141192 0.351256 1.40019 1.36209 1.33153 0.666123 0.458163 1.30636 0.474689 0.414691 0.544162 0.423311 1.14154 0.708927 0.547254 0.401706 0.330704 0.258907 0.379242 0.710968 0.333778 0.599569 0.332155 0.428261 1.35452 0.333091 0.346145 1.33057 0.402387 0.4626 0.868341
Testing:
Lab Growth Rates:
1.483 1.483 1.483
Dot Production Prediction of Lab Growth Rates:
1.30709 1.37279 1.35448
Best performance so far: 
Obj: 4.67734e-310Rho: 6.5069e-314Diff: 4.67734e-310
Test:
 Lab Growth Rates:
1.483 1.483 1.483Dot Product Prediction of Growth Rate:
1.307089 1.372795 1.35448