seed =  5 traits =  1 
Training: part  177 
Training: part  177 
Round  1 
 Goal of obj  0.99 
Temperature range:  0.0078125 1.5625e-14 
Cycle 1Round 1
Iter 500000 pBad 0.887956 T 0.00203162 Obj 1.11413 Rho 0 GRdif 63.3287 success 147496 failure 7337 obj_new 1.11413 SA_pAcc 1 Delta 0.0159721 SA_r 0.755063 freedomratio 0.365337
Iter 1000000 pBad 0.794905 T 0.000528317 Obj 1.05163 Rho 0 GRdif 29.4997 success 290890 failure 23843 obj_new 1.05163 SA_pAcc 1 Delta 0.0708082 SA_r 0.926863 freedomratio 0.365337
Iter 1500000 pBad 0.728247 T 0.000137387 Obj 1.02924 Rho 0 GRdif 16.8918 success 431573 failure 47342 obj_new 1.02924 SA_pAcc 0.767068 Delta -0.00142531 SA_r 0.46224 freedomratio 0.362176
Iter 2000000 pBad 0.594126 T 3.57271e-05 Obj 1.02145 Rho 0 GRdif 12.4348 success 569852 failure 76528 obj_new 1.02145 SA_pAcc 0.971411 Delta -0.0133316 SA_r 0.220116 freedomratio 0.359509
Iter 2500000 pBad 0.493478 T 9.29071e-06 Obj 1.01637 Rho 0 GRdif 9.51553 success 701316 failure 118093 obj_new 1.01637 SA_pAcc 1.21045 Delta -0.013186 SA_r 0.0775692 freedomratio 0.357753
Iter 3000000 pBad 0.350885 T 2.41602e-06 Obj 1.0121 Rho 0 GRdif 7.05015 success 821229 failure 181263 obj_new 1.0121 SA_pAcc 1 Delta -0.000674256 SA_r 0.791987 freedomratio 0.350269
Iter 3500000 pBad 0.232354 T 6.28278e-07 Obj 1.01003 Rho 0 GRdif 5.848 success 923298 failure 282226 obj_new 1.01003 SA_pAcc 1 Delta -0.0190349 SA_r 0.911915 freedomratio 0.333144
Iter 4000000 pBad 0.0819036 T 1.63382e-07 Obj 1.00922 Rho 0 GRdif 5.37737 success 988418 failure 461617 obj_new 1.00922 SA_pAcc 1.06262e-06 Delta -0.000187439 SA_r 0.814241 freedomratio 0.286133
Iter 4500000 pBad 0.0467705 T 4.24869e-08 Obj 1.00882 Rho 0 GRdif 5.14334 success 1025725 failure 712224 obj_new 1.00882 SA_pAcc 0.00414372 Delta 0.00193155 SA_r 0.853631 freedomratio 0.246633
Iter 5000000 pBad 0.0228462 T 1.10486e-08 Obj 1.00873 Rho 0 GRdif 5.09485 success 1046497 failure 1015672 obj_new 1.00873 SA_pAcc 3.37407e-25 Delta 0.0014263 SA_r 0.137919 freedomratio 0.221802
Iter 5500000 pBad 0.00736294 T 2.87315e-09 Obj 1.00869 Rho 0 GRdif 5.07118 success 1057951 failure 1351999 obj_new 1.00869 SA_pAcc 1 Delta 0.000513332 SA_r 0.113421 freedomratio 0.209062
Iter 6000000 pBad 0.00394184 T 7.47152e-10 Obj 1.00867 Rho 0 GRdif 5.06099 success 1064341 failure 1708933 obj_new 1.00867 SA_pAcc 1 Delta 0.000151509 SA_r 0.606919 freedomratio 0.20312
Iter 6500000 pBad 0.00396826 T 1.94295e-10 Obj 1.00867 Rho 0 GRdif 5.06623 success 1068950 failure 2077663 obj_new 1.00868 SA_pAcc 0 Delta -0.000368714 SA_r 0.409952 freedomratio 0.195138
Iter 7000000 pBad 0.000813079 T 5.05257e-11 Obj 1.00867 Rho 0 GRdif 5.06734 success 1071328 failure 2456238 obj_new 1.00868 SA_pAcc 0 Delta 4.48159e-05 SA_r 0.120731 freedomratio 0.192447
Iter 7500000 pBad 0.000409164 T 1.3139e-11 Obj 1.00866 Rho 0 GRdif 5.05633 success 1073941 failure 2840173 obj_new 1.00867 SA_pAcc 0 Delta 5.74052e-06 SA_r 0.175926 freedomratio 0.187101
Iter 8000000 pBad 0.000704835 T 3.41677e-12 Obj 1.00866 Rho 0 GRdif 5.05613 success 1076592 failure 3227982 obj_new 1.00867 SA_pAcc 0 Delta 2.78291e-05 SA_r 0.0263301 freedomratio 0.186684
Iter 8500000 pBad 7.25182e-05 T 8.88519e-13 Obj 1.00866 Rho 0 GRdif 5.0551 success 1080308 failure 3611052 obj_new 1.00866 SA_pAcc 0 Delta 6.08525e-06 SA_r 0.125016 freedomratio 0.176347
Iter 9000000 pBad 1.09567e-69 T 2.31057e-13 Obj 1.00866 Rho 0 GRdif 5.05506 success 1080413 failure 3925971 obj_new 1.00866 SA_pAcc 1 Delta -3.66263e-71 SA_r 0.404359 freedomratio 0.171696
Iter 9500000 pBad 8.59344e-133 T 6.00855e-14 Obj 1.00866 Rho 0 GRdif 5.05506 success 1080413 failure 4241687 obj_new 1.00866 SA_pAcc 1 Delta 7.92495e-134 SA_r 0.729592 freedomratio 0.155067
Iter 10000000 pBad 0 T 1.5625e-14 Obj 1.00866 Rho 0 GRdif 5.05519 success 1080413 failure 4582201 obj_new 1.00866 SA_pAcc 0 Delta -0 SA_r 0.836495 freedomratio 0.0592877
Cannot move further
iter 8.5233e+06 obj1.00866 rho 0 GRdif 5.05506
Training:
Lab Growth Rates:
0.55 0.25 0.38 0.47 0.56 0.59 0.4 0.59 0.27 0.47 0.51 0.52 0.54 1.345 0.377 0.71 0.4 0.68 0.42 0.26 0.1 1.66 0.37 1.345 0.48 0.58 0.47 0.635 0.7 1.46 0.42 0.58 0.55 0.4 0.19 0.33 0.56 0.52 0.301 0.485 0.3 0.5 0.7 0.47 0.4 1.03 0.09 0.4 0.686 0.55 0.47 0.45 0.5 0.4 0.4 0.4 0.901 0.485 0.56 0.1 0.2 0.686 1.345 0.27 0.56 0.4 0.1 0.65 0.47 0.4 0.71 0.11 0.23 0.4 0.58 1.4 0.22 0.54 0.46 0.43 0.37 0.56 1.67 0.59 0.54 0.46 0.901 0.14 0.724 0.52 0.34 0.56 0.43 0.56 0.54 0.32 0.4 0.43 0.5 0.46 0.58 0.5 0.17 0.58 0.901 0.4 0.36 0.48 0.54 0.56 0.5 0.46 0.4 1.483 0.58 0.26 1.38 0.4 0.46 1.483 0.58 0.45 1.483 0.45 0.23 0.37 0.45 0.58 0.4 0.5 0.55 0.3 1.05 0.54 0.47 0.5 0.476 0.55 0.6 1.49 0.4 0.5 0.47 0.53 0.45 0.4 0.5 0.49 0.481 0.58 1.46 0.47 0.46 0.48 0.41 0.52 0.36 0.36 0.4 0.68 0.1 0.42 0.37 0.54 0.1 0.648 0.49 0.59 0.33 0.23 0.4 1.345 0.54 0.4 0.4 0.4 0.47 0.45 0.54 0.45 0.25 0.65 0.53 0.56 0.4 0.65 0.46 1.345 0.4 0.5 0.4 1.44 0.45 0.37 1.483 0.5 0.377 0.4 0.43 0.4 0.17 0.762 0.39 0.19 0.42 0.54 0.5 0.5 1.46 0.42 0.47 0.53 0.4 0.45 0.42 0.485 0.4 1.345 1.483 0.58 0.59 0.54 0.33 0.3 0.45 0.43 0.37 0.31 0.23 0.4 0.636 1.483 0.39 0.65 0.4 0.5 1.345 0.23 0.59 0.46 0.37 0.54 0.4 0.1 0.686 0.53 0.55 0.54 0.46 0.53 1.345 0.49 0.42 0.38 0.32 0.1 0.38 0.36 0.4 0.3 0.45 0.5 0.47 0.724 0.4 0.59 0.4 0.43 0.56 0.32 0.47 0.22 0.42 0.52 0.41 0.46 1.483 0.41 0.4 0.3 0.33 0.46 0.68 0.37 0.22 0.4 0.3 0.4 0.27 1.248 0.51 0.53 0.762 0.33 1.05 0.53 0.5 0.37 0.31 0.23 0.41 0.43 0.52 0.48 0.58 0.42 1.345 0.39 0.53 0.4 1.483 1.248 0.41 0.481 0.47 0.53 0.37 0.11 0.42 0.42 0.37 0.5 0.635 0.48 0.41 0.3 0.47 0.648 1.67 0.5 0.54 0.54 0.476 0.55 0.5 1.248 0.22 0.4 0.5 0.58 1.05 0.36 0.53 0.481 0.54 0.33 0.26 0.45 0.59 0.38 0.47 1.483 0.25 0.36 0.5 0.56 0.17 0.5 0.51 0.43 0.47 0.34 0.901 0.901 1.483 0.25 0.46 0.54 0.25 0.4 0.4 0.42 1.43 0.11 0.59 0.901 0.56 0.56 0.45 0.14 0.65 0.4 0.09 0.59 0.54 0.47 0.46 0.54 0.5 1.345 1.46 0.4 0.4 0.46 0.56 0.52 1.345 0.3 0.25 1.66 0.4 0.301 0.617 1.05 0.4 0.42 1.483 0.58 0.5 0.43 0.4 0.53 0.36 0.5 0.53 0.5 0.724 0.54 0.37 0.6 0.34 0.46 0.4 0.68 0.71 0.36 0.55 0.55 0.53 1.483 0.54 0.53 0.68 0.23 0.22 0.47 0.41 0.65 0.41 0.5 0.1 0.45 0.46 0.19 0.59 0.58 0.46 0.54 0.37 0.37 0.37 0.648 0.762 0.59 0.54 0.52 0.53 0.48 0.56 1.345 0.09 0.52 0.58 0.25 0.5 0.47 0.54 0.41 0.46 0.47 0.38 0.52 0.465 0.476 0.47 0.4 1.248 0.637 1.35 0.4 0.43 0.39 0.33 0.59 0.1 0.47 0.43 0.5 0.4 0.3 0.59 1.42 0.27 0.27 0.58 0.4 0.3 0.59 0.3 0.55 0.4 0.22 0.37 0.54 1.43 0.39 0.42 0.58 0.4 0.762 0.637 0.635 0.301 0.31 0.4 0.56 0.52 0.7 0.25 0.6 1.05 0.5 0.2 0.48 0.52 0.42 0.2 0.636 0.465 0.23 0.5 0.58 0.636 0.58 0.3 0.5 0.55 0.45 0.42 1.248 0.377 0.65 0.48 0.65 0.5 0.39 0.23 0.46 0.58 0.4 0.55 0.5 0.33 0.4 0.4 0.3 0.465 0.4 0.56 0.42 0.46 0.47 0.54 0.22 0.7 0.54 0.58 0.45 0.46 0.637 0.4 0.56 0.65 0.42 0.33 0.22 0.59 0.43 0.36 0.54 0.27 0.485 0.3 0.4 0.6 0.48
Dot Production Prediction of Lab Growth Rates:
0.559927 0.308505 0.325223 0.363839 0.550427 0.335959 0.398941 0.553028 0.366797 0.420807 0.389936 0.369354 0.467193 0.960785 0.435292 0.699433 0.396144 0.402574 0.347208 0.441304 0.364101 1.66 0.450903 0.971452 0.32887 0.48024 0.448478 0.69971 0.696457 1.03015 0.327969 0.368405 0.560594 0.401008 0.322435 0.326083 0.549366 0.376992 0.437363 0.437485 0.436449 0.5591 0.695498 0.413034 0.40565 1.41604 0.440208 0.399992 0.706247 0.560322 0.354462 0.348612 0.552254 0.401814 0.407331 0.407132 0.901257 0.440286 0.555976 1.4696 0.358564 0.703962 0.981282 0.343016 0.48174 0.397667 0.445313 0.682848 0.459863 0.402014 0.703815 0.33909 0.456517 0.327886 0.367584 1.52148 0.488436 0.557212 0.364116 0.412826 0.399102 0.556325 1.53562 0.356464 0.305598 0.480381 0.901103 0.14 0.705263 0.395031 0.340705 0.480084 0.35503 0.548773 0.399321 0.324126 0.403749 0.423334 0.486068 0.51595 0.489859 0.484874 0.321971 0.364439 0.901 0.405092 0.342353 0.333922 0.378021 0.55458 0.327896 0.486738 0.408306 0.959071 0.490356 0.523518 1.35476 0.406165 0.441685 0.954899 0.485197 0.338324 0.953286 1.55923 0.55553 0.448309 1.56921 0.390809 0.402096 0.636125 0.559784 0.359626 1.05023 0.544866 0.455418 0.351632 0.441704 0.475531 0.424121 1.55923 0.400339 0.323976 0.386098 0.548021 0.403315 0.405179 0.313537 0.388395 0.438457 0.477641 1.01049 0.377695 0.479242 0.334504 0.387176 0.369941 0.32425 0.332928 0.398717 0.398151 0.744164 0.31333 0.446127 0.404722 1.07235 0.69638 0.377207 0.391672 0.468956 0.456964 0.408084 0.945729 0.55144 0.405159 0.406285 0.399989 0.380753 1.49673 0.480959 1.52396 0.496493 0.67581 0.357492 0.553681 0.398375 0.630664 0.488118 1.00421 0.396 0.488281 0.405819 1.51851 1.50817 0.309118 0.930479 0.401965 0.437157 0.406142 0.412243 0.403921 0.334208 1.07339 0.324012 0.334653 0.531838 0.467206 0.333167 0.380414 1.58547 0.332626 0.346859 0.55281 0.405964 1.49519 0.306565 0.436285 0.402974 0.975149 0.957091 0.490924 0.300282 0.393724 0.332367 0.307481 0.352416 0.364955 0.436671 0.550015 0.55104 0.401499 0.705926 0.950707 0.331481 0.63694 0.401914 0.359325 0.97328 0.45653 0.32426 0.294247 0.446158 0.353254 0.406292 0.434322 0.707933 0.563614 0.475548 0.331803 0.372408 0.289613 0.984869 0.365409 0.33692 0.376464 0.29903 1.28856 0.327234 0.366384 0.399941 0.302288 1.49512 0.320851 0.398671 0.706111 0.408087 0.56387 0.40449 0.456266 0.49236 0.342813 0.409117 0.488215 0.343922 0.34812 0.389772 0.406471 0.934486 0.439795 0.401785 0.410866 0.492051 0.502256 0.403917 0.443308 0.424038 0.399067 0.418187 0.399485 0.550174 1.03693 0.417355 0.432162 1.06353 0.373714 1.04944 0.545755 0.55077 0.416731 0.546087 0.556796 0.437027 0.374394 0.388981 0.319712 0.477474 0.349553 0.941068 0.296016 0.467068 0.399255 0.928419 1.03412 0.382203 0.43878 0.335363 0.510681 0.374324 0.38029 0.348383 0.351222 0.37765 0.376949 0.70069 0.302707 0.31819 0.432509 0.426318 0.699844 1.49009 0.620122 0.337801 0.557518 0.443779 0.475307 0.545919 1.04283 0.365894 0.407097 0.55271 0.333199 1.05127 0.3558 0.542295 0.439668 0.335521 0.320016 0.348662 0.334609 0.558383 0.372331 0.364704 0.939627 0.729036 0.353263 0.492938 0.552783 0.428363 0.488419 0.402219 0.37243 0.3757 0.307999 0.900843 1.00223 0.965222 0.359785 0.302699 0.357939 1.52647 0.407509 0.400922 0.345114 1.31368 0.372121 0.566676 0.899056 0.555567 0.54698 0.367878 0.14039 0.649986 0.408443 0.372109 0.558315 0.375907 0.381751 0.487093 0.477988 0.549423 0.988649 1.03368 0.405166 0.402029 0.433142 0.482256 0.346744 0.928147 0.34154 0.497063 1.66 0.413853 0.435483 0.598085 1.00695 0.398574 0.543643 0.964112 0.372208 0.327323 0.378543 0.406846 0.396029 0.326553 0.334008 0.343083 0.567099 0.706403 0.38471 0.447421 0.43279 0.315622 0.478691 0.394467 0.403277 0.701003 0.404076 0.558589 0.471863 0.351282 0.966749 0.389498 0.537715 0.400951 0.560015 0.387364 0.343707 0.357623 0.65565 0.440397 0.574599 1.07018 0.33717 0.484337 0.320938 0.329023 0.48579 0.431286 0.558232 0.510386 0.44947 0.445253 0.700746 1.07695 0.405754 0.480989 0.383075 0.388433 0.301082 0.481221 0.954809 0.337495 0.392711 0.477752 0.357213 0.607972 0.347046 0.406383 0.350886 0.446574 0.361812 0.307825 0.370087 0.442777 0.444319 0.354912 0.40366 1.0352 0.698943 1.21497 0.401267 0.398204 0.335331 0.367419 0.344129 1.14681 0.364868 0.42754 0.616386 0.407321 0.418853 0.554271 1.56845 0.376376 0.388112 0.486939 0.40113 0.405716 0.310253 0.302464 0.475568 0.403327 0.488611 0.450641 0.555758 1.30538 0.315935 0.356925 0.323799 0.406214 1.07704 0.698211 0.701745 0.436179 0.544949 0.406637 0.491116 0.338776 0.696928 0.346078 0.422858 1.63394 0.636637 0.404721 0.355088 0.386385 0.385705 0.402461 0.708049 0.440877 0.554488 0.59238 0.495054 0.70487 0.491069 0.382494 0.482497 0.462385 0.32749 0.338173 1.03475 0.434123 0.6433 0.337933 0.656133 0.552756 0.358709 0.555454 0.328903 0.354955 0.407602 0.561169 0.546317 0.369728 0.39703 0.405009 0.4051 0.439523 0.408893 0.556432 0.53475 0.447613 0.403867 0.546623 0.490057 0.693988 0.470149 0.315845 0.379476 0.371856 0.696517 0.403367 0.552991 0.649959 0.375592 0.427736 0.491322 0.56435 0.395342 0.426241 0.385118 0.297896 0.440885 0.374152 0.345309 0.43531 0.309793
Testing:
Lab Growth Rates:
0.45 0.45 0.45
Dot Production Prediction of Lab Growth Rates:
0.409058 0.378088 0.399266
Best performance so far: 
Obj: 4.68639e-310Rho: 2.26291e-314Diff: 4.68639e-310
Anneal again with the best G and E so far as input
Cycle 2Round 1
Iter 500000 pBad 0.830038 T 0.00203162 Obj 1.08724 Rho 0 GRdif 49.0121 success 112855 failure 8564 obj_new 1.08724 SA_pAcc 1 Delta 0.00993845 SA_r 0.718256 freedomratio 0.269178
Iter 1000000 pBad 0.765815 T 0.000528317 Obj 1.04605 Rho 0 GRdif 26.3823 success 222146 failure 24406 obj_new 1.04605 SA_pAcc 1 Delta -0.0248724 SA_r 0.110512 freedomratio 0.265399
Iter 1500000 pBad 0.677026 T 0.000137387 Obj 1.02844 Rho 0 GRdif 16.4307 success 328184 failure 49200 obj_new 1.02844 SA_pAcc 1 Delta 0.00120007 SA_r 0.641987 freedomratio 0.26588
Iter 2000000 pBad 0.572591 T 3.57271e-05 Obj 1.0249 Rho 0 GRdif 14.4139 success 431520 failure 80275 obj_new 1.0249 SA_pAcc 1 Delta -0.0563923 SA_r 0.210585 freedomratio 0.266243
Iter 2500000 pBad 0.400209 T 9.29071e-06 Obj 1.01989 Rho 0 GRdif 11.5426 success 532706 failure 116926 obj_new 1.01989 SA_pAcc 1.11269 Delta 0.0313458 SA_r 0.802205 freedomratio 0.263252
Iter 3000000 pBad 0.309004 T 2.41602e-06 Obj 1.0162 Rho 0 GRdif 9.41846 success 624839 failure 171747 obj_new 1.0162 SA_pAcc 1.17934 Delta -0.0210361 SA_r 0.789814 freedomratio 0.25226
Iter 3500000 pBad 0.190488 T 6.28278e-07 Obj 1.01154 Rho 0 GRdif 6.72518 success 704543 failure 259197 obj_new 1.01154 SA_pAcc 0.462107 Delta 0.0113322 SA_r 0.340432 freedomratio 0.239281
Iter 4000000 pBad 0.101611 T 1.63382e-07 Obj 1.01025 Rho 0 GRdif 5.97389 success 769316 failure 382107 obj_new 1.01025 SA_pAcc 8.25192 Delta 0.0076019 SA_r 0.827646 freedomratio 0.220218
Iter 4500000 pBad 0.0580006 T 4.24869e-08 Obj 1.00945 Rho 0 GRdif 5.51141 success 816964 failure 561853 obj_new 1.00945 SA_pAcc 1.09978e-07 Delta -0.00305382 SA_r 0.271342 freedomratio 0.194879
Iter 5000000 pBad 0.0233177 T 1.10486e-08 Obj 1.00918 Rho 0 GRdif 5.35452 success 845463 failure 809398 obj_new 1.00918 SA_pAcc 1 Delta 0.00201759 SA_r 0.7975 freedomratio 0.170052
Iter 5500000 pBad 0.0116175 T 2.87315e-09 Obj 1.00909 Rho 0 GRdif 5.30111 success 862818 failure 1111862 obj_new 1.00909 SA_pAcc 0.00135604 Delta 0.000840217 SA_r 0.508184 freedomratio 0.156684
Iter 6000000 pBad 0.0063598 T 7.47152e-10 Obj 1.00905 Rho 0 GRdif 5.27674 success 873855 failure 1447149 obj_new 1.00905 SA_pAcc 6.38472e-39 Delta 0.000444163 SA_r 0.466598 freedomratio 0.15107
Iter 6500000 pBad 0.00341139 T 1.94295e-10 Obj 1.00903 Rho 0 GRdif 5.26813 success 881269 failure 1800979 obj_new 1.00903 SA_pAcc 2.91331e-09 Delta -0.000154124 SA_r 0.648055 freedomratio 0.148392
Iter 7000000 pBad 0.00194166 T 5.05257e-11 Obj 1.00902 Rho 0 GRdif 5.26403 success 886866 failure 2164532 obj_new 1.00902 SA_pAcc 1 Delta -0.000102076 SA_r 0.979945 freedomratio 0.145157
Iter 7500000 pBad 0.0011098 T 1.3139e-11 Obj 1.00902 Rho 0 GRdif 5.26206 success 891480 failure 2537403 obj_new 1.00902 SA_pAcc 1 Delta 8.71886e-05 SA_r 0.134988 freedomratio 0.143206
Iter 8000000 pBad 0.000363018 T 3.41677e-12 Obj 1.00902 Rho 0 GRdif 5.2608 success 896693 failure 2916345 obj_new 1.00902 SA_pAcc 0 Delta 2.49203e-05 SA_r 0.135464 freedomratio 0.140124
Iter 8500000 pBad 0.00106736 T 8.88519e-13 Obj 1.00902 Rho 0 GRdif 5.25995 success 901800 failure 3300958 obj_new 1.00902 SA_pAcc 1 Delta 2.96712e-06 SA_r 0.781733 freedomratio 0.138994
Iter 9000000 pBad 1.18477e-21 T 2.31057e-13 Obj 1.00902 Rho 0 GRdif 5.25969 success 904862 failure 3650116 obj_new 1.00902 SA_pAcc 1 Delta -8.48238e-23 SA_r 0.252177 freedomratio 0.134992
Iter 9500000 pBad 1.34227e-111 T 6.00855e-14 Obj 1.00902 Rho 0 GRdif 5.26108 success 904862 failure 3973919 obj_new 1.00902 SA_pAcc 0 Delta 8.98635e-113 SA_r 0.137963 freedomratio 0.133182
Good enough
iter 8.80457e+06 obj1.00902 rho 0 GRdif 5.25969
Training:
Lab Growth Rates:
0.55 0.25 0.38 0.47 0.56 0.59 0.4 0.59 0.27 0.47 0.51 0.52 0.54 1.345 0.377 0.71 0.4 0.68 0.42 0.26 0.1 1.66 0.37 1.345 0.48 0.58 0.47 0.635 0.7 1.46 0.42 0.58 0.55 0.4 0.19 0.33 0.56 0.52 0.301 0.485 0.3 0.5 0.7 0.47 0.4 1.03 0.09 0.4 0.686 0.55 0.47 0.45 0.5 0.4 0.4 0.4 0.901 0.485 0.56 0.1 0.2 0.686 1.345 0.27 0.56 0.4 0.1 0.65 0.47 0.4 0.71 0.11 0.23 0.4 0.58 1.4 0.22 0.54 0.46 0.43 0.37 0.56 1.67 0.59 0.54 0.46 0.901 0.14 0.724 0.52 0.34 0.56 0.43 0.56 0.54 0.32 0.4 0.43 0.5 0.46 0.58 0.5 0.17 0.58 0.901 0.4 0.36 0.48 0.54 0.56 0.5 0.46 0.4 1.483 0.58 0.26 1.38 0.4 0.46 1.483 0.58 0.45 1.483 0.45 0.23 0.37 0.45 0.58 0.4 0.5 0.55 0.3 1.05 0.54 0.47 0.5 0.476 0.55 0.6 1.49 0.4 0.5 0.47 0.53 0.45 0.4 0.5 0.49 0.481 0.58 1.46 0.47 0.46 0.48 0.41 0.52 0.36 0.36 0.4 0.68 0.1 0.42 0.37 0.54 0.1 0.648 0.49 0.59 0.33 0.23 0.4 1.345 0.54 0.4 0.4 0.4 0.47 0.45 0.54 0.45 0.25 0.65 0.53 0.56 0.4 0.65 0.46 1.345 0.4 0.5 0.4 1.44 0.45 0.37 1.483 0.5 0.377 0.4 0.43 0.4 0.17 0.762 0.39 0.19 0.42 0.54 0.5 0.5 1.46 0.42 0.47 0.53 0.4 0.45 0.42 0.485 0.4 1.345 1.483 0.58 0.59 0.54 0.33 0.3 0.45 0.43 0.37 0.31 0.23 0.4 0.636 1.483 0.39 0.65 0.4 0.5 1.345 0.23 0.59 0.46 0.37 0.54 0.4 0.1 0.686 0.53 0.55 0.54 0.46 0.53 1.345 0.49 0.42 0.38 0.32 0.1 0.38 0.36 0.4 0.3 0.45 0.5 0.47 0.724 0.4 0.59 0.4 0.43 0.56 0.32 0.47 0.22 0.42 0.52 0.41 0.46 1.483 0.41 0.4 0.3 0.33 0.46 0.68 0.37 0.22 0.4 0.3 0.4 0.27 1.248 0.51 0.53 0.762 0.33 1.05 0.53 0.5 0.37 0.31 0.23 0.41 0.43 0.52 0.48 0.58 0.42 1.345 0.39 0.53 0.4 1.483 1.248 0.41 0.481 0.47 0.53 0.37 0.11 0.42 0.42 0.37 0.5 0.635 0.48 0.41 0.3 0.47 0.648 1.67 0.5 0.54 0.54 0.476 0.55 0.5 1.248 0.22 0.4 0.5 0.58 1.05 0.36 0.53 0.481 0.54 0.33 0.26 0.45 0.59 0.38 0.47 1.483 0.25 0.36 0.5 0.56 0.17 0.5 0.51 0.43 0.47 0.34 0.901 0.901 1.483 0.25 0.46 0.54 0.25 0.4 0.4 0.42 1.43 0.11 0.59 0.901 0.56 0.56 0.45 0.14 0.65 0.4 0.09 0.59 0.54 0.47 0.46 0.54 0.5 1.345 1.46 0.4 0.4 0.46 0.56 0.52 1.345 0.3 0.25 1.66 0.4 0.301 0.617 1.05 0.4 0.42 1.483 0.58 0.5 0.43 0.4 0.53 0.36 0.5 0.53 0.5 0.724 0.54 0.37 0.6 0.34 0.46 0.4 0.68 0.71 0.36 0.55 0.55 0.53 1.483 0.54 0.53 0.68 0.23 0.22 0.47 0.41 0.65 0.41 0.5 0.1 0.45 0.46 0.19 0.59 0.58 0.46 0.54 0.37 0.37 0.37 0.648 0.762 0.59 0.54 0.52 0.53 0.48 0.56 1.345 0.09 0.52 0.58 0.25 0.5 0.47 0.54 0.41 0.46 0.47 0.38 0.52 0.465 0.476 0.47 0.4 1.248 0.637 1.35 0.4 0.43 0.39 0.33 0.59 0.1 0.47 0.43 0.5 0.4 0.3 0.59 1.42 0.27 0.27 0.58 0.4 0.3 0.59 0.3 0.55 0.4 0.22 0.37 0.54 1.43 0.39 0.42 0.58 0.4 0.762 0.637 0.635 0.301 0.31 0.4 0.56 0.52 0.7 0.25 0.6 1.05 0.5 0.2 0.48 0.52 0.42 0.2 0.636 0.465 0.23 0.5 0.58 0.636 0.58 0.3 0.5 0.55 0.45 0.42 1.248 0.377 0.65 0.48 0.65 0.5 0.39 0.23 0.46 0.58 0.4 0.55 0.5 0.33 0.4 0.4 0.3 0.465 0.4 0.56 0.42 0.46 0.47 0.54 0.22 0.7 0.54 0.58 0.45 0.46 0.637 0.4 0.56 0.65 0.42 0.33 0.22 0.59 0.43 0.36 0.54 0.27 0.485 0.3 0.4 0.6 0.48
Dot Production Prediction of Lab Growth Rates:
0.551384 0.296233 0.287942 0.355866 0.539012 0.333643 0.398906 0.541461 0.362749 0.435733 0.401659 0.381666 0.472489 1.34515 0.47388 0.698596 0.380752 0.449374 0.302072 0.475927 0.350188 1.42343 0.418339 1.33075 0.294206 0.467924 0.48386 0.697545 0.78842 1.04027 0.291855 0.398805 0.54562 0.399748 0.302491 0.319233 0.532017 0.383871 0.479012 0.460985 0.639125 0.544161 0.784517 0.433216 0.399162 1.27041 0.474933 0.39457 0.707688 0.543743 0.336433 0.319309 0.741595 0.391301 0.403266 0.400064 0.900335 0.467861 0.554245 1.35865 0.355466 0.703951 1.37318 0.338072 0.469775 0.394338 0.475103 0.649806 0.486056 0.394005 0.70758 0.334001 0.425157 0.293835 0.338467 1.39897 0.474011 0.540378 0.350002 0.409013 0.422801 0.542119 1.44287 0.313353 0.280288 0.46035 0.903467 0.416201 0.707272 0.388554 0.328028 0.4672 0.352929 0.534524 0.408689 0.319311 0.395612 0.46669 0.473978 0.557191 0.485842 0.473017 0.311816 0.360835 0.912409 0.401557 0.361344 0.339781 0.403179 0.538257 0.316558 0.464459 0.402592 1.30264 0.469951 0.604853 1.25737 0.401078 0.424377 1.31889 0.482951 0.325921 1.33904 1.45583 0.535035 0.416409 1.44164 0.400003 0.396625 0.832286 0.56362 0.484994 1.07052 0.549736 0.484192 0.355648 0.468364 0.467598 0.594173 1.45583 0.400202 0.331468 0.390476 0.528811 0.429424 0.399887 0.317659 0.403041 0.460699 0.469173 1.06081 0.381313 0.456925 0.330271 0.377636 0.360777 0.336078 0.331449 0.387767 0.443972 1.00705 0.291837 0.408409 0.409138 1.53904 0.688666 0.388787 0.372318 0.509597 0.426182 0.402269 1.3273 0.560707 0.398687 0.400263 0.400496 0.417345 1.37189 0.475965 1.42167 0.542147 0.650914 0.322428 0.540485 0.383327 0.625634 0.538024 1.37991 0.393498 0.476588 0.400181 1.44128 1.40284 0.273127 1.30608 0.446237 0.474964 0.400573 0.438166 0.398189 0.314209 1.20022 0.329847 0.312842 0.612333 0.477903 0.340159 0.362471 1.38933 0.310617 0.361849 0.531629 0.400157 1.38593 0.297663 0.461371 0.395106 1.33987 1.32674 0.480441 0.298489 0.391317 0.314948 0.293197 0.360191 0.351259 0.482073 0.57089 0.527192 0.401793 0.708031 1.28815 0.297895 0.635435 0.402627 0.369843 1.33119 0.426109 0.326403 0.276562 0.408205 0.373954 0.401061 0.458607 0.709024 0.544789 0.470416 0.305206 0.360945 0.271939 1.34913 0.398641 0.322132 0.366875 0.304279 1.88353 0.296171 0.356205 0.393216 0.28908 1.40584 0.324533 0.423247 0.704442 0.401783 0.544896 0.398037 0.445608 0.490929 0.359384 0.413113 0.471167 0.338679 0.341435 0.408524 0.390265 1.30456 0.469081 0.395392 0.596194 0.542832 0.545807 0.448635 0.404971 0.462853 0.394155 0.608397 0.387515 0.635462 1.13596 0.441697 0.446691 1.19932 0.375407 1.07385 0.525582 0.747068 0.449763 0.586527 0.536094 0.464799 0.359532 0.398864 0.265806 0.452307 0.352045 1.31698 0.294752 0.506246 0.399404 1.30875 1.13499 0.392748 0.463006 0.293392 0.571306 0.398281 0.403252 0.340712 0.356339 0.4174 0.388503 0.695127 0.306807 0.328362 0.628139 0.443275 0.694721 1.37121 0.835449 0.344945 0.537846 0.4706 0.470691 0.528952 1.14849 0.361174 0.401496 0.731635 0.346625 1.07253 0.376417 0.528525 0.465199 0.325587 0.308107 0.36098 0.334317 0.552297 0.376762 0.389442 1.31091 1.00637 0.354392 0.490259 0.533135 0.449982 0.492654 0.413501 0.369511 0.417757 0.309243 0.899648 1.08528 1.2996 0.376207 0.298045 0.379392 1.42321 0.403144 0.395727 0.34692 1.22978 0.378845 0.544863 0.898441 0.54478 0.533139 0.368208 0.414138 0.624602 0.404276 0.394159 0.541178 0.370259 0.366292 0.462042 0.46863 0.545457 1.35831 1.04209 0.400436 0.391006 0.439214 0.480805 0.365554 1.28918 0.313706 0.595257 1.43987 0.373756 0.477456 0.765878 1.04299 0.396573 0.633948 1.32854 0.362083 0.308442 0.351328 0.400034 0.393799 0.321075 0.319354 0.310663 0.711748 0.707763 0.370758 0.410665 0.615563 0.292682 0.446311 0.380637 0.45023 0.70218 0.422769 0.548345 0.468112 0.37039 1.34951 0.396989 0.529647 0.44639 0.546853 0.402147 0.333338 0.348813 0.658248 0.470082 0.777017 1.52695 0.334563 0.472407 0.288237 0.298195 0.468257 0.400942 0.558467 0.594988 0.417417 0.407926 0.694904 1.2107 0.397387 0.462838 0.374536 0.418972 0.297583 0.470669 1.30489 0.345163 0.375883 0.46727 0.373309 0.815994 0.35008 0.410614 0.333061 0.461588 0.355755 0.282464 0.379138 0.469906 0.473515 0.364056 0.404364 1.13801 0.697511 1.07579 0.403483 0.365774 0.304844 0.369277 0.31617 1.76075 0.349971 0.418189 0.825452 0.401439 0.419033 0.54209 1.46486 0.38697 0.392676 0.484045 0.396143 0.569356 0.308388 0.291078 0.471291 0.40157 0.476591 0.418407 0.534907 1.22724 0.314633 0.364551 0.307343 0.401987 1.21589 0.695839 0.698631 0.478508 0.573867 0.4002 0.485144 0.333179 0.782912 0.359913 0.597302 1.38111 0.869997 0.396281 0.352677 0.372651 0.396884 0.387619 0.68653 0.46795 0.532499 0.797419 0.472746 0.704111 0.470879 0.376073 0.486165 0.454485 0.296108 0.340921 1.1406 0.474969 0.648124 0.351694 0.649609 0.552038 0.347644 0.54044 0.338074 0.385023 0.401348 0.567828 0.53148 0.338849 0.384789 0.399623 0.578068 0.466298 0.404567 0.557369 0.625518 0.432916 0.407529 0.54545 0.477423 0.788224 0.469981 0.270462 0.384315 0.351246 0.693188 0.396206 0.551618 0.661087 0.359472 0.471754 0.472789 0.545878 0.42722 0.435225 0.388154 0.269093 0.469049 0.553608 0.310545 0.63497 0.269301
Testing:
Lab Growth Rates:
0.45 0.45 0.45
Dot Production Prediction of Lab Growth Rates:
0.446907 0.399716 0.420524
Best performance so far: 
Obj: 4.68639e-310Rho: 6.5069e-314Diff: 4.68639e-310
Test:
 Lab Growth Rates:
0.45 0.45 0.45Dot Product Prediction of Growth Rate:
0.4469071 0.3997158 0.4205236