seed =  5 traits =  1 
Training: part  195 
Training: part  195 
Round  1 
 Goal of obj  0.99 
Temperature range:  0.00390625 7.8125e-13 
Cycle 1Round 1
Iter 500000 pBad 0.853035 T 0.00127883 Obj 1.06018 Rho 0 GRdif 34.2458 success 146513 failure 10338 obj_new 1.06018 SA_pAcc 1 Delta -0.0622671 SA_r 0.607627 freedomratio 0.3754
Iter 1000000 pBad 0.798118 T 0.000418662 Obj 1.0409 Rho 0 GRdif 23.4876 success 289883 failure 27306 obj_new 1.0409 SA_pAcc 0.801095 Delta 0.00779567 SA_r 0.310468 freedomratio 0.363298
Iter 1500000 pBad 0.748265 T 0.000137062 Obj 1.0265 Rho 0 GRdif 15.3259 success 431806 failure 48314 obj_new 1.0265 SA_pAcc 1 Delta 0.0272459 SA_r 0.693668 freedomratio 0.364201
Iter 2000000 pBad 0.639613 T 4.48711e-05 Obj 1.02017 Rho 0 GRdif 11.7022 success 571843 failure 73504 obj_new 1.02017 SA_pAcc 1.27615 Delta -0.036658 SA_r 0.581249 freedomratio 0.366708
Iter 2500000 pBad 0.521359 T 1.46899e-05 Obj 1.01583 Rho 0 GRdif 9.206 success 706728 failure 108724 obj_new 1.01583 SA_pAcc 1 Delta 0.0403708 SA_r 0.312079 freedomratio 0.364655
Iter 3000000 pBad 0.40023 T 4.80917e-06 Obj 1.01282 Rho 0 GRdif 7.46533 success 832369 failure 159686 obj_new 1.01282 SA_pAcc 1 Delta -0.0362374 SA_r 0.911811 freedomratio 0.352587
Iter 3500000 pBad 0.318094 T 1.57442e-06 Obj 1.01015 Rho 0 GRdif 5.91776 success 941519 failure 244059 obj_new 1.01015 SA_pAcc 0.0980179 Delta -0.0302099 SA_r 0.314478 freedomratio 0.333144
Iter 4000000 pBad 0.196282 T 5.15434e-07 Obj 1.00881 Rho 0 GRdif 5.13794 success 1036526 failure 358688 obj_new 1.00881 SA_pAcc 1.06177 Delta 0.0107513 SA_r 0.102211 freedomratio 0.326281
Iter 4500000 pBad 0.10302 T 1.68743e-07 Obj 1.00832 Rho 0 GRdif 4.91675 success 1102088 failure 537918 obj_new 1.00843 SA_pAcc 3.48334e-263 Delta 0.00340201 SA_r 0.324446 freedomratio 0.276676
Iter 5000000 pBad 0.0377262 T 5.52428e-08 Obj 1.00819 Rho 0 GRdif 4.77884 success 1139552 failure 787803 obj_new 1.00819 SA_pAcc 1 Delta 0.00252789 SA_r 0.508436 freedomratio 0.246529
Iter 5500000 pBad 0.0170048 T 1.80854e-08 Obj 1.00814 Rho 0 GRdif 4.75317 success 1161114 failure 1086474 obj_new 1.00814 SA_pAcc 1 Delta -0.000969157 SA_r 0.538809 freedomratio 0.224779
Iter 6000000 pBad 0.0131201 T 5.92078e-09 Obj 1.00812 Rho 0 GRdif 4.74422 success 1174307 failure 1414346 obj_new 1.00813 SA_pAcc 2.57247e-308 Delta 0.000276873 SA_r 0.433954 freedomratio 0.213168
Iter 6500000 pBad 0.00679106 T 1.93834e-09 Obj 1.00812 Rho 0 GRdif 4.7373 success 1181724 failure 1762806 obj_new 1.00812 SA_pAcc 1.81357e-166 Delta 0.000149069 SA_r 0.568084 freedomratio 0.207949
Iter 7000000 pBad 0.00274704 T 6.34574e-10 Obj 1.00811 Rho 0 GRdif 4.73413 success 1186723 failure 2120452 obj_new 1.00811 SA_pAcc 1 Delta -4.05547e-06 SA_r 0.157007 freedomratio 0.204967
Iter 7500000 pBad 0.00247007 T 2.07746e-10 Obj 1.00811 Rho 0 GRdif 4.73769 success 1189317 failure 2486068 obj_new 1.00812 SA_pAcc 0 Delta 0.000190405 SA_r 0.0195998 freedomratio 0.202768
Iter 8000000 pBad 0.000337477 T 6.80119e-11 Obj 1.00811 Rho 0 GRdif 4.73677 success 1190988 failure 2855214 obj_new 1.00812 SA_pAcc 0 Delta 1.27991e-05 SA_r 0.707475 freedomratio 0.201444
Iter 8500000 pBad 0.000469429 T 2.22657e-11 Obj 1.00811 Rho 0 GRdif 4.73161 success 1192167 failure 3226286 obj_new 1.00811 SA_pAcc 5.81614e-90 Delta 3.6065e-05 SA_r 0.881843 freedomratio 0.200754
Iter 9000000 pBad 0.000560224 T 7.28934e-12 Obj 1.00811 Rho 0 GRdif 4.78917 success 1193110 failure 3598886 obj_new 1.00821 SA_pAcc 0 Delta 3.13604e-05 SA_r 0.940323 freedomratio 0.199864
Iter 9500000 pBad 0.000729233 T 2.38638e-12 Obj 1.00811 Rho 0 GRdif 4.731 success 1196174 failure 3967419 obj_new 1.00811 SA_pAcc 1 Delta 2.3596e-06 SA_r 0.601487 freedomratio 0.198644
Iter 10000000 pBad 4.31476e-31 T 7.81252e-13 Obj 1.00811 Rho 0 GRdif 4.73099 success 1198760 failure 4251282 obj_new 1.00811 SA_pAcc 1 Delta -4.2634e-33 SA_r 0.628828 freedomratio 0.184683
Cannot move further
iter 9.65566e+06 obj1.00811 rho 0 GRdif 4.73099
Training:
Lab Growth Rates:
0.59 0.48 0.47 0.46 0.5 0.686 1.483 0.48 1.345 0.58 0.4 0.56 0.55 0.27 0.724 0.27 0.59 0.43 0.46 0.45 0.53 0.22 0.5 0.55 0.37 1.483 0.56 0.53 0.47 0.5 0.3 0.58 0.56 0.1 0.47 0.37 0.41 0.42 0.1 0.49 0.7 0.5 1.248 0.45 0.1 0.59 0.33 0.4 0.4 0.45 0.54 0.58 0.48 0.5 0.42 0.58 0.42 0.43 0.476 0.46 1.345 0.59 0.47 1.345 0.4 1.483 0.5 0.5 1.483 0.59 0.37 0.68 0.23 0.58 0.33 1.05 0.3 0.58 0.26 0.52 0.4 0.58 0.1 0.686 0.23 0.5 0.46 0.47 0.25 0.58 0.54 0.47 0.36 0.476 0.5 0.37 0.4 0.27 0.65 0.71 0.23 1.248 0.4 0.54 0.4 0.377 0.25 0.4 0.4 0.46 0.4 0.41 1.345 0.68 0.68 1.483 0.36 1.345 0.4 0.65 1.345 0.41 0.38 0.47 0.4 1.49 0.59 0.58 0.6 0.3 0.485 0.65 0.19 0.3 0.17 0.5 1.43 0.56 0.36 0.485 0.47 0.59 0.19 1.483 0.68 0.27 0.47 0.4 0.46 0.5 0.54 0.485 0.5 0.53 0.59 0.59 0.5 0.09 1.248 0.4 0.2 0.617 0.49 0.43 1.46 0.56 0.36 0.47 0.33 0.25 0.45 0.54 0.53 0.4 0.46 0.4 0.56 0.4 0.52 1.345 0.11 0.36 1.05 0.33 0.377 0.56 0.3 0.54 0.56 0.52 0.31 0.5 0.4 0.4 0.37 0.58 0.65 0.37 0.25 0.3 0.7 0.476 0.4 0.4 1.345 0.37 0.4 0.54 0.54 0.43 0.52 0.23 0.25 0.65 0.59 0.09 0.4 0.54 0.55 0.53 0.39 0.5 0.45 0.56 0.59 0.58 0.637 0.3 0.23 0.55 0.65 0.22 0.59 0.54 0.55 0.58 0.686 0.4 0.4 0.58 0.481 0.58 0.636 0.22 0.19 0.4 0.4 0.36 0.45 0.3 0.56 0.46 0.54 0.45 0.14 0.4 0.53 0.4 0.4 0.46 0.58 0.4 0.11 0.55 0.46 0.37 0.53 0.4 0.901 0.51 0.56 1.46 0.59 0.65 0.45 0.42 0.46 0.54 0.43 0.1 0.5 0.33 0.54 0.42 1.67 0.71 0.648 0.4 0.17 0.481 0.36 0.46 0.33 0.42 0.4 0.43 0.47 0.34 0.46 0.27 0.4 0.42 0.38 0.45 0.38 0.7 0.34 0.45 0.23 0.5 0.54 0.23 0.45 0.635 0.54 1.483 0.41 0.1 0.53 0.4 0.5 1.03 0.22 1.345 0.65 1.05 1.483 0.2 0.5 0.58 0.43 0.48 0.11 0.43 0.42 0.37 0.53 0.37 1.67 0.762 0.54 0.56 1.483 0.4 0.58 0.4 0.4 0.45 0.23 0.301 0.5 0.59 0.4 0.42 0.3 0.7 0.54 0.42 1.66 1.05 1.483 0.4 0.4 0.54 0.53 0.55 1.46 0.5 0.36 0.52 0.4 0.481 0.38 0.4 0.09 0.37 0.465 0.47 0.37 0.5 0.5 0.26 0.39 0.4 0.34 0.47 0.52 0.71 0.636 0.32 0.17 0.59 0.25 0.42 0.22 0.41 0.27 0.3 0.33 0.53 0.55 0.46 0.43 0.45 0.4 0.47 0.26 0.41 1.42 0.55 0.43 0.54 0.465 0.3 0.56 0.637 0.5 0.301 0.636 0.5 0.4 0.6 1.66 0.54 0.42 0.42 0.46 0.54 0.56 0.901 0.55 0.42 1.35 0.52 0.52 0.58 0.65 0.41 0.22 0.4 0.3 0.4 0.31 0.47 0.485 0.901 0.43 0.48 0.5 0.4 0.49 0.54 0.4 0.59 0.54 0.901 0.5 0.33 0.54 0.5 0.55 0.53 0.22 0.33 0.37 0.42 0.54 1.483 0.46 0.32 0.48 0.48 0.4 0.45 0.52 1.345 0.58 0.6 0.42 0.47 0.5 0.45 0.5 0.45 0.22 0.51 0.724 0.47 0.47 0.4 0.47 0.55 0.762 0.4 0.56 0.54 0.53 0.48 0.52 1.43 0.47 0.377 0.47 0.32 0.23 1.44 0.46 0.37 0.47 0.4 0.3 1.46 1.345 0.762 0.4 0.25 0.56 0.53 0.42 0.53 0.762 0.46 0.635 0.56 1.248 0.648 0.38 0.48 1.38 0.724 0.5 0.54 0.45 0.5 0.36 0.14 0.51 0.41 0.43 1.4 0.46 0.52 0.4 0.648 0.47 0.6 0.301 1.483 0.42 0.37 1.345 0.68 0.52 0.46 1.248 0.56 0.58 0.901 0.45 0.5 0.31 0.465 0.1 0.25 0.4 0.635 0.1 0.58 0.637 0.46 0.1 0.901 0.4 0.54 0.4 0.2 0.45 0.41 0.4 0.39 0.5 0.3 0.37 0.47 1.05 0.4
Dot Production Prediction of Lab Growth Rates:
0.320772 0.3259 0.371771 0.435552 0.62295 0.724782 1.07195 0.327674 1.11067 0.309786 0.397785 0.53253 0.463205 0.308086 0.720955 0.374093 0.539413 0.393836 0.424479 0.357127 0.532653 0.405253 0.646197 0.56299 0.405835 1.04685 0.540309 0.395135 0.418832 0.321154 0.2956 0.311788 0.479875 0.923602 0.34154 0.415797 0.338314 0.349967 0.993025 0.361128 0.705843 0.632211 0.88837 1.57738 1.49508 0.536505 0.403382 0.400117 0.401818 1.53921 0.539983 0.478953 0.345935 0.549194 0.328116 0.473365 0.339475 0.445512 0.486026 0.448873 1.06309 0.547402 0.455161 1.01869 0.407047 1.05332 0.483328 0.487454 1.05113 0.404793 0.411938 0.425609 0.538073 0.335845 0.485521 1.05 0.32424 0.482784 0.461096 0.363366 0.389886 0.342103 0.43796 0.721414 0.416505 0.325929 0.459974 0.351276 0.513027 0.489896 0.457921 0.399631 0.325897 0.487628 0.520096 0.409489 0.403263 0.349342 0.663966 0.715119 0.415219 0.883555 0.401991 0.300359 0.415189 0.482872 0.365238 0.394583 0.398192 0.364509 0.40708 0.473557 1.0462 0.420722 0.420284 1.02922 0.318172 1.07772 0.410218 0.667743 1.00518 0.33407 0.3255 0.3732 0.399918 1.57738 0.547747 0.476317 0.572424 0.302829 0.481703 0.637604 0.317958 0.575719 0.327206 0.539571 1.36604 0.48762 0.369683 0.484964 0.346223 0.54437 0.320521 1.0775 0.426205 0.575529 0.345995 0.399526 0.320058 0.545104 0.355494 0.479901 0.343388 0.348443 0.315734 0.327639 0.674354 0.399464 0.89591 0.400009 0.425582 0.40371 0.366 0.41204 1.56808 0.481192 0.37923 0.360961 0.35568 0.733922 0.362117 0.381257 0.383259 0.395127 0.327718 0.401391 0.538159 0.39693 0.331712 1.08121 0.357695 0.363115 1.05195 0.326468 0.48251 0.529325 0.531049 0.465605 0.479674 0.350524 0.529998 0.519005 0.399582 0.393926 0.406806 0.366404 0.631209 0.408644 0.32208 0.530126 0.701074 0.492495 0.404644 0.403736 1.01274 0.39372 0.402749 0.456998 0.530455 0.351922 0.372372 0.531556 0.51155 0.651057 0.352479 0.365892 0.406493 0.549846 0.462812 0.545848 0.301098 0.389573 0.338303 0.535189 0.39089 0.348003 0.702492 0.471618 0.529348 0.5394 0.637434 0.469229 0.548819 0.538935 0.461887 0.488854 0.724451 0.406468 0.400381 0.47632 0.47991 0.348223 0.717736 0.469692 0.327293 0.397623 0.400205 0.339235 0.363224 0.586161 0.544484 0.400725 0.469233 0.373319 0.140082 0.406952 0.529153 0.403833 0.392855 0.340515 0.478402 0.340655 0.331094 0.559719 0.47121 0.32641 0.53481 0.405486 0.853887 0.394182 0.480075 1.04832 0.315745 0.640433 1.52462 0.379053 0.459995 0.326186 0.345978 0.853771 0.358051 0.436857 0.335335 0.593907 1.46317 0.72075 0.705804 0.406955 0.383616 0.48252 0.380822 0.347416 0.330851 0.322844 0.403027 0.419458 0.51137 0.336679 0.533515 0.379195 0.404307 0.332214 0.36683 0.397024 0.343058 0.701724 0.326929 1.53931 0.5354 0.341641 0.461841 0.531449 0.330905 0.711337 0.378318 1.00081 0.367039 0.446881 0.32187 0.404013 0.610664 1.35257 0.364191 1.0986 0.650078 1.58249 1.00805 0.381523 0.670213 0.477775 0.429785 0.34509 0.353259 0.44583 0.346473 0.382352 0.528639 0.40284 1.57231 0.839157 0.553342 0.53809 1.0413 0.397879 0.490132 0.407708 0.404872 1.594 0.532139 0.473281 0.650731 0.309683 0.397722 0.351512 0.393758 0.702248 0.371457 0.337583 1.66 1.03292 1.0357 0.404785 0.386606 0.35335 0.311158 0.539224 1.02025 0.685944 0.348503 0.386918 0.40861 0.479993 0.337359 0.40329 0.323731 0.414602 0.485682 0.304547 0.415791 0.59024 0.473247 0.357174 0.331003 0.397241 0.304968 0.393783 0.338019 0.723269 0.713599 0.318717 0.326985 0.544617 1.58232 0.324557 0.468971 0.475252 0.355286 0.297029 0.321384 0.532021 0.461822 0.407387 0.333601 0.342384 0.390631 0.406601 0.544032 0.467081 1.58566 0.464961 0.367316 0.400541 0.487287 0.546782 0.543505 0.703498 0.642316 0.473199 0.725875 0.352844 0.404229 0.548952 1.66 0.367729 0.348714 0.367405 0.468584 0.542303 0.485398 0.902237 0.542473 0.313466 1.26562 0.344506 0.36101 0.350413 0.649934 0.366703 0.483386 0.394929 0.537477 0.406209 0.531591 0.352423 0.486733 0.907044 0.403377 0.343698 0.32378 0.403779 0.363831 0.461986 0.400956 0.334479 0.352278 0.904297 0.475987 0.349855 0.418602 0.590029 0.447363 0.541384 0.482321 0.345361 0.381025 0.360869 0.537397 1.06592 0.524258 0.319625 0.30414 0.310002 0.401138 0.342682 0.345122 1.08454 0.364403 0.555825 0.575962 0.34109 0.47799 0.391176 0.488157 1.64101 0.333483 0.368655 0.721915 0.497877 0.394873 0.403489 0.346256 0.552908 0.825374 0.402104 0.542649 0.377627 0.355084 0.312732 0.404963 1.38071 0.3949 0.481018 0.409866 0.342789 0.416828 1.57414 0.309692 0.541224 0.345111 0.399152 0.365327 1.02077 1.10017 0.842667 0.395523 0.388654 0.539319 0.488706 0.583448 0.311313 0.833584 0.486442 0.709436 0.528833 0.888424 0.701714 0.367278 0.348708 1.34598 0.723934 0.347334 0.414604 0.345328 0.336909 0.334243 0.139857 0.370122 0.352792 0.336811 1.51042 0.338607 0.37307 0.405266 0.709121 0.372983 0.579502 0.472749 1.03092 0.369076 0.420792 1.08338 0.426284 0.354398 0.48284 0.891464 0.540217 0.45177 0.899191 0.374961 0.328718 0.536311 0.487312 0.354032 0.384415 0.402548 0.708062 0.74717 0.478855 0.697362 0.434933 0.829902 0.901 0.405799 0.354932 0.405354 0.413754 1.52944 0.33878 0.344688 0.305414 0.324634 0.496416 0.37807 0.401907 1.04057 0.388516
Testing:
Lab Growth Rates:
0.39 0.39 0.39
Dot Production Prediction of Lab Growth Rates:
0.316607 0.327165 0.340426
Best performance so far: 
Obj: 4.65827e-310Rho: 2.26291e-314Diff: 4.65827e-310
Anneal again with the best G and E so far as input
Cycle 2Round 1
Iter 500000 pBad 0.83848 T 0.00127883 Obj 1.03543 Rho 0 GRdif 20.4007 success 111663 failure 7513 obj_new 1.03543 SA_pAcc 1 Delta 0.0140784 SA_r 0.561741 freedomratio 0.267947
Iter 1000000 pBad 0.815838 T 0.000418662 Obj 1.03079 Rho 0 GRdif 17.7699 success 222105 failure 17538 obj_new 1.03079 SA_pAcc 1.36397 Delta -0.0659709 SA_r 0.200146 freedomratio 0.262192
Iter 1500000 pBad 0.775048 T 0.000137062 Obj 1.02698 Rho 0 GRdif 15.5993 success 330976 failure 30050 obj_new 1.02698 SA_pAcc 1 Delta 0.0143262 SA_r 0.440645 freedomratio 0.264202
Iter 2000000 pBad 0.647952 T 4.48711e-05 Obj 1.02166 Rho 0 GRdif 12.5558 success 438263 failure 48077 obj_new 1.02166 SA_pAcc 1 Delta -0.0254611 SA_r 0.853795 freedomratio 0.261958
Iter 2500000 pBad 0.542722 T 1.46899e-05 Obj 1.01849 Rho 0 GRdif 10.7387 success 541643 failure 74882 obj_new 1.01849 SA_pAcc 1 Delta -0.0542639 SA_r 0.668889 freedomratio 0.258948
Iter 3000000 pBad 0.407843 T 4.80917e-06 Obj 1.01581 Rho 0 GRdif 9.19466 success 639032 failure 113289 obj_new 1.01581 SA_pAcc 1.06912 Delta 0.0392138 SA_r 0.715157 freedomratio 0.256231
Iter 3500000 pBad 0.249533 T 1.57442e-06 Obj 1.01082 Rho 0 GRdif 6.30939 success 719846 failure 191608 obj_new 1.01083 SA_pAcc 0.349164 Delta -0.0128059 SA_r 0.515354 freedomratio 0.245291
Iter 4000000 pBad 0.186039 T 5.15434e-07 Obj 1.00985 Rho 0 GRdif 5.7413 success 787394 failure 297087 obj_new 1.00985 SA_pAcc 1 Delta -0.00805716 SA_r 0.845843 freedomratio 0.231896
Iter 4500000 pBad 0.100501 T 1.68743e-07 Obj 1.00928 Rho 0 GRdif 5.41439 success 837826 failure 449510 obj_new 1.00928 SA_pAcc 1 Delta 2.91127e-05 SA_r 0.295479 freedomratio 0.211858
Iter 5000000 pBad 0.0448893 T 5.52428e-08 Obj 1.00879 Rho 0 GRdif 5.12921 success 877849 failure 640754 obj_new 1.00879 SA_pAcc 1.89394 Delta 0.000595237 SA_r 0.237041 freedomratio 0.193144
Iter 5500000 pBad 0.0312561 T 1.80854e-08 Obj 1.00855 Rho 0 GRdif 4.98977 success 903634 failure 887145 obj_new 1.00855 SA_pAcc 1 Delta -0.00167181 SA_r 0.744009 freedomratio 0.177039
Iter 6000000 pBad 0.0126 T 5.92078e-09 Obj 1.00846 Rho 0 GRdif 4.93482 success 919762 failure 1172467 obj_new 1.00846 SA_pAcc 1 Delta 0.00107695 SA_r 0.702147 freedomratio 0.164607
Iter 6500000 pBad 0.00784668 T 1.93834e-09 Obj 1.00842 Rho 0 GRdif 4.91852 success 930238 failure 1485134 obj_new 1.00843 SA_pAcc 0 Delta -0.000758467 SA_r 0.955466 freedomratio 0.158636
Iter 7000000 pBad 0.00606279 T 6.34574e-10 Obj 1.0084 Rho 0 GRdif 4.9054 success 937189 failure 1817767 obj_new 1.00841 SA_pAcc 0 Delta -1.2559e-05 SA_r 0.88549 freedomratio 0.153685
Iter 7500000 pBad 0.00349948 T 2.07746e-10 Obj 1.00839 Rho 0 GRdif 4.89811 success 941902 failure 2162676 obj_new 1.00839 SA_pAcc 0 Delta -0.000272721 SA_r 0.849151 freedomratio 0.149681
Iter 8000000 pBad 0.00193291 T 6.80119e-11 Obj 1.00838 Rho 0 GRdif 4.89287 success 946645 failure 2518186 obj_new 1.00838 SA_pAcc 7.53811e-126 Delta -7.98322e-05 SA_r 0.658312 freedomratio 0.147162
Iter 8500000 pBad 0.00098247 T 2.22657e-11 Obj 1.00838 Rho 0 GRdif 4.89018 success 952471 failure 2889970 obj_new 1.00838 SA_pAcc 0 Delta -6.22249e-05 SA_r 0.116329 freedomratio 0.139524
Iter 9000000 pBad 0.00132651 T 7.28934e-12 Obj 1.00838 Rho 0 GRdif 4.88791 success 958623 failure 3273977 obj_new 1.00838 SA_pAcc 1.51328e-78 Delta -2.69845e-05 SA_r 0.265014 freedomratio 0.135366
Iter 9500000 pBad 0.000338874 T 2.38638e-12 Obj 1.00837 Rho 0 GRdif 4.88949 success 963307 failure 3665861 obj_new 1.00838 SA_pAcc 0 Delta -1.25251e-05 SA_r 0.409596 freedomratio 0.135179
Good enough
iter 9.99986e+06 obj1.00837 rho 0 GRdif 4.88656
Training:
Lab Growth Rates:
0.59 0.48 0.47 0.46 0.5 0.686 1.483 0.48 1.345 0.58 0.4 0.56 0.55 0.27 0.724 0.27 0.59 0.43 0.46 0.45 0.53 0.22 0.5 0.55 0.37 1.483 0.56 0.53 0.47 0.5 0.3 0.58 0.56 0.1 0.47 0.37 0.41 0.42 0.1 0.49 0.7 0.5 1.248 0.45 0.1 0.59 0.33 0.4 0.4 0.45 0.54 0.58 0.48 0.5 0.42 0.58 0.42 0.43 0.476 0.46 1.345 0.59 0.47 1.345 0.4 1.483 0.5 0.5 1.483 0.59 0.37 0.68 0.23 0.58 0.33 1.05 0.3 0.58 0.26 0.52 0.4 0.58 0.1 0.686 0.23 0.5 0.46 0.47 0.25 0.58 0.54 0.47 0.36 0.476 0.5 0.37 0.4 0.27 0.65 0.71 0.23 1.248 0.4 0.54 0.4 0.377 0.25 0.4 0.4 0.46 0.4 0.41 1.345 0.68 0.68 1.483 0.36 1.345 0.4 0.65 1.345 0.41 0.38 0.47 0.4 1.49 0.59 0.58 0.6 0.3 0.485 0.65 0.19 0.3 0.17 0.5 1.43 0.56 0.36 0.485 0.47 0.59 0.19 1.483 0.68 0.27 0.47 0.4 0.46 0.5 0.54 0.485 0.5 0.53 0.59 0.59 0.5 0.09 1.248 0.4 0.2 0.617 0.49 0.43 1.46 0.56 0.36 0.47 0.33 0.25 0.45 0.54 0.53 0.4 0.46 0.4 0.56 0.4 0.52 1.345 0.11 0.36 1.05 0.33 0.377 0.56 0.3 0.54 0.56 0.52 0.31 0.5 0.4 0.4 0.37 0.58 0.65 0.37 0.25 0.3 0.7 0.476 0.4 0.4 1.345 0.37 0.4 0.54 0.54 0.43 0.52 0.23 0.25 0.65 0.59 0.09 0.4 0.54 0.55 0.53 0.39 0.5 0.45 0.56 0.59 0.58 0.637 0.3 0.23 0.55 0.65 0.22 0.59 0.54 0.55 0.58 0.686 0.4 0.4 0.58 0.481 0.58 0.636 0.22 0.19 0.4 0.4 0.36 0.45 0.3 0.56 0.46 0.54 0.45 0.14 0.4 0.53 0.4 0.4 0.46 0.58 0.4 0.11 0.55 0.46 0.37 0.53 0.4 0.901 0.51 0.56 1.46 0.59 0.65 0.45 0.42 0.46 0.54 0.43 0.1 0.5 0.33 0.54 0.42 1.67 0.71 0.648 0.4 0.17 0.481 0.36 0.46 0.33 0.42 0.4 0.43 0.47 0.34 0.46 0.27 0.4 0.42 0.38 0.45 0.38 0.7 0.34 0.45 0.23 0.5 0.54 0.23 0.45 0.635 0.54 1.483 0.41 0.1 0.53 0.4 0.5 1.03 0.22 1.345 0.65 1.05 1.483 0.2 0.5 0.58 0.43 0.48 0.11 0.43 0.42 0.37 0.53 0.37 1.67 0.762 0.54 0.56 1.483 0.4 0.58 0.4 0.4 0.45 0.23 0.301 0.5 0.59 0.4 0.42 0.3 0.7 0.54 0.42 1.66 1.05 1.483 0.4 0.4 0.54 0.53 0.55 1.46 0.5 0.36 0.52 0.4 0.481 0.38 0.4 0.09 0.37 0.465 0.47 0.37 0.5 0.5 0.26 0.39 0.4 0.34 0.47 0.52 0.71 0.636 0.32 0.17 0.59 0.25 0.42 0.22 0.41 0.27 0.3 0.33 0.53 0.55 0.46 0.43 0.45 0.4 0.47 0.26 0.41 1.42 0.55 0.43 0.54 0.465 0.3 0.56 0.637 0.5 0.301 0.636 0.5 0.4 0.6 1.66 0.54 0.42 0.42 0.46 0.54 0.56 0.901 0.55 0.42 1.35 0.52 0.52 0.58 0.65 0.41 0.22 0.4 0.3 0.4 0.31 0.47 0.485 0.901 0.43 0.48 0.5 0.4 0.49 0.54 0.4 0.59 0.54 0.901 0.5 0.33 0.54 0.5 0.55 0.53 0.22 0.33 0.37 0.42 0.54 1.483 0.46 0.32 0.48 0.48 0.4 0.45 0.52 1.345 0.58 0.6 0.42 0.47 0.5 0.45 0.5 0.45 0.22 0.51 0.724 0.47 0.47 0.4 0.47 0.55 0.762 0.4 0.56 0.54 0.53 0.48 0.52 1.43 0.47 0.377 0.47 0.32 0.23 1.44 0.46 0.37 0.47 0.4 0.3 1.46 1.345 0.762 0.4 0.25 0.56 0.53 0.42 0.53 0.762 0.46 0.635 0.56 1.248 0.648 0.38 0.48 1.38 0.724 0.5 0.54 0.45 0.5 0.36 0.14 0.51 0.41 0.43 1.4 0.46 0.52 0.4 0.648 0.47 0.6 0.301 1.483 0.42 0.37 1.345 0.68 0.52 0.46 1.248 0.56 0.58 0.901 0.45 0.5 0.31 0.465 0.1 0.25 0.4 0.635 0.1 0.58 0.637 0.46 0.1 0.901 0.4 0.54 0.4 0.2 0.45 0.41 0.4 0.39 0.5 0.3 0.37 0.47 1.05 0.4
Dot Production Prediction of Lab Growth Rates:
0.319019 0.293859 0.350001 0.415621 0.79568 0.683533 1.36277 0.288726 1.38203 0.283158 0.397382 0.544032 0.475392 0.281398 0.682589 0.35596 0.558247 0.365098 0.40382 0.34716 0.529018 0.454129 0.864185 0.558861 0.41159 1.38169 0.543386 0.398303 0.398082 0.313194 0.299234 0.307509 0.471079 1.52286 0.313879 0.419928 0.349165 0.31636 1.53831 0.388734 0.79595 0.810986 0.829674 1.39773 1.32277 0.555785 0.447227 0.400909 0.39236 1.32795 0.526282 0.46276 0.31895 0.559374 0.298935 0.477889 0.292336 0.452594 0.502414 0.448604 1.29587 0.544507 0.512261 1.36015 0.397573 1.35902 0.467957 0.473476 1.33487 0.406121 0.422306 0.344154 0.55241 0.289656 0.547189 1.06263 0.305224 0.472457 0.502533 0.367039 0.374167 0.35424 0.422533 0.677331 0.436021 0.331118 0.457783 0.373081 0.523338 0.475786 0.463343 0.3671 0.329087 0.505409 0.543046 0.417208 0.405643 0.326741 0.677854 0.672723 0.435032 0.822905 0.389881 0.275497 0.357579 0.510237 0.371358 0.392018 0.39915 0.345655 0.40106 0.506176 1.36401 0.342262 0.341024 1.3323 0.328987 1.33502 0.403903 0.656351 1.31391 0.302036 0.311981 0.367716 0.398466 1.39773 0.545126 0.481137 0.599754 0.300178 0.495448 0.61852 0.271959 0.637376 0.261181 0.547059 1.14852 0.476222 0.376858 0.501825 0.360427 0.553692 0.267218 1.34799 0.340554 0.63522 0.333518 0.388872 0.308698 0.548191 0.382651 0.491564 0.321611 0.351539 0.296173 0.301712 0.875066 0.418695 0.829628 0.400612 0.423824 0.626597 0.374039 0.395889 1.36174 0.471409 0.378063 0.377713 0.343237 1.00342 0.376169 0.346149 0.430064 0.382675 0.314627 0.392621 0.537156 0.394419 0.337209 1.345 0.377307 0.348461 1.06406 0.300685 0.517281 0.525367 0.557209 0.471569 0.467171 0.371046 0.600571 0.540286 0.389173 0.38038 0.414451 0.38128 0.649996 0.418158 0.311798 0.536807 0.786724 0.505616 0.396301 0.392747 1.32273 0.388715 0.405029 0.46744 0.533673 0.357791 0.361147 0.545043 0.560983 0.670049 0.324481 0.377526 0.39852 0.557219 0.469249 0.558389 0.268342 0.415216 0.366631 0.550035 0.380732 0.34833 0.656167 0.446262 0.538922 0.550004 0.6453 0.487474 0.555365 0.540478 0.464181 0.479848 0.683247 0.398398 0.378381 0.482903 0.49586 0.372994 0.680081 0.485745 0.273658 0.374832 0.401234 0.359631 0.375077 0.643777 0.54516 0.419051 0.469589 0.354521 0.22191 0.398066 0.529852 0.396891 0.377764 0.317153 0.480293 0.305549 0.339698 0.556231 0.468877 0.327334 0.545194 0.39728 0.780851 0.399514 0.473806 1.09044 0.291738 0.642565 1.26715 0.370458 0.460016 0.286237 0.337367 1.28561 0.3731 0.50734 0.333781 0.643719 1.37658 0.672609 0.656174 0.398937 0.369305 0.497413 0.390879 0.326075 0.307702 0.298437 0.402085 0.42418 0.509907 0.324586 0.618804 0.361269 0.394468 0.290809 0.374657 0.391763 0.322022 0.797647 0.319537 1.33017 0.539823 0.33948 0.469921 0.545712 0.324965 0.671545 0.381959 1.33688 0.381201 0.442157 0.314929 0.396113 0.78214 1.2266 0.379453 1.36027 0.655491 1.3615 1.32529 0.384024 0.935437 0.460157 0.425215 0.328434 0.356061 0.436788 0.340137 0.418273 0.523313 0.406188 1.36414 0.762002 0.539217 0.549859 1.28934 0.394253 0.48595 0.3977 0.407867 1.37253 0.549046 0.513287 0.874241 0.278112 0.389941 0.369043 0.360382 0.784057 0.352755 0.318322 1.43739 1.05 1.33844 0.395079 0.365331 0.370816 0.297799 0.551026 1.04674 0.918841 0.347913 0.349217 0.399241 0.49783 0.320897 0.394659 0.32834 0.417104 0.502661 0.269091 0.422605 0.732169 0.47183 0.399679 0.294816 0.371693 0.280442 0.383545 0.318086 0.67746 0.661327 0.308795 0.282675 0.558689 1.37989 0.296482 0.490301 0.506759 0.335023 0.300001 0.317392 0.510318 0.473414 0.427778 0.317503 0.364414 0.373119 0.399749 0.608952 0.488269 1.41481 0.482381 0.337075 0.35929 0.503336 0.575679 0.54164 0.657626 0.846486 0.518493 0.682561 0.339385 0.397303 0.597452 1.45917 0.332963 0.311362 0.36577 0.475828 0.524352 0.482325 0.901002 0.553693 0.301188 1.09387 0.320326 0.37328 0.344281 0.649872 0.36433 0.486288 0.382418 0.602174 0.398648 0.578006 0.34086 0.499029 0.901368 0.38625 0.343305 0.33198 0.397366 0.386036 0.468442 0.392476 0.328588 0.343339 0.903507 0.473613 0.349618 0.389507 0.70224 0.469594 0.563153 0.478281 0.338452 0.393192 0.353835 0.54655 1.27445 0.602638 0.319917 0.244336 0.277048 0.389695 0.337192 0.358494 1.40192 0.38294 0.584911 0.613145 0.31808 0.471733 0.370152 0.474414 1.40852 0.337416 0.376514 0.682718 0.515777 0.368481 0.39555 0.324404 0.555316 0.760503 0.402731 0.538322 0.388807 0.377583 0.324756 0.399091 1.16116 0.418633 0.509254 0.362189 0.337156 0.437249 1.41136 0.29042 0.629382 0.343141 0.399287 0.335696 1.03612 1.36987 0.7647 0.383982 0.386175 0.538205 0.471822 0.642246 0.312394 0.766658 0.571452 0.66663 0.525332 0.826265 0.651657 0.381744 0.359072 1.2178 0.680069 0.362582 0.402759 0.368527 0.351144 0.317086 0.221092 0.370718 0.340005 0.311007 1.4 0.320258 0.350059 0.39557 0.660477 0.37513 0.64887 0.515654 1.34367 0.372035 0.48184 1.35456 0.343773 0.335073 0.476471 0.82937 0.546005 0.449833 0.902523 0.379184 0.327632 0.628583 0.501081 0.363746 0.381216 0.394169 0.672225 1.00638 0.466541 0.650954 0.422637 1.2329 0.949821 0.395086 0.365927 0.39775 0.390528 1.29413 0.326524 0.319457 0.277945 0.309436 0.545289 0.360332 0.437303 1.04385 0.365582
Testing:
Lab Growth Rates:
0.39 0.39 0.39
Dot Production Prediction of Lab Growth Rates:
0.292058 0.313261 0.334071
Best performance so far: 
Obj: 4.65827e-310Rho: 2.122e-314Diff: 4.65827e-310
Test:
 Lab Growth Rates:
0.39 0.39 0.39Dot Product Prediction of Growth Rate:
0.2920585 0.3132608 0.3340706