seed =  5 traits =  1 
Training: part  60 
Training: part  60 
Round  1 
 Goal of obj  0.99 
Temperature range:  0.0078125 1e-13 
Cycle 1Round 1
Iter 500000 pBad 0.899466 T 0.00222921 Obj 1.17372 Rho 0 GRdif 93.863 success 138401 failure 4890 obj_new 1.17372 SA_pAcc 1.03514 Delta 0.0420905 SA_r 0.556463 freedomratio 0.368785
Iter 1000000 pBad 0.79085 T 0.000636081 Obj 1.06635 Rho 0 GRdif 37.6447 success 282566 failure 20015 obj_new 1.06635 SA_pAcc 1 Delta -0.0123664 SA_r 0.760643 freedomratio 0.369949
Iter 1500000 pBad 0.717579 T 0.000181498 Obj 1.03668 Rho 0 GRdif 21.1107 success 422900 failure 44679 obj_new 1.03668 SA_pAcc 1 Delta -0.00301641 SA_r 0.460443 freedomratio 0.379043
Iter 2000000 pBad 0.659715 T 5.17885e-05 Obj 1.02292 Rho 0 GRdif 13.2766 success 559632 failure 77442 obj_new 1.02292 SA_pAcc 0.841335 Delta -0.0190907 SA_r 0.125582 freedomratio 0.361728
Iter 2500000 pBad 0.52301 T 1.47772e-05 Obj 1.01686 Rho 0 GRdif 9.79533 success 694494 failure 114862 obj_new 1.01686 SA_pAcc 1.21291 Delta 0.0303672 SA_r 0.905005 freedomratio 0.355152
Iter 3000000 pBad 0.424293 T 4.21652e-06 Obj 1.01249 Rho 0 GRdif 7.27363 success 820406 failure 166027 obj_new 1.01249 SA_pAcc 1.37277 Delta 0.0288167 SA_r 0.628641 freedomratio 0.350478
Iter 3500000 pBad 0.270942 T 1.20314e-06 Obj 1.01029 Rho 0 GRdif 6.00136 success 928700 failure 253534 obj_new 1.01029 SA_pAcc 1 Delta -0.00365368 SA_r 0.280685 freedomratio 0.34189
Iter 4000000 pBad 0.137612 T 3.43301e-07 Obj 1.00926 Rho 0 GRdif 5.40157 success 1013652 failure 389413 obj_new 1.00926 SA_pAcc 1.0646 Delta 0.000281083 SA_r 0.305202 freedomratio 0.305686
Iter 4500000 pBad 0.0770947 T 9.7957e-08 Obj 1.00879 Rho 0 GRdif 5.13541 success 1071762 failure 586989 obj_new 1.0088 SA_pAcc 9.41203e-59 Delta 0.00460335 SA_r 0.987483 freedomratio 0.267092
Iter 5000000 pBad 0.0328079 T 2.79509e-08 Obj 1.00859 Rho 0 GRdif 5.01784 success 1105871 failure 848325 obj_new 1.0086 SA_pAcc 6.16547e-220 Delta -0.00256398 SA_r 0.516796 freedomratio 0.23591
Iter 5500000 pBad 0.0254623 T 7.97548e-09 Obj 1.00851 Rho 0 GRdif 4.9648 success 1126937 failure 1154402 obj_new 1.00851 SA_pAcc 1.05173e-121 Delta 0.000503456 SA_r 0.934855 freedomratio 0.220218
Iter 6000000 pBad 0.00994658 T 2.27571e-09 Obj 1.00847 Rho 0 GRdif 4.94406 success 1139238 failure 1495485 obj_new 1.00847 SA_pAcc 0 Delta 0.000689628 SA_r 0.926531 freedomratio 0.202628
Iter 6500000 pBad 0.00628059 T 6.49348e-10 Obj 1.00846 Rho 0 GRdif 4.95183 success 1146995 failure 1858075 obj_new 1.00849 SA_pAcc 0 Delta -0.00036951 SA_r 0.422089 freedomratio 0.195529
Iter 7000000 pBad 0.00455559 T 1.85284e-10 Obj 1.00845 Rho 0 GRdif 4.94304 success 1151384 failure 2235687 obj_new 1.00847 SA_pAcc 0 Delta 0.000306786 SA_r 0.952907 freedomratio 0.190075
Iter 7500000 pBad 0.00195225 T 5.28687e-11 Obj 1.00845 Rho 0 GRdif 4.93132 success 1155318 failure 2620313 obj_new 1.00845 SA_pAcc 0 Delta 0.000160445 SA_r 0.61642 freedomratio 0.186328
Iter 8000000 pBad 0.00069041 T 1.50855e-11 Obj 1.00844 Rho 0 GRdif 4.92695 success 1158488 failure 3012046 obj_new 1.00844 SA_pAcc 1 Delta -5.08067e-05 SA_r 0.744265 freedomratio 0.183297
Iter 8500000 pBad 0.000979612 T 4.30447e-12 Obj 1.00844 Rho 0 GRdif 4.93687 success 1161288 failure 3408679 obj_new 1.00846 SA_pAcc 0 Delta 8.96992e-05 SA_r 0.986771 freedomratio 0.180031
Iter 9000000 pBad 0.000332714 T 1.22823e-12 Obj 1.00844 Rho 0 GRdif 4.92561 success 1164525 failure 3809399 obj_new 1.00844 SA_pAcc 0 Delta -1.15054e-05 SA_r 0.268856 freedomratio 0.178441
Iter 9500000 pBad 3.03506e-65 T 3.50462e-13 Obj 1.00844 Rho 0 GRdif 4.92819 success 1167556 failure 4149529 obj_new 1.00845 SA_pAcc 0 Delta 2.73456e-67 SA_r 0.648468 freedomratio 0.17025
Iter 10000000 pBad 3.34819e-85 T 1e-13 Obj 1.00844 Rho 0 GRdif 4.92544 success 1167556 failure 4471077 obj_new 1.00844 SA_pAcc 1 Delta 2.72714e-86 SA_r 0.682612 freedomratio 0.145265
Cannot move further
iter 9.30367e+06 obj1.00844 rho 0 GRdif 4.92544
Training:
Lab Growth Rates:
0.4 0.42 0.45 0.59 0.377 0.43 0.42 1.05 0.38 0.4 0.53 0.38 0.56 0.56 0.46 0.45 0.23 0.27 0.55 1.345 0.4 0.47 0.4 1.483 0.37 0.32 0.49 0.1 0.25 0.68 0.5 0.47 0.11 0.56 0.1 0.58 0.41 0.47 0.31 0.47 0.51 0.43 0.637 0.762 0.54 0.37 0.4 0.46 0.1 0.26 0.4 0.42 0.53 0.56 0.45 0.55 0.4 0.45 1.248 0.53 0.43 0.55 0.46 0.23 0.3 1.67 0.48 0.19 0.3 0.724 0.48 0.56 0.3 0.34 0.48 0.54 0.48 0.26 0.5 0.636 0.3 0.33 0.686 0.46 0.52 0.45 0.53 0.59 0.36 1.248 0.58 0.45 0.39 0.32 0.09 0.22 0.37 0.53 0.901 0.4 0.45 0.37 0.36 0.5 0.648 0.5 0.5 0.45 0.5 0.4 1.66 0.46 0.37 0.53 1.66 0.33 0.47 1.345 0.65 0.56 0.55 0.59 0.52 0.42 0.68 0.5 0.42 0.54 0.42 0.27 0.09 0.27 0.5 1.248 0.3 1.483 0.4 0.1 0.47 1.248 0.33 0.54 1.483 1.44 0.58 0.58 0.3 0.52 0.52 0.65 0.4 0.5 0.55 0.6 0.39 0.4 0.33 1.483 0.25 0.465 0.59 1.46 0.42 0.48 0.23 1.345 0.49 0.56 0.6 0.481 0.4 0.53 0.55 0.46 0.54 0.46 0.17 0.19 0.5 0.686 0.36 1.483 0.4 0.46 0.39 0.5 0.52 0.5 0.43 0.54 0.46 0.46 0.5 0.481 0.53 0.485 0.5 0.47 0.25 1.35 1.49 0.54 0.5 0.5 0.41 0.2 0.58 0.54 0.6 0.43 0.54 0.43 0.33 0.46 0.4 0.45 0.39 0.617 0.51 1.46 0.37 0.45 0.46 0.31 0.2 0.09 0.46 0.11 0.4 0.52 0.648 0.901 0.465 0.54 0.22 0.5 0.4 0.42 0.33 0.4 0.37 0.23 0.3 0.56 0.53 1.05 0.38 0.65 1.345 1.67 0.45 0.54 0.49 0.42 0.4 0.635 1.03 0.5 0.14 0.5 0.4 0.3 1.42 0.4 0.4 0.17 0.4 0.39 0.54 0.46 0.1 0.54 0.485 0.59 0.54 0.4 0.47 1.483 0.5 0.47 0.4 0.42 0.59 0.54 0.54 1.345 0.53 0.724 0.54 0.65 0.42 1.46 0.47 0.58 0.4 0.41 0.25 0.37 0.59 0.485 0.301 0.48 0.58 0.33 0.36 0.4 0.4 0.25 0.45 0.45 0.45 0.762 0.762 0.54 0.47 0.4 0.4 0.46 0.47 0.37 0.4 0.901 1.483 1.345 0.47 0.45 1.43 0.46 0.724 0.17 0.39 0.637 0.901 0.43 0.5 0.52 0.22 0.4 0.58 0.55 0.41 0.37 0.55 1.05 1.46 0.46 0.22 0.68 0.68 0.34 0.5 0.59 0.47 0.377 0.27 0.4 0.5 0.33 0.4 0.59 0.65 0.4 0.65 0.4 0.7 0.377 0.476 0.58 0.59 0.56 0.58 0.46 0.7 0.42 0.23 0.71 0.5 0.58 0.4 0.47 0.47 0.53 0.301 0.54 0.59 1.05 0.481 0.2 0.27 0.42 0.43 0.41 0.53 0.37 0.5 0.58 0.4 0.301 0.4 0.7 1.345 0.42 0.43 0.46 0.58 0.3 0.465 0.36 0.56 0.55 0.42 0.762 0.52 0.476 0.476 0.25 0.4 0.54 0.4 0.46 0.47 0.38 0.4 0.4 0.53 0.14 0.37 0.59 0.4 0.23 0.56 0.59 0.59 0.54 0.4 0.4 1.345 0.36 0.4 0.4 0.68 0.54 0.65 0.25 0.5 0.65 0.48 0.22 0.48 0.3 1.483 0.5 0.43 0.59 0.52 0.4 0.26 0.54 0.34 0.4 1.38 0.53 0.54 0.25 0.48 0.55 0.3 0.36 0.58 0.4 0.41 0.4 0.23 0.4 0.37 0.47 0.4 0.3 0.5 0.56 0.43 0.54 1.43 0.4 0.52 0.901 0.635 0.65 0.58 0.46 0.648 0.52 0.3 0.55 0.5 0.37 0.5 0.53 0.637 0.36 0.58 0.22 0.686 0.636 0.43 0.4 1.483 0.11 0.47 0.58 0.5 1.248 0.58 0.7 0.47 0.42 0.58 0.37 0.47 0.41 0.56 1.05 1.345 0.59 0.54 0.5 0.4 0.1 0.45 0.485 0.4 0.56 0.36 0.45 0.33 1.345 0.901 0.22 0.41 0.42 0.4 0.47 0.52 0.5 0.4 0.54 0.636 0.3 0.71 0.58 0.19 0.32 0.45 0.4 0.4 0.1 0.27 1.4 1.345 1.483 0.6 0.23 1.483 0.55 0.22 0.56 0.37 0.1 0.71 0.23 0.4 0.42 0.38 0.47 0.635 0.54 0.31 0.45 0.51 1.483 0.1 0.47 1.345 0.41 0.58 0.5
Dot Production Prediction of Lab Growth Rates:
0.399769 0.331902 1.55802 0.400227 0.43082 0.377206 0.588934 1.02839 0.337192 0.399589 0.352492 0.38659 0.541421 0.530286 0.389573 0.375109 0.531553 0.594345 0.436743 1.00689 0.405212 0.355297 0.3981 0.926414 0.405279 0.320705 0.386488 0.459868 0.365534 0.546874 0.4591 0.356868 0.330634 0.541948 0.904604 0.4592 0.354714 0.420717 0.560929 0.359347 0.38772 0.448112 0.706183 1.03413 0.551764 0.407858 0.403077 0.326319 0.451823 0.466101 0.408584 0.571485 0.537299 0.541731 1.48379 0.547262 0.408029 0.419251 1.01655 0.530145 0.404487 0.428332 0.311075 0.53234 0.431022 1.52499 0.319117 0.343833 0.420946 0.722777 0.33154 0.546767 0.287525 0.321265 0.33002 0.418932 0.336738 0.357215 0.456873 0.715574 0.380007 0.328063 0.72201 0.372578 0.383407 0.36682 0.546019 0.549322 0.37728 1.01812 0.459056 0.388792 0.332918 0.307191 0.43275 0.46021 0.388384 0.535027 0.902099 0.405017 0.341643 0.392015 0.355192 0.535087 0.711845 0.510846 0.574242 1.49901 0.547731 0.407474 1.66 0.522401 0.401327 0.349031 1.65719 0.358958 0.417747 0.994785 0.649992 0.465049 0.429215 0.355995 0.3409 0.363469 0.542037 0.395789 0.354654 0.367876 0.409693 0.360991 0.336914 0.364464 0.510692 1.02421 0.417104 0.961197 0.395446 0.894451 0.3537 1.01504 0.326009 0.54434 0.894295 1.54265 0.461938 0.377595 0.292843 0.363242 0.389269 0.638308 0.398708 0.458591 0.421574 0.431314 0.331452 0.4077 0.330416 0.925022 1.52374 0.441962 0.366968 1.01947 0.372939 0.345788 0.419744 0.905454 0.377376 0.541866 0.43519 0.439477 0.398139 0.309517 0.548305 0.449121 0.433761 0.439717 0.340027 0.335286 0.477982 0.725041 0.340444 0.962861 0.40414 0.436568 0.310342 0.540991 0.362345 0.569417 0.365432 0.446064 0.460956 0.459992 0.376077 0.440254 0.540817 0.439982 0.344431 0.400403 0.31329 1.24729 1.55802 0.3406 0.323451 0.528054 0.385259 0.398654 0.445027 0.540001 0.438415 0.415806 0.433114 0.443774 0.462778 0.459581 0.398168 1.4911 0.326888 0.556433 0.41481 1.02756 0.547179 0.364651 0.465891 0.559991 0.434848 0.375431 0.527284 0.377042 0.397827 0.411824 0.713372 0.900782 0.442397 0.382244 0.451055 0.599972 0.404836 0.331447 0.501372 0.405549 0.409479 0.539338 0.352596 0.540054 0.536393 1.66665 0.344479 0.626179 0.96195 1.41849 0.417472 0.430055 0.364284 0.382909 0.364672 0.715063 1.3287 0.326499 0.139753 0.456629 0.406124 0.359447 1.52834 0.40727 0.403218 0.41226 0.406692 0.34907 0.386212 0.497244 1.14381 0.354558 0.436616 0.319913 0.318192 0.4028 0.420377 0.909821 0.5087 0.358256 0.400089 0.356821 0.324037 0.536655 0.542087 1.00059 0.428017 0.724188 0.408502 0.687098 0.34063 1.02264 0.392913 0.317685 0.400265 0.365544 0.531115 0.33251 0.540969 0.435264 0.42593 0.342548 0.362547 0.362984 0.332024 0.404769 0.401933 0.377139 0.384502 1.52171 0.339595 1.02119 1.03786 0.414654 0.489758 0.423562 0.40351 0.348954 0.377361 0.412517 0.397372 0.903841 0.964714 0.977668 0.491974 1.49411 1.37588 0.426247 0.723053 0.344627 0.353899 0.710243 0.901 0.345616 0.373056 0.407199 0.354954 0.401965 0.356856 0.549853 0.434084 0.403301 0.54481 1.05 1.63029 0.447971 0.422342 0.543913 0.539484 0.334548 0.337142 0.553966 0.460437 0.43199 0.321138 0.401158 0.361087 0.361908 0.404785 0.415515 0.649105 0.403033 0.659632 0.405628 0.703616 0.429044 0.442409 0.366352 0.541286 0.535994 0.45276 0.299373 0.700679 0.57425 0.419268 0.722771 0.545361 0.460436 0.406005 0.391067 0.417869 0.538311 0.426171 0.395307 0.549032 1.05352 0.437503 0.427431 0.396291 0.382386 0.356336 0.318006 0.349123 0.413067 0.32329 0.452695 0.400095 0.424939 0.405028 0.699083 0.976285 0.316347 0.368138 0.452636 0.332933 0.416215 0.440012 0.350891 0.463536 0.437557 0.352351 1.02915 0.368107 0.445148 0.439699 0.658803 0.4058 0.387305 0.406272 0.461921 0.358194 0.380855 0.403819 0.405329 0.392948 0.14073 0.405156 0.347084 0.402243 0.527287 0.549283 0.541836 0.549484 0.443381 0.398443 0.399957 0.909647 0.358832 0.396402 0.398802 0.542732 0.440485 0.631864 0.373477 0.554717 0.689932 0.323482 0.456912 0.33999 0.452094 0.967136 0.529684 0.427918 0.323734 0.358393 0.401919 0.566208 0.389745 0.326776 0.398564 1.30404 0.403309 0.549069 0.564718 0.308598 0.542933 0.445995 0.325828 0.453098 0.402424 0.433767 0.400448 0.420046 0.404111 0.414168 0.430585 0.399535 0.285388 0.584774 0.45682 0.418068 0.539045 1.36789 0.400164 0.362555 0.899184 0.712409 0.650658 0.459693 0.350264 0.706063 0.390959 0.40803 0.545708 0.458752 0.426208 0.325474 0.503307 0.706831 0.406995 0.367762 0.458865 0.725283 0.722659 0.463065 0.407055 0.905512 0.371154 0.360949 0.33014 0.46245 1.01383 0.35799 0.70402 0.396165 0.357506 0.464902 0.387998 0.368027 0.377424 0.539412 1.05 0.986437 0.350888 0.357469 0.353279 0.397261 0.973759 0.350883 0.442183 0.403696 0.539708 0.399481 1.56656 0.428554 0.88921 0.969203 0.458012 0.42654 0.357377 0.403488 0.357283 0.390469 0.345857 0.406003 0.401351 0.720175 0.399469 0.725622 0.46504 0.332013 0.348926 0.388688 0.368366 0.407658 1.42655 0.393013 1.4595 0.936273 0.943737 0.448054 0.543846 0.975748 0.428314 0.384042 0.537812 0.406774 0.670536 0.720468 0.542299 0.405679 0.360579 0.352177 0.425942 0.712509 0.335444 0.564746 0.367017 0.401185 0.945856 0.394777 0.355369 0.978517 0.3732 0.460427 0.519201
Testing:
Lab Growth Rates:
0.56 0.56 0.56
Dot Production Prediction of Lab Growth Rates:
0.45626 0.455464 0.454135
Best performance so far: 
Obj: 4.66511e-310Rho: 2.26291e-314Diff: 4.66511e-310
Anneal again with the best G and E so far as input
Cycle 2Round 1
Iter 500000 pBad 0.853835 T 0.00222921 Obj 1.09481 Rho 0 GRdif 53.0819 success 118146 failure 8185 obj_new 1.09481 SA_pAcc 1.01059 Delta -0.0225821 SA_r 0.694409 freedomratio 0.283229
Iter 1000000 pBad 0.764868 T 0.000636081 Obj 1.06526 Rho 0 GRdif 37.0455 success 233580 failure 22812 obj_new 1.06526 SA_pAcc 1.12165 Delta 0.0274702 SA_r 0.582694 freedomratio 0.286413
Iter 1500000 pBad 0.714588 T 0.000181498 Obj 1.02971 Rho 0 GRdif 17.1542 success 345144 failure 46798 obj_new 1.02971 SA_pAcc 1.01037 Delta -0.016795 SA_r 0.01573 freedomratio 0.279314
Iter 2000000 pBad 0.611018 T 5.17885e-05 Obj 1.02346 Rho 0 GRdif 13.5916 success 454567 failure 76660 obj_new 1.02346 SA_pAcc 1 Delta 0.0610464 SA_r 0.821211 freedomratio 0.276938
Iter 2500000 pBad 0.516179 T 1.47772e-05 Obj 1.01939 Rho 0 GRdif 11.2543 success 561133 failure 112493 obj_new 1.01939 SA_pAcc 1.09055 Delta 0.0212827 SA_r 0.891494 freedomratio 0.279048
Iter 3000000 pBad 0.373547 T 4.21652e-06 Obj 1.0163 Rho 0 GRdif 9.47575 success 661585 failure 159679 obj_new 1.0163 SA_pAcc 1 Delta 0.00326956 SA_r 0.74212 freedomratio 0.270795
Iter 3500000 pBad 0.210994 T 1.20314e-06 Obj 1.01181 Rho 0 GRdif 6.88873 success 746041 failure 242760 obj_new 1.01182 SA_pAcc 1.92858e-06 Delta -0.00627079 SA_r 0.455575 freedomratio 0.251826
Iter 4000000 pBad 0.152949 T 3.43301e-07 Obj 1.01035 Rho 0 GRdif 6.03392 success 812395 failure 367523 obj_new 1.01035 SA_pAcc 1.48779 Delta -0.0015799 SA_r 0.28202 freedomratio 0.243053
Iter 4500000 pBad 0.0833094 T 9.7957e-08 Obj 1.00947 Rho 0 GRdif 5.52526 success 864286 failure 532540 obj_new 1.00947 SA_pAcc 0.125232 Delta 0.00221718 SA_r 0.675886 freedomratio 0.216156
Iter 5000000 pBad 0.0538479 T 2.79509e-08 Obj 1.00897 Rho 0 GRdif 5.23392 success 906855 failure 743724 obj_new 1.00897 SA_pAcc 1 Delta 0.00150764 SA_r 0.691773 freedomratio 0.189521
Iter 5500000 pBad 0.0195019 T 7.97548e-09 Obj 1.00875 Rho 0 GRdif 5.11305 success 932146 failure 1020394 obj_new 1.00876 SA_pAcc 0 Delta 0.00165199 SA_r 0.0575689 freedomratio 0.170945
Iter 6000000 pBad 0.00942486 T 2.27571e-09 Obj 1.00867 Rho 0 GRdif 5.06114 success 947784 failure 1339672 obj_new 1.00867 SA_pAcc 0 Delta 0.00080668 SA_r 0.726299 freedomratio 0.160724
Iter 6500000 pBad 0.0081977 T 6.49348e-10 Obj 1.00863 Rho 0 GRdif 5.03811 success 960507 failure 1682518 obj_new 1.00863 SA_pAcc 1 Delta 0.00038368 SA_r 0.422819 freedomratio 0.154048
Iter 7000000 pBad 0.00568631 T 1.85284e-10 Obj 1.00861 Rho 0 GRdif 5.02651 success 971624 failure 2046341 obj_new 1.00861 SA_pAcc 1 Delta -6.5201e-05 SA_r 0.648202 freedomratio 0.146757
Iter 7500000 pBad 0.00107547 T 5.28687e-11 Obj 1.00861 Rho 0 GRdif 5.02299 success 978666 failure 2431492 obj_new 1.00861 SA_pAcc 0 Delta -1.69637e-05 SA_r 0.878029 freedomratio 0.142648
Iter 8000000 pBad 0.00150516 T 1.50855e-11 Obj 1.0086 Rho 0 GRdif 5.02162 success 986190 failure 2826864 obj_new 1.00861 SA_pAcc 0 Delta -3.92464e-05 SA_r 0.071441 freedomratio 0.138895
Iter 8500000 pBad 0.000846584 T 4.30447e-12 Obj 1.0086 Rho 0 GRdif 5.01883 success 994027 failure 3237689 obj_new 1.0086 SA_pAcc 0 Delta -2.58836e-05 SA_r 0.395444 freedomratio 0.13288
Iter 9000000 pBad 0.00109906 T 1.22823e-12 Obj 1.0086 Rho 0 GRdif 5.01786 success 1001960 failure 3655058 obj_new 1.0086 SA_pAcc 0 Delta -5.00041e-05 SA_r 0.315254 freedomratio 0.13225
Iter 9500000 pBad 2.09548e-28 T 3.50462e-13 Obj 1.0086 Rho 0 GRdif 5.01737 success 1005263 failure 4044448 obj_new 1.0086 SA_pAcc 1 Delta 1.00855e-29 SA_r 0.461582 freedomratio 0.129331
Good enough
iter 9.21382e+06 obj1.0086 rho 0 GRdif 5.01737
Training:
Lab Growth Rates:
0.4 0.42 0.45 0.59 0.377 0.43 0.42 1.05 0.38 0.4 0.53 0.38 0.56 0.56 0.46 0.45 0.23 0.27 0.55 1.345 0.4 0.47 0.4 1.483 0.37 0.32 0.49 0.1 0.25 0.68 0.5 0.47 0.11 0.56 0.1 0.58 0.41 0.47 0.31 0.47 0.51 0.43 0.637 0.762 0.54 0.37 0.4 0.46 0.1 0.26 0.4 0.42 0.53 0.56 0.45 0.55 0.4 0.45 1.248 0.53 0.43 0.55 0.46 0.23 0.3 1.67 0.48 0.19 0.3 0.724 0.48 0.56 0.3 0.34 0.48 0.54 0.48 0.26 0.5 0.636 0.3 0.33 0.686 0.46 0.52 0.45 0.53 0.59 0.36 1.248 0.58 0.45 0.39 0.32 0.09 0.22 0.37 0.53 0.901 0.4 0.45 0.37 0.36 0.5 0.648 0.5 0.5 0.45 0.5 0.4 1.66 0.46 0.37 0.53 1.66 0.33 0.47 1.345 0.65 0.56 0.55 0.59 0.52 0.42 0.68 0.5 0.42 0.54 0.42 0.27 0.09 0.27 0.5 1.248 0.3 1.483 0.4 0.1 0.47 1.248 0.33 0.54 1.483 1.44 0.58 0.58 0.3 0.52 0.52 0.65 0.4 0.5 0.55 0.6 0.39 0.4 0.33 1.483 0.25 0.465 0.59 1.46 0.42 0.48 0.23 1.345 0.49 0.56 0.6 0.481 0.4 0.53 0.55 0.46 0.54 0.46 0.17 0.19 0.5 0.686 0.36 1.483 0.4 0.46 0.39 0.5 0.52 0.5 0.43 0.54 0.46 0.46 0.5 0.481 0.53 0.485 0.5 0.47 0.25 1.35 1.49 0.54 0.5 0.5 0.41 0.2 0.58 0.54 0.6 0.43 0.54 0.43 0.33 0.46 0.4 0.45 0.39 0.617 0.51 1.46 0.37 0.45 0.46 0.31 0.2 0.09 0.46 0.11 0.4 0.52 0.648 0.901 0.465 0.54 0.22 0.5 0.4 0.42 0.33 0.4 0.37 0.23 0.3 0.56 0.53 1.05 0.38 0.65 1.345 1.67 0.45 0.54 0.49 0.42 0.4 0.635 1.03 0.5 0.14 0.5 0.4 0.3 1.42 0.4 0.4 0.17 0.4 0.39 0.54 0.46 0.1 0.54 0.485 0.59 0.54 0.4 0.47 1.483 0.5 0.47 0.4 0.42 0.59 0.54 0.54 1.345 0.53 0.724 0.54 0.65 0.42 1.46 0.47 0.58 0.4 0.41 0.25 0.37 0.59 0.485 0.301 0.48 0.58 0.33 0.36 0.4 0.4 0.25 0.45 0.45 0.45 0.762 0.762 0.54 0.47 0.4 0.4 0.46 0.47 0.37 0.4 0.901 1.483 1.345 0.47 0.45 1.43 0.46 0.724 0.17 0.39 0.637 0.901 0.43 0.5 0.52 0.22 0.4 0.58 0.55 0.41 0.37 0.55 1.05 1.46 0.46 0.22 0.68 0.68 0.34 0.5 0.59 0.47 0.377 0.27 0.4 0.5 0.33 0.4 0.59 0.65 0.4 0.65 0.4 0.7 0.377 0.476 0.58 0.59 0.56 0.58 0.46 0.7 0.42 0.23 0.71 0.5 0.58 0.4 0.47 0.47 0.53 0.301 0.54 0.59 1.05 0.481 0.2 0.27 0.42 0.43 0.41 0.53 0.37 0.5 0.58 0.4 0.301 0.4 0.7 1.345 0.42 0.43 0.46 0.58 0.3 0.465 0.36 0.56 0.55 0.42 0.762 0.52 0.476 0.476 0.25 0.4 0.54 0.4 0.46 0.47 0.38 0.4 0.4 0.53 0.14 0.37 0.59 0.4 0.23 0.56 0.59 0.59 0.54 0.4 0.4 1.345 0.36 0.4 0.4 0.68 0.54 0.65 0.25 0.5 0.65 0.48 0.22 0.48 0.3 1.483 0.5 0.43 0.59 0.52 0.4 0.26 0.54 0.34 0.4 1.38 0.53 0.54 0.25 0.48 0.55 0.3 0.36 0.58 0.4 0.41 0.4 0.23 0.4 0.37 0.47 0.4 0.3 0.5 0.56 0.43 0.54 1.43 0.4 0.52 0.901 0.635 0.65 0.58 0.46 0.648 0.52 0.3 0.55 0.5 0.37 0.5 0.53 0.637 0.36 0.58 0.22 0.686 0.636 0.43 0.4 1.483 0.11 0.47 0.58 0.5 1.248 0.58 0.7 0.47 0.42 0.58 0.37 0.47 0.41 0.56 1.05 1.345 0.59 0.54 0.5 0.4 0.1 0.45 0.485 0.4 0.56 0.36 0.45 0.33 1.345 0.901 0.22 0.41 0.42 0.4 0.47 0.52 0.5 0.4 0.54 0.636 0.3 0.71 0.58 0.19 0.32 0.45 0.4 0.4 0.1 0.27 1.4 1.345 1.483 0.6 0.23 1.483 0.55 0.22 0.56 0.37 0.1 0.71 0.23 0.4 0.42 0.38 0.47 0.635 0.54 0.31 0.45 0.51 1.483 0.1 0.47 1.345 0.41 0.58 0.5
Dot Production Prediction of Lab Growth Rates:
0.401197 0.334813 1.49975 0.372007 0.527758 0.379359 0.602816 1.02265 0.312662 0.39632 0.334492 0.379229 0.553638 0.539489 0.402801 0.385449 0.540198 0.61663 0.456404 1.26917 0.400641 0.356075 0.400006 1.2014 0.405186 0.331388 0.401632 0.458099 0.358904 0.371424 0.467466 0.355463 0.339278 0.547751 1.13706 0.468537 0.347588 0.430626 0.574453 0.350757 0.400186 0.43689 0.708547 1.29709 0.547617 0.432337 0.401729 0.344259 0.446291 0.48064 0.405339 0.583146 0.535696 0.53561 1.41887 0.556338 0.402731 0.420815 1.20427 0.534255 0.417667 0.460597 0.321239 0.537497 0.396241 1.49168 0.313204 0.331905 0.579178 0.724007 0.296339 0.55408 0.239796 0.330548 0.340453 0.393433 0.347281 0.371711 0.459631 0.714925 0.517042 0.320178 0.716655 0.367311 0.379096 0.346437 0.542044 0.550988 0.380698 1.20941 0.463857 0.373435 0.313897 0.315189 0.461716 0.472365 0.414368 0.526808 0.905876 0.40693 0.341011 0.441926 0.368963 0.545737 0.710839 0.727286 0.794328 1.44542 0.763245 0.402436 1.4822 0.519578 0.4029 0.334784 1.48854 0.365577 0.389921 1.24675 0.661675 0.469943 0.460037 0.334338 0.354748 0.350836 0.367472 0.415582 0.352166 0.344378 0.367636 0.35069 0.348907 0.372406 0.676815 1.21555 0.555582 1.22149 0.385101 1.12737 0.357069 1.20081 0.321999 0.552456 1.19495 1.49742 0.466894 0.390662 0.24299 0.357318 0.399183 0.649949 0.388015 0.467664 0.448476 0.579705 0.32534 0.402642 0.329911 1.22052 1.47101 0.541488 0.33773 1.0304 0.372239 0.355874 0.422418 1.20262 0.377579 0.546937 0.572372 0.532731 0.399458 0.298521 0.550385 0.452506 0.458325 0.416308 0.369481 0.321611 0.68996 0.722266 0.353739 1.23714 0.40255 0.455609 0.31041 0.546004 0.372728 0.77444 0.376241 0.460611 0.4638 0.460021 0.393752 0.533668 0.541636 0.535926 0.338737 0.404202 0.359414 1.10251 1.49975 0.326643 0.334595 0.529145 0.397679 0.368058 0.445508 0.538989 0.577518 0.388746 0.459558 0.440936 0.481143 0.45974 0.388502 1.42764 0.317393 0.50379 0.434512 1.03146 0.590997 0.368374 0.448223 0.587574 0.399101 0.387524 0.539704 0.390898 0.38724 0.386776 0.711123 0.900182 0.535952 0.381266 0.462795 0.742851 0.402307 0.317715 0.522218 0.402028 0.406911 0.540198 0.474257 0.530082 0.527982 1.41668 0.324431 0.63469 1.24817 1.36371 0.416005 0.456155 0.377668 0.404612 0.321865 0.713676 1.31326 0.337246 0.139067 0.460619 0.401592 0.327783 1.51168 0.402665 0.401349 0.473589 0.402293 0.346623 0.401165 0.512856 1.36998 0.368823 0.530013 0.31782 0.292057 0.398386 0.399306 1.18936 0.690368 0.361623 0.400916 0.31136 0.325702 0.541144 0.54072 1.26308 0.424788 0.720829 0.404256 0.665101 0.345643 1.02467 0.371214 0.299784 0.392998 0.364043 0.55384 0.318339 0.543181 0.528386 0.530703 0.350702 0.371398 0.356746 0.331654 0.397818 0.40094 0.368961 0.345535 1.48483 0.342727 1.28041 1.29974 0.394409 0.493855 0.389586 0.402285 0.345056 0.388275 0.417326 0.386251 0.901 1.22577 1.25757 0.482074 1.439 1.17284 0.418401 0.719294 0.363869 0.342726 0.708012 0.899976 0.356626 0.381554 0.400599 0.357022 0.396899 0.373529 0.559335 0.531581 0.401987 0.547445 1.0522 1.42777 0.449845 0.447524 0.368916 0.365972 0.341624 0.337673 0.551605 0.467641 0.528254 0.295807 0.389011 0.375231 0.373669 0.401418 0.38266 0.650958 0.400896 0.637617 0.399157 0.764087 0.526868 0.541084 0.36384 0.542589 0.533465 0.461564 0.308778 0.767431 0.601976 0.422532 0.717013 0.543011 0.464872 0.403485 0.401594 0.388433 0.525826 0.530897 0.379426 0.545801 1.05215 0.530591 0.400103 0.387948 0.332009 0.36942 0.335739 0.362164 0.418268 0.332163 0.461322 0.388683 0.530188 0.401889 0.764406 1.2261 0.318571 0.370334 0.453878 0.342754 0.545679 0.535118 0.339055 0.467103 0.458107 0.35368 1.28479 0.366004 0.540411 0.538823 0.879181 0.401209 0.377991 0.401431 0.436275 0.357978 0.38074 0.401016 0.401766 0.408756 0.140003 0.405592 0.347924 0.397778 0.533248 0.550399 0.542495 0.554259 0.451192 0.392504 0.395815 1.20747 0.356244 0.384373 0.394859 0.369333 0.458084 0.64397 0.3681 0.779119 0.653987 0.303871 0.464423 0.320609 0.598756 1.20889 0.52786 0.413141 0.335063 0.353687 0.398404 0.583961 0.386493 0.309635 0.396269 1.30546 0.391813 0.540795 0.591119 0.322105 0.547757 0.598487 0.340075 0.4632 0.394473 0.531217 0.403365 0.422556 0.399279 0.419655 0.455198 0.398714 0.237792 0.7442 0.465927 0.402531 0.543033 1.16045 0.398751 0.36318 0.902031 0.712522 0.649839 0.469455 0.362148 0.706218 0.381317 0.550563 0.546681 0.464618 0.457783 0.324975 0.481825 0.707902 0.432441 0.389428 0.466348 0.722828 0.725074 0.460866 0.402079 1.1879 0.3808 0.359751 0.318577 0.471785 1.20304 0.350355 0.770004 0.395863 0.351273 0.470177 0.438382 0.377773 0.368636 0.549163 1.05 1.24254 0.316001 0.372952 0.370125 0.393129 1.25563 0.327747 0.5381 0.39949 0.543027 0.427544 1.4963 0.451462 1.18989 1.14465 0.470073 0.525489 0.366772 0.39493 0.320714 0.394433 0.353196 0.401808 0.373968 0.718429 0.371992 0.720346 0.462885 0.322902 0.351245 0.410728 0.340773 0.403402 1.41535 0.379564 1.40239 1.22725 1.21292 0.602343 0.543653 1.21532 0.459309 0.402547 0.540441 0.404214 0.8979 0.713086 0.542309 0.401348 0.368299 0.329177 0.405118 0.710956 0.333671 0.586318 0.350723 0.414284 1.22173 0.341213 0.359673 1.24274 0.397395 0.465152 0.702639
Testing:
Lab Growth Rates:
0.56 0.56 0.56
Dot Production Prediction of Lab Growth Rates:
0.461245 0.461929 0.461388
Best performance so far: 
Obj: 4.66511e-310Rho: 6.5069e-314Diff: 4.66511e-310
Test:
 Lab Growth Rates:
0.56 0.56 0.56Dot Product Prediction of Growth Rate:
0.4612448 0.4619287 0.4613878