seed =  5 traits =  1 
Training: part  208 
Training: part  208 
Round  1 
 Goal of obj  0.99 
Temperature range:  0.0078125 1.5625e-14 
Cycle 1Round 1
Iter 500000 pBad 0.884448 T 0.00203162 Obj 1.12762 Rho 0 GRdif 70.3852 success 147768 failure 6920 obj_new 1.12762 SA_pAcc 0.909208 Delta 0.0455494 SA_r 0.320745 freedomratio 0.367168
Iter 1000000 pBad 0.77561 T 0.000528317 Obj 1.05552 Rho 0 GRdif 31.6641 success 291522 failure 23324 obj_new 1.05552 SA_pAcc 0.706805 Delta 0.00566677 SA_r 0.455709 freedomratio 0.366708
Iter 1500000 pBad 0.72497 T 0.000137387 Obj 1.0268 Rho 0 GRdif 15.4991 success 432404 failure 46906 obj_new 1.0268 SA_pAcc 1.03826 Delta -0.0150964 SA_r 0.697555 freedomratio 0.362176
Iter 2000000 pBad 0.602064 T 3.57271e-05 Obj 1.0196 Rho 0 GRdif 11.372 success 570056 failure 78068 obj_new 1.0196 SA_pAcc 1 Delta 0.0528956 SA_r 0.818537 freedomratio 0.36106
Iter 2500000 pBad 0.501196 T 9.29071e-06 Obj 1.01453 Rho 0 GRdif 8.45622 success 703642 failure 117885 obj_new 1.01454 SA_pAcc 0.356849 Delta 0.0388366 SA_r 0.656934 freedomratio 0.355583
Iter 3000000 pBad 0.305692 T 2.41602e-06 Obj 1.01115 Rho 0 GRdif 6.49905 success 823502 failure 182164 obj_new 1.01115 SA_pAcc 1.83595 Delta 0.0237813 SA_r 0.983152 freedomratio 0.338337
Iter 3500000 pBad 0.16726 T 6.28278e-07 Obj 1.00911 Rho 0 GRdif 5.31389 success 918341 failure 297535 obj_new 1.00911 SA_pAcc 0.00495071 Delta -0.0104591 SA_r 0.793404 freedomratio 0.318132
Iter 4000000 pBad 0.0774209 T 1.63382e-07 Obj 1.00871 Rho 0 GRdif 5.07948 success 983461 failure 477666 obj_new 1.00871 SA_pAcc 1 Delta 0.00683978 SA_r 0.489218 freedomratio 0.282274
Iter 4500000 pBad 0.0352046 T 4.24869e-08 Obj 1.00851 Rho 0 GRdif 4.96502 success 1023826 failure 720990 obj_new 1.00851 SA_pAcc 1.43465e-06 Delta 0.00346067 SA_r 0.782772 freedomratio 0.246115
Iter 5000000 pBad 0.0192096 T 1.10486e-08 Obj 1.00844 Rho 0 GRdif 4.92239 success 1045942 failure 1019773 obj_new 1.00844 SA_pAcc 1 Delta 0.000716804 SA_r 0.985973 freedomratio 0.22375
Iter 5500000 pBad 0.00816341 T 2.87315e-09 Obj 1.00841 Rho 0 GRdif 4.90563 success 1058493 failure 1354213 obj_new 1.00841 SA_pAcc 3.85358e-36 Delta -0.000185383 SA_r 0.414585 freedomratio 0.208541
Iter 6000000 pBad 0.00686617 T 7.47152e-10 Obj 1.0084 Rho 0 GRdif 4.89952 success 1065380 failure 1710937 obj_new 1.0084 SA_pAcc 4.65243e-82 Delta 0.000318211 SA_r 0.815384 freedomratio 0.201444
Iter 6500000 pBad 0.0032081 T 1.94295e-10 Obj 1.00839 Rho 0 GRdif 4.92782 success 1069962 failure 2078602 obj_new 1.00844 SA_pAcc 0 Delta -0.000169981 SA_r 0.825042 freedomratio 0.196776
Iter 7000000 pBad 0.00209544 T 5.05257e-11 Obj 1.00839 Rho 0 GRdif 4.89424 success 1072794 failure 2455114 obj_new 1.00839 SA_pAcc 2.17424e-101 Delta -0.000156376 SA_r 0.0566572 freedomratio 0.19404
Iter 7500000 pBad 0.000541346 T 1.3139e-11 Obj 1.00839 Rho 0 GRdif 4.89327 success 1075317 failure 2836386 obj_new 1.00839 SA_pAcc 1 Delta 2.46162e-05 SA_r 0.708317 freedomratio 0.188485
Iter 8000000 pBad 0.000819953 T 3.41677e-12 Obj 1.00838 Rho 0 GRdif 4.89279 success 1077729 failure 3225039 obj_new 1.00838 SA_pAcc 1 Delta 5.51682e-05 SA_r 0.587751 freedomratio 0.185443
Iter 8500000 pBad 6.68632e-28 T 8.88519e-13 Obj 1.00838 Rho 0 GRdif 4.89255 success 1080700 failure 3612954 obj_new 1.00838 SA_pAcc 1 Delta -5.06704e-29 SA_r 0.214146 freedomratio 0.17915
Iter 9000000 pBad 1.21914e-125 T 2.31057e-13 Obj 1.00838 Rho 0 GRdif 4.89253 success 1082171 failure 3925597 obj_new 1.00838 SA_pAcc 0 Delta -7.68285e-127 SA_r 0.375613 freedomratio 0.17503
Iter 9500000 pBad 0 T 6.00855e-14 Obj 1.00838 Rho 0 GRdif 4.89251 success 1082171 failure 4245666 obj_new 1.00838 SA_pAcc 0 Delta -0 SA_r 0.257067 freedomratio 0.086367
Iter 10000000 pBad 0 T 1.5625e-14 Obj 1.00838 Rho 0 GRdif 4.89252 success 1082171 failure 4593889 obj_new 1.00838 SA_pAcc 0 Delta -0 SA_r 0.195154 freedomratio 0.0467864
Cannot move further
iter 8.5915e+06 obj1.00838 rho 0 GRdif 4.89251
Training:
Lab Growth Rates:
0.617 0.5 0.4 0.4 0.42 0.55 0.54 0.58 0.1 0.09 0.47 0.636 0.4 0.38 0.45 0.4 0.54 0.43 0.23 0.23 0.47 0.23 0.4 0.42 0.56 0.43 0.58 0.485 0.42 0.4 0.42 0.48 0.3 0.56 0.52 0.648 0.65 0.4 0.1 0.31 0.55 0.56 0.5 0.3 0.37 0.46 0.5 0.47 0.485 0.33 0.4 1.67 0.53 0.1 0.54 0.33 0.41 0.5 0.4 0.58 0.4 0.5 0.59 0.6 0.42 0.23 0.4 0.58 1.05 0.4 0.25 0.55 0.5 0.11 1.483 0.47 0.47 0.2 0.4 0.39 0.65 1.03 0.59 0.23 0.4 1.345 0.53 0.4 0.43 0.48 0.59 0.686 0.377 0.51 0.37 0.43 0.25 0.47 0.37 0.4 0.22 0.25 0.4 0.31 0.56 0.54 0.45 0.4 0.2 1.4 0.56 0.22 0.4 0.45 0.1 0.53 0.54 0.58 0.59 0.686 0.53 0.46 0.34 0.56 0.4 0.42 0.56 0.5 0.46 0.68 0.59 0.47 0.4 0.48 0.52 0.54 0.4 0.465 1.483 0.4 0.58 0.38 0.481 0.37 0.5 0.4 0.635 0.19 0.648 1.483 0.55 0.09 0.4 0.901 0.48 0.42 0.47 0.5 1.483 0.65 0.5 0.68 0.54 0.476 0.54 0.59 0.47 0.4 0.635 0.26 0.58 0.4 1.345 0.53 0.43 1.05 0.36 0.54 0.59 0.43 0.22 0.56 1.345 0.26 0.58 0.4 0.37 0.5 0.27 0.5 0.53 0.71 0.47 0.59 0.53 1.42 0.33 0.71 0.37 0.37 0.71 0.25 0.53 0.33 0.3 0.27 0.39 0.11 0.22 0.42 1.46 1.248 0.762 0.3 0.48 0.47 0.58 0.59 0.55 0.4 0.476 0.7 0.47 0.4 0.5 0.33 0.17 0.648 0.36 0.53 0.47 0.39 0.53 0.3 0.637 0.377 0.38 0.47 0.37 0.43 1.46 0.42 0.5 0.48 1.05 0.65 0.465 0.46 0.17 0.4 0.45 0.54 0.5 0.5 1.345 0.4 0.4 0.36 0.41 0.58 0.4 1.35 0.41 0.27 0.27 0.4 0.51 1.345 0.43 0.54 0.47 0.22 0.3 0.56 0.54 0.41 0.39 0.46 0.1 0.22 0.45 0.5 0.46 1.248 0.42 0.37 0.7 0.33 0.23 0.58 1.483 0.3 0.54 0.5 0.56 0.4 0.53 1.248 0.3 0.65 0.45 1.46 0.635 0.901 0.56 0.56 0.43 0.25 0.25 0.4 0.5 1.483 0.48 0.45 0.59 0.37 0.58 0.55 0.58 0.42 0.4 0.45 0.901 0.4 0.485 1.483 0.55 0.45 0.5 0.7 0.39 0.36 0.36 0.5 0.54 0.46 0.5 0.5 0.54 0.6 0.48 0.43 0.42 0.4 0.41 0.46 0.5 0.686 0.52 0.32 0.46 0.42 0.59 0.52 0.58 0.42 0.481 1.66 0.637 0.901 0.52 0.46 0.4 0.54 0.762 0.301 0.4 1.345 0.55 0.47 0.33 0.39 0.53 0.5 0.37 0.56 0.3 0.58 0.54 0.485 0.45 0.46 0.54 0.48 0.54 0.54 0.6 0.53 0.3 0.4 0.476 0.46 1.345 0.54 0.27 0.37 0.23 0.45 0.56 0.46 0.301 0.54 0.34 0.31 0.65 0.14 0.4 0.42 0.47 0.46 0.51 0.38 0.4 1.345 0.37 0.49 0.68 0.33 0.4 1.38 0.4 0.4 0.55 0.4 0.34 0.45 0.41 0.59 1.483 0.5 1.43 0.46 1.248 0.49 0.47 0.25 0.22 0.5 0.27 0.45 1.483 1.345 1.67 0.724 0.41 0.58 0.56 0.5 1.49 0.4 0.5 0.55 0.45 1.66 0.5 0.58 0.4 0.636 1.345 0.52 0.3 1.483 0.4 0.11 0.19 0.37 0.65 0.33 0.53 0.7 0.36 0.65 1.248 0.49 0.58 0.47 0.47 0.37 0.68 0.4 0.52 1.345 0.47 0.301 0.45 0.38 0.54 0.3 0.59 0.68 0.59 0.23 0.56 0.465 0.54 0.2 0.3 0.4 1.46 0.47 0.23 0.36 0.22 0.59 0.5 0.724 0.4 0.42 0.14 0.36 0.36 0.54 0.45 0.42 0.19 0.1 0.52 0.43 1.345 0.58 0.4 0.54 0.52 0.45 0.26 0.5 0.46 0.54 0.52 0.6 0.41 0.55 0.45 0.58 0.637 0.4 0.46 1.05 0.4 1.05 0.32 0.52 0.53 0.636 0.4 0.65 0.1 0.377 0.17 0.43 0.901 0.47 0.32 0.58 0.37 0.901 0.46 0.25 0.41 0.4 0.3 0.1 1.43 0.5 0.5 0.52 1.483 0.56 1.44 0.54 0.4 0.481 0.762 1.483 0.56 0.47 0.45 0.09 0.4 0.1 0.762 0.42 0.724 0.59 0.55 0.4
Dot Production Prediction of Lab Growth Rates:
0.476446 0.332622 0.404334 0.400737 0.349709 0.423949 0.454215 0.310512 0.694346 0.341066 0.355773 0.722448 0.4005 0.371229 0.356794 0.401176 0.413529 0.379176 0.533583 0.434336 0.420271 0.544349 0.400604 0.328528 0.535133 0.445096 0.469671 0.434012 0.585811 0.401598 0.351 0.355477 0.39062 0.540086 0.37723 0.710955 0.627855 0.400037 0.696935 0.578107 0.436472 0.534829 0.537379 0.439269 0.419844 0.33177 0.605715 0.502922 0.434684 0.444227 0.403113 1.4249 0.558557 0.455659 0.358703 0.377831 0.322743 0.463243 0.392386 0.470993 0.39734 0.466693 0.422026 0.445426 0.319366 0.544156 0.402725 0.37564 1.05001 0.401935 0.563736 0.550208 0.324346 0.33591 0.999186 0.435656 0.383514 0.415148 0.397125 0.334326 0.660278 1.39775 0.541739 0.537655 0.395649 1.03949 0.537143 0.398311 0.368388 0.326408 0.401899 0.72496 0.434454 0.410873 0.44258 0.410095 1.56964 0.334378 0.430829 0.396238 0.467052 0.310997 0.398709 0.583337 0.466124 0.413156 1.62216 0.402351 0.368006 1.45503 0.536239 0.459983 0.398631 0.334883 0.889324 0.506702 0.450316 0.471002 0.33546 0.723865 0.528019 0.374015 0.340128 0.546344 0.39923 0.347322 0.547132 0.304315 0.299908 0.541856 0.55015 0.377985 0.394182 0.327458 0.402398 0.29968 0.400257 0.440026 0.989395 0.397025 0.460174 0.359924 0.438672 0.416543 0.328264 0.400419 0.716859 0.321812 0.714113 1.01079 0.439687 0.372156 0.400887 0.844398 0.313529 0.344615 0.422279 0.538601 0.95347 0.649956 0.365275 0.545758 0.382576 0.441268 0.34962 0.328939 0.408776 0.398558 0.716327 0.56943 0.458872 0.420941 1.03666 0.407967 0.430544 1.05228 0.414054 0.538392 0.315594 0.351218 0.366108 0.545893 1.02285 0.347625 0.46438 0.401359 0.419698 0.573042 0.381168 0.395994 0.358876 0.71977 0.3696 0.363145 0.526484 1.58992 0.317802 0.720092 0.424735 0.430613 0.722621 0.362552 0.28848 0.526879 0.457531 0.618641 0.293799 0.383465 0.39274 0.345147 0.998894 0.869033 0.815592 0.42978 0.32363 0.356226 0.319542 0.304821 0.549245 0.397097 0.440535 0.620292 0.381296 0.39767 0.383757 0.317577 0.341133 0.715554 0.346906 0.547815 0.446698 0.313528 0.347012 0.425789 0.711654 0.436799 0.304877 0.34213 0.576739 0.440897 1.62222 0.336427 0.571542 0.300475 1.05013 0.649793 0.441223 0.465868 0.322703 0.335411 1.55222 0.533172 0.382939 0.610497 0.982529 0.402078 0.402222 0.322933 0.39048 0.362371 0.399142 1.22871 0.382803 0.36794 0.394963 0.39693 0.397214 0.985145 0.425052 0.543229 0.365786 0.46187 0.383003 0.467742 0.318033 0.434545 0.371245 0.458537 0.467198 0.458478 0.322353 0.52919 0.401097 0.865224 0.597701 0.416923 0.619767 0.48926 0.537695 0.46445 0.970371 0.301429 0.415545 0.457117 0.541292 0.400069 0.399753 0.870333 0.312791 0.655028 1.55033 1.00982 0.714136 0.901161 0.465887 0.538173 0.479626 0.696915 0.542633 0.400991 0.320031 0.994744 0.333457 0.42022 0.55109 0.417221 0.377215 0.549997 0.470275 0.343748 0.402626 0.326866 0.901102 0.401345 0.439205 0.985357 0.437884 0.402014 0.527271 0.618167 0.333461 0.32616 0.363904 0.331312 0.444977 0.466194 0.585795 0.529127 0.372714 0.456801 0.32256 0.382613 0.598915 0.401793 0.42941 0.351918 0.517856 0.724211 0.391615 0.302075 0.462249 0.300187 0.548506 0.349269 0.335492 0.332032 0.437995 1.65143 0.712316 0.900993 0.399667 0.452473 0.401621 0.43539 0.824906 0.434871 0.399644 1.00508 0.443696 0.410653 0.33976 0.306621 0.526949 0.469121 0.303907 0.464306 0.463313 0.461417 0.429057 0.43859 1.56965 0.464578 0.398936 0.294427 0.5413 0.355726 0.451053 0.443979 0.337436 0.352646 0.439447 0.444153 0.961898 0.330929 0.338801 0.381624 0.546095 1.53685 0.462578 0.459996 0.432841 0.410845 0.315435 0.590165 0.664689 0.140023 0.401876 0.377784 0.44171 0.457206 0.427396 0.322174 0.391031 1.02745 0.433238 0.402011 0.544684 0.370612 0.388254 1.3507 0.40314 0.394747 0.438878 0.395693 0.307922 0.373652 0.43618 0.547711 0.974642 0.543453 1.36513 0.379819 0.866122 0.371863 0.371435 0.353083 0.444134 0.467608 0.290183 1.59794 1.0142 1.01194 1.57019 0.721734 0.375203 0.464577 0.464765 0.465765 1.62216 0.400881 0.512717 0.547757 0.384448 1.66 0.619347 0.342518 0.402502 0.714427 1.02889 0.348152 0.300234 0.967364 0.400118 0.388985 0.328538 0.472262 0.639866 0.37134 0.343055 0.624294 0.382749 0.665247 0.864185 0.37626 0.467345 0.367195 0.480881 0.382347 0.54754 0.400456 0.395626 0.953875 0.491405 0.434555 0.422936 0.324803 0.539914 0.41964 0.305044 0.546316 0.540177 0.434414 0.537709 0.438991 0.548344 0.421501 0.439345 0.401031 1.02036 0.382506 0.435168 0.359709 0.465098 0.326044 0.462517 0.721831 0.39866 0.388116 0.139437 0.432838 0.336953 0.433677 0.349243 0.31297 0.315462 1.51922 0.381198 0.3681 1.02816 0.402416 0.403544 0.543631 0.349604 1.57436 0.471965 0.494892 0.294851 0.402473 0.407716 0.437286 0.38746 0.550791 0.400586 0.456327 0.708712 0.402106 0.436848 0.995037 0.401827 1.68371 0.336494 0.37435 0.534154 0.720272 0.396573 0.625866 0.380687 0.436387 0.448818 0.409173 0.899924 0.345065 0.320123 0.369162 0.420017 0.903475 0.459923 0.362971 0.348238 0.401622 0.333912 0.762783 1.34423 0.354355 0.316183 0.377842 1.00019 0.546347 1.5989 0.381589 0.401227 0.437145 0.820823 1.00268 0.542397 0.366999 0.325735 0.459571 0.399409 0.710838 0.82683 0.359222 0.723816 0.542878 0.550185 0.403075
Testing:
Lab Growth Rates:
0.46 0.46 0.46
Dot Production Prediction of Lab Growth Rates:
0.51906 0.547606 0.565054
Best performance so far: 
Obj: 4.6618e-310Rho: 2.26291e-314Diff: 4.6618e-310
Anneal again with the best G and E so far as input
Cycle 2Round 1
Iter 500000 pBad 0.860384 T 0.00203162 Obj 1.11828 Rho 0 GRdif 65.5655 success 111329 failure 8108 obj_new 1.11839 SA_pAcc 0.949878 Delta 0.0261945 SA_r 0.978953 freedomratio 0.267336
Iter 1000000 pBad 0.781269 T 0.000528317 Obj 1.08265 Rho 0 GRdif 46.5347 success 219103 failure 22768 obj_new 1.08265 SA_pAcc 1 Delta 0.0203012 SA_r 0.447587 freedomratio 0.257923
Iter 1500000 pBad 0.644549 T 0.000137387 Obj 1.04542 Rho 0 GRdif 26.0275 success 322216 failure 48255 obj_new 1.04542 SA_pAcc 1 Delta 0.024986 SA_r 0.622816 freedomratio 0.259177
Iter 2000000 pBad 0.562183 T 3.57271e-05 Obj 1.0293 Rho 0 GRdif 16.9236 success 422094 failure 83601 obj_new 1.0293 SA_pAcc 1 Delta 0.0519653 SA_r 0.507122 freedomratio 0.257923
Iter 2500000 pBad 0.470443 T 9.29071e-06 Obj 1.01999 Rho 0 GRdif 11.5968 success 517945 failure 129106 obj_new 1.01999 SA_pAcc 1 Delta -0.0128326 SA_r 0.73935 freedomratio 0.248727
Iter 3000000 pBad 0.375504 T 2.41602e-06 Obj 1.01515 Rho 0 GRdif 8.82268 success 611710 failure 177834 obj_new 1.01517 SA_pAcc 0.00130987 Delta 0.0234578 SA_r 0.0719278 freedomratio 0.250214
Iter 3500000 pBad 0.251879 T 6.28278e-07 Obj 1.01155 Rho 0 GRdif 6.72936 success 701264 failure 239541 obj_new 1.01155 SA_pAcc 0.704265 Delta 0.0215652 SA_r 0.185124 freedomratio 0.238308
Iter 4000000 pBad 0.118901 T 1.63382e-07 Obj 1.00914 Rho 0 GRdif 5.33366 success 774277 failure 342108 obj_new 1.00914 SA_pAcc 6.32444 Delta 0.00743847 SA_r 0.883169 freedomratio 0.220135
Iter 4500000 pBad 0.100367 T 4.24869e-08 Obj 1.00857 Rho 0 GRdif 5.00097 success 818630 failure 516495 obj_new 1.00857 SA_pAcc 1 Delta -0.00406711 SA_r 0.917853 freedomratio 0.202278
Iter 5000000 pBad 0.0185239 T 1.10486e-08 Obj 1.00843 Rho 0 GRdif 4.92138 success 843845 failure 756219 obj_new 1.00843 SA_pAcc 1.9931e-157 Delta 0.00180587 SA_r 0.35127 freedomratio 0.177576
Iter 5500000 pBad 0.0141006 T 2.87315e-09 Obj 1.0084 Rho 0 GRdif 4.90272 success 856937 failure 1044584 obj_new 1.0084 SA_pAcc 1.37677e-07 Delta 0.0011779 SA_r 0.674022 freedomratio 0.165583
Iter 6000000 pBad 0.0054483 T 7.47152e-10 Obj 1.00838 Rho 0 GRdif 4.89242 success 865005 failure 1361022 obj_new 1.00838 SA_pAcc 1 Delta 0.000519475 SA_r 0.787255 freedomratio 0.158808
Iter 6500000 pBad 0.00180941 T 1.94295e-10 Obj 1.00837 Rho 0 GRdif 4.88665 success 869898 failure 1696032 obj_new 1.00837 SA_pAcc 0 Delta 1.62264e-06 SA_r 0.477743 freedomratio 0.152723
Iter 7000000 pBad 0.00195149 T 5.05257e-11 Obj 1.00837 Rho 0 GRdif 4.88404 success 872508 failure 2042266 obj_new 1.00837 SA_pAcc 3.73529e-287 Delta -0.000148543 SA_r 0.212265 freedomratio 0.151382
Iter 7500000 pBad 0.00225851 T 1.3139e-11 Obj 1.00837 Rho 0 GRdif 4.8928 success 875090 failure 2394769 obj_new 1.00838 SA_pAcc 0 Delta -6.09574e-05 SA_r 0.833525 freedomratio 0.149185
Iter 8000000 pBad 0.00029232 T 3.41677e-12 Obj 1.00836 Rho 0 GRdif 4.88126 success 877238 failure 2756495 obj_new 1.00836 SA_pAcc 1 Delta 1.81479e-05 SA_r 0.971749 freedomratio 0.144727
Iter 8500000 pBad 0.000520115 T 8.88519e-13 Obj 1.00836 Rho 0 GRdif 4.88072 success 879754 failure 3125673 obj_new 1.00836 SA_pAcc 1 Delta 4.51059e-05 SA_r 0.591287 freedomratio 0.139624
Iter 9000000 pBad 6.80222e-14 T 2.31057e-13 Obj 1.00836 Rho 0 GRdif 4.88027 success 885029 failure 3488994 obj_new 1.00836 SA_pAcc 1 Delta -5.94881e-15 SA_r 0.514152 freedomratio 0.133182
Iter 9500000 pBad 4.3789e-48 T 6.00855e-14 Obj 1.00836 Rho 0 GRdif 4.88042 success 885055 failure 3812662 obj_new 1.00836 SA_pAcc 0 Delta 2.98004e-49 SA_r 0.796363 freedomratio 0.132579
Good enough
iter 9.022e+06 obj1.00836 rho 0 GRdif 4.88027
Training:
Lab Growth Rates:
0.617 0.5 0.4 0.4 0.42 0.55 0.54 0.58 0.1 0.09 0.47 0.636 0.4 0.38 0.45 0.4 0.54 0.43 0.23 0.23 0.47 0.23 0.4 0.42 0.56 0.43 0.58 0.485 0.42 0.4 0.42 0.48 0.3 0.56 0.52 0.648 0.65 0.4 0.1 0.31 0.55 0.56 0.5 0.3 0.37 0.46 0.5 0.47 0.485 0.33 0.4 1.67 0.53 0.1 0.54 0.33 0.41 0.5 0.4 0.58 0.4 0.5 0.59 0.6 0.42 0.23 0.4 0.58 1.05 0.4 0.25 0.55 0.5 0.11 1.483 0.47 0.47 0.2 0.4 0.39 0.65 1.03 0.59 0.23 0.4 1.345 0.53 0.4 0.43 0.48 0.59 0.686 0.377 0.51 0.37 0.43 0.25 0.47 0.37 0.4 0.22 0.25 0.4 0.31 0.56 0.54 0.45 0.4 0.2 1.4 0.56 0.22 0.4 0.45 0.1 0.53 0.54 0.58 0.59 0.686 0.53 0.46 0.34 0.56 0.4 0.42 0.56 0.5 0.46 0.68 0.59 0.47 0.4 0.48 0.52 0.54 0.4 0.465 1.483 0.4 0.58 0.38 0.481 0.37 0.5 0.4 0.635 0.19 0.648 1.483 0.55 0.09 0.4 0.901 0.48 0.42 0.47 0.5 1.483 0.65 0.5 0.68 0.54 0.476 0.54 0.59 0.47 0.4 0.635 0.26 0.58 0.4 1.345 0.53 0.43 1.05 0.36 0.54 0.59 0.43 0.22 0.56 1.345 0.26 0.58 0.4 0.37 0.5 0.27 0.5 0.53 0.71 0.47 0.59 0.53 1.42 0.33 0.71 0.37 0.37 0.71 0.25 0.53 0.33 0.3 0.27 0.39 0.11 0.22 0.42 1.46 1.248 0.762 0.3 0.48 0.47 0.58 0.59 0.55 0.4 0.476 0.7 0.47 0.4 0.5 0.33 0.17 0.648 0.36 0.53 0.47 0.39 0.53 0.3 0.637 0.377 0.38 0.47 0.37 0.43 1.46 0.42 0.5 0.48 1.05 0.65 0.465 0.46 0.17 0.4 0.45 0.54 0.5 0.5 1.345 0.4 0.4 0.36 0.41 0.58 0.4 1.35 0.41 0.27 0.27 0.4 0.51 1.345 0.43 0.54 0.47 0.22 0.3 0.56 0.54 0.41 0.39 0.46 0.1 0.22 0.45 0.5 0.46 1.248 0.42 0.37 0.7 0.33 0.23 0.58 1.483 0.3 0.54 0.5 0.56 0.4 0.53 1.248 0.3 0.65 0.45 1.46 0.635 0.901 0.56 0.56 0.43 0.25 0.25 0.4 0.5 1.483 0.48 0.45 0.59 0.37 0.58 0.55 0.58 0.42 0.4 0.45 0.901 0.4 0.485 1.483 0.55 0.45 0.5 0.7 0.39 0.36 0.36 0.5 0.54 0.46 0.5 0.5 0.54 0.6 0.48 0.43 0.42 0.4 0.41 0.46 0.5 0.686 0.52 0.32 0.46 0.42 0.59 0.52 0.58 0.42 0.481 1.66 0.637 0.901 0.52 0.46 0.4 0.54 0.762 0.301 0.4 1.345 0.55 0.47 0.33 0.39 0.53 0.5 0.37 0.56 0.3 0.58 0.54 0.485 0.45 0.46 0.54 0.48 0.54 0.54 0.6 0.53 0.3 0.4 0.476 0.46 1.345 0.54 0.27 0.37 0.23 0.45 0.56 0.46 0.301 0.54 0.34 0.31 0.65 0.14 0.4 0.42 0.47 0.46 0.51 0.38 0.4 1.345 0.37 0.49 0.68 0.33 0.4 1.38 0.4 0.4 0.55 0.4 0.34 0.45 0.41 0.59 1.483 0.5 1.43 0.46 1.248 0.49 0.47 0.25 0.22 0.5 0.27 0.45 1.483 1.345 1.67 0.724 0.41 0.58 0.56 0.5 1.49 0.4 0.5 0.55 0.45 1.66 0.5 0.58 0.4 0.636 1.345 0.52 0.3 1.483 0.4 0.11 0.19 0.37 0.65 0.33 0.53 0.7 0.36 0.65 1.248 0.49 0.58 0.47 0.47 0.37 0.68 0.4 0.52 1.345 0.47 0.301 0.45 0.38 0.54 0.3 0.59 0.68 0.59 0.23 0.56 0.465 0.54 0.2 0.3 0.4 1.46 0.47 0.23 0.36 0.22 0.59 0.5 0.724 0.4 0.42 0.14 0.36 0.36 0.54 0.45 0.42 0.19 0.1 0.52 0.43 1.345 0.58 0.4 0.54 0.52 0.45 0.26 0.5 0.46 0.54 0.52 0.6 0.41 0.55 0.45 0.58 0.637 0.4 0.46 1.05 0.4 1.05 0.32 0.52 0.53 0.636 0.4 0.65 0.1 0.377 0.17 0.43 0.901 0.47 0.32 0.58 0.37 0.901 0.46 0.25 0.41 0.4 0.3 0.1 1.43 0.5 0.5 0.52 1.483 0.56 1.44 0.54 0.4 0.481 0.762 1.483 0.56 0.47 0.45 0.09 0.4 0.1 0.762 0.42 0.724 0.59 0.55 0.4
Dot Production Prediction of Lab Growth Rates:
0.617003 0.326347 0.403998 0.401993 0.336216 0.422925 0.445482 0.312298 0.757647 0.33743 0.362217 0.723198 0.401691 0.372804 0.343988 0.401755 0.403387 0.372826 0.531603 0.45057 0.417283 0.546968 0.400176 0.337035 0.529807 0.444895 0.470766 0.367155 0.597409 0.400217 0.338049 0.374027 0.324189 0.546959 0.377333 0.706954 0.627338 0.400833 0.747601 0.567328 0.43764 0.535785 0.538572 0.343861 0.433457 0.309939 0.681734 0.486414 0.36508 0.456964 0.401887 1.40153 0.571111 0.45767 0.348947 0.381482 0.30038 0.465608 0.388908 0.472629 0.399999 0.466308 0.393049 0.351019 0.311234 0.541899 0.401225 0.388106 1.05 0.401739 0.613838 0.549699 0.303978 0.340233 1.05872 0.471979 0.383152 0.431939 0.395735 0.333029 0.646245 1.37915 0.547989 0.536516 0.394148 1.12674 0.542365 0.397182 0.377186 0.325347 0.365785 0.727456 0.373666 0.428113 0.447456 0.407897 1.41636 0.34044 0.442807 0.393102 0.477553 0.29368 0.399591 0.57566 0.457289 0.407531 1.45808 0.401473 0.365859 1.42338 0.541367 0.46735 0.396929 0.342642 0.947739 0.517565 0.448014 0.466794 0.332734 0.72297 0.530467 0.390164 0.325302 0.546111 0.400019 0.3411 0.54726 0.292081 0.286732 0.565055 0.54632 0.381126 0.388153 0.319023 0.388649 0.293136 0.400942 0.375297 1.06031 0.395466 0.461533 0.360576 0.370601 0.424602 0.306799 0.401835 0.714635 0.342047 0.709557 1.07654 0.446541 0.361327 0.40175 0.789753 0.31389 0.339193 0.42589 0.539031 1.03318 0.65 0.363542 0.567765 0.396864 0.376696 0.331487 0.324059 0.407129 0.39936 0.714047 0.589373 0.464288 0.414534 1.12815 0.423904 0.428052 1.05184 0.4188 0.533644 0.299597 0.354884 0.362994 0.550676 1.10513 0.331545 0.4586 0.401251 0.427016 0.641823 0.376001 0.401062 0.366467 0.721333 0.358717 0.332008 0.52168 1.45795 0.302099 0.721486 0.436077 0.442316 0.727527 0.354179 0.282911 0.543024 0.369651 0.659424 0.28548 0.397574 0.403325 0.36551 0.943507 0.854171 0.757064 0.442802 0.320101 0.346141 0.317327 0.298282 0.553429 0.397796 0.375812 0.663805 0.389048 0.39716 0.38123 0.317837 0.333305 0.71036 0.348294 0.55098 0.48423 0.305727 0.343931 0.340913 0.706164 0.375074 0.30341 0.361356 0.607971 0.432763 1.76511 0.333901 0.654893 0.284206 1.05006 0.649993 0.375585 0.462344 0.311012 0.330826 1.39473 0.530801 0.385899 0.674638 1.07274 0.400619 0.40068 0.319858 0.387228 0.372489 0.39902 1.22661 0.394707 0.370176 0.387917 0.396285 0.410285 1.07815 0.425253 0.541862 0.356444 0.473253 0.396805 0.46405 0.31716 0.374718 0.373924 0.455285 0.469944 0.468924 0.321858 0.53799 0.40924 0.849909 0.613374 0.431673 0.660214 0.505846 0.538747 0.459258 1.06111 0.33201 0.435613 0.537318 0.543961 0.402378 0.392999 0.851082 0.339124 0.650568 1.39485 0.994797 0.714595 0.93494 0.468704 0.536735 0.466518 0.811462 0.561258 0.401037 0.321167 1.08066 0.338681 0.411897 0.556463 0.419322 0.388087 0.55117 0.473042 0.330801 0.402017 0.326855 0.942353 0.40229 0.372813 1.07141 0.438841 0.411599 0.57655 0.655474 0.33118 0.326384 0.371879 0.338069 0.440931 0.467574 0.643785 0.536496 0.355583 0.3653 0.312324 0.382352 0.614754 0.401585 0.362813 0.357513 0.588272 0.726778 0.421629 0.278465 0.467126 0.292127 0.55494 0.35118 0.328934 0.326743 0.369546 1.6577 0.706862 0.937234 0.402113 0.446717 0.401645 0.441053 0.762559 0.37727 0.397405 1.08122 0.443962 0.421506 0.328644 0.300397 0.525868 0.469752 0.292764 0.459166 0.370088 0.462171 0.431629 0.372771 1.40195 0.467825 0.403833 0.285 0.543882 0.34968 0.354213 0.459093 0.344958 0.347662 0.376123 0.437933 1.05518 0.333544 0.337476 0.377264 0.546526 1.39374 0.468516 0.460002 0.372927 0.412572 0.296531 0.576053 0.667057 0.13994 0.4014 0.393642 0.435908 0.480614 0.441781 0.323779 0.388663 1.11885 0.446102 0.403577 0.565381 0.375549 0.386421 1.28729 0.40229 0.390289 0.430742 0.399634 0.288806 0.386164 0.374205 0.54651 1.04648 0.546294 1.42991 0.389414 0.848071 0.371181 0.385471 0.344264 0.453971 0.467042 0.28497 1.46037 1.09621 1.11044 1.41174 0.721293 0.358396 0.458761 0.455276 0.46523 1.45808 0.399211 0.58293 0.550037 0.390113 1.66 0.666747 0.34285 0.403104 0.701581 1.10145 0.367483 0.332298 1.03643 0.403149 0.400863 0.359494 0.470692 0.638864 0.378585 0.339161 0.661503 0.375447 0.65085 0.847451 0.373145 0.466312 0.383658 0.478476 0.376473 0.571103 0.399854 0.407553 1.04084 0.487522 0.375305 0.420449 0.310704 0.537389 0.339906 0.296101 0.568915 0.545087 0.451432 0.534381 0.373558 0.550813 0.429126 0.356616 0.402875 0.999557 0.394835 0.451642 0.368349 0.466581 0.320807 0.469112 0.724008 0.39683 0.389766 0.140007 0.449124 0.352803 0.440253 0.353248 0.306435 0.342769 1.33407 0.371929 0.378441 1.11737 0.414239 0.405036 0.543271 0.339841 1.41243 0.474056 0.554903 0.278641 0.397121 0.417 0.345555 0.396116 0.549818 0.404477 0.455188 0.705333 0.40123 0.443771 0.975192 0.400769 1.84207 0.328106 0.382161 0.536436 0.719643 0.39522 0.629626 0.397996 0.373779 0.463139 0.397368 0.934806 0.345505 0.31682 0.357433 0.427895 0.985766 0.457153 0.359988 0.344924 0.401552 0.283601 0.832334 1.43744 0.357178 0.308617 0.400649 1.07517 0.543164 1.46529 0.401702 0.40255 0.370079 0.761544 1.08101 0.540809 0.371645 0.326142 0.476029 0.399272 0.851366 0.763212 0.348301 0.723188 0.547897 0.549468 0.403925
Testing:
Lab Growth Rates:
0.46 0.46 0.46
Dot Production Prediction of Lab Growth Rates:
0.530136 0.572938 0.590938
Best performance so far: 
Obj: 4.6618e-310Rho: 6.5069e-314Diff: 4.6618e-310
Test:
 Lab Growth Rates:
0.46 0.46 0.46Dot Product Prediction of Growth Rate:
0.5301356 0.5729382 0.5909381