seed =  5 traits =  1 
Training: part  105 
Training: part  105 
Round  1 
 Goal of obj  0.99 
Temperature range:  0.00390625 7.8125e-16 
Cycle 1Round 1
Iter 500000 pBad 0.8402 T 0.000905342 Obj 1.05615 Rho 0 GRdif 32.1212 success 145885 failure 11843 obj_new 1.05615 SA_pAcc 1 Delta 0.0127423 SA_r 0.862825 freedomratio 0.368883
Iter 1000000 pBad 0.752742 T 0.000209828 Obj 1.03215 Rho 0 GRdif 18.6047 success 287113 failure 35170 obj_new 1.03215 SA_pAcc 0.810171 Delta 0.0443778 SA_r 0.289196 freedomratio 0.367041
Iter 1500000 pBad 0.639973 T 4.86313e-05 Obj 1.02281 Rho 0 GRdif 13.2622 success 425742 failure 64601 obj_new 1.02281 SA_pAcc 1.02601 Delta -0.0113227 SA_r 0.853582 freedomratio 0.366127
Iter 2000000 pBad 0.477447 T 1.12711e-05 Obj 1.0177 Rho 0 GRdif 10.3198 success 560936 failure 100879 obj_new 1.01771 SA_pAcc 0.533353 Delta 0.0251318 SA_r 0.909257 freedomratio 0.352941
Iter 2500000 pBad 0.318442 T 2.61227e-06 Obj 1.0137 Rho 0 GRdif 8.0118 success 678302 failure 169245 obj_new 1.01372 SA_pAcc 0.00414597 Delta -0.0317262 SA_r 0.295605 freedomratio 0.347518
Iter 3000000 pBad 0.215781 T 6.05439e-07 Obj 1.01053 Rho 0 GRdif 6.16262 success 776094 failure 278837 obj_new 1.01054 SA_pAcc 0.234324 Delta 0.00173661 SA_r 0.241385 freedomratio 0.332203
Iter 3500000 pBad 0.120127 T 1.40321e-07 Obj 1.00922 Rho 0 GRdif 5.47079 success 850855 failure 440005 obj_new 1.00935 SA_pAcc 0 Delta 0.00322141 SA_r 0.374559 freedomratio 0.287531
Iter 4000000 pBad 0.0353215 T 3.25217e-08 Obj 1.00863 Rho 0 GRdif 5.05478 success 900838 failure 667760 obj_new 1.00863 SA_pAcc 2.37104e-91 Delta -0.00190681 SA_r 0.00980702 freedomratio 0.240196
Iter 4500000 pBad 0.0150652 T 7.53746e-09 Obj 1.00849 Rho 0 GRdif 4.97309 success 924031 failure 971906 obj_new 1.00849 SA_pAcc 4.21931e-93 Delta -0.00124466 SA_r 0.528283 freedomratio 0.216415
Iter 5000000 pBad 0.00741113 T 1.74693e-09 Obj 1.00844 Rho 0 GRdif 4.94451 success 937796 failure 1311882 obj_new 1.00844 SA_pAcc 8.88807e-24 Delta -0.000156985 SA_r 0.0848319 freedomratio 0.204664
Iter 5500000 pBad 0.00642074 T 4.04881e-10 Obj 1.00842 Rho 0 GRdif 4.93251 success 945471 failure 1673193 obj_new 1.00842 SA_pAcc 4.67122e-40 Delta 0.000324646 SA_r 0.0712507 freedomratio 0.197382
Iter 6000000 pBad 0.00275855 T 9.38381e-11 Obj 1.00841 Rho 0 GRdif 4.92594 success 951261 failure 2048718 obj_new 1.00841 SA_pAcc 4.73587e-19 Delta -6.18115e-05 SA_r 0.708326 freedomratio 0.188764
Iter 6500000 pBad 0.00209611 T 2.17486e-11 Obj 1.00841 Rho 0 GRdif 4.93956 success 955914 failure 2434951 obj_new 1.00844 SA_pAcc 0 Delta 0.000122237 SA_r 0.242791 freedomratio 0.185841
Iter 7000000 pBad 0.000449336 T 5.0406e-12 Obj 1.0084 Rho 0 GRdif 4.92086 success 961574 failure 2831306 obj_new 1.0084 SA_pAcc 1 Delta -6.15837e-06 SA_r 0.40949 freedomratio 0.177912
Iter 7500000 pBad 0.000752515 T 1.16824e-12 Obj 1.0084 Rho 0 GRdif 5.03644 success 965964 failure 3235982 obj_new 1.0086 SA_pAcc 0 Delta 3.31267e-05 SA_r 0.909734 freedomratio 0.175522
Iter 8000000 pBad 0.000207352 T 2.7076e-13 Obj 1.0084 Rho 0 GRdif 4.91911 success 972355 failure 3640122 obj_new 1.0084 SA_pAcc 9.63165 Delta -1.93265e-05 SA_r 0.130105 freedomratio 0.169795
Iter 8500000 pBad 2.48586e-88 T 6.27533e-14 Obj 1.0084 Rho 0 GRdif 4.91909 success 972742 failure 3982477 obj_new 1.0084 SA_pAcc 1 Delta -1.59293e-89 SA_r 0.156468 freedomratio 0.16356
Iter 9000000 pBad 0 T 1.45441e-14 Obj 1.0084 Rho 0 GRdif 4.93888 success 972742 failure 4332947 obj_new 1.00843 SA_pAcc 0 Delta -0 SA_r 0.123103 freedomratio 0.0911911
Iter 9500000 pBad 0 T 3.37085e-15 Obj 1.0084 Rho 0 GRdif 4.91909 success 972742 failure 4710378 obj_new 1.0084 SA_pAcc 1 Delta -0 SA_r 0.0950062 freedomratio 0.0498094
Iter 10000000 pBad 0 T 7.81252e-16 Obj 1.0084 Rho 0 GRdif 4.91909 success 972742 failure 5097134 obj_new 1.0084 SA_pAcc 1 Delta -0 SA_r 0.518953 freedomratio 0.0369695
Cannot move further
iter 8.04753e+06 obj1.0084 rho 0 GRdif 4.91909
Training:
Lab Growth Rates:
0.59 0.48 0.47 0.58 0.5 0.686 1.483 0.47 1.345 0.58 0.4 0.56 0.55 0.27 0.724 0.43 0.59 0.43 0.46 0.45 0.53 0.22 0.5 0.55 0.37 1.483 0.56 0.42 0.47 0.47 0.3 0.58 0.56 0.1 0.47 0.37 0.45 0.33 0.1 0.49 0.7 0.5 1.248 0.45 0.1 0.59 0.33 0.4 0.4 0.45 0.54 0.58 0.48 0.5 0.48 0.58 0.42 0.43 0.476 0.46 1.345 0.59 0.5 1.345 0.4 1.483 0.5 0.5 1.483 0.59 0.37 0.68 0.23 0.58 0.46 1.05 0.3 0.58 0.31 0.52 0.4 0.58 0.1 0.686 0.23 0.5 0.46 0.47 0.25 0.58 0.54 0.47 0.36 0.476 0.5 0.37 0.4 0.27 0.65 0.71 0.23 1.248 0.4 0.54 0.53 0.377 0.25 0.4 0.4 0.46 0.4 0.41 1.345 0.68 0.68 1.483 0.17 0.36 1.345 0.4 0.65 1.345 0.41 0.42 0.47 0.4 1.49 0.59 0.58 0.5 0.3 0.485 0.65 0.19 0.3 0.22 0.5 1.43 0.56 0.58 0.485 0.52 0.59 0.51 1.483 0.68 0.27 0.47 0.4 0.46 0.5 0.52 0.485 0.5 0.53 0.59 0.59 0.5 0.09 1.248 0.4 0.43 0.617 0.45 0.42 1.46 0.56 0.36 0.43 0.33 0.25 0.45 0.54 0.53 0.4 0.41 0.4 0.56 0.4 0.52 1.345 0.36 0.54 1.05 0.5 0.377 0.56 0.3 0.54 0.56 0.52 0.17 0.5 0.4 0.4 0.37 0.39 0.65 0.37 0.25 0.3 0.7 0.476 0.4 0.4 1.345 0.37 0.4 0.54 0.54 0.43 0.49 0.23 0.25 0.65 0.59 0.11 0.4 0.54 0.55 0.53 0.39 0.54 0.45 0.56 0.46 0.37 0.637 0.6 0.23 0.55 0.65 0.22 0.59 0.54 0.55 0.58 0.686 0.4 0.4 0.58 0.481 0.58 0.636 0.22 0.47 0.4 0.4 0.4 0.27 0.3 0.56 0.26 0.54 0.45 0.14 0.4 0.53 0.4 0.4 0.59 0.58 0.47 0.19 0.55 0.46 0.37 0.53 0.4 0.901 0.4 0.56 1.46 0.11 0.65 0.45 0.42 0.46 0.42 0.47 0.1 0.4 0.54 0.52 0.42 1.67 0.71 0.648 0.34 0.39 0.481 0.36 0.37 0.33 0.42 0.4 0.43 0.47 0.34 0.46 0.4 0.4 0.42 0.38 0.33 0.38 0.7 0.47 0.45 0.23 0.5 0.54 0.23 0.48 0.635 0.54 1.483 0.58 0.1 0.48 0.59 0.5 1.03 0.52 1.345 0.65 1.05 1.483 0.2 0.4 0.58 0.4 0.47 0.11 0.36 0.4 0.09 0.53 0.37 1.67 0.762 0.54 0.56 1.483 0.45 0.58 0.4 0.27 0.45 0.23 0.301 0.43 0.59 0.5 0.58 0.3 0.4 0.4 0.37 1.66 1.05 1.483 0.54 0.41 0.54 0.4 0.55 1.46 0.5 0.5 0.32 0.37 0.481 0.43 1.4 0.3 0.38 0.465 0.47 0.48 0.5 0.5 0.42 0.54 0.53 0.47 0.42 0.46 0.71 0.636 0.32 0.22 0.59 0.25 0.42 0.22 0.41 0.42 0.5 0.5 0.53 0.55 0.3 0.43 0.45 0.19 0.47 0.65 0.41 1.42 0.55 0.47 0.53 0.465 0.3 0.56 0.637 0.6 0.301 0.636 0.41 0.2 0.09 1.05 0.7 0.47 0.52 0.46 0.54 0.33 0.901 0.55 0.5 0.54 0.58 0.46 0.39 0.47 0.43 0.54 0.26 0.39 0.4 0.17 0.42 0.485 0.901 0.5 0.25 0.4 0.55 0.23 0.5 0.53 0.52 0.31 0.901 0.36 0.1 0.46 0.4 0.4 0.32 0.47 1.38 0.4 0.47 0.54 1.483 0.27 0.53 0.55 0.48 0.46 0.45 0.52 1.345 0.3 0.47 0.53 0.22 0.4 0.22 0.51 0.5 0.45 0.43 0.42 0.724 0.6 0.46 0.4 0.53 0.42 0.762 0.46 0.46 0.4 0.54 0.54 0.48 0.36 0.54 0.377 0.5 0.56 0.39 1.44 1.43 0.45 0.46 1.35 0.2 0.54 1.345 0.762 0.54 0.1 0.56 0.42 0.25 0.37 0.762 0.3 0.635 0.56 1.248 0.648 0.38 0.31 0.33 0.724 1.46 0.4 0.37 0.52 0.34 0.14 0.56 0.41 0.37 0.5 0.4 0.4 0.51 0.648 0.46 0.6 0.301 1.483 0.59 0.4 1.345 0.68 0.52 0.4 1.248 0.56 0.58 0.901 0.33 0.5 0.41 0.465 0.4 0.4 0.4 0.635 0.45 0.4 0.637 0.5 1.66 0.901 0.4 0.42 0.4 0.38 0.45 0.49 0.33 0.26 0.48 0.1 0.45 0.36 0.46 0.5
Dot Production Prediction of Lab Growth Rates:
0.341284 0.339216 0.394285 0.28892 0.604855 0.711423 1.2353 0.364407 1.28459 0.374319 0.401762 0.53462 0.485417 0.279805 0.70599 0.371893 0.542115 0.455463 0.443616 0.311538 0.531209 0.406518 0.680515 0.551121 0.41523 1.26206 0.540831 0.290796 0.361554 0.386786 0.202203 0.409558 0.474923 1.81185 0.441626 0.429309 0.416339 0.485758 1.95461 0.383941 0.726549 0.71488 1.09159 1.59524 1.47228 0.541972 0.504993 0.399224 0.404605 1.53773 0.529932 0.472759 0.349005 0.544422 0.348997 0.483915 0.339438 0.426638 0.43998 0.463432 1.23801 0.549975 0.37643 1.22209 0.404185 1.2475 0.488313 0.493491 1.21395 0.393676 0.421701 0.588964 0.544352 0.354226 0.389297 1.05015 0.307385 0.489366 0.595012 0.400507 0.388054 0.395557 0.423416 0.710269 0.42981 0.382305 0.471437 0.361865 0.48638 0.485443 0.47258 0.346275 0.330595 0.444105 0.529689 0.419936 0.404768 0.332342 0.650066 0.6988 0.429369 1.0927 0.399984 0.353799 0.432891 0.438867 0.347938 0.402869 0.400793 0.328723 0.397686 0.444672 1.2585 0.574493 0.581591 1.20297 0.297552 0.363201 1.24623 0.402756 0.657645 1.22441 0.36266 0.312802 0.349443 0.394608 1.59524 0.547457 0.484369 0.668351 0.210719 0.438637 0.624069 0.317399 0.633201 0.453518 0.545044 1.25818 0.489358 0.380592 0.443504 0.391022 0.547417 0.408491 1.26039 0.590129 0.36814 0.36092 0.402028 0.291527 0.539831 0.355006 0.437423 0.381626 0.394731 0.304697 0.334894 0.660608 0.38184 1.11091 0.403216 0.387106 0.707645 0.364111 0.342929 1.50231 0.481257 0.434176 0.341655 0.315318 0.861793 0.355899 0.338301 0.385325 0.392675 0.381247 0.402368 0.537761 0.400999 0.364191 1.24817 0.345004 0.351739 1.05251 0.345554 0.440564 0.534371 0.450261 0.484787 0.474549 0.369795 0.302064 0.530584 0.388172 0.40043 0.413693 0.298026 0.622911 0.416487 0.312971 0.566217 0.740764 0.446956 0.399149 0.407006 1.21931 0.408365 0.399294 0.475977 0.535908 0.387951 0.386211 0.536858 0.523252 0.650512 0.324658 0.332369 0.404746 0.544386 0.478142 0.54601 0.310572 0.397181 0.359761 0.539209 0.414411 0.398191 0.698787 0.604303 0.531513 0.543709 0.659832 0.492963 0.552817 0.5374 0.481891 0.488962 0.705897 0.401823 0.399983 0.485944 0.437301 0.368296 0.705861 0.484869 0.429269 0.402473 0.405368 0.30542 0.374683 0.601273 0.53536 0.380459 0.474043 0.368315 0.34553 0.403282 0.529998 0.405382 0.4014 0.323495 0.47427 0.385638 0.316024 0.551434 0.476844 0.294576 0.538318 0.402535 1.04551 0.402745 0.476566 1.03784 0.374938 0.64346 1.52433 0.345327 0.469797 0.333025 0.397511 1.61809 0.395968 0.39706 0.40129 0.599948 1.36605 0.711112 0.703654 0.312377 0.320328 0.440693 0.356277 0.525084 0.358044 0.305502 0.402611 0.400752 0.445574 0.331616 0.514535 0.403792 0.39863 0.403854 0.375558 0.338021 0.291031 0.732479 0.447263 1.53129 0.541916 0.394721 0.469852 0.537112 0.308321 0.702511 0.381441 1.19723 0.381705 0.433303 0.309115 0.321536 0.328166 1.26628 0.375852 1.25123 0.668092 1.44474 1.21391 0.349149 0.401482 0.470995 0.392269 0.413654 0.393247 0.372773 0.38957 0.466783 0.530035 0.410434 1.59696 1.15316 0.543657 0.537605 1.21367 0.299181 0.497431 0.394509 0.37159 1.57465 0.541279 0.446735 0.388932 0.302166 0.331058 0.324314 0.37851 0.401223 0.399603 0.429114 1.61864 1.04788 1.20382 0.335913 0.337041 0.38924 0.402022 0.547126 1.0357 0.59219 0.430425 0.343275 0.431334 0.435442 0.443672 1.40001 0.577877 0.298944 0.440651 0.300266 0.369337 0.637961 0.481609 0.348556 0.365282 0.427364 0.456392 0.326139 0.456699 0.705376 0.705465 0.329491 0.366446 0.543441 1.54984 0.300813 0.493189 0.444154 0.314026 0.321822 0.339791 0.530008 0.484211 0.208487 0.377257 0.322516 0.333728 0.370874 0.649175 0.445487 1.57135 0.481423 0.368749 0.502319 0.443621 0.591257 0.540557 0.701558 0.596084 0.443633 0.711466 0.390851 0.367374 0.352692 1.05 0.748949 0.372102 0.352769 0.40346 0.533667 0.311966 0.898611 0.544671 0.493191 0.37081 0.462493 0.333941 0.332149 0.383012 0.358899 0.388135 0.554731 0.354893 0.399953 0.427654 0.576875 0.446446 0.902685 0.597126 0.345321 0.316637 0.467609 0.42915 0.338664 0.329888 0.364908 0.584556 0.901365 0.377395 0.315743 0.450482 0.397844 0.39294 0.302491 0.397254 1.30657 0.404123 0.366107 0.540499 1.23617 0.583748 0.464307 0.549332 0.276184 0.4765 0.362851 0.386944 1.28017 0.562985 0.36469 0.316981 0.491996 0.403912 0.488789 0.418957 0.483555 1.60044 0.35505 0.327202 0.709678 0.586348 0.311378 0.398267 0.280905 0.329271 1.13197 0.491761 0.493946 0.399336 0.380998 0.297127 0.3036 0.441555 0.304356 0.442466 0.701948 0.484938 0.309658 1.53723 1.26907 0.390325 0.361238 1.21654 0.372962 0.466552 1.26174 1.15872 0.37231 0.865554 0.534839 0.577757 0.345464 0.436737 1.13977 0.347951 0.697957 0.534498 1.08694 0.694858 0.375756 0.576501 0.363866 0.71266 1.03589 0.40471 0.426644 0.37432 0.336402 0.34756 0.547336 0.313981 0.408502 0.670618 0.395976 0.403857 0.438272 0.703495 0.481899 0.585213 0.443482 1.2362 0.374313 0.395344 1.23623 0.583557 0.390481 0.404267 1.08943 0.535535 0.472915 0.901 0.315393 0.321959 0.395396 0.444606 0.402711 0.395619 0.401435 0.70046 0.402681 0.400897 0.694656 0.485565 1.56908 0.901 0.401867 0.328828 0.402266 0.309255 1.52363 0.40725 0.451794 0.434012 0.27937 1.59767 0.417949 0.321619 0.370263 0.625552
Testing:
Lab Growth Rates:
0.3
Dot Production Prediction of Lab Growth Rates:
0.511912
Best performance so far: 
Obj: 4.64818e-310Rho: 2.26291e-314Diff: 4.64818e-310
Anneal again with the best G and E so far as input
Cycle 2Round 1
Iter 500000 pBad 0.817276 T 0.000905342 Obj 1.04534 Rho 0 GRdif 26.075 success 118542 failure 11259 obj_new 1.04534 SA_pAcc 0.999129 Delta 0.000368656 SA_r 0.227745 freedomratio 0.283237
Iter 1000000 pBad 0.737621 T 0.000209828 Obj 1.02789 Rho 0 GRdif 16.1776 success 233012 failure 30444 obj_new 1.02789 SA_pAcc 0.957965 Delta 0.00974604 SA_r 0.229786 freedomratio 0.287109
Iter 1500000 pBad 0.651674 T 4.86313e-05 Obj 1.02306 Rho 0 GRdif 13.4057 success 345872 failure 54525 obj_new 1.02306 SA_pAcc 1 Delta 0.0274981 SA_r 0.807247 freedomratio 0.286271
Iter 2000000 pBad 0.436472 T 1.12711e-05 Obj 1.01891 Rho 0 GRdif 11.018 success 454594 failure 88007 obj_new 1.01891 SA_pAcc 0.893623 Delta 0.0265152 SA_r 0.78377 freedomratio 0.276446
Iter 2500000 pBad 0.257802 T 2.61227e-06 Obj 1.01487 Rho 0 GRdif 8.67754 success 548091 failure 151388 obj_new 1.01487 SA_pAcc 1 Delta -0.0132623 SA_r 0.390992 freedomratio 0.272475
Iter 3000000 pBad 0.147299 T 6.05439e-07 Obj 1.01027 Rho 0 GRdif 6.00943 success 622580 failure 262470 obj_new 1.01027 SA_pAcc 1 Delta 0.00338818 SA_r 0.570597 freedomratio 0.248836
Iter 3500000 pBad 0.106403 T 1.40321e-07 Obj 1.0096 Rho 0 GRdif 5.61593 success 677209 failure 420344 obj_new 1.0096 SA_pAcc 1 Delta 0.00534323 SA_r 0.138046 freedomratio 0.224685
Iter 4000000 pBad 0.0340962 T 3.25217e-08 Obj 1.00918 Rho 0 GRdif 5.37608 success 712540 failure 642370 obj_new 1.00918 SA_pAcc 6.2808e-11 Delta 0.000815145 SA_r 0.551258 freedomratio 0.193167
Iter 4500000 pBad 0.0154617 T 7.53746e-09 Obj 1.00907 Rho 0 GRdif 5.3068 success 731511 failure 926429 obj_new 1.00907 SA_pAcc 0.0796677 Delta 0.000618398 SA_r 0.602174 freedomratio 0.175261
Iter 5000000 pBad 0.00797375 T 1.74693e-09 Obj 1.00902 Rho 0 GRdif 5.28136 success 742502 failure 1247866 obj_new 1.00902 SA_pAcc 3.48831e-150 Delta 0.000276255 SA_r 0.782197 freedomratio 0.166619
Iter 5500000 pBad 0.00356213 T 4.04881e-10 Obj 1.009 Rho 0 GRdif 5.26795 success 750327 failure 1587651 obj_new 1.009 SA_pAcc 1.47508e-181 Delta 2.75507e-05 SA_r 0.104057 freedomratio 0.161317
Iter 6000000 pBad 0.00175016 T 9.38381e-11 Obj 1.00899 Rho 0 GRdif 5.26344 success 755143 failure 1942308 obj_new 1.00899 SA_pAcc 1.47729e-06 Delta 0.000122013 SA_r 0.470776 freedomratio 0.158235
Iter 6500000 pBad 0.00175501 T 2.17486e-11 Obj 1.00899 Rho 0 GRdif 5.26148 success 758695 failure 2307746 obj_new 1.00899 SA_pAcc 1 Delta 1.77074e-05 SA_r 0.763341 freedomratio 0.154452
Iter 7000000 pBad 0.00100017 T 5.0406e-12 Obj 1.00899 Rho 0 GRdif 5.28982 success 761452 failure 2680108 obj_new 1.00904 SA_pAcc 0 Delta 1.30612e-05 SA_r 0.0691508 freedomratio 0.152135
Iter 7500000 pBad 0.000701871 T 1.16824e-12 Obj 1.00899 Rho 0 GRdif 5.262 success 764778 failure 3057622 obj_new 1.00899 SA_pAcc 0 Delta -2.5348e-05 SA_r 0.491581 freedomratio 0.150192
Iter 8000000 pBad 0.000159115 T 2.7076e-13 Obj 1.00899 Rho 0 GRdif 5.26558 success 771229 failure 3426931 obj_new 1.009 SA_pAcc 0 Delta -1.71429e-06 SA_r 0.260834 freedomratio 0.147405
Iter 8500000 pBad 3.82229e-25 T 6.27533e-14 Obj 1.00899 Rho 0 GRdif 5.2597 success 773018 failure 3747811 obj_new 1.00899 SA_pAcc 1 Delta -1.22547e-26 SA_r 0.0347112 freedomratio 0.138028
Iter 9000000 pBad 2.15643e-219 T 1.45441e-14 Obj 1.00899 Rho 0 GRdif 5.2597 success 773018 failure 4076047 obj_new 1.00899 SA_pAcc 0 Delta -3.36496e-221 SA_r 0.152709 freedomratio 0.0821803
Iter 9500000 pBad 0 T 3.37085e-15 Obj 1.00899 Rho 0 GRdif 5.26198 success 773018 failure 4421372 obj_new 1.00899 SA_pAcc 0 Delta -0 SA_r 0.357423 freedomratio 0.0491557
Good enough
iter 8.22514e+06 obj1.00899 rho 0 GRdif 5.2597
Training:
Lab Growth Rates:
0.59 0.48 0.47 0.58 0.5 0.686 1.483 0.47 1.345 0.58 0.4 0.56 0.55 0.27 0.724 0.43 0.59 0.43 0.46 0.45 0.53 0.22 0.5 0.55 0.37 1.483 0.56 0.42 0.47 0.47 0.3 0.58 0.56 0.1 0.47 0.37 0.45 0.33 0.1 0.49 0.7 0.5 1.248 0.45 0.1 0.59 0.33 0.4 0.4 0.45 0.54 0.58 0.48 0.5 0.48 0.58 0.42 0.43 0.476 0.46 1.345 0.59 0.5 1.345 0.4 1.483 0.5 0.5 1.483 0.59 0.37 0.68 0.23 0.58 0.46 1.05 0.3 0.58 0.31 0.52 0.4 0.58 0.1 0.686 0.23 0.5 0.46 0.47 0.25 0.58 0.54 0.47 0.36 0.476 0.5 0.37 0.4 0.27 0.65 0.71 0.23 1.248 0.4 0.54 0.53 0.377 0.25 0.4 0.4 0.46 0.4 0.41 1.345 0.68 0.68 1.483 0.17 0.36 1.345 0.4 0.65 1.345 0.41 0.42 0.47 0.4 1.49 0.59 0.58 0.5 0.3 0.485 0.65 0.19 0.3 0.22 0.5 1.43 0.56 0.58 0.485 0.52 0.59 0.51 1.483 0.68 0.27 0.47 0.4 0.46 0.5 0.52 0.485 0.5 0.53 0.59 0.59 0.5 0.09 1.248 0.4 0.43 0.617 0.45 0.42 1.46 0.56 0.36 0.43 0.33 0.25 0.45 0.54 0.53 0.4 0.41 0.4 0.56 0.4 0.52 1.345 0.36 0.54 1.05 0.5 0.377 0.56 0.3 0.54 0.56 0.52 0.17 0.5 0.4 0.4 0.37 0.39 0.65 0.37 0.25 0.3 0.7 0.476 0.4 0.4 1.345 0.37 0.4 0.54 0.54 0.43 0.49 0.23 0.25 0.65 0.59 0.11 0.4 0.54 0.55 0.53 0.39 0.54 0.45 0.56 0.46 0.37 0.637 0.6 0.23 0.55 0.65 0.22 0.59 0.54 0.55 0.58 0.686 0.4 0.4 0.58 0.481 0.58 0.636 0.22 0.47 0.4 0.4 0.4 0.27 0.3 0.56 0.26 0.54 0.45 0.14 0.4 0.53 0.4 0.4 0.59 0.58 0.47 0.19 0.55 0.46 0.37 0.53 0.4 0.901 0.4 0.56 1.46 0.11 0.65 0.45 0.42 0.46 0.42 0.47 0.1 0.4 0.54 0.52 0.42 1.67 0.71 0.648 0.34 0.39 0.481 0.36 0.37 0.33 0.42 0.4 0.43 0.47 0.34 0.46 0.4 0.4 0.42 0.38 0.33 0.38 0.7 0.47 0.45 0.23 0.5 0.54 0.23 0.48 0.635 0.54 1.483 0.58 0.1 0.48 0.59 0.5 1.03 0.52 1.345 0.65 1.05 1.483 0.2 0.4 0.58 0.4 0.47 0.11 0.36 0.4 0.09 0.53 0.37 1.67 0.762 0.54 0.56 1.483 0.45 0.58 0.4 0.27 0.45 0.23 0.301 0.43 0.59 0.5 0.58 0.3 0.4 0.4 0.37 1.66 1.05 1.483 0.54 0.41 0.54 0.4 0.55 1.46 0.5 0.5 0.32 0.37 0.481 0.43 1.4 0.3 0.38 0.465 0.47 0.48 0.5 0.5 0.42 0.54 0.53 0.47 0.42 0.46 0.71 0.636 0.32 0.22 0.59 0.25 0.42 0.22 0.41 0.42 0.5 0.5 0.53 0.55 0.3 0.43 0.45 0.19 0.47 0.65 0.41 1.42 0.55 0.47 0.53 0.465 0.3 0.56 0.637 0.6 0.301 0.636 0.41 0.2 0.09 1.05 0.7 0.47 0.52 0.46 0.54 0.33 0.901 0.55 0.5 0.54 0.58 0.46 0.39 0.47 0.43 0.54 0.26 0.39 0.4 0.17 0.42 0.485 0.901 0.5 0.25 0.4 0.55 0.23 0.5 0.53 0.52 0.31 0.901 0.36 0.1 0.46 0.4 0.4 0.32 0.47 1.38 0.4 0.47 0.54 1.483 0.27 0.53 0.55 0.48 0.46 0.45 0.52 1.345 0.3 0.47 0.53 0.22 0.4 0.22 0.51 0.5 0.45 0.43 0.42 0.724 0.6 0.46 0.4 0.53 0.42 0.762 0.46 0.46 0.4 0.54 0.54 0.48 0.36 0.54 0.377 0.5 0.56 0.39 1.44 1.43 0.45 0.46 1.35 0.2 0.54 1.345 0.762 0.54 0.1 0.56 0.42 0.25 0.37 0.762 0.3 0.635 0.56 1.248 0.648 0.38 0.31 0.33 0.724 1.46 0.4 0.37 0.52 0.34 0.14 0.56 0.41 0.37 0.5 0.4 0.4 0.51 0.648 0.46 0.6 0.301 1.483 0.59 0.4 1.345 0.68 0.52 0.4 1.248 0.56 0.58 0.901 0.33 0.5 0.41 0.465 0.4 0.4 0.4 0.635 0.45 0.4 0.637 0.5 1.66 0.901 0.4 0.42 0.4 0.38 0.45 0.49 0.33 0.26 0.48 0.1 0.45 0.36 0.46 0.5
Dot Production Prediction of Lab Growth Rates:
0.305196 0.328247 0.380435 0.308957 0.848986 0.709154 1.36152 0.359224 1.37708 0.37675 0.400161 0.53941 0.449986 0.277792 0.707578 0.373634 0.540159 0.4712 0.453539 0.328019 0.520914 0.416831 0.962061 0.547321 0.435619 1.37573 0.545714 0.306437 0.384589 0.376846 0.284333 0.412378 0.467114 1.36275 0.41279 0.438768 0.427441 0.537712 1.47772 0.388152 0.855579 0.978465 1.19556 1.36153 1.26598 0.540579 0.554179 0.399216 0.400108 1.29675 0.531918 0.462418 0.339452 0.540676 0.339259 0.477732 0.353101 0.430733 0.570708 0.462624 1.32111 0.545856 0.37881 1.34304 0.401081 1.36933 0.459141 0.463391 1.35563 0.421301 0.442853 0.273755 0.546385 0.355572 0.401982 1.05532 0.333272 0.468019 0.631603 0.416268 0.389066 0.363409 0.455126 0.708463 0.447656 0.384983 0.464907 0.354974 0.525803 0.465546 0.440722 0.31456 0.322404 0.575476 0.539017 0.438681 0.400656 0.336935 0.660316 0.703777 0.44694 1.19114 0.39829 0.384848 0.464227 0.571233 0.344132 0.399164 0.400183 0.34178 0.396736 0.578429 1.3792 0.272488 0.272299 1.32465 0.294409 0.351957 1.345 0.401025 0.650762 1.34523 0.376905 0.299226 0.35169 0.398027 1.36153 0.539459 0.478282 0.964483 0.292123 0.570092 0.623007 0.296475 0.758965 0.475026 0.544932 1.14263 0.463986 0.370549 0.57072 0.34957 0.543955 0.404203 1.38663 0.2717 0.374246 0.368809 0.399157 0.286711 0.535107 0.351856 0.569178 0.363994 0.411896 0.31274 0.308636 0.937882 0.373174 1.19538 0.40033 0.397465 0.557629 0.354242 0.350776 1.3527 0.46303 0.43064 0.363436 0.295701 1.08105 0.35051 0.336088 0.371633 0.39411 0.364237 0.399843 0.54285 0.400054 0.383978 1.34398 0.329739 0.379384 1.0542 0.331976 0.572094 0.527959 0.578143 0.466366 0.465079 0.37646 0.298373 0.535089 0.389451 0.39832 0.437748 0.290775 0.634791 0.441045 0.290298 0.686511 0.852183 0.575711 0.399647 0.403195 1.33155 0.37501 0.397788 0.472034 0.539643 0.41088 0.381274 0.545428 0.543262 0.650328 0.355811 0.342332 0.40139 0.546722 0.452441 0.539487 0.322246 0.424834 0.34694 0.546629 0.440253 0.367824 0.699314 0.746589 0.540332 0.547647 0.650001 0.479271 0.546394 0.536655 0.454773 0.463267 0.708344 0.397813 0.391246 0.480637 0.574423 0.349029 0.707819 0.473567 0.389717 0.392759 0.40118 0.315177 0.375432 0.739175 0.539294 0.374635 0.443493 0.379779 0.141013 0.400236 0.530998 0.401495 0.396839 0.311564 0.467025 0.416651 0.304022 0.544616 0.474756 0.305562 0.532485 0.398888 1.15876 0.400595 0.467895 1.05659 0.381561 0.644738 1.26006 0.374904 0.466016 0.333187 0.388084 1.23811 0.396141 0.412692 0.406257 0.620937 1.29647 0.714429 0.701807 0.299105 0.331885 0.570975 0.347374 0.574621 0.369268 0.301443 0.403019 0.40455 0.493389 0.314422 0.57948 0.400333 0.397398 0.413578 0.387794 0.356173 0.317583 0.855804 0.49068 1.29282 0.54374 0.396656 0.457332 0.547954 0.308159 0.70671 0.375545 1.3529 0.358987 0.467004 0.296365 0.296927 0.305206 1.22743 0.391167 1.36659 0.664015 1.3286 1.35257 0.375723 0.399625 0.461102 0.392041 0.410035 0.408478 0.354221 0.391497 0.468693 0.5229 0.432447 1.29761 1.30724 0.533628 0.539802 1.32853 0.312548 0.4598 0.39868 0.362493 1.29366 0.545185 0.577708 0.389154 0.315054 0.31911 0.311527 0.424785 0.400121 0.389869 0.440739 1.3448 1.04323 1.35231 0.34474 0.345374 0.370911 0.398529 0.550039 1.07605 0.799357 0.430529 0.321277 0.446563 0.572107 0.439965 1.32866 0.705797 0.307971 0.57393 0.300379 0.366827 0.858096 0.468491 0.339053 0.391057 0.432149 0.496902 0.33015 0.477018 0.704663 0.706014 0.322947 0.351317 0.54155 1.33711 0.320997 0.477894 0.577144 0.319459 0.339033 0.325346 0.522423 0.453669 0.287438 0.383401 0.349644 0.303081 0.380892 0.649949 0.568692 1.37621 0.456366 0.363902 0.56995 0.573306 0.725756 0.536659 0.700439 0.728363 0.574835 0.71169 0.405799 0.407801 0.339605 1.05 0.866629 0.361563 0.324344 0.433855 0.528768 0.307905 0.901987 0.550117 0.464631 0.390598 0.461935 0.32284 0.313257 0.413236 0.367483 0.379631 0.597663 0.360719 0.397602 0.443214 0.600288 0.574523 0.90085 0.835353 0.347433 0.327349 0.442189 0.446613 0.31989 0.33651 0.360485 0.604962 0.901795 0.359667 0.358963 0.439036 0.395478 0.406448 0.282778 0.398808 1.21561 0.40209 0.379416 0.542223 1.33447 0.59133 0.504579 0.545983 0.295376 0.474659 0.36189 0.354584 1.38008 0.698493 0.357701 0.35047 0.468154 0.400503 0.468463 0.42957 0.477114 1.33397 0.360673 0.323471 0.708796 0.742425 0.291086 0.395091 0.278878 0.319013 1.30584 0.548872 0.558054 0.398111 0.4063 0.282537 0.301804 0.451282 0.320362 0.571978 0.986994 0.46332 0.310073 1.34282 1.15185 0.390302 0.374256 1.09028 0.399013 0.441763 1.36161 1.31503 0.395868 1.09259 0.53255 0.607619 0.347339 0.459314 1.30898 0.375981 0.702349 0.527298 1.18909 0.692754 0.393782 0.617874 0.374042 0.709315 1.06133 0.402446 0.437306 0.372346 0.337337 0.139999 0.549583 0.30506 0.418358 0.944379 0.397987 0.401287 0.443864 0.701941 0.463748 0.716194 0.577024 1.37475 0.408908 0.39621 1.3845 0.272924 0.391995 0.400978 1.19087 0.543292 0.464309 0.901 0.310757 0.327655 0.412721 0.575222 0.399611 0.393353 0.400078 0.705357 0.394109 0.400486 0.69722 0.467829 1.33032 0.901 0.40093 0.342542 0.398819 0.313972 1.27347 0.413112 0.486889 0.483536 0.293188 1.23304 0.412302 0.326483 0.368872 0.854117
Testing:
Lab Growth Rates:
0.3
Dot Production Prediction of Lab Growth Rates:
0.646507
Best performance so far: 
Obj: 4.64818e-310Rho: 6.5069e-314Diff: 4.64818e-310
Test:
 Lab Growth Rates:
0.3Dot Product Prediction of Growth Rate:
0.6465075