seed =  5 traits =  1 
Training: part  117 
Training: part  117 
Round  1 
 Goal of obj  0.99 
Temperature range:  0.0078125 1.5625e-14 
Cycle 1Round 1
Iter 500000 pBad 0.902005 T 0.00203162 Obj 1.17033 Rho 0 GRdif 92.4852 success 142665 failure 4972 obj_new 1.17033 SA_pAcc 1 Delta 0.0252459 SA_r 0.506755 freedomratio 0.370744
Iter 1000000 pBad 0.796256 T 0.000528317 Obj 1.05217 Rho 0 GRdif 29.9001 success 286209 failure 22071 obj_new 1.05217 SA_pAcc 1.04171 Delta -0.052344 SA_r 0.0472705 freedomratio 0.367041
Iter 1500000 pBad 0.703743 T 0.000137387 Obj 1.03152 Rho 0 GRdif 18.2449 success 426256 failure 48124 obj_new 1.03152 SA_pAcc 0.853733 Delta -0.0523404 SA_r 0.672861 freedomratio 0.366355
Iter 2000000 pBad 0.66234 T 3.57271e-05 Obj 1.02188 Rho 0 GRdif 12.7357 success 563529 failure 80211 obj_new 1.0219 SA_pAcc 0.679124 Delta 0.0477633 SA_r 0.714482 freedomratio 0.360958
Iter 2500000 pBad 0.50942 T 9.29071e-06 Obj 1.01668 Rho 0 GRdif 9.72633 success 696754 failure 119793 obj_new 1.01668 SA_pAcc 1.18538 Delta 0.0496263 SA_r 0.135934 freedomratio 0.3581
Iter 3000000 pBad 0.42453 T 2.41602e-06 Obj 1.0122 Rho 0 GRdif 7.13173 success 822642 failure 172675 obj_new 1.0122 SA_pAcc 1 Delta -0.0301426 SA_r 0.866257 freedomratio 0.354858
Iter 3500000 pBad 0.172905 T 6.28278e-07 Obj 1.01025 Rho 0 GRdif 6.00396 success 916648 failure 288805 obj_new 1.01026 SA_pAcc 4.0571e-11 Delta 0.00305863 SA_r 0.52148 freedomratio 0.323077
Iter 4000000 pBad 0.0886806 T 1.63382e-07 Obj 1.00946 Rho 0 GRdif 5.53576 success 979270 failure 474409 obj_new 1.00946 SA_pAcc 1 Delta -0.0079979 SA_r 0.389996 freedomratio 0.280267
Iter 4500000 pBad 0.0387289 T 4.24869e-08 Obj 1.00927 Rho 0 GRdif 5.42409 success 1018043 failure 721653 obj_new 1.00927 SA_pAcc 1 Delta 0.000890295 SA_r 0.656968 freedomratio 0.245717
Iter 5000000 pBad 0.0181738 T 1.10486e-08 Obj 1.00919 Rho 0 GRdif 5.37818 success 1039479 failure 1022326 obj_new 1.00919 SA_pAcc 1 Delta -0.00124096 SA_r 0.858699 freedomratio 0.22239
Iter 5500000 pBad 0.0125271 T 2.87315e-09 Obj 1.00916 Rho 0 GRdif 5.36174 success 1051128 failure 1358632 obj_new 1.00916 SA_pAcc 2.14115e-08 Delta -0.000688063 SA_r 0.780644 freedomratio 0.211816
Iter 6000000 pBad 0.00609545 T 7.47152e-10 Obj 1.00915 Rho 0 GRdif 5.36357 success 1058135 failure 1714876 obj_new 1.00916 SA_pAcc 0 Delta -0.000153869 SA_r 0.118332 freedomratio 0.202479
Iter 6500000 pBad 0.00181274 T 1.94295e-10 Obj 1.00915 Rho 0 GRdif 5.35312 success 1062320 failure 2083069 obj_new 1.00915 SA_pAcc 0.62173 Delta -0.000126899 SA_r 0.601155 freedomratio 0.195739
Iter 7000000 pBad 0.00138563 T 5.05257e-11 Obj 1.00914 Rho 0 GRdif 5.35221 success 1064832 failure 2460836 obj_new 1.00914 SA_pAcc 0 Delta -3.20144e-05 SA_r 0.875236 freedomratio 0.192913
Iter 7500000 pBad 0.000623915 T 1.3139e-11 Obj 1.00914 Rho 0 GRdif 5.35061 success 1067719 failure 2850739 obj_new 1.00914 SA_pAcc 0 Delta -4.99324e-05 SA_r 0.188137 freedomratio 0.182665
Iter 8000000 pBad 0.000124309 T 3.41677e-12 Obj 1.00914 Rho 0 GRdif 5.35147 success 1069915 failure 3252727 obj_new 1.00914 SA_pAcc 0 Delta 5.32676e-06 SA_r 0.699926 freedomratio 0.176683
Iter 8500000 pBad 1.00721e-30 T 8.88519e-13 Obj 1.00914 Rho 0 GRdif 5.35419 success 1074099 failure 3639544 obj_new 1.00915 SA_pAcc 0 Delta -1.05489e-32 SA_r 0.702549 freedomratio 0.166337
Iter 9000000 pBad 4.31345e-122 T 2.31057e-13 Obj 1.00914 Rho 0 GRdif 5.36857 success 1075201 failure 3972707 obj_new 1.00917 SA_pAcc 0 Delta -4.079e-123 SA_r 0.594688 freedomratio 0.166809
Iter 9500000 pBad 0 T 6.00855e-14 Obj 1.00914 Rho 0 GRdif 5.35 success 1075201 failure 4311476 obj_new 1.00914 SA_pAcc 1 Delta -0 SA_r 0.670246 freedomratio 0.106348
Iter 10000000 pBad 0 T 1.5625e-14 Obj 1.00914 Rho 0 GRdif 5.35024 success 1075201 failure 4678488 obj_new 1.00914 SA_pAcc 0 Delta -0 SA_r 0.807804 freedomratio 0.0597682
Cannot move further
iter 8.61572e+06 obj1.00914 rho 0 GRdif 5.35
Training:
Lab Growth Rates:
1.42 0.55 0.45 0.47 0.39 0.56 0.59 0.4 0.59 0.45 0.47 0.51 0.52 0.54 1.345 0.377 0.71 0.4 0.68 0.42 0.26 0.1 1.66 0.37 1.345 0.47 0.58 0.5 0.635 0.7 1.46 0.37 0.54 0.55 0.4 0.19 0.33 0.56 0.32 0.301 0.485 0.3 0.5 0.7 0.47 0.4 1.03 0.09 0.4 0.686 0.55 0.19 0.45 0.5 0.4 0.4 0.4 0.901 0.485 0.56 0.1 0.2 0.686 1.345 0.38 0.56 0.4 0.25 0.65 0.47 0.4 0.71 0.11 0.23 0.4 0.58 1.4 0.22 0.54 0.33 0.43 0.37 0.56 1.67 0.59 0.54 0.46 0.901 0.14 0.724 0.52 0.34 0.56 0.41 0.56 0.59 0.34 0.4 0.43 0.5 0.2 0.58 0.5 0.31 0.3 0.901 0.4 0.47 0.48 0.54 0.56 0.5 0.46 0.4 1.483 0.58 0.46 1.38 0.4 0.46 1.483 0.58 0.27 1.483 0.45 0.23 0.37 0.45 0.31 0.4 0.5 0.55 0.3 1.05 0.54 0.47 0.5 0.476 0.55 0.6 1.49 0.4 0.5 0.47 0.53 0.4 0.4 0.5 0.45 0.481 0.58 1.46 0.47 0.46 0.48 0.46 0.52 0.36 0.36 0.4 0.68 0.1 0.42 0.37 0.59 0.1 0.648 0.49 0.42 0.42 0.23 0.4 1.345 0.54 0.4 0.4 0.4 0.47 0.45 0.54 0.45 0.25 0.65 0.53 0.56 0.4 0.65 0.53 1.345 0.4 0.5 0.4 1.44 0.45 0.38 1.483 0.47 0.377 0.4 0.43 0.4 0.46 0.762 0.58 0.59 0.42 0.54 0.5 0.33 1.46 0.54 0.47 0.53 0.4 0.45 0.42 0.485 0.4 1.345 1.483 0.58 0.59 0.43 0.33 0.3 0.45 0.43 0.34 0.58 0.23 0.4 0.636 1.483 0.39 0.65 0.4 0.37 1.345 0.23 0.48 0.47 0.37 0.43 0.4 0.19 0.686 0.53 0.55 0.5 0.46 0.53 1.345 0.33 0.41 0.38 0.32 0.1 0.36 0.33 0.53 0.3 0.45 0.47 0.52 0.724 0.4 0.59 0.4 0.52 0.56 0.42 0.43 0.22 0.4 0.42 0.48 0.42 1.483 0.41 0.4 0.3 0.22 0.46 0.68 0.37 0.54 0.4 0.3 0.4 0.27 1.248 0.54 0.42 0.762 0.5 1.05 0.53 0.4 0.09 0.26 0.23 0.41 0.27 0.11 0.48 0.58 0.42 1.345 0.39 0.39 0.53 1.483 1.248 0.41 0.481 0.54 0.54 0.32 0.41 0.42 0.42 0.43 0.27 0.635 0.47 0.45 0.3 0.51 0.648 1.67 0.31 0.54 0.36 0.476 0.55 0.5 1.248 0.17 0.59 0.5 0.4 1.05 0.36 0.53 0.481 0.46 0.5 0.45 0.46 0.59 0.25 0.45 1.483 0.25 0.7 0.5 0.56 0.17 0.5 0.43 0.43 0.59 0.54 0.901 0.901 1.483 0.25 0.47 0.52 0.25 0.42 0.53 0.42 1.43 0.2 0.59 0.901 0.56 0.56 0.45 0.14 0.65 0.48 0.11 0.59 0.37 0.47 0.46 0.54 0.5 1.345 0.37 0.4 0.54 0.37 0.56 0.52 1.345 0.46 0.4 0.52 0.4 0.301 0.46 0.46 0.59 0.22 1.483 0.36 0.47 0.54 0.4 0.39 0.41 0.65 0.47 0.5 0.724 0.52 0.47 0.46 0.56 0.27 0.1 0.68 0.71 0.52 0.55 0.55 0.46 1.483 0.56 0.53 0.68 0.23 0.65 1.05 0.53 0.58 0.41 0.4 1.66 0.6 0.58 0.27 0.65 0.5 0.33 0.54 0.37 0.37 0.43 0.648 0.762 0.1 0.59 0.4 0.58 0.48 0.49 1.345 0.52 0.4 0.5 0.47 0.5 0.4 0.42 0.54 0.17 0.42 0.38 0.46 0.465 0.476 0.4 0.3 1.248 0.637 0.4 0.4 0.5 1.35 0.1 0.5 0.37 0.46 0.53 0.26 0.6 0.56 0.48 0.3 0.4 0.52 1.05 0.47 0.36 0.36 0.58 0.53 0.4 0.47 0.55 0.3 0.43 0.39 0.45 0.58 0.54 0.762 0.637 0.635 0.301 0.3 0.37 0.58 0.49 0.55 0.617 0.22 0.54 0.45 0.45 0.33 0.54 0.636 0.465 0.47 0.5 0.54 0.636 0.58 0.3 0.58 0.25 0.4 0.22 0.4 0.5 0.377 0.7 0.41 0.5 0.5 0.5 0.54 0.46 0.23 0.4 0.4 0.09 0.37 0.54 0.48 0.465 0.58 1.43 0.56 0.4 0.58 0.46 0.65 0.4 0.4 0.58 0.3 0.23 0.5 0.51 0.22 0.637 0.36 0.33 0.6 0.38 1.248 0.22 0.55 1.46 0.1 0.42 0.485 0.4 0.5 0.59 0.25 0.54
Dot Production Prediction of Lab Growth Rates:
1.59876 0.550165 0.37622 0.344388 0.302391 0.541726 0.328637 0.422206 0.550357 0.3798 0.338854 0.42157 0.348404 0.464005 0.986693 0.555341 0.686689 0.408898 0.310401 0.368368 0.514075 0.422413 1.66 0.454775 0.977847 0.365106 0.46705 0.36613 0.689387 0.700955 1.016 0.317224 0.314133 0.549119 0.401857 0.330803 0.37577 0.535231 0.315336 0.564922 0.546565 0.495455 0.546592 0.701484 0.368138 0.411321 1.41931 0.358573 0.407571 0.692915 0.549991 0.347068 0.325357 0.705529 0.419999 0.419788 0.4156 0.901 0.550407 0.54626 1.47497 0.397265 0.689686 1.02234 0.36191 0.468628 0.403998 0.480684 0.662475 0.438671 0.411386 0.695271 0.394955 0.457052 0.321594 0.367963 1.48781 0.476138 0.53828 0.485101 0.372368 0.414188 0.542204 1.54331 0.383676 0.373308 0.459054 0.901312 0.139984 0.69234 0.363955 0.322401 0.465004 0.349318 0.536842 0.328089 0.340233 0.419612 0.402305 0.468756 0.403943 0.47643 0.468912 0.514468 0.371942 0.89791 0.40119 0.390796 0.341091 0.36569 0.545959 0.372608 0.466879 0.420594 0.940893 0.47324 0.386625 1.35003 0.42083 0.411438 0.96861 0.473337 0.311179 0.980468 1.56577 0.545586 0.446754 1.5666 0.506837 0.399977 0.703282 0.552122 0.391235 1.05029 0.537466 0.438624 0.337212 0.551522 0.467607 0.475289 1.56577 0.421211 0.38382 0.392376 0.536137 0.374646 0.420783 0.324385 0.337352 0.547054 0.466868 0.973156 0.356571 0.461333 0.314769 0.407084 0.399861 0.331888 0.357129 0.418062 0.3085 0.801768 0.306107 0.435716 0.337291 1.05324 0.683497 0.39765 0.333439 0.341003 0.455947 0.417065 0.982032 0.543806 0.421399 0.4202 0.399501 0.365599 1.50945 0.469862 1.52533 0.511347 0.654034 0.426784 0.544249 0.417869 0.633456 0.402987 1.01889 0.419995 0.475664 0.42148 1.52836 1.52028 0.320517 0.976598 0.42409 0.558541 0.422966 0.387336 0.422967 0.451717 1.41916 0.398327 0.349981 0.529152 0.461563 0.383136 0.366971 1.6022 0.328343 0.368994 0.544383 0.419582 1.52437 0.32683 0.549165 0.417894 0.978746 0.996822 0.478664 0.355643 0.37246 0.321219 0.309974 0.336518 0.361762 0.318381 0.327805 0.539635 0.420432 0.6901 0.938898 0.344479 0.641326 0.399487 0.396536 0.964523 0.456962 0.334097 0.348144 0.435772 0.370614 0.421618 0.329672 0.693158 0.546397 0.463698 0.315325 0.378808 0.458115 0.965465 0.371644 0.393205 0.320414 0.328773 1.25186 0.340602 0.325936 0.395164 0.299736 1.51931 0.380984 0.379173 0.690797 0.401885 0.549943 0.421684 0.356193 0.476055 0.335488 0.40014 0.47229 0.421738 0.310353 0.335244 0.339715 0.979623 0.557315 0.401317 0.461084 0.394975 0.484087 0.311486 0.432768 0.405304 0.404781 0.492751 0.418767 0.369702 1.24794 0.383205 0.348417 1.41367 0.40423 1.04952 0.523153 0.414629 0.438761 0.437351 0.54423 0.553733 0.362846 0.384494 0.318211 0.465762 0.328574 0.962668 0.320754 0.372321 0.356981 0.954765 1.24235 0.366477 0.550024 0.425822 0.350478 0.340332 0.320522 0.339178 0.336955 0.41614 0.371273 0.68769 0.362095 0.404166 0.494736 0.412292 0.688657 1.50065 0.51603 0.543754 0.354373 0.552444 0.462186 0.536771 1.2549 0.429317 0.337024 0.653745 0.420445 1.05071 0.430848 0.526897 0.549106 0.396522 0.332802 0.397231 0.404793 0.550107 0.353466 0.335917 0.965378 0.763015 0.700154 0.478218 0.542901 0.336744 0.479598 0.42405 0.374199 0.376598 0.367962 0.898322 1.24902 0.941444 0.34626 0.355894 0.378106 1.53593 0.519263 0.340727 0.342989 1.38848 0.361763 0.553239 0.897439 0.54364 0.543449 0.391862 0.140084 0.642173 0.313914 0.342847 0.549939 0.452998 0.357851 0.464207 0.462485 0.540458 0.990874 0.425656 0.416978 0.375297 0.444051 0.47108 0.404631 0.953656 0.516457 0.397568 0.36611 0.320509 0.564732 0.502194 0.353315 0.318625 0.47016 0.975419 0.362314 0.411797 0.388567 0.399909 0.325093 0.389202 0.651714 0.430069 0.632544 0.694327 0.342323 0.395497 0.466467 0.4695 0.539638 1.16673 0.312158 0.68665 0.371569 0.549293 0.463602 0.455476 1.0028 0.477543 0.534484 0.310031 0.54876 0.649903 0.98079 0.486014 0.471977 0.558376 0.419958 1.65681 0.4714 0.347035 0.342626 0.64999 0.475784 0.323472 0.550559 0.376849 0.453086 0.380243 0.687206 1.42141 0.431532 0.553534 0.420769 0.351723 0.321343 0.369676 0.942693 0.405329 0.405747 0.677867 0.365067 0.729203 0.421526 0.394462 0.365361 0.321002 0.515976 0.331199 0.328589 0.554004 0.551923 0.408235 0.470057 1.24799 0.683882 0.420279 0.396516 0.333856 1.29754 1.07109 0.639638 0.51248 0.29842 0.369033 0.351386 0.482761 0.543094 0.310171 0.474783 0.406866 0.375512 1.65803 0.436375 0.414436 0.33451 0.360446 0.318211 0.405346 0.342138 0.55153 0.301782 0.403177 0.344742 0.379578 0.376345 0.538795 1.43811 0.684106 0.68989 0.565409 0.445761 0.375337 0.468052 0.373817 0.464784 0.566849 0.445867 0.361739 0.342745 0.347045 0.43757 0.463143 0.675828 0.55212 0.379482 0.686769 0.328579 0.687617 0.471462 0.403421 0.373687 0.350662 0.400313 0.469585 0.396114 0.535441 0.556346 0.692192 0.386827 0.627623 0.33066 0.550902 0.376412 0.31145 0.545547 0.399936 0.41609 0.346664 0.44338 0.464789 0.36362 0.548415 0.467177 1.3781 0.549154 0.421228 0.319724 0.394134 0.662775 0.419993 0.417512 0.473492 0.340955 0.542629 0.344509 0.394317 0.477741 0.684518 0.364956 0.473672 0.485958 0.365899 1.24918 0.367599 0.458982 1.01845 0.369705 0.332845 0.5528 0.419365 0.638316 0.551034 0.329062 0.5344
Testing:
Lab Growth Rates:
0.5
Dot Production Prediction of Lab Growth Rates:
0.684379
Best performance so far: 
Obj: 4.65801e-310Rho: 2.26291e-314Diff: 4.65801e-310
Anneal again with the best G and E so far as input
Cycle 2Round 1
Iter 500000 pBad 0.857821 T 0.00203162 Obj 1.07725 Rho 0 GRdif 43.7525 success 118156 failure 8173 obj_new 1.07725 SA_pAcc 1 Delta 0.0783817 SA_r 0.463564 freedomratio 0.281879
Iter 1000000 pBad 0.778784 T 0.000528317 Obj 1.04124 Rho 0 GRdif 23.7605 success 233283 failure 23420 obj_new 1.04124 SA_pAcc 0.920303 Delta 0.0201949 SA_r 0.898362 freedomratio 0.284058
Iter 1500000 pBad 0.669036 T 0.000137387 Obj 1.02926 Rho 0 GRdif 16.9607 success 344282 failure 48133 obj_new 1.02926 SA_pAcc 1 Delta 0.0124583 SA_r 0.999881 freedomratio 0.278409
Iter 2000000 pBad 0.594837 T 3.57271e-05 Obj 1.02445 Rho 0 GRdif 14.2044 success 452844 failure 79159 obj_new 1.02445 SA_pAcc 0.842355 Delta 0.0212886 SA_r 0.26804 freedomratio 0.278673
Iter 2500000 pBad 0.442688 T 9.29071e-06 Obj 1.01902 Rho 0 GRdif 11.0815 success 557743 failure 116768 obj_new 1.01902 SA_pAcc 1 Delta 0.0224057 SA_r 0.952058 freedomratio 0.274126
Iter 3000000 pBad 0.319987 T 2.41602e-06 Obj 1.01448 Rho 0 GRdif 8.45063 success 655223 failure 169725 obj_new 1.01448 SA_pAcc 1 Delta -0.00799109 SA_r 0.25444 freedomratio 0.268984
Iter 3500000 pBad 0.180494 T 6.28278e-07 Obj 1.01158 Rho 0 GRdif 6.76746 success 735721 failure 262432 obj_new 1.01158 SA_pAcc 1 Delta -0.00948913 SA_r 0.457427 freedomratio 0.249788
Iter 4000000 pBad 0.101933 T 1.63382e-07 Obj 1.01068 Rho 0 GRdif 6.24874 success 794459 failure 407695 obj_new 1.01068 SA_pAcc 0.665032 Delta -0.00171948 SA_r 0.135612 freedomratio 0.231953
Iter 4500000 pBad 0.0506747 T 4.24869e-08 Obj 1.01014 Rho 0 GRdif 5.93609 success 837108 failure 607335 obj_new 1.01015 SA_pAcc 9.54848e-43 Delta -0.00138859 SA_r 0.819939 freedomratio 0.199254
Iter 5000000 pBad 0.024031 T 1.10486e-08 Obj 1.00996 Rho 0 GRdif 5.82665 success 861774 failure 875001 obj_new 1.00996 SA_pAcc 1 Delta -0.000831015 SA_r 0.662144 freedomratio 0.176577
Iter 5500000 pBad 0.0107926 T 2.87315e-09 Obj 1.00991 Rho 0 GRdif 5.8013 success 874919 failure 1188447 obj_new 1.00991 SA_pAcc 0 Delta -6.74738e-05 SA_r 0.475114 freedomratio 0.165914
Iter 6000000 pBad 0.00485537 T 7.47152e-10 Obj 1.00989 Rho 0 GRdif 5.78526 success 884519 failure 1527646 obj_new 1.00989 SA_pAcc 5.96589e-64 Delta 0.000327132 SA_r 0.074888 freedomratio 0.157683
Iter 6500000 pBad 0.00177029 T 1.94295e-10 Obj 1.00987 Rho 0 GRdif 5.77656 success 891232 failure 1885122 obj_new 1.00987 SA_pAcc 3.78715e-207 Delta -0.000107557 SA_r 0.282784 freedomratio 0.153365
Iter 7000000 pBad 0.00121558 T 5.05257e-11 Obj 1.00987 Rho 0 GRdif 5.79418 success 896621 failure 2255302 obj_new 1.0099 SA_pAcc 0 Delta 2.68999e-05 SA_r 0.160907 freedomratio 0.14939
Iter 7500000 pBad 0.00115584 T 1.3139e-11 Obj 1.00986 Rho 0 GRdif 5.77083 success 901335 failure 2637249 obj_new 1.00986 SA_pAcc 0 Delta -1.89475e-05 SA_r 0.0155584 freedomratio 0.146451
Iter 8000000 pBad 0.000383024 T 3.41677e-12 Obj 1.00986 Rho 0 GRdif 5.77003 success 904594 failure 3025870 obj_new 1.00986 SA_pAcc 0 Delta 2.31357e-05 SA_r 0.426801 freedomratio 0.144436
Iter 8500000 pBad 7.79288e-05 T 8.88519e-13 Obj 1.00986 Rho 0 GRdif 5.76935 success 909642 failure 3409728 obj_new 1.00986 SA_pAcc 0 Delta -4.39295e-06 SA_r 0.942376 freedomratio 0.141755
Iter 9000000 pBad 0.00095493 T 2.31057e-13 Obj 1.00986 Rho 0 GRdif 5.7684 success 918675 failure 3807724 obj_new 1.00986 SA_pAcc 0 Delta 8.71506e-05 SA_r 0.213401 freedomratio 0.13819
Iter 9500000 pBad 2.70222e-17 T 6.00855e-14 Obj 1.00986 Rho 0 GRdif 5.76824 success 921305 failure 4159790 obj_new 1.00986 SA_pAcc 1 Delta 1.55076e-19 SA_r 0.335432 freedomratio 0.119391
Good enough
iter 9.40609e+06 obj1.00986 rho 0 GRdif 5.76824
Training:
Lab Growth Rates:
1.42 0.55 0.45 0.47 0.39 0.56 0.59 0.4 0.59 0.45 0.47 0.51 0.52 0.54 1.345 0.377 0.71 0.4 0.68 0.42 0.26 0.1 1.66 0.37 1.345 0.47 0.58 0.5 0.635 0.7 1.46 0.37 0.54 0.55 0.4 0.19 0.33 0.56 0.32 0.301 0.485 0.3 0.5 0.7 0.47 0.4 1.03 0.09 0.4 0.686 0.55 0.19 0.45 0.5 0.4 0.4 0.4 0.901 0.485 0.56 0.1 0.2 0.686 1.345 0.38 0.56 0.4 0.25 0.65 0.47 0.4 0.71 0.11 0.23 0.4 0.58 1.4 0.22 0.54 0.33 0.43 0.37 0.56 1.67 0.59 0.54 0.46 0.901 0.14 0.724 0.52 0.34 0.56 0.41 0.56 0.59 0.34 0.4 0.43 0.5 0.2 0.58 0.5 0.31 0.3 0.901 0.4 0.47 0.48 0.54 0.56 0.5 0.46 0.4 1.483 0.58 0.46 1.38 0.4 0.46 1.483 0.58 0.27 1.483 0.45 0.23 0.37 0.45 0.31 0.4 0.5 0.55 0.3 1.05 0.54 0.47 0.5 0.476 0.55 0.6 1.49 0.4 0.5 0.47 0.53 0.4 0.4 0.5 0.45 0.481 0.58 1.46 0.47 0.46 0.48 0.46 0.52 0.36 0.36 0.4 0.68 0.1 0.42 0.37 0.59 0.1 0.648 0.49 0.42 0.42 0.23 0.4 1.345 0.54 0.4 0.4 0.4 0.47 0.45 0.54 0.45 0.25 0.65 0.53 0.56 0.4 0.65 0.53 1.345 0.4 0.5 0.4 1.44 0.45 0.38 1.483 0.47 0.377 0.4 0.43 0.4 0.46 0.762 0.58 0.59 0.42 0.54 0.5 0.33 1.46 0.54 0.47 0.53 0.4 0.45 0.42 0.485 0.4 1.345 1.483 0.58 0.59 0.43 0.33 0.3 0.45 0.43 0.34 0.58 0.23 0.4 0.636 1.483 0.39 0.65 0.4 0.37 1.345 0.23 0.48 0.47 0.37 0.43 0.4 0.19 0.686 0.53 0.55 0.5 0.46 0.53 1.345 0.33 0.41 0.38 0.32 0.1 0.36 0.33 0.53 0.3 0.45 0.47 0.52 0.724 0.4 0.59 0.4 0.52 0.56 0.42 0.43 0.22 0.4 0.42 0.48 0.42 1.483 0.41 0.4 0.3 0.22 0.46 0.68 0.37 0.54 0.4 0.3 0.4 0.27 1.248 0.54 0.42 0.762 0.5 1.05 0.53 0.4 0.09 0.26 0.23 0.41 0.27 0.11 0.48 0.58 0.42 1.345 0.39 0.39 0.53 1.483 1.248 0.41 0.481 0.54 0.54 0.32 0.41 0.42 0.42 0.43 0.27 0.635 0.47 0.45 0.3 0.51 0.648 1.67 0.31 0.54 0.36 0.476 0.55 0.5 1.248 0.17 0.59 0.5 0.4 1.05 0.36 0.53 0.481 0.46 0.5 0.45 0.46 0.59 0.25 0.45 1.483 0.25 0.7 0.5 0.56 0.17 0.5 0.43 0.43 0.59 0.54 0.901 0.901 1.483 0.25 0.47 0.52 0.25 0.42 0.53 0.42 1.43 0.2 0.59 0.901 0.56 0.56 0.45 0.14 0.65 0.48 0.11 0.59 0.37 0.47 0.46 0.54 0.5 1.345 0.37 0.4 0.54 0.37 0.56 0.52 1.345 0.46 0.4 0.52 0.4 0.301 0.46 0.46 0.59 0.22 1.483 0.36 0.47 0.54 0.4 0.39 0.41 0.65 0.47 0.5 0.724 0.52 0.47 0.46 0.56 0.27 0.1 0.68 0.71 0.52 0.55 0.55 0.46 1.483 0.56 0.53 0.68 0.23 0.65 1.05 0.53 0.58 0.41 0.4 1.66 0.6 0.58 0.27 0.65 0.5 0.33 0.54 0.37 0.37 0.43 0.648 0.762 0.1 0.59 0.4 0.58 0.48 0.49 1.345 0.52 0.4 0.5 0.47 0.5 0.4 0.42 0.54 0.17 0.42 0.38 0.46 0.465 0.476 0.4 0.3 1.248 0.637 0.4 0.4 0.5 1.35 0.1 0.5 0.37 0.46 0.53 0.26 0.6 0.56 0.48 0.3 0.4 0.52 1.05 0.47 0.36 0.36 0.58 0.53 0.4 0.47 0.55 0.3 0.43 0.39 0.45 0.58 0.54 0.762 0.637 0.635 0.301 0.3 0.37 0.58 0.49 0.55 0.617 0.22 0.54 0.45 0.45 0.33 0.54 0.636 0.465 0.47 0.5 0.54 0.636 0.58 0.3 0.58 0.25 0.4 0.22 0.4 0.5 0.377 0.7 0.41 0.5 0.5 0.5 0.54 0.46 0.23 0.4 0.4 0.09 0.37 0.54 0.48 0.465 0.58 1.43 0.56 0.4 0.58 0.46 0.65 0.4 0.4 0.58 0.3 0.23 0.5 0.51 0.22 0.637 0.36 0.33 0.6 0.38 1.248 0.22 0.55 1.46 0.1 0.42 0.485 0.4 0.5 0.59 0.25 0.54
Dot Production Prediction of Lab Growth Rates:
1.4656 0.549698 0.376371 0.360275 0.278337 0.539238 0.313202 0.340793 0.55276 0.402254 0.35997 0.440349 0.369826 0.469844 1.26803 0.602393 0.703644 0.330112 0.454241 0.349744 0.555349 0.436758 1.49853 0.445583 1.19946 0.360424 0.466633 0.364248 0.713435 0.733323 1.0304 0.268295 0.268629 0.550042 0.37224 0.313868 0.3788 0.527387 0.296943 0.623582 0.59422 0.6426 0.543181 0.736784 0.364129 0.331931 1.28774 0.382897 0.336545 0.711273 0.548275 0.340595 0.288043 0.857322 0.340086 0.340401 0.337048 0.903146 0.585575 0.55032 1.37347 0.392356 0.712695 1.2889 0.370974 0.470381 0.347803 0.490015 0.652041 0.462316 0.334272 0.715905 0.406902 0.451551 0.304272 0.362748 1.40001 0.497018 0.532458 0.527699 0.382426 0.448686 0.536438 1.43532 0.432376 0.368342 0.459127 0.901 0.621825 0.717468 0.37708 0.290488 0.468383 0.334569 0.525752 0.291068 0.339774 0.338867 0.412027 0.467668 0.38067 0.48181 0.471658 0.562594 0.363802 0.900996 0.347005 0.389743 0.341316 0.372376 0.551487 0.379127 0.461833 0.341079 1.13182 0.468469 0.376083 1.28368 0.340868 0.417279 1.2213 0.482359 0.270005 1.23406 1.46005 0.559094 0.436962 1.45645 0.551714 0.367003 0.820537 0.55387 0.474884 1.0504 0.545528 0.476539 0.324856 0.582119 0.497106 0.587983 1.46005 0.341302 0.370983 0.38363 0.535513 0.365388 0.341741 0.324512 0.356607 0.580729 0.466657 1.03958 0.300951 0.460823 0.308067 0.427698 0.40106 0.321262 0.375667 0.338464 0.452357 0.969509 0.294554 0.422805 0.341822 1.94143 0.700579 0.411157 0.283381 0.339153 0.45281 0.339461 1.2339 0.55947 0.341084 0.34145 0.367383 0.409431 1.34997 0.478167 1.43509 0.533524 0.664532 0.457939 0.540486 0.336847 0.627497 0.411299 1.24418 0.339178 0.47797 0.342383 1.43653 1.41407 0.292931 1.21004 0.479036 0.609888 0.344467 0.393312 0.345334 0.474291 1.44069 0.415523 0.294255 0.587301 0.472882 0.397909 0.346413 1.4703 0.290718 0.408721 0.547154 0.34013 1.3724 0.324708 0.590662 0.337169 1.1869 1.23904 0.485206 0.306507 0.362192 0.298976 0.25869 0.328049 0.365213 0.310001 0.307968 0.551878 0.341975 0.719724 1.1135 0.323439 0.643472 0.365823 0.417596 1.17526 0.451798 0.32152 0.367511 0.425401 0.371843 0.341973 0.317608 0.713424 0.546821 0.496008 0.305198 0.371287 0.454757 1.17892 0.376458 0.410834 0.293684 0.321383 2.23895 0.333185 0.315462 0.436215 0.256472 1.40743 0.38826 0.368609 0.713444 0.369851 0.552534 0.342529 0.362577 0.482673 0.341101 0.411391 0.490014 0.340967 0.293523 0.336941 0.341451 1.20225 0.605645 0.368565 0.581302 0.424268 0.526436 0.457864 0.421567 0.407078 0.350075 0.617684 0.337388 0.371625 1.24736 0.376758 0.302147 1.44051 0.436708 1.07084 0.523508 0.334692 0.4837 0.473918 0.548409 0.606494 0.389105 0.382977 0.275238 0.45534 0.308619 1.23215 0.29938 0.360362 0.335822 1.21108 1.24254 0.370856 0.583005 0.414058 0.336301 0.353361 0.312984 0.333715 0.337929 0.436642 0.372943 0.711217 0.362721 0.423177 0.612225 0.42416 0.70635 1.39451 0.578462 0.539186 0.358669 0.58731 0.494013 0.547086 1.2601 0.457547 0.311544 0.766811 0.341286 1.0745 0.455163 0.525954 0.582764 0.408614 0.315577 0.436572 0.4125 0.557178 0.364924 0.337589 1.16792 0.972903 0.741287 0.486967 0.547684 0.308418 0.486607 0.438947 0.36626 0.409885 0.37281 0.900108 1.26235 1.12818 0.354269 0.377421 0.387252 1.44411 0.569497 0.324141 0.361173 1.24355 0.344954 0.552581 0.899541 0.545024 0.549031 0.425747 0.61284 0.640047 0.278808 0.327191 0.544914 0.444911 0.350114 0.460051 0.471256 0.555236 1.20611 0.480039 0.335805 0.39291 0.435539 0.477143 0.396154 1.23478 0.531565 0.343574 0.391555 0.293272 0.618163 0.520031 0.362394 0.294833 0.489504 1.18334 0.372222 0.419775 0.402077 0.346584 0.309568 0.410896 0.65046 0.482716 0.723551 0.716995 0.344723 0.413039 0.475495 0.468769 0.58679 2.18763 0.458743 0.710539 0.408492 0.55219 0.492753 0.452668 1.20845 0.480722 0.528022 0.451954 0.548636 0.648271 1.03111 0.504175 0.469216 0.605813 0.338436 1.47869 0.602216 0.35599 0.328906 0.649937 0.486044 0.314675 0.549285 0.397892 0.444325 0.382373 0.706383 1.45416 0.440801 0.55012 0.341337 0.367323 0.271887 0.401948 1.13708 0.393457 0.333649 0.83321 0.366201 0.868612 0.342878 0.400737 0.374387 0.307595 0.560533 0.302217 0.331705 0.587855 0.589084 0.328334 0.590371 1.24354 0.711242 0.339381 0.364384 0.336989 1.14582 1.9049 0.723515 0.544897 0.26808 0.3778 0.367095 0.621523 0.546959 0.297253 0.575906 0.32653 0.413444 1.43493 0.452223 0.439594 0.331393 0.398097 0.252011 0.335237 0.355336 0.557282 0.251021 0.418035 0.320062 0.383685 0.377108 0.541911 1.46429 0.707403 0.714605 0.624123 0.556307 0.412113 0.456366 0.386738 0.495596 0.909323 0.484024 0.388309 0.313944 0.313327 0.49376 0.46939 0.710327 0.585794 0.378099 0.824684 0.338145 0.713383 0.466999 0.403019 0.36558 0.365075 0.367638 0.487938 0.344446 0.544338 0.605875 0.731387 0.381174 0.696973 0.303078 0.569003 0.385536 0.29528 0.548256 0.366888 0.334236 0.343717 0.434396 0.469004 0.370187 0.58401 0.464958 1.23136 0.55244 0.341834 0.283775 0.408457 0.656917 0.339408 0.338768 0.483971 0.308437 0.551154 0.328002 0.410884 0.494514 0.703646 0.363434 0.533525 0.598713 0.392714 1.25013 0.369407 0.482065 1.0417 0.32776 0.334203 0.58837 0.338117 0.743195 0.550723 0.291116 0.536556
Testing:
Lab Growth Rates:
0.5
Dot Production Prediction of Lab Growth Rates:
0.840566
Best performance so far: 
Obj: 4.65801e-310Rho: 6.5069e-314Diff: 4.65801e-310
Test:
 Lab Growth Rates:
0.5Dot Product Prediction of Growth Rate:
0.8405663