seed =  5 traits =  1 
Training: part  226 
Training: part  226 
Round  1 
 Goal of obj  0.99 
Temperature range:  0.00390625 7.8125e-14 
Cycle 1Round 1
Iter 500000 pBad 0.838989 T 0.00113976 Obj 1.0735 Rho 0 GRdif 41.5606 success 146512 failure 10876 obj_new 1.0735 SA_pAcc 1.09991 Delta 0.0458175 SA_r 0.596539 freedomratio 0.382008
Iter 1000000 pBad 0.769463 T 0.000332555 Obj 1.03938 Rho 0 GRdif 22.6317 success 289272 failure 29590 obj_new 1.03938 SA_pAcc 1.16721 Delta 0.0386725 SA_r 0.980381 freedomratio 0.364201
Iter 1500000 pBad 0.7314 T 9.70321e-05 Obj 1.02379 Rho 0 GRdif 13.7795 success 428940 failure 55758 obj_new 1.02379 SA_pAcc 0.938257 Delta -0.00698205 SA_r 0.513845 freedomratio 0.365109
Iter 2000000 pBad 0.606967 T 2.83118e-05 Obj 1.01943 Rho 0 GRdif 11.2759 success 566839 failure 86024 obj_new 1.01943 SA_pAcc 0.94728 Delta 0.0362778 SA_r 0.129814 freedomratio 0.361505
Iter 2500000 pBad 0.485397 T 8.26073e-06 Obj 1.01499 Rho 0 GRdif 8.72076 success 698905 failure 126389 obj_new 1.01499 SA_pAcc 0.892969 Delta 0.0238179 SA_r 0.658751 freedomratio 0.357972
Iter 3000000 pBad 0.308512 T 2.41029e-06 Obj 1.01164 Rho 0 GRdif 6.78155 success 816342 failure 194059 obj_new 1.01164 SA_pAcc 1 Delta -0.0125116 SA_r 0.0061689 freedomratio 0.350269
Iter 3500000 pBad 0.214776 T 7.03269e-07 Obj 1.0102 Rho 0 GRdif 5.94482 success 912655 failure 305664 obj_new 1.0102 SA_pAcc 1 Delta -0.00636057 SA_r 0.205453 freedomratio 0.3234
Iter 4000000 pBad 0.106268 T 2.05198e-07 Obj 1.00933 Rho 0 GRdif 5.57447 success 983424 failure 472738 obj_new 1.00956 SA_pAcc 0 Delta -0.00610613 SA_r 0.141709 freedomratio 0.289526
Iter 4500000 pBad 0.0397654 T 5.98721e-08 Obj 1.00906 Rho 0 GRdif 5.28528 success 1022941 failure 716230 obj_new 1.00906 SA_pAcc 0.018753 Delta -0.00373539 SA_r 0.102166 freedomratio 0.247257
Iter 5000000 pBad 0.0226558 T 1.74693e-08 Obj 1.00897 Rho 0 GRdif 5.23192 success 1046042 failure 1009578 obj_new 1.00897 SA_pAcc 0.0149281 Delta 0.000620586 SA_r 0.868976 freedomratio 0.228371
Iter 5500000 pBad 0.0147954 T 5.09715e-09 Obj 1.00892 Rho 0 GRdif 5.20361 success 1060334 failure 1335607 obj_new 1.00892 SA_pAcc 1.17108e-187 Delta 0.00126994 SA_r 0.848573 freedomratio 0.214967
Iter 6000000 pBad 0.00669009 T 1.48723e-09 Obj 1.00889 Rho 0 GRdif 5.18789 success 1068496 failure 1683908 obj_new 1.00889 SA_pAcc 5.32072e-19 Delta 0.00046942 SA_r 0.488097 freedomratio 0.206048
Iter 6500000 pBad 0.00276508 T 4.33941e-10 Obj 1.00888 Rho 0 GRdif 5.18035 success 1073640 failure 2047001 obj_new 1.00888 SA_pAcc 1 Delta -0.000156721 SA_r 0.591853 freedomratio 0.199523
Iter 7000000 pBad 0.00217589 T 1.26614e-10 Obj 1.00887 Rho 0 GRdif 5.1774 success 1076822 failure 2419319 obj_new 1.00887 SA_pAcc 0 Delta 0.000194942 SA_r 0.90882 freedomratio 0.195725
Iter 7500000 pBad 0.0012663 T 3.69431e-11 Obj 1.00887 Rho 0 GRdif 5.17532 success 1079562 failure 2796589 obj_new 1.00887 SA_pAcc 1 Delta 9.18993e-05 SA_r 0.990044 freedomratio 0.19232
Iter 8000000 pBad 0.000193791 T 1.07792e-11 Obj 1.00887 Rho 0 GRdif 5.17382 success 1082173 failure 3181023 obj_new 1.00887 SA_pAcc 4.93918e-35 Delta -1.08234e-05 SA_r 0.143791 freedomratio 0.18722
Iter 8500000 pBad 0.000153511 T 3.14512e-12 Obj 1.00887 Rho 0 GRdif 5.17582 success 1084865 failure 3574134 obj_new 1.00887 SA_pAcc 0 Delta -1.39235e-05 SA_r 0.736049 freedomratio 0.181875
Iter 9000000 pBad 0.000341557 T 9.17673e-13 Obj 1.00887 Rho 0 GRdif 5.17251 success 1087092 failure 3968068 obj_new 1.00887 SA_pAcc 1 Delta -1.61504e-05 SA_r 0.649547 freedomratio 0.180864
Iter 9500000 pBad 1.23107e-17 T 2.67756e-13 Obj 1.00887 Rho 0 GRdif 5.17473 success 1090299 failure 4310810 obj_new 1.00887 SA_pAcc 0 Delta -1.08681e-18 SA_r 0.414224 freedomratio 0.172556
Iter 10000000 pBad 1.66879e-51 T 7.81252e-14 Obj 1.00887 Rho 0 GRdif 5.17241 success 1090299 failure 4625560 obj_new 1.00887 SA_pAcc 1 Delta -1.44344e-52 SA_r 0.95449 freedomratio 0.171095
Cannot move further
iter 9.42587e+06 obj1.00887 rho 0 GRdif 5.17241
Training:
Lab Growth Rates:
0.41 0.32 0.47 0.377 0.45 0.6 0.27 0.56 0.23 0.55 0.41 0.6 0.47 0.54 0.1 0.59 0.41 0.09 0.465 0.54 0.41 0.5 0.22 0.48 0.4 0.5 0.4 0.68 0.4 0.37 0.47 0.58 0.637 0.65 0.59 0.65 1.483 0.42 0.36 1.67 0.53 0.38 1.46 0.481 0.41 0.4 1.483 1.483 0.52 0.54 1.46 0.56 0.48 0.636 0.58 0.45 0.43 0.6 0.23 0.43 0.33 0.42 1.345 0.56 0.41 0.1 0.54 0.4 0.42 0.377 0.55 0.52 0.55 0.58 0.37 0.58 0.4 0.46 0.54 0.1 0.22 0.58 0.47 1.483 0.4 0.68 0.59 0.25 0.45 0.56 0.43 0.47 0.3 0.27 0.33 1.248 1.43 0.26 0.27 0.47 0.5 0.46 1.05 0.37 0.2 0.11 0.59 0.4 0.65 0.43 0.46 0.45 0.43 1.43 0.48 0.47 0.4 0.39 0.6 0.686 0.42 0.48 0.56 0.58 0.4 0.46 0.54 0.55 0.45 0.3 0.54 0.54 0.48 0.37 0.58 0.1 0.33 0.37 0.65 0.23 0.42 0.22 0.301 0.5 1.345 1.483 0.45 0.43 0.54 0.47 0.4 0.34 0.46 0.32 0.65 0.38 0.58 1.483 0.58 0.25 0.48 0.42 0.54 0.31 0.23 0.41 0.4 1.248 0.42 0.53 1.05 0.377 1.483 1.05 1.483 0.4 0.25 0.46 0.47 1.38 1.248 0.5 0.3 0.27 0.5 0.46 0.45 0.648 0.25 0.36 0.58 0.45 0.31 0.19 0.901 0.47 0.4 0.1 0.4 0.54 0.54 0.11 0.38 0.38 0.33 0.3 1.05 0.762 0.4 0.637 0.47 0.43 0.58 0.36 0.46 0.485 0.54 0.59 0.46 0.43 0.1 0.19 0.4 0.5 0.54 0.36 0.51 0.5 0.59 0.39 0.485 0.37 0.53 0.301 0.52 1.345 0.49 0.4 0.42 1.46 0.53 0.4 0.65 0.42 0.58 0.3 0.3 0.59 0.25 0.39 0.762 0.4 0.4 0.4 0.5 1.05 0.37 0.47 0.56 0.4 0.635 1.4 0.27 0.36 0.11 0.55 0.4 0.46 0.45 0.4 0.648 0.3 0.4 0.39 0.476 0.39 0.54 0.47 0.4 0.5 0.476 0.54 0.5 1.44 0.7 0.45 0.47 0.5 1.483 0.52 0.5 0.37 0.26 0.45 0.43 0.42 0.23 0.45 0.39 0.58 0.53 0.14 0.58 0.7 0.53 0.22 0.4 0.46 0.54 0.46 0.45 0.686 1.345 0.36 1.248 0.53 0.5 0.5 0.636 0.47 0.724 0.51 0.42 0.46 0.43 0.901 0.2 0.4 0.5 0.46 0.59 0.43 0.65 0.37 0.68 0.25 0.58 0.37 0.47 0.5 1.345 0.23 0.45 0.53 0.59 0.58 0.27 0.52 0.4 0.4 0.3 0.47 1.483 0.4 0.4 1.345 0.1 0.52 0.23 0.65 0.46 0.4 0.4 0.42 0.3 0.42 0.7 0.56 1.345 0.5 0.46 0.25 0.53 0.59 0.45 1.345 0.635 1.483 0.47 0.58 0.34 0.4 0.3 0.42 0.4 0.901 0.68 0.5 0.22 0.46 1.345 0.648 0.55 0.09 0.5 0.59 0.22 0.33 0.55 0.55 0.38 0.58 0.636 0.4 0.46 0.1 0.56 0.36 0.59 0.4 0.41 1.67 0.5 0.3 0.47 0.56 0.465 0.4 0.47 1.66 0.53 0.4 0.36 0.56 0.2 0.5 0.4 0.55 0.17 0.4 0.5 0.4 0.481 0.4 0.5 0.37 0.4 0.3 0.33 0.762 0.481 0.4 0.26 0.53 0.5 0.4 0.49 0.5 0.54 0.54 0.34 1.345 0.56 0.3 0.71 0.724 0.46 0.56 0.54 1.03 0.52 0.5 0.42 0.25 0.55 0.59 0.476 0.54 0.4 0.59 0.37 0.52 0.7 0.5 0.485 0.465 1.49 0.33 0.59 0.71 0.37 0.47 0.56 0.3 1.66 0.637 0.52 0.47 0.635 0.47 0.1 0.48 0.53 0.901 0.4 0.53 0.901 0.37 0.4 0.36 0.54 0.54 0.42 0.37 0.17 0.4 0.23 0.41 0.55 0.48 0.49 0.5 0.4 0.4 0.56 0.59 0.23 1.35 0.54 0.17 0.37 0.724 0.58 0.4 1.345 0.43 0.4 0.4 0.5 0.5 1.42 0.4 1.248 0.31 0.45 0.54 0.52 0.54 0.42 0.68 0.55 0.5 0.56 0.901 0.32 0.58 1.345 0.617 0.4 0.14 0.33 0.22 0.65 0.46 0.4 0.5 0.52 0.71 0.54 0.4 0.19 0.52 0.4 0.46 1.483 0.53 0.686 0.09 0.51 0.58 0.33 0.301 0.56 1.46 0.47 0.22 0.42 0.56 0.54 0.762 0.485 0.53 0.56 0.5 0.4 0.48
Dot Production Prediction of Lab Growth Rates:
0.366501 0.36375 0.348029 0.480659 1.48978 0.497842 0.296915 0.558707 0.440849 0.553854 0.347955 0.519983 0.427284 0.37552 1.52401 0.298457 0.36816 0.428207 0.488536 0.544008 0.483923 0.546277 0.46995 0.352676 0.398249 0.573948 0.412459 0.454134 0.409572 0.425414 0.400213 0.47546 0.653842 0.66284 0.548416 0.649988 1.01178 0.353523 0.342689 1.5499 0.320323 0.312426 1.57079 0.486723 0.484931 0.400069 0.983843 1.02857 0.33942 0.379531 1.03978 0.528883 0.343676 0.661363 0.354778 0.371139 0.351989 0.50282 0.543122 0.395099 0.470006 0.343697 1.05851 0.481935 0.321201 0.42114 0.451268 0.400723 0.332591 0.480149 0.544693 0.378195 0.548804 0.481288 0.435029 0.479182 0.408883 0.370799 0.538113 1.40821 0.341515 0.468722 0.448823 1.04953 0.399964 0.452489 0.317168 0.317543 0.350973 0.47924 0.379948 0.339376 0.292586 0.333691 0.319287 0.874811 1.30614 0.441331 0.541009 0.348618 0.657393 0.417175 1.05012 0.3077 0.355017 0.361213 0.54939 0.412485 0.654282 0.368842 0.460301 1.52041 0.432194 1.29011 0.306144 0.452032 0.406736 0.31145 0.506093 0.672191 0.350146 0.324714 0.533347 0.358846 0.40047 0.46928 0.375068 0.435509 0.344488 0.46993 0.348152 0.4368 0.33675 0.43918 0.471026 1.68695 0.44234 0.419777 0.640511 0.53985 0.328856 0.372693 0.48261 0.471436 1.04625 0.995679 0.367356 0.418472 0.352892 0.382576 0.405405 0.329227 0.452455 0.318884 0.651368 0.362772 0.380512 1.0246 0.380742 0.482198 0.299052 0.337378 0.547741 0.52195 0.542536 0.376681 0.399047 0.868399 0.376367 0.531632 1.59642 0.480696 1.01572 1.05191 1.00968 0.404383 1.55082 0.38339 0.349658 1.35464 0.885552 0.325981 0.383746 0.37819 0.336374 0.471763 1.49905 0.66078 0.362902 0.360233 0.472521 0.396511 0.525248 0.322927 0.901023 0.356389 0.411292 1.44552 0.389228 0.442518 0.457257 0.369295 0.319578 0.354971 0.326056 0.479482 1.05 0.817784 0.408557 0.654702 0.359538 0.346272 0.355869 0.350211 0.309517 0.485114 0.361109 0.320243 0.464004 0.386326 0.757795 0.325406 0.405065 0.463112 0.349356 0.398676 0.389708 0.340698 0.543625 0.314097 0.484984 0.385141 0.359739 0.478299 0.374088 1.04892 0.389777 0.325092 0.30067 1.02905 0.494789 0.410135 0.66376 0.322105 0.340696 0.488033 0.471803 0.383399 0.744762 0.326894 0.823278 0.403223 0.409267 0.398559 0.364776 1.00506 0.376007 0.353934 0.541905 0.411458 0.662254 1.59354 0.359363 0.333105 0.333867 0.546876 0.401775 0.297609 0.404999 0.411035 0.655128 0.519649 0.404266 0.336357 0.49046 0.30372 0.390357 0.351997 0.399137 0.567735 0.492119 0.309985 0.480461 1.53956 0.705898 0.394651 0.38632 0.541435 1.02998 0.353133 0.478381 0.433545 0.524575 0.341928 0.362507 0.526524 0.535132 1.59369 0.310861 0.469001 0.284279 0.346444 0.452214 0.698708 0.363731 0.46172 0.412069 0.32588 0.307078 0.482665 0.368197 0.667614 1.05362 0.352943 0.87518 0.401092 0.636455 0.370608 0.666072 0.459935 0.667466 0.377567 0.311866 0.340151 0.355959 0.901 0.385762 0.402861 0.358126 0.460749 0.371444 0.414594 0.628411 0.384829 0.457425 0.344571 0.471218 0.438342 0.309817 0.673426 1.04018 0.44066 1.56208 0.531033 0.536474 0.329137 0.36609 0.350387 0.410347 0.408014 0.358316 0.388505 1.03197 0.406503 0.410113 1.03478 1.37134 0.346412 0.440623 0.6479 0.465605 0.408318 0.401193 0.53196 0.294793 0.341502 0.708059 0.552255 0.991165 0.328264 0.423547 0.4828 0.540572 0.542549 1.61042 1.00224 0.662674 0.978399 0.350487 0.470727 0.343818 0.401881 0.325162 0.341893 0.408773 0.848536 0.456687 0.578662 0.408915 0.414025 0.995275 0.662141 0.459278 0.338448 0.32241 0.541437 0.474321 0.340014 0.550166 0.544361 0.320938 0.46649 0.671253 0.403034 0.356267 0.420561 0.55088 0.357592 0.543369 0.408347 0.478465 1.55761 0.4773 0.440816 0.357379 0.48476 0.485133 0.41053 0.382156 1.66 0.448053 0.4082 0.338336 0.471171 0.368202 0.548832 0.399078 0.452484 0.319753 0.406262 0.339592 0.407844 0.48732 0.401305 0.6426 0.42094 0.401487 0.298846 0.358976 0.832129 0.486528 0.397142 0.365458 0.533241 0.3987 0.411967 0.369196 0.361787 0.333556 0.356661 0.320704 1.01885 0.47109 0.399928 0.674869 0.67362 0.40177 0.540961 0.435061 1.40422 0.374965 0.528899 0.322223 0.359554 0.4522 0.343415 0.489747 0.550235 0.397914 0.334479 0.429039 0.389895 0.709355 0.326121 0.483554 0.490386 1.59369 0.325905 0.30861 0.668177 0.423836 0.357732 0.534041 0.508295 1.63745 0.656505 0.378401 0.397672 0.665515 0.38153 0.347292 0.298563 0.392396 0.903031 0.412208 0.327647 0.903346 0.432374 0.318984 0.404359 0.374478 0.391112 0.548877 0.505307 0.39396 0.411535 0.536098 0.362576 0.45264 0.346691 0.364237 0.598135 0.395886 0.408135 0.541814 0.337129 0.540044 1.21284 0.540422 0.326101 0.39381 0.672513 0.47951 0.41074 1.07604 0.401658 0.407273 0.412749 0.641946 0.531928 1.58642 0.410963 0.874431 0.527711 1.51339 0.552755 0.364003 0.537689 0.310143 0.458057 0.45503 0.670781 0.471323 0.900997 0.331524 0.308119 1.05585 0.724611 0.397667 0.344331 0.416527 0.478003 0.617134 0.365167 0.40975 0.478534 0.357936 0.668103 0.371269 0.408044 0.333744 0.344163 0.406737 0.49355 0.996744 0.527716 0.671788 0.371444 0.408775 0.337092 0.354264 0.479732 0.540086 1.01442 0.365114 0.468694 0.338465 0.530083 0.451238 0.842678 0.489604 0.528815 0.540803 0.587596 0.409225 0.297863
Testing:
Lab Growth Rates:
0.45 0.45 0.45
Dot Production Prediction of Lab Growth Rates:
0.298724 0.323297 0.314665
Best performance so far: 
Obj: 4.64319e-310Rho: 2.26291e-314Diff: 4.64319e-310
Anneal again with the best G and E so far as input
Cycle 2Round 1
Iter 500000 pBad 0.819485 T 0.00113976 Obj 1.06605 Rho 0 GRdif 37.4785 success 117538 failure 11022 obj_new 1.06605 SA_pAcc 0.728564 Delta -0.06759 SA_r 0.57896 freedomratio 0.283092
Iter 1000000 pBad 0.751022 T 0.000332555 Obj 1.0349 Rho 0 GRdif 20.1037 success 231848 failure 29055 obj_new 1.0349 SA_pAcc 0.883008 Delta 0.00980054 SA_r 0.00826555 freedomratio 0.285436
Iter 1500000 pBad 0.672262 T 9.70321e-05 Obj 1.02618 Rho 0 GRdif 15.1421 success 343367 failure 53807 obj_new 1.02618 SA_pAcc 1 Delta 0.0422376 SA_r 0.865233 freedomratio 0.282274
Iter 2000000 pBad 0.516553 T 2.83118e-05 Obj 1.02145 Rho 0 GRdif 12.4371 success 451664 failure 87179 obj_new 1.02145 SA_pAcc 0.517555 Delta -0.0395924 SA_r 0.063125 freedomratio 0.279714
Iter 2500000 pBad 0.39826 T 8.26073e-06 Obj 1.01845 Rho 0 GRdif 10.7142 success 557855 failure 124589 obj_new 1.01845 SA_pAcc 1.31226 Delta 0.0144705 SA_r 0.854832 freedomratio 0.26758
Iter 3000000 pBad 0.284784 T 2.41029e-06 Obj 1.01364 Rho 0 GRdif 7.9387 success 651717 failure 186572 obj_new 1.01364 SA_pAcc 1 Delta 0.0256314 SA_r 0.76588 freedomratio 0.263845
Iter 3500000 pBad 0.259733 T 7.03269e-07 Obj 1.01028 Rho 0 GRdif 5.99456 success 737755 failure 267708 obj_new 1.01028 SA_pAcc 0.942215 Delta 0.0153171 SA_r 0.498874 freedomratio 0.26278
Iter 4000000 pBad 0.14011 T 2.05198e-07 Obj 1.00889 Rho 0 GRdif 5.2117 success 807277 failure 386788 obj_new 1.00893 SA_pAcc 5.30425e-93 Delta -0.00368397 SA_r 0.0401505 freedomratio 0.241152
Iter 4500000 pBad 0.0513994 T 5.98721e-08 Obj 1.00841 Rho 0 GRdif 4.90679 success 850431 failure 576758 obj_new 1.00841 SA_pAcc 1.29569e-08 Delta -0.00374261 SA_r 0.664589 freedomratio 0.209585
Iter 5000000 pBad 0.0275644 T 1.74693e-08 Obj 1.00817 Rho 0 GRdif 4.76751 success 876164 failure 824832 obj_new 1.00817 SA_pAcc 0.0162886 Delta 0.00208254 SA_r 0.408929 freedomratio 0.189276
Iter 5500000 pBad 0.0138559 T 5.09715e-09 Obj 1.0081 Rho 0 GRdif 4.72623 success 892325 failure 1115823 obj_new 1.0081 SA_pAcc 1.05497e-34 Delta -0.000686189 SA_r 0.0436114 freedomratio 0.173322
Iter 6000000 pBad 0.00561461 T 1.48723e-09 Obj 1.00808 Rho 0 GRdif 4.7269 success 900213 failure 1440355 obj_new 1.0081 SA_pAcc 0 Delta -0.000207862 SA_r 0.862663 freedomratio 0.16719
Iter 6500000 pBad 0.0028611 T 4.33941e-10 Obj 1.00807 Rho 0 GRdif 4.71111 success 905437 failure 1776674 obj_new 1.00807 SA_pAcc 0 Delta 9.1141e-05 SA_r 0.652943 freedomratio 0.165163
Iter 7000000 pBad 0.00358275 T 1.26614e-10 Obj 1.00807 Rho 0 GRdif 4.70801 success 910209 failure 2120769 obj_new 1.00807 SA_pAcc 1 Delta 5.80113e-05 SA_r 0.0610192 freedomratio 0.160241
Iter 7500000 pBad 0.0012576 T 3.69431e-11 Obj 1.00806 Rho 0 GRdif 4.71455 success 914381 failure 2478522 obj_new 1.00808 SA_pAcc 0 Delta 0.000110584 SA_r 0.294431 freedomratio 0.155727
Iter 8000000 pBad 0.000351361 T 1.07792e-11 Obj 1.00806 Rho 0 GRdif 4.70863 success 916477 failure 2844243 obj_new 1.00807 SA_pAcc 0 Delta -2.92987e-06 SA_r 0.957648 freedomratio 0.153887
Iter 8500000 pBad 0.00125159 T 3.14512e-12 Obj 1.00806 Rho 0 GRdif 4.70545 success 919138 failure 3216153 obj_new 1.00806 SA_pAcc 1 Delta -7.37901e-05 SA_r 0.784601 freedomratio 0.151109
Iter 9000000 pBad 0.00049234 T 9.17673e-13 Obj 1.00806 Rho 0 GRdif 4.70497 success 923349 failure 3594491 obj_new 1.00806 SA_pAcc 0 Delta -4.19136e-05 SA_r 0.358363 freedomratio 0.146317
Iter 9500000 pBad 6.3208e-89 T 2.67756e-13 Obj 1.00806 Rho 0 GRdif 4.71084 success 925370 failure 3918266 obj_new 1.00807 SA_pAcc 0 Delta 1.00302e-90 SA_r 0.697607 freedomratio 0.141103
Good enough
iter 9.19826e+06 obj1.00806 rho 0 GRdif 4.70495
Training:
Lab Growth Rates:
0.41 0.32 0.47 0.377 0.45 0.6 0.27 0.56 0.23 0.55 0.41 0.6 0.47 0.54 0.1 0.59 0.41 0.09 0.465 0.54 0.41 0.5 0.22 0.48 0.4 0.5 0.4 0.68 0.4 0.37 0.47 0.58 0.637 0.65 0.59 0.65 1.483 0.42 0.36 1.67 0.53 0.38 1.46 0.481 0.41 0.4 1.483 1.483 0.52 0.54 1.46 0.56 0.48 0.636 0.58 0.45 0.43 0.6 0.23 0.43 0.33 0.42 1.345 0.56 0.41 0.1 0.54 0.4 0.42 0.377 0.55 0.52 0.55 0.58 0.37 0.58 0.4 0.46 0.54 0.1 0.22 0.58 0.47 1.483 0.4 0.68 0.59 0.25 0.45 0.56 0.43 0.47 0.3 0.27 0.33 1.248 1.43 0.26 0.27 0.47 0.5 0.46 1.05 0.37 0.2 0.11 0.59 0.4 0.65 0.43 0.46 0.45 0.43 1.43 0.48 0.47 0.4 0.39 0.6 0.686 0.42 0.48 0.56 0.58 0.4 0.46 0.54 0.55 0.45 0.3 0.54 0.54 0.48 0.37 0.58 0.1 0.33 0.37 0.65 0.23 0.42 0.22 0.301 0.5 1.345 1.483 0.45 0.43 0.54 0.47 0.4 0.34 0.46 0.32 0.65 0.38 0.58 1.483 0.58 0.25 0.48 0.42 0.54 0.31 0.23 0.41 0.4 1.248 0.42 0.53 1.05 0.377 1.483 1.05 1.483 0.4 0.25 0.46 0.47 1.38 1.248 0.5 0.3 0.27 0.5 0.46 0.45 0.648 0.25 0.36 0.58 0.45 0.31 0.19 0.901 0.47 0.4 0.1 0.4 0.54 0.54 0.11 0.38 0.38 0.33 0.3 1.05 0.762 0.4 0.637 0.47 0.43 0.58 0.36 0.46 0.485 0.54 0.59 0.46 0.43 0.1 0.19 0.4 0.5 0.54 0.36 0.51 0.5 0.59 0.39 0.485 0.37 0.53 0.301 0.52 1.345 0.49 0.4 0.42 1.46 0.53 0.4 0.65 0.42 0.58 0.3 0.3 0.59 0.25 0.39 0.762 0.4 0.4 0.4 0.5 1.05 0.37 0.47 0.56 0.4 0.635 1.4 0.27 0.36 0.11 0.55 0.4 0.46 0.45 0.4 0.648 0.3 0.4 0.39 0.476 0.39 0.54 0.47 0.4 0.5 0.476 0.54 0.5 1.44 0.7 0.45 0.47 0.5 1.483 0.52 0.5 0.37 0.26 0.45 0.43 0.42 0.23 0.45 0.39 0.58 0.53 0.14 0.58 0.7 0.53 0.22 0.4 0.46 0.54 0.46 0.45 0.686 1.345 0.36 1.248 0.53 0.5 0.5 0.636 0.47 0.724 0.51 0.42 0.46 0.43 0.901 0.2 0.4 0.5 0.46 0.59 0.43 0.65 0.37 0.68 0.25 0.58 0.37 0.47 0.5 1.345 0.23 0.45 0.53 0.59 0.58 0.27 0.52 0.4 0.4 0.3 0.47 1.483 0.4 0.4 1.345 0.1 0.52 0.23 0.65 0.46 0.4 0.4 0.42 0.3 0.42 0.7 0.56 1.345 0.5 0.46 0.25 0.53 0.59 0.45 1.345 0.635 1.483 0.47 0.58 0.34 0.4 0.3 0.42 0.4 0.901 0.68 0.5 0.22 0.46 1.345 0.648 0.55 0.09 0.5 0.59 0.22 0.33 0.55 0.55 0.38 0.58 0.636 0.4 0.46 0.1 0.56 0.36 0.59 0.4 0.41 1.67 0.5 0.3 0.47 0.56 0.465 0.4 0.47 1.66 0.53 0.4 0.36 0.56 0.2 0.5 0.4 0.55 0.17 0.4 0.5 0.4 0.481 0.4 0.5 0.37 0.4 0.3 0.33 0.762 0.481 0.4 0.26 0.53 0.5 0.4 0.49 0.5 0.54 0.54 0.34 1.345 0.56 0.3 0.71 0.724 0.46 0.56 0.54 1.03 0.52 0.5 0.42 0.25 0.55 0.59 0.476 0.54 0.4 0.59 0.37 0.52 0.7 0.5 0.485 0.465 1.49 0.33 0.59 0.71 0.37 0.47 0.56 0.3 1.66 0.637 0.52 0.47 0.635 0.47 0.1 0.48 0.53 0.901 0.4 0.53 0.901 0.37 0.4 0.36 0.54 0.54 0.42 0.37 0.17 0.4 0.23 0.41 0.55 0.48 0.49 0.5 0.4 0.4 0.56 0.59 0.23 1.35 0.54 0.17 0.37 0.724 0.58 0.4 1.345 0.43 0.4 0.4 0.5 0.5 1.42 0.4 1.248 0.31 0.45 0.54 0.52 0.54 0.42 0.68 0.55 0.5 0.56 0.901 0.32 0.58 1.345 0.617 0.4 0.14 0.33 0.22 0.65 0.46 0.4 0.5 0.52 0.71 0.54 0.4 0.19 0.52 0.4 0.46 1.483 0.53 0.686 0.09 0.51 0.58 0.33 0.301 0.56 1.46 0.47 0.22 0.42 0.56 0.54 0.762 0.485 0.53 0.56 0.5 0.4 0.48
Dot Production Prediction of Lab Growth Rates:
0.372727 0.357229 0.332 0.551921 1.38605 0.589935 0.274583 0.55493 0.439861 0.558343 0.338433 0.633907 0.43049 0.384471 1.3195 0.305158 0.400156 0.44813 0.563697 0.53721 0.558081 0.552903 0.472268 0.353804 0.380186 0.723532 0.392996 0.269509 0.388828 0.4158 0.420229 0.468894 0.673784 0.670729 0.555464 0.649979 1.3548 0.35023 0.349793 1.36373 0.320536 0.286578 1.43427 0.56177 0.558157 0.393842 1.28996 1.32931 0.342529 0.398223 1.07079 0.529626 0.358176 0.694297 0.389591 0.388057 0.344414 0.615981 0.542047 0.381022 0.508597 0.329798 1.3731 0.470164 0.321353 0.435506 0.464601 0.377339 0.335602 0.554898 0.547274 0.380448 0.554677 0.470588 0.427773 0.472879 0.389197 0.37585 0.536612 1.16789 0.351126 0.465054 0.448487 1.34873 0.395944 0.269416 0.318805 0.307472 0.339644 0.463479 0.368413 0.348963 0.299809 0.319952 0.31963 0.859221 1.12824 0.467864 0.597566 0.353839 0.806063 0.421335 1.05059 0.285885 0.341408 0.361743 0.546363 0.393798 0.658947 0.368472 0.460659 1.42186 0.44605 1.12336 0.312731 0.452305 0.388261 0.304177 0.609997 0.692189 0.342056 0.294016 0.542862 0.348533 0.397537 0.535903 0.338166 0.445715 0.347255 0.568202 0.360205 0.449871 0.345506 0.426747 0.47138 1.40617 0.486472 0.430363 0.64998 0.544654 0.319962 0.38934 0.558351 0.459964 1.3342 1.30339 0.353926 0.41429 0.380352 0.394164 0.382917 0.338384 0.452489 0.32 0.652878 0.379603 0.397588 1.3254 0.381802 0.503892 0.271015 0.320259 0.53569 0.612735 0.550937 0.392544 0.393332 0.851177 0.394544 0.535985 1.41507 0.554471 1.30851 1.05 1.31953 0.383539 1.45273 0.406225 0.34293 1.3188 0.852013 0.331421 0.380321 0.368132 0.322126 0.463609 1.40494 0.670675 0.333383 0.360849 0.47119 0.387369 0.606479 0.308409 0.900615 0.351722 0.392293 1.38068 0.373997 0.456478 0.460063 0.386313 0.296103 0.379535 0.308088 0.58781 1.05 0.794521 0.388851 0.67717 0.356225 0.350179 0.374341 0.340097 0.304237 0.554633 0.338264 0.324531 0.470993 0.38974 0.999808 0.323138 0.401427 0.460091 0.333278 0.410693 0.402201 0.334947 0.54195 0.319264 0.562371 0.394184 0.376084 0.563012 0.398084 1.34694 0.397275 0.303125 0.289411 1.03995 0.536038 0.391417 0.672023 0.284742 0.356923 0.601629 0.571889 0.373872 0.985491 0.348495 0.795249 0.399963 0.386468 0.395577 0.357089 1.01422 0.388194 0.34766 0.549771 0.394823 0.678319 1.40119 0.363964 0.330684 0.331363 0.550996 0.397579 0.286916 0.409097 0.391873 0.664563 0.631158 0.383468 0.337054 0.562615 0.308253 0.358949 0.354507 0.373367 0.742026 0.560504 0.307353 0.467291 1.46925 0.751955 0.40426 0.383048 0.53957 1.34474 0.372781 0.468518 0.422392 0.588279 0.344043 0.353281 0.558122 0.544716 1.49426 0.297627 0.47545 0.28558 0.142518 0.449954 0.759672 0.383393 0.466743 0.392072 0.32786 0.287066 0.527324 0.342362 0.687456 1.36089 0.358653 0.854695 0.429082 0.79765 0.392017 0.684816 0.471821 0.684789 0.376557 0.297354 0.335714 0.335516 0.901 0.362279 0.379555 0.372943 0.460149 0.356475 0.421195 0.633504 0.397967 0.271447 0.347556 0.474718 0.429104 0.298122 0.842901 1.34693 0.440256 1.45298 0.529925 0.536885 0.304593 0.354879 0.35383 0.388812 0.386987 0.348569 0.388702 1.34485 0.402804 0.392283 1.34542 1.168 0.369536 0.440088 0.647073 0.473603 0.38664 0.394403 0.565557 0.29922 0.339948 0.744413 0.554347 1.30654 0.330902 0.434003 0.532454 0.543609 0.548161 1.49682 1.32075 0.681063 1.3041 0.339894 0.465852 0.340379 0.396664 0.304063 0.329611 0.388945 0.835498 0.27181 0.787586 0.436692 0.425727 1.30838 0.676432 0.466646 0.350265 0.337598 0.551674 0.481135 0.31857 0.558079 0.548805 0.299375 0.464761 0.689243 0.382034 0.344595 0.44409 0.54903 0.365705 0.540226 0.405788 0.548676 1.43872 0.469591 0.534934 0.363736 0.469323 0.563842 0.392463 0.386961 1.50481 0.468626 0.387065 0.321771 0.4636 0.366421 0.560225 0.396213 0.462685 0.307878 0.384758 0.349262 0.390371 0.559786 0.375525 0.816645 0.411521 0.397838 0.302465 0.362621 0.79946 0.559346 0.374696 0.395927 0.536779 0.451974 0.391699 0.39424 0.385906 0.336696 0.379741 0.31101 1.31618 0.466912 0.476726 0.687385 0.689545 0.392052 0.551341 0.450422 1.3253 0.393308 0.527478 0.324068 0.340161 0.461607 0.33618 0.561616 0.547496 0.389872 0.321471 0.417334 0.396028 0.755381 0.312502 0.553972 0.563706 1.49426 0.306966 0.301616 0.686434 0.41623 0.333734 0.541861 0.632179 1.48412 0.676179 0.371316 0.389395 0.680394 0.37217 0.334502 0.275525 0.424268 0.906153 0.391314 0.319325 0.902889 0.41819 0.29447 0.422656 0.387911 0.349575 0.583566 0.544872 0.416649 0.392565 0.544675 0.359304 0.464186 0.340469 0.380359 0.798875 0.384745 0.390419 0.552428 0.344682 0.547794 1.08406 0.533009 0.293573 0.42433 0.687796 0.463485 0.392421 1.38499 0.391703 0.385114 0.397364 0.831807 0.529098 1.50694 0.392124 0.849538 0.622825 1.41811 0.551875 0.356816 0.532306 0.312645 0.269836 0.465038 0.851716 0.467955 0.901 0.319989 0.290849 1.35111 0.567854 0.380817 0.139996 0.445087 0.477561 0.611614 0.342298 0.388857 0.477013 0.362978 0.681991 0.376909 0.391231 0.320999 0.349354 0.390856 0.551898 1.29567 0.53323 0.692159 0.384906 0.417409 0.335501 0.348319 0.56067 0.549371 1.05086 0.370198 0.469959 0.332948 0.527854 0.455217 0.801529 0.5624 0.529993 0.550772 0.765493 0.391929 0.300337
Testing:
Lab Growth Rates:
0.45 0.45 0.45
Dot Production Prediction of Lab Growth Rates:
0.295281 0.304378 0.333529
Best performance so far: 
Obj: 4.64319e-310Rho: 6.5069e-314Diff: 4.64319e-310
Test:
 Lab Growth Rates:
0.45 0.45 0.45Dot Product Prediction of Growth Rate:
0.2952813 0.3043779 0.3335295