seed =  5 traits =  1 
Training: part  223 
Training: part  223 
Round  1 
 Goal of obj  0.99 
Temperature range:  0.001953125 1.5625e-14 
Cycle 1Round 1
Iter 500000 pBad 0.814434 T 0.000544359 Obj 1.04724 Rho 0 GRdif 27.0468 success 145617 failure 12387 obj_new 1.04724 SA_pAcc 0.952546 Delta -0.0700755 SA_r 0.623658 freedomratio 0.370417
Iter 1000000 pBad 0.757468 T 0.000151719 Obj 1.02544 Rho 0 GRdif 14.7242 success 287666 failure 32996 obj_new 1.02544 SA_pAcc 1.15075 Delta -0.0439699 SA_r 0.868469 freedomratio 0.363298
Iter 1500000 pBad 0.639005 T 4.22858e-05 Obj 1.02006 Rho 0 GRdif 11.6406 success 428939 failure 55669 obj_new 1.02006 SA_pAcc 0.842356 Delta 0.0315693 SA_r 0.978878 freedomratio 0.371827
Iter 2000000 pBad 0.479217 T 1.17855e-05 Obj 1.01612 Rho 0 GRdif 9.37313 success 564647 failure 88719 obj_new 1.01612 SA_pAcc 1.14818 Delta -0.0243668 SA_r 0.472939 freedomratio 0.345723
Iter 2500000 pBad 0.381903 T 3.28476e-06 Obj 1.01181 Rho 0 GRdif 6.88167 success 688758 failure 143627 obj_new 1.01181 SA_pAcc 0.93962 Delta -0.00566397 SA_r 0.44466 freedomratio 0.343695
Iter 3000000 pBad 0.227982 T 9.155e-07 Obj 1.00885 Rho 0 GRdif 5.16221 success 796554 failure 232882 obj_new 1.00885 SA_pAcc 0.686963 Delta 0.000326807 SA_r 0.882365 freedomratio 0.334666
Iter 3500000 pBad 0.145453 T 2.5516e-07 Obj 1.00844 Rho 0 GRdif 4.92326 success 870728 failure 390175 obj_new 1.00844 SA_pAcc 1 Delta 0.0104493 SA_r 0.0189706 freedomratio 0.306325
Iter 4000000 pBad 0.0557184 T 7.1116e-08 Obj 1.00822 Rho 0 GRdif 4.79728 success 918718 failure 612083 obj_new 1.00822 SA_pAcc 1 Delta 0.000389456 SA_r 0.806161 freedomratio 0.255672
Iter 4500000 pBad 0.0221258 T 1.98208e-08 Obj 1.00814 Rho 0 GRdif 4.75068 success 946892 failure 892986 obj_new 1.00814 SA_pAcc 0.0759913 Delta -0.00111947 SA_r 0.466151 freedomratio 0.233095
Iter 5000000 pBad 0.0132989 T 5.52429e-09 Obj 1.00811 Rho 0 GRdif 4.75979 success 963398 failure 1212302 obj_new 1.00816 SA_pAcc 0 Delta 0.00126436 SA_r 0.755263 freedomratio 0.212473
Iter 5500000 pBad 0.00777123 T 1.53968e-09 Obj 1.00809 Rho 0 GRdif 4.72504 success 972301 failure 1559724 obj_new 1.0081 SA_pAcc 0 Delta 0.000193154 SA_r 0.272256 freedomratio 0.206048
Iter 6000000 pBad 0.00293463 T 4.29126e-10 Obj 1.00809 Rho 0 GRdif 4.72109 success 977670 failure 1920989 obj_new 1.00809 SA_pAcc 2.79317e-245 Delta -0.000260427 SA_r 0.843116 freedomratio 0.201375
Iter 6500000 pBad 0.00150711 T 1.19602e-10 Obj 1.00809 Rho 0 GRdif 4.72287 success 980602 failure 2290801 obj_new 1.00809 SA_pAcc 0 Delta 3.52963e-05 SA_r 0.984231 freedomratio 0.198308
Iter 7000000 pBad 0.00158002 T 3.33345e-11 Obj 1.00809 Rho 0 GRdif 4.71882 success 982285 failure 2665814 obj_new 1.00809 SA_pAcc 1 Delta 6.2437e-05 SA_r 0.154389 freedomratio 0.197041
Iter 7500000 pBad 0.00060803 T 9.2907e-12 Obj 1.00808 Rho 0 GRdif 4.7184 success 983595 failure 3042771 obj_new 1.00808 SA_pAcc 1 Delta -6.37817e-06 SA_r 0.653855 freedomratio 0.195594
Iter 8000000 pBad 0.000895716 T 2.58942e-12 Obj 1.00808 Rho 0 GRdif 4.71814 success 985031 failure 3422008 obj_new 1.00808 SA_pAcc 0 Delta -5.25388e-05 SA_r 0.00206996 freedomratio 0.194233
Iter 8500000 pBad 6.51715e-10 T 7.21702e-13 Obj 1.00808 Rho 0 GRdif 4.72186 success 989155 failure 3791540 obj_new 1.00809 SA_pAcc 0 Delta -2.03917e-11 SA_r 0.658112 freedomratio 0.182044
Iter 9000000 pBad 1.49543e-25 T 2.01146e-13 Obj 1.00808 Rho 0 GRdif 4.72461 success 991102 failure 4084470 obj_new 1.0081 SA_pAcc 0 Delta -5.50989e-27 SA_r 0.183653 freedomratio 0.181256
Iter 9500000 pBad 0 T 5.60617e-14 Obj 1.00808 Rho 0 GRdif 4.71788 success 991102 failure 4376015 obj_new 1.00808 SA_pAcc 1 Delta -0 SA_r 0.907263 freedomratio 0.171495
Iter 10000000 pBad 6.83958e-286 T 1.5625e-14 Obj 1.00808 Rho 0 GRdif 4.75093 success 991102 failure 4684425 obj_new 1.00814 SA_pAcc 0 Delta -1.30225e-288 SA_r 0.517618 freedomratio 0.0842559
Cannot move further
iter 8.68724e+06 obj1.00808 rho 0 GRdif 4.71788
Training:
Lab Growth Rates:
1.05 0.54 0.37 0.4 0.11 0.37 0.46 0.47 0.33 0.465 0.301 0.25 1.03 0.25 0.762 0.5 0.7 0.42 0.3 0.37 0.65 0.5 0.37 0.377 0.58 1.483 0.22 0.41 0.4 0.53 0.54 0.41 0.22 0.4 0.52 0.55 0.4 0.14 0.59 0.5 0.32 0.4 0.27 0.46 0.5 0.26 0.636 0.36 0.58 0.19 1.46 0.58 0.1 0.27 0.47 0.5 0.53 1.483 0.37 0.5 0.4 0.34 0.4 0.33 0.56 0.43 0.4 0.59 0.4 0.58 0.41 0.5 0.3 0.56 0.465 0.68 0.5 0.4 0.59 0.43 1.345 0.19 0.2 0.27 0.7 0.33 0.1 0.39 0.65 0.54 0.41 0.4 0.52 0.52 0.37 0.5 0.38 0.59 0.41 0.5 0.33 0.48 0.33 0.54 0.4 0.4 0.5 0.637 1.46 0.56 0.25 0.17 0.38 0.56 0.31 0.34 1.46 0.6 0.4 0.42 0.65 0.4 0.58 0.41 0.46 1.248 0.59 0.4 1.345 0.43 0.47 1.483 0.31 0.485 0.55 0.53 0.31 0.53 0.59 0.37 0.55 0.58 1.67 1.345 0.3 0.65 0.5 0.481 0.45 0.3 0.46 0.22 0.46 1.483 0.55 0.3 0.4 0.54 0.3 0.4 0.4 0.4 0.5 0.54 0.45 0.686 0.09 0.4 0.301 0.56 0.58 0.42 0.45 0.42 0.4 0.4 0.45 0.47 0.53 0.54 0.45 0.43 0.41 0.46 0.45 0.4 1.35 0.58 1.483 0.45 0.56 0.39 0.52 0.59 0.65 0.23 1.345 0.58 0.37 0.25 0.54 0.37 0.51 0.45 0.4 0.42 1.43 0.47 0.53 0.4 0.47 0.37 0.22 0.485 0.901 1.67 0.53 0.5 0.1 0.4 1.66 0.45 0.45 0.39 0.47 0.53 0.4 0.48 0.41 0.46 0.1 0.635 0.5 0.54 0.52 0.37 0.5 0.4 1.483 0.37 0.901 0.55 0.4 0.377 0.52 0.47 0.648 0.4 0.58 1.345 0.4 0.46 0.54 0.5 0.36 0.46 0.46 0.58 0.09 0.42 0.46 0.55 0.46 0.724 0.476 0.55 0.4 1.38 0.23 1.248 0.47 0.52 0.46 0.4 0.54 0.53 0.25 0.43 0.33 0.14 0.47 0.58 0.36 0.36 0.54 0.901 0.32 0.43 0.724 0.22 0.901 0.6 0.4 0.48 0.45 0.48 0.54 0.5 0.42 0.54 0.4 0.5 0.55 0.4 0.23 0.5 0.5 0.901 0.54 0.22 0.4 0.4 0.465 0.5 0.48 0.1 0.54 0.5 0.58 0.481 0.48 0.36 0.53 0.49 0.5 0.47 0.52 0.54 0.54 1.05 0.59 0.52 0.42 0.59 0.43 0.09 0.36 0.4 0.47 0.636 0.45 0.42 0.47 0.56 0.23 1.05 0.4 0.39 0.3 0.49 0.5 0.2 0.42 0.36 0.3 0.46 0.635 1.248 0.32 0.48 0.1 0.48 0.617 0.4 0.26 0.46 0.56 0.3 0.53 0.5 0.59 0.5 0.45 0.58 0.762 0.4 0.11 0.3 0.4 0.4 0.2 0.4 0.55 0.59 0.65 0.41 0.54 0.37 0.51 0.54 1.345 0.17 1.483 0.7 0.901 0.56 0.34 0.54 0.43 0.1 0.58 0.23 1.345 0.762 0.53 0.5 0.54 1.4 0.648 1.66 0.53 0.54 0.1 0.55 0.5 0.71 0.724 0.59 0.46 0.65 0.4 1.43 0.68 0.53 0.4 0.58 0.4 0.45 0.68 1.248 0.4 0.686 0.58 0.37 1.345 0.38 0.54 0.23 0.5 1.345 0.48 0.33 0.47 0.56 1.05 0.47 0.56 0.3 0.4 0.58 0.46 0.45 1.248 0.26 0.42 0.635 0.4 0.33 0.43 0.4 0.47 0.45 0.19 0.25 0.4 0.37 1.483 0.25 0.56 0.65 0.5 0.1 0.59 0.47 0.762 0.36 0.45 0.33 0.3 0.59 0.45 0.52 0.42 1.345 0.56 0.4 1.05 0.51 0.485 1.483 0.476 0.4 0.636 0.27 0.59 0.56 0.37 0.36 0.637 0.3 0.6 0.4 1.483 0.42 0.38 0.481 0.45 0.3 0.43 0.42 0.4 0.38 0.55 0.5 1.42 0.71 0.58 0.53 0.23 0.5 0.637 0.27 0.648 0.4 0.54 0.6 1.46 0.7 0.54 0.65 1.483 0.54 0.4 0.42 0.58 0.23 0.55 0.47 0.27 0.25 0.43 0.52 0.56 0.23 0.68 0.17 0.39 0.52 0.686 0.46 0.46 0.11 0.56 0.56 0.49 1.345 0.4 0.22 0.4 0.47 0.43 0.68 0.54 0.4 1.483 0.42 1.44 0.47 0.301 1.49 0.46 0.377 0.42 0.39 0.47 0.59 0.46 1.345 0.22 0.5 0.476 0.42 0.56 0.485 0.71 0.58
Dot Production Prediction of Lab Growth Rates:
1.05094 0.344391 0.448571 0.399667 0.325527 0.32681 0.559499 0.409843 0.366046 0.472866 0.464183 0.312428 1.39346 0.553521 0.912806 0.651164 0.69816 0.39023 0.384892 0.41124 0.626486 0.478421 0.409839 0.466131 0.480911 1.09516 0.463204 0.457271 0.40126 0.528553 0.383116 0.330556 0.466812 0.404016 0.376327 0.440504 0.399547 0.137671 0.554728 0.643681 0.320274 0.400687 0.397159 0.389922 0.468757 0.575936 0.721563 0.406992 0.483259 0.319331 1.01465 0.378502 0.806369 0.345939 0.500193 0.635985 0.312759 1.07557 0.395411 0.391902 0.402697 0.337561 0.399222 0.436116 0.548287 0.444774 0.40026 0.548304 0.399874 0.473209 0.334667 0.314152 0.342847 0.483836 0.47454 0.496423 0.491684 0.391344 0.382802 0.373279 1.12791 0.332227 0.418074 0.386448 0.699973 0.328074 0.46829 0.366357 0.649889 0.540052 0.387895 0.401112 0.37859 0.385541 0.432507 0.546624 0.323481 0.373328 0.367556 0.37542 0.356004 0.322191 0.533238 0.539221 0.39902 0.39886 0.660957 0.707374 1.0138 0.545854 0.344452 0.428153 0.329641 0.553075 0.572506 0.32858 1.01341 0.49063 0.400224 0.338202 0.655823 0.402515 0.353557 0.465375 0.320884 0.937296 0.3533 0.395468 1.11971 0.36933 0.476294 1.05303 0.572369 0.463582 0.54394 0.355254 0.578736 0.401343 0.398295 0.389935 0.547523 0.469466 1.50105 1.04581 0.511182 0.649977 0.473719 0.466682 1.51142 0.479169 0.448192 0.482503 0.404052 1.09912 0.444819 0.486854 0.39957 0.446118 0.415653 0.402482 0.341687 0.400561 0.537821 0.380742 1.57328 0.722836 0.448199 0.401345 0.464523 0.469987 0.310287 0.338139 0.338949 0.593718 0.40241 0.399688 1.52086 0.328538 0.505546 0.458376 0.348072 0.337309 0.464799 0.437861 1.50024 0.401411 1.23401 0.367801 1.06216 0.363327 0.479881 0.343283 0.405229 0.363369 0.664404 0.429092 1.08035 0.452106 0.411807 0.362499 0.307527 0.414049 0.410856 0.394974 0.399304 0.363343 1.3217 0.351129 0.525309 0.403059 0.350113 0.582187 0.463804 0.463106 0.898764 1.52234 0.425697 0.65908 1.0945 0.388266 1.66 0.424592 0.392331 0.31436 0.348843 0.323516 0.399225 0.320138 0.377854 0.460014 0.99614 0.712924 0.685328 0.366637 0.349642 0.420628 0.373865 0.404189 1.10299 0.419514 0.901527 0.445376 0.401715 0.466099 0.398131 0.419859 0.71215 0.401091 0.475721 1.06656 0.39315 0.449804 0.461624 0.332735 0.413002 0.457266 0.329426 0.383415 0.333153 0.35771 0.470309 0.432097 0.547039 0.722916 0.472485 0.561793 0.401986 1.32149 0.427747 0.936252 0.389603 0.399822 0.300291 0.398361 0.537677 0.534892 1.54353 0.402145 0.330978 0.140024 0.373035 0.468654 0.33747 0.363772 0.386071 0.901 0.316994 0.36169 0.72321 0.481643 0.906121 0.49702 0.396722 0.32805 1.50559 0.347355 0.539999 0.702078 0.341909 0.410172 0.394806 0.410662 0.548237 0.395549 0.548678 0.554954 0.53619 0.904928 0.452057 0.356595 0.398844 0.398893 0.473076 0.332176 0.350744 0.466727 0.39311 0.347635 0.483323 0.46742 0.315598 0.360344 0.543948 0.37067 0.694654 0.413536 0.387506 0.465078 0.390965 1.05 0.546208 0.381204 0.600671 0.545192 0.4295 0.369591 0.335078 0.40212 0.385257 0.720802 0.413488 0.340556 0.492058 0.534769 0.546031 1.69859 0.399273 0.327685 0.300193 0.393474 0.336035 0.375414 0.326049 0.35307 0.468689 0.543081 0.713609 0.931757 0.358615 0.345661 0.412623 0.334513 0.598203 0.401072 0.482803 0.368166 0.549332 0.297305 0.400117 0.323049 0.544027 0.487317 0.362901 0.332526 0.901572 0.399943 0.373832 0.515638 0.398515 0.402561 0.410415 0.397833 0.557798 0.344234 0.64883 0.3917 0.544275 0.40262 0.410525 0.334801 1.10021 0.328346 1.06369 0.700282 0.901 0.483238 0.325174 0.444159 0.35108 1.44941 0.319549 0.54283 1.10768 0.906623 0.551694 0.604477 0.556982 1.53063 0.709989 1.65223 0.528317 0.324847 0.895845 0.442854 0.55222 0.71886 0.722398 0.327889 0.353142 0.684274 0.331504 1.34952 0.496238 0.349249 0.397515 0.471443 0.401941 0.363463 0.495029 0.937761 0.401455 0.72719 0.473395 0.417636 1.13796 0.370372 0.377497 0.547698 0.62881 1.13915 0.314554 0.491845 0.349541 0.470714 1.00145 0.355161 0.549064 0.439944 0.396693 0.362536 0.465913 1.55799 0.934234 0.37447 0.342592 0.713231 0.401328 0.326942 0.361472 0.400004 0.339333 0.332401 0.321896 0.540599 0.402494 0.419013 1.10531 0.360673 0.555136 0.691155 0.46612 0.90433 0.553745 0.430654 0.911637 0.323212 0.343712 0.358514 0.462439 0.334874 1.51419 0.344706 0.389908 1.0544 0.549144 0.401135 1.05023 0.383346 0.47036 1.10913 0.471657 0.400755 0.718737 0.610233 0.552374 0.53596 0.419977 0.326223 0.710369 0.382933 0.497224 0.402486 1.0986 0.382048 0.36513 0.469495 0.361045 0.312203 0.454154 0.383662 0.397617 0.332229 0.443943 0.337628 1.56377 0.723919 0.473013 0.565966 0.546464 0.367495 0.709897 0.321509 0.712514 0.39622 0.348043 0.521412 1.62149 0.701366 0.414674 0.648478 1.08811 0.552525 0.394176 0.322802 0.386395 0.428977 0.554152 0.410921 0.361598 0.776358 0.412699 0.348329 0.469177 0.541257 0.492965 0.34604 0.335485 0.368883 0.723177 0.466954 0.334298 0.365967 0.554514 0.55106 0.386162 1.09684 0.401661 0.384313 0.40187 0.399057 0.421574 0.499571 0.36054 0.400614 1.09198 0.362293 1.53382 0.42832 0.462469 1.55799 0.417723 0.465287 0.619912 0.334508 0.351817 0.329645 0.452241 1.09985 0.440189 0.74092 0.470575 0.33836 0.550506 0.470359 0.720763 0.483852
Testing:
Lab Growth Rates:
0.47 0.47 0.47
Dot Production Prediction of Lab Growth Rates:
0.394566 0.348051 0.396711
Best performance so far: 
Obj: 4.64319e-310Rho: 2.26291e-314Diff: 4.64319e-310
Anneal again with the best G and E so far as input
Cycle 2Round 1
Iter 500000 pBad 0.815333 T 0.000544359 Obj 1.03154 Rho 0 GRdif 18.1943 success 106777 failure 9831 obj_new 1.03154 SA_pAcc 1 Delta 0.00618789 SA_r 0.782033 freedomratio 0.256905
Iter 1000000 pBad 0.763918 T 0.000151719 Obj 1.02969 Rho 0 GRdif 17.1427 success 211085 failure 25125 obj_new 1.02969 SA_pAcc 1 Delta -0.0349323 SA_r 0.726242 freedomratio 0.250214
Iter 1500000 pBad 0.652768 T 4.22858e-05 Obj 1.02211 Rho 0 GRdif 12.8175 success 312521 failure 47441 obj_new 1.02211 SA_pAcc 1 Delta -0.0596253 SA_r 0.111238 freedomratio 0.249256
Iter 2000000 pBad 0.55441 T 1.17855e-05 Obj 1.01769 Rho 0 GRdif 10.2786 success 409379 failure 80711 obj_new 1.01769 SA_pAcc 1 Delta 0.0107636 SA_r 0.750423 freedomratio 0.2482
Iter 2500000 pBad 0.392919 T 3.28476e-06 Obj 1.01491 Rho 0 GRdif 8.67144 success 502638 failure 121276 obj_new 1.01491 SA_pAcc 1 Delta -0.00288417 SA_r 0.939235 freedomratio 0.250107
Iter 3000000 pBad 0.209973 T 9.155e-07 Obj 1.01021 Rho 0 GRdif 5.95421 success 581850 failure 198325 obj_new 1.01021 SA_pAcc 1 Delta 0.01821 SA_r 0.602835 freedomratio 0.227308
Iter 3500000 pBad 0.137486 T 2.5516e-07 Obj 1.00898 Rho 0 GRdif 5.2388 success 647330 failure 307237 obj_new 1.00898 SA_pAcc 1 Delta -0.0108924 SA_r 0.880612 freedomratio 0.216716
Iter 4000000 pBad 0.0680256 T 7.1116e-08 Obj 1.00838 Rho 0 GRdif 4.88802 success 696461 failure 462613 obj_new 1.00838 SA_pAcc 1 Delta -0.00658555 SA_r 0.0276838 freedomratio 0.196447
Iter 4500000 pBad 0.0354527 T 1.98208e-08 Obj 1.00814 Rho 0 GRdif 4.7495 success 726147 failure 681598 obj_new 1.00814 SA_pAcc 1 Delta 0.00164936 SA_r 0.438148 freedomratio 0.176241
Iter 5000000 pBad 0.0209338 T 5.52429e-09 Obj 1.00808 Rho 0 GRdif 4.78407 success 742167 failure 955040 obj_new 1.0082 SA_pAcc 0 Delta 0.00195189 SA_r 0.451324 freedomratio 0.164284
Iter 5500000 pBad 0.00536505 T 1.53968e-09 Obj 1.00806 Rho 0 GRdif 4.70397 success 752726 failure 1258523 obj_new 1.00806 SA_pAcc 1 Delta -0.000531779 SA_r 0.369469 freedomratio 0.155561
Iter 6000000 pBad 0.00470025 T 4.29126e-10 Obj 1.00805 Rho 0 GRdif 4.70407 success 758498 failure 1582340 obj_new 1.00806 SA_pAcc 0 Delta 2.98426e-05 SA_r 0.496401 freedomratio 0.152485
Iter 6500000 pBad 0.00287209 T 1.19602e-10 Obj 1.00805 Rho 0 GRdif 4.70164 success 763353 failure 1916320 obj_new 1.00806 SA_pAcc 0 Delta 0.000217145 SA_r 0.830839 freedomratio 0.148542
Iter 7000000 pBad 0.0009497 T 3.33345e-11 Obj 1.00804 Rho 0 GRdif 4.69441 success 766980 failure 2261239 obj_new 1.00804 SA_pAcc 0 Delta 8.641e-05 SA_r 0.210813 freedomratio 0.145229
Iter 7500000 pBad 0.00139626 T 9.2907e-12 Obj 1.00804 Rho 0 GRdif 4.69589 success 770473 failure 2615279 obj_new 1.00805 SA_pAcc 0 Delta -0.000138413 SA_r 0.84545 freedomratio 0.142406
Iter 8000000 pBad 0.000704243 T 2.58942e-12 Obj 1.00804 Rho 0 GRdif 4.69281 success 773837 failure 2973501 obj_new 1.00804 SA_pAcc 0 Delta -7.02929e-05 SA_r 0.171343 freedomratio 0.141103
Iter 8500000 pBad 2.49126e-05 T 7.21702e-13 Obj 1.00804 Rho 0 GRdif 4.69249 success 777700 failure 3338349 obj_new 1.00804 SA_pAcc 1.45134e-28 Delta 1.88649e-06 SA_r 0.196898 freedomratio 0.139159
Iter 9000000 pBad 1.13386e-27 T 2.01146e-13 Obj 1.00804 Rho 0 GRdif 4.69263 success 779286 failure 3659849 obj_new 1.00804 SA_pAcc 0 Delta -5.11621e-29 SA_r 0.0205208 freedomratio 0.134682
Iter 9500000 pBad 7.9429e-71 T 5.60617e-14 Obj 1.00804 Rho 0 GRdif 4.69241 success 779286 failure 3963690 obj_new 1.00804 SA_pAcc 1 Delta 6.54698e-72 SA_r 0.422673 freedomratio 0.133973
Good enough
iter 8.73487e+06 obj1.00804 rho 0 GRdif 4.69241
Training:
Lab Growth Rates:
1.05 0.54 0.37 0.4 0.11 0.37 0.46 0.47 0.33 0.465 0.301 0.25 1.03 0.25 0.762 0.5 0.7 0.42 0.3 0.37 0.65 0.5 0.37 0.377 0.58 1.483 0.22 0.41 0.4 0.53 0.54 0.41 0.22 0.4 0.52 0.55 0.4 0.14 0.59 0.5 0.32 0.4 0.27 0.46 0.5 0.26 0.636 0.36 0.58 0.19 1.46 0.58 0.1 0.27 0.47 0.5 0.53 1.483 0.37 0.5 0.4 0.34 0.4 0.33 0.56 0.43 0.4 0.59 0.4 0.58 0.41 0.5 0.3 0.56 0.465 0.68 0.5 0.4 0.59 0.43 1.345 0.19 0.2 0.27 0.7 0.33 0.1 0.39 0.65 0.54 0.41 0.4 0.52 0.52 0.37 0.5 0.38 0.59 0.41 0.5 0.33 0.48 0.33 0.54 0.4 0.4 0.5 0.637 1.46 0.56 0.25 0.17 0.38 0.56 0.31 0.34 1.46 0.6 0.4 0.42 0.65 0.4 0.58 0.41 0.46 1.248 0.59 0.4 1.345 0.43 0.47 1.483 0.31 0.485 0.55 0.53 0.31 0.53 0.59 0.37 0.55 0.58 1.67 1.345 0.3 0.65 0.5 0.481 0.45 0.3 0.46 0.22 0.46 1.483 0.55 0.3 0.4 0.54 0.3 0.4 0.4 0.4 0.5 0.54 0.45 0.686 0.09 0.4 0.301 0.56 0.58 0.42 0.45 0.42 0.4 0.4 0.45 0.47 0.53 0.54 0.45 0.43 0.41 0.46 0.45 0.4 1.35 0.58 1.483 0.45 0.56 0.39 0.52 0.59 0.65 0.23 1.345 0.58 0.37 0.25 0.54 0.37 0.51 0.45 0.4 0.42 1.43 0.47 0.53 0.4 0.47 0.37 0.22 0.485 0.901 1.67 0.53 0.5 0.1 0.4 1.66 0.45 0.45 0.39 0.47 0.53 0.4 0.48 0.41 0.46 0.1 0.635 0.5 0.54 0.52 0.37 0.5 0.4 1.483 0.37 0.901 0.55 0.4 0.377 0.52 0.47 0.648 0.4 0.58 1.345 0.4 0.46 0.54 0.5 0.36 0.46 0.46 0.58 0.09 0.42 0.46 0.55 0.46 0.724 0.476 0.55 0.4 1.38 0.23 1.248 0.47 0.52 0.46 0.4 0.54 0.53 0.25 0.43 0.33 0.14 0.47 0.58 0.36 0.36 0.54 0.901 0.32 0.43 0.724 0.22 0.901 0.6 0.4 0.48 0.45 0.48 0.54 0.5 0.42 0.54 0.4 0.5 0.55 0.4 0.23 0.5 0.5 0.901 0.54 0.22 0.4 0.4 0.465 0.5 0.48 0.1 0.54 0.5 0.58 0.481 0.48 0.36 0.53 0.49 0.5 0.47 0.52 0.54 0.54 1.05 0.59 0.52 0.42 0.59 0.43 0.09 0.36 0.4 0.47 0.636 0.45 0.42 0.47 0.56 0.23 1.05 0.4 0.39 0.3 0.49 0.5 0.2 0.42 0.36 0.3 0.46 0.635 1.248 0.32 0.48 0.1 0.48 0.617 0.4 0.26 0.46 0.56 0.3 0.53 0.5 0.59 0.5 0.45 0.58 0.762 0.4 0.11 0.3 0.4 0.4 0.2 0.4 0.55 0.59 0.65 0.41 0.54 0.37 0.51 0.54 1.345 0.17 1.483 0.7 0.901 0.56 0.34 0.54 0.43 0.1 0.58 0.23 1.345 0.762 0.53 0.5 0.54 1.4 0.648 1.66 0.53 0.54 0.1 0.55 0.5 0.71 0.724 0.59 0.46 0.65 0.4 1.43 0.68 0.53 0.4 0.58 0.4 0.45 0.68 1.248 0.4 0.686 0.58 0.37 1.345 0.38 0.54 0.23 0.5 1.345 0.48 0.33 0.47 0.56 1.05 0.47 0.56 0.3 0.4 0.58 0.46 0.45 1.248 0.26 0.42 0.635 0.4 0.33 0.43 0.4 0.47 0.45 0.19 0.25 0.4 0.37 1.483 0.25 0.56 0.65 0.5 0.1 0.59 0.47 0.762 0.36 0.45 0.33 0.3 0.59 0.45 0.52 0.42 1.345 0.56 0.4 1.05 0.51 0.485 1.483 0.476 0.4 0.636 0.27 0.59 0.56 0.37 0.36 0.637 0.3 0.6 0.4 1.483 0.42 0.38 0.481 0.45 0.3 0.43 0.42 0.4 0.38 0.55 0.5 1.42 0.71 0.58 0.53 0.23 0.5 0.637 0.27 0.648 0.4 0.54 0.6 1.46 0.7 0.54 0.65 1.483 0.54 0.4 0.42 0.58 0.23 0.55 0.47 0.27 0.25 0.43 0.52 0.56 0.23 0.68 0.17 0.39 0.52 0.686 0.46 0.46 0.11 0.56 0.56 0.49 1.345 0.4 0.22 0.4 0.47 0.43 0.68 0.54 0.4 1.483 0.42 1.44 0.47 0.301 1.49 0.46 0.377 0.42 0.39 0.47 0.59 0.46 1.345 0.22 0.5 0.476 0.42 0.56 0.485 0.71 0.58
Dot Production Prediction of Lab Growth Rates:
1.04986 0.340989 0.475034 0.401305 0.326312 0.297163 0.613812 0.402755 0.350362 0.48312 0.487578 0.305212 1.31085 0.578142 0.769158 0.705408 0.734968 0.36971 0.41802 0.401238 0.609467 0.474333 0.398241 0.480499 0.485172 1.27078 0.462675 0.472212 0.398924 0.5313 0.398406 0.334538 0.46064 0.407335 0.38572 0.440826 0.399097 0.13921 0.548668 0.698082 0.301673 0.400972 0.410781 0.399397 0.469467 0.615857 0.724245 0.42382 0.486897 0.299842 1.04761 0.356485 0.933953 0.343034 0.513007 0.72219 0.272976 1.24581 0.411875 0.375882 0.403318 0.336401 0.399605 0.462778 0.54091 0.45992 0.40122 0.541901 0.401173 0.468269 0.33129 0.296867 0.321311 0.4851 0.484284 0.436331 0.493815 0.385941 0.387526 0.368559 1.322 0.308171 0.417499 0.381388 0.736884 0.327565 0.495716 0.324632 0.63649 0.53471 0.389172 0.400674 0.36305 0.386648 0.438311 0.54083 0.314001 0.338031 0.345576 0.385339 0.348035 0.283267 0.583603 0.534321 0.399968 0.399222 0.758994 0.706914 1.07439 0.534925 0.352308 0.43933 0.305204 0.539897 0.604362 0.311742 1.04117 0.566136 0.401537 0.333292 0.652455 0.403228 0.362302 0.484296 0.295615 0.834881 0.341683 0.389486 1.29365 0.353434 0.507119 1.23427 0.604418 0.478893 0.540166 0.353577 0.613601 0.402926 0.408235 0.398551 0.546116 0.47213 1.4029 1.24138 0.598117 0.621491 0.474991 0.477804 1.44044 0.550504 0.456763 0.489608 0.411945 1.26655 0.449984 0.56219 0.400197 0.446737 0.41136 0.403565 0.333979 0.400407 0.531343 0.385982 1.52064 0.726163 0.461985 0.403593 0.488607 0.474579 0.28342 0.338613 0.329638 0.630484 0.403617 0.401252 1.45302 0.324183 0.518173 0.464029 0.314943 0.334473 0.486195 0.434667 1.45513 0.403004 1.10314 0.373901 1.25963 0.377993 0.488614 0.341271 0.395544 0.310971 0.659312 0.412047 1.27685 0.44657 0.40169 0.371916 0.295319 0.40452 0.42226 0.399629 0.398931 0.326003 1.14428 0.364453 0.52746 0.405053 0.345608 0.625806 0.463934 0.480265 0.789674 1.4638 0.44095 0.776795 1.24445 0.391279 1.53817 0.450373 0.389024 0.285862 0.348747 0.305661 0.398134 0.280209 0.378856 0.459999 1.13063 0.711748 0.78712 0.353408 0.351996 0.408513 0.36069 0.404302 1.26686 0.41022 0.903541 0.442906 0.402866 0.48133 0.404537 0.447311 0.708758 0.402671 0.472209 1.25494 0.38907 0.441487 0.465862 0.338353 0.415817 0.458645 0.328642 0.390843 0.333725 0.366103 0.468646 0.434805 0.590483 0.722457 0.48623 0.562269 0.402811 1.31328 0.412938 0.837693 0.387223 0.402873 0.279113 0.39379 0.539995 0.533917 1.48825 0.412514 0.318007 0.14186 0.390387 0.472211 0.342682 0.374264 0.394199 0.901 0.305763 0.369271 0.723595 0.490394 0.905777 0.577867 0.395512 0.319889 1.44357 0.354686 0.534201 0.799333 0.34434 0.407081 0.392561 0.40347 0.54086 0.393896 0.549791 0.556528 0.530476 0.905175 0.447179 0.373649 0.399115 0.399224 0.481557 0.32624 0.351719 0.48665 0.393442 0.333753 0.48517 0.479554 0.271376 0.363426 0.537347 0.379359 0.802926 0.432368 0.39711 0.471792 0.392346 1.05 0.542121 0.389008 0.656496 0.546163 0.432136 0.384515 0.344072 0.403445 0.400861 0.718632 0.43685 0.318281 0.498611 0.525413 0.541668 1.4696 0.399138 0.303627 0.275807 0.389278 0.324071 0.368447 0.302359 0.346155 0.528969 0.596066 0.713317 0.831176 0.346495 0.334407 0.384588 0.322559 0.534127 0.404186 0.498571 0.35266 0.544879 0.273982 0.412984 0.310666 0.54449 0.495167 0.348563 0.336421 0.759157 0.396356 0.377771 0.601991 0.398971 0.404129 0.414596 0.39917 0.55873 0.337691 0.647858 0.385374 0.552959 0.408003 0.404164 0.325397 1.26289 0.318998 1.23874 0.738929 0.92402 0.485201 0.317597 0.441964 0.340455 1.36044 0.297959 0.540792 1.30603 0.762763 0.54829 0.677558 0.557586 1.43076 0.704142 1.45986 0.526906 0.287778 1.01253 0.446176 0.555834 0.716541 0.723999 0.300393 0.346412 0.655136 0.304505 1.17229 0.43689 0.347547 0.396278 0.474599 0.401514 0.311863 0.437216 0.830815 0.400323 0.729791 0.470629 0.4063 1.32468 0.383871 0.397565 0.54439 0.700978 1.31386 0.291215 0.530543 0.342282 0.476576 1.05 0.321537 0.54166 0.489826 0.396071 0.363056 0.462856 1.52818 0.832848 0.366914 0.308591 0.711666 0.402315 0.30923 0.356908 0.39999 0.341302 0.290875 0.298447 0.559345 0.402268 0.408333 1.29839 0.371461 0.551034 0.664364 0.470129 1.00032 0.548783 0.421508 0.762 0.31313 0.338782 0.355421 0.526847 0.305055 1.46917 0.344011 0.395649 1.2564 0.54261 0.402453 1.05381 0.381623 0.484133 1.28873 0.487193 0.400289 0.718175 0.647848 0.545422 0.525036 0.409828 0.322581 0.70945 0.37675 0.564912 0.401846 1.26129 0.384285 0.384983 0.479561 0.358206 0.285426 0.46264 0.373941 0.395189 0.312857 0.444898 0.319992 1.49733 0.728461 0.473722 0.616456 0.539113 0.35359 0.710248 0.274337 0.711511 0.395804 0.361862 0.617084 1.48674 0.731649 0.417621 0.649955 1.27499 0.552739 0.388731 0.295699 0.396989 0.413726 0.552162 0.380343 0.34763 0.905131 0.413083 0.347046 0.473943 0.541831 0.434139 0.336387 0.295577 0.36819 0.722641 0.461943 0.335244 0.369018 0.549353 0.552723 0.373262 1.27388 0.40158 0.384781 0.401838 0.408346 0.428802 0.438409 0.371217 0.398728 1.26989 0.367227 1.49001 0.429968 0.485623 1.52818 0.440646 0.479687 0.652897 0.316597 0.352699 0.325004 0.458923 1.27853 0.470376 0.846515 0.483155 0.336473 0.540074 0.483171 0.722138 0.485704
Testing:
Lab Growth Rates:
0.47 0.47 0.47
Dot Production Prediction of Lab Growth Rates:
0.410323 0.347571 0.413089
Best performance so far: 
Obj: 4.64319e-310Rho: 6.5069e-314Diff: 4.64319e-310
Test:
 Lab Growth Rates:
0.47 0.47 0.47Dot Product Prediction of Growth Rate:
0.4103226 0.3475712 0.4130888