seed =  5 traits =  1 
Training: part  185 
Training: part  185 
Round  1 
 Goal of obj  0.99 
Temperature range:  0.0078125 1.5625e-15 
Cycle 1Round 1
Iter 500000 pBad 0.864644 T 0.00181068 Obj 1.09114 Rho 0 GRdif 51.1126 success 147095 failure 8774 obj_new 1.09114 SA_pAcc 1 Delta -0.0848919 SA_r 0.424821 freedomratio 0.369949
Iter 1000000 pBad 0.77361 T 0.000419657 Obj 1.03818 Rho 0 GRdif 21.9544 success 290075 failure 27084 obj_new 1.03818 SA_pAcc 1 Delta -0.060776 SA_r 0.830192 freedomratio 0.370417
Iter 1500000 pBad 0.697449 T 9.72626e-05 Obj 1.02601 Rho 0 GRdif 15.0465 success 429566 failure 52599 obj_new 1.02601 SA_pAcc 1 Delta -0.0210912 SA_r 0.612316 freedomratio 0.361505
Iter 2000000 pBad 0.566392 T 2.25423e-05 Obj 1.01912 Rho 0 GRdif 11.0992 success 566975 failure 83696 obj_new 1.01912 SA_pAcc 1.10867 Delta 0.0228621 SA_r 0.82892 freedomratio 0.35973
Iter 2500000 pBad 0.443675 T 5.22455e-06 Obj 1.01496 Rho 0 GRdif 8.70173 success 697988 failure 125645 obj_new 1.01496 SA_pAcc 0.97374 Delta -0.00347841 SA_r 0.724217 freedomratio 0.352587
Iter 3000000 pBad 0.253378 T 1.21088e-06 Obj 1.00959 Rho 0 GRdif 5.59371 success 807586 failure 211258 obj_new 1.00959 SA_pAcc 1 Delta -0.023992 SA_r 0.364695 freedomratio 0.329029
Iter 3500000 pBad 0.160594 T 2.80641e-07 Obj 1.00823 Rho 0 GRdif 4.80205 success 898607 failure 335271 obj_new 1.00823 SA_pAcc 0.124324 Delta -0.014594 SA_r 0.0751076 freedomratio 0.313369
Iter 4000000 pBad 0.0611538 T 6.50434e-08 Obj 1.00782 Rho 0 GRdif 4.56339 success 950517 failure 547525 obj_new 1.00782 SA_pAcc 1 Delta -0.00100124 SA_r 0.0994819 freedomratio 0.258605
Iter 4500000 pBad 0.0183505 T 1.50749e-08 Obj 1.00771 Rho 0 GRdif 4.50323 success 978287 failure 828601 obj_new 1.00771 SA_pAcc 6.78699e-06 Delta -0.000661246 SA_r 0.0963684 freedomratio 0.222307
Iter 5000000 pBad 0.00601491 T 3.49387e-09 Obj 1.0077 Rho 0 GRdif 4.4927 success 990679 failure 1158845 obj_new 1.0077 SA_pAcc 1 Delta 0.000195313 SA_r 0.482658 freedomratio 0.211705
Iter 5500000 pBad 0.00309516 T 8.09763e-10 Obj 1.00769 Rho 0 GRdif 4.48799 success 997803 failure 1508202 obj_new 1.00769 SA_pAcc 3.23195e-12 Delta 0.000236084 SA_r 0.170642 freedomratio 0.206483
Iter 6000000 pBad 0.0032919 T 1.87676e-10 Obj 1.00769 Rho 0 GRdif 4.48649 success 1000948 failure 1871050 obj_new 1.00769 SA_pAcc 0 Delta 0.000181647 SA_r 0.837444 freedomratio 0.203968
Iter 6500000 pBad 0.00130543 T 4.34971e-11 Obj 1.00768 Rho 0 GRdif 4.48543 success 1002937 failure 2238495 obj_new 1.00768 SA_pAcc 1.72555e-87 Delta -5.57436e-05 SA_r 0.713726 freedomratio 0.201791
Iter 7000000 pBad 0.000531746 T 1.00812e-11 Obj 1.00768 Rho 0 GRdif 4.48501 success 1004450 failure 2608314 obj_new 1.00768 SA_pAcc 1 Delta 5.24778e-05 SA_r 0.706773 freedomratio 0.200891
Iter 7500000 pBad 1.89058e-32 T 2.33649e-12 Obj 1.00768 Rho 0 GRdif 4.48484 success 1006775 failure 2947563 obj_new 1.00768 SA_pAcc 1 Delta -2.51536e-34 SA_r 0.187698 freedomratio 0.185796
Iter 8000000 pBad 4.04557e-76 T 5.41521e-13 Obj 1.00768 Rho 0 GRdif 4.48484 success 1006775 failure 3225221 obj_new 1.00768 SA_pAcc 1 Delta -3.84479e-77 SA_r 0.4154 freedomratio 0.183987
Iter 8500000 pBad 0 T 1.25507e-13 Obj 1.00768 Rho 0 GRdif 4.60828 success 1006775 failure 3512363 obj_new 1.00789 SA_pAcc 0 Delta -0 SA_r 0.601495 freedomratio 0.0943639
Iter 9000000 pBad 0 T 2.90883e-14 Obj 1.00768 Rho 0 GRdif 4.48484 success 1006775 failure 3833566 obj_new 1.00768 SA_pAcc 1 Delta -0 SA_r 0.768534 freedomratio 0.0402307
Iter 9500000 pBad 0 T 6.74171e-15 Obj 1.00768 Rho 0 GRdif 4.48512 success 1006775 failure 4162898 obj_new 1.00768 SA_pAcc 0 Delta -0 SA_r 0.0440133 freedomratio 0.0295408
Iter 10000000 pBad 0 T 1.5625e-15 Obj 1.00768 Rho 0 GRdif 4.50952 success 1006775 failure 4494923 obj_new 1.00773 SA_pAcc 0 Delta -0 SA_r 0.480374 freedomratio 0.0243923
Cannot move further
iter 7.37691e+06 obj1.00768 rho 0 GRdif 4.48484
Training:
Lab Growth Rates:
0.59 0.48 0.47 0.46 0.5 0.686 1.483 0.48 1.345 0.58 0.4 0.56 0.55 0.27 0.724 0.27 0.59 0.36 0.46 0.45 0.53 0.43 0.5 0.55 0.37 1.483 0.56 0.53 0.47 0.5 0.3 0.39 0.56 0.1 0.47 0.37 0.41 0.42 0.1 0.49 0.7 0.5 1.248 0.45 0.1 0.59 0.33 0.4 0.4 0.45 0.54 0.58 0.48 0.5 0.42 0.58 0.42 0.43 0.476 0.46 1.345 0.59 0.47 1.345 0.4 1.483 0.5 0.5 1.483 0.59 0.37 0.68 0.23 0.58 0.33 1.05 0.3 0.58 0.31 0.52 0.4 0.58 0.1 0.686 0.23 0.5 0.46 0.47 0.25 0.58 0.54 0.47 0.36 0.476 0.5 0.37 0.4 0.27 0.65 0.71 0.23 1.248 0.4 0.54 0.4 0.377 0.25 0.4 0.4 0.46 0.4 0.41 1.345 0.68 0.68 1.483 0.36 1.345 0.4 0.65 1.345 0.41 0.38 0.47 0.4 1.49 0.59 0.58 0.6 0.3 0.485 0.65 0.19 0.3 0.22 0.5 1.43 0.56 0.58 0.485 0.47 0.59 0.19 1.483 0.68 0.27 0.47 0.4 0.46 0.5 0.54 0.485 0.5 0.53 0.59 0.59 0.5 0.09 1.248 0.4 0.2 0.617 0.49 0.43 1.46 0.56 0.36 0.47 0.33 0.25 0.45 0.54 0.53 0.4 0.46 0.4 0.56 0.4 0.52 1.345 0.11 0.58 1.05 0.33 0.377 0.56 0.3 0.54 0.56 0.52 0.17 0.5 0.4 0.4 0.37 0.39 0.65 0.37 0.25 0.3 0.7 0.476 0.4 0.4 1.345 0.37 0.4 0.54 0.54 0.43 0.52 0.23 0.25 0.65 0.59 0.09 0.4 0.54 0.55 0.53 0.39 0.5 0.45 0.56 0.59 0.58 0.637 0.3 0.23 0.55 0.65 0.22 0.59 0.54 0.55 0.58 0.686 0.4 0.4 0.58 0.481 0.58 0.636 0.22 0.19 0.4 0.4 0.36 0.45 0.3 0.56 0.26 0.54 0.45 0.14 0.4 0.53 0.4 0.4 0.26 0.58 0.4 0.11 0.55 0.46 0.37 0.53 0.4 0.901 0.51 0.56 1.46 0.59 0.65 0.45 0.42 0.46 0.54 0.46 0.1 0.5 0.33 0.54 0.42 1.67 0.71 0.648 0.4 0.22 0.481 0.36 0.26 0.33 0.42 0.4 0.43 0.47 0.34 0.46 0.27 0.4 0.42 0.38 0.45 0.38 0.7 0.34 0.45 0.23 0.5 0.54 0.23 0.45 0.635 0.54 1.483 0.41 0.1 0.53 0.4 0.5 1.03 0.43 1.345 0.65 1.05 1.483 0.2 0.5 0.58 0.36 0.48 0.11 0.36 0.42 0.37 0.53 0.37 1.67 0.762 0.54 0.56 1.483 0.4 0.58 0.4 0.4 0.45 0.23 0.301 0.5 0.59 0.4 0.42 0.3 0.7 0.54 0.42 1.66 1.05 1.483 0.4 0.4 0.54 0.53 0.55 1.46 0.5 0.58 0.52 0.4 0.481 0.38 0.4 0.09 0.37 0.465 0.47 0.37 0.5 0.5 0.31 0.39 0.4 0.34 0.47 0.52 0.71 0.636 0.32 0.22 0.59 0.25 0.42 0.22 0.41 0.27 0.3 0.33 0.53 0.55 0.46 0.46 0.45 0.4 0.47 0.31 0.41 1.42 0.55 0.43 0.54 0.465 0.3 0.56 0.637 0.5 0.301 0.636 0.5 0.4 0.6 1.66 0.54 0.42 0.42 0.46 0.54 0.56 0.901 0.55 0.42 1.35 0.52 0.52 0.39 0.65 0.43 0.22 0.4 0.3 0.4 0.17 0.47 0.485 0.901 0.43 0.48 0.5 0.4 0.49 0.54 0.4 0.59 0.54 0.901 0.5 0.33 0.54 0.5 0.55 0.53 0.22 0.33 0.37 0.42 0.54 1.483 0.46 0.32 0.48 0.48 0.4 0.45 0.52 1.345 0.58 0.6 0.42 0.47 0.5 0.45 0.5 0.45 0.43 0.51 0.724 0.47 0.47 0.4 0.47 0.55 0.762 0.4 0.56 0.54 0.53 0.48 0.52 1.43 0.47 0.377 0.47 0.32 0.23 1.44 0.46 0.37 0.47 0.4 0.3 1.46 1.345 0.762 0.4 0.25 0.56 0.53 0.42 0.53 0.762 0.46 0.635 0.56 1.248 0.648 0.38 0.48 1.38 0.724 0.5 0.54 0.45 0.5 0.36 0.14 0.51 0.43 0.46 1.4 0.46 0.52 0.4 0.648 0.47 0.6 0.301 1.483 0.42 0.37 1.345 0.68 0.52 0.46 1.248 0.56 0.58 0.901 0.45 0.5 0.17 0.465 0.1 0.25 0.4 0.635 0.1 0.58 0.637 0.46 0.1 0.901 0.4 0.54 0.4 0.2 0.45 0.43 0.4 0.39 0.5 0.3 0.37 0.47 1.05 0.4
Dot Production Prediction of Lab Growth Rates:
0.331073 0.317817 0.366159 0.434151 0.647967 0.723694 1.21372 0.306948 1.27532 0.292808 0.399926 0.526778 0.451868 0.298122 0.719906 0.381092 0.53384 0.333997 0.408131 0.335106 0.526664 0.375078 0.699821 0.558837 0.404386 1.20624 0.549238 0.413965 0.391423 0.319796 0.297655 0.32371 0.469441 1.03166 0.326552 0.416841 0.345563 0.336474 1.163 0.352341 0.699841 0.640538 0.840757 1.51041 1.39369 0.533506 0.422702 0.401071 0.40008 1.43474 0.539844 0.468837 0.340471 0.539745 0.313254 0.475541 0.335127 0.439391 0.512247 0.455907 1.24039 0.552727 0.461111 1.17065 0.403657 1.20558 0.4829 0.487926 1.23274 0.388414 0.408116 0.426851 0.543389 0.337277 0.513205 1.04967 0.3286 0.485831 0.592418 0.39369 0.395374 0.334167 0.438999 0.724021 0.417929 0.324751 0.459993 0.346191 0.530736 0.480236 0.447696 0.395762 0.338586 0.515316 0.522861 0.404767 0.404918 0.337725 0.672993 0.714903 0.417432 0.837828 0.399816 0.310098 0.390283 0.500936 0.344334 0.399261 0.399772 0.372645 0.401092 0.50557 1.21207 0.424257 0.422325 1.16839 0.329487 1.25762 0.405311 0.660124 1.16364 0.32686 0.314254 0.391105 0.398966 1.51041 0.548037 0.477571 0.563207 0.303475 0.503469 0.620138 0.303921 0.57478 0.420637 0.549526 1.32547 0.486614 0.352298 0.509602 0.339944 0.544672 0.306049 1.24957 0.429046 0.597025 0.340283 0.399592 0.305166 0.540095 0.370379 0.503951 0.327205 0.379754 0.313932 0.349646 0.70749 0.440846 0.848871 0.398684 0.405716 0.519262 0.378538 0.402481 1.53293 0.480108 0.4077 0.34857 0.348216 0.840235 0.359972 0.372133 0.396718 0.396533 0.323049 0.397673 0.548086 0.397436 0.364001 1.2376 0.38075 0.378489 1.05141 0.322445 0.502629 0.536163 0.528142 0.467513 0.468888 0.337445 0.331848 0.525107 0.396645 0.396175 0.403148 0.305909 0.634812 0.401489 0.318371 0.53113 0.70597 0.51484 0.400953 0.40071 1.14331 0.394701 0.400289 0.459455 0.538471 0.351981 0.385102 0.532064 0.553676 0.663004 0.318852 0.367546 0.401643 0.547214 0.447969 0.547332 0.308704 0.42791 0.342305 0.536175 0.370699 0.365902 0.707888 0.438044 0.521529 0.547215 0.648924 0.464945 0.55351 0.547325 0.453252 0.481252 0.720215 0.403051 0.39763 0.478063 0.508889 0.363938 0.717822 0.464501 0.311119 0.396117 0.402032 0.346462 0.377444 0.573678 0.544395 0.476287 0.455099 0.362077 0.138672 0.40237 0.531098 0.401657 0.396035 0.582823 0.47601 0.319089 0.328951 0.552576 0.475229 0.303267 0.530866 0.401112 0.810136 0.413193 0.469964 1.03717 0.332989 0.646845 1.43476 0.372991 0.459423 0.309591 0.43817 0.979965 0.384244 0.464404 0.336721 0.613254 1.38173 0.723718 0.711251 0.402302 0.382128 0.509226 0.403682 0.367984 0.318455 0.305165 0.404189 0.40812 0.489898 0.338866 0.542994 0.36487 0.400315 0.329039 0.365742 0.410784 0.3159 0.70173 0.324478 1.44061 0.535374 0.334131 0.462253 0.534975 0.313062 0.711785 0.399694 1.15282 0.374398 0.452256 0.317256 0.401314 0.628096 1.26898 0.440953 1.26799 0.656267 1.56114 1.16656 0.36024 0.721925 0.467094 0.360196 0.349175 0.363797 0.360336 0.33705 0.41543 0.525793 0.400021 1.49305 0.770975 0.547622 0.53147 1.21864 0.399607 0.485459 0.40264 0.402678 1.48948 0.529295 0.503121 0.697761 0.323553 0.395956 0.330827 0.399688 0.711889 0.368866 0.328468 1.66 1.02629 1.19805 0.401968 0.393467 0.365087 0.318897 0.548044 1.03734 0.723823 0.314094 0.365077 0.404282 0.506289 0.308825 0.400964 0.337517 0.414545 0.510888 0.315262 0.415794 0.642435 0.470672 0.576315 0.34903 0.398402 0.312498 0.398677 0.368506 0.718146 0.719498 0.320687 0.340668 0.541748 1.47205 0.323291 0.463768 0.506078 0.35781 0.300051 0.32841 0.53354 0.454614 0.392377 0.349123 0.344705 0.394898 0.395996 0.581583 0.502183 1.52033 0.451954 0.363313 0.37626 0.513457 0.533795 0.547576 0.709796 0.681667 0.502039 0.724113 0.358722 0.40002 0.562903 1.66 0.375505 0.337273 0.35779 0.4742 0.537123 0.482169 0.901 0.546787 0.307027 1.23118 0.332095 0.364399 0.337115 0.64899 0.365945 0.475269 0.397222 0.543389 0.400944 0.408565 0.358722 0.512624 0.903576 0.397085 0.335745 0.327058 0.400577 0.358383 0.449498 0.400023 0.33771 0.338403 0.903477 0.479488 0.365489 0.387462 0.61661 0.439872 0.556918 0.47354 0.351225 0.398405 0.338365 0.546838 1.24861 0.529651 0.316852 0.295905 0.29867 0.399207 0.347447 0.356739 1.23204 0.384356 0.546337 0.594099 0.340272 0.473284 0.389612 0.485745 1.53368 0.417164 0.399709 0.720521 0.486349 0.362023 0.398997 0.348409 0.549996 0.761992 0.401556 0.551461 0.381516 0.35239 0.310161 0.381974 1.33045 0.386196 0.50136 0.410447 0.350652 0.417497 1.48927 0.300715 0.560649 0.343128 0.399632 0.364812 1.03891 1.26362 0.779023 0.394605 0.352566 0.540875 0.488243 0.597786 0.2935 0.771078 0.513884 0.706956 0.538715 0.837547 0.7069 0.362391 0.346477 1.24864 0.723973 0.370373 0.39063 0.343193 0.355408 0.350391 0.140053 0.383942 0.347656 0.358268 1.40878 0.337524 0.359192 0.400952 0.711104 0.373027 0.573753 0.502673 1.18793 0.389531 0.427405 1.24446 0.427903 0.342474 0.472249 0.843408 0.544487 0.462978 0.898654 0.391709 0.331395 0.32626 0.513607 0.344987 0.355162 0.400265 0.70967 0.824017 0.469663 0.704184 0.43941 0.967536 0.901319 0.398857 0.350414 0.402471 0.397732 1.43157 0.347567 0.321439 0.316347 0.33017 0.492082 0.38643 0.391114 1.05 0.394994
Testing:
Lab Growth Rates:
0.41 0.41 0.41
Dot Production Prediction of Lab Growth Rates:
0.386866 0.332773 0.371375
Best performance so far: 
Obj: 4.67747e-310Rho: 2.26291e-314Diff: 4.67747e-310
Anneal again with the best G and E so far as input
Cycle 2Round 1
Iter 500000 pBad 0.855282 T 0.00181068 Obj 1.07906 Rho 0 GRdif 44.5887 success 103107 failure 8693 obj_new 1.07906 SA_pAcc 1.03318 Delta -0.0178751 SA_r 0.931688 freedomratio 0.244881
Iter 1000000 pBad 0.736654 T 0.000419657 Obj 1.04091 Rho 0 GRdif 23.5728 success 202687 failure 25219 obj_new 1.04105 SA_pAcc 0.724305 Delta -0.00362237 SA_r 0.954555 freedomratio 0.242851
Iter 1500000 pBad 0.692742 T 9.72626e-05 Obj 1.02874 Rho 0 GRdif 16.6034 success 299537 failure 49746 obj_new 1.02874 SA_pAcc 0.801985 Delta -0.0175607 SA_r 0.161927 freedomratio 0.24046
Iter 2000000 pBad 0.565025 T 2.25423e-05 Obj 1.02249 Rho 0 GRdif 13.0349 success 393942 failure 79900 obj_new 1.02249 SA_pAcc 0.688813 Delta 0.0144307 SA_r 0.177916 freedomratio 0.241949
Iter 2500000 pBad 0.365334 T 5.22455e-06 Obj 1.01893 Rho 0 GRdif 10.9904 success 482531 failure 123836 obj_new 1.01893 SA_pAcc 1 Delta -0.00851906 SA_r 0.921901 freedomratio 0.236672
Iter 3000000 pBad 0.20425 T 1.21088e-06 Obj 1.01426 Rho 0 GRdif 8.29813 success 557077 failure 201147 obj_new 1.01426 SA_pAcc 1 Delta 0.000925274 SA_r 0.114376 freedomratio 0.217117
Iter 3500000 pBad 0.12856 T 2.80641e-07 Obj 1.01178 Rho 0 GRdif 6.86055 success 617226 failure 319324 obj_new 1.01178 SA_pAcc 1 Delta -0.00628685 SA_r 0.933087 freedomratio 0.210413
Iter 4000000 pBad 0.0843488 T 6.50434e-08 Obj 1.01093 Rho 0 GRdif 6.36869 success 664422 failure 477873 obj_new 1.01093 SA_pAcc 3.5801 Delta 0.00537116 SA_r 0.56693 freedomratio 0.186862
Iter 4500000 pBad 0.0382304 T 1.50749e-08 Obj 1.01045 Rho 0 GRdif 6.09215 success 697777 failure 703292 obj_new 1.01045 SA_pAcc 1 Delta -0.000332582 SA_r 0.273009 freedomratio 0.161299
Iter 5000000 pBad 0.00959036 T 3.49387e-09 Obj 1.01028 Rho 0 GRdif 5.99074 success 717621 failure 989193 obj_new 1.01028 SA_pAcc 2.17867e-06 Delta 0.00052772 SA_r 0.758261 freedomratio 0.148882
Iter 5500000 pBad 0.00386826 T 8.09763e-10 Obj 1.01023 Rho 0 GRdif 5.96613 success 728744 failure 1311861 obj_new 1.01023 SA_pAcc 0 Delta 3.15763e-05 SA_r 0.724171 freedomratio 0.142475
Iter 6000000 pBad 0.00664406 T 1.87676e-10 Obj 1.01021 Rho 0 GRdif 5.9548 success 736535 failure 1656825 obj_new 1.01021 SA_pAcc 1 Delta -0.000641939 SA_r 0.428955 freedomratio 0.137623
Iter 6500000 pBad 0.00165719 T 4.34971e-11 Obj 1.01021 Rho 0 GRdif 5.94998 success 743315 failure 2023136 obj_new 1.01021 SA_pAcc 1 Delta -9.16673e-05 SA_r 0.91805 freedomratio 0.131834
Iter 7000000 pBad 0.000343272 T 1.00812e-11 Obj 1.0102 Rho 0 GRdif 5.95254 success 751982 failure 2404977 obj_new 1.01021 SA_pAcc 0 Delta -2.5945e-05 SA_r 0.54457 freedomratio 0.125294
Iter 7500000 pBad 0.00029211 T 2.33649e-12 Obj 1.0102 Rho 0 GRdif 5.94939 success 760392 failure 2804851 obj_new 1.0102 SA_pAcc 0 Delta -1.62148e-05 SA_r 0.575085 freedomratio 0.122211
Iter 8000000 pBad 3.48428e-05 T 5.41521e-13 Obj 1.01019 Rho 0 GRdif 5.94536 success 769322 failure 3216035 obj_new 1.0102 SA_pAcc 0 Delta -2.75249e-06 SA_r 0.663374 freedomratio 0.118098
Iter 8500000 pBad 8.86377e-13 T 1.25507e-13 Obj 1.01019 Rho 0 GRdif 5.94304 success 773110 failure 3611491 obj_new 1.01019 SA_pAcc 0 Delta 1.52312e-14 SA_r 0.96592 freedomratio 0.0980589
Iter 9000000 pBad 0 T 2.90883e-14 Obj 1.01019 Rho 0 GRdif 5.94299 success 773110 failure 3995778 obj_new 1.01019 SA_pAcc 1 Delta -0 SA_r 0.589689 freedomratio 0.0627745
Iter 9500000 pBad 4.17903e-172 T 6.74171e-15 Obj 1.01019 Rho 0 GRdif 5.94299 success 773110 failure 4390772 obj_new 1.01019 SA_pAcc 0 Delta 2.18013e-173 SA_r 0.192498 freedomratio 0.0463938
Good enough
iter 8.49995e+06 obj1.01019 rho 0 GRdif 5.94299
Training:
Lab Growth Rates:
0.59 0.48 0.47 0.46 0.5 0.686 1.483 0.48 1.345 0.58 0.4 0.56 0.55 0.27 0.724 0.27 0.59 0.36 0.46 0.45 0.53 0.43 0.5 0.55 0.37 1.483 0.56 0.53 0.47 0.5 0.3 0.39 0.56 0.1 0.47 0.37 0.41 0.42 0.1 0.49 0.7 0.5 1.248 0.45 0.1 0.59 0.33 0.4 0.4 0.45 0.54 0.58 0.48 0.5 0.42 0.58 0.42 0.43 0.476 0.46 1.345 0.59 0.47 1.345 0.4 1.483 0.5 0.5 1.483 0.59 0.37 0.68 0.23 0.58 0.33 1.05 0.3 0.58 0.31 0.52 0.4 0.58 0.1 0.686 0.23 0.5 0.46 0.47 0.25 0.58 0.54 0.47 0.36 0.476 0.5 0.37 0.4 0.27 0.65 0.71 0.23 1.248 0.4 0.54 0.4 0.377 0.25 0.4 0.4 0.46 0.4 0.41 1.345 0.68 0.68 1.483 0.36 1.345 0.4 0.65 1.345 0.41 0.38 0.47 0.4 1.49 0.59 0.58 0.6 0.3 0.485 0.65 0.19 0.3 0.22 0.5 1.43 0.56 0.58 0.485 0.47 0.59 0.19 1.483 0.68 0.27 0.47 0.4 0.46 0.5 0.54 0.485 0.5 0.53 0.59 0.59 0.5 0.09 1.248 0.4 0.2 0.617 0.49 0.43 1.46 0.56 0.36 0.47 0.33 0.25 0.45 0.54 0.53 0.4 0.46 0.4 0.56 0.4 0.52 1.345 0.11 0.58 1.05 0.33 0.377 0.56 0.3 0.54 0.56 0.52 0.17 0.5 0.4 0.4 0.37 0.39 0.65 0.37 0.25 0.3 0.7 0.476 0.4 0.4 1.345 0.37 0.4 0.54 0.54 0.43 0.52 0.23 0.25 0.65 0.59 0.09 0.4 0.54 0.55 0.53 0.39 0.5 0.45 0.56 0.59 0.58 0.637 0.3 0.23 0.55 0.65 0.22 0.59 0.54 0.55 0.58 0.686 0.4 0.4 0.58 0.481 0.58 0.636 0.22 0.19 0.4 0.4 0.36 0.45 0.3 0.56 0.26 0.54 0.45 0.14 0.4 0.53 0.4 0.4 0.26 0.58 0.4 0.11 0.55 0.46 0.37 0.53 0.4 0.901 0.51 0.56 1.46 0.59 0.65 0.45 0.42 0.46 0.54 0.46 0.1 0.5 0.33 0.54 0.42 1.67 0.71 0.648 0.4 0.22 0.481 0.36 0.26 0.33 0.42 0.4 0.43 0.47 0.34 0.46 0.27 0.4 0.42 0.38 0.45 0.38 0.7 0.34 0.45 0.23 0.5 0.54 0.23 0.45 0.635 0.54 1.483 0.41 0.1 0.53 0.4 0.5 1.03 0.43 1.345 0.65 1.05 1.483 0.2 0.5 0.58 0.36 0.48 0.11 0.36 0.42 0.37 0.53 0.37 1.67 0.762 0.54 0.56 1.483 0.4 0.58 0.4 0.4 0.45 0.23 0.301 0.5 0.59 0.4 0.42 0.3 0.7 0.54 0.42 1.66 1.05 1.483 0.4 0.4 0.54 0.53 0.55 1.46 0.5 0.58 0.52 0.4 0.481 0.38 0.4 0.09 0.37 0.465 0.47 0.37 0.5 0.5 0.31 0.39 0.4 0.34 0.47 0.52 0.71 0.636 0.32 0.22 0.59 0.25 0.42 0.22 0.41 0.27 0.3 0.33 0.53 0.55 0.46 0.46 0.45 0.4 0.47 0.31 0.41 1.42 0.55 0.43 0.54 0.465 0.3 0.56 0.637 0.5 0.301 0.636 0.5 0.4 0.6 1.66 0.54 0.42 0.42 0.46 0.54 0.56 0.901 0.55 0.42 1.35 0.52 0.52 0.39 0.65 0.43 0.22 0.4 0.3 0.4 0.17 0.47 0.485 0.901 0.43 0.48 0.5 0.4 0.49 0.54 0.4 0.59 0.54 0.901 0.5 0.33 0.54 0.5 0.55 0.53 0.22 0.33 0.37 0.42 0.54 1.483 0.46 0.32 0.48 0.48 0.4 0.45 0.52 1.345 0.58 0.6 0.42 0.47 0.5 0.45 0.5 0.45 0.43 0.51 0.724 0.47 0.47 0.4 0.47 0.55 0.762 0.4 0.56 0.54 0.53 0.48 0.52 1.43 0.47 0.377 0.47 0.32 0.23 1.44 0.46 0.37 0.47 0.4 0.3 1.46 1.345 0.762 0.4 0.25 0.56 0.53 0.42 0.53 0.762 0.46 0.635 0.56 1.248 0.648 0.38 0.48 1.38 0.724 0.5 0.54 0.45 0.5 0.36 0.14 0.51 0.43 0.46 1.4 0.46 0.52 0.4 0.648 0.47 0.6 0.301 1.483 0.42 0.37 1.345 0.68 0.52 0.46 1.248 0.56 0.58 0.901 0.45 0.5 0.17 0.465 0.1 0.25 0.4 0.635 0.1 0.58 0.637 0.46 0.1 0.901 0.4 0.54 0.4 0.2 0.45 0.43 0.4 0.39 0.5 0.3 0.37 0.47 1.05 0.4
Dot Production Prediction of Lab Growth Rates:
0.298775 0.30125 0.376408 0.441672 0.772702 0.724143 1.29301 0.308599 1.35606 0.277211 0.400872 0.552494 0.487017 0.270118 0.718594 0.393839 0.549888 0.326278 0.412174 0.338779 0.527141 0.386156 0.841583 0.563325 0.433179 1.32909 0.557916 0.468659 0.413503 0.310363 0.226869 0.308931 0.476978 2.30888 0.355155 0.452104 0.367045 0.35945 2.42651 0.398065 0.818825 0.752539 1.01931 1.22229 1.13967 0.549401 0.498 0.403474 0.395893 1.16676 0.53859 0.476267 0.333611 0.55937 0.304948 0.479911 0.34713 0.455907 0.628208 0.451992 1.27545 0.556374 0.483153 1.32619 0.397502 1.33434 0.485726 0.493972 1.25838 0.380329 0.442178 0.463606 0.541216 0.367594 0.557565 1.06814 0.323143 0.485559 0.599732 0.416698 0.380598 0.340726 0.467976 0.72147 0.455152 0.336478 0.460384 0.364813 0.556616 0.48621 0.480222 0.469528 0.337638 0.629553 0.531102 0.439357 0.407007 0.338984 0.665575 0.71318 0.455556 1.01995 0.391105 0.279528 0.395128 0.62365 0.361432 0.393442 0.401538 0.419414 0.399409 0.629963 1.35158 0.457443 0.461295 1.30293 0.331608 1.30277 0.401564 0.65345 1.31499 0.3311 0.301299 0.424329 0.396768 1.22229 0.545489 0.481474 0.666534 0.231667 0.617189 0.628847 0.324633 0.691757 0.483672 0.541839 1.0193 0.48918 0.383274 0.628138 0.356948 0.553784 0.317126 1.30684 0.464422 0.652675 0.368097 0.390478 0.297832 0.560847 0.371728 0.618544 0.321254 0.425038 0.296826 0.321929 0.801186 0.501498 1.03139 0.400384 0.401385 0.965998 0.425107 0.410916 1.2283 0.48564 0.464148 0.372479 0.350111 1.03199 0.366527 0.367342 0.439086 0.388986 0.358747 0.394433 0.553717 0.394394 0.385331 1.33109 0.410616 0.42283 1.0609 0.303252 0.626778 0.525206 0.624808 0.476207 0.475746 0.361894 0.301829 0.532321 0.389794 0.383903 0.435406 0.289309 0.639921 0.439254 0.298266 0.626209 0.808191 0.63412 0.394741 0.392232 1.30848 0.42479 0.404353 0.466166 0.531747 0.37494 0.380264 0.544524 0.620214 0.663804 0.315103 0.39814 0.396667 0.552783 0.483732 0.549446 0.320428 0.434178 0.336433 0.548462 0.358218 0.372402 0.709548 0.51414 0.548685 0.546881 0.649953 0.488901 0.558623 0.529806 0.488001 0.488509 0.719673 0.396101 0.385028 0.482297 0.619813 0.369869 0.71726 0.479347 0.336557 0.382658 0.404942 0.362721 0.400918 0.674077 0.553742 0.47462 0.485393 0.398612 0.664887 0.395613 0.541658 0.396812 0.383839 0.601996 0.472792 0.30878 0.33633 0.557679 0.468615 0.285172 0.552259 0.397461 0.973628 0.462394 0.477568 1.0033 0.321993 0.641589 1.13094 0.371881 0.459173 0.307826 0.498754 2.03127 0.409934 0.540256 0.329683 0.640357 1.359 0.724693 0.70937 0.398255 0.416156 0.622908 0.442719 0.369931 0.321784 0.295642 0.402448 0.422845 0.490138 0.322538 0.574698 0.390257 0.394799 0.315961 0.375519 0.439951 0.304082 0.814206 0.311807 1.17368 0.545287 0.342226 0.469339 0.53959 0.308287 0.715735 0.426443 1.29862 0.412055 0.474901 0.321291 0.397239 0.728372 1.13322 0.464045 1.31385 0.65528 1.21836 1.28336 0.358779 0.873871 0.474024 0.388554 0.337706 0.397483 0.371907 0.336766 0.45746 0.525077 0.432124 1.19696 1.03967 0.55657 0.549301 1.24036 0.394703 0.487844 0.397167 0.405191 1.19235 0.555566 0.63931 0.836647 0.306613 0.390778 0.354745 0.420924 0.813048 0.405596 0.325633 1.22415 1.0158 1.27663 0.3952 0.379087 0.373614 0.341585 0.546305 1.01729 0.830141 0.309439 0.408914 0.397393 0.615732 0.295171 0.395916 0.342565 0.451669 0.625902 0.311934 0.452199 0.734785 0.478202 0.595149 0.365455 0.380354 0.292251 0.412225 0.409759 0.716143 0.716278 0.294056 0.370468 0.541165 1.19035 0.314098 0.485207 0.626949 0.379246 0.225908 0.310613 0.522117 0.486801 0.450348 0.371023 0.326051 0.380627 0.408311 0.609246 0.621444 1.23194 0.479846 0.360133 0.381864 0.626747 0.639961 0.550731 0.709104 0.813364 0.644892 0.721161 0.383275 0.397233 0.653184 1.21881 0.417575 0.35836 0.362588 0.467972 0.547926 0.483322 0.898052 0.549196 0.299507 0.957924 0.370901 0.38324 0.318426 0.649857 0.385241 0.497142 0.387283 0.664164 0.397942 0.470865 0.392935 0.630502 0.901121 0.412239 0.33711 0.317984 0.397791 0.38822 0.47752 0.396357 0.310132 0.330049 0.90131 0.485612 0.378707 0.397986 0.726709 0.469627 0.561632 0.496237 0.376421 0.426347 0.34438 0.533931 1.25254 0.55489 0.318056 0.2794 0.284129 0.389792 0.374591 0.394578 1.3869 0.390483 0.650525 0.61312 0.369418 0.476419 0.421398 0.486383 1.21269 0.431157 0.445805 0.72228 0.477544 0.390573 0.395593 0.355883 0.553034 1.02622 0.40249 0.561214 0.398154 0.372317 0.277449 0.386806 1.03722 0.410809 0.629704 0.48717 0.34281 0.456875 1.22107 0.274515 0.605334 0.379173 0.400055 0.379613 1.00937 1.3293 1.04216 0.387014 0.362939 0.550496 0.504622 0.623863 0.265116 1.03314 0.546915 0.712383 0.528011 1.01555 0.702287 0.381237 0.367742 1.10303 0.723735 0.384898 0.403681 0.339567 0.369802 0.355594 0.669984 0.423901 0.360535 0.376697 1.40021 0.32996 0.411901 0.393904 0.709018 0.375633 0.682858 0.641807 1.3058 0.410429 0.481253 1.31412 0.462288 0.337916 0.473735 1.02223 0.556618 0.460986 0.899321 0.434428 0.3356 0.311603 0.631524 0.356059 0.362173 0.394395 0.715662 1.03627 0.476277 0.707316 0.448652 2.04038 0.912747 0.394566 0.388137 0.396723 0.404407 1.15605 0.367946 0.322458 0.316762 0.309736 0.599895 0.414494 0.41638 1.05468 0.37771
Testing:
Lab Growth Rates:
0.41 0.41 0.41
Dot Production Prediction of Lab Growth Rates:
0.416851 0.345624 0.388565
Best performance so far: 
Obj: 4.67747e-310Rho: 6.5069e-314Diff: 4.67747e-310
Test:
 Lab Growth Rates:
0.41 0.41 0.41Dot Product Prediction of Growth Rate:
0.4168513 0.3456239 0.3885648