seed =  5 traits =  1 
Training: part  124 
Training: part  124 
Round  1 
 Goal of obj  0.99 
Temperature range:  0.0078125 5e-13 
Cycle 1Round 1
Iter 500000 pBad 0.889615 T 0.00241602 Obj 1.12672 Rho 0 GRdif 69.9145 success 148017 failure 6048 obj_new 1.12672 SA_pAcc 0.940991 Delta -0.0457086 SA_r 0.52221 freedomratio 0.358849
Iter 1000000 pBad 0.82531 T 0.000747152 Obj 1.05526 Rho 0 GRdif 31.5193 success 292190 failure 21246 obj_new 1.05526 SA_pAcc 0.887585 Delta -0.0737283 SA_r 0.581429 freedomratio 0.357099
Iter 1500000 pBad 0.754746 T 0.000231056 Obj 1.0314 Rho 0 GRdif 18.1192 success 433747 failure 42491 obj_new 1.0314 SA_pAcc 1.15707 Delta 0.05356 SA_r 0.530736 freedomratio 0.373724
Iter 2000000 pBad 0.658307 T 7.14541e-05 Obj 1.02373 Rho 0 GRdif 13.7409 success 572819 failure 69750 obj_new 1.02373 SA_pAcc 1 Delta 0.0638624 SA_r 0.743506 freedomratio 0.367168
Iter 2500000 pBad 0.658435 T 2.20971e-05 Obj 1.01876 Rho 0 GRdif 10.8922 success 709691 failure 101503 obj_new 1.01876 SA_pAcc 1 Delta 0.00787111 SA_r 0.588217 freedomratio 0.360615
Iter 3000000 pBad 0.481684 T 6.83353e-06 Obj 1.01546 Rho 0 GRdif 8.98947 success 840193 failure 143877 obj_new 1.01546 SA_pAcc 1 Delta -0.0388406 SA_r 0.844028 freedomratio 0.352587
Iter 3500000 pBad 0.320067 T 2.11327e-06 Obj 1.01153 Rho 0 GRdif 6.71962 success 955273 failure 216308 obj_new 1.01153 SA_pAcc 0.694691 Delta -0.0110965 SA_r 0.164555 freedomratio 0.34189
Iter 4000000 pBad 0.250609 T 6.53526e-07 Obj 1.00947 Rho 0 GRdif 5.52295 success 1058896 failure 312628 obj_new 1.00947 SA_pAcc 0.102462 Delta 0.0181796 SA_r 0.850421 freedomratio 0.336782
Iter 4500000 pBad 0.103203 T 2.02103e-07 Obj 1.00832 Rho 0 GRdif 4.85592 success 1129612 failure 479778 obj_new 1.00832 SA_pAcc 0.908349 Delta 0.00153726 SA_r 0.948526 freedomratio 0.280651
Iter 5000000 pBad 0.0422017 T 6.25001e-08 Obj 1.00807 Rho 0 GRdif 4.70746 success 1173244 failure 714770 obj_new 1.00807 SA_pAcc 0.00232463 Delta 0.00408575 SA_r 0.280671 freedomratio 0.250427
Iter 5500000 pBad 0.0236689 T 1.93281e-08 Obj 1.00793 Rho 0 GRdif 4.6302 success 1199661 failure 1002326 obj_new 1.00793 SA_pAcc 2.50934e-08 Delta -0.000204196 SA_r 0.191125 freedomratio 0.223579
Iter 6000000 pBad 0.010049 T 5.97722e-09 Obj 1.00789 Rho 0 GRdif 4.60757 success 1215551 failure 1329130 obj_new 1.00789 SA_pAcc 1 Delta 0.000733925 SA_r 0.332217 freedomratio 0.207728
Iter 6500000 pBad 0.0112032 T 1.84845e-09 Obj 1.00788 Rho 0 GRdif 4.5978 success 1225600 failure 1680363 obj_new 1.00788 SA_pAcc 1 Delta 0.000292328 SA_r 0.640502 freedomratio 0.20096
Iter 7000000 pBad 0.00249272 T 5.71633e-10 Obj 1.00787 Rho 0 GRdif 4.59214 success 1232580 failure 2046472 obj_new 1.00787 SA_pAcc 4.23214e-11 Delta 0.000180908 SA_r 0.726279 freedomratio 0.192383
Iter 7500000 pBad 0.00317778 T 1.76777e-10 Obj 1.00786 Rho 0 GRdif 4.59365 success 1237084 failure 2427972 obj_new 1.00787 SA_pAcc 0 Delta 0.000234867 SA_r 0.0474074 freedomratio 0.187161
Iter 8000000 pBad 0.000918988 T 5.46682e-11 Obj 1.00786 Rho 0 GRdif 4.58831 success 1239821 failure 2816813 obj_new 1.00786 SA_pAcc 1 Delta -5.79262e-05 SA_r 0.988479 freedomratio 0.185267
Iter 8500000 pBad 0.000292365 T 1.69061e-11 Obj 1.00786 Rho 0 GRdif 4.58794 success 1240982 failure 3210798 obj_new 1.00786 SA_pAcc 1 Delta 2.72614e-05 SA_r 0.544156 freedomratio 0.18393
Iter 9000000 pBad 0.000320266 T 5.22821e-12 Obj 1.00786 Rho 0 GRdif 4.58769 success 1242163 failure 3606353 obj_new 1.00786 SA_pAcc 7.58418e-65 Delta 1.3149e-05 SA_r 0.316136 freedomratio 0.183297
Iter 9500000 pBad 0.000846014 T 1.61682e-12 Obj 1.00786 Rho 0 GRdif 4.58886 success 1244069 failure 4002350 obj_new 1.00786 SA_pAcc 0 Delta -3.95358e-05 SA_r 0.373558 freedomratio 0.180141
Iter 10000000 pBad 0.000238444 T 5.00001e-13 Obj 1.00786 Rho 0 GRdif 4.58735 success 1246646 failure 4393165 obj_new 1.00786 SA_pAcc 0 Delta -4.92933e-05 SA_r 0.834655 freedomratio 0.180419
Cannot move further
iter 9.99979e+06 obj1.00786 rho 0 GRdif 4.58735
Training:
Lab Growth Rates:
0.43 0.48 0.31 0.46 0.56 0.465 0.37 0.4 0.36 0.5 0.65 0.45 0.54 0.38 0.41 0.48 0.1 0.4 0.53 0.22 0.59 0.23 0.25 0.901 0.46 0.47 0.54 0.53 0.648 0.901 0.59 0.5 0.19 0.42 0.11 0.1 0.724 1.345 0.46 0.4 0.54 0.54 1.345 0.4 0.53 0.39 0.5 0.54 0.485 0.4 0.7 0.54 0.59 0.4 1.03 1.345 0.42 0.46 1.345 0.47 0.4 0.54 0.47 0.27 0.46 0.53 0.45 0.52 0.49 0.54 0.47 0.38 0.637 0.1 0.4 0.58 0.42 0.45 0.55 0.3 0.45 0.41 0.53 1.483 1.43 0.901 0.6 0.23 0.301 0.52 0.65 0.648 0.42 0.41 1.42 0.45 0.4 0.485 0.68 0.43 0.65 0.4 0.65 0.54 0.55 0.3 0.4 1.4 0.3 0.2 0.4 0.33 0.52 0.53 0.58 0.36 0.55 0.56 0.36 0.43 0.3 0.4 0.47 0.5 0.4 0.3 1.345 0.47 1.483 0.46 0.37 0.301 0.4 0.37 0.686 0.4 0.4 0.59 0.37 0.58 0.55 0.54 0.476 0.54 0.45 0.4 0.33 0.26 0.45 0.377 0.56 0.33 0.5 0.43 0.53 1.345 0.33 0.636 0.485 0.22 0.42 0.4 0.31 0.2 1.05 0.4 0.54 0.22 0.26 0.485 0.3 0.56 0.36 0.5 0.46 0.17 1.35 0.43 0.48 0.48 0.5 0.46 0.68 0.58 0.58 0.54 0.43 0.637 0.3 0.901 0.54 0.33 0.47 0.4 0.59 0.52 0.43 0.54 0.46 0.686 0.43 0.58 0.11 0.37 0.4 0.56 0.47 1.46 0.4 0.14 0.5 0.42 0.51 0.47 0.4 0.39 0.23 0.09 1.483 0.59 0.54 0.3 0.27 0.42 0.41 0.42 0.4 0.4 0.55 0.37 0.33 1.483 0.4 0.45 0.3 0.37 0.39 0.54 0.56 0.4 0.47 0.65 0.5 0.4 0.25 0.5 0.5 0.56 0.32 0.5 0.617 1.483 0.635 0.37 0.59 0.4 0.22 0.58 0.52 0.5 1.46 0.23 0.41 0.48 0.68 0.4 0.59 0.3 0.6 0.47 0.59 0.22 0.52 0.52 0.636 0.58 0.42 0.58 0.47 1.05 0.6 0.43 0.6 0.26 0.25 0.762 0.54 0.1 0.38 0.56 0.48 0.762 0.481 0.4 0.36 0.3 0.47 0.42 0.27 0.58 0.34 0.54 0.37 0.25 0.41 0.47 0.56 0.58 0.25 0.39 0.3 0.37 0.46 0.38 0.53 0.4 0.42 0.27 0.4 0.476 0.55 0.59 0.4 0.48 1.483 0.45 0.55 0.5 0.56 0.52 0.636 0.46 0.25 0.58 0.56 0.377 0.46 0.58 0.58 0.37 0.59 0.5 0.301 1.49 0.47 0.5 0.4 0.56 0.58 0.4 0.52 0.58 1.248 0.55 0.56 0.38 0.762 0.25 0.41 0.476 0.5 0.4 0.1 0.58 1.05 0.53 0.56 0.686 0.56 0.54 0.33 0.37 0.901 0.45 0.47 0.4 0.55 0.648 0.22 0.54 0.47 0.53 0.65 0.635 0.43 1.38 1.67 0.7 0.22 0.46 0.48 0.4 0.4 0.4 0.39 0.49 0.45 0.58 0.17 0.465 1.05 0.37 0.3 0.42 0.54 1.248 0.4 0.4 0.56 0.17 1.248 0.481 0.901 0.23 1.345 0.14 0.4 0.58 0.45 0.65 0.53 1.345 0.5 0.71 0.33 0.47 0.23 0.1 0.7 0.762 0.53 0.09 0.5 0.37 0.68 0.53 0.4 1.345 1.44 0.1 0.1 0.59 0.52 0.34 0.5 0.4 0.36 1.66 0.36 0.31 0.4 0.5 0.71 0.42 0.4 0.34 0.43 0.23 1.46 0.27 0.32 0.46 0.47 0.45 0.635 0.58 0.54 0.4 0.65 0.54 0.46 0.47 1.248 0.42 0.54 0.47 0.5 0.5 0.55 0.53 1.483 0.56 0.47 0.19 0.5 0.724 0.53 0.37 1.43 0.5 0.45 0.56 0.46 0.52 1.46 0.46 1.05 0.36 0.52 0.46 0.19 0.32 0.59 1.66 0.637 0.36 0.42 1.483 0.59 0.481 0.5 0.724 0.11 0.4 0.54 0.5 0.51 0.39 0.5 0.4 0.3 0.45 0.42 0.58 0.43 0.4 0.5 0.54 0.45 0.2 0.4 0.48 0.7 0.4 0.37 0.47 1.345 0.41 0.54 1.483 0.59 0.46 0.23 0.4 0.4 1.483 0.25 0.45 0.5 0.4 0.4 0.5 0.55 0.51 0.71 0.65 0.42 1.67 1.248 1.483 1.345 0.23 0.49 0.377 0.47 0.46 0.42 0.59 0.46 0.5 0.68 0.4 0.1 1.345 0.09 0.27 0.465 0.45 1.483 0.41 0.5 0.22 0.5 0.33 0.45 0.55
Dot Production Prediction of Lab Growth Rates:
0.338627 0.321174 0.558067 0.330392 0.5324 0.505389 0.410305 0.397226 0.382712 0.480676 0.6378 0.416934 0.393691 0.378108 0.350259 0.338116 0.453517 0.413012 0.53333 0.471439 0.298781 0.545848 0.533456 0.833756 0.528561 0.358386 0.299203 0.505751 0.71596 0.904345 0.318181 0.389493 0.303788 0.313587 0.326319 0.804342 0.716955 1.18305 0.426671 0.411239 0.399703 0.396289 1.09396 0.406033 0.400574 0.297344 0.663273 0.317068 0.505607 0.399662 0.709815 0.405764 0.320056 0.411218 1.33243 1.1966 0.372581 0.426791 1.18417 0.355686 0.394101 0.378574 0.311588 0.606879 0.444105 0.339742 1.5933 0.373489 0.375144 0.323013 0.399774 0.336369 0.709565 1.19269 0.406364 0.47925 0.645582 1.6712 0.544638 0.504432 0.328331 0.50522 0.325104 1.17405 1.34153 0.904055 0.523266 0.417459 0.505345 0.40467 0.628421 0.714117 0.358706 0.348472 1.63533 1.68785 0.408433 0.501922 0.469808 0.364537 0.643892 0.409471 0.629334 0.466857 0.43663 0.300497 0.403321 1.4 0.472511 0.428189 0.411521 0.309868 0.36513 0.301837 0.468401 0.348335 0.557398 0.535237 0.346913 0.449697 0.373331 0.413709 0.407422 0.571108 0.412078 0.337774 1.17441 0.426041 1.12063 0.323836 0.569023 0.510086 0.410048 0.405999 0.717374 0.403087 0.408596 0.415093 0.398663 0.465422 0.556223 0.441723 0.511559 0.411354 0.342395 0.399989 0.358558 0.475431 0.358541 0.502281 0.540942 0.326443 0.316159 0.438609 0.559817 1.12295 0.491514 0.720357 0.499403 0.474838 0.312176 0.413777 0.566267 0.410173 1.54838 0.409974 0.386246 0.388338 0.360551 0.503907 0.433671 0.476771 0.354274 0.673778 0.284622 0.425303 1.23015 0.42254 0.288274 0.291216 0.472746 0.362903 0.468268 0.37281 0.47756 0.469603 0.342322 0.706233 0.381109 0.898906 0.363509 0.305015 0.33743 0.399607 0.354696 0.384393 0.409214 0.53101 0.458051 0.720833 0.42035 0.476777 0.368174 0.410042 0.40323 0.539015 0.36674 1.5625 0.412429 0.139995 0.549618 0.35339 0.394816 0.342376 0.414719 0.350837 0.416668 0.446316 1.17767 0.54689 0.380676 0.482464 0.366759 0.357196 0.506984 0.35474 0.410972 0.412113 0.459588 0.403652 0.452866 1.10517 0.410963 0.369745 0.309162 0.402128 0.308925 0.44071 0.467552 0.402729 0.479863 0.649995 0.317233 0.409229 0.373818 0.364917 0.317028 0.465994 0.289854 0.533969 0.601531 1.15536 0.706795 0.412973 0.550571 0.340122 0.473499 0.373793 0.337561 0.572739 1.03175 0.542979 0.368634 0.29554 0.462861 0.400832 0.296559 0.480796 0.501804 0.415207 0.551992 0.473109 0.380047 0.350125 0.715842 0.481717 0.336469 0.402491 0.419239 1.05 0.499417 0.391187 0.496981 0.57572 0.303241 0.808017 0.366475 0.445125 0.322682 0.542196 0.362315 0.804771 0.505445 0.413437 0.324615 0.412827 0.389681 0.329982 0.383407 0.336872 0.340637 0.527291 0.45723 0.381388 0.383956 0.40783 0.537964 0.294754 0.575733 0.298609 0.533178 0.401169 0.472863 0.378319 0.52379 0.40358 0.355942 0.357813 0.39766 0.505827 0.451335 0.547755 0.411086 0.32587 1.15017 1.57712 0.556443 0.534071 0.542579 0.347746 0.719304 0.29262 1.62243 0.349464 0.533418 0.504078 0.46 0.464424 0.460311 0.411471 0.329722 0.485566 0.505787 1.6712 0.503051 0.538048 0.410754 0.538518 0.482914 0.40031 0.349657 0.361059 0.861973 0.446981 0.47894 0.329802 0.801543 0.793702 0.318354 0.509836 0.533985 0.406296 1.03765 0.313942 1.05 0.436007 0.47963 0.720531 0.533138 0.542064 0.528919 0.418772 0.901002 1.56119 0.391175 0.414981 0.550001 0.710469 0.472824 0.366234 0.364068 0.528347 0.652072 0.711207 0.397841 1.34282 1.39284 0.69395 0.349438 0.415827 0.329881 0.408419 0.409662 0.407593 0.308916 0.402687 0.39988 0.464489 0.3203 0.509945 1.05476 0.412008 0.514177 0.630797 0.452909 0.861338 0.403637 0.410356 0.467856 0.309798 0.864768 0.503314 0.902349 0.532811 1.17399 0.140925 0.410831 0.476031 0.330273 0.650019 0.523942 1.15977 0.57966 0.709732 0.358841 0.406769 0.416093 0.359901 0.700002 0.804172 0.3655 0.3266 0.340654 0.389364 0.463508 0.551465 0.397997 1.21337 1.6321 1.32228 1.51841 0.309744 0.364793 0.315504 0.331832 0.400645 0.341132 1.66 0.414631 0.564263 0.399758 0.331691 0.714169 0.38871 0.40198 0.306471 0.371202 0.543049 1.04853 0.284305 0.328767 0.469536 0.375876 0.340377 0.70494 0.355616 0.387073 0.396693 0.675948 0.540536 0.505219 0.508176 0.862837 0.384795 0.540568 0.403927 0.644328 0.350405 0.453021 0.392823 1.11065 0.540337 0.366189 0.309658 0.473732 0.719055 0.524548 0.31953 1.34771 0.644482 1.60577 0.538006 0.456214 0.372027 1.03471 0.36377 1.04718 0.43273 0.369083 0.539626 0.30002 0.319184 0.554303 1.61689 0.710901 0.320547 0.616525 1.15012 0.546359 0.503164 0.539903 0.718547 0.374931 0.399691 0.545574 0.369738 0.395853 0.32126 0.676123 0.40451 0.303589 1.62362 0.3197 0.472832 0.379922 0.397208 0.59472 0.446879 0.386217 0.388462 0.399818 0.330925 0.699976 0.355546 0.398366 0.363152 1.11677 0.505133 0.553403 1.1579 0.555539 0.393228 0.537644 0.40779 0.407702 1.1947 0.381501 0.393613 0.476688 0.40021 0.413541 0.320445 0.548413 0.425775 0.710244 0.672502 0.300216 1.62286 0.856829 1.16772 1.15601 0.551207 0.378126 0.506509 0.356407 0.419672 0.338666 0.396994 0.467738 0.474402 0.466962 0.410226 1.06199 1.20054 0.38209 0.382874 0.510167 0.410879 1.14642 0.386753 0.312887 0.444243 0.657331 0.36179 0.36487 0.448027
Testing:
Lab Growth Rates:
0.4 0.4 0.4
Dot Production Prediction of Lab Growth Rates:
0.401898 0.409873 0.408248
Best performance so far: 
Obj: 4.66627e-310Rho: 2.26291e-314Diff: 4.66627e-310
Anneal again with the best G and E so far as input
Cycle 2Round 1
Iter 500000 pBad 0.853748 T 0.00241602 Obj 1.09399 Rho 0 GRdif 52.6414 success 113655 failure 7966 obj_new 1.09399 SA_pAcc 0.982948 Delta -0.00733646 SA_r 0.102972 freedomratio 0.273193
Iter 1000000 pBad 0.774897 T 0.000747152 Obj 1.05486 Rho 0 GRdif 31.2962 success 224640 failure 21412 obj_new 1.05486 SA_pAcc 1 Delta 0.0364928 SA_r 0.853622 freedomratio 0.268684
Iter 1500000 pBad 0.72316 T 0.000231056 Obj 1.03069 Rho 0 GRdif 17.7115 success 333042 failure 41991 obj_new 1.03069 SA_pAcc 1.35632 Delta 0.0651806 SA_r 0.542753 freedomratio 0.26697
Iter 2000000 pBad 0.639329 T 7.14541e-05 Obj 1.0246 Rho 0 GRdif 14.239 success 438819 failure 68660 obj_new 1.0246 SA_pAcc 1 Delta -0.0551403 SA_r 0.719029 freedomratio 0.266727
Iter 2500000 pBad 0.546468 T 2.20971e-05 Obj 1.02021 Rho 0 GRdif 11.7233 success 543038 failure 100417 obj_new 1.02021 SA_pAcc 1 Delta -0.0214119 SA_r 0.170284 freedomratio 0.264919
Iter 3000000 pBad 0.386044 T 6.83353e-06 Obj 1.01668 Rho 0 GRdif 9.69268 success 642596 failure 141228 obj_new 1.01668 SA_pAcc 1 Delta -0.0165049 SA_r 0.996418 freedomratio 0.266243
Iter 3500000 pBad 0.2399 T 2.11327e-06 Obj 1.01257 Rho 0 GRdif 7.32123 success 726517 failure 215209 obj_new 1.01257 SA_pAcc 1 Delta -0.0200681 SA_r 0.00746921 freedomratio 0.244472
Iter 4000000 pBad 0.202967 T 6.53526e-07 Obj 1.00995 Rho 0 GRdif 5.80098 success 799621 failure 315178 obj_new 1.00995 SA_pAcc 1 Delta 0.00795803 SA_r 0.65487 freedomratio 0.242349
Iter 4500000 pBad 0.0773253 T 2.02103e-07 Obj 1.00891 Rho 0 GRdif 5.19573 success 862753 failure 442607 obj_new 1.00891 SA_pAcc 1 Delta -0.00102322 SA_r 0.307826 freedomratio 0.218006
Iter 5000000 pBad 0.0640324 T 6.25001e-08 Obj 1.00842 Rho 0 GRdif 4.91455 success 905810 failure 627902 obj_new 1.00842 SA_pAcc 1 Delta -0.00128695 SA_r 0.970512 freedomratio 0.198241
Iter 5500000 pBad 0.0292015 T 1.93281e-08 Obj 1.00828 Rho 0 GRdif 4.83528 success 929434 failure 881364 obj_new 1.00829 SA_pAcc 9.2322e-26 Delta 0.000668342 SA_r 0.558551 freedomratio 0.179865
Iter 6000000 pBad 0.0161968 T 5.97722e-09 Obj 1.00823 Rho 0 GRdif 4.81309 success 943562 failure 1172168 obj_new 1.00825 SA_pAcc 0 Delta -0.00081959 SA_r 0.0580485 freedomratio 0.167908
Iter 6500000 pBad 0.006456 T 1.84845e-09 Obj 1.00821 Rho 0 GRdif 4.78932 success 952833 failure 1488365 obj_new 1.00821 SA_pAcc 1 Delta -0.000559409 SA_r 0.573402 freedomratio 0.1617
Iter 7000000 pBad 0.00385214 T 5.71633e-10 Obj 1.00819 Rho 0 GRdif 4.78446 success 959542 failure 1819281 obj_new 1.0082 SA_pAcc 0 Delta -0.00029818 SA_r 0.532073 freedomratio 0.157781
Iter 7500000 pBad 0.0023947 T 1.76777e-10 Obj 1.00819 Rho 0 GRdif 4.77883 success 963754 failure 2164169 obj_new 1.00819 SA_pAcc 0 Delta 2.21727e-05 SA_r 0.699236 freedomratio 0.154292
Iter 8000000 pBad 0.00154137 T 5.46682e-11 Obj 1.00818 Rho 0 GRdif 4.77474 success 967780 failure 2517989 obj_new 1.00818 SA_pAcc 2.19488e-124 Delta 0.000116309 SA_r 0.918827 freedomratio 0.150837
Iter 8500000 pBad 0.000548582 T 1.69061e-11 Obj 1.00818 Rho 0 GRdif 4.77311 success 972489 failure 2876490 obj_new 1.00818 SA_pAcc 1 Delta -8.85479e-06 SA_r 0.337831 freedomratio 0.149337
Iter 9000000 pBad 0.000505924 T 5.22821e-12 Obj 1.00818 Rho 0 GRdif 4.78565 success 976652 failure 3240659 obj_new 1.0082 SA_pAcc 0 Delta 2.78203e-05 SA_r 0.572744 freedomratio 0.146978
Iter 9500000 pBad 0.000243815 T 1.61682e-12 Obj 1.00818 Rho 0 GRdif 4.77165 success 982258 failure 3606969 obj_new 1.00818 SA_pAcc 2.53584e-286 Delta 9.59293e-08 SA_r 0.846357 freedomratio 0.144477
Good enough
iter 9.84318e+06 obj1.00818 rho 0 GRdif 4.77135
Training:
Lab Growth Rates:
0.43 0.48 0.31 0.46 0.56 0.465 0.37 0.4 0.36 0.5 0.65 0.45 0.54 0.38 0.41 0.48 0.1 0.4 0.53 0.22 0.59 0.23 0.25 0.901 0.46 0.47 0.54 0.53 0.648 0.901 0.59 0.5 0.19 0.42 0.11 0.1 0.724 1.345 0.46 0.4 0.54 0.54 1.345 0.4 0.53 0.39 0.5 0.54 0.485 0.4 0.7 0.54 0.59 0.4 1.03 1.345 0.42 0.46 1.345 0.47 0.4 0.54 0.47 0.27 0.46 0.53 0.45 0.52 0.49 0.54 0.47 0.38 0.637 0.1 0.4 0.58 0.42 0.45 0.55 0.3 0.45 0.41 0.53 1.483 1.43 0.901 0.6 0.23 0.301 0.52 0.65 0.648 0.42 0.41 1.42 0.45 0.4 0.485 0.68 0.43 0.65 0.4 0.65 0.54 0.55 0.3 0.4 1.4 0.3 0.2 0.4 0.33 0.52 0.53 0.58 0.36 0.55 0.56 0.36 0.43 0.3 0.4 0.47 0.5 0.4 0.3 1.345 0.47 1.483 0.46 0.37 0.301 0.4 0.37 0.686 0.4 0.4 0.59 0.37 0.58 0.55 0.54 0.476 0.54 0.45 0.4 0.33 0.26 0.45 0.377 0.56 0.33 0.5 0.43 0.53 1.345 0.33 0.636 0.485 0.22 0.42 0.4 0.31 0.2 1.05 0.4 0.54 0.22 0.26 0.485 0.3 0.56 0.36 0.5 0.46 0.17 1.35 0.43 0.48 0.48 0.5 0.46 0.68 0.58 0.58 0.54 0.43 0.637 0.3 0.901 0.54 0.33 0.47 0.4 0.59 0.52 0.43 0.54 0.46 0.686 0.43 0.58 0.11 0.37 0.4 0.56 0.47 1.46 0.4 0.14 0.5 0.42 0.51 0.47 0.4 0.39 0.23 0.09 1.483 0.59 0.54 0.3 0.27 0.42 0.41 0.42 0.4 0.4 0.55 0.37 0.33 1.483 0.4 0.45 0.3 0.37 0.39 0.54 0.56 0.4 0.47 0.65 0.5 0.4 0.25 0.5 0.5 0.56 0.32 0.5 0.617 1.483 0.635 0.37 0.59 0.4 0.22 0.58 0.52 0.5 1.46 0.23 0.41 0.48 0.68 0.4 0.59 0.3 0.6 0.47 0.59 0.22 0.52 0.52 0.636 0.58 0.42 0.58 0.47 1.05 0.6 0.43 0.6 0.26 0.25 0.762 0.54 0.1 0.38 0.56 0.48 0.762 0.481 0.4 0.36 0.3 0.47 0.42 0.27 0.58 0.34 0.54 0.37 0.25 0.41 0.47 0.56 0.58 0.25 0.39 0.3 0.37 0.46 0.38 0.53 0.4 0.42 0.27 0.4 0.476 0.55 0.59 0.4 0.48 1.483 0.45 0.55 0.5 0.56 0.52 0.636 0.46 0.25 0.58 0.56 0.377 0.46 0.58 0.58 0.37 0.59 0.5 0.301 1.49 0.47 0.5 0.4 0.56 0.58 0.4 0.52 0.58 1.248 0.55 0.56 0.38 0.762 0.25 0.41 0.476 0.5 0.4 0.1 0.58 1.05 0.53 0.56 0.686 0.56 0.54 0.33 0.37 0.901 0.45 0.47 0.4 0.55 0.648 0.22 0.54 0.47 0.53 0.65 0.635 0.43 1.38 1.67 0.7 0.22 0.46 0.48 0.4 0.4 0.4 0.39 0.49 0.45 0.58 0.17 0.465 1.05 0.37 0.3 0.42 0.54 1.248 0.4 0.4 0.56 0.17 1.248 0.481 0.901 0.23 1.345 0.14 0.4 0.58 0.45 0.65 0.53 1.345 0.5 0.71 0.33 0.47 0.23 0.1 0.7 0.762 0.53 0.09 0.5 0.37 0.68 0.53 0.4 1.345 1.44 0.1 0.1 0.59 0.52 0.34 0.5 0.4 0.36 1.66 0.36 0.31 0.4 0.5 0.71 0.42 0.4 0.34 0.43 0.23 1.46 0.27 0.32 0.46 0.47 0.45 0.635 0.58 0.54 0.4 0.65 0.54 0.46 0.47 1.248 0.42 0.54 0.47 0.5 0.5 0.55 0.53 1.483 0.56 0.47 0.19 0.5 0.724 0.53 0.37 1.43 0.5 0.45 0.56 0.46 0.52 1.46 0.46 1.05 0.36 0.52 0.46 0.19 0.32 0.59 1.66 0.637 0.36 0.42 1.483 0.59 0.481 0.5 0.724 0.11 0.4 0.54 0.5 0.51 0.39 0.5 0.4 0.3 0.45 0.42 0.58 0.43 0.4 0.5 0.54 0.45 0.2 0.4 0.48 0.7 0.4 0.37 0.47 1.345 0.41 0.54 1.483 0.59 0.46 0.23 0.4 0.4 1.483 0.25 0.45 0.5 0.4 0.4 0.5 0.55 0.51 0.71 0.65 0.42 1.67 1.248 1.483 1.345 0.23 0.49 0.377 0.47 0.46 0.42 0.59 0.46 0.5 0.68 0.4 0.1 1.345 0.09 0.27 0.465 0.45 1.483 0.41 0.5 0.22 0.5 0.33 0.45 0.55
Dot Production Prediction of Lab Growth Rates:
0.339803 0.305263 0.613084 0.322994 0.527307 0.53664 0.404781 0.400015 0.376421 0.469093 0.649993 0.392052 0.362198 0.379157 0.355184 0.329964 0.461382 0.378005 0.533959 0.472757 0.310027 0.542682 0.527344 0.835176 0.538796 0.336838 0.286158 0.494122 0.707858 0.902334 0.328587 0.428181 0.307499 0.330039 0.338855 0.962478 0.723638 1.36664 0.445853 0.375119 0.393012 0.397482 1.30699 0.382518 0.435357 0.347205 0.80455 0.318939 0.540108 0.365955 0.8044 0.388505 0.331944 0.376511 1.24291 1.35591 0.358208 0.443571 1.35705 0.372387 0.395929 0.363077 0.301235 0.615975 0.442344 0.331687 1.42492 0.35241 0.395766 0.332976 0.379737 0.304653 0.707111 1.21458 0.373081 0.46419 0.613242 1.47168 0.54088 0.592505 0.342956 0.537875 0.317163 1.34333 1.05106 0.903848 0.627713 0.417532 0.534816 0.408298 0.619316 0.709115 0.337655 0.363127 1.50205 1.4651 0.37368 0.536523 0.341153 0.358139 0.640179 0.374627 0.645318 0.465635 0.449277 0.255581 0.401455 1.4 0.585351 0.376395 0.37706 0.322839 0.360619 0.297757 0.464686 0.359361 0.547888 0.536376 0.333472 0.453054 0.480015 0.377428 0.388236 0.705454 0.377568 0.32947 1.34342 0.414512 1.29733 0.342713 0.553917 0.541094 0.375519 0.381331 0.717842 0.403584 0.373339 0.381994 0.415298 0.464526 0.553133 0.461101 0.53887 0.390014 0.34488 0.365927 0.324352 0.464721 0.346351 0.532139 0.536229 0.324103 0.328391 0.44932 0.554602 1.2997 0.47259 0.717661 0.533622 0.462208 0.308517 0.377187 0.63242 0.370937 1.29128 0.37699 0.367498 0.380985 0.410239 0.539102 0.501982 0.467046 0.355451 0.842779 0.306674 0.409741 1.00523 0.430279 0.281958 0.317501 0.472575 0.346802 0.33992 0.350635 0.47073 0.462518 0.333453 0.704893 0.379891 0.901001 0.386595 0.314653 0.352593 0.400385 0.328924 0.399156 0.413866 0.541586 0.459371 0.722725 0.374369 0.465679 0.35954 0.413854 0.366713 0.54754 0.378228 1.32617 0.376715 0.139997 0.54412 0.360925 0.381316 0.343931 0.379057 0.327403 0.416308 0.449512 1.31472 0.540146 0.350928 0.558429 0.360075 0.358683 0.537947 0.365712 0.376629 0.37732 0.468345 0.403858 0.437809 1.30343 0.3755 0.33511 0.260108 0.40384 0.290506 0.454907 0.467345 0.379653 0.455529 0.646049 0.320299 0.374469 0.363003 0.350492 0.321433 0.46624 0.309959 0.529658 0.482377 1.31011 0.713716 0.414911 0.541806 0.313806 0.460176 0.383232 0.347728 0.721781 1.06021 0.542883 0.361888 0.276206 0.337568 0.377341 0.303535 0.566329 0.602879 0.374153 0.540077 0.463939 0.390001 0.354662 0.723761 0.467784 0.325626 0.374607 0.40394 1.06829 0.598513 0.383239 0.629048 0.596623 0.289855 0.814126 0.374345 0.449095 0.293781 0.553641 0.325288 0.818905 0.53756 0.3766 0.340509 0.402838 0.362563 0.331119 0.37757 0.346998 0.321263 0.543713 0.42457 0.360425 0.389289 0.404207 0.551734 0.275802 0.580173 0.31997 0.642056 0.405062 0.4695 0.381063 0.528272 0.369961 0.345618 0.344598 0.36244 0.536941 0.469184 0.550061 0.377344 0.317649 1.31468 1.39084 0.542728 0.529706 0.541361 0.342622 0.724516 0.303896 1.45982 0.319168 0.529212 0.53037 0.459992 0.468316 0.446017 0.407923 0.332514 0.477299 0.539427 1.47168 0.488975 0.761422 0.376656 0.541547 0.469256 0.401582 0.379187 0.388472 0.863631 0.465695 0.470132 0.301373 0.806121 0.980405 0.320966 0.538923 0.546597 0.38009 1.06264 0.322937 1.05288 0.414743 0.466144 0.723466 0.537902 0.539985 0.505214 0.416028 0.901 1.38539 0.401843 0.380859 0.541736 0.701535 0.472351 0.334972 0.348973 0.53559 0.651605 0.715501 0.405088 1.24851 1.31868 0.79983 0.343151 0.410618 0.352904 0.375523 0.375644 0.371308 0.298862 0.391363 0.39606 0.467914 0.310338 0.539676 1.06656 0.412425 0.614392 0.589938 0.460128 0.859192 0.368535 0.376277 0.465024 0.284289 0.866313 0.536893 0.901 0.540926 1.3468 0.140333 0.377565 0.473736 0.333009 0.650695 0.53151 1.33178 0.762652 0.71513 0.331547 0.388345 0.416556 0.353512 0.800784 0.806309 0.366858 0.344708 0.370286 0.383244 0.336465 0.539688 0.375775 1.39046 1.44355 1.26009 1.40548 0.327581 0.331273 0.330674 0.354413 0.367518 0.327671 1.41006 0.404864 0.622772 0.376526 0.350358 0.717668 0.394171 0.401604 0.302091 0.352602 0.537295 1.08276 0.27448 0.336532 0.46425 0.382417 0.37067 0.711212 0.383085 0.367405 0.359886 0.677095 0.532275 0.517692 0.479834 0.863628 0.385462 0.553969 0.396966 0.797409 0.381012 0.467219 0.384519 1.28559 0.539532 0.34051 0.316069 0.46544 0.723986 0.531841 0.294779 1.05563 0.821976 1.42615 0.54061 0.450537 0.402995 1.0513 0.35067 1.04376 0.402738 0.381504 0.545777 0.297531 0.320002 0.546516 1.41481 0.709908 0.32723 0.588772 1.29258 0.541109 0.534116 0.548262 0.71943 0.384682 0.36462 0.532096 0.388081 0.399467 0.347159 0.816556 0.368902 0.255766 1.4616 0.309081 0.464408 0.332599 0.398422 0.780526 0.461934 0.38174 0.386352 0.398841 0.351604 0.805905 0.331882 0.401409 0.353073 1.30698 0.53458 0.54492 1.34307 0.549038 0.371995 0.537717 0.370948 0.385598 1.36216 0.358916 0.358867 0.464286 0.363767 0.377282 0.339712 0.546672 0.419742 0.720594 0.673333 0.312962 1.45433 0.858503 1.33508 1.34462 0.540253 0.366799 0.534452 0.328756 0.42371 0.336891 0.366734 0.462746 0.46607 0.342009 0.377824 1.07474 1.36694 0.3864 0.372825 0.538843 0.406572 1.32254 0.394622 0.332984 0.410588 0.791117 0.352823 0.358958 0.467692
Testing:
Lab Growth Rates:
0.4 0.4 0.4
Dot Production Prediction of Lab Growth Rates:
0.369669 0.374297 0.373229
Best performance so far: 
Obj: 4.66627e-310Rho: 6.5069e-314Diff: 4.66627e-310
Test:
 Lab Growth Rates:
0.4 0.4 0.4Dot Product Prediction of Growth Rate:
0.3696686 0.3742965 0.3732291