seed =  5 traits =  1 
Training: part  88 
Training: part  88 
Round  1 
 Goal of obj  0.99 
Temperature range:  0.00390625 7.8125e-13 
Cycle 1Round 1
Iter 500000 pBad 0.833784 T 0.00127883 Obj 1.06121 Rho 0 GRdif 34.8126 success 146220 failure 10635 obj_new 1.06121 SA_pAcc 1 Delta -0.00812199 SA_r 0.617644 freedomratio 0.370183
Iter 1000000 pBad 0.789307 T 0.000418662 Obj 1.03834 Rho 0 GRdif 22.0485 success 289961 failure 27287 obj_new 1.03834 SA_pAcc 1 Delta -0.0645693 SA_r 0.851858 freedomratio 0.370886
Iter 1500000 pBad 0.713075 T 0.000137062 Obj 1.02916 Rho 0 GRdif 16.8446 success 430566 failure 51304 obj_new 1.02916 SA_pAcc 1.08007 Delta -0.054573 SA_r 0.304018 freedomratio 0.361282
Iter 2000000 pBad 0.639949 T 4.48711e-05 Obj 1.02314 Rho 0 GRdif 13.4059 success 567258 failure 81832 obj_new 1.02314 SA_pAcc 1 Delta 0.00904507 SA_r 0.609241 freedomratio 0.360837
Iter 2500000 pBad 0.520927 T 1.46899e-05 Obj 1.01795 Rho 0 GRdif 10.426 success 699034 failure 122794 obj_new 1.01795 SA_pAcc 1 Delta -0.0263211 SA_r 0.723835 freedomratio 0.359289
Iter 3000000 pBad 0.485566 T 4.80917e-06 Obj 1.01395 Rho 0 GRdif 8.11615 success 827753 failure 169280 obj_new 1.01395 SA_pAcc 1.38619 Delta 0.0268732 SA_r 0.645637 freedomratio 0.356231
Iter 3500000 pBad 0.337697 T 1.57442e-06 Obj 1.00963 Rho 0 GRdif 5.61469 success 944648 failure 238995 obj_new 1.00963 SA_pAcc 0.702285 Delta -0.0209005 SA_r 0.656051 freedomratio 0.353651
Iter 4000000 pBad 0.1604 T 5.15434e-07 Obj 1.00898 Rho 0 GRdif 5.23976 success 1031981 failure 368791 obj_new 1.00898 SA_pAcc 0.450924 Delta -0.010242 SA_r 0.428431 freedomratio 0.316244
Iter 4500000 pBad 0.0813564 T 1.68743e-07 Obj 1.00879 Rho 0 GRdif 5.12883 success 1089602 failure 564289 obj_new 1.00879 SA_pAcc 0.00272125 Delta -0.00214096 SA_r 0.608892 freedomratio 0.273832
Iter 5000000 pBad 0.0303255 T 5.52428e-08 Obj 1.00868 Rho 0 GRdif 5.06835 success 1125170 failure 818860 obj_new 1.00869 SA_pAcc 1.12321e-20 Delta 0.000567328 SA_r 0.772901 freedomratio 0.243558
Iter 5500000 pBad 0.0197212 T 1.80854e-08 Obj 1.00864 Rho 0 GRdif 5.04341 success 1146749 failure 1118894 obj_new 1.00864 SA_pAcc 1.01195e-38 Delta 0.00168429 SA_r 0.934007 freedomratio 0.224263
Iter 6000000 pBad 0.0118029 T 5.92078e-09 Obj 1.00863 Rho 0 GRdif 5.03264 success 1159592 failure 1449921 obj_new 1.00863 SA_pAcc 5.04246e-07 Delta -0.000583049 SA_r 0.395732 freedomratio 0.212088
Iter 6500000 pBad 0.006615 T 1.93834e-09 Obj 1.00861 Rho 0 GRdif 5.02521 success 1166858 failure 1800018 obj_new 1.00861 SA_pAcc 1 Delta -0.000385425 SA_r 0.684747 freedomratio 0.207214
Iter 7000000 pBad 0.00261305 T 6.34574e-10 Obj 1.00861 Rho 0 GRdif 5.02499 success 1171343 failure 2160673 obj_new 1.00861 SA_pAcc 0 Delta 3.13703e-05 SA_r 0.106854 freedomratio 0.202488
Iter 7500000 pBad 0.00201642 T 2.07746e-10 Obj 1.00861 Rho 0 GRdif 5.02287 success 1174094 failure 2528299 obj_new 1.00861 SA_pAcc 6.79082e-31 Delta 4.07583e-05 SA_r 0.418007 freedomratio 0.200685
Iter 8000000 pBad 0.00252196 T 6.80119e-11 Obj 1.00861 Rho 0 GRdif 5.02463 success 1176009 failure 2899659 obj_new 1.00861 SA_pAcc 0 Delta 7.66615e-06 SA_r 0.729597 freedomratio 0.199252
Iter 8500000 pBad 0.000575415 T 2.22657e-11 Obj 1.00861 Rho 0 GRdif 5.02196 success 1177220 failure 3273769 obj_new 1.00861 SA_pAcc 1 Delta -5.55817e-06 SA_r 0.595253 freedomratio 0.198779
Iter 9000000 pBad 0.000296216 T 7.28934e-12 Obj 1.00861 Rho 0 GRdif 5.0849 success 1178294 failure 3648841 obj_new 1.00872 SA_pAcc 0 Delta -1.88498e-05 SA_r 0.985897 freedomratio 0.198644
Iter 9500000 pBad 0.000181431 T 2.38638e-12 Obj 1.00861 Rho 0 GRdif 5.02154 success 1181691 failure 4018463 obj_new 1.00861 SA_pAcc 1 Delta -1.47034e-05 SA_r 0.43189 freedomratio 0.197506
Iter 10000000 pBad 3.54468e-56 T 7.81252e-13 Obj 1.00861 Rho 0 GRdif 5.02165 success 1187405 failure 4366538 obj_new 1.00861 SA_pAcc 0 Delta 1.54631e-58 SA_r 0.259191 freedomratio 0.182441
Cannot move further
iter 9.99895e+06 obj1.00861 rho 0 GRdif 5.02147
Training:
Lab Growth Rates:
0.7 0.37 0.4 0.4 0.33 0.55 0.54 0.58 0.1 0.11 0.19 0.636 0.4 0.38 0.54 0.4 0.54 0.42 0.23 0.7 0.5 0.23 0.4 0.53 0.56 0.43 0.58 0.485 0.2 0.4 0.33 0.42 0.3 0.56 0.46 0.648 0.65 0.4 0.1 0.17 0.55 0.56 0.5 0.3 0.37 0.47 0.5 0.5 0.485 0.46 0.4 1.67 0.48 0.1 0.52 0.5 0.45 0.5 0.4 0.58 0.53 0.5 0.59 0.5 0.54 0.23 0.4 0.58 1.05 0.4 0.25 0.55 0.33 0.36 1.483 0.41 0.47 0.38 0.4 0.53 0.65 1.03 0.59 0.23 0.4 1.345 0.53 0.4 0.46 0.42 0.59 0.686 0.377 0.59 0.09 0.43 0.25 0.47 0.37 0.4 0.22 0.25 0.4 0.17 0.56 0.54 0.45 0.4 0.37 1.4 0.56 0.22 0.4 0.45 0.1 0.48 0.54 0.58 0.59 0.686 0.53 0.26 0.47 0.56 0.4 0.54 0.56 0.33 0.47 0.68 0.59 0.47 0.4 0.36 0.49 0.52 0.4 0.465 1.483 0.4 0.58 0.38 0.481 0.23 0.47 0.4 0.635 0.51 0.648 1.483 0.55 0.11 0.4 0.901 0.54 0.33 0.47 0.5 1.483 0.65 0.37 0.68 0.42 0.476 0.42 0.59 0.5 0.4 0.635 0.31 0.58 0.4 1.345 0.46 0.42 1.05 0.33 0.54 0.48 0.46 0.43 0.56 1.345 0.31 0.58 0.4 0.23 0.5 0.27 0.47 0.46 0.71 0.52 0.59 0.53 1.42 0.5 0.71 0.37 0.37 0.71 0.25 0.48 0.46 0.3 0.43 0.47 0.36 0.43 0.53 0.3 1.248 0.762 0.3 0.54 0.52 0.39 0.59 0.55 0.4 0.476 1.46 0.19 0.4 0.47 0.5 0.22 0.648 0.47 0.53 0.41 0.47 0.58 0.6 0.637 0.377 0.42 0.41 0.37 0.36 1.46 0.42 0.5 0.36 1.05 0.65 0.465 0.46 0.22 0.4 0.45 0.54 0.33 0.5 1.345 0.4 0.4 0.47 0.45 0.58 0.4 1.35 0.43 0.43 0.43 0.4 0.59 1.345 0.43 0.54 0.52 0.22 0.3 0.56 0.42 0.41 0.53 0.46 0.1 0.22 0.45 0.5 0.41 1.248 0.2 0.37 0.3 0.46 0.23 0.58 1.483 0.3 0.42 0.4 0.56 0.53 0.58 1.248 0.3 0.65 0.45 1.46 0.635 0.901 0.56 0.56 0.36 0.25 0.25 0.4 0.47 1.483 0.42 0.27 0.59 0.09 0.39 0.55 0.58 0.42 0.4 0.54 0.901 0.4 0.485 1.483 0.55 0.27 0.4 0.3 0.53 0.47 0.58 0.47 0.54 0.46 0.5 0.5 0.52 0.6 0.36 0.42 0.2 0.4 0.41 0.41 0.4 0.686 0.32 0.34 0.46 0.39 0.59 0.46 0.54 0.39 0.481 1.66 0.637 0.901 0.52 0.46 0.4 0.54 0.762 0.301 0.4 1.345 0.55 0.19 0.5 0.47 0.53 0.5 0.42 0.56 0.3 0.58 0.54 0.485 0.45 0.46 0.42 0.54 0.54 0.52 0.5 0.46 0.3 0.4 0.476 0.46 1.345 0.52 0.27 0.37 0.23 0.45 0.56 0.46 0.301 0.42 0.47 0.17 0.65 0.14 0.4 0.53 0.5 0.26 0.59 0.42 0.4 1.345 0.37 0.45 0.68 0.5 0.4 1.38 0.4 0.4 0.55 0.53 0.47 0.45 0.41 0.59 1.483 0.5 1.43 0.26 1.248 0.45 0.48 0.25 0.43 0.5 0.27 0.45 1.483 1.345 1.67 0.724 0.45 0.58 0.56 0.5 1.49 0.4 0.5 0.55 0.27 1.66 0.5 0.54 0.4 0.636 1.345 0.32 0.3 1.483 0.4 0.36 0.51 0.09 0.65 0.5 0.58 0.7 0.58 0.65 1.248 0.45 0.58 0.48 0.5 0.37 0.68 0.4 0.46 1.345 0.5 0.301 0.45 0.38 0.54 0.3 0.48 0.68 0.59 0.617 0.56 0.465 0.54 0.38 0.6 0.4 1.46 0.47 0.7 0.33 0.22 0.48 0.5 0.724 0.4 0.54 0.14 0.33 0.58 0.54 0.45 0.39 0.51 0.1 0.49 0.46 1.345 0.39 0.4 0.54 0.49 0.45 0.31 0.5 0.47 0.54 0.52 0.5 0.43 0.55 0.45 0.58 0.637 0.4 0.41 1.05 0.4 1.05 0.34 0.52 0.53 0.636 0.4 0.65 0.1 0.377 0.22 0.36 0.901 0.47 0.34 0.54 0.23 0.901 0.46 0.25 0.43 0.4 0.6 0.1 1.43 0.37 0.47 0.32 1.483 0.56 1.44 0.52 0.4 0.481 0.762 1.483 0.56 0.48 0.54 0.11 0.4 0.1 0.762 0.42 0.724 0.59 0.55 0.4
Dot Production Prediction of Lab Growth Rates:
0.700867 0.407751 0.4017 0.398589 0.473399 0.466454 0.463566 0.312631 1.27221 0.376192 0.341745 0.715368 0.401364 0.356565 0.342901 0.401118 0.364707 0.326404 0.543007 0.695825 0.390972 0.544552 0.397608 0.355048 0.542449 0.397694 0.471758 0.492527 0.34691 0.402786 0.47257 0.333826 0.43044 0.53917 0.321399 0.70261 0.651018 0.398381 1.25197 0.313688 0.484684 0.531095 0.549322 0.472042 0.430981 0.346527 0.726019 0.36319 0.49463 0.361347 0.401338 1.37896 0.324469 0.409881 0.395697 0.3333 0.38734 0.486332 0.401369 0.471645 0.325132 0.472329 0.393342 0.727147 0.392434 0.544992 0.400259 0.368939 1.05 0.399045 0.52697 0.552979 0.359483 0.327916 1.03573 0.375174 0.358813 0.327144 0.399758 0.454347 0.668459 1.38587 0.540667 0.544648 0.399265 1.08065 0.53394 0.397085 0.445387 0.317101 0.377193 0.715326 0.487798 0.321466 0.372266 0.369081 1.48418 0.328901 0.433454 0.397475 0.478022 0.313104 0.400373 0.42323 0.466877 0.353563 1.51729 0.400251 0.321529 1.39977 0.536944 0.47451 0.399763 0.347406 1.40549 0.313245 0.468773 0.468089 0.341534 0.710452 0.529924 0.506934 0.44437 0.545946 0.40074 0.322151 0.54978 0.330605 0.348976 0.571043 0.547568 0.357658 0.40056 0.355257 0.364746 0.344602 0.399873 0.489358 1.01612 0.400477 0.482399 0.336078 0.490301 0.451924 0.445075 0.400246 0.712392 0.420345 0.71136 1.05425 0.482432 0.380687 0.399246 1.25997 0.37662 0.43736 0.373105 0.551299 1.0235 0.647475 0.422093 0.580013 0.345271 0.493511 0.530153 0.341788 0.327259 0.400078 0.711096 0.540225 0.485655 0.368804 1.06326 0.488444 0.388982 1.04936 0.321332 0.541063 0.330567 0.373891 0.4039 0.538563 1.03933 0.526783 0.468572 0.398874 0.450276 0.71054 0.352691 0.355428 0.473309 0.710714 0.401672 0.33395 0.531184 1.54078 0.327404 0.709021 0.428785 0.435947 0.717393 0.333717 0.320127 0.408199 0.506776 0.359292 0.358056 0.33479 0.428672 0.392254 0.300457 1.25617 1.42382 0.38446 0.392294 0.390612 0.314021 0.314537 0.549913 0.401842 0.493334 0.975953 0.35435 0.398861 0.460625 0.394977 0.427428 0.706984 0.380222 0.54014 0.356709 0.373934 0.364729 0.51789 0.711036 0.488543 0.337635 0.324029 0.499093 0.358341 1.59407 0.324475 0.723612 0.427027 1.05177 0.64999 0.49139 0.471921 0.364707 0.31265 1.46706 0.549089 0.321568 0.763074 1.04106 0.398185 0.401207 0.388133 0.401452 0.358611 0.400779 1.34983 0.361011 0.369094 0.406622 0.40041 0.325689 1.07535 0.38629 0.543079 0.364688 0.477977 0.350925 0.48089 0.341165 0.494904 0.468592 0.459998 0.412104 0.473248 0.326279 0.535214 0.382802 1.24811 0.386326 0.428686 0.304051 0.399799 0.540991 0.468043 1.03241 0.530156 0.343119 0.399838 0.538712 0.38744 0.353838 1.24551 0.494063 0.651069 1.44686 1.00813 0.711175 0.901 0.484659 0.542689 0.372195 0.833718 0.485399 0.399549 0.368571 1.01032 0.31238 0.361104 0.545645 0.45446 0.322252 0.549998 0.474497 0.329549 0.402063 0.353665 0.902413 0.400521 0.493433 1.03777 0.477411 0.367726 0.400087 0.295782 0.309246 0.384858 0.397265 0.389185 0.46631 0.466378 0.736556 0.539499 0.367053 0.51784 0.41608 0.337315 0.377619 0.39981 0.495239 0.35152 0.400127 0.712673 0.329608 0.340149 0.4102 0.33957 0.55129 0.331258 0.364547 0.338957 0.490957 1.66 0.711155 0.895863 0.390134 0.403032 0.400793 0.472492 1.43417 0.497841 0.400005 1.03562 0.478867 0.343801 0.353856 0.365863 0.529189 0.479222 0.336041 0.468937 0.507714 0.483904 0.461018 0.489694 1.47163 0.464143 0.513431 0.342254 0.537506 0.347521 0.769439 0.465668 0.322179 0.332009 0.48962 0.402084 1.03928 0.358397 0.33161 0.374881 0.541893 1.45714 0.480968 0.462455 0.50261 0.536541 0.444353 0.308177 0.65697 0.139858 0.399973 0.417344 0.322424 0.419687 0.331081 0.352437 0.39882 1.04377 0.435993 0.337449 0.576684 0.332771 0.398573 1.3151 0.401464 0.401728 0.4792 0.358304 0.42798 0.343583 0.495465 0.550845 1.0395 0.544504 1.4205 0.345099 1.248 0.333455 0.357182 0.33829 0.363757 0.487241 0.301748 1.51452 1.02938 1.09318 1.52212 0.712206 0.392017 0.467257 0.467289 0.473632 1.51729 0.402488 0.705304 0.547078 0.546024 1.66 0.731054 0.316999 0.399308 0.71229 1.04358 0.338558 0.515706 1.0357 0.400444 0.354643 0.394017 0.348736 0.637971 0.376011 0.344929 0.705721 0.380043 0.649982 1.24284 0.344205 0.48218 0.32216 0.366477 0.370741 0.581657 0.399952 0.306171 1.0229 0.320979 0.499869 0.379067 0.312986 0.554528 0.505033 0.312028 0.575504 0.543413 0.616999 0.531599 0.487903 0.543405 0.327991 0.515535 0.399859 1.00684 0.35336 0.699368 0.366596 0.475587 0.329247 0.487791 0.715484 0.39925 0.374545 0.140604 0.367812 0.315317 0.469345 0.332678 0.365481 0.424426 1.42922 0.399857 0.373595 1.03631 0.307671 0.401509 0.539218 0.375965 1.50589 0.522861 0.675875 0.344136 0.355627 0.403045 0.758222 0.38144 0.544094 0.36261 0.464067 0.708825 0.399961 0.393284 0.974932 0.401131 1.66585 0.315482 0.37733 0.536349 0.712444 0.399148 0.630503 0.348982 0.493332 0.395582 0.320841 0.899026 0.340578 0.330138 0.332582 0.451118 0.892216 0.461628 0.336417 0.3791 0.400513 0.512878 1.32879 1.43706 0.430512 0.404557 0.309589 1.00704 0.544323 1.45729 0.370671 0.401121 0.490319 1.42005 1.06385 0.541786 0.349966 0.357286 0.339335 0.398581 0.869441 1.43984 0.336624 0.716519 0.545501 0.54667 0.399396
Testing:
Lab Growth Rates:
0.37 0.37 0.37
Dot Production Prediction of Lab Growth Rates:
0.446623 0.447081 0.44941
Best performance so far: 
Obj: 4.6509e-310Rho: 2.26291e-314Diff: 4.6509e-310
Anneal again with the best G and E so far as input
Cycle 2Round 1
Iter 500000 pBad 0.821667 T 0.00127883 Obj 1.04252 Rho 0 GRdif 24.4003 success 111387 failure 10401 obj_new 1.04252 SA_pAcc 1 Delta 0.00477928 SA_r 0.156664 freedomratio 0.265519
Iter 1000000 pBad 0.795452 T 0.000418662 Obj 1.0297 Rho 0 GRdif 17.1521 success 220798 failure 25553 obj_new 1.0297 SA_pAcc 1 Delta -0.0562548 SA_r 0.520965 freedomratio 0.267336
Iter 1500000 pBad 0.675394 T 0.000137062 Obj 1.0283 Rho 0 GRdif 16.3515 success 328197 failure 45400 obj_new 1.0283 SA_pAcc 1 Delta -0.0277045 SA_r 0.20616 freedomratio 0.266849
Iter 2000000 pBad 0.58171 T 4.48711e-05 Obj 1.02482 Rho 0 GRdif 14.3678 success 432374 failure 72517 obj_new 1.02482 SA_pAcc 0.780884 Delta 0.0221322 SA_r 0.423829 freedomratio 0.265278
Iter 2500000 pBad 0.485525 T 1.46899e-05 Obj 1.02134 Rho 0 GRdif 12.372 success 530596 failure 110074 obj_new 1.02134 SA_pAcc 1.82221 Delta -0.0282481 SA_r 0.411882 freedomratio 0.261607
Iter 3000000 pBad 0.438231 T 4.80917e-06 Obj 1.01652 Rho 0 GRdif 9.60397 success 626374 failure 155122 obj_new 1.01652 SA_pAcc 1 Delta 0.00169945 SA_r 0.145894 freedomratio 0.258834
Iter 3500000 pBad 0.281574 T 1.57442e-06 Obj 1.01094 Rho 0 GRdif 6.37684 success 714918 failure 219836 obj_new 1.01094 SA_pAcc 1 Delta 0.0153158 SA_r 0.873906 freedomratio 0.247675
Iter 4000000 pBad 0.165208 T 5.15434e-07 Obj 1.00973 Rho 0 GRdif 5.67392 success 784192 failure 323869 obj_new 1.00973 SA_pAcc 1.20116 Delta -0.00662876 SA_r 0.953383 freedomratio 0.235058
Iter 4500000 pBad 0.100505 T 1.68743e-07 Obj 1.00911 Rho 0 GRdif 5.3123 success 838039 failure 471515 obj_new 1.00911 SA_pAcc 1 Delta 0.00721477 SA_r 0.93264 freedomratio 0.215204
Iter 5000000 pBad 0.0567579 T 5.52428e-08 Obj 1.00875 Rho 0 GRdif 5.10341 success 875556 failure 669130 obj_new 1.00875 SA_pAcc 1.10853 Delta -0.000225508 SA_r 0.00730574 freedomratio 0.195203
Iter 5500000 pBad 0.021728 T 1.80854e-08 Obj 1.00854 Rho 0 GRdif 4.98456 success 902393 failure 913960 obj_new 1.00854 SA_pAcc 1 Delta 0.000197253 SA_r 0.916386 freedomratio 0.175449
Iter 6000000 pBad 0.0193801 T 5.92078e-09 Obj 1.00849 Rho 0 GRdif 4.95566 success 918544 failure 1203569 obj_new 1.00849 SA_pAcc 2.10249e-147 Delta 0.00105049 SA_r 0.402924 freedomratio 0.1661
Iter 6500000 pBad 0.00932292 T 1.93834e-09 Obj 1.00845 Rho 0 GRdif 4.93225 success 929764 failure 1518289 obj_new 1.00845 SA_pAcc 3.56864e-45 Delta -0.000843839 SA_r 0.715324 freedomratio 0.158378
Iter 7000000 pBad 0.00561412 T 6.34574e-10 Obj 1.00843 Rho 0 GRdif 4.93361 success 937281 failure 1853296 obj_new 1.00845 SA_pAcc 0 Delta -0.000390301 SA_r 0.312682 freedomratio 0.153725
Iter 7500000 pBad 0.00319204 T 2.07746e-10 Obj 1.00842 Rho 0 GRdif 4.91601 success 943437 failure 2198775 obj_new 1.00842 SA_pAcc 2.63725e-137 Delta 8.51159e-07 SA_r 0.407019 freedomratio 0.150798
Iter 8000000 pBad 0.00137033 T 6.80119e-11 Obj 1.00842 Rho 0 GRdif 4.91218 success 948747 failure 2556231 obj_new 1.00842 SA_pAcc 1 Delta -6.50902e-05 SA_r 0.583178 freedomratio 0.147793
Iter 8500000 pBad 0.00134307 T 2.22657e-11 Obj 1.00841 Rho 0 GRdif 4.91009 success 953160 failure 2919405 obj_new 1.00841 SA_pAcc 0.0866668 Delta 1.29723e-06 SA_r 0.117702 freedomratio 0.145807
Iter 9000000 pBad 0.000362703 T 7.28934e-12 Obj 1.00841 Rho 0 GRdif 4.90888 success 957253 failure 3289580 obj_new 1.00841 SA_pAcc 0 Delta -1.99612e-05 SA_r 0.118657 freedomratio 0.143874
Iter 9500000 pBad 0.000160633 T 2.38638e-12 Obj 1.00841 Rho 0 GRdif 4.90821 success 961255 failure 3664409 obj_new 1.00841 SA_pAcc 1 Delta -6.06616e-06 SA_r 0.701535 freedomratio 0.142544
Good enough
iter 9.9993e+06 obj1.00841 rho 0 GRdif 4.90778
Training:
Lab Growth Rates:
0.7 0.37 0.4 0.4 0.33 0.55 0.54 0.58 0.1 0.11 0.19 0.636 0.4 0.38 0.54 0.4 0.54 0.42 0.23 0.7 0.5 0.23 0.4 0.53 0.56 0.43 0.58 0.485 0.2 0.4 0.33 0.42 0.3 0.56 0.46 0.648 0.65 0.4 0.1 0.17 0.55 0.56 0.5 0.3 0.37 0.47 0.5 0.5 0.485 0.46 0.4 1.67 0.48 0.1 0.52 0.5 0.45 0.5 0.4 0.58 0.53 0.5 0.59 0.5 0.54 0.23 0.4 0.58 1.05 0.4 0.25 0.55 0.33 0.36 1.483 0.41 0.47 0.38 0.4 0.53 0.65 1.03 0.59 0.23 0.4 1.345 0.53 0.4 0.46 0.42 0.59 0.686 0.377 0.59 0.09 0.43 0.25 0.47 0.37 0.4 0.22 0.25 0.4 0.17 0.56 0.54 0.45 0.4 0.37 1.4 0.56 0.22 0.4 0.45 0.1 0.48 0.54 0.58 0.59 0.686 0.53 0.26 0.47 0.56 0.4 0.54 0.56 0.33 0.47 0.68 0.59 0.47 0.4 0.36 0.49 0.52 0.4 0.465 1.483 0.4 0.58 0.38 0.481 0.23 0.47 0.4 0.635 0.51 0.648 1.483 0.55 0.11 0.4 0.901 0.54 0.33 0.47 0.5 1.483 0.65 0.37 0.68 0.42 0.476 0.42 0.59 0.5 0.4 0.635 0.31 0.58 0.4 1.345 0.46 0.42 1.05 0.33 0.54 0.48 0.46 0.43 0.56 1.345 0.31 0.58 0.4 0.23 0.5 0.27 0.47 0.46 0.71 0.52 0.59 0.53 1.42 0.5 0.71 0.37 0.37 0.71 0.25 0.48 0.46 0.3 0.43 0.47 0.36 0.43 0.53 0.3 1.248 0.762 0.3 0.54 0.52 0.39 0.59 0.55 0.4 0.476 1.46 0.19 0.4 0.47 0.5 0.22 0.648 0.47 0.53 0.41 0.47 0.58 0.6 0.637 0.377 0.42 0.41 0.37 0.36 1.46 0.42 0.5 0.36 1.05 0.65 0.465 0.46 0.22 0.4 0.45 0.54 0.33 0.5 1.345 0.4 0.4 0.47 0.45 0.58 0.4 1.35 0.43 0.43 0.43 0.4 0.59 1.345 0.43 0.54 0.52 0.22 0.3 0.56 0.42 0.41 0.53 0.46 0.1 0.22 0.45 0.5 0.41 1.248 0.2 0.37 0.3 0.46 0.23 0.58 1.483 0.3 0.42 0.4 0.56 0.53 0.58 1.248 0.3 0.65 0.45 1.46 0.635 0.901 0.56 0.56 0.36 0.25 0.25 0.4 0.47 1.483 0.42 0.27 0.59 0.09 0.39 0.55 0.58 0.42 0.4 0.54 0.901 0.4 0.485 1.483 0.55 0.27 0.4 0.3 0.53 0.47 0.58 0.47 0.54 0.46 0.5 0.5 0.52 0.6 0.36 0.42 0.2 0.4 0.41 0.41 0.4 0.686 0.32 0.34 0.46 0.39 0.59 0.46 0.54 0.39 0.481 1.66 0.637 0.901 0.52 0.46 0.4 0.54 0.762 0.301 0.4 1.345 0.55 0.19 0.5 0.47 0.53 0.5 0.42 0.56 0.3 0.58 0.54 0.485 0.45 0.46 0.42 0.54 0.54 0.52 0.5 0.46 0.3 0.4 0.476 0.46 1.345 0.52 0.27 0.37 0.23 0.45 0.56 0.46 0.301 0.42 0.47 0.17 0.65 0.14 0.4 0.53 0.5 0.26 0.59 0.42 0.4 1.345 0.37 0.45 0.68 0.5 0.4 1.38 0.4 0.4 0.55 0.53 0.47 0.45 0.41 0.59 1.483 0.5 1.43 0.26 1.248 0.45 0.48 0.25 0.43 0.5 0.27 0.45 1.483 1.345 1.67 0.724 0.45 0.58 0.56 0.5 1.49 0.4 0.5 0.55 0.27 1.66 0.5 0.54 0.4 0.636 1.345 0.32 0.3 1.483 0.4 0.36 0.51 0.09 0.65 0.5 0.58 0.7 0.58 0.65 1.248 0.45 0.58 0.48 0.5 0.37 0.68 0.4 0.46 1.345 0.5 0.301 0.45 0.38 0.54 0.3 0.48 0.68 0.59 0.617 0.56 0.465 0.54 0.38 0.6 0.4 1.46 0.47 0.7 0.33 0.22 0.48 0.5 0.724 0.4 0.54 0.14 0.33 0.58 0.54 0.45 0.39 0.51 0.1 0.49 0.46 1.345 0.39 0.4 0.54 0.49 0.45 0.31 0.5 0.47 0.54 0.52 0.5 0.43 0.55 0.45 0.58 0.637 0.4 0.41 1.05 0.4 1.05 0.34 0.52 0.53 0.636 0.4 0.65 0.1 0.377 0.22 0.36 0.901 0.47 0.34 0.54 0.23 0.901 0.46 0.25 0.43 0.4 0.6 0.1 1.43 0.37 0.47 0.32 1.483 0.56 1.44 0.52 0.4 0.481 0.762 1.483 0.56 0.48 0.54 0.11 0.4 0.1 0.762 0.42 0.724 0.59 0.55 0.4
Dot Production Prediction of Lab Growth Rates:
0.73602 0.377081 0.401149 0.398673 0.515027 0.480496 0.469483 0.27986 1.05283 0.362042 0.283632 0.712569 0.401047 0.386348 0.387325 0.402325 0.340928 0.311407 0.54305 0.733622 0.350019 0.544716 0.39955 0.329007 0.534277 0.41449 0.467486 0.518123 0.344795 0.401719 0.5177 0.288434 0.448058 0.534176 0.283551 0.700719 0.65 0.398565 1.06381 0.271296 0.485014 0.533357 0.543016 0.484655 0.412724 0.354044 0.776815 0.367783 0.517462 0.359185 0.399452 1.28345 0.307924 0.409648 0.345742 0.32756 0.392562 0.464465 0.401695 0.463051 0.319159 0.459927 0.401976 0.800508 0.413412 0.533312 0.39903 0.344411 1.04939 0.398294 0.54996 0.539741 0.319165 0.317225 1.32569 0.390555 0.367987 0.290098 0.398132 0.461662 0.666072 1.25478 0.538515 0.546765 0.399088 1.35855 0.532384 0.38885 0.46946 0.292612 0.389798 0.707344 0.519102 0.320224 0.361383 0.377882 1.43024 0.318048 0.419107 0.39192 0.472054 0.296633 0.395429 0.405723 0.463867 0.348224 1.4632 0.399384 0.275455 1.32006 0.531811 0.465439 0.399792 0.364314 1.21564 0.291576 0.469217 0.456474 0.342522 0.704499 0.531796 0.581841 0.428947 0.547978 0.4007 0.30088 0.543903 0.292312 0.371032 0.394963 0.539852 0.370143 0.40065 0.342348 0.39002 0.33551 0.400005 0.508356 1.32248 0.401104 0.463105 0.379502 0.509898 0.431577 0.397649 0.397631 0.710396 0.423896 0.707431 1.36434 0.486634 0.384863 0.394826 1.29394 0.380908 0.470931 0.373339 0.555784 1.32061 0.647561 0.417255 0.402194 0.334522 0.512345 0.559 0.330296 0.31346 0.399556 0.708616 0.615686 0.46416 0.361093 1.34232 0.537125 0.396776 1.07284 0.326499 0.54018 0.354449 0.343238 0.431576 0.528226 1.35371 0.599722 0.465938 0.399833 0.432311 0.715188 0.363683 0.329744 0.530265 0.702552 0.359895 0.323519 0.522632 1.49291 0.3202 0.696895 0.411059 0.422422 0.712463 0.326219 0.265362 0.435543 0.576392 0.310203 0.330702 0.336534 0.443125 0.415371 0.299527 1.26007 1.45965 0.392168 0.383812 0.356035 0.329942 0.320428 0.544409 0.40289 0.509948 1.07283 0.301145 0.399614 0.394919 0.457472 0.440341 0.701577 0.380235 0.533614 0.364933 0.341051 0.369927 0.594686 0.711448 0.512775 0.292647 0.300565 0.521807 0.359946 1.40932 0.308076 0.814293 0.416685 1.07847 0.649913 0.512283 0.460252 0.344226 0.294621 1.41988 0.544876 0.291214 0.86255 1.31694 0.399138 0.397038 0.375208 0.398852 0.380078 0.401118 1.03631 0.338237 0.364577 0.367013 0.404456 0.321429 1.35275 0.389513 0.538938 0.335092 0.474028 0.372406 0.46753 0.315159 0.527601 0.51409 0.457556 0.429278 0.462632 0.306771 0.540194 0.369613 1.24735 0.354355 0.407255 0.305881 0.37808 0.537158 0.466293 1.29925 0.622193 0.32452 0.399011 0.530126 0.443557 0.352218 1.24753 0.543904 0.653249 1.38725 1.08643 0.70803 0.903439 0.462612 0.5357 0.360031 1.06372 0.484372 0.39595 0.33477 1.29876 0.28156 0.360239 0.546214 0.447736 0.343992 0.541688 0.462282 0.304549 0.403921 0.381012 0.900894 0.396508 0.515466 1.32874 0.481522 0.359544 0.393343 0.300001 0.294184 0.351647 0.378273 0.350732 0.458287 0.461643 0.833704 0.541331 0.357044 0.598794 0.419986 0.357893 0.357043 0.40083 0.530522 0.341593 0.397295 0.709135 0.322135 0.304596 0.43428 0.302043 0.541332 0.320785 0.341119 0.308472 0.513594 1.48345 0.709526 0.901003 0.404596 0.416966 0.398649 0.456843 1.47153 0.526972 0.399936 1.34057 0.491286 0.293949 0.326579 0.333077 0.533706 0.472573 0.315531 0.465046 0.578962 0.459073 0.45464 0.511877 1.4043 0.458402 0.552248 0.331877 0.534472 0.349825 0.810616 0.529562 0.325041 0.29575 0.506687 0.394672 1.33414 0.388835 0.324957 0.37515 0.542781 1.34284 0.462638 0.461475 0.539079 0.578914 0.439871 0.279537 0.653859 0.140838 0.398465 0.434404 0.319577 0.444561 0.331633 0.364382 0.396661 1.34561 0.425712 0.340824 0.399448 0.342143 0.397054 1.26995 0.400763 0.401543 0.48214 0.375086 0.44421 0.369816 0.527472 0.536315 1.32936 0.545939 1.07086 0.379031 1.25072 0.343783 0.332394 0.347925 0.364796 0.47197 0.278487 1.46448 1.32925 1.38004 1.45903 0.709202 0.423529 0.464272 0.466797 0.462165 1.4632 0.401918 0.777817 0.547564 0.567399 1.49989 0.778588 0.284915 0.401103 0.697039 1.34647 0.323419 0.580936 1.26034 0.401368 0.353627 0.375407 0.341389 0.638277 0.409136 0.381709 0.736765 0.339436 0.673941 1.24395 0.339504 0.466322 0.290263 0.375545 0.389574 0.400319 0.397587 0.279576 1.33845 0.333446 0.535096 0.382353 0.28357 0.553369 0.555066 0.299992 0.397694 0.547438 0.568482 0.531193 0.509264 0.542452 0.269523 0.600183 0.397458 1.0568 0.356553 0.728425 0.358331 0.468646 0.343698 0.46839 0.715119 0.391436 0.370831 0.14 0.341391 0.315464 0.461961 0.318975 0.335884 0.41676 1.42387 0.38888 0.354586 1.31576 0.300566 0.404702 0.540733 0.371528 1.42911 0.592484 0.714373 0.362764 0.32408 0.378329 0.877104 0.360471 0.547686 0.34284 0.448849 0.707005 0.401301 0.400023 1.05026 0.400891 1.34681 0.300554 0.384633 0.536211 0.705486 0.399122 0.630075 0.345349 0.518839 0.391153 0.302069 0.89952 0.34762 0.310592 0.33249 0.432263 0.894829 0.464712 0.325956 0.338562 0.403515 0.572058 1.21087 1.07476 0.4149 0.389184 0.294954 1.31756 0.540682 1.44846 0.384586 0.401629 0.50795 1.46523 1.31621 0.539112 0.32631 0.383366 0.325637 0.394279 1.04449 1.50168 0.334829 0.713787 0.548035 0.542796 0.38766
Testing:
Lab Growth Rates:
0.37 0.37 0.37
Dot Production Prediction of Lab Growth Rates:
0.427984 0.428433 0.429441
Best performance so far: 
Obj: 4.6509e-310Rho: 6.5069e-314Diff: 4.6509e-310
Test:
 Lab Growth Rates:
0.37 0.37 0.37Dot Product Prediction of Growth Rate:
0.4279841 0.4284331 0.429441