seed =  5 traits =  1 
Training: part  91 
Training: part  91 
Round  1 
 Goal of obj  0.99 
Temperature range:  0.00390625 7.8125e-15 
Cycle 1Round 1
Iter 500000 pBad 0.858534 T 0.00101581 Obj 1.08097 Rho 0 GRdif 45.6247 success 147082 failure 8797 obj_new 1.08097 SA_pAcc 1.12396 Delta 0.0622711 SA_r 0.705866 freedomratio 0.36625
Iter 1000000 pBad 0.787608 T 0.000264158 Obj 1.03491 Rho 0 GRdif 20.1109 success 290954 failure 25436 obj_new 1.03491 SA_pAcc 1 Delta 0.0556724 SA_r 0.680142 freedomratio 0.370417
Iter 1500000 pBad 0.68929 T 6.86935e-05 Obj 1.02511 Rho 0 GRdif 14.5336 success 431867 failure 48619 obj_new 1.02511 SA_pAcc 0.839202 Delta 0.0305557 SA_r 0.576124 freedomratio 0.364428
Iter 2000000 pBad 0.521945 T 1.78635e-05 Obj 1.01797 Rho 0 GRdif 10.4341 success 569963 failure 76786 obj_new 1.01797 SA_pAcc 1.05405 Delta -0.00944764 SA_r 0.522801 freedomratio 0.363975
Iter 2500000 pBad 0.453133 T 4.64535e-06 Obj 1.0145 Rho 0 GRdif 8.43466 success 698833 failure 121278 obj_new 1.0145 SA_pAcc 0.869244 Delta -0.0356945 SA_r 0.21223 freedomratio 0.356015
Iter 3000000 pBad 0.278423 T 1.20801e-06 Obj 1.0107 Rho 0 GRdif 6.23915 success 811685 failure 200333 obj_new 1.0107 SA_pAcc 0.0946543 Delta -0.0230482 SA_r 0.903173 freedomratio 0.336782
Iter 3500000 pBad 0.124353 T 3.14139e-07 Obj 1.00931 Rho 0 GRdif 5.43348 success 897024 failure 334971 obj_new 1.00932 SA_pAcc 0.0529739 Delta 0.00151658 SA_r 0.95721 freedomratio 0.299132
Iter 4000000 pBad 0.0591304 T 8.16908e-08 Obj 1.00885 Rho 0 GRdif 5.16462 success 946370 failure 552964 obj_new 1.00885 SA_pAcc 0.0633098 Delta 0.00312186 SA_r 0.0103059 freedomratio 0.264799
Iter 4500000 pBad 0.0218059 T 2.12434e-08 Obj 1.00862 Rho 0 GRdif 5.03787 success 975687 failure 829659 obj_new 1.00863 SA_pAcc 5.50661e-207 Delta -0.000629435 SA_r 0.453479 freedomratio 0.228817
Iter 5000000 pBad 0.0109541 T 5.52429e-09 Obj 1.00849 Rho 0 GRdif 4.95442 success 993849 failure 1148292 obj_new 1.00849 SA_pAcc 7.93435e-230 Delta -0.000266065 SA_r 0.279343 freedomratio 0.2114
Iter 5500000 pBad 0.00661517 T 1.43657e-09 Obj 1.00846 Rho 0 GRdif 4.95528 success 1002511 failure 1498293 obj_new 1.00849 SA_pAcc 0 Delta 0.000644209 SA_r 0.348727 freedomratio 0.201652
Iter 6000000 pBad 0.00459568 T 3.73576e-10 Obj 1.00844 Rho 0 GRdif 4.99601 success 1007704 failure 1862786 obj_new 1.00856 SA_pAcc 0 Delta 0.000113279 SA_r 0.119826 freedomratio 0.198174
Iter 6500000 pBad 0.00172465 T 9.71473e-11 Obj 1.00843 Rho 0 GRdif 4.92103 success 1011209 failure 2235491 obj_new 1.00843 SA_pAcc 5.48537e-116 Delta -5.69095e-05 SA_r 0.478071 freedomratio 0.194297
Iter 7000000 pBad 0.000888511 T 2.52628e-11 Obj 1.00843 Rho 0 GRdif 4.91728 success 1013532 failure 2615365 obj_new 1.00843 SA_pAcc 0 Delta -5.70054e-05 SA_r 0.375344 freedomratio 0.191378
Iter 7500000 pBad 0.000484197 T 6.56952e-12 Obj 1.00842 Rho 0 GRdif 4.9154 success 1015635 failure 2999246 obj_new 1.00842 SA_pAcc 1 Delta 6.05113e-05 SA_r 0.446366 freedomratio 0.190013
Iter 8000000 pBad 3.31603e-05 T 1.70838e-12 Obj 1.00842 Rho 0 GRdif 4.91671 success 1017782 failure 3385856 obj_new 1.00843 SA_pAcc 0 Delta 1.30295e-06 SA_r 0.425189 freedomratio 0.186684
Iter 8500000 pBad 2.16462e-22 T 4.44259e-13 Obj 1.00842 Rho 0 GRdif 4.94589 success 1020954 failure 3736292 obj_new 1.00848 SA_pAcc 0 Delta 1.41776e-23 SA_r 0.434873 freedomratio 0.176879
Iter 9000000 pBad 5.84978e-49 T 1.15528e-13 Obj 1.00842 Rho 0 GRdif 4.91405 success 1020954 failure 4041091 obj_new 1.00842 SA_pAcc 1 Delta 2.43837e-51 SA_r 0.972425 freedomratio 0.175765
Iter 9500000 pBad 4.93596e-178 T 3.00428e-14 Obj 1.00842 Rho 0 GRdif 4.91405 success 1020954 failure 4355656 obj_new 1.00842 SA_pAcc 1 Delta 3.97554e-179 SA_r 0.327971 freedomratio 0.105244
Iter 10000000 pBad 0 T 7.81252e-15 Obj 1.00842 Rho 0 GRdif 4.91443 success 1020954 failure 4698031 obj_new 1.00842 SA_pAcc 0 Delta -0 SA_r 0.843182 freedomratio 0.0481077
Cannot move further
iter 8.40574e+06 obj1.00842 rho 0 GRdif 4.91405
Training:
Lab Growth Rates:
0.65 1.05 1.345 0.48 0.47 0.36 0.3 0.56 0.52 0.41 1.483 0.55 0.22 0.58 1.483 0.5 0.46 0.51 0.37 1.248 0.23 0.26 0.22 0.5 0.2 0.3 0.377 0.31 0.19 0.32 0.48 0.55 0.47 0.4 0.23 1.483 1.345 1.345 0.45 0.36 0.26 0.42 0.09 1.483 0.55 0.3 0.25 1.43 0.23 0.55 0.59 0.38 0.71 0.59 1.66 0.476 0.636 0.617 0.56 0.5 0.56 0.5 0.53 0.3 0.5 0.5 0.34 0.59 0.54 0.5 0.46 0.42 0.481 0.46 0.58 0.4 0.47 0.46 0.47 0.5 0.636 0.5 0.52 0.58 0.52 0.54 0.47 0.53 0.47 0.4 0.762 0.5 0.53 0.58 0.5 0.4 0.55 0.901 0.54 0.42 0.54 1.483 0.762 0.4 0.48 0.54 1.248 0.1 0.45 0.53 0.54 0.38 0.686 0.33 0.45 0.485 0.4 0.4 0.46 1.05 0.4 0.4 0.45 0.45 0.5 0.901 0.55 0.47 0.1 0.648 0.465 0.48 0.37 0.7 0.22 0.724 0.762 0.33 0.39 0.45 0.47 0.53 0.37 0.42 0.4 0.4 0.4 1.483 0.54 0.648 0.4 0.42 0.17 0.4 0.54 0.5 1.05 1.345 0.65 0.636 0.39 0.53 0.59 0.49 0.47 0.46 0.42 0.54 1.248 0.32 0.55 0.48 0.45 0.34 0.43 0.58 0.37 0.36 0.25 0.4 0.637 0.55 0.71 0.31 0.46 0.52 0.4 0.4 0.59 0.33 0.55 0.51 0.4 0.54 0.4 0.46 0.635 0.59 0.58 0.46 0.49 0.58 0.5 0.3 0.55 0.45 1.248 0.47 1.248 0.58 0.59 0.6 1.345 0.45 0.33 0.3 0.54 0.54 0.19 0.5 0.901 0.3 0.11 0.71 0.27 0.47 0.37 0.54 0.4 0.686 1.05 0.53 1.67 0.4 0.3 0.42 0.56 1.03 0.25 0.4 1.483 0.33 0.476 0.37 0.4 0.377 0.25 0.5 0.25 0.4 0.4 0.46 0.56 0.901 0.1 0.37 0.4 0.33 0.54 0.42 0.58 1.49 0.59 1.345 0.46 0.47 0.54 0.56 0.4 0.43 0.42 0.45 1.345 0.39 0.4 0.53 0.46 0.45 0.39 0.27 0.38 0.5 0.23 0.37 0.52 0.46 0.7 0.09 1.66 0.4 0.3 0.1 0.58 0.637 0.53 0.56 0.47 1.345 0.5 0.58 0.52 0.37 0.65 0.48 0.5 0.4 1.483 0.48 0.43 0.47 0.6 0.6 0.41 0.485 0.3 0.39 0.55 0.56 0.3 0.45 0.485 0.4 0.5 0.4 0.481 0.46 0.56 0.56 0.43 0.33 0.47 0.19 0.56 1.483 0.54 0.5 0.42 0.45 0.27 0.5 0.41 0.37 0.4 0.43 0.47 0.54 1.05 0.17 0.14 0.53 0.7 0.53 0.59 0.36 0.5 0.58 0.36 0.54 0.47 0.42 0.43 0.4 0.47 0.47 0.1 0.42 0.4 0.52 1.345 0.54 0.22 0.43 0.34 0.25 0.55 0.301 0.59 0.56 1.38 1.46 0.17 0.49 0.5 0.45 0.4 0.3 0.14 0.56 0.33 0.4 0.22 0.56 1.35 0.42 1.345 1.67 0.4 0.38 0.36 0.38 0.42 0.56 0.37 0.3 0.46 0.68 0.59 0.635 1.345 1.483 0.46 0.476 0.648 0.4 0.43 0.37 0.54 0.68 0.41 0.5 0.52 0.68 0.635 0.36 0.47 0.4 0.41 0.58 0.11 0.56 0.7 0.51 0.37 0.41 0.43 0.36 0.43 0.42 0.68 0.11 0.46 0.27 0.54 0.52 0.54 0.59 0.1 1.46 0.47 1.42 0.22 0.45 0.59 1.44 0.32 0.58 0.46 0.45 0.54 0.5 0.4 0.39 0.45 0.52 0.4 0.54 0.09 0.485 0.4 1.46 0.4 0.42 0.4 0.4 0.41 0.58 0.58 0.54 0.27 0.53 0.5 0.65 0.58 0.2 0.27 0.481 0.58 0.4 0.45 0.52 0.65 0.4 0.47 0.65 0.53 0.65 0.68 0.46 0.43 0.58 0.22 0.31 0.4 0.47 0.901 0.5 0.43 0.46 0.54 0.36 1.483 0.42 0.52 0.465 0.37 0.65 0.65 1.345 0.2 0.33 0.4 0.4 0.4 0.637 0.25 0.1 0.5 0.377 0.37 0.5 0.53 0.41 0.5 0.37 0.41 0.26 0.59 0.4 0.901 0.6 0.54 0.4 1.43 1.46 0.5 0.56 0.48 1.483 0.4 0.58 0.23 0.5 0.301 0.46 0.45 0.724 0.4 0.58 0.5 0.59 0.4 0.4 0.3 0.53 0.22 0.4 1.4 0.724 0.23 0.762 0.25 0.301 0.47 0.54 0.4 0.4 0.48 0.686 0.59 0.4 0.42 0.465 0.1 0.1 0.56 0.4
Dot Production Prediction of Lab Growth Rates:
0.639919 1.61409 0.994379 0.321421 0.352344 0.332691 0.411966 0.540336 0.362654 0.37904 0.983432 0.543766 0.416372 0.501697 0.981392 0.558918 0.418517 0.37012 0.449886 0.895813 0.546585 0.538487 0.508423 0.354598 0.403225 0.301971 0.481212 0.561691 0.336676 0.305534 0.340109 0.546791 0.384974 0.395965 0.539037 0.966181 1.0105 0.957387 0.398957 0.34523 0.455616 0.568187 0.422131 0.978039 0.55543 0.351362 1.5365 1.26846 0.544799 0.556912 0.547509 0.314071 0.670434 0.34326 1.63988 0.48914 0.668718 0.614866 0.499285 0.342662 0.550849 0.514744 0.411359 0.362804 0.541133 0.606427 0.301067 0.560013 0.498029 0.355004 0.508159 0.356311 0.481951 0.513629 0.361806 0.410268 0.46972 0.362347 0.346096 0.543167 0.664457 0.383445 0.361656 0.346263 0.346186 0.400694 0.403119 0.386285 0.35872 0.410903 0.871175 0.501533 0.355125 0.358265 0.556759 0.402229 0.488777 0.902629 0.487621 0.351088 0.489191 0.993478 0.862032 0.400058 0.341231 0.34785 0.902921 1.03149 1.50294 0.541419 0.492996 0.377146 0.668443 0.336816 1.5543 0.484037 0.408783 0.410048 0.317414 1.05343 0.403695 0.399041 1.48555 0.334535 0.633692 0.905187 0.498281 0.417902 1.13688 0.65901 0.48923 0.348247 0.446315 0.674365 0.5083 0.671499 0.867232 0.358183 0.341513 0.347362 0.374031 0.475366 0.315706 0.351028 0.402434 0.409052 0.398311 0.986369 0.384974 0.658239 0.404421 0.550447 0.341863 0.400735 0.540005 0.593222 1.02472 0.979519 0.650362 0.672103 0.340564 0.530634 0.331047 0.369292 0.355492 0.495371 0.336758 0.481911 0.906775 0.324147 0.486702 0.330828 0.352046 0.337616 0.412852 0.357475 0.432962 0.341583 0.309341 0.408127 0.654879 0.547361 0.667796 0.565181 0.362506 0.344234 0.40645 0.40889 0.35867 0.464142 0.496324 0.405966 0.403856 0.55507 0.400007 0.489125 0.660464 0.325652 0.496778 0.308812 0.361922 0.511364 0.503785 0.449056 0.553095 0.388956 0.898238 0.339644 0.895924 0.361602 0.548393 0.44393 0.974463 1.49065 0.362952 0.410838 0.36767 0.544596 0.334847 0.539521 0.901535 0.421987 0.344983 0.664721 0.358638 0.442378 0.449683 0.40331 0.411091 0.668794 1.05 0.530284 1.53395 0.397138 0.4114 0.350482 0.542184 1.35659 0.344443 0.410546 0.966628 0.485026 0.486398 0.455324 0.410932 0.483709 0.35666 0.512654 0.361349 0.337356 0.409664 0.429163 0.515756 0.900788 0.721397 0.522023 0.400556 0.370329 0.308289 0.362557 0.501952 1.5516 0.324313 1.00689 0.453349 0.416542 0.374989 0.547127 0.400005 0.363898 0.375218 1.47548 1.00138 0.32082 0.405223 0.520784 0.49916 0.3999 0.320901 0.382675 0.325187 0.637415 0.541015 0.456672 0.382151 0.51681 0.67369 0.367518 1.66 0.410201 0.309322 1.43966 0.508124 0.659879 0.338925 0.539649 0.345484 1.02507 0.329987 0.496075 0.368175 0.446637 0.658306 0.333687 0.501286 0.413762 0.957605 0.33672 0.432803 0.346074 0.429899 0.434628 0.477638 0.479914 0.31003 0.331044 0.495517 0.545809 0.419168 0.372011 0.481134 0.402644 0.326955 0.408172 0.48046 0.492809 0.515288 0.545281 0.456326 0.316854 0.386853 0.320146 0.498167 0.980071 0.542 0.326092 0.337732 0.379464 0.321156 0.610697 0.35666 0.387458 0.40501 0.350892 0.351337 0.385589 1.05004 0.405073 0.140474 0.543306 0.668183 0.33511 0.548785 0.391877 0.335631 0.330635 0.398624 0.385736 0.384791 0.348744 0.401104 0.407348 0.475733 0.334608 0.375599 0.321402 0.398933 0.37979 0.999626 0.55098 0.506146 0.366858 0.315857 0.519299 0.497241 0.483449 0.393377 0.508927 1.32959 1.04816 0.344211 0.379506 0.328922 1.5516 0.401783 0.389344 0.139981 0.548568 0.428649 0.409091 0.345429 0.534402 1.17599 0.331438 0.963339 1.42433 0.408129 0.32557 0.333022 0.380625 0.340681 0.535186 0.443259 0.378933 0.351802 0.413455 0.552709 0.659447 1.00892 0.970147 0.488449 0.488474 0.653547 0.40493 0.397595 0.404178 0.543 0.413954 0.48167 0.560439 0.402236 0.413361 0.660881 0.347164 0.408076 0.4 0.358821 0.505671 0.369259 0.542862 0.680355 0.385347 0.450425 0.482703 0.436603 0.360585 0.407953 0.33477 0.415427 0.376698 0.395464 0.565653 0.539417 0.359096 0.341093 0.404894 0.930511 1.60063 0.410976 1.54323 0.370305 0.336214 0.551808 1.50461 0.34096 0.486126 0.339288 0.366965 0.378729 0.623345 0.347996 0.309735 0.358285 0.384786 0.411196 0.358681 0.330577 0.484814 0.408233 1.01081 0.411553 0.553297 0.395231 0.409048 0.331501 0.312375 0.49923 0.357073 0.3567 0.373554 0.510955 0.625528 0.320143 0.369839 0.382647 0.483361 0.381231 0.4061 1.58643 0.3446 0.652622 0.411811 0.392572 0.650803 0.532768 0.649999 0.416985 0.420346 0.35097 0.498308 0.504744 0.563663 0.410585 0.376562 0.901 0.544622 0.36295 0.501204 0.49821 0.34141 0.992553 0.379716 0.357989 0.489074 0.455945 0.629595 0.646391 1.02616 0.397496 0.322989 0.409196 0.409819 0.400217 0.658508 0.499655 0.906264 0.546932 0.486275 0.386439 0.352867 0.303426 0.376268 0.342784 0.370349 0.347549 0.355958 0.323526 0.412946 0.880153 0.425708 0.359679 0.408062 1.28954 1.01196 0.566169 0.551475 0.314018 0.964196 0.41207 0.511353 0.549349 0.360299 0.48403 0.444683 0.374708 0.671749 0.408925 0.498577 0.651869 0.558546 0.413276 0.41326 0.444653 0.556762 0.503955 0.401867 1.44106 0.66909 0.547357 0.8656 0.726926 0.483354 0.35746 0.331211 0.41065 0.40207 0.324306 0.668855 0.327993 0.397012 0.316068 0.485947 0.432626 0.427679 0.495219 0.405657
Testing:
Lab Growth Rates:
0.23 0.23 0.23
Dot Production Prediction of Lab Growth Rates:
0.459606 0.458946 0.459407
Best performance so far: 
Obj: 4.67376e-310Rho: 2.26291e-314Diff: 4.67376e-310
Anneal again with the best G and E so far as input
Cycle 2Round 1
Iter 500000 pBad 0.785914 T 0.00101581 Obj 1.06808 Rho 0 GRdif 38.5962 success 109108 failure 12124 obj_new 1.06808 SA_pAcc 1 Delta 0.0561331 SA_r 0.924678 freedomratio 0.261841
Iter 1000000 pBad 0.699563 T 0.000264158 Obj 1.03103 Rho 0 GRdif 17.9089 success 213852 failure 33959 obj_new 1.03103 SA_pAcc 1 Delta -0.0400772 SA_r 0.00495349 freedomratio 0.258491
Iter 1500000 pBad 0.67511 T 6.86935e-05 Obj 1.0228 Rho 0 GRdif 13.2117 success 315466 failure 63528 obj_new 1.0228 SA_pAcc 1 Delta -0.0302319 SA_r 0.726946 freedomratio 0.255895
Iter 2000000 pBad 0.588374 T 1.78635e-05 Obj 1.01787 Rho 0 GRdif 10.3771 success 414802 failure 98106 obj_new 1.01787 SA_pAcc 1 Delta -0.022303 SA_r 0.918146 freedomratio 0.25423
Iter 2500000 pBad 0.392828 T 4.64535e-06 Obj 1.01425 Rho 0 GRdif 8.29438 success 510599 failure 141411 obj_new 1.01425 SA_pAcc 1 Delta -0.0357087 SA_r 0.248011 freedomratio 0.25556
Iter 3000000 pBad 0.274863 T 1.20801e-06 Obj 1.01169 Rho 0 GRdif 6.81283 success 594427 failure 207946 obj_new 1.01169 SA_pAcc 1 Delta 0.0202023 SA_r 0.711464 freedomratio 0.24376
Iter 3500000 pBad 0.184755 T 3.14139e-07 Obj 1.01012 Rho 0 GRdif 5.89992 success 665444 failure 307928 obj_new 1.01012 SA_pAcc 0.0444999 Delta 0.000860875 SA_r 0.717458 freedomratio 0.231438
Iter 4000000 pBad 0.0802829 T 8.16908e-08 Obj 1.0095 Rho 0 GRdif 5.542 success 715974 failure 462016 obj_new 1.0095 SA_pAcc 1 Delta -0.00635035 SA_r 0.985872 freedomratio 0.206411
Iter 4500000 pBad 0.0359545 T 2.12434e-08 Obj 1.00926 Rho 0 GRdif 5.39883 success 745930 failure 681963 obj_new 1.00926 SA_pAcc 1 Delta 0.00358482 SA_r 0.966517 freedomratio 0.181818
Iter 5000000 pBad 0.016641 T 5.52429e-09 Obj 1.00917 Rho 0 GRdif 5.35531 success 764303 failure 950348 obj_new 1.00918 SA_pAcc 0 Delta -4.19217e-05 SA_r 0.703715 freedomratio 0.169217
Iter 5500000 pBad 0.00642314 T 1.43657e-09 Obj 1.00912 Rho 0 GRdif 5.321 success 775635 failure 1252917 obj_new 1.00912 SA_pAcc 1 Delta -0.000373808 SA_r 0.469864 freedomratio 0.159369
Iter 6000000 pBad 0.00415613 T 3.73576e-10 Obj 1.0091 Rho 0 GRdif 5.30988 success 783568 failure 1579980 obj_new 1.0091 SA_pAcc 1 Delta 0.000268615 SA_r 0.708098 freedomratio 0.152723
Iter 6500000 pBad 0.00308547 T 9.71473e-11 Obj 1.00909 Rho 0 GRdif 5.30537 success 789103 failure 1924218 obj_new 1.00909 SA_pAcc 1 Delta 0.000202742 SA_r 0.88563 freedomratio 0.149185
Iter 7000000 pBad 0.00211912 T 2.52628e-11 Obj 1.00909 Rho 0 GRdif 5.30264 success 793737 failure 2277019 obj_new 1.00909 SA_pAcc 1.51727e-47 Delta -0.000202233 SA_r 0.401186 freedomratio 0.146757
Iter 7500000 pBad 0.000239357 T 6.56952e-12 Obj 1.00909 Rho 0 GRdif 5.3013 success 797970 failure 2636753 obj_new 1.00909 SA_pAcc 1 Delta 2.42383e-06 SA_r 0.0118066 freedomratio 0.143663
Iter 8000000 pBad 0.000973312 T 1.70838e-12 Obj 1.00909 Rho 0 GRdif 5.30055 success 802304 failure 3004842 obj_new 1.00909 SA_pAcc 1 Delta -2.7394e-05 SA_r 0.416933 freedomratio 0.141751
Iter 8500000 pBad 0.000324081 T 4.44259e-13 Obj 1.00909 Rho 0 GRdif 5.30016 success 807635 failure 3372550 obj_new 1.00909 SA_pAcc 1 Delta -2.64014e-05 SA_r 0.502522 freedomratio 0.138567
Iter 9000000 pBad 8.32184e-58 T 1.15528e-13 Obj 1.00909 Rho 0 GRdif 5.59495 success 808531 failure 3687931 obj_new 1.00959 SA_pAcc 0 Delta -2.78446e-59 SA_r 0.950871 freedomratio 0.135931
Iter 9500000 pBad 1.77215e-220 T 3.00428e-14 Obj 1.00909 Rho 0 GRdif 5.33496 success 808531 failure 3998687 obj_new 1.00915 SA_pAcc 0 Delta -3.85443e-222 SA_r 0.335694 freedomratio 0.114789
Good enough
iter 8.58499e+06 obj1.00909 rho 0 GRdif 5.30012
Training:
Lab Growth Rates:
0.65 1.05 1.345 0.48 0.47 0.36 0.3 0.56 0.52 0.41 1.483 0.55 0.22 0.58 1.483 0.5 0.46 0.51 0.37 1.248 0.23 0.26 0.22 0.5 0.2 0.3 0.377 0.31 0.19 0.32 0.48 0.55 0.47 0.4 0.23 1.483 1.345 1.345 0.45 0.36 0.26 0.42 0.09 1.483 0.55 0.3 0.25 1.43 0.23 0.55 0.59 0.38 0.71 0.59 1.66 0.476 0.636 0.617 0.56 0.5 0.56 0.5 0.53 0.3 0.5 0.5 0.34 0.59 0.54 0.5 0.46 0.42 0.481 0.46 0.58 0.4 0.47 0.46 0.47 0.5 0.636 0.5 0.52 0.58 0.52 0.54 0.47 0.53 0.47 0.4 0.762 0.5 0.53 0.58 0.5 0.4 0.55 0.901 0.54 0.42 0.54 1.483 0.762 0.4 0.48 0.54 1.248 0.1 0.45 0.53 0.54 0.38 0.686 0.33 0.45 0.485 0.4 0.4 0.46 1.05 0.4 0.4 0.45 0.45 0.5 0.901 0.55 0.47 0.1 0.648 0.465 0.48 0.37 0.7 0.22 0.724 0.762 0.33 0.39 0.45 0.47 0.53 0.37 0.42 0.4 0.4 0.4 1.483 0.54 0.648 0.4 0.42 0.17 0.4 0.54 0.5 1.05 1.345 0.65 0.636 0.39 0.53 0.59 0.49 0.47 0.46 0.42 0.54 1.248 0.32 0.55 0.48 0.45 0.34 0.43 0.58 0.37 0.36 0.25 0.4 0.637 0.55 0.71 0.31 0.46 0.52 0.4 0.4 0.59 0.33 0.55 0.51 0.4 0.54 0.4 0.46 0.635 0.59 0.58 0.46 0.49 0.58 0.5 0.3 0.55 0.45 1.248 0.47 1.248 0.58 0.59 0.6 1.345 0.45 0.33 0.3 0.54 0.54 0.19 0.5 0.901 0.3 0.11 0.71 0.27 0.47 0.37 0.54 0.4 0.686 1.05 0.53 1.67 0.4 0.3 0.42 0.56 1.03 0.25 0.4 1.483 0.33 0.476 0.37 0.4 0.377 0.25 0.5 0.25 0.4 0.4 0.46 0.56 0.901 0.1 0.37 0.4 0.33 0.54 0.42 0.58 1.49 0.59 1.345 0.46 0.47 0.54 0.56 0.4 0.43 0.42 0.45 1.345 0.39 0.4 0.53 0.46 0.45 0.39 0.27 0.38 0.5 0.23 0.37 0.52 0.46 0.7 0.09 1.66 0.4 0.3 0.1 0.58 0.637 0.53 0.56 0.47 1.345 0.5 0.58 0.52 0.37 0.65 0.48 0.5 0.4 1.483 0.48 0.43 0.47 0.6 0.6 0.41 0.485 0.3 0.39 0.55 0.56 0.3 0.45 0.485 0.4 0.5 0.4 0.481 0.46 0.56 0.56 0.43 0.33 0.47 0.19 0.56 1.483 0.54 0.5 0.42 0.45 0.27 0.5 0.41 0.37 0.4 0.43 0.47 0.54 1.05 0.17 0.14 0.53 0.7 0.53 0.59 0.36 0.5 0.58 0.36 0.54 0.47 0.42 0.43 0.4 0.47 0.47 0.1 0.42 0.4 0.52 1.345 0.54 0.22 0.43 0.34 0.25 0.55 0.301 0.59 0.56 1.38 1.46 0.17 0.49 0.5 0.45 0.4 0.3 0.14 0.56 0.33 0.4 0.22 0.56 1.35 0.42 1.345 1.67 0.4 0.38 0.36 0.38 0.42 0.56 0.37 0.3 0.46 0.68 0.59 0.635 1.345 1.483 0.46 0.476 0.648 0.4 0.43 0.37 0.54 0.68 0.41 0.5 0.52 0.68 0.635 0.36 0.47 0.4 0.41 0.58 0.11 0.56 0.7 0.51 0.37 0.41 0.43 0.36 0.43 0.42 0.68 0.11 0.46 0.27 0.54 0.52 0.54 0.59 0.1 1.46 0.47 1.42 0.22 0.45 0.59 1.44 0.32 0.58 0.46 0.45 0.54 0.5 0.4 0.39 0.45 0.52 0.4 0.54 0.09 0.485 0.4 1.46 0.4 0.42 0.4 0.4 0.41 0.58 0.58 0.54 0.27 0.53 0.5 0.65 0.58 0.2 0.27 0.481 0.58 0.4 0.45 0.52 0.65 0.4 0.47 0.65 0.53 0.65 0.68 0.46 0.43 0.58 0.22 0.31 0.4 0.47 0.901 0.5 0.43 0.46 0.54 0.36 1.483 0.42 0.52 0.465 0.37 0.65 0.65 1.345 0.2 0.33 0.4 0.4 0.4 0.637 0.25 0.1 0.5 0.377 0.37 0.5 0.53 0.41 0.5 0.37 0.41 0.26 0.59 0.4 0.901 0.6 0.54 0.4 1.43 1.46 0.5 0.56 0.48 1.483 0.4 0.58 0.23 0.5 0.301 0.46 0.45 0.724 0.4 0.58 0.5 0.59 0.4 0.4 0.3 0.53 0.22 0.4 1.4 0.724 0.23 0.762 0.25 0.301 0.47 0.54 0.4 0.4 0.48 0.686 0.59 0.4 0.42 0.465 0.1 0.1 0.56 0.4
Dot Production Prediction of Lab Growth Rates:
0.645919 1.34389 0.915094 0.325561 0.364557 0.34042 0.410426 0.524638 0.368643 0.394377 0.90088 0.536551 0.411591 0.481489 0.872178 0.503448 0.431122 0.388788 0.422833 0.888016 0.526784 0.528476 0.472142 0.356273 0.385593 0.301233 0.478563 0.534166 0.351471 0.328346 0.332016 0.536471 0.390576 0.392516 0.522524 0.835988 0.926955 0.850828 0.389194 0.358808 0.449191 0.544519 0.427261 0.865576 0.548378 0.365598 1.51155 0.79596 0.531098 0.546593 0.534159 0.324327 0.723622 0.339596 1.52629 0.483516 0.720199 0.607624 0.485951 0.363286 0.523815 0.488269 0.405221 0.276418 0.527994 0.542863 0.302419 0.536364 0.452453 0.376615 0.481577 0.358229 0.480872 0.484827 0.371081 0.401522 0.462063 0.345386 0.359417 0.539207 0.717048 0.42093 0.343949 0.339158 0.364067 0.395998 0.384514 0.409313 0.34855 0.402186 0.853392 0.483082 0.368586 0.372033 0.512287 0.395708 0.464425 0.903289 0.463484 0.359896 0.44973 0.919767 0.840864 0.400787 0.361989 0.350393 0.890559 0.83754 1.50347 0.526154 0.467375 0.381371 0.718947 0.317124 1.51912 0.484364 0.400929 0.401034 0.313051 1.0544 0.399955 0.398457 1.48967 0.348925 0.553234 0.904183 0.469653 0.421205 0.882622 0.714437 0.485339 0.362864 0.41942 0.460585 0.486562 0.720704 0.845809 0.370587 0.335809 0.345433 0.382118 0.463261 0.316776 0.366305 0.398169 0.400065 0.400933 0.922177 0.377496 0.715467 0.39995 0.530911 0.333001 0.400684 0.54005 0.560395 1.05 0.875382 0.654698 0.724544 0.346588 0.535443 0.340563 0.37076 0.342901 0.477432 0.351428 0.44 0.892552 0.337824 0.449956 0.310236 0.36185 0.319077 0.414065 0.350677 0.407802 0.346318 0.320723 0.400018 0.71344 0.536769 0.721111 0.535783 0.352992 0.344016 0.3967 0.400489 0.343929 0.433733 0.467018 0.414575 0.400023 0.542087 0.396682 0.477042 0.711231 0.323683 0.481492 0.313472 0.353656 0.485861 0.49047 0.33979 0.545135 0.399457 0.887355 0.37015 0.883701 0.383315 0.534357 0.339295 0.857822 1.51366 0.381231 0.313531 0.38332 0.539145 0.340314 0.525203 0.899939 0.318017 0.342183 0.715914 0.378068 0.431555 0.425345 0.388961 0.402657 0.724137 1.04976 0.547442 1.50982 0.392904 0.317406 0.345123 0.529791 1.26102 0.362856 0.40083 0.873812 0.466174 0.481548 0.43386 0.40226 0.47454 0.368212 0.494844 0.372406 0.335789 0.398446 0.411504 0.488125 0.901098 0.614899 0.4855 0.399868 0.352314 0.315899 0.360274 0.482353 1.53383 0.334453 0.920489 0.440077 0.398465 0.390851 0.527258 0.399569 0.366194 0.399138 1.45063 0.91293 0.318787 0.39671 0.490991 0.479554 0.40771 0.322504 0.386372 0.329683 0.557779 0.528212 0.433752 0.391829 0.476281 0.456136 0.382509 1.57354 0.401927 0.301089 1.4792 0.487115 0.715258 0.337055 0.528939 0.349886 0.917162 0.341496 0.476679 0.363878 0.418331 0.653744 0.317677 0.483103 0.402332 0.868821 0.336188 0.432911 0.34292 0.330259 0.347103 0.487454 0.479566 0.312484 0.343304 0.467769 0.538385 0.325598 0.361717 0.479844 0.403246 0.340979 0.397586 0.479884 0.465666 0.49281 0.52637 0.444223 0.320847 0.391491 0.329015 0.486198 0.902141 0.539355 0.32661 0.350707 0.367537 0.319944 0.522827 0.376882 0.406029 0.396861 0.35486 0.36342 0.388494 1.05971 0.401194 0.139941 0.521637 0.455614 0.338928 0.53644 0.413982 0.337829 0.345589 0.399442 0.370913 0.385625 0.34573 0.404057 0.403957 0.468541 0.340164 0.378948 0.31847 0.399083 0.40604 0.901011 0.550329 0.471203 0.373141 0.319102 0.504199 0.459235 0.479115 0.377926 0.491526 1.30826 1.0801 0.340555 0.379511 0.327377 1.53383 0.399115 0.396381 0.140002 0.540059 0.419765 0.396919 0.348305 0.534748 0.747889 0.325604 0.869738 1.37958 0.397789 0.322911 0.338856 0.386891 0.353353 0.53951 0.416421 0.289338 0.35577 0.332332 0.541197 0.710629 0.884896 0.871338 0.469378 0.486182 0.710078 0.399349 0.403187 0.404985 0.545557 0.331107 0.481537 0.501973 0.402611 0.335732 0.714319 0.35879 0.398491 0.400002 0.369474 0.490701 0.361717 0.531997 0.461203 0.411511 0.429179 0.482545 0.441144 0.364028 0.402906 0.318079 0.334117 0.380189 0.391694 0.52487 0.540004 0.375036 0.349756 0.384607 0.762393 1.40875 0.385801 1.55562 0.385231 0.350523 0.538891 1.51528 0.348023 0.462501 0.3362 0.377292 0.372828 0.579005 0.331364 0.327243 0.357935 0.38117 0.400843 0.367207 0.347883 0.487471 0.400206 1.05829 0.400482 0.524948 0.397767 0.401733 0.320886 0.308251 0.486356 0.35737 0.358402 0.378058 0.486619 0.632223 0.34039 0.377984 0.380557 0.484324 0.371389 0.396397 1.55891 0.36158 0.660738 0.402718 0.394883 0.660897 0.534358 0.64999 0.335814 0.412598 0.355349 0.487662 0.476455 0.542842 0.400087 0.390163 0.901001 0.528348 0.371203 0.484657 0.46869 0.356888 0.902447 0.387293 0.385849 0.485311 0.432914 0.635811 0.649926 0.923349 0.398107 0.339234 0.400049 0.402813 0.401166 0.717517 0.489536 0.753604 0.543173 0.477337 0.388616 0.389489 0.302601 0.39343 0.356955 0.394363 0.357559 0.377907 0.326184 0.402109 0.862827 0.331047 0.365207 0.400171 0.801262 1.06202 0.509705 0.542878 0.312357 0.83723 0.404828 0.491949 0.529532 0.384656 0.481701 0.439547 0.361897 0.724562 0.399721 0.48916 0.572315 0.536827 0.402824 0.402405 0.337049 0.534348 0.483612 0.395803 1.44574 0.723997 0.534519 0.861635 0.613494 0.474142 0.368104 0.333151 0.401306 0.394258 0.32582 0.723479 0.343538 0.392748 0.309735 0.481984 0.436424 0.433954 0.48725 0.401523
Testing:
Lab Growth Rates:
0.23 0.23 0.23
Dot Production Prediction of Lab Growth Rates:
0.432952 0.432503 0.434452
Best performance so far: 
Obj: 4.67376e-310Rho: 6.5069e-314Diff: 4.67376e-310
Test:
 Lab Growth Rates:
0.23 0.23 0.23Dot Product Prediction of Growth Rate:
0.4329523 0.4325026 0.4344523