seed =  5 traits =  1 
Training: part  224 
Training: part  224 
Round  1 
 Goal of obj  0.99 
Temperature range:  0.0078125 3.125e-09 
Cycle 1Round 1
Iter 500000 pBad 0.892894 T 0.00374019 Obj 1.13521 Rho 0 GRdif 74.3159 success 144872 failure 4823 obj_new 1.13521 SA_pAcc 1.00565 Delta 0.00660889 SA_r 0.532616 freedomratio 0.358849
Iter 1000000 pBad 0.8628 T 0.00179059 Obj 1.10976 Rho 0 GRdif 61.0284 success 291004 failure 14494 obj_new 1.10976 SA_pAcc 1 Delta 0.0633121 SA_r 0.210461 freedomratio 0.363298
Iter 1500000 pBad 0.848092 T 0.000857235 Obj 1.04978 Rho 0 GRdif 28.4688 success 435210 failure 29716 obj_new 1.04978 SA_pAcc 1 Delta 0.0239066 SA_r 0.692165 freedomratio 0.379534
Iter 2000000 pBad 0.788386 T 0.000410396 Obj 1.03764 Rho 0 GRdif 21.653 success 577587 failure 49589 obj_new 1.03764 SA_pAcc 1 Delta -0.000828349 SA_r 0.451175 freedomratio 0.373486
Iter 2500000 pBad 0.740943 T 0.000196474 Obj 1.02753 Rho 0 GRdif 15.9128 success 718556 failure 72406 obj_new 1.02753 SA_pAcc 1 Delta -0.0268112 SA_r 0.373078 freedomratio 0.367859
Iter 3000000 pBad 0.688763 T 9.40608e-05 Obj 1.02173 Rho 0 GRdif 12.5964 success 858732 failure 96953 obj_new 1.02173 SA_pAcc 1 Delta -0.0221118 SA_r 0.0349923 freedomratio 0.366938
Iter 3500000 pBad 0.61036 T 4.5031e-05 Obj 1.01956 Rho 0 GRdif 11.3507 success 996773 failure 125113 obj_new 1.01956 SA_pAcc 0.979563 Delta -0.0427058 SA_r 0.565887 freedomratio 0.373486
Iter 4000000 pBad 0.549284 T 2.15583e-05 Obj 1.01659 Rho 0 GRdif 9.6413 success 1133208 failure 155938 obj_new 1.01659 SA_pAcc 1 Delta 0.0101012 SA_r 0.431834 freedomratio 0.36106
Iter 4500000 pBad 0.495612 T 1.03209e-05 Obj 1.01493 Rho 0 GRdif 8.68662 success 1263045 failure 198586 obj_new 1.01493 SA_pAcc 0.694966 Delta 0.0244028 SA_r 0.305366 freedomratio 0.360837
Iter 5000000 pBad 0.389581 T 4.94107e-06 Obj 1.01204 Rho 0 GRdif 7.01285 success 1381327 failure 264839 obj_new 1.01204 SA_pAcc 1 Delta 0.0157632 SA_r 0.821388 freedomratio 0.354507
Iter 5500000 pBad 0.307486 T 2.3655e-06 Obj 1.01004 Rho 0 GRdif 5.85583 success 1490429 failure 348742 obj_new 1.01004 SA_pAcc 0.927875 Delta -0.0153334 SA_r 0.695495 freedomratio 0.345723
Iter 6000000 pBad 0.198028 T 1.13247e-06 Obj 1.00893 Rho 0 GRdif 5.20958 success 1586544 failure 458974 obj_new 1.00893 SA_pAcc 1 Delta -0.00808112 SA_r 0.564257 freedomratio 0.332955
Iter 6500000 pBad 0.146644 T 5.42163e-07 Obj 1.00824 Rho 0 GRdif 4.81608 success 1668494 failure 601267 obj_new 1.00825 SA_pAcc 3.27718e-08 Delta 0.014657 SA_r 0.887473 freedomratio 0.308909
Iter 7000000 pBad 0.0835088 T 2.59557e-07 Obj 1.00779 Rho 0 GRdif 4.55 success 1733376 failure 782393 obj_new 1.00779 SA_pAcc 0.00238753 Delta -0.00157389 SA_r 0.146615 freedomratio 0.28867
Iter 7500000 pBad 0.0619349 T 1.24261e-07 Obj 1.00765 Rho 0 GRdif 4.47115 success 1777468 failure 1014930 obj_new 1.00766 SA_pAcc 2.65316e-23 Delta 0.00504356 SA_r 0.3569 freedomratio 0.255338
Iter 8000000 pBad 0.0340129 T 5.94893e-08 Obj 1.00758 Rho 0 GRdif 4.42331 success 1810454 failure 1279875 obj_new 1.00758 SA_pAcc 13.0924 Delta 0.000965606 SA_r 0.633402 freedomratio 0.236195
Iter 8500000 pBad 0.0278744 T 2.84801e-08 Obj 1.00753 Rho 0 GRdif 4.39904 success 1833153 failure 1578382 obj_new 1.00754 SA_pAcc 0.00126972 Delta -0.0018669 SA_r 0.744552 freedomratio 0.225732
Iter 9000000 pBad 0.0157723 T 1.36347e-08 Obj 1.00752 Rho 0 GRdif 4.39462 success 1848475 failure 1900577 obj_new 1.00753 SA_pAcc 3.95423e-297 Delta 0.000757025 SA_r 0.0814595 freedomratio 0.216476
Iter 9500000 pBad 0.0112307 T 6.52751e-09 Obj 1.00751 Rho 0 GRdif 4.38305 success 1859345 failure 2238450 obj_new 1.00751 SA_pAcc 9.47675e-09 Delta -0.000905407 SA_r 0.480634 freedomratio 0.211095
Iter 10000000 pBad 0.00526643 T 3.125e-09 Obj 1.0075 Rho 0 GRdif 4.37928 success 1867555 failure 2587468 obj_new 1.0075 SA_pAcc 1.15727e-36 Delta -0.000119658 SA_r 0.779338 freedomratio 0.20612
Cannot move further
iter 9.99996e+06 obj1.0075 rho 0 GRdif 4.37913
Training:
Lab Growth Rates:
0.4 0.5 0.5 0.41 0.53 0.26 0.33 0.56 0.465 0.37 0.4 0.43 0.5 0.65 0.4 0.48 0.46 0.47 0.46 0.4 0.53 0.22 0.37 0.23 0.45 0.901 0.53 0.39 0.58 0.39 0.648 0.901 0.37 0.33 0.47 0.43 0.09 0.1 0.724 1.345 0.58 0.4 0.59 0.45 1.345 0.4 0.4 0.58 0.5 0.42 0.485 0.4 0.7 0.43 0.51 0.4 1.03 1.345 0.25 0.3 1.345 0.46 0.4 0.42 0.1 0.45 0.43 0.4 0.45 0.54 0.52 0.58 0.5 0.637 0.53 0.54 0.1 0.4 0.58 0.45 0.55 0.3 0.49 0.41 0.37 1.483 1.43 0.901 0.6 0.23 0.301 0.54 0.65 0.648 0.25 0.47 1.42 0.45 0.4 0.485 0.68 0.41 0.65 0.4 0.65 0.54 0.55 0.3 0.4 1.4 0.3 0.54 0.4 0.36 0.25 0.42 0.58 0.11 0.55 0.56 0.48 0.22 0.3 0.4 0.58 0.5 0.4 0.47 1.345 0.5 1.483 0.52 0.43 0.301 0.4 0.5 0.686 0.4 0.4 0.43 0.3 0.58 0.55 0.54 0.476 0.49 0.4 0.5 0.46 0.27 0.377 0.56 0.5 0.33 0.47 0.54 1.345 0.54 0.636 0.485 0.22 0.48 0.4 0.46 0.54 1.05 0.4 0.42 0.36 0.39 0.485 0.3 0.56 0.27 0.5 0.52 0.31 1.35 0.17 0.39 0.46 0.5 0.58 0.68 0.43 0.58 0.54 0.5 0.637 0.51 0.901 0.45 0.27 0.5 0.4 0.45 0.46 0.47 0.54 0.46 0.686 0.27 0.58 0.09 0.37 0.4 0.56 0.46 1.46 0.4 0.14 0.5 0.54 0.47 0.42 0.4 0.42 0.23 0.37 1.483 0.59 0.58 0.3 0.42 0.31 0.41 0.45 0.4 0.4 0.55 0.37 0.54 1.483 0.4 0.58 0.3 0.37 0.48 0.54 0.56 0.4 0.34 0.65 0.41 0.4 0.45 0.47 0.33 0.56 0.47 0.5 0.617 1.483 0.635 0.37 0.59 0.59 0.22 0.53 0.47 0.5 1.46 0.23 0.45 0.43 0.68 0.4 0.54 0.3 0.6 0.38 0.59 0.22 0.52 0.2 0.636 0.58 0.38 0.36 0.26 1.05 0.6 0.17 0.6 0.4 0.4 0.762 0.52 0.58 0.33 0.56 0.54 0.762 0.481 0.42 0.09 0.53 0.52 0.59 0.42 0.53 0.52 0.54 0.47 0.45 0.5 0.4 0.56 0.3 0.4 0.47 0.3 0.37 0.46 0.46 0.53 0.5 0.4 0.53 0.4 0.476 0.55 0.59 0.41 0.39 1.483 0.45 0.55 0.5 0.56 0.45 0.636 0.46 0.25 0.46 0.56 0.377 0.46 0.58 0.58 0.37 0.51 0.5 0.301 1.49 0.5 0.25 0.56 0.58 0.4 0.36 0.4 1.248 0.55 0.56 0.5 0.762 0.25 0.47 0.476 0.5 0.19 0.1 0.43 1.05 0.43 0.56 0.686 0.56 0.54 0.4 0.42 0.901 0.45 0.42 0.43 0.55 0.648 0.22 0.48 0.1 0.53 0.65 0.635 0.45 1.38 1.67 0.54 0.31 0.37 1.46 0.27 0.33 0.34 0.48 0.2 0.47 0.58 0.25 0.465 1.05 0.37 0.3 0.59 0.54 1.248 0.5 0.47 0.56 0.11 1.248 0.481 0.901 0.23 1.345 0.14 0.4 0.58 0.42 0.65 0.53 1.345 0.3 0.71 0.49 0.32 0.23 0.46 0.7 0.762 0.1 0.4 0.5 0.47 0.68 0.53 0.36 1.345 1.44 0.1 0.1 0.19 0.2 0.32 0.36 0.5 0.48 1.66 0.48 0.26 0.4 0.53 0.71 0.46 0.17 0.32 0.45 0.23 0.52 0.47 0.54 0.46 0.4 0.22 0.635 0.53 0.33 0.4 0.65 0.54 0.4 0.4 1.248 0.52 0.54 0.34 0.5 0.47 0.55 0.47 1.483 0.56 0.33 0.5 0.5 0.724 0.53 0.52 1.43 0.36 0.45 0.56 0.46 0.37 1.46 0.4 1.05 0.37 0.41 0.54 0.52 0.52 0.59 1.66 0.637 0.11 0.48 1.483 0.59 0.481 0.42 0.724 0.47 0.47 0.54 0.4 0.4 0.46 0.5 0.4 0.4 0.45 0.36 0.58 0.27 0.39 0.59 0.54 0.41 0.42 0.22 0.59 0.7 0.59 0.37 0.47 1.345 0.41 0.54 1.483 0.59 0.42 0.23 0.4 0.4 1.483 0.47 0.42 0.5 0.5 0.59 0.4 0.55 0.19 0.71 0.65 0.59 1.67 1.248 1.483 1.345 0.23 0.54 0.377 0.4 0.7 0.42 0.25 0.46 0.5 0.68 0.42 0.1 1.345 0.4 0.47 0.465 0.4 1.483 0.46 0.36 0.43 0.4 0.4 0.33 0.55
Dot Production Prediction of Lab Growth Rates:
0.401487 0.34269 0.549682 0.362524 0.518463 0.354006 0.385718 0.53328 0.479931 0.402599 0.400169 0.398932 0.490863 0.649977 0.316205 0.283004 0.305193 0.328967 0.392617 0.402422 0.52776 0.478526 0.382404 0.54526 0.373481 0.89959 0.302913 0.34037 0.367401 0.297668 0.710305 0.904054 0.371319 0.3261 0.351668 0.345394 0.402528 0.808617 0.720736 1.23281 0.349309 0.40381 0.307227 0.338347 1.15118 0.402891 0.39871 0.325827 0.650516 0.339139 0.479704 0.387864 0.715564 0.42396 0.373248 0.402401 1.35298 1.22539 0.339688 0.34264 1.21768 0.310405 0.405043 0.370369 0.371743 0.35845 0.355421 0.394232 1.62879 0.389643 0.3814 0.374925 0.324336 0.70494 0.288896 0.372853 0.953256 0.403668 0.474879 1.67124 0.534766 0.459797 0.359932 0.46604 0.292657 1.1915 1.25923 0.904183 0.497429 0.413986 0.459457 0.356095 0.633945 0.709918 0.349016 0.378577 1.67296 1.75327 0.396625 0.471536 0.545546 0.37698 0.64421 0.40027 0.639276 0.468581 0.440044 0.301867 0.401623 1.48205 0.448537 0.35117 0.402597 0.380563 0.477288 0.321619 0.478685 0.353656 0.553186 0.535289 0.36168 0.333373 0.393906 0.404325 0.285563 0.599842 0.404927 0.37283 1.19687 0.366503 1.13225 0.337744 0.392959 0.46342 0.398456 0.325996 0.716551 0.395673 0.399326 0.39138 0.375245 0.466144 0.561076 0.448653 0.485161 0.371406 0.390388 0.338471 0.333506 0.289011 0.472137 0.534232 0.343385 0.328503 0.38483 0.339406 1.13315 0.334484 0.717362 0.473151 0.476305 0.340406 0.403784 0.337284 0.347927 1.49825 0.39916 0.560645 0.379495 0.315304 0.476567 0.422802 0.484814 0.328311 0.684869 0.33556 0.528396 1.14052 0.323946 0.296664 0.459685 0.476724 0.340463 0.546996 0.355344 0.478908 0.457811 0.414916 0.702287 0.384602 0.901603 0.365731 0.376321 0.353319 0.400048 0.350074 0.378952 0.342787 0.535145 0.453879 0.721293 0.555846 0.475876 0.347525 0.411845 0.403324 0.540764 0.330872 1.48256 0.403379 0.140738 0.547407 0.365671 0.321999 0.56417 0.399713 0.344002 0.414355 0.420425 1.19746 0.524323 0.339594 0.430868 0.343225 0.519757 0.467664 0.322294 0.399574 0.394566 0.457711 0.398833 0.357247 1.11049 0.401835 0.364719 0.306908 0.395172 0.314124 0.456119 0.468735 0.403172 0.313612 0.620086 0.346304 0.396574 0.340548 0.388073 0.318872 0.467627 0.352993 0.516201 0.616983 1.17122 0.703628 0.412101 0.55465 0.316248 0.476547 0.38675 0.378089 0.605533 1.01861 0.529534 0.325441 0.335164 0.538518 0.404546 0.293832 0.439063 0.470834 0.299734 0.534774 0.468985 0.340434 0.383967 0.712334 0.486372 0.299729 0.359025 0.436117 1.05 0.470378 0.374736 0.486944 0.392374 0.293478 0.918806 0.359129 0.325124 0.466845 0.548354 0.370324 0.927801 0.475368 0.284519 0.387638 0.35785 0.337504 0.28607 0.357447 0.319926 0.381785 0.54186 0.430604 0.318953 0.347051 0.402307 0.542661 0.315272 0.360663 0.341975 0.48249 0.395018 0.478272 0.482978 0.53488 0.665668 0.399239 0.355478 0.40288 0.478697 0.456567 0.539422 0.331308 0.324194 1.1766 1.62533 0.550337 0.512895 0.537279 0.34662 0.724891 0.346708 1.663 0.482384 0.536899 0.47279 0.460105 0.46828 0.44905 0.404554 0.363698 0.48977 0.460901 1.67124 0.664962 0.482113 0.533354 0.494472 0.401789 0.354636 0.391833 0.941752 0.457867 0.488615 0.324846 0.904421 0.818349 0.395361 0.482716 0.541148 0.307809 0.795636 0.417836 1.04995 0.339744 0.489209 0.722191 0.528582 0.542738 0.402685 0.370809 0.901012 1.61926 0.325426 0.347279 0.539314 0.704169 0.479183 0.29603 0.428262 0.530859 0.667607 0.707444 0.372561 1.36069 1.45813 0.367124 0.509363 0.382025 1.03711 0.355899 0.41609 0.326353 0.343975 0.371902 0.337925 0.468546 0.344383 0.482814 1.05127 0.41305 0.300058 0.326805 0.460443 0.938918 0.665771 0.422926 0.465101 0.326457 0.946831 0.474809 0.900982 0.525658 1.19883 0.139935 0.403498 0.486415 0.35797 0.651315 0.526298 1.1962 0.479482 0.709191 0.355601 0.318774 0.413489 0.390634 0.704729 0.912453 0.427789 0.401549 0.656792 0.349127 0.540422 0.537332 0.312442 1.24641 1.61688 1.04663 1.54387 0.307694 0.349365 0.343815 0.332682 0.357624 0.35202 1.66 0.334676 0.518618 0.401135 0.380429 0.716894 0.398744 0.314439 0.323801 0.403501 0.533235 0.355953 0.344877 0.363414 0.475774 0.398554 0.375314 0.704126 0.466258 0.339579 0.398719 0.649809 0.532724 0.40091 0.403341 0.94181 0.331044 0.551501 0.340048 0.680658 0.463678 0.464563 0.3966 1.12426 0.535133 0.331998 0.316837 0.474773 0.724017 0.52844 0.375835 1.27095 0.322372 1.61979 0.52871 0.452388 0.378562 1.01914 0.399383 1.0218 0.504382 0.33547 0.357072 0.338801 0.332534 0.542508 1.65999 0.706765 0.335446 0.321798 1.1419 0.526453 0.472668 0.319508 0.722671 0.294242 0.356729 0.541637 0.394878 0.399573 0.353597 0.644872 0.400486 0.405348 1.69445 0.34058 0.470207 0.353213 0.329981 0.338628 0.460781 0.370377 0.574565 0.354125 0.342914 0.708939 0.315902 0.392327 0.333381 1.12077 0.463107 0.548671 1.17651 0.546153 0.357442 0.524505 0.403309 0.402153 1.21811 0.473931 0.344109 0.472342 0.70311 0.334045 0.39438 0.539798 0.304326 0.721776 0.651045 0.35309 1.69026 0.93483 1.18875 1.19585 0.541665 0.333366 0.473487 0.400523 0.708669 0.300773 0.314847 0.469325 0.490352 0.547349 0.333938 0.819321 1.2197 0.400891 0.366593 0.483845 0.405094 1.14312 0.384558 0.342343 0.372406 0.402757 0.401104 0.351869 0.459458
Testing:
Lab Growth Rates:
0.38 0.38 0.38
Dot Production Prediction of Lab Growth Rates:
0.295901 0.350464 0.345776
Best performance so far: 
Obj: 4.64319e-310Rho: 2.26291e-314Diff: 4.64319e-310
Anneal again with the best G and E so far as input
Cycle 2Round 1
Iter 500000 pBad 0.872577 T 0.00374019 Obj 1.12644 Rho 0 GRdif 69.7695 success 102604 failure 5902 obj_new 1.12644 SA_pAcc 1 Delta 0.0592025 SA_r 0.214845 freedomratio 0.240657
Iter 1000000 pBad 0.834312 T 0.00179059 Obj 1.09433 Rho 0 GRdif 52.8236 success 204087 failure 14999 obj_new 1.09433 SA_pAcc 1 Delta 0.0260895 SA_r 0.984471 freedomratio 0.244167
Iter 1500000 pBad 0.78269 T 0.000857235 Obj 1.06562 Rho 0 GRdif 37.244 success 303783 failure 28309 obj_new 1.06562 SA_pAcc 1 Delta -0.0321633 SA_r 0.257152 freedomratio 0.24046
Iter 2000000 pBad 0.749575 T 0.000410396 Obj 1.03246 Rho 0 GRdif 18.7216 success 401721 failure 46552 obj_new 1.03246 SA_pAcc 1 Delta -0.0343846 SA_r 0.963258 freedomratio 0.239673
Iter 2500000 pBad 0.704892 T 0.000196474 Obj 1.02848 Rho 0 GRdif 16.4568 success 497957 failure 67818 obj_new 1.02848 SA_pAcc 1 Delta -0.0093395 SA_r 0.779946 freedomratio 0.233652
Iter 3000000 pBad 0.626892 T 9.40608e-05 Obj 1.02685 Rho 0 GRdif 15.5284 success 593542 failure 91319 obj_new 1.02685 SA_pAcc 1.46329 Delta 0.0409841 SA_r 0.171887 freedomratio 0.237728
Iter 3500000 pBad 0.629674 T 4.5031e-05 Obj 1.02282 Rho 0 GRdif 13.2244 success 687931 failure 117737 obj_new 1.02282 SA_pAcc 1 Delta 0.0556495 SA_r 0.58591 freedomratio 0.237055
Iter 4000000 pBad 0.59401 T 2.15583e-05 Obj 1.01968 Rho 0 GRdif 11.4179 success 780702 failure 149519 obj_new 1.01968 SA_pAcc 1 Delta -0.0495758 SA_r 0.765141 freedomratio 0.234682
Iter 4500000 pBad 0.439111 T 1.03209e-05 Obj 1.01715 Rho 0 GRdif 9.96662 success 871172 failure 187453 obj_new 1.01715 SA_pAcc 1 Delta -0.0256535 SA_r 0.533422 freedomratio 0.232355
Iter 5000000 pBad 0.393523 T 4.94107e-06 Obj 1.01529 Rho 0 GRdif 8.8949 success 956878 failure 231412 obj_new 1.01529 SA_pAcc 1 Delta -0.0282678 SA_r 0.606248 freedomratio 0.231987
Iter 5500000 pBad 0.299631 T 2.3655e-06 Obj 1.01157 Rho 0 GRdif 6.74024 success 1035649 failure 293997 obj_new 1.01157 SA_pAcc 0.584111 Delta 0.0237809 SA_r 0.848676 freedomratio 0.228549
Iter 6000000 pBad 0.281369 T 1.13247e-06 Obj 1.01022 Rho 0 GRdif 5.95675 success 1109597 failure 367602 obj_new 1.01022 SA_pAcc 0.697464 Delta 0.0212333 SA_r 0.721095 freedomratio 0.225125
Iter 6500000 pBad 0.173913 T 5.42163e-07 Obj 1.0093 Rho 0 GRdif 5.42592 success 1174825 failure 460735 obj_new 1.0093 SA_pAcc 1 Delta 0.0126809 SA_r 0.609551 freedomratio 0.217278
Iter 7000000 pBad 0.121498 T 2.59557e-07 Obj 1.00851 Rho 0 GRdif 4.96757 success 1231920 failure 577450 obj_new 1.00851 SA_pAcc 1 Delta -0.0050485 SA_r 0.832936 freedomratio 0.208913
Iter 7500000 pBad 0.0787551 T 1.24261e-07 Obj 1.00806 Rho 0 GRdif 4.7021 success 1276582 failure 730748 obj_new 1.00806 SA_pAcc 1 Delta -0.00682055 SA_r 0.158419 freedomratio 0.19404
Iter 8000000 pBad 0.0698004 T 5.94893e-08 Obj 1.00777 Rho 0 GRdif 4.53698 success 1309188 failure 923061 obj_new 1.00777 SA_pAcc 1 Delta 0.00634663 SA_r 0.394636 freedomratio 0.183584
Iter 8500000 pBad 0.0295503 T 2.84801e-08 Obj 1.00768 Rho 0 GRdif 4.48613 success 1329551 failure 1162502 obj_new 1.00768 SA_pAcc 1 Delta -0.000990461 SA_r 0.99209 freedomratio 0.168439
Iter 9000000 pBad 0.0155994 T 1.36347e-08 Obj 1.00762 Rho 0 GRdif 4.45701 success 1343409 failure 1427985 obj_new 1.00763 SA_pAcc 0 Delta 1.48252e-05 SA_r 0.48248 freedomratio 0.16305
Iter 9500000 pBad 0.00924059 T 6.52751e-09 Obj 1.00758 Rho 0 GRdif 4.43291 success 1353408 failure 1709726 obj_new 1.00759 SA_pAcc 0 Delta -0.000674601 SA_r 0.21182 freedomratio 0.158636
Good enough
iter 9.99993e+06 obj1.00757 rho 0 GRdif 4.41874
Training:
Lab Growth Rates:
0.4 0.5 0.5 0.41 0.53 0.26 0.33 0.56 0.465 0.37 0.4 0.43 0.5 0.65 0.4 0.48 0.46 0.47 0.46 0.4 0.53 0.22 0.37 0.23 0.45 0.901 0.53 0.39 0.58 0.39 0.648 0.901 0.37 0.33 0.47 0.43 0.09 0.1 0.724 1.345 0.58 0.4 0.59 0.45 1.345 0.4 0.4 0.58 0.5 0.42 0.485 0.4 0.7 0.43 0.51 0.4 1.03 1.345 0.25 0.3 1.345 0.46 0.4 0.42 0.1 0.45 0.43 0.4 0.45 0.54 0.52 0.58 0.5 0.637 0.53 0.54 0.1 0.4 0.58 0.45 0.55 0.3 0.49 0.41 0.37 1.483 1.43 0.901 0.6 0.23 0.301 0.54 0.65 0.648 0.25 0.47 1.42 0.45 0.4 0.485 0.68 0.41 0.65 0.4 0.65 0.54 0.55 0.3 0.4 1.4 0.3 0.54 0.4 0.36 0.25 0.42 0.58 0.11 0.55 0.56 0.48 0.22 0.3 0.4 0.58 0.5 0.4 0.47 1.345 0.5 1.483 0.52 0.43 0.301 0.4 0.5 0.686 0.4 0.4 0.43 0.3 0.58 0.55 0.54 0.476 0.49 0.4 0.5 0.46 0.27 0.377 0.56 0.5 0.33 0.47 0.54 1.345 0.54 0.636 0.485 0.22 0.48 0.4 0.46 0.54 1.05 0.4 0.42 0.36 0.39 0.485 0.3 0.56 0.27 0.5 0.52 0.31 1.35 0.17 0.39 0.46 0.5 0.58 0.68 0.43 0.58 0.54 0.5 0.637 0.51 0.901 0.45 0.27 0.5 0.4 0.45 0.46 0.47 0.54 0.46 0.686 0.27 0.58 0.09 0.37 0.4 0.56 0.46 1.46 0.4 0.14 0.5 0.54 0.47 0.42 0.4 0.42 0.23 0.37 1.483 0.59 0.58 0.3 0.42 0.31 0.41 0.45 0.4 0.4 0.55 0.37 0.54 1.483 0.4 0.58 0.3 0.37 0.48 0.54 0.56 0.4 0.34 0.65 0.41 0.4 0.45 0.47 0.33 0.56 0.47 0.5 0.617 1.483 0.635 0.37 0.59 0.59 0.22 0.53 0.47 0.5 1.46 0.23 0.45 0.43 0.68 0.4 0.54 0.3 0.6 0.38 0.59 0.22 0.52 0.2 0.636 0.58 0.38 0.36 0.26 1.05 0.6 0.17 0.6 0.4 0.4 0.762 0.52 0.58 0.33 0.56 0.54 0.762 0.481 0.42 0.09 0.53 0.52 0.59 0.42 0.53 0.52 0.54 0.47 0.45 0.5 0.4 0.56 0.3 0.4 0.47 0.3 0.37 0.46 0.46 0.53 0.5 0.4 0.53 0.4 0.476 0.55 0.59 0.41 0.39 1.483 0.45 0.55 0.5 0.56 0.45 0.636 0.46 0.25 0.46 0.56 0.377 0.46 0.58 0.58 0.37 0.51 0.5 0.301 1.49 0.5 0.25 0.56 0.58 0.4 0.36 0.4 1.248 0.55 0.56 0.5 0.762 0.25 0.47 0.476 0.5 0.19 0.1 0.43 1.05 0.43 0.56 0.686 0.56 0.54 0.4 0.42 0.901 0.45 0.42 0.43 0.55 0.648 0.22 0.48 0.1 0.53 0.65 0.635 0.45 1.38 1.67 0.54 0.31 0.37 1.46 0.27 0.33 0.34 0.48 0.2 0.47 0.58 0.25 0.465 1.05 0.37 0.3 0.59 0.54 1.248 0.5 0.47 0.56 0.11 1.248 0.481 0.901 0.23 1.345 0.14 0.4 0.58 0.42 0.65 0.53 1.345 0.3 0.71 0.49 0.32 0.23 0.46 0.7 0.762 0.1 0.4 0.5 0.47 0.68 0.53 0.36 1.345 1.44 0.1 0.1 0.19 0.2 0.32 0.36 0.5 0.48 1.66 0.48 0.26 0.4 0.53 0.71 0.46 0.17 0.32 0.45 0.23 0.52 0.47 0.54 0.46 0.4 0.22 0.635 0.53 0.33 0.4 0.65 0.54 0.4 0.4 1.248 0.52 0.54 0.34 0.5 0.47 0.55 0.47 1.483 0.56 0.33 0.5 0.5 0.724 0.53 0.52 1.43 0.36 0.45 0.56 0.46 0.37 1.46 0.4 1.05 0.37 0.41 0.54 0.52 0.52 0.59 1.66 0.637 0.11 0.48 1.483 0.59 0.481 0.42 0.724 0.47 0.47 0.54 0.4 0.4 0.46 0.5 0.4 0.4 0.45 0.36 0.58 0.27 0.39 0.59 0.54 0.41 0.42 0.22 0.59 0.7 0.59 0.37 0.47 1.345 0.41 0.54 1.483 0.59 0.42 0.23 0.4 0.4 1.483 0.47 0.42 0.5 0.5 0.59 0.4 0.55 0.19 0.71 0.65 0.59 1.67 1.248 1.483 1.345 0.23 0.54 0.377 0.4 0.7 0.42 0.25 0.46 0.5 0.68 0.42 0.1 1.345 0.4 0.47 0.465 0.4 1.483 0.46 0.36 0.43 0.4 0.4 0.33 0.55
Dot Production Prediction of Lab Growth Rates:
0.400669 0.35905 0.556154 0.349111 0.499923 0.367504 0.424381 0.527222 0.578517 0.392709 0.40383 0.418151 0.476287 0.642855 0.310435 0.291253 0.318462 0.329064 0.420295 0.401523 0.540929 0.477282 0.378091 0.549652 0.372397 0.806222 0.304698 0.324261 0.371395 0.294712 0.675012 0.903798 0.368723 0.32473 0.370836 0.352379 0.432212 0.928891 0.688236 1.36372 0.361062 0.403293 0.31766 0.388993 1.28038 0.406741 0.394694 0.306949 0.761273 0.336979 0.583425 0.390601 0.766827 0.414194 0.381791 0.404359 1.32016 1.34843 0.344496 0.35464 1.34126 0.295759 0.407652 0.382679 0.327162 0.370712 0.346635 0.393467 1.50365 0.372624 0.379219 0.379648 0.316015 0.676433 0.302906 0.36302 1.30317 0.404711 0.463541 1.56935 0.540975 0.576288 0.372617 0.580666 0.287371 1.3203 1.26763 0.904902 0.604637 0.409392 0.575111 0.350189 0.623439 0.675396 0.343957 0.425006 1.56668 1.5801 0.3961 0.576656 0.305052 0.368302 0.644493 0.403495 0.649361 0.46896 0.455022 0.294152 0.405365 1.4307 0.560461 0.360537 0.401988 0.407681 0.47124 0.29465 0.469164 0.351243 0.555173 0.539919 0.336474 0.340452 0.453903 0.405736 0.293731 0.656276 0.408797 0.421886 1.32661 0.3917 1.28766 0.334402 0.378363 0.579688 0.400364 0.328243 0.680975 0.396829 0.400449 0.385456 0.384307 0.463186 0.560952 0.4652 0.582237 0.37603 0.388779 0.335834 0.334115 0.282211 0.564481 0.543758 0.320373 0.312184 0.365055 0.334332 1.29284 0.297653 0.683658 0.57448 0.462843 0.339135 0.404603 0.347782 0.365901 1.49841 0.400526 0.555159 0.40933 0.323802 0.578813 0.508092 0.474308 0.324606 0.810669 0.327672 0.57124 1.19545 0.282695 0.281813 0.470965 0.467786 0.347821 0.305269 0.360679 0.478467 0.463607 0.42289 0.674875 0.40669 0.901009 0.40048 0.360482 0.350991 0.400123 0.343299 0.400345 0.342258 0.545211 0.453963 0.687038 0.553881 0.461436 0.335164 0.401074 0.402535 0.551984 0.292704 1.50402 0.405309 0.139919 0.543294 0.378507 0.3366 0.540727 0.40088 0.32079 0.406678 0.423344 1.35362 0.538019 0.349089 0.5522 0.342402 0.569501 0.577468 0.335874 0.401706 0.393606 0.466046 0.389579 0.340298 1.27366 0.401411 0.35707 0.303248 0.389996 0.305858 0.466131 0.463549 0.401685 0.303999 0.637027 0.344557 0.397385 0.345977 0.367613 0.325318 0.460635 0.347559 0.524646 0.563973 1.31392 0.677224 0.399662 0.544892 0.30041 0.46006 0.400529 0.349257 0.669824 1.03757 0.553836 0.319444 0.335822 0.29791 0.403728 0.295547 0.551695 0.587509 0.284328 0.535108 0.460725 0.355246 0.369254 0.69696 0.474063 0.294745 0.360003 0.437506 1.05443 0.581205 0.384878 0.605145 0.391442 0.298781 0.77206 0.377128 0.314955 0.470262 0.559279 0.359786 0.779244 0.582823 0.291312 0.370311 0.364083 0.346881 0.321028 0.346452 0.305132 0.35437 0.543215 0.431837 0.313316 0.353539 0.401766 0.555404 0.306913 0.375728 0.33451 0.606579 0.391469 0.475662 0.478679 0.524655 0.726932 0.39825 0.351064 0.403498 0.580185 0.475272 0.55032 0.323428 0.30468 1.30978 1.52149 0.550032 0.52275 0.540013 0.38835 0.692707 0.360016 1.55011 0.488024 0.524291 0.563299 0.456959 0.462622 0.447109 0.398666 0.374309 0.476223 0.5777 1.56935 0.730322 0.49787 0.549106 0.471896 0.401856 0.358045 0.392585 0.837498 0.474555 0.475348 0.325427 0.761989 0.937058 0.399315 0.58493 0.555197 0.298199 1.16711 0.440803 1.04973 0.327155 0.472776 0.687794 0.548479 0.539841 0.403906 0.321574 0.901008 1.5245 0.320671 0.326601 0.544754 0.667948 0.475127 0.296264 0.404988 0.530682 0.652721 0.681327 0.389619 1.32182 1.39268 0.373041 0.560731 0.413214 1.08184 0.355535 0.457627 0.331471 0.337498 0.351872 0.337367 0.465533 0.343967 0.582542 1.04997 0.39929 0.29835 0.372394 0.45419 0.83232 0.774453 0.385068 0.458062 0.32567 0.847069 0.581273 0.899543 0.545994 1.34204 0.141635 0.406369 0.476919 0.331239 0.652723 0.528106 1.31798 0.602161 0.677214 0.36939 0.322277 0.407074 0.432431 0.76502 0.763322 0.410049 0.404312 0.770126 0.354126 0.301934 0.543701 0.323175 1.40109 1.55446 1.40007 1.43415 0.295329 0.349767 0.341689 0.344235 0.366848 0.334521 1.66 0.300885 0.535102 0.40502 0.389852 0.682167 0.418406 0.285736 0.315865 0.39356 0.535097 0.378771 0.399448 0.346172 0.466404 0.396945 0.421609 0.678656 0.437331 0.343552 0.398189 0.659291 0.53531 0.402832 0.407365 0.837952 0.345406 0.556513 0.33143 0.814123 0.460757 0.463411 0.376802 1.28028 0.543644 0.317382 0.316086 0.464408 0.692069 0.530785 0.369305 1.28101 0.314901 1.51919 0.543075 0.44273 0.394319 1.0323 0.398792 1.03663 0.494992 0.320868 0.372469 0.345081 0.332926 0.546998 1.66 0.680189 0.343196 0.325235 1.31738 0.539423 0.5753 0.325274 0.684278 0.318742 0.365394 0.533419 0.397738 0.400578 0.325381 0.752554 0.399172 0.403074 1.55961 0.327516 0.461054 0.353016 0.339298 0.334399 0.470049 0.377952 0.562063 0.374899 0.33464 0.761742 0.322578 0.38948 0.331584 1.27781 0.576606 0.552542 1.31477 0.551229 0.304999 0.537515 0.402484 0.403308 1.36391 0.454094 0.312313 0.465272 0.819441 0.321399 0.390756 0.545485 0.302604 0.684912 0.661413 0.37425 1.55906 0.833934 1.32861 1.30922 0.542129 0.331631 0.566865 0.399953 0.773871 0.312289 0.299569 0.461903 0.468805 0.304309 0.299214 1.21015 1.36333 0.402326 0.428873 0.581918 0.406388 1.28928 0.38056 0.346222 0.384804 0.404859 0.40142 0.355258 0.472818
Testing:
Lab Growth Rates:
0.38 0.38 0.38
Dot Production Prediction of Lab Growth Rates:
0.295891 0.369011 0.359289
Best performance so far: 
Obj: 4.64319e-310Rho: 9.88131e-324Diff: 4.64319e-310
Test:
 Lab Growth Rates:
0.38 0.38 0.38Dot Product Prediction of Growth Rate:
0.2958912 0.3690113 0.3592891