seed =  5 traits =  1 
Training: part  92 
Training: part  92 
Round  1 
 Goal of obj  0.99 
Temperature range:  0.0078125 2e-13 
Cycle 1Round 1
Iter 500000 pBad 0.885684 T 0.00230783 Obj 1.08113 Rho 0 GRdif 45.8656 success 147304 failure 8275 obj_new 1.08113 SA_pAcc 1 Delta -0.0502425 SA_r 0.237743 freedomratio 0.377649
Iter 1000000 pBad 0.813451 T 0.000681734 Obj 1.04829 Rho 0 GRdif 27.7288 success 291762 failure 23324 obj_new 1.04829 SA_pAcc 1 Delta -0.0518682 SA_r 0.433831 freedomratio 0.360294
Iter 1500000 pBad 0.772567 T 0.000201385 Obj 1.0377 Rho 0 GRdif 21.7622 success 433849 failure 42544 obj_new 1.0377 SA_pAcc 1.057 Delta -0.0117295 SA_r 0.566179 freedomratio 0.371681
Iter 2000000 pBad 0.717694 T 5.94893e-05 Obj 1.0216 Rho 0 GRdif 12.5643 success 572948 failure 70592 obj_new 1.0216 SA_pAcc 1.13314 Delta -0.0685324 SA_r 0.937617 freedomratio 0.362515
Iter 2500000 pBad 0.609551 T 1.75732e-05 Obj 1.017 Rho 0 GRdif 9.91007 success 708739 failure 106392 obj_new 1.017 SA_pAcc 1 Delta 0.0221468 SA_r 0.639255 freedomratio 0.360294
Iter 3000000 pBad 0.508265 T 5.19114e-06 Obj 1.01366 Rho 0 GRdif 7.97527 success 840311 failure 147997 obj_new 1.01366 SA_pAcc 1 Delta -0.0326791 SA_r 0.307615 freedomratio 0.354858
Iter 3500000 pBad 0.315618 T 1.53347e-06 Obj 1.01041 Rho 0 GRdif 6.08966 success 958904 failure 214666 obj_new 1.01041 SA_pAcc 1 Delta -0.016284 SA_r 0.231886 freedomratio 0.342059
Iter 4000000 pBad 0.158372 T 4.52988e-07 Obj 1.00852 Rho 0 GRdif 5.01187 success 1058607 failure 319111 obj_new 1.00856 SA_pAcc 1.03718e-42 Delta -0.00632875 SA_r 0.305542 freedomratio 0.318872
Iter 4500000 pBad 0.0799806 T 1.33813e-07 Obj 1.00821 Rho 0 GRdif 4.84242 success 1119426 failure 508311 obj_new 1.00827 SA_pAcc 1.36397e-208 Delta 0.000610706 SA_r 0.23078 freedomratio 0.280534
Iter 5000000 pBad 0.04795 T 3.95286e-08 Obj 1.00804 Rho 0 GRdif 4.70922 success 1159262 failure 754720 obj_new 1.00804 SA_pAcc 1 Delta -0.00101417 SA_r 0.981769 freedomratio 0.244389
Iter 5500000 pBad 0.0182644 T 1.16768e-08 Obj 1.00797 Rho 0 GRdif 4.66921 success 1184505 failure 1050122 obj_new 1.00797 SA_pAcc 5.4586e-50 Delta 0.000845407 SA_r 0.0529319 freedomratio 0.218669
Iter 6000000 pBad 0.0113339 T 3.44933e-09 Obj 1.00794 Rho 0 GRdif 4.64951 success 1198177 failure 1386564 obj_new 1.00794 SA_pAcc 2.42999e-34 Delta -0.000325829 SA_r 0.0870667 freedomratio 0.204878
Iter 6500000 pBad 0.00684327 T 1.01894e-09 Obj 1.00793 Rho 0 GRdif 4.64425 success 1205807 failure 1745542 obj_new 1.00793 SA_pAcc 0 Delta -0.000209598 SA_r 0.482605 freedomratio 0.199457
Iter 7000000 pBad 0.00378651 T 3.00995e-10 Obj 1.00792 Rho 0 GRdif 4.63937 success 1210459 failure 2116559 obj_new 1.00792 SA_pAcc 3.75075e-125 Delta 0.000334032 SA_r 0.982608 freedomratio 0.195869
Iter 7500000 pBad 0.00272652 T 8.89142e-11 Obj 1.00792 Rho 0 GRdif 4.63763 success 1213425 failure 2495333 obj_new 1.00792 SA_pAcc 5.52688e-53 Delta 0.000121052 SA_r 0.470339 freedomratio 0.192283
Iter 8000000 pBad 0.000600521 T 2.62653e-11 Obj 1.00792 Rho 0 GRdif 4.69221 success 1216079 failure 2879430 obj_new 1.00801 SA_pAcc 0 Delta -4.64129e-05 SA_r 0.471071 freedomratio 0.18798
Iter 8500000 pBad 0.00104561 T 7.75881e-12 Obj 1.00792 Rho 0 GRdif 4.63604 success 1217835 failure 3270220 obj_new 1.00792 SA_pAcc 1 Delta 9.87654e-05 SA_r 0.931594 freedomratio 0.185841
Iter 9000000 pBad 0.000917292 T 2.29196e-12 Obj 1.00791 Rho 0 GRdif 4.63568 success 1220912 failure 3662088 obj_new 1.00791 SA_pAcc 1 Delta 2.40209e-05 SA_r 0.1465 freedomratio 0.17663
Iter 9500000 pBad 6.7614e-28 T 6.77047e-13 Obj 1.00791 Rho 0 GRdif 4.63681 success 1225054 failure 4028550 obj_new 1.00792 SA_pAcc 0 Delta -2.61732e-30 SA_r 0.12101 freedomratio 0.173043
Iter 10000000 pBad 1.56261e-33 T 2e-13 Obj 1.00791 Rho 0 GRdif 4.63814 success 1225080 failure 4344441 obj_new 1.00792 SA_pAcc 0 Delta -7.56048e-35 SA_r 0.670692 freedomratio 0.171079
Cannot move further
iter 9.53836e+06 obj1.00791 rho 0 GRdif 4.63557
Training:
Lab Growth Rates:
0.27 0.6 0.45 0.485 0.55 0.46 0.53 0.09 0.59 0.476 0.58 0.54 1.05 0.4 0.4 0.47 0.27 0.65 0.54 0.47 0.4 0.6 1.49 0.26 0.4 0.3 0.54 1.67 0.49 0.65 0.5 0.41 0.36 0.5 0.17 0.52 0.46 0.52 0.37 1.483 0.54 0.42 0.31 0.56 0.46 0.46 0.724 0.54 1.483 0.58 0.3 0.59 0.4 0.58 0.11 0.45 0.47 0.39 0.34 0.5 0.4 0.4 0.45 0.4 0.5 0.53 0.48 0.48 0.65 0.33 0.4 1.345 0.59 0.5 0.4 0.53 0.53 0.17 0.4 0.3 0.23 0.26 0.4 0.5 0.42 0.33 0.59 0.49 0.724 0.46 0.48 0.23 0.5 0.22 0.52 0.43 0.45 0.53 0.38 0.25 0.47 1.345 1.345 1.345 0.724 1.483 0.58 0.1 0.23 0.27 1.248 0.22 0.39 0.49 0.59 0.53 0.25 0.4 0.56 0.901 0.42 0.54 0.45 0.6 1.483 0.55 0.4 0.11 0.1 0.42 0.46 0.56 0.4 0.4 0.45 0.39 0.3 0.4 1.05 0.37 0.39 0.47 0.54 1.483 1.35 0.41 0.4 0.25 0.14 0.32 0.39 0.52 0.46 0.636 0.52 0.301 0.58 0.43 0.56 0.4 0.46 0.55 0.53 0.476 0.58 0.43 0.48 0.45 0.47 0.43 1.46 0.37 0.47 0.59 0.53 0.465 0.4 0.58 0.4 0.59 0.58 0.26 0.5 0.4 0.4 0.42 0.59 0.37 0.301 0.19 0.4 1.43 0.33 0.54 0.45 0.48 0.5 0.34 1.483 1.345 0.37 0.481 0.48 1.46 0.901 0.5 0.4 0.55 0.3 1.248 0.58 0.4 0.59 0.59 0.5 0.4 0.33 0.635 0.65 0.68 0.58 0.42 0.4 0.41 0.38 0.55 0.377 0.58 0.42 0.762 0.762 0.5 0.3 0.4 0.465 0.55 0.1 0.54 1.66 0.38 0.4 0.45 0.41 0.42 0.43 0.56 0.7 0.7 0.5 0.58 0.4 0.33 0.47 0.47 0.32 0.637 0.47 1.483 0.37 0.37 1.345 0.2 0.54 0.4 0.22 0.52 0.5 0.46 0.41 0.5 0.4 0.42 0.47 0.37 0.762 0.45 0.54 0.25 0.41 0.27 0.58 0.19 0.45 0.59 0.485 0.46 0.52 0.65 0.4 0.43 0.42 0.52 0.46 0.54 0.38 0.52 0.635 0.53 0.47 0.25 0.4 0.4 0.51 0.37 0.4 0.4 0.4 0.58 0.53 0.42 0.31 0.648 0.46 0.47 0.4 0.47 0.54 0.54 0.37 1.483 0.59 0.54 0.46 1.483 0.45 0.5 0.5 0.4 0.46 0.71 0.5 0.23 0.4 0.56 0.25 1.483 0.23 0.54 0.7 0.45 0.47 0.55 0.32 0.5 0.23 0.648 0.46 0.7 0.5 0.51 0.11 0.17 0.47 0.5 0.762 0.5 0.36 1.43 0.47 0.56 1.483 1.67 0.25 1.05 1.345 0.56 0.56 0.4 0.4 0.48 1.345 0.33 0.47 0.37 0.56 0.38 0.45 0.09 0.5 0.485 0.68 0.4 0.31 0.4 1.42 0.54 0.27 0.37 0.5 0.54 0.43 0.14 1.05 0.36 0.3 0.34 0.71 0.47 0.22 0.42 0.53 0.4 0.3 0.377 1.44 0.4 0.55 0.42 0.47 1.483 0.65 0.5 1.345 0.53 1.38 1.05 1.4 0.465 0.22 0.47 0.43 0.65 0.47 0.42 0.33 1.248 0.45 1.248 0.58 0.43 0.59 0.5 0.46 0.5 0.56 0.42 0.37 0.39 0.1 0.2 0.58 0.42 0.5 0.1 0.71 0.52 0.485 0.47 0.481 0.56 0.37 0.3 0.54 0.56 0.46 0.2 0.46 0.53 0.23 0.6 1.66 0.4 1.46 0.43 0.48 0.5 0.58 0.41 0.54 0.45 0.58 0.54 0.686 0.901 0.42 0.3 0.5 0.54 0.1 0.5 0.55 0.37 0.4 0.52 0.22 0.59 0.54 0.4 0.1 0.901 0.901 0.3 0.4 0.65 0.54 0.54 0.3 0.45 0.56 0.686 0.45 0.59 0.68 0.09 0.377 0.45 0.637 0.5 0.3 0.56 1.345 1.345 1.345 0.4 0.5 0.56 0.36 0.54 0.4 0.3 0.56 0.22 0.1 0.648 0.5 0.25 0.59 0.41 0.46 0.637 1.248 0.42 0.4 0.43 0.36 0.481 0.56 0.53 0.51 1.03 0.65 0.68 0.36 0.55 0.41 0.55 0.33 0.636 0.37 0.53 0.301 0.58 0.68 0.36 0.4 0.23 0.54 0.19 1.46 0.4 0.58 0.36 0.58 0.27 0.476 0.4 0.22 0.636 0.33 0.4 0.46 0.4 0.55 0.47 0.635 0.52 0.686 0.4 0.901 0.48 0.23 0.36 0.4 0.4 0.1 0.54 0.43 0.46
Dot Production Prediction of Lab Growth Rates:
0.341612 0.539032 0.341131 0.471297 0.56103 0.398136 0.325161 0.345378 0.550318 0.4747 0.364737 0.449927 1.05 0.401903 0.402957 0.346895 0.29861 0.629653 0.368767 0.345323 0.401783 0.517896 1.59763 0.533709 0.395474 0.31102 0.458835 1.62169 0.393152 0.657477 0.405001 0.372915 0.331651 0.335006 0.317021 0.388307 0.472209 0.367548 0.50931 1.08258 0.459412 0.351935 0.518502 0.538251 0.504436 0.342106 0.723949 0.546843 1.09578 0.472361 0.303749 0.546132 0.399441 0.464483 0.357041 1.57917 0.396631 0.310552 0.340337 0.569973 0.40447 0.400674 1.576 0.393893 0.370414 0.525518 0.339792 0.321094 0.687586 0.409781 0.403972 1.05844 0.547783 0.485369 0.394628 0.369874 0.395979 0.319428 0.404778 0.48577 0.54147 0.436461 0.400875 0.338628 0.583126 0.355676 0.322145 0.370782 0.721428 0.331765 0.349002 0.410983 0.482515 0.465373 0.347403 0.400781 0.399192 0.302229 0.367233 0.365885 0.45312 1.11793 1.15747 1.12279 0.721217 1.08723 0.31267 0.998728 0.41142 0.369713 0.840501 0.473385 0.311528 0.380076 0.549199 0.454729 0.466361 0.321314 0.539016 0.90331 0.377911 0.542448 0.366308 0.519031 1.05314 0.545774 0.402028 0.370669 1.00526 0.367614 0.456768 0.555185 0.404561 0.399752 0.397291 0.33379 0.546471 0.404583 1.05385 0.410771 0.316249 0.342174 0.37486 1.04932 1.23217 0.321389 0.404178 0.370437 0.138024 0.322145 0.330879 0.367513 0.509061 0.717593 0.381137 0.463185 0.336958 0.341991 0.535227 0.397045 0.424445 0.543857 0.526687 0.474467 0.365589 0.400043 0.31517 0.331066 0.342794 0.358164 1.58523 0.408962 0.335583 0.310488 0.545155 0.477152 0.404194 0.355703 0.399965 0.346098 0.479403 0.368014 0.529504 0.404634 0.400095 0.352532 0.333868 0.409668 0.46046 0.317606 0.398936 1.42042 0.443512 0.539945 1.65054 0.303001 0.52462 0.33 1.06162 1.11587 0.404409 0.467015 0.33936 1.02579 0.901 0.3299 0.405116 0.432746 0.395976 0.849105 0.476438 0.397128 0.550152 0.340958 0.578006 0.391001 0.342752 0.706776 0.624041 0.502455 0.382514 0.312577 0.399001 0.468725 0.313823 0.455811 0.466062 0.476964 0.340208 0.769367 0.761994 0.550358 0.535766 0.402043 0.47342 0.552753 0.426383 0.375366 1.66 0.311163 0.400257 0.383517 0.346494 0.306242 0.412361 0.535292 0.700026 0.704402 0.370777 0.478933 0.398901 0.324854 0.393141 0.352875 0.319542 0.710099 0.38326 1.08679 0.401823 0.402119 1.0807 0.379486 0.380975 0.393881 0.461377 0.37538 0.539138 0.354596 0.375769 0.365086 0.399234 0.316165 0.393538 0.416056 0.774213 1.59507 0.454995 0.502853 0.462546 0.559263 0.471595 0.312031 0.340198 0.316585 0.461858 0.489248 0.345628 0.64997 0.404013 0.421967 0.322332 0.372174 0.421497 0.368362 0.373188 0.358901 0.709873 0.529995 0.372926 1.60019 0.401758 0.397864 0.391902 0.386887 0.402464 0.393789 0.399152 0.483294 0.531165 0.346132 0.514532 0.708147 0.459992 0.397977 0.398591 0.477159 0.389553 0.365289 0.430601 1.08522 0.370529 0.362272 0.424712 1.11357 0.357394 0.515697 0.322951 0.399406 0.306239 0.725869 0.335466 0.530314 0.404076 0.481634 0.70965 1.07684 0.526007 0.456997 0.700753 1.59763 0.361317 0.561843 0.342812 0.330922 0.534105 0.707913 0.304899 0.699206 0.358923 0.381438 0.335909 0.407599 0.480976 0.488686 0.775564 0.591409 0.356616 1.39837 0.343462 0.532202 1.10308 1.44921 0.358196 1.03846 1.11252 0.481405 0.535441 0.399411 0.334052 0.290622 1.13402 0.35878 0.385408 0.307167 0.533171 0.314645 1.58586 0.432118 0.528524 0.470167 0.497217 0.39415 0.528277 0.399944 1.6019 0.294596 0.377091 0.401293 0.319583 0.546832 0.437924 0.140014 1.05002 0.399736 0.448788 0.31623 0.71965 0.377774 0.378362 0.566706 0.508953 0.402207 0.477952 0.465356 1.60471 0.404849 0.451384 0.348235 0.416212 1.03875 0.649928 0.533938 1.10955 0.361996 1.35752 1.59892 1.44973 0.476859 0.472393 0.364243 0.338721 0.680957 0.37395 0.310664 0.324154 0.842028 0.346836 0.839963 0.473701 0.355535 0.321141 0.483642 0.331528 0.478175 0.483228 0.318257 0.416221 0.311606 1.28539 0.391869 0.372467 0.333487 0.59602 0.434175 0.718677 0.382987 0.463342 0.315958 0.465382 0.541421 0.415182 0.506649 0.350485 0.55075 0.47157 0.396929 0.459897 0.527236 0.541212 0.529739 1.63895 0.400001 1.05452 0.402702 0.312117 0.549517 0.483269 0.46714 0.533765 1.64779 0.469993 0.450218 0.718917 0.899793 0.367201 0.300873 0.564008 0.388565 0.342564 0.530203 0.543872 0.399568 0.394648 0.359514 0.414886 0.551155 0.554352 0.394082 1.11304 0.904486 0.946679 0.389649 0.397375 0.654796 0.312827 0.349434 0.487804 0.345145 0.47285 0.723058 0.375959 0.55464 0.504052 0.378649 0.465153 0.338407 0.707523 0.578585 0.368542 0.474273 1.12414 1.04501 1.03606 0.401251 0.478074 0.537882 0.394547 0.331339 0.398936 0.330642 0.551658 0.466241 0.713397 0.701141 0.550314 0.323669 0.343923 0.364088 0.402424 0.70987 0.838542 0.568599 0.402074 0.359276 0.377526 0.46672 0.472153 0.310215 0.408028 1.37894 0.642589 0.500884 0.359209 0.455461 0.354122 0.454593 0.487168 0.72025 0.396882 0.393664 0.460965 0.302244 0.495958 0.344302 0.402323 0.535904 0.35936 0.31431 1.02078 0.400308 0.34816 0.333377 0.476543 0.355681 0.476352 0.397478 0.349706 0.707585 0.31891 0.40235 0.375116 0.402901 0.451475 0.356785 0.709055 0.347611 0.724559 0.403399 0.781857 0.347728 0.410742 0.33521 0.393637 0.402125 1.51627 0.542458 0.373323 0.469905
Testing:
Lab Growth Rates:
0.617
Dot Production Prediction of Lab Growth Rates:
0.516185
Best performance so far: 
Obj: 4.67376e-310Rho: 2.26291e-314Diff: 4.67376e-310
Anneal again with the best G and E so far as input
Cycle 2Round 1
Iter 500000 pBad 0.8743 T 0.00230783 Obj 1.07466 Rho 0 GRdif 42.3361 success 119700 failure 7637 obj_new 1.07466 SA_pAcc 1 Delta -0.0855837 SA_r 0.0194491 freedomratio 0.288094
Iter 1000000 pBad 0.789705 T 0.000681734 Obj 1.0551 Rho 0 GRdif 31.5374 success 236188 failure 21376 obj_new 1.0551 SA_pAcc 1 Delta 0.00315376 SA_r 0.187329 freedomratio 0.28655
Iter 1500000 pBad 0.736234 T 0.000201385 Obj 1.03089 Rho 0 GRdif 17.8911 success 350639 failure 41081 obj_new 1.03089 SA_pAcc 1 Delta -0.0474137 SA_r 0.998016 freedomratio 0.284333
Iter 2000000 pBad 0.647628 T 5.94893e-05 Obj 1.02553 Rho 0 GRdif 14.8228 success 461992 failure 69093 obj_new 1.02553 SA_pAcc 1 Delta 0.0560078 SA_r 0.872695 freedomratio 0.279202
Iter 2500000 pBad 0.558562 T 1.75732e-05 Obj 1.01959 Rho 0 GRdif 11.4127 success 572600 failure 98826 obj_new 1.0196 SA_pAcc 0.536738 Delta -0.00779562 SA_r 0.994919 freedomratio 0.278937
Iter 3000000 pBad 0.387595 T 5.19114e-06 Obj 1.01627 Rho 0 GRdif 9.48876 success 678143 failure 138257 obj_new 1.01627 SA_pAcc 1 Delta 0.0120758 SA_r 0.572441 freedomratio 0.283237
Iter 3500000 pBad 0.31658 T 1.53347e-06 Obj 1.01147 Rho 0 GRdif 6.70472 success 768528 failure 210893 obj_new 1.01147 SA_pAcc 0.746537 Delta -0.0297385 SA_r 0.76705 freedomratio 0.266546
Iter 4000000 pBad 0.175527 T 4.52988e-07 Obj 1.00995 Rho 0 GRdif 5.82035 success 847937 failure 307607 obj_new 1.00995 SA_pAcc 1 Delta 0.0104358 SA_r 0.551735 freedomratio 0.249894
Iter 4500000 pBad 0.0832174 T 1.33813e-07 Obj 1.00924 Rho 0 GRdif 5.40664 success 905048 failure 459561 obj_new 1.00924 SA_pAcc 0.63136 Delta 0.00232388 SA_r 0.786302 freedomratio 0.223404
Iter 5000000 pBad 0.0436169 T 3.95286e-08 Obj 1.00894 Rho 0 GRdif 5.23056 success 942191 failure 672951 obj_new 1.00894 SA_pAcc 0.196551 Delta 0.000651438 SA_r 0.0656838 freedomratio 0.20082
Iter 5500000 pBad 0.0182829 T 1.16768e-08 Obj 1.00879 Rho 0 GRdif 5.14326 success 966435 failure 938405 obj_new 1.00879 SA_pAcc 1 Delta 0.00130511 SA_r 0.843437 freedomratio 0.178182
Iter 6000000 pBad 0.013549 T 3.44933e-09 Obj 1.00875 Rho 0 GRdif 5.12494 success 979712 failure 1247391 obj_new 1.00875 SA_pAcc 0 Delta -0.000351736 SA_r 0.296504 freedomratio 0.171079
Iter 6500000 pBad 0.00640957 T 1.01894e-09 Obj 1.00873 Rho 0 GRdif 5.11364 success 986896 failure 1580513 obj_new 1.00873 SA_pAcc 0.00427885 Delta -8.85911e-05 SA_r 0.748879 freedomratio 0.165727
Iter 7000000 pBad 0.00351692 T 3.00995e-10 Obj 1.00873 Rho 0 GRdif 5.10898 success 992267 failure 1925430 obj_new 1.00873 SA_pAcc 1 Delta 0.000150757 SA_r 0.429264 freedomratio 0.162656
Iter 7500000 pBad 0.00253843 T 8.89142e-11 Obj 1.00872 Rho 0 GRdif 5.10717 success 996449 failure 2278229 obj_new 1.00872 SA_pAcc 0 Delta 2.42259e-06 SA_r 0.519016 freedomratio 0.15935
Iter 8000000 pBad 0.000521534 T 2.62653e-11 Obj 1.00872 Rho 0 GRdif 5.10511 success 999978 failure 2640134 obj_new 1.00872 SA_pAcc 1 Delta -3.37489e-06 SA_r 0.485984 freedomratio 0.156258
Iter 8500000 pBad 0.00053072 T 7.75881e-12 Obj 1.00872 Rho 0 GRdif 5.10391 success 1003634 failure 3009708 obj_new 1.00872 SA_pAcc 1 Delta -3.51972e-05 SA_r 0.266551 freedomratio 0.153525
Iter 9000000 pBad 0.00110849 T 2.29196e-12 Obj 1.00872 Rho 0 GRdif 5.11122 success 1006633 failure 3387868 obj_new 1.00873 SA_pAcc 0 Delta 4.01147e-05 SA_r 0.692287 freedomratio 0.15
Iter 9500000 pBad 0.000791255 T 6.77047e-13 Obj 1.00872 Rho 0 GRdif 5.10547 success 1010528 failure 3770926 obj_new 1.00872 SA_pAcc 0 Delta 6.77642e-05 SA_r 0.294412 freedomratio 0.147776
Good enough
iter 9.99997e+06 obj1.00872 rho 0 GRdif 5.1027
Training:
Lab Growth Rates:
0.27 0.6 0.45 0.485 0.55 0.46 0.53 0.09 0.59 0.476 0.58 0.54 1.05 0.4 0.4 0.47 0.27 0.65 0.54 0.47 0.4 0.6 1.49 0.26 0.4 0.3 0.54 1.67 0.49 0.65 0.5 0.41 0.36 0.5 0.17 0.52 0.46 0.52 0.37 1.483 0.54 0.42 0.31 0.56 0.46 0.46 0.724 0.54 1.483 0.58 0.3 0.59 0.4 0.58 0.11 0.45 0.47 0.39 0.34 0.5 0.4 0.4 0.45 0.4 0.5 0.53 0.48 0.48 0.65 0.33 0.4 1.345 0.59 0.5 0.4 0.53 0.53 0.17 0.4 0.3 0.23 0.26 0.4 0.5 0.42 0.33 0.59 0.49 0.724 0.46 0.48 0.23 0.5 0.22 0.52 0.43 0.45 0.53 0.38 0.25 0.47 1.345 1.345 1.345 0.724 1.483 0.58 0.1 0.23 0.27 1.248 0.22 0.39 0.49 0.59 0.53 0.25 0.4 0.56 0.901 0.42 0.54 0.45 0.6 1.483 0.55 0.4 0.11 0.1 0.42 0.46 0.56 0.4 0.4 0.45 0.39 0.3 0.4 1.05 0.37 0.39 0.47 0.54 1.483 1.35 0.41 0.4 0.25 0.14 0.32 0.39 0.52 0.46 0.636 0.52 0.301 0.58 0.43 0.56 0.4 0.46 0.55 0.53 0.476 0.58 0.43 0.48 0.45 0.47 0.43 1.46 0.37 0.47 0.59 0.53 0.465 0.4 0.58 0.4 0.59 0.58 0.26 0.5 0.4 0.4 0.42 0.59 0.37 0.301 0.19 0.4 1.43 0.33 0.54 0.45 0.48 0.5 0.34 1.483 1.345 0.37 0.481 0.48 1.46 0.901 0.5 0.4 0.55 0.3 1.248 0.58 0.4 0.59 0.59 0.5 0.4 0.33 0.635 0.65 0.68 0.58 0.42 0.4 0.41 0.38 0.55 0.377 0.58 0.42 0.762 0.762 0.5 0.3 0.4 0.465 0.55 0.1 0.54 1.66 0.38 0.4 0.45 0.41 0.42 0.43 0.56 0.7 0.7 0.5 0.58 0.4 0.33 0.47 0.47 0.32 0.637 0.47 1.483 0.37 0.37 1.345 0.2 0.54 0.4 0.22 0.52 0.5 0.46 0.41 0.5 0.4 0.42 0.47 0.37 0.762 0.45 0.54 0.25 0.41 0.27 0.58 0.19 0.45 0.59 0.485 0.46 0.52 0.65 0.4 0.43 0.42 0.52 0.46 0.54 0.38 0.52 0.635 0.53 0.47 0.25 0.4 0.4 0.51 0.37 0.4 0.4 0.4 0.58 0.53 0.42 0.31 0.648 0.46 0.47 0.4 0.47 0.54 0.54 0.37 1.483 0.59 0.54 0.46 1.483 0.45 0.5 0.5 0.4 0.46 0.71 0.5 0.23 0.4 0.56 0.25 1.483 0.23 0.54 0.7 0.45 0.47 0.55 0.32 0.5 0.23 0.648 0.46 0.7 0.5 0.51 0.11 0.17 0.47 0.5 0.762 0.5 0.36 1.43 0.47 0.56 1.483 1.67 0.25 1.05 1.345 0.56 0.56 0.4 0.4 0.48 1.345 0.33 0.47 0.37 0.56 0.38 0.45 0.09 0.5 0.485 0.68 0.4 0.31 0.4 1.42 0.54 0.27 0.37 0.5 0.54 0.43 0.14 1.05 0.36 0.3 0.34 0.71 0.47 0.22 0.42 0.53 0.4 0.3 0.377 1.44 0.4 0.55 0.42 0.47 1.483 0.65 0.5 1.345 0.53 1.38 1.05 1.4 0.465 0.22 0.47 0.43 0.65 0.47 0.42 0.33 1.248 0.45 1.248 0.58 0.43 0.59 0.5 0.46 0.5 0.56 0.42 0.37 0.39 0.1 0.2 0.58 0.42 0.5 0.1 0.71 0.52 0.485 0.47 0.481 0.56 0.37 0.3 0.54 0.56 0.46 0.2 0.46 0.53 0.23 0.6 1.66 0.4 1.46 0.43 0.48 0.5 0.58 0.41 0.54 0.45 0.58 0.54 0.686 0.901 0.42 0.3 0.5 0.54 0.1 0.5 0.55 0.37 0.4 0.52 0.22 0.59 0.54 0.4 0.1 0.901 0.901 0.3 0.4 0.65 0.54 0.54 0.3 0.45 0.56 0.686 0.45 0.59 0.68 0.09 0.377 0.45 0.637 0.5 0.3 0.56 1.345 1.345 1.345 0.4 0.5 0.56 0.36 0.54 0.4 0.3 0.56 0.22 0.1 0.648 0.5 0.25 0.59 0.41 0.46 0.637 1.248 0.42 0.4 0.43 0.36 0.481 0.56 0.53 0.51 1.03 0.65 0.68 0.36 0.55 0.41 0.55 0.33 0.636 0.37 0.53 0.301 0.58 0.68 0.36 0.4 0.23 0.54 0.19 1.46 0.4 0.58 0.36 0.58 0.27 0.476 0.4 0.22 0.636 0.33 0.4 0.46 0.4 0.55 0.47 0.635 0.52 0.686 0.4 0.901 0.48 0.23 0.36 0.4 0.4 0.1 0.54 0.43 0.46
Dot Production Prediction of Lab Growth Rates:
0.346323 0.649663 0.306524 0.567128 0.5519 0.377196 0.33288 0.354907 0.54989 0.56733 0.3755 0.469604 1.04624 0.40167 0.404083 0.35943 0.292991 0.647615 0.400601 0.353214 0.398953 0.62908 1.50801 0.581341 0.396788 0.28354 0.477017 1.48099 0.403945 0.660785 0.458698 0.402315 0.346746 0.334153 0.294384 0.410094 0.470756 0.395598 0.530601 1.29079 0.478758 0.341368 0.556414 0.528275 0.523703 0.353427 0.685225 0.56023 1.35493 0.469332 0.281659 0.547209 0.398705 0.454542 0.361435 1.39807 0.41094 0.304881 0.335232 0.853006 0.409046 0.403655 1.43668 0.38661 0.419081 0.530209 0.346366 0.308827 0.657822 0.464906 0.404314 1.34266 0.545745 0.494465 0.393815 0.395099 0.433238 0.313018 0.404533 0.578873 0.551307 0.470021 0.404179 0.355882 0.581459 0.353995 0.33115 0.398218 0.683439 0.345319 0.360864 0.429981 0.482439 0.477877 0.344697 0.400884 0.416999 0.26852 0.37818 0.358487 0.453316 1.31968 1.39284 1.35085 0.675719 1.28069 0.324795 2.04302 0.430652 0.370433 0.860789 0.481078 0.323538 0.391709 0.554262 0.461906 0.467162 0.299279 0.547608 0.900875 0.411096 0.532926 0.387674 0.60066 1.32503 0.548708 0.402918 0.388079 2.03463 0.349955 0.449173 0.548789 0.404594 0.397858 0.425539 0.364115 0.634034 0.407045 1.06141 0.421561 0.319403 0.354688 0.345599 1.32646 1.16799 0.323097 0.404787 0.359875 0.616334 0.324754 0.350475 0.381071 0.537053 0.67467 0.390693 0.571044 0.350842 0.368548 0.540436 0.396896 0.409987 0.547195 0.532039 0.562478 0.396837 0.397699 0.322115 0.288903 0.330648 0.354478 1.42386 0.419994 0.326067 0.335201 0.540429 0.564898 0.404565 0.368847 0.398946 0.377622 0.475328 0.419057 0.533053 0.403405 0.399903 0.341604 0.32514 0.426685 0.570286 0.281729 0.399212 1.25999 0.505446 0.532621 1.47836 0.268866 0.722021 0.340223 1.3363 1.40199 0.421035 0.555808 0.348763 1.03537 0.901295 0.324908 0.404814 0.471188 0.529243 0.866126 0.484293 0.39562 0.53938 0.339044 0.822896 0.369519 0.317613 0.672596 0.625603 0.475137 0.399579 0.310717 0.396881 0.565471 0.301559 0.486235 0.563219 0.478754 0.350161 0.806509 0.804094 0.555715 0.6607 0.403057 0.558349 0.5478 0.43995 0.398996 1.50025 0.295241 0.399484 0.411683 0.341599 0.285561 0.402187 0.544687 0.835546 0.832035 0.387031 0.475524 0.396664 0.322207 0.41726 0.379865 0.313735 0.666387 0.376205 1.32862 0.412278 0.41333 1.36311 0.344537 0.386452 0.392955 0.483851 0.358132 0.552126 0.356736 0.409916 0.364501 0.402185 0.307247 0.421559 0.420923 0.818165 1.44094 0.465246 0.485202 0.556632 0.542843 0.471143 0.279385 0.360834 0.332285 0.561197 0.523676 0.328386 0.639518 0.408151 0.422637 0.330743 0.365911 0.409627 0.352176 0.390642 0.356341 0.677688 0.529945 0.380923 1.45752 0.402469 0.39327 0.409489 0.413292 0.399956 0.382519 0.403344 0.489591 0.529008 0.339366 0.577252 0.671045 0.458125 0.392741 0.386141 0.448709 0.374133 0.38625 0.445752 1.36695 0.389949 0.384714 0.458947 1.37978 0.368554 0.740061 0.312268 0.399969 0.307394 0.687512 0.329528 0.559158 0.405465 0.479777 1.05107 1.30657 0.550555 0.471465 0.829054 1.50801 0.363294 0.554369 0.35713 0.337955 0.54831 0.669926 0.287943 0.83192 0.377773 0.386598 0.328572 0.429151 0.44534 0.487099 0.828852 0.850357 0.355188 1.23663 0.351058 0.538121 1.32583 1.41572 0.365861 1.04191 1.33084 0.479622 0.545936 0.399132 0.308641 0.269548 1.3534 0.361531 0.380543 0.286212 0.524101 0.30647 1.40429 0.463598 0.799895 0.56257 0.474118 0.393205 0.554159 0.399527 1.50751 0.285708 0.377583 0.418851 0.332469 0.537172 0.42862 0.617266 1.06168 0.42627 0.557981 0.318996 0.678503 0.408925 0.396971 0.568129 0.514089 0.400381 0.588333 0.567288 1.48702 0.404041 0.483351 0.341438 0.423106 1.3431 0.649831 0.815711 1.30875 0.383086 1.2685 1.39172 1.41168 0.562792 0.482967 0.344396 0.362977 0.66485 0.373711 0.298168 0.324241 0.862634 0.310949 0.858192 0.46915 0.378701 0.342241 0.487309 0.334288 0.473325 0.483805 0.32601 0.421978 0.333787 2.32951 0.370338 0.38976 0.335384 0.868945 0.448428 0.672624 0.388975 0.560861 0.310655 0.55824 0.544989 0.420918 0.625206 0.359962 0.540067 0.471513 0.361414 0.459954 0.539104 0.547506 0.623104 1.50178 0.399755 1.05216 0.406921 0.281222 0.53736 0.481575 0.566688 0.546135 1.51311 0.47175 0.469487 0.678722 0.900886 0.366465 0.27579 0.824502 0.36861 0.307379 0.530477 0.555121 0.410154 0.389232 0.37061 0.453886 0.547396 0.553557 0.385445 2.2511 0.908847 0.90089 0.392244 0.395447 0.650358 0.306036 0.337149 0.601613 0.355165 0.473333 0.685365 0.384231 0.549417 0.481193 0.383077 0.56461 0.352911 0.666036 0.829442 0.351591 0.471364 1.32566 1.33517 1.34558 0.404627 0.471003 0.545467 0.442021 0.333113 0.388612 0.296128 0.547213 0.485317 1.04894 0.663625 0.814691 0.311314 0.345367 0.370627 0.399708 0.671017 0.855402 0.578116 0.389443 0.385982 0.374404 0.559752 0.470604 0.329296 0.427909 1.26967 0.649852 0.47803 0.363232 0.482533 0.374778 0.480858 0.518026 0.684983 0.396577 0.441223 0.567602 0.288153 0.467827 0.351744 0.402603 0.541632 0.387038 0.296787 1.04652 0.400895 0.362501 0.332008 0.475328 0.359163 0.563847 0.399005 0.358796 0.674976 0.305075 0.403458 0.391371 0.401406 0.485875 0.366496 0.675737 0.342943 0.682527 0.402144 0.848244 0.360927 0.429387 0.312757 0.383615 0.402379 1.4102 0.539242 0.351286 0.468044
Testing:
Lab Growth Rates:
0.617
Dot Production Prediction of Lab Growth Rates:
0.93655
Best performance so far: 
Obj: 4.67376e-310Rho: 6.5069e-314Diff: 4.67376e-310
Test:
 Lab Growth Rates:
0.617Dot Product Prediction of Growth Rate:
0.9365501