seed =  5 traits =  1 
Training: part  111 
Training: part  111 
Round  1 
 Goal of obj  0.99 
Temperature range:  0.00390625 7.8125e-13 
Cycle 1Round 1
Iter 500000 pBad 0.856795 T 0.00127883 Obj 1.06389 Rho 0 GRdif 36.4158 success 146474 failure 10703 obj_new 1.06389 SA_pAcc 1 Delta -0.00843431 SA_r 0.432622 freedomratio 0.364764
Iter 1000000 pBad 0.802571 T 0.000418662 Obj 1.03699 Rho 0 GRdif 21.3554 success 290431 failure 27151 obj_new 1.03699 SA_pAcc 0.981809 Delta 0.015944 SA_r 0.362044 freedomratio 0.36727
Iter 1500000 pBad 0.783056 T 0.000137062 Obj 1.02821 Rho 0 GRdif 16.3565 success 432387 failure 48087 obj_new 1.02821 SA_pAcc 0.864616 Delta 0.0448381 SA_r 0.550477 freedomratio 0.3675
Iter 2000000 pBad 0.649687 T 4.48711e-05 Obj 1.02123 Rho 0 GRdif 12.3554 success 571456 failure 75548 obj_new 1.02123 SA_pAcc 1 Delta -0.0326902 SA_r 0.614466 freedomratio 0.361624
Iter 2500000 pBad 0.538861 T 1.46899e-05 Obj 1.01652 Rho 0 GRdif 9.63667 success 705430 failure 112276 obj_new 1.01652 SA_pAcc 1 Delta 0.00206877 SA_r 0.452158 freedomratio 0.356796
Iter 3000000 pBad 0.405469 T 4.80917e-06 Obj 1.01248 Rho 0 GRdif 7.29563 success 828053 failure 169377 obj_new 1.01248 SA_pAcc 1.57005 Delta 0.0256956 SA_r 0.00185526 freedomratio 0.351675
Iter 3500000 pBad 0.24066 T 1.57442e-06 Obj 1.00964 Rho 0 GRdif 5.63919 success 936473 failure 256393 obj_new 1.00964 SA_pAcc 0.890189 Delta -0.00785954 SA_r 0.745982 freedomratio 0.334852
Iter 4000000 pBad 0.156732 T 5.15434e-07 Obj 1.00904 Rho 0 GRdif 5.29056 success 1020647 failure 393552 obj_new 1.00904 SA_pAcc 1 Delta 0.0102779 SA_r 0.292837 freedomratio 0.321136
Iter 4500000 pBad 0.0723308 T 1.68743e-07 Obj 1.00875 Rho 0 GRdif 5.1213 success 1078131 failure 591561 obj_new 1.00875 SA_pAcc 0.0149434 Delta -0.00373268 SA_r 0.386481 freedomratio 0.273488
Iter 5000000 pBad 0.0485519 T 5.52428e-08 Obj 1.00854 Rho 0 GRdif 5.00038 success 1118908 failure 835632 obj_new 1.00854 SA_pAcc 1 Delta 0.00140797 SA_r 0.759942 freedomratio 0.247579
Iter 5500000 pBad 0.0224207 T 1.80854e-08 Obj 1.00844 Rho 0 GRdif 4.94403 success 1144086 failure 1129537 obj_new 1.00844 SA_pAcc 4.88329e-17 Delta 0.000406251 SA_r 0.203057 freedomratio 0.222896
Iter 6000000 pBad 0.0109159 T 5.92078e-09 Obj 1.00838 Rho 0 GRdif 4.917 success 1160482 failure 1458337 obj_new 1.0084 SA_pAcc 0 Delta -8.12928e-05 SA_r 0.144079 freedomratio 0.207481
Iter 6500000 pBad 0.00561808 T 1.93834e-09 Obj 1.00836 Rho 0 GRdif 4.89661 success 1170032 failure 1811332 obj_new 1.00836 SA_pAcc 1 Delta 0.000276915 SA_r 0.212358 freedomratio 0.19966
Iter 7000000 pBad 0.00377375 T 6.34574e-10 Obj 1.00836 Rho 0 GRdif 4.8934 success 1175907 failure 2180446 obj_new 1.00836 SA_pAcc 0 Delta -5.44475e-05 SA_r 0.893958 freedomratio 0.195544
Iter 7500000 pBad 0.00184174 T 2.07746e-10 Obj 1.00835 Rho 0 GRdif 4.91365 success 1180036 failure 2559105 obj_new 1.00839 SA_pAcc 0 Delta 0.000178212 SA_r 0.935092 freedomratio 0.190107
Iter 8000000 pBad 0.00155762 T 6.80119e-11 Obj 1.00835 Rho 0 GRdif 4.89162 success 1182598 failure 2945670 obj_new 1.00835 SA_pAcc 0 Delta 9.72156e-05 SA_r 0.365743 freedomratio 0.187739
Iter 8500000 pBad 0.000776922 T 2.22657e-11 Obj 1.00835 Rho 0 GRdif 4.89032 success 1185079 failure 3335992 obj_new 1.00835 SA_pAcc 0 Delta -6.32759e-05 SA_r 0.938772 freedomratio 0.186076
Iter 9000000 pBad 0.000220436 T 7.28934e-12 Obj 1.00835 Rho 0 GRdif 4.88792 success 1186935 failure 3730177 obj_new 1.00835 SA_pAcc 0 Delta 1.19825e-05 SA_r 0.381213 freedomratio 0.18398
Iter 9500000 pBad 1.01163e-20 T 2.38638e-12 Obj 1.00835 Rho 0 GRdif 4.88801 success 1190963 failure 4120844 obj_new 1.00835 SA_pAcc 0 Delta 1.28808e-22 SA_r 0.203209 freedomratio 0.173759
Iter 10000000 pBad 4.12316e-13 T 7.81252e-13 Obj 1.00835 Rho 0 GRdif 4.88694 success 1195924 failure 4500055 obj_new 1.00835 SA_pAcc 0.999716 Delta 2.09617e-15 SA_r 0.957215 freedomratio 0.169942
Cannot move further
iter 1e+07 obj1.00835 rho 0 GRdif 4.88694
Training:
Lab Growth Rates:
0.65 1.05 1.345 0.53 0.47 0.11 0.46 0.56 0.1 0.41 1.483 0.55 0.17 0.58 1.483 0.5 0.46 0.19 0.37 1.248 0.23 0.46 0.22 0.5 0.42 1.46 0.377 0.26 0.47 0.52 0.47 0.55 0.47 0.4 0.23 1.483 1.345 1.345 0.45 0.36 0.26 0.54 0.37 1.483 0.55 0.46 0.25 1.43 0.23 0.55 0.59 0.2 0.71 0.59 1.66 0.476 0.636 0.23 0.56 0.33 0.56 0.5 0.42 0.3 0.5 0.6 0.32 0.59 0.54 0.47 0.52 0.54 0.481 0.46 0.4 0.34 0.43 0.47 0.5 0.636 0.33 0.47 0.58 0.54 0.54 0.47 0.4 0.5 0.4 0.762 0.5 0.53 0.53 0.5 0.5 0.55 0.901 0.54 0.43 0.54 1.483 0.762 0.4 0.59 0.42 1.248 0.1 0.45 0.53 0.54 0.38 0.686 0.5 0.45 0.485 0.4 0.4 0.46 0.4 1.05 0.31 0.4 0.45 0.45 0.5 0.901 0.55 0.47 0.1 0.648 0.465 0.48 0.37 0.617 0.22 0.724 0.762 0.36 0.53 0.45 0.46 0.25 0.37 0.42 0.4 0.4 0.4 1.483 0.54 0.648 0.4 0.2 0.43 0.4 0.54 0.6 1.05 1.345 0.65 0.636 0.39 0.53 0.51 0.52 0.54 0.46 0.42 0.54 1.248 0.32 0.55 0.48 0.49 0.32 0.31 0.48 0.5 0.11 0.25 0.4 0.637 0.55 0.71 0.31 0.46 0.52 0.4 0.4 0.59 0.33 0.55 0.51 0.4 0.54 0.4 0.46 0.635 0.46 0.58 0.52 0.52 0.58 0.5 0.3 0.55 0.45 1.248 0.47 1.248 0.58 0.59 0.3 1.345 0.45 0.54 0.3 0.58 0.54 0.47 0.5 0.901 0.3 0.39 0.71 0.27 0.47 0.37 0.48 0.4 0.686 1.05 0.53 1.67 0.4 0.3 0.34 0.56 1.03 0.42 0.4 1.483 0.33 0.476 0.37 0.4 0.377 0.47 0.5 0.48 0.19 0.4 0.38 0.56 0.901 0.1 0.37 0.4 0.33 0.54 0.42 0.58 1.49 0.4 1.345 0.46 0.37 0.54 0.56 0.4 0.43 0.42 0.45 1.345 0.42 0.25 0.52 0.46 0.4 0.39 0.27 0.58 0.5 0.23 0.37 0.5 0.45 0.23 0.09 1.66 0.4 0.7 0.1 0.58 0.637 0.42 0.56 0.48 1.345 0.22 0.58 0.52 0.37 0.65 0.48 0.5 0.4 1.483 0.58 0.48 0.47 0.3 0.6 0.41 0.485 0.7 0.39 0.55 0.56 0.3 0.3 0.485 0.58 0.5 0.5 0.481 0.25 0.56 0.56 0.43 0.33 1.483 0.54 0.5 0.4 0.42 0.41 0.42 0.41 0.37 0.53 0.43 0.47 0.54 1.05 0.22 0.14 0.53 0.51 0.53 0.59 0.42 0.4 0.27 0.36 0.54 0.5 0.42 0.38 0.58 0.11 0.19 0.47 0.1 0.42 0.42 0.52 1.345 0.54 0.22 0.43 0.48 0.25 0.55 0.301 0.3 0.56 0.36 0.54 0.4 0.49 0.4 0.45 0.4 1.46 0.14 0.56 0.33 0.17 0.27 0.56 0.4 0.46 1.345 0.46 0.59 0.38 0.36 0.38 0.42 0.56 0.4 0.3 0.5 0.68 0.59 0.635 1.345 1.483 0.4 0.476 0.648 0.58 0.47 0.5 0.54 0.68 0.41 0.5 0.56 0.47 0.5 0.68 0.635 0.36 1.38 1.43 0.4 0.58 0.53 0.56 0.56 0.49 0.46 0.41 0.54 0.4 0.43 0.3 0.68 0.58 0.65 0.4 0.54 0.52 0.5 0.1 0.22 0.45 0.45 1.42 0.22 0.45 0.4 1.44 0.27 0.2 0.1 0.45 0.47 0.3 0.4 1.46 0.54 0.09 0.485 0.4 0.45 0.4 0.53 0.42 0.17 0.41 0.37 0.5 0.46 0.58 0.54 1.4 0.4 0.56 1.67 0.09 0.46 1.35 0.481 0.39 0.23 0.5 0.45 0.33 0.3 0.4 0.47 0.4 0.53 0.46 0.68 0.7 0.47 0.4 0.22 0.59 0.36 0.4 0.901 0.5 0.43 0.34 0.27 0.65 0.4 0.58 0.43 0.465 0.43 0.59 0.65 0.4 0.37 0.25 0.4 0.4 1.345 0.5 0.53 0.45 0.377 0.37 0.4 0.65 0.53 0.4 0.5 0.41 0.65 0.52 0.4 0.59 0.58 0.39 0.901 1.483 0.47 0.4 0.26 0.4 0.1 0.25 0.43 0.36 0.59 0.47 0.46 0.301 0.46 0.59 0.23 0.4 0.47 0.52 0.686 0.23 0.36 0.33 1.483 0.59 0.59 0.5 0.58 1.46 0.724 0.762 0.7 0.301 0.4 0.65 0.5 0.37 0.4 0.637 0.724 0.45 0.4 0.465 0.41 0.54 0.58 0.37
Dot Production Prediction of Lab Growth Rates:
0.638575 1.6054 1.0754 0.291471 0.370303 0.370517 0.548854 0.526023 0.46679 0.368369 1.07027 0.54371 0.426214 0.469353 1.03852 0.693213 0.362071 0.31951 0.402025 1.14285 0.528936 0.367502 0.45675 0.32984 0.619414 0.989044 0.471351 0.480619 0.396497 0.349014 0.355655 0.545233 0.392345 0.399238 0.526682 0.999835 1.09651 0.99127 0.410634 0.373859 0.586054 0.367179 0.415098 1.0463 0.554242 0.539647 1.56217 1.25252 0.534567 0.553093 0.543327 0.378447 0.712515 0.321302 1.6364 0.486897 0.707852 0.419462 0.468076 0.312605 0.531137 0.476403 0.333423 0.363127 0.524486 0.4044 0.315895 0.54535 0.451577 0.506598 0.366625 0.342489 0.47821 0.465764 0.402315 0.325528 0.363731 0.376598 0.533908 0.705307 0.358903 0.34006 0.350945 0.397162 0.424612 0.422101 0.398847 0.38417 0.402958 1.20778 0.464406 0.335726 0.397638 0.612667 0.600402 0.441751 0.902602 0.459996 0.418354 0.449003 1.07036 1.19326 0.400988 0.331228 0.619191 1.14272 0.79521 1.52196 0.527927 0.448818 0.370336 0.711961 0.334962 1.58913 0.483282 0.401231 0.402058 0.341346 0.409549 1.05001 0.574568 0.404737 1.52006 0.360744 0.648984 0.900862 0.443143 0.411237 0.912138 0.700359 0.485934 0.325731 0.407951 0.592604 0.463868 0.710901 1.20571 0.409277 0.520162 0.335465 0.319984 0.387044 0.330092 0.365611 0.40374 0.405103 0.391613 1.0749 0.38756 0.698801 0.399905 0.438835 0.431122 0.392028 0.540738 0.404311 1.00114 1.04128 0.68642 0.712614 0.329075 0.523798 0.407512 0.371991 0.422807 0.452557 0.348388 0.448439 1.15356 0.308904 0.432222 0.310251 0.361489 0.35076 0.56155 0.34206 0.3344 0.33399 0.311287 0.396369 0.692773 0.545199 0.711125 0.574537 0.344973 0.335927 0.399998 0.399332 0.369288 0.354948 0.4465 0.422522 0.402731 0.544157 0.393756 0.451912 0.699985 0.444382 0.467769 0.374435 0.395975 0.472581 0.470031 0.300869 0.553156 0.397653 1.14455 0.349919 1.14253 0.34868 0.539794 0.399685 1.01497 1.53881 0.381222 0.390836 0.370497 0.540681 0.389437 0.527254 0.900964 0.425016 0.3555 0.710359 0.361018 0.465828 0.404739 0.341654 0.398038 0.715498 1.05 0.527305 1.5685 0.400732 0.311009 0.316118 0.536378 1.36093 0.370291 0.399571 1.01891 0.514097 0.48474 0.413956 0.404115 0.474413 0.354308 0.474817 0.323324 0.336346 0.401709 0.332089 0.471285 0.901 0.748308 0.570034 0.403693 0.379159 0.299959 0.355992 0.469356 1.57933 0.390306 1.09843 0.311814 0.465227 0.368243 0.532915 0.398589 0.368748 0.387868 1.54307 1.0894 0.345496 0.376981 0.352512 0.460119 0.400646 0.332177 0.392984 0.363906 0.678902 0.528235 0.415061 0.392777 0.368312 0.420296 0.382056 1.66 0.404483 0.643396 1.46917 0.473995 0.69269 0.327527 0.535123 0.362983 1.1069 0.427358 0.474784 0.380372 0.406748 0.650765 0.340335 0.463098 0.404901 0.999363 0.340922 0.344945 0.356059 0.333637 0.41892 0.459746 0.474025 0.640309 0.31298 0.450096 0.541485 0.427654 0.424903 0.471319 0.336545 0.331115 0.600785 0.4779 0.545227 0.473554 0.536506 0.455564 0.330981 1.06249 0.542025 0.660902 0.400443 0.605006 0.375945 0.351475 0.360376 0.390233 0.417176 0.345055 0.342403 0.394142 1.05026 0.351115 0.140034 0.524791 0.390223 0.328004 0.544708 0.346606 0.397028 0.612289 0.417421 0.41631 0.67169 0.356947 0.349626 0.313564 0.369194 0.320202 0.347735 0.387061 0.328219 0.364176 0.381237 1.09309 0.545849 0.454651 0.362596 0.313255 0.561787 0.438657 0.468919 0.385968 0.463582 0.350948 0.345197 0.403873 0.380483 0.399693 1.57933 0.397844 1.55853 0.139371 0.543872 0.42798 0.348325 0.403244 0.531498 0.40147 0.512258 1.00049 0.443132 0.327366 0.332891 0.359609 0.371704 0.356565 0.530744 0.352238 0.383023 0.666247 0.498684 0.546923 0.701038 1.07148 1.04454 0.403131 0.489087 0.693498 0.392042 0.362549 0.584763 0.531925 0.498422 0.471622 0.580323 0.468413 0.395667 0.47125 0.501749 0.700261 0.346048 1.33499 1.2593 0.369908 0.467554 0.376246 0.539057 0.467132 0.35757 0.428351 0.472204 0.457784 0.40404 0.469 0.302909 0.500364 0.464291 0.622094 0.403144 0.533414 0.360723 0.312469 0.743805 0.46059 0.349991 0.395118 1.59282 0.386063 0.323159 0.397497 1.56661 0.313311 0.424668 0.730001 0.373755 0.341169 0.383883 0.402671 1.01527 0.348837 0.340762 0.483998 0.401956 0.326104 0.402871 0.568087 0.390922 0.342692 0.340869 0.404728 0.376926 0.446333 0.468185 0.36809 1.53675 0.402552 0.547372 1.49333 0.441622 0.430517 1.19843 0.482553 0.343736 0.419218 0.322925 1.61204 0.354256 0.345737 0.404702 0.404637 0.403226 0.525 0.462873 0.503593 0.638089 0.434802 0.401479 0.464532 0.425493 0.338193 0.401312 0.907145 0.542467 0.384646 0.338681 0.360127 0.64946 0.402598 0.470488 0.395562 0.484397 0.419947 0.40905 0.640368 0.401943 0.394404 0.736052 0.401909 0.395611 1.11195 0.358849 0.543312 0.341719 0.471314 0.405062 0.403602 0.65103 0.343993 0.402536 0.533903 0.346853 0.649951 0.38047 0.394674 0.542756 0.470079 0.323064 1.07306 1.08486 0.514186 0.396768 0.358483 0.399571 0.459972 0.360294 0.427079 0.328211 0.545881 0.432222 0.395622 0.467488 0.441463 0.339687 0.539961 0.404008 0.441288 0.407454 0.715713 0.535425 0.327221 0.471915 1.02729 0.354494 0.347872 0.361439 0.452606 1.01216 0.713094 1.21377 0.640033 0.46902 0.401075 0.670153 0.342946 0.40918 0.405451 0.693711 0.71296 0.412581 0.403861 0.483435 0.384975 0.320781 0.315269 0.414551
Testing:
Lab Growth Rates:
0.6
Dot Production Prediction of Lab Growth Rates:
0.402646
Best performance so far: 
Obj: 4.65801e-310Rho: 2.26291e-314Diff: 4.65801e-310
Anneal again with the best G and E so far as input
Cycle 2Round 1
Iter 500000 pBad 0.83285 T 0.00127883 Obj 1.05525 Rho 0 GRdif 31.6218 success 119164 failure 10955 obj_new 1.05525 SA_pAcc 1 Delta 0.0386852 SA_r 0.323592 freedomratio 0.292392
Iter 1000000 pBad 0.772537 T 0.000418662 Obj 1.03492 Rho 0 GRdif 20.1809 success 235090 failure 28264 obj_new 1.03492 SA_pAcc 0.684687 Delta -0.020139 SA_r 0.493961 freedomratio 0.289798
Iter 1500000 pBad 0.70783 T 0.000137062 Obj 1.03041 Rho 0 GRdif 17.6133 success 349702 failure 49313 obj_new 1.03041 SA_pAcc 1.85505 Delta 0.0622884 SA_r 0.213803 freedomratio 0.285992
Iter 2000000 pBad 0.608235 T 4.48711e-05 Obj 1.02447 Rho 0 GRdif 14.2173 success 461778 failure 77612 obj_new 1.02447 SA_pAcc 1 Delta 0.0588806 SA_r 0.757608 freedomratio 0.285437
Iter 2500000 pBad 0.540549 T 1.46899e-05 Obj 1.01914 Rho 0 GRdif 11.1503 success 571481 failure 111720 obj_new 1.01914 SA_pAcc 0.514847 Delta -0.0285684 SA_r 0.445055 freedomratio 0.27907
Iter 3000000 pBad 0.431572 T 4.80917e-06 Obj 1.0155 Rho 0 GRdif 9.04285 success 677301 failure 152774 obj_new 1.0155 SA_pAcc 0.943 Delta 0.0133889 SA_r 0.0544427 freedomratio 0.278673
Iter 3500000 pBad 0.270865 T 1.57442e-06 Obj 1.01027 Rho 0 GRdif 6.00516 success 771288 failure 219958 obj_new 1.01027 SA_pAcc 0.923558 Delta -0.0015492 SA_r 0.272832 freedomratio 0.272348
Iter 4000000 pBad 0.207173 T 5.15434e-07 Obj 1.00873 Rho 0 GRdif 5.11172 success 855301 failure 307756 obj_new 1.00873 SA_pAcc 0.411347 Delta 0.00739651 SA_r 0.466543 freedomratio 0.261799
Iter 4500000 pBad 0.109258 T 1.68743e-07 Obj 1.00782 Rho 0 GRdif 4.57941 success 917183 failure 449263 obj_new 1.00782 SA_pAcc 0.207867 Delta -0.00283358 SA_r 0.757602 freedomratio 0.237192
Iter 5000000 pBad 0.0437586 T 5.52428e-08 Obj 1.0076 Rho 0 GRdif 4.45067 success 955278 failure 654123 obj_new 1.0076 SA_pAcc 1 Delta -0.00286327 SA_r 0.320816 freedomratio 0.208733
Iter 5500000 pBad 0.032966 T 1.80854e-08 Obj 1.00755 Rho 0 GRdif 4.42559 success 976138 failure 912560 obj_new 1.00755 SA_pAcc 1.41627 Delta 0.00024044 SA_r 0.119708 freedomratio 0.195739
Iter 6000000 pBad 0.0123522 T 5.92078e-09 Obj 1.00754 Rho 0 GRdif 4.42351 success 988719 failure 1203182 obj_new 1.00755 SA_pAcc 0 Delta -0.000403461 SA_r 0.717561 freedomratio 0.186785
Iter 6500000 pBad 0.00641823 T 1.93834e-09 Obj 1.00753 Rho 0 GRdif 4.41101 success 996662 failure 1511935 obj_new 1.00753 SA_pAcc 1 Delta 0.000125917 SA_r 0.0944533 freedomratio 0.179104
Iter 7000000 pBad 0.00340262 T 6.34574e-10 Obj 1.00753 Rho 0 GRdif 4.40872 success 1001590 failure 1834219 obj_new 1.00753 SA_pAcc 1 Delta -0.000186787 SA_r 0.907588 freedomratio 0.175418
Iter 7500000 pBad 0.0028363 T 2.07746e-10 Obj 1.00752 Rho 0 GRdif 4.40748 success 1004654 failure 2164865 obj_new 1.00752 SA_pAcc 1 Delta -9.97191e-05 SA_r 0.270695 freedomratio 0.173708
Iter 8000000 pBad 0.00151322 T 6.80119e-11 Obj 1.00752 Rho 0 GRdif 4.40631 success 1007626 failure 2500978 obj_new 1.00752 SA_pAcc 1.12568e-76 Delta 0.000138376 SA_r 0.819021 freedomratio 0.168723
Iter 8500000 pBad 0.00162884 T 2.22657e-11 Obj 1.00752 Rho 0 GRdif 4.40635 success 1010238 failure 2848526 obj_new 1.00752 SA_pAcc 0 Delta 4.41327e-06 SA_r 0.311906 freedomratio 0.164706
Iter 9000000 pBad 0.000929415 T 7.28934e-12 Obj 1.00752 Rho 0 GRdif 4.40515 success 1012137 failure 3204833 obj_new 1.00752 SA_pAcc 1 Delta -8.31552e-05 SA_r 0.963958 freedomratio 0.161672
Iter 9500000 pBad 0.000243071 T 2.38638e-12 Obj 1.00752 Rho 0 GRdif 4.40549 success 1013557 failure 3567119 obj_new 1.00752 SA_pAcc 0 Delta -1.55821e-05 SA_r 0.186076 freedomratio 0.159783
Good enough
iter 9.99969e+06 obj1.00752 rho 0 GRdif 4.40484
Training:
Lab Growth Rates:
0.65 1.05 1.345 0.53 0.47 0.11 0.46 0.56 0.1 0.41 1.483 0.55 0.17 0.58 1.483 0.5 0.46 0.19 0.37 1.248 0.23 0.46 0.22 0.5 0.42 1.46 0.377 0.26 0.47 0.52 0.47 0.55 0.47 0.4 0.23 1.483 1.345 1.345 0.45 0.36 0.26 0.54 0.37 1.483 0.55 0.46 0.25 1.43 0.23 0.55 0.59 0.2 0.71 0.59 1.66 0.476 0.636 0.23 0.56 0.33 0.56 0.5 0.42 0.3 0.5 0.6 0.32 0.59 0.54 0.47 0.52 0.54 0.481 0.46 0.4 0.34 0.43 0.47 0.5 0.636 0.33 0.47 0.58 0.54 0.54 0.47 0.4 0.5 0.4 0.762 0.5 0.53 0.53 0.5 0.5 0.55 0.901 0.54 0.43 0.54 1.483 0.762 0.4 0.59 0.42 1.248 0.1 0.45 0.53 0.54 0.38 0.686 0.5 0.45 0.485 0.4 0.4 0.46 0.4 1.05 0.31 0.4 0.45 0.45 0.5 0.901 0.55 0.47 0.1 0.648 0.465 0.48 0.37 0.617 0.22 0.724 0.762 0.36 0.53 0.45 0.46 0.25 0.37 0.42 0.4 0.4 0.4 1.483 0.54 0.648 0.4 0.2 0.43 0.4 0.54 0.6 1.05 1.345 0.65 0.636 0.39 0.53 0.51 0.52 0.54 0.46 0.42 0.54 1.248 0.32 0.55 0.48 0.49 0.32 0.31 0.48 0.5 0.11 0.25 0.4 0.637 0.55 0.71 0.31 0.46 0.52 0.4 0.4 0.59 0.33 0.55 0.51 0.4 0.54 0.4 0.46 0.635 0.46 0.58 0.52 0.52 0.58 0.5 0.3 0.55 0.45 1.248 0.47 1.248 0.58 0.59 0.3 1.345 0.45 0.54 0.3 0.58 0.54 0.47 0.5 0.901 0.3 0.39 0.71 0.27 0.47 0.37 0.48 0.4 0.686 1.05 0.53 1.67 0.4 0.3 0.34 0.56 1.03 0.42 0.4 1.483 0.33 0.476 0.37 0.4 0.377 0.47 0.5 0.48 0.19 0.4 0.38 0.56 0.901 0.1 0.37 0.4 0.33 0.54 0.42 0.58 1.49 0.4 1.345 0.46 0.37 0.54 0.56 0.4 0.43 0.42 0.45 1.345 0.42 0.25 0.52 0.46 0.4 0.39 0.27 0.58 0.5 0.23 0.37 0.5 0.45 0.23 0.09 1.66 0.4 0.7 0.1 0.58 0.637 0.42 0.56 0.48 1.345 0.22 0.58 0.52 0.37 0.65 0.48 0.5 0.4 1.483 0.58 0.48 0.47 0.3 0.6 0.41 0.485 0.7 0.39 0.55 0.56 0.3 0.3 0.485 0.58 0.5 0.5 0.481 0.25 0.56 0.56 0.43 0.33 1.483 0.54 0.5 0.4 0.42 0.41 0.42 0.41 0.37 0.53 0.43 0.47 0.54 1.05 0.22 0.14 0.53 0.51 0.53 0.59 0.42 0.4 0.27 0.36 0.54 0.5 0.42 0.38 0.58 0.11 0.19 0.47 0.1 0.42 0.42 0.52 1.345 0.54 0.22 0.43 0.48 0.25 0.55 0.301 0.3 0.56 0.36 0.54 0.4 0.49 0.4 0.45 0.4 1.46 0.14 0.56 0.33 0.17 0.27 0.56 0.4 0.46 1.345 0.46 0.59 0.38 0.36 0.38 0.42 0.56 0.4 0.3 0.5 0.68 0.59 0.635 1.345 1.483 0.4 0.476 0.648 0.58 0.47 0.5 0.54 0.68 0.41 0.5 0.56 0.47 0.5 0.68 0.635 0.36 1.38 1.43 0.4 0.58 0.53 0.56 0.56 0.49 0.46 0.41 0.54 0.4 0.43 0.3 0.68 0.58 0.65 0.4 0.54 0.52 0.5 0.1 0.22 0.45 0.45 1.42 0.22 0.45 0.4 1.44 0.27 0.2 0.1 0.45 0.47 0.3 0.4 1.46 0.54 0.09 0.485 0.4 0.45 0.4 0.53 0.42 0.17 0.41 0.37 0.5 0.46 0.58 0.54 1.4 0.4 0.56 1.67 0.09 0.46 1.35 0.481 0.39 0.23 0.5 0.45 0.33 0.3 0.4 0.47 0.4 0.53 0.46 0.68 0.7 0.47 0.4 0.22 0.59 0.36 0.4 0.901 0.5 0.43 0.34 0.27 0.65 0.4 0.58 0.43 0.465 0.43 0.59 0.65 0.4 0.37 0.25 0.4 0.4 1.345 0.5 0.53 0.45 0.377 0.37 0.4 0.65 0.53 0.4 0.5 0.41 0.65 0.52 0.4 0.59 0.58 0.39 0.901 1.483 0.47 0.4 0.26 0.4 0.1 0.25 0.43 0.36 0.59 0.47 0.46 0.301 0.46 0.59 0.23 0.4 0.47 0.52 0.686 0.23 0.36 0.33 1.483 0.59 0.59 0.5 0.58 1.46 0.724 0.762 0.7 0.301 0.4 0.65 0.5 0.37 0.4 0.637 0.724 0.45 0.4 0.465 0.41 0.54 0.58 0.37
Dot Production Prediction of Lab Growth Rates:
0.647109 1.5236 1.30835 0.283545 0.371909 0.368259 0.552428 0.542532 0.438523 0.366233 1.30426 0.546265 0.40034 0.472879 1.29895 0.873181 0.339848 0.308192 0.420222 0.830907 0.548837 0.357104 0.46869 0.336392 0.591802 1.04639 0.502608 0.457018 0.401157 0.337333 0.342171 0.545382 0.396014 0.393762 0.54497 1.27986 1.34471 1.28568 0.390075 0.374781 0.559678 0.33453 0.397208 1.31656 0.554858 0.532684 1.50516 1.26124 0.539257 0.555066 0.546941 0.357267 0.690117 0.329493 1.66 0.50483 0.683535 0.431132 0.46943 0.317278 0.545133 0.47885 0.277712 0.498419 0.531318 0.558713 0.319687 0.550513 0.46041 0.457488 0.35896 0.339895 0.495143 0.472497 0.402493 0.335791 0.354767 0.379428 0.555862 0.683298 0.358873 0.352364 0.342699 0.354045 0.379323 0.38651 0.383158 0.392025 0.402204 0.762331 0.470819 0.311181 0.415821 0.839092 0.837434 0.467516 0.906568 0.465965 0.380905 0.466748 1.35558 0.756975 0.396648 0.340642 0.588558 0.834301 1.39677 1.47559 0.528362 0.4642 0.373292 0.688356 0.338635 1.51892 0.500538 0.398467 0.401293 0.341358 0.368869 1.0549 0.555929 0.403305 1.45097 0.359939 0.847107 0.902447 0.463597 0.401709 1.45883 0.675687 0.505467 0.317857 0.414042 0.617636 0.473635 0.687031 0.762 0.417695 0.45491 0.29463 0.326261 0.352015 0.283671 0.346057 0.401545 0.4053 0.387047 1.32378 0.373956 0.678626 0.399039 0.398409 0.418322 0.382693 0.538621 0.552569 1.04477 1.31713 0.650028 0.691615 0.332034 0.529975 0.404265 0.364327 0.368799 0.456473 0.336277 0.459068 0.837588 0.312195 0.450568 0.292086 0.37175 0.345011 0.542997 0.341636 0.315176 0.335093 0.301298 0.3925 0.667915 0.549176 0.685119 0.564473 0.336821 0.342368 0.400991 0.399283 0.316744 0.358314 0.465368 0.421071 0.399993 0.55379 0.384628 0.457375 0.679546 0.424265 0.470219 0.364741 0.37789 0.479719 0.477689 0.294805 0.546786 0.39549 0.830499 0.362205 0.829413 0.355442 0.544154 0.557896 1.30221 1.46904 0.367507 0.531485 0.376689 0.545287 0.3899 0.532201 0.904186 0.568145 0.332669 0.682504 0.35662 0.458022 0.418281 0.32265 0.393972 0.692537 1.05011 0.534692 1.51634 0.397351 0.300967 0.314793 0.543894 1.3311 0.342619 0.401049 1.29348 0.512741 0.504245 0.420847 0.402044 0.502587 0.353828 0.481183 0.292717 0.31064 0.402727 0.291116 0.477082 0.901 0.990358 0.540728 0.401806 0.344482 0.307989 0.338752 0.472113 1.55326 0.381631 1.32855 0.304948 0.423265 0.393561 0.548262 0.399011 0.359346 0.40212 1.45473 1.34576 0.344444 0.346757 0.336519 0.468267 0.385779 0.315034 0.371868 0.363838 0.88909 0.544205 0.42228 0.433473 0.309592 0.430966 0.385316 1.65223 0.403019 0.699986 1.43384 0.4768 0.671294 0.321518 0.536847 0.370572 1.34907 0.433318 0.472407 0.374218 0.415807 0.658068 0.342107 0.471494 0.401462 1.28824 0.38198 0.352415 0.3452 0.456369 0.576158 0.491613 0.494455 0.712851 0.30265 0.472446 0.545927 0.575146 0.396148 0.49112 0.356786 0.338031 0.781206 0.494426 0.482615 0.478489 0.544408 0.426005 0.321581 1.30038 0.540634 0.875242 0.400001 0.565016 0.383824 0.327833 0.363909 0.397557 0.416737 0.345755 0.361876 0.401692 1.05 0.351424 0.13943 0.532212 0.388848 0.328444 0.547291 0.292178 0.394736 0.578074 0.424191 0.362625 0.841872 0.338832 0.31242 0.295383 0.354188 0.309779 0.319614 0.338345 0.305751 0.350852 0.383354 1.32158 0.554875 0.464473 0.352107 0.285612 0.505562 0.472821 0.505385 0.355865 0.478339 0.320177 0.372778 0.402089 0.391755 0.383845 1.55326 0.395236 1.54253 0.140044 0.550622 0.45336 0.294306 0.367226 0.531754 0.400836 0.524831 1.28637 0.44147 0.318362 0.300658 0.358138 0.378768 0.329229 0.531271 0.284043 0.522385 0.849298 0.398038 0.55355 0.679329 1.35014 1.31082 0.400374 0.503912 0.672423 0.376937 0.352384 0.746349 0.541538 0.396829 0.501036 0.839671 0.463541 0.376499 0.479647 0.401069 0.680861 0.351203 1.33334 1.26742 0.305372 0.468867 0.373083 0.545457 0.468378 0.374208 0.413062 0.502086 0.472901 0.40357 0.435447 0.3 0.402559 0.466631 0.631139 0.401029 0.535442 0.359436 0.329286 1.22329 0.47188 0.335749 0.364308 1.53464 0.385541 0.353712 0.396843 1.51151 0.27 0.377163 1.24831 0.370088 0.329723 0.515206 0.400134 1.0426 0.374253 0.347748 0.502183 0.397543 0.346682 0.401179 0.514439 0.337308 0.292509 0.334802 0.412572 0.378713 0.449338 0.470205 0.393064 1.39994 0.400855 0.548485 1.40537 0.444773 0.389068 1.17273 0.498301 0.331003 0.431081 0.337695 1.55223 0.329424 0.32018 0.402094 0.341807 0.399955 0.525692 0.470874 0.402829 0.702207 0.423852 0.402623 0.47057 0.377196 0.340439 0.401114 0.959025 0.547866 0.347404 0.34146 0.335387 0.64994 0.399514 0.476976 0.360614 0.50253 0.394334 0.357859 0.648495 0.402349 0.399844 0.980544 0.399497 0.394723 1.36286 0.356039 0.536771 0.326699 0.503829 0.383859 0.401352 0.656989 0.374688 0.399501 0.550565 0.343944 0.632461 0.364429 0.386845 0.544878 0.477777 0.309113 0.772067 1.32479 0.454491 0.394405 0.3799 0.396586 0.434637 0.351072 0.398285 0.334007 0.551717 0.391107 0.386962 0.50386 0.416033 0.34194 0.547727 0.400752 0.39269 0.369527 0.691481 0.547624 0.320125 0.480011 1.26222 0.335433 0.305605 0.36687 0.449095 1.03195 0.691084 0.770475 0.702681 0.504138 0.399258 0.652153 0.359159 0.422961 0.40176 0.673441 0.690855 0.411554 0.401096 0.500819 0.38701 0.33064 0.319988 0.421168
Testing:
Lab Growth Rates:
0.6
Dot Production Prediction of Lab Growth Rates:
0.540541
Best performance so far: 
Obj: 4.65801e-310Rho: 6.5069e-314Diff: 4.65801e-310
Test:
 Lab Growth Rates:
0.6Dot Product Prediction of Growth Rate:
0.5405409