seed =  5 traits =  1 
Training: part  140 
Training: part  140 
Round  1 
 Goal of obj  0.99 
Temperature range:  0.00390625 1.5625e-09 
Cycle 1Round 1
Iter 500000 pBad 0.871438 T 0.0018701 Obj 1.10743 Rho 0 GRdif 59.797 success 146491 failure 9704 obj_new 1.10743 SA_pAcc 1.04089 Delta 0.00179216 SA_r 0.560725 freedomratio 0.371592
Iter 1000000 pBad 0.856669 T 0.000895296 Obj 1.08026 Rho 0 GRdif 45.2418 success 291376 failure 22497 obj_new 1.08026 SA_pAcc 1.01211 Delta -0.0690195 SA_r 0.835954 freedomratio 0.373248
Iter 1500000 pBad 0.811824 T 0.000428617 Obj 1.04505 Rho 0 GRdif 25.8246 success 433981 failure 41331 obj_new 1.04505 SA_pAcc 1.07714 Delta -0.0705092 SA_r 0.606718 freedomratio 0.36809
Iter 2000000 pBad 0.716154 T 0.000205198 Obj 1.03414 Rho 0 GRdif 19.6698 success 575356 failure 63337 obj_new 1.03414 SA_pAcc 0.994199 Delta 0.00175115 SA_r 0.138121 freedomratio 0.370651
Iter 2500000 pBad 0.6864 T 9.82371e-05 Obj 1.02396 Rho 0 GRdif 13.8749 success 715143 failure 89429 obj_new 1.02396 SA_pAcc 0.943694 Delta 0.0125675 SA_r 0.212025 freedomratio 0.356231
Iter 3000000 pBad 0.654528 T 4.70304e-05 Obj 1.01998 Rho 0 GRdif 11.5937 success 851899 failure 119726 obj_new 1.01998 SA_pAcc 1.16271 Delta 0.0588353 SA_r 0.918042 freedomratio 0.373724
Iter 3500000 pBad 0.598309 T 2.25155e-05 Obj 1.01685 Rho 0 GRdif 9.78975 success 984131 failure 158433 obj_new 1.01685 SA_pAcc 1 Delta 0.0350814 SA_r 0.822288 freedomratio 0.372774
Iter 4000000 pBad 0.529399 T 1.07792e-05 Obj 1.01373 Rho 0 GRdif 7.98866 success 1113772 failure 202187 obj_new 1.01373 SA_pAcc 1 Delta -0.0353287 SA_r 0.296051 freedomratio 0.352163
Iter 4500000 pBad 0.407545 T 5.16045e-06 Obj 1.01201 Rho 0 GRdif 6.99307 success 1234771 failure 261396 obj_new 1.01201 SA_pAcc 1 Delta -0.0299208 SA_r 0.379122 freedomratio 0.352375
Iter 5000000 pBad 0.276743 T 2.47053e-06 Obj 1.01065 Rho 0 GRdif 6.20724 success 1344012 failure 345093 obj_new 1.01065 SA_pAcc 1.16818 Delta 0.00904959 SA_r 0.920272 freedomratio 0.343695
Iter 5500000 pBad 0.232064 T 1.18275e-06 Obj 1.00999 Rho 0 GRdif 5.82783 success 1440416 failure 454523 obj_new 1.00999 SA_pAcc 1.03313 Delta -0.000386645 SA_r 0.201482 freedomratio 0.330327
Iter 6000000 pBad 0.162348 T 5.66235e-07 Obj 1.0096 Rho 0 GRdif 5.59882 success 1518909 failure 603363 obj_new 1.0096 SA_pAcc 1 Delta 0.0132768 SA_r 0.267071 freedomratio 0.30745
Iter 6500000 pBad 0.0817013 T 2.71081e-07 Obj 1.00927 Rho 0 GRdif 5.40784 success 1585064 failure 780971 obj_new 1.00927 SA_pAcc 1 Delta 0.00417681 SA_r 0.0752559 freedomratio 0.283915
Iter 7000000 pBad 0.0585493 T 1.29778e-07 Obj 1.00913 Rho 0 GRdif 5.32755 success 1629062 failure 1012886 obj_new 1.00913 SA_pAcc 0.000202776 Delta -0.00524975 SA_r 0.952189 freedomratio 0.265158
Iter 7500000 pBad 0.0369617 T 6.21306e-08 Obj 1.00906 Rho 0 GRdif 5.30579 success 1659932 failure 1283173 obj_new 1.0091 SA_pAcc 2.88377e-282 Delta -0.00139143 SA_r 0.8746 freedomratio 0.239281
Iter 8000000 pBad 0.0213092 T 2.97446e-08 Obj 1.009 Rho 0 GRdif 5.25798 success 1682502 failure 1582077 obj_new 1.00901 SA_pAcc 3.84433e-137 Delta -0.00156734 SA_r 0.636598 freedomratio 0.224092
Iter 8500000 pBad 0.0167208 T 1.42401e-08 Obj 1.00898 Rho 0 GRdif 5.23718 success 1698157 failure 1904036 obj_new 1.00898 SA_pAcc 1.35286e-11 Delta -0.00152278 SA_r 0.122562 freedomratio 0.21882
Iter 9000000 pBad 0.00823171 T 6.81734e-09 Obj 1.00896 Rho 0 GRdif 5.22955 success 1709636 failure 2240757 obj_new 1.00896 SA_pAcc 1 Delta 0.000770939 SA_r 0.535024 freedomratio 0.213013
Iter 9500000 pBad 0.0061749 T 3.26376e-09 Obj 1.00895 Rho 0 GRdif 5.23267 success 1718394 failure 2587869 obj_new 1.00897 SA_pAcc 0 Delta 0.000600859 SA_r 0.120572 freedomratio 0.206338
Iter 10000000 pBad 0.00491443 T 1.5625e-09 Obj 1.00895 Rho 0 GRdif 5.21963 success 1724640 failure 2945411 obj_new 1.00895 SA_pAcc 1 Delta -0.000399289 SA_r 0.484649 freedomratio 0.204395
Cannot move further
iter 9.99982e+06 obj1.00895 rho 0 GRdif 5.21963
Training:
Lab Growth Rates:
0.4 0.42 0.45 0.59 0.377 0.43 0.42 1.43 0.38 0.4 0.53 0.38 0.56 0.56 0.46 0.45 0.23 0.27 0.55 1.345 0.4 0.47 0.4 1.483 0.37 0.32 0.49 0.1 0.25 0.68 0.58 0.47 0.11 0.56 1.05 0.46 0.41 0.47 0.31 0.47 0.51 0.43 0.637 0.762 0.54 0.37 0.4 0.46 0.1 0.26 0.4 0.42 0.53 0.56 0.45 0.55 0.4 0.45 1.248 0.53 0.43 0.55 0.46 0.23 0.3 1.67 0.48 0.19 0.3 0.724 0.48 0.56 0.7 0.34 0.48 0.54 0.48 0.26 0.5 0.636 0.3 0.33 0.686 0.46 0.52 0.45 0.53 0.59 0.36 1.248 0.58 0.45 0.39 0.32 0.09 0.22 0.37 0.53 0.901 0.4 0.45 0.37 0.36 0.5 0.648 0.5 0.6 0.45 0.6 0.4 0.1 0.46 0.37 0.53 0.1 0.33 0.47 1.345 0.65 0.56 0.55 0.59 0.52 0.42 0.68 0.5 0.42 0.54 0.42 0.27 0.09 0.27 0.5 1.248 0.3 1.483 0.4 0.1 0.47 1.248 0.33 0.54 1.483 1.44 0.56 0.58 0.7 0.52 0.52 0.65 0.4 0.5 0.55 0.3 0.39 0.4 0.33 1.483 0.25 0.465 0.59 1.05 0.42 0.48 0.37 1.345 0.49 0.56 0.3 0.481 0.4 0.53 0.55 0.46 0.54 0.46 0.17 0.19 0.5 0.686 0.36 1.483 0.4 0.46 0.39 0.5 0.52 0.5 0.43 0.54 0.22 0.58 0.5 0.481 0.53 0.485 0.5 0.47 0.25 0.65 1.49 0.54 0.5 0.5 0.41 0.2 0.56 0.54 0.6 0.43 0.54 0.43 0.33 0.22 0.4 0.45 0.39 0.23 0.51 1.05 0.37 0.45 0.46 0.31 0.2 0.09 0.46 0.11 0.4 0.52 0.648 0.901 0.465 0.54 0.5 0.5 0.4 0.42 0.33 0.4 0.37 0.23 0.3 0.56 0.53 1.46 0.38 0.22 1.345 0.1 0.45 0.54 0.49 0.42 0.4 0.635 1.46 0.5 0.14 0.5 0.4 0.3 1.42 0.4 0.4 0.17 0.4 0.39 0.54 0.46 1.38 0.54 0.485 0.59 0.54 0.5 0.47 1.483 0.5 0.47 0.4 0.42 0.59 0.54 0.54 1.345 0.53 0.724 0.54 0.65 0.42 0.7 0.47 0.58 0.4 0.41 0.25 0.37 0.59 0.485 0.301 0.48 0.58 0.33 0.36 0.4 0.4 0.25 0.45 0.45 0.45 0.762 0.762 0.54 0.47 0.4 0.4 0.46 0.47 1.67 0.4 0.901 1.483 1.345 0.47 0.45 0.65 0.46 0.724 0.17 0.39 0.637 0.901 0.43 0.5 0.52 0.22 0.4 0.58 0.55 0.41 0.37 0.55 1.05 1.05 0.58 0.22 0.68 0.68 0.34 0.5 0.59 0.47 0.377 0.27 0.4 0.5 0.33 0.4 0.59 0.46 0.4 0.65 0.4 0.7 0.377 0.476 0.58 0.59 0.56 0.58 0.46 0.617 0.42 0.37 0.71 0.5 0.58 0.4 0.47 0.47 0.53 0.301 0.54 0.59 0.1 0.481 0.2 0.27 0.42 0.43 0.41 0.53 1.66 0.5 0.58 0.4 0.301 0.4 0.23 1.345 0.42 0.43 0.58 0.58 0.3 0.465 0.36 0.56 0.55 0.42 0.762 0.52 0.476 0.476 1.35 0.4 0.54 0.4 0.46 0.47 0.38 0.5 0.4 0.53 0.14 0.37 0.59 0.4 0.23 0.56 0.59 0.59 0.54 0.5 0.4 1.345 0.36 0.4 0.4 0.68 0.54 0.65 0.25 0.5 0.65 0.48 0.5 0.48 0.3 1.483 0.5 0.43 0.59 0.52 0.4 0.26 0.54 0.34 0.4 1.46 0.53 0.54 0.25 0.48 0.55 0.3 0.36 0.58 0.4 0.41 0.4 0.37 0.4 1.4 0.47 0.4 1.46 0.6 0.56 0.43 0.54 0.65 0.4 0.52 0.901 0.635 0.46 0.56 0.46 0.648 0.52 0.3 0.55 0.58 0.37 0.5 0.53 0.637 0.36 0.58 0.22 0.686 0.636 0.43 0.4 1.483 0.11 0.47 0.58 0.58 1.248 0.58 0.23 0.47 0.42 0.46 0.37 0.47 0.41 0.56 0.25 1.345 0.59 0.54 0.5 0.4 1.03 0.45 0.485 0.4 0.56 0.36 0.45 0.33 1.345 0.901 0.5 0.41 0.42 0.4 0.47 0.52 0.5 0.4 0.54 0.636 0.3 0.71 0.46 0.19 0.32 0.45 0.4 0.4 0.1 0.27 1.66 1.345 1.483 0.3 0.23 1.483 0.55 0.22 0.56 0.37 1.43 0.71 0.23 0.4 0.42 0.38 0.47 0.635 0.54 0.31 0.45 0.51 1.483 0.1 0.47 1.345 0.41 0.58 0.5
Dot Production Prediction of Lab Growth Rates:
0.405278 0.340726 1.54467 0.37628 0.486263 0.362234 0.500805 1.33564 0.337211 0.404454 0.339231 0.360775 0.534477 0.541012 0.373093 0.366626 0.538953 0.516071 0.465565 0.918198 0.401378 0.357109 0.406702 0.873227 0.406224 0.33167 0.381841 0.41598 0.362426 0.50841 0.464793 0.361265 0.331978 0.540046 1.74806 0.453068 0.357567 0.395892 0.483156 0.347567 0.371905 0.415213 0.712706 1.38926 0.549941 0.39068 0.401028 0.337332 0.408591 0.417242 0.401756 0.491093 0.532488 0.535061 1.45717 0.553989 0.408367 0.393997 1.248 0.534732 0.390731 0.462453 0.323958 0.541712 0.386879 1.52201 0.319859 0.326816 0.385776 0.723955 0.322136 0.541324 0.670611 0.329376 0.347103 0.376356 0.337098 0.376929 0.472402 0.720823 0.36048 0.331566 0.71904 0.361564 0.382738 0.366408 0.542754 0.55085 0.375414 1.25124 0.462877 0.377763 0.334121 0.318848 0.414388 0.475217 0.384916 0.529763 0.877598 0.405494 0.347329 0.383685 0.362024 0.547764 0.719417 0.617494 0.371358 1.4716 0.370269 0.406936 0.836327 0.45556 0.402192 0.33893 0.924884 0.351495 0.391439 0.902806 0.675368 0.477261 0.459573 0.351343 0.349129 0.354765 0.50434 0.388891 0.349463 0.360763 0.373748 0.344374 0.338381 0.354253 0.554866 1.26056 0.382416 0.869792 0.394434 1.00507 0.356409 1.24739 0.327208 0.542257 0.85816 1.53016 0.460976 0.374444 0.669262 0.364328 0.373332 0.649221 0.396638 0.468074 0.44932 0.361514 0.32065 0.401465 0.336269 0.881897 1.49843 0.488495 0.345716 1.05363 0.360978 0.353044 0.403438 0.855974 0.368784 0.543878 0.310152 0.485659 0.404751 0.315378 0.550895 0.469423 0.450471 0.397169 0.334209 0.323545 0.548719 0.723888 0.351558 0.896966 0.400027 0.40175 0.311503 0.536172 0.354849 0.614709 0.364106 0.459451 0.475274 0.460984 0.375675 0.487656 0.459663 0.485946 0.348131 0.374605 0.330158 0.6409 1.54467 0.327699 0.324759 0.526439 0.3838 0.367959 0.459515 0.533914 0.385463 0.387536 0.460423 0.408363 0.433822 0.475353 0.404923 1.47087 0.33093 0.429256 0.388806 1.05004 0.47591 0.376537 0.415398 0.490842 0.397831 0.369013 0.460092 0.367362 0.39929 0.382455 0.716995 0.900941 0.491597 0.370581 0.464305 0.608492 0.399007 0.329134 0.446594 0.408931 0.417189 0.536465 0.354962 0.531442 0.536263 1.74024 0.33244 0.474067 0.903991 0.857998 0.402673 0.447128 0.366293 0.369639 0.349082 0.719028 1.02268 0.332791 0.140225 0.473475 0.405066 0.332795 1.52825 0.406879 0.401672 0.393092 0.408602 0.347999 0.375122 0.441735 1.37468 0.359322 0.484281 0.325029 0.320032 0.558156 0.390675 0.827051 0.60498 0.367601 0.396276 0.328272 0.320702 0.530847 0.533935 0.894728 0.402175 0.722926 0.388575 0.649442 0.343943 0.665897 0.370661 0.31578 0.40007 0.363313 0.458464 0.329162 0.538089 0.481378 0.490475 0.335543 0.358283 0.352028 0.336899 0.399757 0.407873 0.36626 0.352118 1.50732 0.352183 1.36652 1.39057 0.383782 0.434095 0.378777 0.405581 0.340311 0.36484 1.36516 0.395329 0.905082 0.877971 0.882715 0.432726 1.4757 0.64507 0.402961 0.718384 0.333325 0.333248 0.717052 0.900228 0.346201 0.361187 0.383506 0.347983 0.40185 0.358005 0.551625 0.486946 0.416448 0.543939 1.01065 1.05004 0.46383 0.390434 0.504826 0.498777 0.328867 0.333962 0.547287 0.422126 0.487267 0.306914 0.399472 0.360007 0.351966 0.407159 0.386975 0.465312 0.400737 0.638367 0.407042 0.666925 0.485207 0.490245 0.36083 0.538538 0.5414 0.447459 0.311628 0.558249 0.504885 0.405404 0.722595 0.536559 0.475911 0.403942 0.395597 0.387308 0.53264 0.492109 0.363861 0.550611 0.676397 0.484777 0.394555 0.374895 0.34831 0.357511 0.323055 0.354061 1.66 0.337887 0.466558 0.395999 0.488906 0.399991 0.429165 0.863553 0.322043 0.369977 0.459626 0.347701 0.303358 0.486732 0.35478 0.470264 0.458908 0.342 1.37573 0.362882 0.490487 0.487281 1.22735 0.401285 0.364722 0.402232 0.416382 0.355416 0.359809 0.518765 0.406049 0.393135 0.139255 0.406857 0.336483 0.395983 0.5377 0.547568 0.53606 0.54833 0.458068 0.533737 0.403586 0.858894 0.346085 0.396634 0.397505 0.506496 0.451938 0.674955 0.362119 0.583292 0.654134 0.314978 0.465667 0.336368 0.302029 0.846518 0.525685 0.393308 0.32751 0.354522 0.406324 0.477512 0.376176 0.31982 0.40527 1.02491 0.385437 0.540043 0.484274 0.311549 0.546061 0.299658 0.336922 0.47449 0.40119 0.487074 0.40701 0.406568 0.397422 1.39974 0.400814 0.408016 1.00352 0.375614 0.474567 0.385307 0.537127 0.653859 0.406884 0.354223 0.900984 0.717395 0.46746 0.458942 0.351323 0.709679 0.367683 0.362317 0.545352 0.468992 0.421604 0.324572 0.436499 0.715476 0.385172 0.37486 0.47853 0.722216 0.72823 0.423612 0.40608 0.848468 0.356921 0.368423 0.325616 0.468903 1.24654 0.350465 0.429832 0.393281 0.343925 0.459917 0.381583 0.353109 0.367097 0.535994 0.660456 0.881481 0.335551 0.361949 0.352934 0.408316 1.38274 0.337198 0.487516 0.404968 0.537673 0.382746 1.54984 0.419034 0.845016 1.23646 0.462818 0.485519 0.353437 0.407639 0.335113 0.376274 0.344796 0.395745 0.369986 0.721736 0.36907 0.726197 0.458696 0.323167 0.352106 0.372961 0.351173 0.408861 1.42629 0.371643 1.66 0.888973 0.854924 0.373296 0.539353 0.880988 0.460446 0.371422 0.541118 0.415612 1.32092 0.719588 0.541898 0.406499 0.356207 0.341675 0.405363 0.717217 0.334356 0.488139 0.34385 0.371387 0.879955 0.36557 0.346135 0.879374 0.375842 0.475079 0.606056
Testing:
Lab Growth Rates:
0.4 0.4 0.4
Dot Production Prediction of Lab Growth Rates:
0.406704 0.408261 0.403175
Best performance so far: 
Obj: 4.65791e-310Rho: 2.26291e-314Diff: 4.65791e-310
Anneal again with the best G and E so far as input
Cycle 2Round 1
Iter 500000 pBad 0.838528 T 0.0018701 Obj 1.05474 Rho 0 GRdif 31.2282 success 102226 failure 9630 obj_new 1.05474 SA_pAcc 1 Delta 0.0155295 SA_r 0.411702 freedomratio 0.24255
Iter 1000000 pBad 0.803388 T 0.000895296 Obj 1.04484 Rho 0 GRdif 25.7046 success 202630 failure 22855 obj_new 1.04484 SA_pAcc 0.886406 Delta 0.0430109 SA_r 0.325151 freedomratio 0.240756
Iter 1500000 pBad 0.716558 T 0.000428617 Obj 1.03751 Rho 0 GRdif 21.5811 success 301291 failure 40288 obj_new 1.03751 SA_pAcc 1.0922 Delta -0.0170387 SA_r 0.0357999 freedomratio 0.241252
Iter 2000000 pBad 0.711055 T 0.000205198 Obj 1.03235 Rho 0 GRdif 18.6553 success 398713 failure 61630 obj_new 1.03235 SA_pAcc 1 Delta 0.0701564 SA_r 0.341803 freedomratio 0.238697
Iter 2500000 pBad 0.625564 T 9.82371e-05 Obj 1.02864 Rho 0 GRdif 16.5472 success 494392 failure 86575 obj_new 1.02864 SA_pAcc 1 Delta -0.0612409 SA_r 0.354711 freedomratio 0.240066
Iter 3000000 pBad 0.566411 T 4.70304e-05 Obj 1.02492 Rho 0 GRdif 14.4215 success 587868 failure 116105 obj_new 1.02492 SA_pAcc 1 Delta 0.0373983 SA_r 0.514771 freedomratio 0.239869
Iter 3500000 pBad 0.497405 T 2.25155e-05 Obj 1.02232 Rho 0 GRdif 12.9353 success 678994 failure 150383 obj_new 1.02232 SA_pAcc 0.982835 Delta -0.0105358 SA_r 0.33631 freedomratio 0.23328
Iter 4000000 pBad 0.426674 T 1.07792e-05 Obj 1.01952 Rho 0 GRdif 11.33 success 766125 failure 191378 obj_new 1.01952 SA_pAcc 1 Delta 0.0257401 SA_r 0.507317 freedomratio 0.235058
Iter 4500000 pBad 0.419233 T 5.16045e-06 Obj 1.0159 Rho 0 GRdif 9.2416 success 853065 failure 234595 obj_new 1.0159 SA_pAcc 1 Delta 0.0290093 SA_r 0.234278 freedomratio 0.240657
Iter 5000000 pBad 0.29247 T 2.47053e-06 Obj 1.01161 Rho 0 GRdif 6.76536 success 937056 failure 288133 obj_new 1.01161 SA_pAcc 1.87071 Delta -0.0181144 SA_r 0.736555 freedomratio 0.231804
Iter 5500000 pBad 0.235496 T 1.18275e-06 Obj 1.0104 Rho 0 GRdif 6.06233 success 1009812 failure 363904 obj_new 1.0104 SA_pAcc 1.38285 Delta -0.0160417 SA_r 0.864877 freedomratio 0.225211
Iter 6000000 pBad 0.184019 T 5.66235e-07 Obj 1.00951 Rho 0 GRdif 5.54798 success 1078913 failure 449584 obj_new 1.00951 SA_pAcc 1 Delta 0.0169212 SA_r 0.353583 freedomratio 0.22256
Iter 6500000 pBad 0.11805 T 2.71081e-07 Obj 1.00882 Rho 0 GRdif 5.14843 success 1133149 failure 572792 obj_new 1.00882 SA_pAcc 1 Delta 0.0115021 SA_r 0.470481 freedomratio 0.2114
Iter 7000000 pBad 0.0679136 T 1.29778e-07 Obj 1.00851 Rho 0 GRdif 4.96481 success 1175028 failure 733657 obj_new 1.00851 SA_pAcc 1 Delta -0.00512516 SA_r 0.595498 freedomratio 0.194749
Iter 7500000 pBad 0.0610144 T 6.21306e-08 Obj 1.0083 Rho 0 GRdif 4.84372 success 1208039 failure 926554 obj_new 1.0083 SA_pAcc 0.0395735 Delta 0.00440076 SA_r 0.683231 freedomratio 0.183011
Iter 8000000 pBad 0.0287416 T 2.97446e-08 Obj 1.00822 Rho 0 GRdif 4.80136 success 1230808 failure 1158301 obj_new 1.00823 SA_pAcc 1.86856e-120 Delta -0.00135576 SA_r 0.622818 freedomratio 0.170696
Iter 8500000 pBad 0.0138305 T 1.42401e-08 Obj 1.0082 Rho 0 GRdif 4.78632 success 1245110 failure 1424624 obj_new 1.0082 SA_pAcc 1.22123e-179 Delta 0.00136634 SA_r 0.0479756 freedomratio 0.161388
Iter 9000000 pBad 0.00856491 T 6.81734e-09 Obj 1.00817 Rho 0 GRdif 4.77094 success 1254309 failure 1712043 obj_new 1.00817 SA_pAcc 3.28788e-48 Delta 0.000486028 SA_r 0.287206 freedomratio 0.157485
Iter 9500000 pBad 0.00900166 T 3.26376e-09 Obj 1.00817 Rho 0 GRdif 4.76763 success 1261188 failure 2008973 obj_new 1.00817 SA_pAcc 1 Delta -0.000101202 SA_r 0.344673 freedomratio 0.156726
Good enough
iter 9.9999e+06 obj1.00817 rho 0 GRdif 4.76575
Training:
Lab Growth Rates:
0.4 0.42 0.45 0.59 0.377 0.43 0.42 1.43 0.38 0.4 0.53 0.38 0.56 0.56 0.46 0.45 0.23 0.27 0.55 1.345 0.4 0.47 0.4 1.483 0.37 0.32 0.49 0.1 0.25 0.68 0.58 0.47 0.11 0.56 1.05 0.46 0.41 0.47 0.31 0.47 0.51 0.43 0.637 0.762 0.54 0.37 0.4 0.46 0.1 0.26 0.4 0.42 0.53 0.56 0.45 0.55 0.4 0.45 1.248 0.53 0.43 0.55 0.46 0.23 0.3 1.67 0.48 0.19 0.3 0.724 0.48 0.56 0.7 0.34 0.48 0.54 0.48 0.26 0.5 0.636 0.3 0.33 0.686 0.46 0.52 0.45 0.53 0.59 0.36 1.248 0.58 0.45 0.39 0.32 0.09 0.22 0.37 0.53 0.901 0.4 0.45 0.37 0.36 0.5 0.648 0.5 0.6 0.45 0.6 0.4 0.1 0.46 0.37 0.53 0.1 0.33 0.47 1.345 0.65 0.56 0.55 0.59 0.52 0.42 0.68 0.5 0.42 0.54 0.42 0.27 0.09 0.27 0.5 1.248 0.3 1.483 0.4 0.1 0.47 1.248 0.33 0.54 1.483 1.44 0.56 0.58 0.7 0.52 0.52 0.65 0.4 0.5 0.55 0.3 0.39 0.4 0.33 1.483 0.25 0.465 0.59 1.05 0.42 0.48 0.37 1.345 0.49 0.56 0.3 0.481 0.4 0.53 0.55 0.46 0.54 0.46 0.17 0.19 0.5 0.686 0.36 1.483 0.4 0.46 0.39 0.5 0.52 0.5 0.43 0.54 0.22 0.58 0.5 0.481 0.53 0.485 0.5 0.47 0.25 0.65 1.49 0.54 0.5 0.5 0.41 0.2 0.56 0.54 0.6 0.43 0.54 0.43 0.33 0.22 0.4 0.45 0.39 0.23 0.51 1.05 0.37 0.45 0.46 0.31 0.2 0.09 0.46 0.11 0.4 0.52 0.648 0.901 0.465 0.54 0.5 0.5 0.4 0.42 0.33 0.4 0.37 0.23 0.3 0.56 0.53 1.46 0.38 0.22 1.345 0.1 0.45 0.54 0.49 0.42 0.4 0.635 1.46 0.5 0.14 0.5 0.4 0.3 1.42 0.4 0.4 0.17 0.4 0.39 0.54 0.46 1.38 0.54 0.485 0.59 0.54 0.5 0.47 1.483 0.5 0.47 0.4 0.42 0.59 0.54 0.54 1.345 0.53 0.724 0.54 0.65 0.42 0.7 0.47 0.58 0.4 0.41 0.25 0.37 0.59 0.485 0.301 0.48 0.58 0.33 0.36 0.4 0.4 0.25 0.45 0.45 0.45 0.762 0.762 0.54 0.47 0.4 0.4 0.46 0.47 1.67 0.4 0.901 1.483 1.345 0.47 0.45 0.65 0.46 0.724 0.17 0.39 0.637 0.901 0.43 0.5 0.52 0.22 0.4 0.58 0.55 0.41 0.37 0.55 1.05 1.05 0.58 0.22 0.68 0.68 0.34 0.5 0.59 0.47 0.377 0.27 0.4 0.5 0.33 0.4 0.59 0.46 0.4 0.65 0.4 0.7 0.377 0.476 0.58 0.59 0.56 0.58 0.46 0.617 0.42 0.37 0.71 0.5 0.58 0.4 0.47 0.47 0.53 0.301 0.54 0.59 0.1 0.481 0.2 0.27 0.42 0.43 0.41 0.53 1.66 0.5 0.58 0.4 0.301 0.4 0.23 1.345 0.42 0.43 0.58 0.58 0.3 0.465 0.36 0.56 0.55 0.42 0.762 0.52 0.476 0.476 1.35 0.4 0.54 0.4 0.46 0.47 0.38 0.5 0.4 0.53 0.14 0.37 0.59 0.4 0.23 0.56 0.59 0.59 0.54 0.5 0.4 1.345 0.36 0.4 0.4 0.68 0.54 0.65 0.25 0.5 0.65 0.48 0.5 0.48 0.3 1.483 0.5 0.43 0.59 0.52 0.4 0.26 0.54 0.34 0.4 1.46 0.53 0.54 0.25 0.48 0.55 0.3 0.36 0.58 0.4 0.41 0.4 0.37 0.4 1.4 0.47 0.4 1.46 0.6 0.56 0.43 0.54 0.65 0.4 0.52 0.901 0.635 0.46 0.56 0.46 0.648 0.52 0.3 0.55 0.58 0.37 0.5 0.53 0.637 0.36 0.58 0.22 0.686 0.636 0.43 0.4 1.483 0.11 0.47 0.58 0.58 1.248 0.58 0.23 0.47 0.42 0.46 0.37 0.47 0.41 0.56 0.25 1.345 0.59 0.54 0.5 0.4 1.03 0.45 0.485 0.4 0.56 0.36 0.45 0.33 1.345 0.901 0.5 0.41 0.42 0.4 0.47 0.52 0.5 0.4 0.54 0.636 0.3 0.71 0.46 0.19 0.32 0.45 0.4 0.4 0.1 0.27 1.66 1.345 1.483 0.3 0.23 1.483 0.55 0.22 0.56 0.37 1.43 0.71 0.23 0.4 0.42 0.38 0.47 0.635 0.54 0.31 0.45 0.51 1.483 0.1 0.47 1.345 0.41 0.58 0.5
Dot Production Prediction of Lab Growth Rates:
0.396601 0.312666 1.52258 0.362542 0.585901 0.334065 0.542967 1.24239 0.300519 0.401132 0.316863 0.383282 0.552687 0.547563 0.37877 0.375631 0.558901 0.52799 0.491374 1.37374 0.40032 0.338157 0.400146 1.34345 0.416212 0.327067 0.384333 0.416584 0.34507 0.308529 0.462263 0.352118 0.334252 0.536893 1.50612 0.45 0.339667 0.372687 0.581658 0.335921 0.382792 0.408758 0.687134 1.46197 0.549334 0.384213 0.397798 0.344922 0.412355 0.458358 0.394992 0.522084 0.529403 0.523461 1.46851 0.55579 0.404523 0.408391 1.24721 0.545451 0.36169 0.497506 0.317119 0.547012 0.36734 1.55578 0.325023 0.305643 0.582378 0.700443 0.264552 0.555856 0.712568 0.334933 0.340157 0.349399 0.355825 0.368672 0.479494 0.70631 0.525122 0.306041 0.6891 0.341297 0.346493 0.344235 0.545914 0.552914 0.360035 1.24862 0.456711 0.343984 0.303156 0.31682 0.428962 0.48379 0.362702 0.53003 0.883509 0.403007 0.367436 0.396048 0.35368 0.56543 0.687583 0.88107 0.579264 1.48764 0.550849 0.404376 1.17394 0.509897 0.416789 0.299381 1.28134 0.330278 0.371365 1.33526 0.671502 0.475556 0.496399 0.31672 0.339905 0.347135 0.304739 0.40608 0.329395 0.331832 0.342802 0.332925 0.343824 0.361323 0.788046 1.2588 0.559431 1.28758 0.382995 1.29992 0.333836 1.23917 0.320117 0.553213 1.33836 1.5124 0.461379 0.368601 0.716559 0.338236 0.390538 0.650282 0.389958 0.478986 0.484093 0.536135 0.324901 0.403327 0.304989 1.37307 1.52305 0.582954 0.303996 1.05005 0.348222 0.331815 0.408138 1.32605 0.370168 0.533867 0.459524 0.581076 0.399038 0.309817 0.547291 0.478367 0.486609 0.396625 0.308102 0.289171 0.75609 0.690493 0.356089 1.37024 0.39996 0.416503 0.312765 0.552098 0.358423 0.891655 0.366521 0.492394 0.479711 0.465682 0.385922 0.579823 0.487134 0.57958 0.340245 0.369906 0.309063 0.644607 1.52258 0.32285 0.338683 0.535985 0.372615 0.35841 0.464125 0.537103 0.582852 0.391529 0.488508 0.435284 0.467799 0.479255 0.400835 1.48296 0.31547 0.425461 0.410585 1.04999 0.523892 0.384887 0.410369 0.583265 0.363606 0.37705 0.514221 0.384765 0.398934 0.344531 0.687687 0.900999 0.580189 0.357683 0.467075 0.816244 0.399343 0.301136 0.486838 0.403703 0.419675 0.541995 0.507749 0.529347 0.526676 1.54518 0.313841 0.476675 1.38221 1.14262 0.375433 0.480884 0.360272 0.386831 0.291557 0.692933 1.05595 0.336116 0.140745 0.479968 0.399369 0.310913 1.57662 0.403799 0.398988 0.37443 0.40801 0.330263 0.389278 0.49579 1.29722 0.365117 0.583816 0.314892 0.285191 0.793308 0.370007 1.31409 0.859136 0.366708 0.389334 0.304974 0.33975 0.545365 0.543095 1.33193 0.402081 0.694442 0.382551 0.642131 0.333074 0.701434 0.347912 0.28956 0.399688 0.348548 0.464867 0.297629 0.536424 0.585675 0.598958 0.351191 0.34513 0.308479 0.32655 0.396431 0.403825 0.339776 0.325295 1.52496 0.357956 1.45239 1.47548 0.36206 0.424594 0.362197 0.404881 0.365215 0.367229 1.34483 0.387002 0.900989 1.3189 1.33637 0.433849 1.48791 0.640018 0.41371 0.694819 0.283894 0.331091 0.693177 0.899812 0.347502 0.346449 0.398721 0.333277 0.39708 0.38608 0.562283 0.592754 0.419541 0.539512 1.02835 1.0499 0.463634 0.409168 0.310011 0.304571 0.325342 0.332407 0.537348 0.460948 0.578521 0.27464 0.395308 0.37155 0.345537 0.401286 0.376817 0.457679 0.400564 0.612067 0.403637 0.702796 0.585687 0.583971 0.364987 0.53721 0.550742 0.452315 0.294068 0.616994 0.510111 0.411605 0.685341 0.543438 0.481152 0.403746 0.399666 0.35911 0.525451 0.600137 0.330591 0.547503 1.0342 0.576866 0.362544 0.379768 0.295015 0.342671 0.330061 0.356882 1.66 0.323514 0.479745 0.391287 0.595749 0.398285 0.426061 1.28675 0.316457 0.351689 0.463535 0.351599 0.330307 0.580623 0.320933 0.470064 0.492081 0.333512 1.45361 0.359371 0.582093 0.577295 1.18555 0.397053 0.354374 0.400479 0.404954 0.33202 0.364799 0.772458 0.400694 0.404258 0.139585 0.419524 0.332919 0.393741 0.550519 0.526319 0.536355 0.543797 0.484297 0.70262 0.397912 1.33211 0.332306 0.386015 0.392247 0.310091 0.483295 0.659714 0.350487 0.79409 0.649962 0.301097 0.475346 0.300724 0.323577 1.28659 0.533172 0.383658 0.33761 0.319754 0.403004 0.535555 0.360147 0.303302 0.401691 1.04875 0.371066 0.526879 0.502248 0.32019 0.547088 0.329404 0.335052 0.482678 0.399659 0.592296 0.399698 0.408375 0.396955 1.39999 0.38282 0.403681 1.06102 0.56366 0.479603 0.375656 0.541966 0.650316 0.403709 0.347847 0.903729 0.690151 0.460221 0.463352 0.331839 0.681801 0.352173 0.557238 0.542668 0.465121 0.398511 0.324321 0.440421 0.692309 0.386348 0.382882 0.479494 0.691096 0.700755 0.449773 0.401012 1.32018 0.356276 0.373475 0.309107 0.465098 1.24801 0.329162 0.425173 0.401098 0.330326 0.462158 0.371724 0.340077 0.356922 0.550601 1.03319 1.3213 0.302922 0.366686 0.358325 0.406103 1.30133 0.321394 0.583215 0.401534 0.534431 0.402889 1.53857 0.438382 1.3186 1.29138 0.471385 0.600163 0.352751 0.403026 0.297165 0.38487 0.34446 0.392101 0.34064 0.692257 0.352874 0.691242 0.459379 0.290896 0.352481 0.390982 0.309924 0.403304 1.48522 0.361453 1.66 1.35936 1.31204 0.55485 0.547513 1.30756 0.494157 0.382979 0.548412 0.418321 1.21604 0.682649 0.546262 0.403667 0.343944 0.309826 0.355923 0.689974 0.32228 0.583316 0.367682 0.401998 1.35975 0.343221 0.335406 1.32487 0.389836 0.479565 0.859654
Testing:
Lab Growth Rates:
0.4 0.4 0.4
Dot Production Prediction of Lab Growth Rates:
0.402035 0.402589 0.400423
Best performance so far: 
Obj: 4.65791e-310Rho: 6.5069e-314Diff: 4.65791e-310
Test:
 Lab Growth Rates:
0.4 0.4 0.4Dot Product Prediction of Growth Rate:
0.4020343 0.4025883 0.4004226