seed =  5 traits =  1 
Training: part  137 
Training: part  137 
Round  1 
 Goal of obj  0.99 
Temperature range:  0.0078125 1.5625e-13 
Cycle 1Round 1
Iter 500000 pBad 0.883473 T 0.00227952 Obj 1.10481 Rho 0 GRdif 58.4064 success 147636 failure 7433 obj_new 1.10481 SA_pAcc 1.07458 Delta 0.0748891 SA_r 0.531975 freedomratio 0.374202
Iter 1000000 pBad 0.803192 T 0.000665111 Obj 1.065 Rho 0 GRdif 36.9015 success 291615 failure 21687 obj_new 1.065 SA_pAcc 0.862735 Delta -0.0446321 SA_r 0.784709 freedomratio 0.36925
Iter 1500000 pBad 0.769884 T 0.000194064 Obj 1.03321 Rho 0 GRdif 19.1571 success 433446 failure 42442 obj_new 1.03323 SA_pAcc 0.877722 Delta -0.0407318 SA_r 0.939809 freedomratio 0.361282
Iter 2000000 pBad 0.640334 T 5.66236e-05 Obj 1.02198 Rho 0 GRdif 12.7402 success 572462 failure 70667 obj_new 1.02198 SA_pAcc 1.21722 Delta 0.0492786 SA_r 0.295195 freedomratio 0.365793
Iter 2500000 pBad 0.573308 T 1.65215e-05 Obj 1.01626 Rho 0 GRdif 9.45342 success 707897 failure 106307 obj_new 1.01626 SA_pAcc 1 Delta -0.00485771 SA_r 0.886878 freedomratio 0.35841
Iter 3000000 pBad 0.486 T 4.82059e-06 Obj 1.01318 Rho 0 GRdif 7.67057 success 839800 failure 146815 obj_new 1.01318 SA_pAcc 1 Delta -0.00904805 SA_r 0.133079 freedomratio 0.350478
Iter 3500000 pBad 0.290861 T 1.40654e-06 Obj 1.00984 Rho 0 GRdif 5.74024 success 961294 failure 208300 obj_new 1.00984 SA_pAcc 2.07184 Delta -0.0281719 SA_r 0.0826164 freedomratio 0.347981
Iter 4000000 pBad 0.156386 T 4.10396e-07 Obj 1.009 Rho 0 GRdif 5.25313 success 1049298 failure 336814 obj_new 1.009 SA_pAcc 0.54869 Delta -0.00990502 SA_r 0.381772 freedomratio 0.316928
Iter 4500000 pBad 0.0836093 T 1.19744e-07 Obj 1.00861 Rho 0 GRdif 5.02583 success 1111201 failure 525324 obj_new 1.00861 SA_pAcc 1 Delta -0.00787099 SA_r 0.136104 freedomratio 0.277069
Iter 5000000 pBad 0.0311292 T 3.49386e-08 Obj 1.0085 Rho 0 GRdif 4.95831 success 1144859 failure 786077 obj_new 1.0085 SA_pAcc 7.10336e-10 Delta -0.000252699 SA_r 0.152631 freedomratio 0.240066
Iter 5500000 pBad 0.0231558 T 1.01943e-08 Obj 1.00846 Rho 0 GRdif 4.93709 success 1164558 failure 1090626 obj_new 1.00846 SA_pAcc 0.587484 Delta -0.000936504 SA_r 0.736873 freedomratio 0.227396
Iter 6000000 pBad 0.00919277 T 2.97447e-09 Obj 1.00844 Rho 0 GRdif 4.92698 success 1176005 failure 1422468 obj_new 1.00844 SA_pAcc 8.92374e-12 Delta -0.000675151 SA_r 0.695537 freedomratio 0.214495
Iter 6500000 pBad 0.00744359 T 8.67882e-10 Obj 1.00844 Rho 0 GRdif 4.92259 success 1182487 failure 1774653 obj_new 1.00844 SA_pAcc 0.212241 Delta 9.63743e-05 SA_r 0.649117 freedomratio 0.20511
Iter 7000000 pBad 0.0023927 T 2.53228e-10 Obj 1.00843 Rho 0 GRdif 4.92016 success 1186363 failure 2137138 obj_new 1.00843 SA_pAcc 1 Delta 0.000233837 SA_r 0.869219 freedomratio 0.202838
Iter 7500000 pBad 0.0022137 T 7.38862e-11 Obj 1.00843 Rho 0 GRdif 4.91914 success 1188604 failure 2505985 obj_new 1.00843 SA_pAcc 1 Delta -0.00010211 SA_r 0.614362 freedomratio 0.200685
Iter 8000000 pBad 0.000419627 T 2.15583e-11 Obj 1.00843 Rho 0 GRdif 4.91839 success 1190863 failure 2877322 obj_new 1.00843 SA_pAcc 2.81259e-53 Delta -3.14034e-05 SA_r 0.701807 freedomratio 0.198577
Iter 8500000 pBad 0.00041993 T 6.29023e-12 Obj 1.00843 Rho 0 GRdif 4.91802 success 1192166 failure 3251655 obj_new 1.00843 SA_pAcc 2.58328e-13 Delta 9.37725e-06 SA_r 0.984468 freedomratio 0.198577
Iter 9000000 pBad 0.000103939 T 1.83535e-12 Obj 1.00843 Rho 0 GRdif 4.91769 success 1194445 failure 3623311 obj_new 1.00843 SA_pAcc 1.32291e-155 Delta 2.03099e-06 SA_r 0.573747 freedomratio 0.198442
Iter 9500000 pBad 1.41327e-23 T 5.35512e-13 Obj 1.00843 Rho 0 GRdif 4.92091 success 1199810 failure 3955447 obj_new 1.00843 SA_pAcc 0 Delta 2.43693e-25 SA_r 0.619827 freedomratio 0.182101
Iter 10000000 pBad 7.0904e-50 T 1.5625e-13 Obj 1.00843 Rho 0 GRdif 4.94009 success 1199810 failure 4241995 obj_new 1.00847 SA_pAcc 0 Delta 4.73416e-51 SA_r 0.910956 freedomratio 0.182101
Cannot move further
iter 9.39712e+06 obj1.00843 rho 0 GRdif 4.91742
Training:
Lab Growth Rates:
0.55 0.25 0.38 0.47 0.56 0.48 0.4 0.59 0.27 0.41 0.59 0.32 0.54 1.345 0.377 0.71 0.4 0.68 0.42 0.26 0.1 1.66 0.37 1.345 0.48 0.58 0.5 0.635 0.7 1.46 0.42 0.54 0.55 0.4 0.51 0.5 0.56 0.32 0.301 0.485 0.3 0.5 0.7 0.5 0.4 1.03 0.11 0.53 0.686 0.55 0.19 0.45 0.5 0.4 0.4 0.4 0.901 0.485 0.56 0.1 0.2 0.686 1.345 0.27 0.56 0.4 0.1 0.65 0.5 0.4 0.71 0.36 0.23 0.4 0.58 1.4 0.22 0.54 0.46 0.43 0.09 0.56 1.67 0.59 0.52 0.46 0.901 0.14 0.724 0.49 0.47 0.56 0.43 0.56 0.54 0.34 0.4 0.43 0.5 0.46 0.58 0.5 0.17 0.58 0.901 0.4 0.47 0.36 0.52 0.56 0.37 0.46 0.4 1.483 0.58 0.26 1.38 0.4 0.46 1.483 0.58 0.45 1.483 0.45 0.23 0.37 0.45 0.58 0.4 0.5 0.55 0.3 1.05 0.54 0.5 0.37 0.476 0.55 0.6 1.49 0.4 0.33 0.5 0.53 0.45 0.4 0.33 0.45 0.481 0.58 1.46 0.47 0.46 0.48 0.41 0.52 0.47 0.36 0.4 0.68 0.1 0.42 0.37 0.54 0.1 0.648 0.45 0.59 0.33 0.23 0.4 1.345 0.54 0.4 0.4 0.4 0.47 0.45 0.54 0.45 0.25 0.65 0.53 0.56 0.4 0.65 0.46 1.345 0.4 0.5 0.4 1.44 0.45 0.37 1.483 0.47 0.377 0.4 0.43 0.4 0.17 0.762 0.39 0.51 0.42 0.54 0.47 0.33 1.46 0.42 0.47 0.53 0.4 0.45 0.42 0.485 0.4 1.345 1.483 0.58 0.59 0.54 0.5 0.3 0.54 0.43 0.09 0.31 0.23 0.4 0.636 1.483 0.39 0.65 0.4 0.37 1.345 0.23 0.48 0.47 0.37 0.52 0.4 0.1 0.686 0.53 0.55 0.54 0.46 0.53 1.345 0.45 0.42 0.38 0.34 0.1 0.38 0.33 0.53 0.3 0.45 0.47 0.47 0.724 0.4 0.59 0.4 0.43 0.56 0.34 0.5 0.22 0.42 0.49 0.41 0.46 1.483 0.41 0.4 0.3 0.33 0.46 0.68 0.37 0.22 0.4 0.3 0.4 0.27 1.248 0.59 0.53 0.762 0.5 1.05 0.53 0.5 0.09 0.31 0.23 0.41 0.43 0.52 0.48 0.58 0.42 1.345 0.39 0.53 0.4 1.483 1.248 0.45 0.481 0.47 0.53 0.37 0.36 0.42 0.42 0.37 0.47 0.635 0.36 0.45 0.3 0.41 0.648 1.67 0.5 0.52 0.54 0.476 0.55 0.5 1.248 0.22 0.4 0.5 0.54 1.05 0.36 0.53 0.481 0.54 0.5 0.26 0.54 0.59 0.38 0.52 1.483 0.25 0.36 0.5 0.56 0.17 0.5 0.59 0.43 0.47 0.47 0.901 0.901 1.483 0.25 0.47 0.52 0.25 0.4 0.53 0.42 1.43 0.36 0.59 0.901 0.56 0.56 0.45 0.14 0.65 0.4 0.11 0.59 0.54 0.19 0.46 0.54 0.5 1.345 1.46 0.4 0.4 0.46 0.56 0.46 1.345 0.3 0.25 1.66 0.4 0.301 0.617 1.05 0.4 0.42 1.483 0.58 0.47 0.43 0.4 0.53 0.47 0.47 0.58 0.5 0.724 0.52 0.37 0.6 0.47 0.46 0.4 0.68 0.71 0.33 0.55 0.55 0.58 1.483 0.54 0.53 0.68 0.23 0.22 0.41 0.45 0.65 0.41 0.5 0.1 0.54 0.46 0.51 0.59 0.58 0.46 0.54 0.37 0.37 0.37 0.648 0.762 0.59 0.54 0.49 0.58 0.48 0.56 1.345 0.11 0.52 0.58 0.25 0.5 0.52 0.54 0.41 0.46 0.47 0.38 0.46 0.465 0.476 0.52 0.4 1.248 0.637 1.35 0.4 0.43 0.39 0.5 0.59 0.1 0.47 0.43 0.5 0.4 0.3 0.59 1.42 0.27 0.27 0.58 0.4 0.3 0.48 0.3 0.55 0.4 0.22 0.37 0.54 1.43 0.39 0.42 0.58 0.4 0.762 0.637 0.635 0.301 0.31 0.4 0.56 0.32 0.7 0.25 0.6 1.05 0.5 0.2 0.48 0.46 0.42 0.2 0.636 0.465 0.23 0.5 0.58 0.636 0.58 0.3 0.5 0.55 0.45 0.42 1.248 0.377 0.65 0.36 0.65 0.5 0.39 0.23 0.47 0.54 0.4 0.55 0.5 0.5 0.4 0.4 0.3 0.465 0.4 0.56 0.42 0.46 0.19 0.54 0.22 0.7 0.54 0.58 0.45 0.46 0.637 0.4 0.56 0.65 0.42 0.33 0.22 0.59 0.43 0.33 0.54 0.27 0.485 0.3 0.4 0.6 0.48
Dot Production Prediction of Lab Growth Rates:
0.550446 0.31003 0.320383 0.354833 0.53776 0.333129 0.415135 0.537776 0.359572 0.378888 0.323541 0.311998 0.450411 0.973584 0.478922 0.716621 0.399831 0.546153 0.340765 0.44847 0.354586 1.66 0.441202 0.994465 0.325591 0.464345 0.364589 0.709726 0.709117 1.00812 0.328672 0.339078 0.545972 0.414494 0.405009 0.389348 0.533217 0.323446 0.474431 0.474691 0.461004 0.547926 0.703054 0.327408 0.413275 1.44295 0.32909 0.344974 0.726266 0.545123 0.334491 0.337656 0.602172 0.402888 0.414187 0.401028 0.903119 0.480778 0.539233 1.48173 0.363875 0.721271 1.00258 0.344518 0.464436 0.397889 0.43797 0.683298 0.360087 0.408662 0.72558 0.327947 0.446175 0.324742 0.352963 1.62534 0.47473 0.544876 0.335637 0.40707 0.427559 0.549088 1.59889 0.338619 0.347441 0.460011 0.905311 0.139635 0.724005 0.373495 0.463405 0.461346 0.343312 0.539121 0.393823 0.319046 0.408203 0.416135 0.472002 0.512646 0.47694 0.469385 0.318571 0.355835 0.926892 0.415607 0.405089 0.399161 0.365991 0.536347 0.393083 0.475099 0.414915 0.956201 0.476473 0.525874 1.36958 0.413189 0.425478 0.950225 0.473936 0.331952 0.977065 1.65033 0.534018 0.434519 1.65508 0.38639 0.409618 0.651755 0.550014 0.37445 1.04976 0.53002 0.326243 0.42828 0.484153 0.446469 0.443953 1.65033 0.399844 0.361362 0.322463 0.532353 0.388584 0.415994 0.336301 0.346181 0.47767 0.463481 0.987019 0.379443 0.455954 0.33167 0.379984 0.361292 0.400402 0.33862 0.404582 0.543023 0.748715 0.31537 0.42559 0.389845 1.13524 0.704226 0.341499 0.381909 0.462742 0.444885 0.413777 0.953573 0.539673 0.412355 0.41412 0.401235 0.403469 1.55816 0.461112 1.61257 0.485093 0.668558 0.343867 0.543911 0.401857 0.629917 0.4877 1.02452 0.393307 0.476305 0.413015 1.61669 1.5689 0.318869 0.941408 0.338806 0.477454 0.408585 0.397499 0.411439 0.332663 0.762028 0.343695 0.384576 0.549319 0.455079 0.427773 0.327554 1.49395 0.327258 0.351998 0.533218 0.414623 1.56283 0.306357 0.473114 0.401865 0.988846 0.980484 0.471473 0.318336 0.38667 0.334337 0.298312 0.359787 0.362261 0.335041 0.507415 0.528959 0.405563 0.724081 0.949302 0.321288 0.631414 0.414392 0.406955 0.991943 0.445778 0.347129 0.340445 0.42398 0.348985 0.413799 0.428015 0.726017 0.544022 0.450168 0.315905 0.367997 0.296796 0.992344 0.357844 0.33413 0.366899 0.340895 1.35901 0.332673 0.371111 0.359652 0.288618 1.56715 0.398104 0.401886 0.721725 0.414432 0.547954 0.412124 0.432965 0.480809 0.324671 0.369976 0.472838 0.336307 0.371561 0.373495 0.38167 0.939982 0.476943 0.398785 0.431568 0.491294 0.495637 0.546468 0.422997 0.428709 0.398077 0.448322 0.403391 0.554931 0.837211 0.344929 0.416942 0.759947 0.378514 1.05243 0.530207 0.58813 0.359194 0.516885 0.541096 0.468777 0.360547 0.379311 0.310634 0.458785 0.333673 0.93624 0.300651 0.466082 0.399309 0.926835 0.835563 0.393861 0.479136 0.336911 0.506302 0.379047 0.342449 0.337193 0.335998 0.37973 0.433522 0.709608 0.422532 0.363676 0.4619 0.358709 0.709773 1.59224 0.618302 0.369473 0.543816 0.487265 0.4499 0.525579 0.842458 0.357824 0.413406 0.5776 0.378763 1.05 0.356372 0.529577 0.480034 0.339327 0.320415 0.362051 0.356514 0.549703 0.362392 0.384044 0.946709 0.748348 0.350893 0.483504 0.53464 0.420431 0.480757 0.328939 0.366878 0.393212 0.449251 0.903376 0.788907 0.965407 0.356073 0.349309 0.390442 1.60389 0.414592 0.383985 0.34367 1.40558 0.331714 0.549607 0.900806 0.544755 0.529862 0.352278 0.140031 0.649981 0.399437 0.371472 0.54304 0.364554 0.337626 0.475145 0.452364 0.53719 1.00482 1.01436 0.413728 0.408453 0.388793 0.472809 0.326971 0.93676 0.336262 0.500895 1.66 0.394169 0.473944 0.616835 1.0025 0.400005 0.55452 0.979531 0.363571 0.345356 0.375028 0.412843 0.382989 0.373653 0.376837 0.352165 0.593133 0.722667 0.382669 0.429878 0.441975 0.454641 0.456689 0.397785 0.548671 0.718978 0.331756 0.54505 0.449824 0.364939 0.983338 0.379328 0.531281 0.544872 0.543015 0.382995 0.331747 0.398281 0.654656 0.478425 0.616599 1.14725 0.364973 0.467349 0.39644 0.333818 0.475141 0.408937 0.550773 0.513641 0.438243 0.426446 0.709767 0.765348 0.394919 0.456875 0.384179 0.334917 0.309386 0.464345 0.970973 0.370541 0.383765 0.463136 0.354458 0.631139 0.390814 0.391304 0.337903 0.429571 0.355045 0.314151 0.307671 0.484411 0.486608 0.353148 0.406979 0.839181 0.705848 1.21341 0.402406 0.373335 0.325221 0.333266 0.346837 1.21885 0.358574 0.404211 0.628956 0.413078 0.404372 0.538623 1.6342 0.371477 0.369098 0.475974 0.401099 0.432905 0.310897 0.290061 0.450249 0.403475 0.47256 0.438313 0.539562 1.39426 0.316307 0.352784 0.329428 0.407382 0.764729 0.705936 0.711324 0.473686 0.509401 0.399916 0.478503 0.350371 0.704723 0.340669 0.439379 1.57285 0.663287 0.410596 0.353301 0.299998 0.378759 0.402982 0.70334 0.485831 0.534296 0.615956 0.481001 0.71949 0.477476 0.364901 0.476453 0.433025 0.322339 0.333763 0.835725 0.476332 0.638647 0.359742 0.649766 0.544297 0.355918 0.541947 0.352595 0.325436 0.414811 0.551269 0.527632 0.330875 0.401487 0.414113 0.428696 0.483183 0.416592 0.54477 0.552323 0.436448 0.32937 0.528133 0.469535 0.706659 0.448894 0.30593 0.370869 0.358834 0.701333 0.41123 0.536484 0.650988 0.369766 0.423679 0.477165 0.55176 0.393566 0.364411 0.37547 0.320392 0.483446 0.400594 0.334074 0.462024 0.30245
Testing:
Lab Growth Rates:
0.4 0.4 0.4
Dot Production Prediction of Lab Growth Rates:
0.415602 0.406101 0.413592
Best performance so far: 
Obj: 4.65791e-310Rho: 2.26291e-314Diff: 4.65791e-310
Anneal again with the best G and E so far as input
Cycle 2Round 1
Iter 500000 pBad 0.857285 T 0.00227952 Obj 1.08654 Rho 0 GRdif 48.637 success 111832 failure 8275 obj_new 1.08654 SA_pAcc 1.0911 Delta 0.0344103 SA_r 0.0372117 freedomratio 0.266485
Iter 1000000 pBad 0.767591 T 0.000665111 Obj 1.0522 Rho 0 GRdif 29.8187 success 221295 failure 22780 obj_new 1.0522 SA_pAcc 1 Delta 0.0650654 SA_r 0.357044 freedomratio 0.267702
Iter 1500000 pBad 0.703752 T 0.000194064 Obj 1.03684 Rho 0 GRdif 21.2012 success 328447 failure 42996 obj_new 1.03684 SA_pAcc 1 Delta 0.0143495 SA_r 0.883017 freedomratio 0.265519
Iter 2000000 pBad 0.636052 T 5.66236e-05 Obj 1.02603 Rho 0 GRdif 15.0571 success 432819 failure 70653 obj_new 1.02603 SA_pAcc 1 Delta -0.061121 SA_r 0.0873802 freedomratio 0.257696
Iter 2500000 pBad 0.497331 T 1.65215e-05 Obj 1.02031 Rho 0 GRdif 11.7812 success 532861 failure 109093 obj_new 1.02031 SA_pAcc 1 Delta 0.00255244 SA_r 0.369934 freedomratio 0.262898
Iter 3000000 pBad 0.455458 T 4.82059e-06 Obj 1.01632 Rho 0 GRdif 9.48555 success 631074 failure 151752 obj_new 1.01632 SA_pAcc 1 Delta 0.0163121 SA_r 0.997001 freedomratio 0.265038
Iter 3500000 pBad 0.308704 T 1.40654e-06 Obj 1.01235 Rho 0 GRdif 7.19475 success 722274 failure 208871 obj_new 1.01235 SA_pAcc 1 Delta -0.0298569 SA_r 0.934844 freedomratio 0.246115
Iter 4000000 pBad 0.181454 T 4.10396e-07 Obj 1.00977 Rho 0 GRdif 5.69612 success 797847 failure 302425 obj_new 1.00977 SA_pAcc 1 Delta 0.00714348 SA_r 0.168061 freedomratio 0.239967
Iter 4500000 pBad 0.122272 T 1.19744e-07 Obj 1.00879 Rho 0 GRdif 5.12669 success 858551 failure 432921 obj_new 1.00879 SA_pAcc 1 Delta 0.000287649 SA_r 0.539372 freedomratio 0.224607
Iter 5000000 pBad 0.0482175 T 3.49386e-08 Obj 1.00812 Rho 0 GRdif 4.74781 success 903974 failure 615667 obj_new 1.00813 SA_pAcc 2.80956e-214 Delta 0.00460979 SA_r 0.165072 freedomratio 0.193783
Iter 5500000 pBad 0.0183764 T 1.01943e-08 Obj 1.00797 Rho 0 GRdif 4.6533 success 928419 failure 865985 obj_new 1.00797 SA_pAcc 5.08782e-225 Delta -0.000263676 SA_r 0.495005 freedomratio 0.176188
Iter 6000000 pBad 0.0115677 T 2.97447e-09 Obj 1.00793 Rho 0 GRdif 4.63125 success 940159 failure 1160779 obj_new 1.00793 SA_pAcc 1 Delta 7.52146e-05 SA_r 0.404081 freedomratio 0.167764
Iter 6500000 pBad 0.00926327 T 8.67882e-10 Obj 1.00792 Rho 0 GRdif 4.62115 success 948634 failure 1475428 obj_new 1.00792 SA_pAcc 1 Delta -0.000905175 SA_r 0.408926 freedomratio 0.161344
Iter 7000000 pBad 0.00383558 T 2.53228e-10 Obj 1.00791 Rho 0 GRdif 4.61752 success 954467 failure 1806895 obj_new 1.00791 SA_pAcc 0 Delta 8.76841e-05 SA_r 0.486044 freedomratio 0.156142
Iter 7500000 pBad 0.0041039 T 7.38862e-11 Obj 1.0079 Rho 0 GRdif 4.61283 success 960118 failure 2150425 obj_new 1.0079 SA_pAcc 1 Delta -0.000206569 SA_r 0.557898 freedomratio 0.151148
Iter 8000000 pBad 0.00106739 T 2.15583e-11 Obj 1.0079 Rho 0 GRdif 4.61076 success 964415 failure 2506755 obj_new 1.0079 SA_pAcc 0.661636 Delta 7.91452e-06 SA_r 0.10696 freedomratio 0.148731
Iter 8500000 pBad 0.000523291 T 6.29023e-12 Obj 1.0079 Rho 0 GRdif 4.60972 success 968544 failure 2869500 obj_new 1.0079 SA_pAcc 1 Delta -8.9532e-06 SA_r 0.458773 freedomratio 0.14588
Iter 9000000 pBad 0.000967142 T 1.83535e-12 Obj 1.0079 Rho 0 GRdif 4.60972 success 972409 failure 3237617 obj_new 1.0079 SA_pAcc 0 Delta 5.39819e-05 SA_r 0.166252 freedomratio 0.144549
Iter 9500000 pBad 0.000458949 T 5.35512e-13 Obj 1.0079 Rho 0 GRdif 4.60889 success 976183 failure 3609376 obj_new 1.0079 SA_pAcc 1 Delta -3.89164e-05 SA_r 0.669383 freedomratio 0.142927
Good enough
iter 9.80629e+06 obj1.0079 rho 0 GRdif 4.60885
Training:
Lab Growth Rates:
0.55 0.25 0.38 0.47 0.56 0.48 0.4 0.59 0.27 0.41 0.59 0.32 0.54 1.345 0.377 0.71 0.4 0.68 0.42 0.26 0.1 1.66 0.37 1.345 0.48 0.58 0.5 0.635 0.7 1.46 0.42 0.54 0.55 0.4 0.51 0.5 0.56 0.32 0.301 0.485 0.3 0.5 0.7 0.5 0.4 1.03 0.11 0.53 0.686 0.55 0.19 0.45 0.5 0.4 0.4 0.4 0.901 0.485 0.56 0.1 0.2 0.686 1.345 0.27 0.56 0.4 0.1 0.65 0.5 0.4 0.71 0.36 0.23 0.4 0.58 1.4 0.22 0.54 0.46 0.43 0.09 0.56 1.67 0.59 0.52 0.46 0.901 0.14 0.724 0.49 0.47 0.56 0.43 0.56 0.54 0.34 0.4 0.43 0.5 0.46 0.58 0.5 0.17 0.58 0.901 0.4 0.47 0.36 0.52 0.56 0.37 0.46 0.4 1.483 0.58 0.26 1.38 0.4 0.46 1.483 0.58 0.45 1.483 0.45 0.23 0.37 0.45 0.58 0.4 0.5 0.55 0.3 1.05 0.54 0.5 0.37 0.476 0.55 0.6 1.49 0.4 0.33 0.5 0.53 0.45 0.4 0.33 0.45 0.481 0.58 1.46 0.47 0.46 0.48 0.41 0.52 0.47 0.36 0.4 0.68 0.1 0.42 0.37 0.54 0.1 0.648 0.45 0.59 0.33 0.23 0.4 1.345 0.54 0.4 0.4 0.4 0.47 0.45 0.54 0.45 0.25 0.65 0.53 0.56 0.4 0.65 0.46 1.345 0.4 0.5 0.4 1.44 0.45 0.37 1.483 0.47 0.377 0.4 0.43 0.4 0.17 0.762 0.39 0.51 0.42 0.54 0.47 0.33 1.46 0.42 0.47 0.53 0.4 0.45 0.42 0.485 0.4 1.345 1.483 0.58 0.59 0.54 0.5 0.3 0.54 0.43 0.09 0.31 0.23 0.4 0.636 1.483 0.39 0.65 0.4 0.37 1.345 0.23 0.48 0.47 0.37 0.52 0.4 0.1 0.686 0.53 0.55 0.54 0.46 0.53 1.345 0.45 0.42 0.38 0.34 0.1 0.38 0.33 0.53 0.3 0.45 0.47 0.47 0.724 0.4 0.59 0.4 0.43 0.56 0.34 0.5 0.22 0.42 0.49 0.41 0.46 1.483 0.41 0.4 0.3 0.33 0.46 0.68 0.37 0.22 0.4 0.3 0.4 0.27 1.248 0.59 0.53 0.762 0.5 1.05 0.53 0.5 0.09 0.31 0.23 0.41 0.43 0.52 0.48 0.58 0.42 1.345 0.39 0.53 0.4 1.483 1.248 0.45 0.481 0.47 0.53 0.37 0.36 0.42 0.42 0.37 0.47 0.635 0.36 0.45 0.3 0.41 0.648 1.67 0.5 0.52 0.54 0.476 0.55 0.5 1.248 0.22 0.4 0.5 0.54 1.05 0.36 0.53 0.481 0.54 0.5 0.26 0.54 0.59 0.38 0.52 1.483 0.25 0.36 0.5 0.56 0.17 0.5 0.59 0.43 0.47 0.47 0.901 0.901 1.483 0.25 0.47 0.52 0.25 0.4 0.53 0.42 1.43 0.36 0.59 0.901 0.56 0.56 0.45 0.14 0.65 0.4 0.11 0.59 0.54 0.19 0.46 0.54 0.5 1.345 1.46 0.4 0.4 0.46 0.56 0.46 1.345 0.3 0.25 1.66 0.4 0.301 0.617 1.05 0.4 0.42 1.483 0.58 0.47 0.43 0.4 0.53 0.47 0.47 0.58 0.5 0.724 0.52 0.37 0.6 0.47 0.46 0.4 0.68 0.71 0.33 0.55 0.55 0.58 1.483 0.54 0.53 0.68 0.23 0.22 0.41 0.45 0.65 0.41 0.5 0.1 0.54 0.46 0.51 0.59 0.58 0.46 0.54 0.37 0.37 0.37 0.648 0.762 0.59 0.54 0.49 0.58 0.48 0.56 1.345 0.11 0.52 0.58 0.25 0.5 0.52 0.54 0.41 0.46 0.47 0.38 0.46 0.465 0.476 0.52 0.4 1.248 0.637 1.35 0.4 0.43 0.39 0.5 0.59 0.1 0.47 0.43 0.5 0.4 0.3 0.59 1.42 0.27 0.27 0.58 0.4 0.3 0.48 0.3 0.55 0.4 0.22 0.37 0.54 1.43 0.39 0.42 0.58 0.4 0.762 0.637 0.635 0.301 0.31 0.4 0.56 0.32 0.7 0.25 0.6 1.05 0.5 0.2 0.48 0.46 0.42 0.2 0.636 0.465 0.23 0.5 0.58 0.636 0.58 0.3 0.5 0.55 0.45 0.42 1.248 0.377 0.65 0.36 0.65 0.5 0.39 0.23 0.47 0.54 0.4 0.55 0.5 0.5 0.4 0.4 0.3 0.465 0.4 0.56 0.42 0.46 0.19 0.54 0.22 0.7 0.54 0.58 0.45 0.46 0.637 0.4 0.56 0.65 0.42 0.33 0.22 0.59 0.43 0.33 0.54 0.27 0.485 0.3 0.4 0.6 0.48
Dot Production Prediction of Lab Growth Rates:
0.549644 0.32512 0.316336 0.348005 0.537126 0.349004 0.404433 0.55186 0.371182 0.396925 0.338136 0.317608 0.466098 1.20403 0.47978 0.717479 0.398752 0.431741 0.327695 0.458059 0.352823 1.62509 0.436965 1.20313 0.325765 0.474124 0.380404 0.716774 0.725676 1.01982 0.30905 0.342781 0.549379 0.402724 0.432967 0.425141 0.533766 0.326308 0.490005 0.475647 0.554648 0.540667 0.730205 0.341086 0.402927 1.3958 0.320401 0.320998 0.725131 0.550245 0.329001 0.33106 0.698208 0.403969 0.405761 0.402 0.906962 0.482253 0.552476 1.40693 0.372075 0.721924 1.24741 0.347318 0.474868 0.397748 0.453191 0.682106 0.369823 0.399046 0.728417 0.329222 0.439844 0.316245 0.358654 1.43856 0.4743 0.536781 0.342684 0.419952 0.455912 0.541467 1.51722 0.336308 0.353082 0.4579 0.903249 0.141126 0.723725 0.38114 0.488069 0.475721 0.357521 0.534758 0.382548 0.332462 0.402321 0.44085 0.47104 0.549432 0.483531 0.467929 0.310786 0.374291 0.938789 0.405721 0.395315 0.434464 0.371724 0.543031 0.40433 0.466675 0.404261 1.18842 0.474015 0.580547 1.37999 0.404164 0.44283 1.18396 0.484721 0.329298 1.20189 1.54816 0.539572 0.433839 1.53365 0.396046 0.401318 0.757903 0.553866 0.440492 1.05 0.544638 0.329754 0.435881 0.483809 0.475929 0.522541 1.54816 0.3989 0.349563 0.336103 0.534183 0.413226 0.406205 0.324275 0.356195 0.47692 0.474443 1.01414 0.391229 0.462288 0.345321 0.380973 0.373082 0.39 0.328267 0.399641 0.427164 0.911289 0.310998 0.425069 0.384646 1.21763 0.705911 0.35885 0.383764 0.494378 0.438916 0.406366 1.18922 0.552488 0.402713 0.404702 0.40132 0.417486 1.46428 0.476774 1.49576 0.496147 0.672671 0.340493 0.540239 0.397329 0.624099 0.52239 1.25687 0.396781 0.479584 0.40201 1.53866 1.47345 0.302125 1.17494 0.334749 0.481315 0.400968 0.418638 0.403513 0.314818 0.762 0.359376 0.402099 0.621301 0.466306 0.420384 0.329591 1.53787 0.335878 0.371796 0.53374 0.403537 1.47481 0.318416 0.478298 0.396141 1.2103 1.20237 0.485769 0.341993 0.395717 0.342706 0.310005 0.380473 0.369411 0.342825 0.572357 0.53443 0.402938 0.723201 1.1768 0.32975 0.635364 0.40669 0.423754 1.19152 0.439363 0.361085 0.345626 0.426231 0.348585 0.404938 0.441162 0.724932 0.54747 0.471968 0.309909 0.374888 0.292245 1.226 0.370058 0.326116 0.382897 0.338315 1.45055 0.317085 0.377166 0.376633 0.301617 1.46691 0.418836 0.408749 0.720352 0.406861 0.552697 0.403916 0.445103 0.483992 0.33155 0.38541 0.474548 0.345257 0.382437 0.394801 0.406501 1.16177 0.486442 0.392982 0.51278 0.521243 0.533552 0.431889 0.422882 0.454654 0.399209 0.528876 0.398201 0.591376 0.834396 0.357549 0.436471 0.758081 0.39755 1.05002 0.527542 0.715708 0.368881 0.569389 0.537813 0.481109 0.375012 0.400149 0.29406 0.463972 0.344144 1.17811 0.307673 0.494818 0.399711 1.16894 0.832827 0.416428 0.479697 0.342795 0.54088 0.408463 0.352979 0.351767 0.351212 0.415102 0.446329 0.713106 0.442269 0.381819 0.548697 0.364588 0.712925 1.40723 0.749029 0.38892 0.537145 0.485228 0.47203 0.536113 0.841528 0.355915 0.405369 0.690832 0.376115 1.05296 0.372241 0.529207 0.479317 0.337522 0.318101 0.390296 0.373477 0.546157 0.374603 0.379168 1.19229 0.894556 0.361273 0.486778 0.537816 0.434753 0.490433 0.342563 0.378108 0.413209 0.472524 0.901183 0.789254 1.205 0.362252 0.357118 0.375736 1.51061 0.406044 0.417769 0.347344 1.33327 0.343333 0.548099 0.901 0.541756 0.537822 0.369308 0.139982 0.649952 0.394316 0.380959 0.545979 0.358702 0.333841 0.467273 0.464559 0.541858 1.23379 1.02812 0.403491 0.398235 0.411028 0.48217 0.329296 1.15426 0.332655 0.549079 1.60615 0.387121 0.490032 0.615897 1.02487 0.39999 0.639407 1.19322 0.367307 0.356211 0.374795 0.404523 0.400218 0.356536 0.387372 0.378683 0.6983 0.723449 0.385458 0.429148 0.533576 0.489139 0.455086 0.399998 0.43343 0.720057 0.325965 0.550209 0.472019 0.386826 1.22634 0.368967 0.530009 0.428308 0.540965 0.397893 0.324019 0.418637 0.659086 0.486743 0.741664 1.22171 0.384553 0.474284 0.417329 0.349749 0.474359 0.404305 0.547504 0.545662 0.434772 0.430435 0.714037 0.767146 0.393027 0.467246 0.403593 0.351345 0.305922 0.477695 1.18503 0.362625 0.389774 0.473607 0.363122 0.747313 0.383498 0.399568 0.340372 0.458415 0.35796 0.305623 0.320061 0.487172 0.487726 0.345117 0.403495 0.836458 0.712542 1.24673 0.401721 0.373063 0.332278 0.351387 0.364704 1.31287 0.35731 0.42193 0.768901 0.404607 0.405048 0.551024 1.5437 0.390079 0.373467 0.485885 0.399915 0.508632 0.321418 0.298953 0.467961 0.401638 0.478562 0.43865 0.537293 1.3406 0.322953 0.364982 0.322719 0.401569 0.773644 0.712632 0.717969 0.488616 0.566594 0.399352 0.477548 0.36341 0.72993 0.359271 0.527078 1.53362 0.787418 0.400277 0.360116 0.295484 0.409475 0.40856 0.713219 0.482363 0.53807 0.733428 0.470311 0.719441 0.473453 0.372459 0.486365 0.460552 0.306667 0.343611 0.835199 0.479981 0.649988 0.358533 0.646535 0.551568 0.361402 0.540871 0.377469 0.31489 0.40622 0.556559 0.535993 0.34337 0.400948 0.403282 0.508081 0.481202 0.408035 0.551257 0.618393 0.446826 0.320787 0.539366 0.480118 0.722521 0.461383 0.297574 0.38034 0.35943 0.709266 0.403245 0.549075 0.65011 0.364829 0.450483 0.477566 0.550077 0.402383 0.365863 0.378175 0.317826 0.484661 0.463619 0.317722 0.541855 0.28949
Testing:
Lab Growth Rates:
0.4 0.4 0.4
Dot Production Prediction of Lab Growth Rates:
0.402151 0.398817 0.404848
Best performance so far: 
Obj: 4.65791e-310Rho: 2.122e-314Diff: 4.65791e-310
Test:
 Lab Growth Rates:
0.4 0.4 0.4Dot Product Prediction of Growth Rate:
0.4021509 0.3988173 0.4048484