seed =  5 traits =  1 
Training: part  77 
Training: part  77 
Round  1 
 Goal of obj  0.99 
Temperature range:  0.00390625 1.5625e-14 
Cycle 1Round 1
Iter 500000 pBad 0.85728 T 0.00105163 Obj 1.09452 Rho 0 GRdif 53.1067 success 146340 failure 10648 obj_new 1.09452 SA_pAcc 0.983019 Delta -0.00942412 SA_r 0.0102178 freedomratio 0.369347
Iter 1000000 pBad 0.757971 T 0.000283118 Obj 1.04486 Rho 0 GRdif 25.8004 success 289320 failure 28987 obj_new 1.04486 SA_pAcc 1 Delta 0.0234864 SA_r 0.7834 freedomratio 0.357664
Iter 1500000 pBad 0.708468 T 7.62202e-05 Obj 1.02442 Rho 0 GRdif 14.1848 success 428231 failure 56594 obj_new 1.02442 SA_pAcc 0.864543 Delta -0.0382095 SA_r 0.495085 freedomratio 0.368883
Iter 2000000 pBad 0.552456 T 2.05198e-05 Obj 1.01771 Rho 0 GRdif 10.3221 success 564030 failure 92031 obj_new 1.01771 SA_pAcc 1.36591 Delta 0.0515661 SA_r 0.713879 freedomratio 0.361179
Iter 2500000 pBad 0.428189 T 5.52429e-06 Obj 1.01497 Rho 0 GRdif 8.73992 success 693923 failure 134966 obj_new 1.01497 SA_pAcc 1 Delta -0.00775277 SA_r 0.86443 freedomratio 0.357664
Iter 3000000 pBad 0.288287 T 1.48723e-06 Obj 1.01171 Rho 0 GRdif 6.8433 success 805219 failure 215917 obj_new 1.01171 SA_pAcc 3.11054 Delta -0.0217502 SA_r 0.770782 freedomratio 0.33871
Iter 3500000 pBad 0.163824 T 4.00389e-07 Obj 1.00966 Rho 0 GRdif 5.65071 success 898051 failure 336231 obj_new 1.00966 SA_pAcc 1 Delta 0.00175765 SA_r 0.310843 freedomratio 0.319392
Iter 4000000 pBad 0.060328 T 1.07792e-07 Obj 1.00862 Rho 0 GRdif 5.04747 success 959778 failure 526853 obj_new 1.00862 SA_pAcc 2.82704e-10 Delta 0.000190025 SA_r 0.330888 freedomratio 0.264984
Iter 4500000 pBad 0.0445931 T 2.90194e-08 Obj 1.00843 Rho 0 GRdif 4.93602 success 994374 failure 787998 obj_new 1.00843 SA_pAcc 0.283662 Delta 0.000533268 SA_r 0.000314467 freedomratio 0.241082
Iter 5000000 pBad 0.0139492 T 7.81252e-09 Obj 1.00837 Rho 0 GRdif 4.90033 success 1013016 failure 1103156 obj_new 1.00837 SA_pAcc 2.10104e-15 Delta 0.00123818 SA_r 0.652515 freedomratio 0.213353
Iter 5500000 pBad 0.00741979 T 2.10327e-09 Obj 1.00834 Rho 0 GRdif 4.8848 success 1023225 failure 1450638 obj_new 1.00834 SA_pAcc 1 Delta -0.000542709 SA_r 0.383826 freedomratio 0.203531
Iter 6000000 pBad 0.00379312 T 5.66236e-10 Obj 1.00833 Rho 0 GRdif 4.87918 success 1028740 failure 1814953 obj_new 1.00833 SA_pAcc 6.2448e-22 Delta 0.00029681 SA_r 0.92773 freedomratio 0.197581
Iter 6500000 pBad 0.00214396 T 1.5244e-10 Obj 1.00833 Rho 0 GRdif 4.8779 success 1032226 failure 2187469 obj_new 1.00833 SA_pAcc 0 Delta -9.95566e-05 SA_r 0.648191 freedomratio 0.195739
Iter 7000000 pBad 0.00150613 T 4.10396e-11 Obj 1.00832 Rho 0 GRdif 4.87314 success 1034251 failure 2566636 obj_new 1.00832 SA_pAcc 1 Delta 0.00011804 SA_r 0.56607 freedomratio 0.19285
Iter 7500000 pBad 0.000732842 T 1.10486e-11 Obj 1.00832 Rho 0 GRdif 4.8718 success 1036298 failure 2950672 obj_new 1.00832 SA_pAcc 1 Delta -2.13725e-05 SA_r 0.455158 freedomratio 0.191157
Iter 8000000 pBad 0.00064797 T 2.97447e-12 Obj 1.00832 Rho 0 GRdif 4.87857 success 1037765 failure 3337726 obj_new 1.00833 SA_pAcc 0 Delta -5.76287e-05 SA_r 0.0753505 freedomratio 0.189372
Iter 8500000 pBad 0.000257025 T 8.00778e-13 Obj 1.00832 Rho 0 GRdif 4.87007 success 1041342 failure 3716343 obj_new 1.00832 SA_pAcc 0 Delta 2.35666e-06 SA_r 0.22124 freedomratio 0.184964
Iter 9000000 pBad 4.49331e-35 T 2.15583e-13 Obj 1.00832 Rho 0 GRdif 4.87006 success 1042000 failure 4017565 obj_new 1.00832 SA_pAcc 1 Delta -1.05742e-36 SA_r 0.692853 freedomratio 0.177269
Iter 9500000 pBad 4.39947e-268 T 5.80388e-14 Obj 1.00832 Rho 0 GRdif 4.87007 success 1042000 failure 4319918 obj_new 1.00832 SA_pAcc 0 Delta 8.43192e-270 SA_r 0.218344 freedomratio 0.150576
Iter 10000000 pBad 0 T 1.5625e-14 Obj 1.00832 Rho 0 GRdif 5.02364 success 1042000 failure 4647597 obj_new 1.00858 SA_pAcc 0 Delta -0 SA_r 0.875522 freedomratio 0.064389
Cannot move further
iter 8.58267e+06 obj1.00832 rho 0 GRdif 4.87006
Training:
Lab Growth Rates:
1.42 0.55 0.45 0.47 0.39 0.56 0.59 0.4 0.59 0.45 0.47 0.51 0.52 0.54 1.345 0.377 0.71 0.4 0.68 0.42 0.26 0.1 1.67 0.37 1.345 0.47 0.58 0.5 0.635 0.7 1.46 0.37 0.54 0.55 0.4 0.19 0.33 0.56 0.32 0.301 0.485 0.3 0.5 0.7 0.47 0.4 1.05 0.09 0.4 0.686 0.55 0.19 0.45 0.5 0.4 0.4 0.4 0.901 0.485 0.56 0.1 0.2 0.686 1.345 0.38 0.56 0.4 0.25 0.65 0.47 0.4 0.71 0.11 0.23 0.4 0.58 0.37 0.22 0.54 0.33 0.43 0.37 0.56 1.67 0.59 0.54 0.46 0.901 0.14 0.724 0.52 0.34 0.56 0.41 0.56 0.59 0.34 0.4 0.43 0.5 0.2 0.58 0.5 0.31 0.3 0.901 0.4 0.47 0.48 0.54 0.56 0.5 0.46 0.4 1.483 0.58 0.46 1.03 0.4 0.46 1.483 0.58 0.27 1.483 0.45 0.23 0.37 0.45 0.31 0.4 0.5 0.55 0.6 1.05 0.54 0.47 0.5 0.476 0.55 0.6 1.49 0.4 0.5 0.47 0.53 0.4 0.4 0.5 0.45 0.481 0.58 0.3 0.47 0.46 0.48 0.46 0.52 0.36 0.36 0.4 0.68 1.05 0.42 0.23 0.59 0.1 0.648 0.49 0.42 0.42 0.617 0.4 1.345 0.54 0.4 0.4 0.4 0.47 0.45 0.54 0.45 0.25 0.65 0.53 0.56 0.4 0.65 0.53 1.345 0.4 0.5 0.4 1.44 0.45 0.38 1.483 0.47 0.377 0.4 0.43 0.4 0.46 0.762 0.58 0.59 0.42 0.54 0.5 0.33 1.38 0.54 0.47 0.53 0.4 0.45 0.42 0.485 0.4 1.345 1.483 0.58 0.59 0.43 0.33 0.3 0.45 0.43 0.34 0.58 0.23 0.4 0.636 1.483 0.39 0.65 0.4 0.37 1.345 0.23 0.48 0.47 0.37 0.43 0.4 0.19 0.686 0.53 0.55 0.5 0.46 0.53 1.345 0.33 0.41 0.38 0.32 0.1 0.36 0.33 0.53 0.3 0.45 0.47 0.52 0.724 0.4 0.59 0.4 0.52 0.56 0.42 0.43 0.22 0.4 0.42 0.48 0.42 1.483 0.41 0.4 0.3 0.22 0.46 0.68 0.37 0.54 0.4 0.3 0.4 0.27 1.248 0.54 0.42 0.762 0.5 1.46 0.53 0.4 0.09 0.26 0.23 0.41 0.27 0.11 0.48 0.58 0.42 1.345 0.39 0.39 0.53 1.483 1.248 0.41 0.481 0.54 0.54 0.32 0.41 0.42 0.42 0.43 0.27 0.635 0.47 0.45 0.3 0.51 0.648 1.4 0.31 0.54 0.36 0.476 0.55 0.5 1.248 0.17 0.59 0.5 0.4 1.05 0.36 0.53 0.481 0.46 0.5 0.45 0.46 0.59 0.25 0.45 1.483 0.25 1.46 0.5 0.56 0.17 0.5 0.43 0.43 0.59 0.54 0.901 0.901 1.483 0.25 0.47 0.52 0.25 0.42 0.53 0.42 1.43 0.2 0.59 0.901 0.56 0.56 0.45 0.14 0.65 0.48 0.11 0.59 0.37 0.47 0.46 0.54 0.5 1.345 0.37 0.4 0.54 0.37 0.56 0.52 1.345 0.46 0.4 0.52 0.4 0.301 0.46 0.46 0.59 0.22 1.483 0.36 0.47 0.54 0.4 0.39 0.41 0.65 0.47 0.5 0.724 0.52 0.47 0.46 0.56 0.27 0.1 0.68 0.71 0.52 0.55 0.55 0.46 1.483 0.56 0.53 0.68 0.23 0.65 1.05 0.53 0.58 0.41 0.4 1.66 0.5 0.58 0.27 0.65 0.5 0.33 0.54 0.37 0.37 0.43 0.648 0.762 0.1 0.59 0.4 0.58 0.48 0.49 1.345 0.52 0.4 0.5 0.47 0.5 0.4 0.42 0.54 0.17 0.42 0.38 0.46 0.465 0.476 0.4 0.3 1.248 0.637 0.4 0.4 0.5 1.35 1.66 0.5 0.37 0.46 0.53 0.26 0.6 0.56 0.48 0.3 0.4 0.52 0.1 0.47 0.36 0.36 0.58 0.53 0.4 0.47 0.55 0.3 0.43 0.39 0.45 0.58 0.54 0.762 0.637 0.635 0.301 0.3 0.37 0.58 0.49 0.55 0.7 0.22 0.54 0.45 0.45 0.33 0.54 0.636 0.465 0.47 0.5 0.54 0.636 0.58 0.3 0.58 0.25 0.4 0.22 0.4 0.5 0.377 0.7 0.41 0.5 0.5 0.5 0.54 0.46 0.23 0.4 0.4 0.09 0.37 0.54 0.48 0.465 0.58 1.43 0.56 0.4 0.58 0.46 0.65 0.4 0.4 0.58 0.3 0.23 0.5 0.51 0.22 0.637 0.36 0.33 0.6 0.38 1.248 0.22 0.55 1.46 0.1 0.42 0.485 0.4 0.5 0.59 0.25 0.54
Dot Production Prediction of Lab Growth Rates:
1.65153 0.555037 0.372975 0.354705 0.309694 0.541135 0.331031 0.427431 0.543194 0.3855 0.348948 0.432283 0.358894 0.453279 1.0114 0.473817 0.717342 0.418815 0.475999 0.367722 0.54665 0.439701 1.53462 0.435826 1.0223 0.377014 0.484788 0.367813 0.71144 0.696192 1.02232 0.31047 0.314951 0.550315 0.403787 0.333337 0.382106 0.534731 0.308208 0.473719 0.469027 0.426472 0.543036 0.702033 0.378066 0.420716 1.56275 0.376983 0.421145 0.724647 0.5477 0.34575 0.308832 0.626875 0.427133 0.429061 0.422647 0.903217 0.474157 0.541159 1.52721 0.405171 0.722722 1.04163 0.355809 0.48397 0.412671 0.51246 0.688484 0.472354 0.420789 0.722722 0.393206 0.452073 0.328962 0.3676 0.447861 0.48576 0.53906 0.507426 0.376046 0.425085 0.549492 1.63468 0.390812 0.380232 0.470664 0.903581 0.139994 0.723091 0.362057 0.329299 0.482489 0.346965 0.534541 0.322286 0.33026 0.427368 0.415221 0.4841 0.403775 0.488036 0.485766 0.543692 0.381405 0.901 0.413815 0.414528 0.349908 0.357669 0.543154 0.370532 0.480108 0.429617 0.991671 0.487008 0.391876 1.43969 0.429369 0.442839 0.987685 0.487956 0.304498 1.00249 1.66531 0.536165 0.42871 1.66838 0.552332 0.400685 0.601385 0.558932 0.448402 1.05001 0.533661 0.464569 0.333489 0.478342 0.4645 0.43353 1.66531 0.428475 0.390591 0.420347 0.534652 0.391613 0.428286 0.331457 0.352788 0.471092 0.482141 0.298743 0.351261 0.468307 0.333848 0.419857 0.394639 0.321975 0.362072 0.427216 0.470497 1.00299 0.323595 0.451628 0.330527 1.00041 0.704347 0.4011 0.323892 0.372253 0.593294 0.425785 0.993679 0.541727 0.43183 0.430465 0.40087 0.383384 1.62162 0.465434 1.64754 0.52424 0.6789 0.433521 0.546242 0.424638 0.608819 0.411461 1.06466 0.428551 0.486566 0.43059 1.62165 1.596 0.31534 0.981653 0.44984 0.474839 0.429734 0.403537 0.433656 0.467704 0.810164 0.408407 0.352464 0.577848 0.460242 0.399886 0.356671 1.36206 0.324384 0.38187 0.534611 0.425417 1.60081 0.33399 0.469032 0.424481 1.01574 1.03322 0.489535 0.354337 0.374164 0.329753 0.300028 0.339221 0.364229 0.327148 0.321279 0.533912 0.430547 0.721243 0.987162 0.334851 0.640538 0.39988 0.405141 1.02212 0.452349 0.346551 0.348575 0.425723 0.385233 0.432567 0.324613 0.725529 0.549173 0.4664 0.331082 0.378684 0.480625 1.02415 0.37444 0.401979 0.320577 0.315353 1.07285 0.327395 0.325524 0.400016 0.451231 1.61074 0.387613 0.378629 0.721609 0.401454 0.553566 0.428398 0.351908 0.490785 0.334761 0.417031 0.477003 0.42894 0.320125 0.344543 0.343656 1.01586 0.471622 0.401178 0.391653 0.409504 0.513253 0.476824 0.430226 0.40023 0.414663 0.422175 0.428362 0.376631 0.870496 0.372383 0.343696 0.805115 0.411138 1.01238 0.529976 0.42284 0.462628 0.46208 0.545278 0.462944 0.382467 0.385081 0.307807 0.467627 0.350966 0.968602 0.328201 0.362454 0.347512 0.959046 0.868704 0.374046 0.472663 0.419843 0.334149 0.352004 0.330506 0.371147 0.370059 0.430638 0.377125 0.710536 0.374576 0.415734 0.427207 0.424591 0.711083 1.54962 0.554776 0.54083 0.344561 0.478555 0.463941 0.53092 0.877804 0.436959 0.352439 0.549995 0.43095 1.05293 0.439657 0.523252 0.474089 0.412771 0.325131 0.423546 0.436768 0.552088 0.35797 0.340821 0.987683 0.736112 1.00018 0.494558 0.540683 0.331528 0.491553 0.455735 0.382677 0.375384 0.37878 0.902235 0.836705 1.00985 0.352697 0.368176 0.372063 1.62206 0.565791 0.325414 0.351434 1.30911 0.349748 0.550515 0.900779 0.544953 0.537007 0.403646 0.140128 0.650688 0.299545 0.330523 0.550244 0.448642 0.36076 0.479291 0.466613 0.544636 1.04293 0.444106 0.424186 0.391257 0.437554 0.48807 0.393956 0.962384 0.537053 0.408472 0.382509 0.319071 0.474371 0.522346 0.35843 0.325291 0.478944 1.01372 0.365183 0.408397 0.384743 0.410967 0.344213 0.401592 0.62913 0.458075 0.523763 0.723386 0.33883 0.406241 0.478571 0.482288 0.597854 1.00503 0.478245 0.717257 0.400424 0.549754 0.460635 0.464638 1.01204 0.488064 0.529058 0.475138 0.543558 0.622349 1.05 0.531705 0.487979 0.471635 0.427481 1.66 0.604099 0.346708 0.340764 0.649856 0.485754 0.329387 0.549218 0.391392 0.449407 0.384457 0.711174 0.81632 0.448563 0.554888 0.429455 0.355375 0.299352 0.377851 0.993782 0.398663 0.41932 0.599334 0.36767 0.623569 0.431014 0.401916 0.35631 0.321246 0.570635 0.325882 0.334891 0.478358 0.480821 0.417141 0.336444 0.866673 0.707457 0.429026 0.396888 0.351443 1.20029 1.65589 0.541747 0.544919 0.305248 0.366998 0.3591 0.440397 0.540242 0.320697 0.45068 0.417565 0.391416 1.20809 0.4749 0.428896 0.331299 0.368998 0.288187 0.418247 0.342329 0.55575 0.309159 0.430229 0.336455 0.379602 0.388015 0.534728 0.817054 0.708714 0.711575 0.475003 0.437841 0.390048 0.488018 0.370884 0.460985 0.6974 0.444303 0.376189 0.337616 0.327702 0.44832 0.451378 0.711444 0.477137 0.38353 0.634419 0.333058 0.718454 0.484935 0.409108 0.371145 0.35515 0.401399 0.482843 0.40931 0.531488 0.471268 0.703326 0.39528 0.54013 0.319143 0.539924 0.386773 0.316698 0.543951 0.398917 0.422684 0.34098 0.435391 0.458631 0.370485 0.475781 0.481641 1.29534 0.542307 0.429244 0.309355 0.405694 0.660221 0.427365 0.423655 0.486567 0.33406 0.538126 0.341618 0.407775 0.487238 0.705248 0.362609 0.482077 0.432425 0.366493 0.870862 0.365822 0.451428 1.48646 0.337642 0.336776 0.476347 0.426951 0.547175 0.543632 0.309159 0.531835
Testing:
Lab Growth Rates:
0.1
Dot Production Prediction of Lab Growth Rates:
0.751743
Best performance so far: 
Obj: 4.64041e-310Rho: 2.26291e-314Diff: 4.64041e-310
Anneal again with the best G and E so far as input
Cycle 2Round 1
Iter 500000 pBad 0.814135 T 0.00105163 Obj 1.07149 Rho 0 GRdif 40.6038 success 108100 failure 11530 obj_new 1.07149 SA_pAcc 0.919961 Delta -0.030651 SA_r 0.861812 freedomratio 0.259603
Iter 1000000 pBad 0.707634 T 0.000283118 Obj 1.03836 Rho 0 GRdif 22.133 success 212366 failure 31786 obj_new 1.03836 SA_pAcc 1.32553 Delta 0.0632187 SA_r 0.0918633 freedomratio 0.256993
Iter 1500000 pBad 0.645656 T 7.62202e-05 Obj 1.02725 Rho 0 GRdif 15.808 success 314586 failure 57420 obj_new 1.02725 SA_pAcc 1.18079 Delta 0.0333451 SA_r 0.252413 freedomratio 0.260754
Iter 2000000 pBad 0.536581 T 2.05198e-05 Obj 1.02129 Rho 0 GRdif 12.3852 success 413002 failure 92076 obj_new 1.02129 SA_pAcc 0.763621 Delta -0.0365561 SA_r 0.551966 freedomratio 0.252469
Iter 2500000 pBad 0.461156 T 5.52429e-06 Obj 1.01711 Rho 0 GRdif 9.97709 success 508477 failure 134588 obj_new 1.01711 SA_pAcc 1.68516 Delta 0.00652569 SA_r 0.945338 freedomratio 0.252252
Iter 3000000 pBad 0.271086 T 1.48723e-06 Obj 1.0121 Rho 0 GRdif 7.0725 success 597650 failure 191234 obj_new 1.0121 SA_pAcc 1 Delta -0.0213318 SA_r 0.865249 freedomratio 0.235294
Iter 3500000 pBad 0.210645 T 4.00389e-07 Obj 1.00999 Rho 0 GRdif 5.84528 success 673864 failure 277649 obj_new 1.00999 SA_pAcc 1 Delta 0.0137826 SA_r 0.169788 freedomratio 0.236906
Iter 4000000 pBad 0.0807159 T 1.07792e-07 Obj 1.00898 Rho 0 GRdif 5.25616 success 731104 failure 412778 obj_new 1.00898 SA_pAcc 1 Delta 0.00350756 SA_r 0.0789793 freedomratio 0.209253
Iter 4500000 pBad 0.0500922 T 2.90194e-08 Obj 1.00859 Rho 0 GRdif 5.02879 success 765564 failure 618632 obj_new 1.00859 SA_pAcc 1 Delta 0.00435684 SA_r 0.0232245 freedomratio 0.184906
Iter 5000000 pBad 0.0160814 T 7.81252e-09 Obj 1.00848 Rho 0 GRdif 4.96477 success 784953 failure 880491 obj_new 1.00848 SA_pAcc 1 Delta -0.000254732 SA_r 0.650607 freedomratio 0.169991
Iter 5500000 pBad 0.0117379 T 2.10327e-09 Obj 1.00843 Rho 0 GRdif 4.93518 success 796623 failure 1177653 obj_new 1.00843 SA_pAcc 1 Delta 0.000700289 SA_r 0.769113 freedomratio 0.162431
Iter 6000000 pBad 0.00421739 T 5.66236e-10 Obj 1.00841 Rho 0 GRdif 4.92363 success 803733 failure 1496788 obj_new 1.00841 SA_pAcc 5.73732e-13 Delta -0.000398298 SA_r 0.711085 freedomratio 0.15655
Iter 6500000 pBad 0.00627779 T 1.5244e-10 Obj 1.0084 Rho 0 GRdif 4.91923 success 809043 failure 1828447 obj_new 1.0084 SA_pAcc 0.0257286 Delta -0.000297747 SA_r 0.226325 freedomratio 0.151002
Iter 7000000 pBad 0.00304297 T 4.10396e-11 Obj 1.0084 Rho 0 GRdif 4.91625 success 813042 failure 2177034 obj_new 1.0084 SA_pAcc 1.60886e-09 Delta 1.21494e-05 SA_r 0.584084 freedomratio 0.147
Iter 7500000 pBad 0.000733958 T 1.10486e-11 Obj 1.00839 Rho 0 GRdif 4.91402 success 817204 failure 2535289 obj_new 1.00839 SA_pAcc 1 Delta -2.69679e-05 SA_r 0.730814 freedomratio 0.143101
Iter 8000000 pBad 0.000469366 T 2.97447e-12 Obj 1.00839 Rho 0 GRdif 4.91407 success 821002 failure 2904574 obj_new 1.00839 SA_pAcc 0 Delta -2.29983e-05 SA_r 0.705057 freedomratio 0.139601
Iter 8500000 pBad 0.000276591 T 8.00778e-13 Obj 1.00839 Rho 0 GRdif 4.9126 success 826556 failure 3280765 obj_new 1.00839 SA_pAcc 0 Delta -2.11994e-05 SA_r 0.281084 freedomratio 0.135546
Iter 9000000 pBad 1.15818e-15 T 2.15583e-13 Obj 1.00839 Rho 0 GRdif 4.91154 success 833871 failure 3672035 obj_new 1.00839 SA_pAcc 1 Delta 1.05801e-16 SA_r 0.813718 freedomratio 0.128947
Iter 9500000 pBad 3.67522e-46 T 5.80388e-14 Obj 1.00839 Rho 0 GRdif 4.9115 success 834862 failure 4020971 obj_new 1.00839 SA_pAcc 1 Delta -1.23506e-47 SA_r 0.4082 freedomratio 0.127687
Good enough
iter 9.09748e+06 obj1.00839 rho 0 GRdif 4.9115
Training:
Lab Growth Rates:
1.42 0.55 0.45 0.47 0.39 0.56 0.59 0.4 0.59 0.45 0.47 0.51 0.52 0.54 1.345 0.377 0.71 0.4 0.68 0.42 0.26 0.1 1.67 0.37 1.345 0.47 0.58 0.5 0.635 0.7 1.46 0.37 0.54 0.55 0.4 0.19 0.33 0.56 0.32 0.301 0.485 0.3 0.5 0.7 0.47 0.4 1.05 0.09 0.4 0.686 0.55 0.19 0.45 0.5 0.4 0.4 0.4 0.901 0.485 0.56 0.1 0.2 0.686 1.345 0.38 0.56 0.4 0.25 0.65 0.47 0.4 0.71 0.11 0.23 0.4 0.58 0.37 0.22 0.54 0.33 0.43 0.37 0.56 1.67 0.59 0.54 0.46 0.901 0.14 0.724 0.52 0.34 0.56 0.41 0.56 0.59 0.34 0.4 0.43 0.5 0.2 0.58 0.5 0.31 0.3 0.901 0.4 0.47 0.48 0.54 0.56 0.5 0.46 0.4 1.483 0.58 0.46 1.03 0.4 0.46 1.483 0.58 0.27 1.483 0.45 0.23 0.37 0.45 0.31 0.4 0.5 0.55 0.6 1.05 0.54 0.47 0.5 0.476 0.55 0.6 1.49 0.4 0.5 0.47 0.53 0.4 0.4 0.5 0.45 0.481 0.58 0.3 0.47 0.46 0.48 0.46 0.52 0.36 0.36 0.4 0.68 1.05 0.42 0.23 0.59 0.1 0.648 0.49 0.42 0.42 0.617 0.4 1.345 0.54 0.4 0.4 0.4 0.47 0.45 0.54 0.45 0.25 0.65 0.53 0.56 0.4 0.65 0.53 1.345 0.4 0.5 0.4 1.44 0.45 0.38 1.483 0.47 0.377 0.4 0.43 0.4 0.46 0.762 0.58 0.59 0.42 0.54 0.5 0.33 1.38 0.54 0.47 0.53 0.4 0.45 0.42 0.485 0.4 1.345 1.483 0.58 0.59 0.43 0.33 0.3 0.45 0.43 0.34 0.58 0.23 0.4 0.636 1.483 0.39 0.65 0.4 0.37 1.345 0.23 0.48 0.47 0.37 0.43 0.4 0.19 0.686 0.53 0.55 0.5 0.46 0.53 1.345 0.33 0.41 0.38 0.32 0.1 0.36 0.33 0.53 0.3 0.45 0.47 0.52 0.724 0.4 0.59 0.4 0.52 0.56 0.42 0.43 0.22 0.4 0.42 0.48 0.42 1.483 0.41 0.4 0.3 0.22 0.46 0.68 0.37 0.54 0.4 0.3 0.4 0.27 1.248 0.54 0.42 0.762 0.5 1.46 0.53 0.4 0.09 0.26 0.23 0.41 0.27 0.11 0.48 0.58 0.42 1.345 0.39 0.39 0.53 1.483 1.248 0.41 0.481 0.54 0.54 0.32 0.41 0.42 0.42 0.43 0.27 0.635 0.47 0.45 0.3 0.51 0.648 1.4 0.31 0.54 0.36 0.476 0.55 0.5 1.248 0.17 0.59 0.5 0.4 1.05 0.36 0.53 0.481 0.46 0.5 0.45 0.46 0.59 0.25 0.45 1.483 0.25 1.46 0.5 0.56 0.17 0.5 0.43 0.43 0.59 0.54 0.901 0.901 1.483 0.25 0.47 0.52 0.25 0.42 0.53 0.42 1.43 0.2 0.59 0.901 0.56 0.56 0.45 0.14 0.65 0.48 0.11 0.59 0.37 0.47 0.46 0.54 0.5 1.345 0.37 0.4 0.54 0.37 0.56 0.52 1.345 0.46 0.4 0.52 0.4 0.301 0.46 0.46 0.59 0.22 1.483 0.36 0.47 0.54 0.4 0.39 0.41 0.65 0.47 0.5 0.724 0.52 0.47 0.46 0.56 0.27 0.1 0.68 0.71 0.52 0.55 0.55 0.46 1.483 0.56 0.53 0.68 0.23 0.65 1.05 0.53 0.58 0.41 0.4 1.66 0.5 0.58 0.27 0.65 0.5 0.33 0.54 0.37 0.37 0.43 0.648 0.762 0.1 0.59 0.4 0.58 0.48 0.49 1.345 0.52 0.4 0.5 0.47 0.5 0.4 0.42 0.54 0.17 0.42 0.38 0.46 0.465 0.476 0.4 0.3 1.248 0.637 0.4 0.4 0.5 1.35 1.66 0.5 0.37 0.46 0.53 0.26 0.6 0.56 0.48 0.3 0.4 0.52 0.1 0.47 0.36 0.36 0.58 0.53 0.4 0.47 0.55 0.3 0.43 0.39 0.45 0.58 0.54 0.762 0.637 0.635 0.301 0.3 0.37 0.58 0.49 0.55 0.7 0.22 0.54 0.45 0.45 0.33 0.54 0.636 0.465 0.47 0.5 0.54 0.636 0.58 0.3 0.58 0.25 0.4 0.22 0.4 0.5 0.377 0.7 0.41 0.5 0.5 0.5 0.54 0.46 0.23 0.4 0.4 0.09 0.37 0.54 0.48 0.465 0.58 1.43 0.56 0.4 0.58 0.46 0.65 0.4 0.4 0.58 0.3 0.23 0.5 0.51 0.22 0.637 0.36 0.33 0.6 0.38 1.248 0.22 0.55 1.46 0.1 0.42 0.485 0.4 0.5 0.59 0.25 0.54
Dot Production Prediction of Lab Growth Rates:
1.51826 0.550864 0.348955 0.362792 0.301008 0.546585 0.334464 0.401636 0.551696 0.390984 0.33854 0.437234 0.349465 0.461548 1.32561 0.591525 0.679335 0.389191 0.376259 0.360968 0.581139 0.451265 1.37406 0.426059 1.32342 0.355246 0.474137 0.361973 0.6782 0.77428 1.0412 0.290026 0.283126 0.549177 0.403629 0.307603 0.368993 0.535638 0.312614 0.599635 0.583284 0.549324 0.543358 0.780553 0.361572 0.38772 1.44543 0.390734 0.39792 0.685898 0.548168 0.316035 0.308499 0.792988 0.402359 0.40175 0.394948 0.906338 0.593632 0.551313 1.42592 0.388113 0.687349 1.35876 0.377858 0.478308 0.403967 0.520099 0.67855 0.487258 0.390842 0.687122 0.410003 0.435137 0.326121 0.371244 0.429727 0.490349 0.537762 0.533319 0.370439 0.444421 0.545476 1.50158 0.373829 0.370792 0.459515 0.907717 0.228976 0.690587 0.398716 0.303517 0.475686 0.349141 0.531278 0.306895 0.33872 0.400307 0.413372 0.476334 0.391384 0.486664 0.47663 0.592999 0.367006 0.936357 0.402146 0.396498 0.359677 0.37876 0.549793 0.374264 0.474453 0.40185 1.29075 0.48186 0.366246 1.31864 0.402438 0.429902 1.29863 0.487066 0.27 1.30272 1.51419 0.554192 0.421377 1.51736 0.60217 0.39763 0.775283 0.553987 0.60815 1.06581 0.53568 0.480717 0.326159 0.593258 0.471741 0.586016 1.51419 0.403257 0.373868 0.383421 0.535389 0.385011 0.403733 0.338335 0.37452 0.581878 0.474364 0.255287 0.313356 0.460759 0.306161 0.418774 0.406459 0.330199 0.376924 0.397588 0.374747 1.05 0.312668 0.433386 0.312607 1.33091 0.670962 0.409032 0.299105 0.359036 0.623652 0.397181 1.30878 0.546868 0.402899 0.40362 0.39831 0.408795 1.40714 0.483318 1.49158 0.565265 0.67538 0.43934 0.548925 0.397577 0.619999 0.39138 1.36526 0.400034 0.480727 0.404444 1.50298 1.45912 0.301111 1.28707 0.425651 0.596041 0.405495 0.406415 0.406074 0.465047 0.762 0.402455 0.296587 0.627879 0.469339 0.38398 0.349864 1.29274 0.311352 0.416422 0.548488 0.400817 1.42976 0.337614 0.581899 0.39684 1.32215 1.32243 0.485759 0.324169 0.356098 0.314679 0.259949 0.351474 0.351451 0.322947 0.316109 0.546971 0.402249 0.686654 1.27453 0.309389 0.629207 0.399967 0.419823 1.32423 0.433675 0.352262 0.37489 0.41968 0.373159 0.403855 0.30446 0.690254 0.546414 0.460536 0.33454 0.360864 0.483515 1.33055 0.360728 0.399222 0.290124 0.331424 1.55343 0.349289 0.323097 0.422189 0.603304 1.44529 0.371582 0.366785 0.690384 0.402644 0.554844 0.403535 0.35758 0.484653 0.338999 0.413935 0.482076 0.402828 0.301933 0.340604 0.345252 1.30907 0.591209 0.401075 0.518482 0.404824 0.538399 0.377126 0.419775 0.387884 0.406179 0.543162 0.398694 0.363661 0.825607 0.381904 0.311281 0.757244 0.442966 1.02514 0.524806 0.390059 0.467705 0.456027 0.549417 0.583392 0.383864 0.381026 0.277757 0.457341 0.324887 1.28949 0.322804 0.344352 0.334189 1.26979 0.826749 0.362497 0.584448 0.416568 0.342448 0.352388 0.314914 0.349924 0.343484 0.437034 0.375162 0.676336 0.35485 0.414522 0.545963 0.418661 0.675824 1.40001 0.597804 0.541702 0.359989 0.598395 0.47339 0.540005 0.836793 0.436038 0.331829 0.740198 0.40207 1.06718 0.430551 0.527332 0.588425 0.398783 0.326842 0.412137 0.429545 0.547451 0.355916 0.35151 1.28721 0.954699 1.04125 0.484991 0.552454 0.30733 0.491301 0.446667 0.356206 0.350811 0.371371 0.900997 0.785283 1.28963 0.353074 0.382724 0.375294 1.48655 0.609684 0.317504 0.358639 1.26601 0.364182 0.559769 0.90258 0.550012 0.549996 0.397398 0.226248 0.65044 0.302621 0.342092 0.546029 0.431305 0.353663 0.473029 0.472434 0.552962 1.34345 0.468688 0.394362 0.386362 0.42849 0.480735 0.377227 1.29168 0.558997 0.395767 0.406442 0.303255 0.599203 0.537799 0.344073 0.316142 0.48875 1.3119 0.367821 0.407993 0.376533 0.398716 0.326478 0.399865 0.650449 0.441947 0.702875 0.688767 0.374831 0.404486 0.475143 0.478175 0.617999 1.36713 0.376734 0.685809 0.375311 0.55257 0.468116 0.45639 1.33212 0.480823 0.529929 0.373738 0.544221 0.646452 1.04871 0.558769 0.480995 0.589797 0.400964 1.48724 0.748901 0.355716 0.338095 0.641273 0.48612 0.329181 0.546739 0.38539 0.432981 0.374699 0.674695 0.764202 0.459783 0.550377 0.402101 0.377524 0.283861 0.398088 1.28933 0.386584 0.394267 0.774691 0.366365 0.773313 0.40377 0.401277 0.374213 0.302541 0.621518 0.300153 0.337456 0.597763 0.597513 0.387434 0.439843 0.829998 0.677986 0.399568 0.39323 0.342316 1.15224 1.4574 0.679294 0.577214 0.291285 0.373064 0.377595 0.57746 0.547861 0.310925 0.606107 0.385819 0.39092 1.65401 0.489884 0.424305 0.331103 0.404585 0.281697 0.392886 0.361389 0.558247 0.2616 0.424058 0.309933 0.364808 0.373382 0.539992 0.770982 0.673948 0.679943 0.597689 0.576241 0.402656 0.478113 0.39205 0.469695 0.76904 0.465795 0.399393 0.321098 0.327989 0.457725 0.469481 0.6862 0.592802 0.374856 0.837261 0.332972 0.685071 0.479132 0.404688 0.351663 0.353509 0.400232 0.488495 0.396346 0.537307 0.593673 0.778243 0.375393 0.67571 0.312735 0.554036 0.385476 0.312544 0.541782 0.398243 0.392099 0.349785 0.426805 0.467079 0.363171 0.592089 0.471923 1.26093 0.553746 0.402248 0.285624 0.40668 0.64995 0.401101 0.396215 0.479787 0.325346 0.54586 0.335625 0.403126 0.488431 0.670636 0.345692 0.514057 0.572289 0.37578 0.832187 0.357421 0.462635 1.44916 0.355047 0.338986 0.595758 0.400573 0.704852 0.550145 0.297141 0.536356
Testing:
Lab Growth Rates:
0.1
Dot Production Prediction of Lab Growth Rates:
0.96383
Best performance so far: 
Obj: 4.64041e-310Rho: 6.5069e-314Diff: 4.64041e-310
Test:
 Lab Growth Rates:
0.1Dot Product Prediction of Growth Rate:
0.96383