seed =  5 traits =  1 
Training: part  109 
Training: part  109 
Round  1 
 Goal of obj  0.99 
Temperature range:  0.015625 2.5e-14 
Cycle 1Round 1
Iter 500000 pBad 0.970961 T 0.00401816 Obj 1.19795 Rho 0 GRdif 106.202 success 102795 failure 702 obj_new 1.19795 SA_pAcc 1 Delta 0.0197838 SA_r 0.404435 freedomratio 0.365444
Iter 1000000 pBad 0.832518 T 0.00103332 Obj 1.0727 Rho 0 GRdif 41.2644 success 241619 failure 11645 obj_new 1.0727 SA_pAcc 0.957657 Delta -0.0180454 SA_r 0.0533973 freedomratio 0.36796
Iter 1500000 pBad 0.776916 T 0.000265729 Obj 1.03816 Rho 0 GRdif 22.0198 success 383502 failure 32976 obj_new 1.03816 SA_pAcc 0.849482 Delta -0.0585327 SA_r 0.476158 freedomratio 0.364087
Iter 2000000 pBad 0.665193 T 6.83353e-05 Obj 1.02468 Rho 0 GRdif 14.3345 success 521713 failure 62669 obj_new 1.02468 SA_pAcc 1 Delta 0.0552924 SA_r 0.0845528 freedomratio 0.35723
Iter 2500000 pBad 0.571707 T 1.75732e-05 Obj 1.01766 Rho 0 GRdif 10.2952 success 657266 failure 98792 obj_new 1.01766 SA_pAcc 0.818287 Delta -0.00229057 SA_r 0.413905 freedomratio 0.359853
Iter 3000000 pBad 0.432724 T 4.51915e-06 Obj 1.01387 Rho 0 GRdif 8.10193 success 785535 failure 147067 obj_new 1.01387 SA_pAcc 1.22721 Delta -0.0309668 SA_r 0.534049 freedomratio 0.35723
Iter 3500000 pBad 0.272221 T 1.16215e-06 Obj 1.01069 Rho 0 GRdif 6.2552 success 891938 failure 238058 obj_new 1.01069 SA_pAcc 0.564321 Delta -0.0253012 SA_r 0.141521 freedomratio 0.338125
Iter 4000000 pBad 0.138098 T 2.98861e-07 Obj 1.00884 Rho 0 GRdif 5.17315 success 976885 failure 374601 obj_new 1.00884 SA_pAcc 0.161002 Delta -0.00539152 SA_r 0.29033 freedomratio 0.309963
Iter 4500000 pBad 0.0567279 T 7.68555e-08 Obj 1.00833 Rho 0 GRdif 4.87761 success 1028993 failure 586650 obj_new 1.00833 SA_pAcc 2.03672e-07 Delta -0.00138929 SA_r 0.816 freedomratio 0.261566
Iter 5000000 pBad 0.0283 T 1.97643e-08 Obj 1.0082 Rho 0 GRdif 4.80393 success 1058012 failure 865591 obj_new 1.0082 SA_pAcc 0.308339 Delta 0.00221209 SA_r 0.931373 freedomratio 0.230137
Iter 5500000 pBad 0.0137861 T 5.08261e-09 Obj 1.00817 Rho 0 GRdif 4.78412 success 1073343 failure 1187382 obj_new 1.00817 SA_pAcc 1 Delta -0.000331486 SA_r 0.0569524 freedomratio 0.216336
Iter 6000000 pBad 0.00718819 T 1.30705e-09 Obj 1.00816 Rho 0 GRdif 4.77831 success 1082199 failure 1534186 obj_new 1.00816 SA_pAcc 0 Delta 0.000625919 SA_r 0.422521 freedomratio 0.206678
Iter 6500000 pBad 0.0031927 T 3.36124e-10 Obj 1.00815 Rho 0 GRdif 4.77468 success 1086630 failure 1895757 obj_new 1.00815 SA_pAcc 8.9235e-09 Delta -6.19096e-05 SA_r 0.173983 freedomratio 0.201992
Iter 7000000 pBad 0.00162088 T 8.64381e-11 Obj 1.00815 Rho 0 GRdif 4.78897 success 1090197 failure 2265634 obj_new 1.00818 SA_pAcc 0 Delta 6.3307e-05 SA_r 0.294496 freedomratio 0.198582
Iter 7500000 pBad 0.000738624 T 2.22286e-11 Obj 1.00815 Rho 0 GRdif 4.7719 success 1092284 failure 2640955 obj_new 1.00815 SA_pAcc 0 Delta 3.12636e-05 SA_r 0.194931 freedomratio 0.196393
Iter 8000000 pBad 0.00045357 T 5.71633e-12 Obj 1.00815 Rho 0 GRdif 4.77106 success 1094162 failure 3021656 obj_new 1.00815 SA_pAcc 3.13788e-136 Delta 3.26114e-05 SA_r 0.961129 freedomratio 0.19374
Iter 8500000 pBad 0.000719568 T 1.47002e-12 Obj 1.00815 Rho 0 GRdif 4.77057 success 1097378 failure 3408018 obj_new 1.00815 SA_pAcc 0 Delta 4.93503e-05 SA_r 0.358458 freedomratio 0.183007
Iter 9000000 pBad 0.00025758 T 3.78033e-13 Obj 1.00815 Rho 0 GRdif 4.77031 success 1102610 failure 3792086 obj_new 1.00815 SA_pAcc 2.47033e-322 Delta -1.57422e-05 SA_r 0.876076 freedomratio 0.182779
Iter 9500000 pBad 2.49879e-31 T 9.72154e-14 Obj 1.00815 Rho 0 GRdif 4.77041 success 1103926 failure 4143173 obj_new 1.00815 SA_pAcc 0 Delta -9.63097e-33 SA_r 0.940645 freedomratio 0.17103
Iter 10000000 pBad 2.47494e-125 T 2.50001e-14 Obj 1.00815 Rho 0 GRdif 4.77023 success 1103926 failure 4461973 obj_new 1.00815 SA_pAcc 1 Delta 1.67703e-126 SA_r 0.44675 freedomratio 0.170881
Cannot move further
iter 9.22613e+06 obj1.00815 rho 0 GRdif 4.77023
Training:
Lab Growth Rates:
0.68 0.59 0.47 0.1 0.301 0.53 0.71 0.37 0.5 0.47 0.17 0.6 0.635 0.36 0.39 0.53 0.56 0.5 0.5 0.5 0.4 0.724 0.3 0.54 0.25 0.42 1.345 0.901 0.56 0.686 0.59 0.54 0.3 0.5 0.5 0.617 0.5 1.483 0.53 0.37 0.58 0.5 0.23 0.43 0.65 0.46 0.52 1.248 0.4 0.52 0.42 0.4 0.54 0.54 0.36 0.22 0.33 0.42 0.39 0.1 0.58 0.4 0.52 1.483 0.648 0.42 0.47 0.1 0.45 1.483 0.55 0.52 0.56 1.66 0.33 0.46 0.5 0.5 0.485 0.31 0.4 0.53 0.19 0.54 1.43 0.22 0.4 1.35 1.42 0.54 0.59 0.4 1.03 0.59 0.25 0.56 0.42 0.5 0.23 0.46 0.5 0.56 0.58 0.45 0.43 0.53 0.54 0.4 1.483 0.686 0.09 0.26 0.65 0.42 0.49 0.37 0.59 0.47 0.48 0.34 1.345 0.54 0.54 0.45 0.465 0.762 0.3 0.4 0.5 1.44 0.55 0.46 0.45 0.4 0.4 0.41 0.1 0.901 0.47 0.46 0.48 0.47 1.483 0.481 0.47 0.54 0.51 0.37 0.45 0.27 0.34 0.4 0.58 0.39 0.485 0.46 0.4 0.43 1.345 0.648 0.52 0.37 0.46 0.2 0.52 0.58 0.42 0.43 0.45 0.56 0.58 0.3 0.54 0.56 0.637 0.33 0.4 0.38 0.45 0.43 0.38 0.38 0.4 0.4 0.59 0.53 0.56 0.4 0.481 1.46 0.37 0.55 0.37 0.42 0.54 0.4 0.4 0.32 0.1 0.25 0.42 0.68 0.58 1.46 0.4 0.5 1.248 1.483 0.4 1.05 0.58 0.25 0.41 0.3 0.42 0.65 0.1 0.4 0.37 0.46 0.41 0.54 1.248 0.53 0.4 0.476 0.55 0.25 1.345 0.23 0.46 0.47 0.4 1.345 0.53 0.52 0.59 0.4 0.33 0.52 0.4 0.58 0.46 0.47 0.54 0.26 0.47 0.45 0.47 0.39 0.636 0.59 0.5 0.23 0.52 0.4 0.11 0.762 0.48 0.59 0.45 0.36 0.4 1.05 0.4 0.4 0.46 0.53 0.5 0.55 0.43 0.4 1.67 0.637 0.59 0.51 0.3 0.56 0.54 1.46 0.42 0.3 0.2 0.5 0.33 0.45 0.47 0.53 0.41 0.54 0.46 0.4 0.43 0.301 0.3 0.47 0.4 0.4 0.54 0.17 0.55 0.54 0.58 0.485 0.47 0.42 0.59 0.47 1.248 0.635 1.05 0.4 0.5 0.4 0.4 0.43 0.4 0.52 1.483 0.724 0.54 0.901 0.33 0.58 0.4 0.59 0.5 0.4 0.4 1.38 0.54 0.5 0.56 1.46 0.45 0.56 0.4 0.49 0.58 1.345 0.36 0.19 0.476 0.43 0.5 1.43 0.25 0.39 0.46 0.3 0.47 0.377 0.37 0.1 0.37 0.4 0.6 0.68 0.4 0.3 0.65 0.48 0.4 0.39 0.5 0.32 0.68 0.31 0.37 0.485 0.65 0.59 0.45 0.901 0.648 0.56 0.41 0.17 0.3 0.4 0.23 0.37 1.345 0.46 0.43 1.4 0.5 0.5 0.38 0.4 0.5 1.483 0.43 0.47 0.22 0.52 0.6 0.47 0.65 0.54 0.55 0.686 0.4 0.635 0.45 0.23 0.53 0.27 0.37 0.48 0.25 0.762 0.47 0.14 0.22 1.66 0.25 0.46 0.4 0.36 0.54 0.4 0.65 0.41 0.55 0.27 1.05 0.1 0.45 0.377 0.19 0.56 0.47 0.3 0.58 0.46 0.48 0.68 0.56 0.34 0.4 0.47 0.23 0.48 0.41 1.67 0.32 0.2 0.65 0.36 0.56 0.22 0.54 0.27 0.42 0.637 0.5 0.55 0.47 0.71 0.54 0.4 0.22 0.46 0.53 0.56 0.7 0.7 0.42 0.53 0.56 1.345 1.345 0.4 0.47 0.55 0.45 0.37 0.636 0.09 0.54 0.14 0.48 0.58 0.71 0.38 0.42 0.59 0.22 1.483 0.45 0.724 0.52 0.4 0.42 0.465 0.54 0.47 0.4 0.11 0.33 0.37 0.37 0.31 1.483 0.49 0.45 0.53 0.5 1.345 0.41 0.58 0.33 1.483 0.5 0.59 0.481 0.36 0.36 1.248 0.46 0.11 0.46 0.5 1.483 0.5 0.58 0.59 0.5 0.1 0.27 0.7 0.23 0.55 0.4 0.56 1.345 0.45 0.636 0.09 0.5 0.4 0.3 1.05 0.4 0.4 0.7 0.46 0.65 0.58 0.762 0.4 0.301 0.4 0.58 0.5 0.54 0.476 0.3 0.54 0.42 0.901 0.4 0.58 0.53 0.26 0.23 0.58 0.48 0.58 0.27 0.45 1.49 0.465 0.5 0.41 0.43 1.345 0.55 0.22 0.46 0.36 0.42 0.377 0.33 0.901 0.51 0.4
Dot Production Prediction of Lab Growth Rates:
0.449884 0.335353 0.34001 1.05697 0.452278 0.389124 0.716688 0.418622 0.408294 0.394134 0.419685 0.474844 0.712298 0.350138 0.320304 0.533783 0.54255 0.478557 0.356202 0.363071 0.399459 0.722098 0.463356 0.455563 0.358218 0.56254 1.03865 0.902755 0.535724 0.724637 0.542783 0.401121 0.277005 0.332473 0.471253 0.540804 0.328002 1.01214 0.47995 0.414617 0.475509 0.534638 0.536156 0.386041 0.649912 0.332684 0.383394 0.890601 0.402326 0.38849 0.312791 0.401859 0.385864 0.341804 0.407773 0.358629 0.491772 0.342096 0.31356 0.729502 0.471696 0.401478 0.377984 1.0174 0.710912 0.380515 0.351284 1.20349 0.350426 0.961617 0.548176 0.358049 0.544173 1.6594 0.332376 0.407003 0.571217 0.590519 0.464093 0.528605 0.402698 0.389719 0.325281 0.383762 1.32803 0.465111 0.398246 1.24906 1.50188 0.376297 0.333997 0.401076 1.30258 0.377842 0.518091 0.470366 0.326236 0.545057 0.531804 0.369586 0.564441 0.53541 0.474344 0.330834 0.362769 0.29654 0.444881 0.394433 0.999441 0.719515 0.36854 0.355242 0.650754 0.326788 0.371688 0.317674 0.334843 0.336573 0.317628 0.316528 1.02319 0.363595 0.403668 0.406926 0.459971 0.845852 0.411621 0.40255 0.332982 1.47158 0.549616 0.436963 0.346972 0.401954 0.398893 0.355893 0.430098 0.901 0.376736 0.511262 0.336587 0.352712 0.978018 0.456779 0.357326 0.538245 0.415461 0.370697 0.354512 0.383184 0.314922 0.400706 0.365053 0.326736 0.455031 0.463027 0.404457 0.411108 1.03039 0.714489 0.356281 0.428359 0.351018 0.410392 0.388499 0.474489 0.556449 0.365183 1.41101 0.538266 0.467552 0.265115 0.373703 0.541205 0.713828 0.371761 0.400065 0.318563 1.44911 0.343723 0.325424 0.362875 0.402324 0.400526 0.318756 0.534149 0.543913 0.397923 0.456266 1.59256 0.415057 0.549993 0.37941 0.324641 0.528939 0.396457 0.402694 0.312272 0.353681 0.348973 0.342618 0.448933 0.474719 1.033 0.399984 0.373301 0.896191 0.957053 0.402823 1.04933 0.460706 1.48104 0.376999 0.45424 0.345607 0.659787 0.999759 0.400341 0.415705 0.459088 0.451276 0.441209 0.892193 0.416835 0.396254 0.462896 0.449326 0.318975 1.0253 0.540123 0.47268 0.396718 0.398128 1.03489 0.34279 0.376446 0.540634 0.400682 0.352825 0.376525 0.399815 0.363021 0.460012 0.384129 0.5419 0.446852 0.384313 0.394034 0.368033 0.344515 0.714013 0.344064 0.635861 0.54029 0.343348 0.399798 0.337022 0.858392 0.341251 0.548726 1.42354 0.364269 0.400145 1.05106 0.401869 0.400928 0.41385 0.543188 0.531572 0.55128 0.436021 0.400726 1.47608 0.711148 0.326755 0.384333 0.37954 0.540556 0.544561 1.01768 0.340639 0.407056 0.394611 0.619468 0.419923 1.45145 0.35212 0.528655 0.454702 0.336173 0.301657 0.39956 0.430717 0.45134 0.450685 0.455036 0.400247 0.401888 0.455835 0.324557 0.447849 0.366391 0.337328 0.460044 0.366788 0.33958 0.549075 0.390098 0.88545 0.714004 1.59501 0.401464 0.594882 0.397423 0.401733 0.365556 0.331486 0.361123 1.02156 0.720925 0.533514 0.85442 0.327595 0.471109 0.400593 0.540821 0.467952 0.400186 0.399273 1.28711 0.386199 0.332856 0.537124 1.01943 0.37454 0.473846 0.399987 0.385534 0.381645 0.972626 0.406642 0.333176 0.463901 0.419343 0.477136 1.31863 0.71949 0.336094 0.459819 0.481391 0.48389 0.455773 0.424013 1.00473 0.429369 0.402649 0.477086 0.444333 0.400792 0.270727 0.650006 0.340966 0.400392 0.324322 0.652857 0.343083 0.44503 0.531204 0.417945 0.454563 0.622284 0.365055 0.340712 0.903519 0.714993 0.474861 0.321332 0.340962 0.486176 0.402513 0.430396 0.413053 0.982346 0.516538 0.390373 1.41228 0.330356 0.644342 0.315643 0.39509 0.340166 1.00158 0.353084 0.402741 0.4667 0.366863 0.46899 0.359064 0.642143 0.349318 0.549199 0.72549 0.40467 0.713868 0.359781 0.43051 0.359538 0.342002 0.402721 0.313089 0.502958 0.832157 0.479948 0.141161 0.386771 1.66 0.353362 0.347031 0.399851 0.337851 0.545194 0.397623 0.652374 0.379021 0.436483 0.556166 1.02552 1.42419 0.373703 0.455013 0.325651 0.46677 0.386823 0.38244 0.465693 0.473321 0.307402 0.450055 0.530189 0.326029 0.395725 0.349325 0.540883 0.308431 0.389106 1.37853 0.326585 0.361655 0.649975 0.340921 0.5402 0.426286 0.307811 0.37165 0.357774 0.712038 0.57651 0.546538 0.420353 0.722972 0.450636 0.399927 0.467898 0.309639 0.519754 0.532145 0.707856 0.700004 0.573973 0.325081 0.469587 1.03292 1.05095 0.402551 0.352727 0.450525 1.52769 0.421719 0.725495 0.341588 0.450976 0.139975 0.318692 0.466559 0.720296 0.370161 0.348257 0.54557 0.463002 1.03473 0.34271 0.723991 0.372474 0.399673 0.382088 0.461692 0.543352 0.409533 0.400652 0.377764 0.36241 0.507507 0.428218 0.52456 0.993111 0.366692 0.395299 0.53023 0.529577 1.01456 0.454939 0.304553 0.322932 0.985421 0.613938 0.32649 0.45842 0.357034 0.360178 0.889035 0.489842 0.370598 0.430747 0.531504 1.0097 0.327779 0.352645 0.542125 0.475993 0.441914 0.311134 0.704134 0.430859 0.447773 0.400668 0.468673 1.05393 1.48879 0.718419 0.442001 0.624585 0.402275 0.336991 1.05038 0.399276 0.396866 0.694992 0.441577 0.623768 0.474253 0.838134 0.397091 0.451043 0.397154 0.329561 0.372167 0.384497 0.466758 0.452519 0.314949 0.340879 0.901001 0.399959 0.358296 0.531234 0.538664 0.533873 0.471496 0.345634 0.365943 0.365553 1.50995 1.50995 0.463322 0.471112 0.346838 0.407529 0.98096 0.453157 0.464716 0.383847 0.331876 0.318221 0.454396 0.453131 0.900979 0.401766 0.33737
Testing:
Lab Growth Rates:
0.6
Dot Production Prediction of Lab Growth Rates:
0.480778
Best performance so far: 
Obj: 4.64818e-310Rho: 2.26291e-314Diff: 4.64818e-310
Anneal again with the best G and E so far as input
Cycle 2Round 1
Iter 500000 pBad 0.891274 T 0.00401816 Obj 1.14801 Rho 0 GRdif 81.1614 success 119593 failure 6158 obj_new 1.14801 SA_pAcc 1 Delta 0.0481543 SA_r 0.0677197 freedomratio 0.288235
Iter 1000000 pBad 0.828343 T 0.00103332 Obj 1.06497 Rho 0 GRdif 37.0101 success 237085 failure 18041 obj_new 1.06497 SA_pAcc 0.983864 Delta -0.00525788 SA_r 0.0119735 freedomratio 0.28937
Iter 1500000 pBad 0.74539 T 0.000265729 Obj 1.03475 Rho 0 GRdif 20.0836 success 350753 failure 39494 obj_new 1.03475 SA_pAcc 0.955993 Delta 0.0547746 SA_r 0.456714 freedomratio 0.27762
Iter 2000000 pBad 0.65778 T 6.83353e-05 Obj 1.02704 Rho 0 GRdif 15.6862 success 461477 failure 66983 obj_new 1.02704 SA_pAcc 1 Delta -0.00292796 SA_r 0.571247 freedomratio 0.28641
Iter 2500000 pBad 0.519444 T 1.75732e-05 Obj 1.02024 Rho 0 GRdif 11.7798 success 570405 failure 99990 obj_new 1.02024 SA_pAcc 1 Delta 0.0362945 SA_r 0.380138 freedomratio 0.276056
Iter 3000000 pBad 0.408989 T 4.51915e-06 Obj 1.01636 Rho 0 GRdif 9.53919 success 674404 failure 142914 obj_new 1.01636 SA_pAcc 0.759262 Delta -0.00875618 SA_r 0.689411 freedomratio 0.277359
Iter 3500000 pBad 0.243873 T 1.16215e-06 Obj 1.01198 Rho 0 GRdif 7.01708 success 762148 failure 221091 obj_new 1.01201 SA_pAcc 4.9168e-12 Delta -0.000213593 SA_r 0.897134 freedomratio 0.254656
Iter 4000000 pBad 0.201499 T 2.98861e-07 Obj 1.01009 Rho 0 GRdif 5.90237 success 840296 failure 323209 obj_new 1.01009 SA_pAcc 0.889294 Delta 0.00949835 SA_r 0.993428 freedomratio 0.252577
Iter 4500000 pBad 0.102179 T 7.68555e-08 Obj 1.00907 Rho 0 GRdif 5.31111 success 898457 failure 477292 obj_new 1.00907 SA_pAcc 1 Delta -0.00923715 SA_r 0.867477 freedomratio 0.22239
Iter 5000000 pBad 0.0269452 T 1.97643e-08 Obj 1.00873 Rho 0 GRdif 5.11308 success 932838 failure 703857 obj_new 1.00873 SA_pAcc 0.0031224 Delta -0.00188597 SA_r 0.273714 freedomratio 0.192031
Iter 5500000 pBad 0.0143669 T 5.08261e-09 Obj 1.00863 Rho 0 GRdif 5.05197 success 950864 failure 989927 obj_new 1.00863 SA_pAcc 1 Delta 3.4436e-05 SA_r 0.237996 freedomratio 0.177002
Iter 6000000 pBad 0.00712787 T 1.30705e-09 Obj 1.00859 Rho 0 GRdif 5.02957 success 960283 failure 1311686 obj_new 1.00859 SA_pAcc 4.61454e-45 Delta -0.000584857 SA_r 0.769593 freedomratio 0.168433
Iter 6500000 pBad 0.00351713 T 3.36124e-10 Obj 1.00857 Rho 0 GRdif 5.01841 success 966908 failure 1648703 obj_new 1.00857 SA_pAcc 1 Delta 0.000223713 SA_r 0.21832 freedomratio 0.16388
Iter 7000000 pBad 0.00431456 T 8.64381e-11 Obj 1.00856 Rho 0 GRdif 5.01274 success 972179 failure 1997152 obj_new 1.00856 SA_pAcc 3.04587e-72 Delta -0.000277324 SA_r 0.969329 freedomratio 0.159869
Iter 7500000 pBad 0.000816885 T 2.22286e-11 Obj 1.00856 Rho 0 GRdif 5.00898 success 977633 failure 2357569 obj_new 1.00856 SA_pAcc 0 Delta -1.76722e-05 SA_r 0.570656 freedomratio 0.154412
Iter 8000000 pBad 0.00111847 T 5.71633e-12 Obj 1.00855 Rho 0 GRdif 5.0081 success 982653 failure 2729132 obj_new 1.00855 SA_pAcc 0 Delta -6.96819e-05 SA_r 0.874816 freedomratio 0.151429
Iter 8500000 pBad 0.000169444 T 1.47002e-12 Obj 1.00855 Rho 0 GRdif 5.00616 success 988687 failure 3106706 obj_new 1.00855 SA_pAcc 1.71874e-144 Delta 1.03701e-05 SA_r 0.353096 freedomratio 0.149125
Iter 9000000 pBad 9.84666e-21 T 3.78033e-13 Obj 1.00855 Rho 0 GRdif 5.01629 success 996563 failure 3481721 obj_new 1.00857 SA_pAcc 0 Delta -9.53217e-22 SA_r 0.599447 freedomratio 0.142545
Iter 9500000 pBad 1.12594e-107 T 9.72154e-14 Obj 1.00855 Rho 0 GRdif 5.00544 success 996564 failure 3799477 obj_new 1.00855 SA_pAcc 0 Delta -8.65219e-109 SA_r 0.842644 freedomratio 0.142442
Good enough
iter 9.00108e+06 obj1.00855 rho 0 GRdif 5.00543
Training:
Lab Growth Rates:
0.68 0.59 0.47 0.1 0.301 0.53 0.71 0.37 0.5 0.47 0.17 0.6 0.635 0.36 0.39 0.53 0.56 0.5 0.5 0.5 0.4 0.724 0.3 0.54 0.25 0.42 1.345 0.901 0.56 0.686 0.59 0.54 0.3 0.5 0.5 0.617 0.5 1.483 0.53 0.37 0.58 0.5 0.23 0.43 0.65 0.46 0.52 1.248 0.4 0.52 0.42 0.4 0.54 0.54 0.36 0.22 0.33 0.42 0.39 0.1 0.58 0.4 0.52 1.483 0.648 0.42 0.47 0.1 0.45 1.483 0.55 0.52 0.56 1.66 0.33 0.46 0.5 0.5 0.485 0.31 0.4 0.53 0.19 0.54 1.43 0.22 0.4 1.35 1.42 0.54 0.59 0.4 1.03 0.59 0.25 0.56 0.42 0.5 0.23 0.46 0.5 0.56 0.58 0.45 0.43 0.53 0.54 0.4 1.483 0.686 0.09 0.26 0.65 0.42 0.49 0.37 0.59 0.47 0.48 0.34 1.345 0.54 0.54 0.45 0.465 0.762 0.3 0.4 0.5 1.44 0.55 0.46 0.45 0.4 0.4 0.41 0.1 0.901 0.47 0.46 0.48 0.47 1.483 0.481 0.47 0.54 0.51 0.37 0.45 0.27 0.34 0.4 0.58 0.39 0.485 0.46 0.4 0.43 1.345 0.648 0.52 0.37 0.46 0.2 0.52 0.58 0.42 0.43 0.45 0.56 0.58 0.3 0.54 0.56 0.637 0.33 0.4 0.38 0.45 0.43 0.38 0.38 0.4 0.4 0.59 0.53 0.56 0.4 0.481 1.46 0.37 0.55 0.37 0.42 0.54 0.4 0.4 0.32 0.1 0.25 0.42 0.68 0.58 1.46 0.4 0.5 1.248 1.483 0.4 1.05 0.58 0.25 0.41 0.3 0.42 0.65 0.1 0.4 0.37 0.46 0.41 0.54 1.248 0.53 0.4 0.476 0.55 0.25 1.345 0.23 0.46 0.47 0.4 1.345 0.53 0.52 0.59 0.4 0.33 0.52 0.4 0.58 0.46 0.47 0.54 0.26 0.47 0.45 0.47 0.39 0.636 0.59 0.5 0.23 0.52 0.4 0.11 0.762 0.48 0.59 0.45 0.36 0.4 1.05 0.4 0.4 0.46 0.53 0.5 0.55 0.43 0.4 1.67 0.637 0.59 0.51 0.3 0.56 0.54 1.46 0.42 0.3 0.2 0.5 0.33 0.45 0.47 0.53 0.41 0.54 0.46 0.4 0.43 0.301 0.3 0.47 0.4 0.4 0.54 0.17 0.55 0.54 0.58 0.485 0.47 0.42 0.59 0.47 1.248 0.635 1.05 0.4 0.5 0.4 0.4 0.43 0.4 0.52 1.483 0.724 0.54 0.901 0.33 0.58 0.4 0.59 0.5 0.4 0.4 1.38 0.54 0.5 0.56 1.46 0.45 0.56 0.4 0.49 0.58 1.345 0.36 0.19 0.476 0.43 0.5 1.43 0.25 0.39 0.46 0.3 0.47 0.377 0.37 0.1 0.37 0.4 0.6 0.68 0.4 0.3 0.65 0.48 0.4 0.39 0.5 0.32 0.68 0.31 0.37 0.485 0.65 0.59 0.45 0.901 0.648 0.56 0.41 0.17 0.3 0.4 0.23 0.37 1.345 0.46 0.43 1.4 0.5 0.5 0.38 0.4 0.5 1.483 0.43 0.47 0.22 0.52 0.6 0.47 0.65 0.54 0.55 0.686 0.4 0.635 0.45 0.23 0.53 0.27 0.37 0.48 0.25 0.762 0.47 0.14 0.22 1.66 0.25 0.46 0.4 0.36 0.54 0.4 0.65 0.41 0.55 0.27 1.05 0.1 0.45 0.377 0.19 0.56 0.47 0.3 0.58 0.46 0.48 0.68 0.56 0.34 0.4 0.47 0.23 0.48 0.41 1.67 0.32 0.2 0.65 0.36 0.56 0.22 0.54 0.27 0.42 0.637 0.5 0.55 0.47 0.71 0.54 0.4 0.22 0.46 0.53 0.56 0.7 0.7 0.42 0.53 0.56 1.345 1.345 0.4 0.47 0.55 0.45 0.37 0.636 0.09 0.54 0.14 0.48 0.58 0.71 0.38 0.42 0.59 0.22 1.483 0.45 0.724 0.52 0.4 0.42 0.465 0.54 0.47 0.4 0.11 0.33 0.37 0.37 0.31 1.483 0.49 0.45 0.53 0.5 1.345 0.41 0.58 0.33 1.483 0.5 0.59 0.481 0.36 0.36 1.248 0.46 0.11 0.46 0.5 1.483 0.5 0.58 0.59 0.5 0.1 0.27 0.7 0.23 0.55 0.4 0.56 1.345 0.45 0.636 0.09 0.5 0.4 0.3 1.05 0.4 0.4 0.7 0.46 0.65 0.58 0.762 0.4 0.301 0.4 0.58 0.5 0.54 0.476 0.3 0.54 0.42 0.901 0.4 0.58 0.53 0.26 0.23 0.58 0.48 0.58 0.27 0.45 1.49 0.465 0.5 0.41 0.43 1.345 0.55 0.22 0.46 0.36 0.42 0.377 0.33 0.901 0.51 0.4
Dot Production Prediction of Lab Growth Rates:
0.465122 0.31901 0.347632 1.61822 0.521607 0.42001 0.68026 0.41924 0.434889 0.390758 0.42321 0.566017 0.677873 0.36065 0.30542 0.540373 0.543811 0.483553 0.367463 0.385212 0.400049 0.686795 0.572889 0.457336 0.370375 0.571996 1.27258 0.90413 0.535496 0.684609 0.549393 0.390392 0.256353 0.326549 0.475991 0.628425 0.316038 1.24678 0.470585 0.405652 0.477986 0.544412 0.540912 0.388175 0.649814 0.321203 0.370612 0.830258 0.408212 0.400996 0.296802 0.407012 0.376926 0.337322 0.420241 0.359924 0.52186 0.338612 0.291686 0.857174 0.470118 0.411019 0.388278 1.20689 0.666014 0.399533 0.353782 1.70822 0.339576 1.21323 0.546626 0.363712 0.543713 1.50681 0.319555 0.411167 0.59591 0.58953 0.525752 0.599423 0.415304 0.385484 0.307788 0.377884 1.27142 0.472204 0.403091 1.13077 1.52462 0.374973 0.323668 0.408981 1.28385 0.375389 0.527234 0.47368 0.298745 0.542671 0.5394 0.360308 0.597734 0.546441 0.478068 0.305772 0.36987 0.266657 0.461728 0.381146 1.26763 0.682133 0.390598 0.38641 0.650654 0.321076 0.384843 0.288932 0.322912 0.29851 0.296623 0.318524 1.2536 0.372234 0.391985 0.415946 0.522198 0.770539 0.506163 0.410146 0.342347 1.52975 0.54675 0.445294 0.355738 0.401904 0.394462 0.371614 0.451047 0.901033 0.36855 0.546739 0.33228 0.348718 1.2153 0.516081 0.348955 0.548861 0.4335 0.398784 0.377051 0.384349 0.30035 0.400931 0.362288 0.310652 0.514573 0.464709 0.405687 0.400118 1.28395 0.670385 0.356514 0.419541 0.360807 0.392122 0.396721 0.479884 0.582999 0.355436 1.44095 0.54718 0.472864 0.247223 0.389429 0.545931 0.674811 0.366165 0.407005 0.296458 1.46851 0.349481 0.306593 0.380086 0.410991 0.395234 0.299431 0.530223 0.548183 0.398718 0.516631 1.46352 0.405793 0.557334 0.413205 0.315498 0.537038 0.396714 0.409643 0.299864 0.347154 0.366663 0.357781 0.467541 0.478752 1.04543 0.397058 0.39392 0.838547 1.2118 0.410859 1.05275 0.454115 1.4916 0.406847 0.53489 0.320017 0.661513 1.3451 0.401475 0.412534 0.459751 0.517193 0.453364 0.83224 0.419855 0.385568 0.524353 0.466779 0.299148 1.26359 0.546295 0.468464 0.410161 0.394338 1.20977 0.322906 0.36887 0.551412 0.409631 0.338411 0.393576 0.39853 0.384805 0.450686 0.42352 0.531591 0.471355 0.374794 0.410842 0.373742 0.333199 0.677273 0.332345 0.696681 0.537991 0.346503 0.397537 0.340822 0.773016 0.340752 0.553152 1.44826 0.387348 0.403246 1.05007 0.403076 0.409273 0.424836 0.55136 0.550082 0.551629 0.447469 0.40684 1.50812 0.672331 0.316421 0.402809 0.372924 0.538105 0.55372 1.02381 0.354044 0.402845 0.388781 0.699733 0.456055 1.47503 0.379912 0.532382 0.521931 0.344063 0.286553 0.391174 0.449263 0.51923 0.536897 0.466185 0.404249 0.407927 0.456857 0.315484 0.456036 0.369811 0.338463 0.524751 0.362641 0.348981 0.552501 0.424764 0.82873 0.671737 1.42204 0.407707 0.636075 0.394698 0.405231 0.376512 0.31759 0.37264 1.26741 0.684194 0.536951 0.793415 0.301128 0.47705 0.406295 0.548433 0.474385 0.404714 0.401067 1.28704 0.391711 0.319617 0.534248 1.03455 0.388908 0.472006 0.391108 0.399419 0.391521 1.21174 0.424401 0.31681 0.525199 0.431761 0.480147 1.26125 0.848888 0.324422 0.460056 0.601154 0.475202 0.52121 0.450239 1.35206 0.420809 0.404954 0.579047 0.460949 0.406567 0.249432 0.650001 0.331689 0.404532 0.296757 0.71133 0.350601 0.462662 0.602777 0.416448 0.513215 0.620519 0.357874 0.356123 0.905668 0.670657 0.476707 0.315028 0.31025 0.597069 0.406049 0.424118 0.40288 1.23211 0.563646 0.410177 1.4001 0.342287 0.721911 0.300547 0.383395 0.330429 1.25207 0.352325 0.387066 0.475024 0.381442 0.562361 0.367598 0.641238 0.363067 0.556989 0.685194 0.386225 0.67816 0.348809 0.425483 0.363262 0.337976 0.409729 0.280061 0.496471 0.757632 0.474558 0.368499 0.396428 1.53395 0.371912 0.339037 0.406173 0.337626 0.541836 0.398948 0.674111 0.375684 0.438711 0.599922 1.03818 1.42137 0.366298 0.519999 0.308038 0.472048 0.396066 0.446715 0.472281 0.470417 0.280278 0.463327 0.541209 0.336997 0.379909 0.35024 0.545681 0.275002 0.40011 1.38958 0.3226 0.364195 0.669032 0.341366 0.546284 0.444317 0.29886 0.374965 0.370984 0.667697 0.613454 0.548558 0.436338 0.688516 0.447599 0.409212 0.476652 0.295031 0.535852 0.54417 0.751908 0.743299 0.58893 0.325013 0.47119 1.24284 1.30141 0.404986 0.351428 0.460734 1.54277 0.431179 0.688671 0.347693 0.463599 0.368266 0.306365 0.472287 0.682147 0.38142 0.341677 0.551745 0.480131 1.21453 0.318649 0.689929 0.359329 0.400179 0.370232 0.528616 0.537072 0.425562 0.401133 0.388716 0.357905 0.564931 0.418589 0.590662 1.22783 0.378181 0.404389 0.53326 0.532071 1.23898 0.522341 0.281332 0.307347 1.22522 0.677123 0.2929 0.521232 0.354377 0.361537 0.827975 0.524439 0.373662 0.43912 0.530116 1.18887 0.320419 0.33587 0.550037 0.482543 0.459725 0.270068 0.744353 0.425629 0.461053 0.405884 0.471277 1.25434 1.50272 0.683595 0.460387 0.685489 0.406999 0.329908 1.05014 0.38986 0.387054 0.741012 0.45197 0.637237 0.47327 0.764 0.397303 0.517081 0.396369 0.318272 0.371215 0.368955 0.528924 0.547067 0.288391 0.331713 0.901043 0.406418 0.375022 0.534323 0.586147 0.546685 0.474565 0.346127 0.364951 0.368429 1.5368 1.5368 0.52812 0.475991 0.359257 0.417221 1.21725 0.462664 0.467731 0.393616 0.339334 0.288057 0.524228 0.486254 0.933981 0.415648 0.326936
Testing:
Lab Growth Rates:
0.6
Dot Production Prediction of Lab Growth Rates:
0.595726
Best performance so far: 
Obj: 4.64818e-310Rho: 6.5069e-314Diff: 4.64818e-310
Test:
 Lab Growth Rates:
0.6Dot Product Prediction of Growth Rate:
0.5957258