seed =  5 traits =  1 
Training: part  156 
Training: part  156 
Round  1 
 Goal of obj  0.99 
Temperature range:  0.00390625 1.5625e-14 
Cycle 1Round 1
Iter 500000 pBad 0.858334 T 0.00105163 Obj 1.09039 Rho 0 GRdif 50.7109 success 146189 failure 10432 obj_new 1.09039 SA_pAcc 0.990517 Delta 0.00418088 SA_r 0.783386 freedomratio 0.361952
Iter 1000000 pBad 0.766904 T 0.000283118 Obj 1.03571 Rho 0 GRdif 20.5591 success 288571 failure 30245 obj_new 1.03571 SA_pAcc 1.03618 Delta -0.00954726 SA_r 0.48162 freedomratio 0.365565
Iter 1500000 pBad 0.663726 T 7.62202e-05 Obj 1.02579 Rho 0 GRdif 14.9214 success 428222 failure 55517 obj_new 1.02579 SA_pAcc 1.37555 Delta -0.0266279 SA_r 0.64207 freedomratio 0.364428
Iter 2000000 pBad 0.545802 T 2.05198e-05 Obj 1.01754 Rho 0 GRdif 10.2188 success 566131 failure 85360 obj_new 1.01759 SA_pAcc 0.0926765 Delta 2.57065e-05 SA_r 0.28334 freedomratio 0.370417
Iter 2500000 pBad 0.407664 T 5.52429e-06 Obj 1.01354 Rho 0 GRdif 7.87907 success 695957 failure 129916 obj_new 1.01354 SA_pAcc 1.37645 Delta -0.0155871 SA_r 0.346962 freedomratio 0.351741
Iter 3000000 pBad 0.261114 T 1.48723e-06 Obj 1.0095 Rho 0 GRdif 5.5401 success 808947 failure 207553 obj_new 1.0095 SA_pAcc 0.41046 Delta -0.0201794 SA_r 0.224254 freedomratio 0.34229
Iter 3500000 pBad 0.150315 T 4.00389e-07 Obj 1.00864 Rho 0 GRdif 5.03959 success 896636 failure 336501 obj_new 1.00864 SA_pAcc 1 Delta -0.00879815 SA_r 0.456216 freedomratio 0.313369
Iter 4000000 pBad 0.0708062 T 1.07792e-07 Obj 1.00818 Rho 0 GRdif 4.77524 success 952955 failure 535444 obj_new 1.00818 SA_pAcc 9.94751e-07 Delta 0.0015498 SA_r 0.344714 freedomratio 0.267214
Iter 4500000 pBad 0.0279047 T 2.90194e-08 Obj 1.00807 Rho 0 GRdif 4.72467 success 982758 failure 806805 obj_new 1.0081 SA_pAcc 0 Delta -0.00139792 SA_r 0.638695 freedomratio 0.240066
Iter 5000000 pBad 0.0128295 T 7.81252e-09 Obj 1.00802 Rho 0 GRdif 4.68157 success 999477 failure 1122850 obj_new 1.00802 SA_pAcc 4.12467e-08 Delta -1.18069e-05 SA_r 0.747985 freedomratio 0.216876
Iter 5500000 pBad 0.00691611 T 2.10327e-09 Obj 1.00801 Rho 0 GRdif 4.67467 success 1008119 failure 1467019 obj_new 1.00801 SA_pAcc 3.05125e-108 Delta -0.000104603 SA_r 0.787873 freedomratio 0.207214
Iter 6000000 pBad 0.0028793 T 5.66236e-10 Obj 1.008 Rho 0 GRdif 4.67147 success 1013028 failure 1828230 obj_new 1.008 SA_pAcc 1 Delta 0.000180323 SA_r 0.506392 freedomratio 0.20186
Iter 6500000 pBad 0.00262462 T 1.5244e-10 Obj 1.008 Rho 0 GRdif 4.66996 success 1016594 failure 2195954 obj_new 1.008 SA_pAcc 1 Delta -8.85829e-06 SA_r 0.870141 freedomratio 0.199795
Iter 7000000 pBad 0.00188149 T 4.10396e-11 Obj 1.008 Rho 0 GRdif 4.66907 success 1018696 failure 2568363 obj_new 1.008 SA_pAcc 1 Delta -8.62496e-05 SA_r 0.0274103 freedomratio 0.198375
Iter 7500000 pBad 0.00113562 T 1.10486e-11 Obj 1.008 Rho 0 GRdif 4.75933 success 1020109 failure 2943587 obj_new 1.00815 SA_pAcc 0 Delta 7.37421e-05 SA_r 0.0820923 freedomratio 0.196578
Iter 8000000 pBad 0.000219592 T 2.97447e-12 Obj 1.008 Rho 0 GRdif 4.67036 success 1021391 failure 3322287 obj_new 1.008 SA_pAcc 0 Delta 6.96149e-06 SA_r 0.345922 freedomratio 0.193527
Iter 8500000 pBad 0.000351124 T 8.00778e-13 Obj 1.008 Rho 0 GRdif 4.66819 success 1024146 failure 3698320 obj_new 1.008 SA_pAcc 0 Delta -2.63648e-05 SA_r 0.362715 freedomratio 0.191316
Iter 9000000 pBad 1.2367e-70 T 2.15583e-13 Obj 1.008 Rho 0 GRdif 4.66813 success 1028292 failure 4005691 obj_new 1.008 SA_pAcc 1 Delta 3.74415e-73 SA_r 0.773321 freedomratio 0.180697
Iter 9500000 pBad 7.53208e-193 T 5.80388e-14 Obj 1.008 Rho 0 GRdif 4.66996 success 1028292 failure 4300216 obj_new 1.008 SA_pAcc 0 Delta 5.52643e-194 SA_r 0.71219 freedomratio 0.170845
Iter 10000000 pBad 2.00559e-224 T 1.5625e-14 Obj 1.008 Rho 0 GRdif 4.66888 success 1028292 failure 4610087 obj_new 1.008 SA_pAcc 0 Delta 1.53221e-225 SA_r 0.305004 freedomratio 0.085286
Cannot move further
iter 8.78901e+06 obj1.008 rho 0 GRdif 4.66813
Training:
Lab Growth Rates:
0.43 0.32 0.19 0.377 0.45 0.6 0.45 0.56 0.23 0.55 0.43 0.6 0.41 0.42 0.1 0.54 0.43 0.11 0.465 0.54 0.41 0.5 0.22 0.42 0.4 0.5 0.4 0.68 0.4 0.37 0.41 0.58 0.637 0.65 0.59 0.65 1.483 0.42 0.47 1.67 0.46 0.42 1.46 0.481 0.41 0.4 1.483 1.483 0.52 0.54 1.46 0.56 0.36 0.636 0.58 0.27 0.46 0.6 0.23 0.42 0.46 0.42 1.345 0.56 0.45 0.52 0.54 0.4 0.33 0.377 0.55 0.52 0.55 0.58 0.37 0.58 0.4 0.41 0.54 0.1 0.43 0.58 0.5 1.483 0.4 0.68 0.48 0.59 0.25 0.56 0.36 0.41 0.3 0.45 0.5 1.248 1.43 0.31 0.43 0.38 0.5 0.1 1.05 0.42 0.37 0.36 0.59 0.4 0.65 0.46 0.46 0.45 0.36 1.43 0.36 0.5 0.4 0.53 0.6 0.686 0.53 0.42 0.56 0.39 0.4 0.3 0.4 0.55 0.45 0.3 0.42 0.54 0.36 0.37 0.58 0.1 0.46 0.09 0.65 0.23 0.33 0.43 0.301 0.5 1.345 1.483 0.45 0.36 0.54 0.19 0.4 0.47 0.46 0.32 0.65 0.27 0.58 1.483 0.39 0.59 0.54 0.39 0.54 0.17 0.23 0.45 0.4 1.248 0.54 0.53 1.05 0.377 1.483 1.05 1.483 0.4 0.25 0.41 0.5 1.38 1.248 0.37 0.58 0.43 0.47 0.46 0.45 0.648 0.25 0.58 0.58 0.25 0.17 0.51 0.901 0.43 0.4 0.1 0.45 0.54 0.54 0.36 0.42 0.27 0.5 0.3 1.05 0.762 0.4 0.637 0.19 0.46 0.46 0.33 0.46 0.485 0.54 0.54 0.46 0.37 0.1 0.51 0.4 0.5 0.42 0.33 0.59 0.33 0.59 0.47 0.485 0.09 0.53 0.301 0.47 1.345 0.49 0.45 0.53 1.46 0.48 0.4 0.65 0.39 0.58 0.3 0.3 0.47 0.25 0.47 0.762 0.4 0.4 0.4 0.33 1.05 0.59 0.48 0.56 0.4 0.635 1.4 0.43 0.47 0.36 0.55 0.4 0.46 0.27 0.4 0.648 0.3 0.4 0.53 0.476 0.47 0.4 0.47 0.4 0.5 0.476 0.42 0.5 1.44 0.7 0.27 0.5 0.5 1.483 0.47 0.5 0.37 0.31 0.45 0.42 0.2 0.23 0.45 0.53 0.58 0.48 0.14 0.58 0.7 0.46 0.22 0.4 0.41 0.54 0.3 0.25 0.686 1.345 0.47 1.248 0.46 0.5 0.47 0.636 0.5 0.724 0.59 0.53 0.46 0.42 0.901 0.38 0.4 0.37 0.46 0.47 0.37 0.65 0.59 0.68 0.25 0.58 0.37 0.43 0.5 1.345 0.23 0.45 0.53 0.59 0.39 0.45 0.52 0.4 0.4 0.58 0.38 1.483 0.4 0.4 1.345 0.1 0.47 0.23 0.65 0.46 0.4 0.4 0.2 0.3 0.54 0.7 0.56 1.345 0.47 0.26 0.59 0.53 0.59 0.45 1.345 0.635 1.483 0.48 0.58 0.47 0.4 0.58 0.42 0.4 0.901 0.68 0.5 0.43 0.1 1.345 0.648 0.55 0.11 0.33 0.59 0.22 0.5 0.55 0.55 0.27 0.58 0.636 0.4 0.26 0.52 0.56 0.58 0.59 0.4 0.41 1.67 0.5 0.3 0.47 0.56 0.465 0.4 0.5 1.66 0.48 0.4 0.58 0.56 0.38 0.5 0.4 0.55 0.22 0.4 0.47 0.4 0.481 0.4 0.5 0.37 0.4 0.3 0.5 0.762 0.481 0.4 0.31 0.53 0.47 0.4 0.49 0.37 0.54 0.54 0.47 1.345 0.56 0.3 0.71 0.724 0.1 0.56 0.54 1.03 0.52 0.5 0.54 0.25 0.55 0.48 0.476 0.54 0.4 0.47 0.37 0.52 0.7 0.47 0.485 0.465 1.49 0.5 0.54 0.71 0.37 0.48 0.56 0.3 1.66 0.637 0.52 0.38 0.635 0.43 0.52 0.54 0.53 0.901 0.4 0.53 0.901 0.37 0.45 0.33 0.42 0.4 0.2 0.59 0.22 0.4 0.23 0.45 0.55 0.42 0.49 0.5 0.4 0.4 0.56 0.48 0.23 1.35 0.54 0.22 0.09 0.724 0.58 0.4 1.345 0.37 0.4 0.4 0.5 0.5 1.42 0.4 1.248 0.17 0.45 0.54 0.52 0.54 0.39 0.68 0.55 0.5 0.56 0.901 0.32 0.46 1.345 0.617 0.4 0.14 0.46 0.22 0.65 0.26 0.4 0.5 0.52 0.71 0.42 0.4 0.51 0.52 0.4 0.3 1.483 0.53 0.686 0.11 0.59 0.46 0.5 0.301 0.56 1.46 0.47 0.22 0.33 0.56 0.54 0.762 0.485 0.53 0.56 0.5 0.4 0.54
Dot Production Prediction of Lab Growth Rates:
0.331867 0.333136 0.320348 0.464385 1.4567 0.334997 0.347332 0.540826 0.435333 0.548993 0.345861 0.344311 0.354525 0.569048 0.759462 0.388476 0.349946 0.319315 0.47854 0.533265 0.472287 0.551595 0.469522 0.323111 0.393936 0.618684 0.402913 0.513794 0.401529 0.414093 0.368783 0.46651 0.700915 0.680975 0.548907 0.640588 1.03064 0.349908 0.418464 1.41192 0.512741 0.330051 1.61795 0.477277 0.470353 0.395202 1.01005 1.06023 0.330145 0.359315 1.01438 0.535783 0.339944 0.716449 0.347264 0.559396 0.351561 0.344946 0.550341 0.374789 0.409542 0.330831 1.07562 0.478481 0.35516 0.37107 0.450108 0.394148 0.442995 0.468528 0.546124 0.364484 0.550023 0.468169 0.425752 0.473395 0.402542 0.367975 0.543894 0.711211 0.433154 0.463823 0.357338 1.05902 0.399255 0.51016 0.298944 0.380159 0.522072 0.469852 0.337181 0.311961 0.300366 0.343257 0.390719 0.862098 1.34244 0.564698 0.365003 0.347241 0.675818 0.439995 1.05499 0.342009 0.31414 0.321362 0.551159 0.402701 0.669326 0.421208 0.459457 1.47891 0.340726 1.34428 0.397549 0.330813 0.400584 0.295398 0.335394 0.72648 0.396601 0.309186 0.545267 0.342265 0.40012 0.335218 0.327915 0.439795 0.330084 0.321114 0.341474 0.449784 0.386244 0.424834 0.470261 0.847745 0.37696 0.326779 0.646828 0.547395 0.409751 0.446238 0.461799 0.463168 1.06171 1.03625 0.351702 0.360666 0.34984 0.310882 0.397702 0.433718 0.458744 0.307414 0.653062 0.336989 0.353042 1.04958 0.301371 0.365729 0.36262 0.309729 0.537398 0.392839 0.545502 0.373201 0.39906 0.858356 0.371881 0.536714 1.67157 0.468083 1.0276 1.05019 1.03562 0.397574 1.51551 0.365457 0.319057 1.31609 0.866408 0.370746 0.335244 0.387851 0.353195 0.460792 1.47062 0.70511 0.353803 0.348911 0.480581 0.306265 0.317063 0.390146 0.900579 0.417136 0.403021 1.45592 0.374488 0.454309 0.453439 0.340216 0.378823 0.305889 0.315006 0.328074 1.05 0.790344 0.40085 0.700512 0.326374 0.344963 0.447347 0.352321 0.306424 0.472888 0.363616 0.37109 0.473732 0.370807 0.782277 0.391929 0.400077 0.460129 0.557833 0.319094 0.318486 0.344863 0.540779 0.34212 0.477742 0.420168 0.346194 0.465352 0.332552 1.06902 0.371001 0.395232 0.327989 1.02634 0.307341 0.40233 0.65622 0.338192 0.329371 0.333927 0.329335 0.370997 0.756664 0.342086 0.796705 0.402014 0.399686 0.400038 0.318479 1.01735 0.340356 0.345422 0.555472 0.404008 0.707706 1.44426 0.356044 0.394696 0.320679 0.545932 0.401566 0.291377 0.372659 0.401823 0.7014 0.349346 0.398492 0.515279 0.479918 0.335709 0.335068 0.34027 0.392986 0.635071 0.482503 0.337713 0.472433 1.53941 0.650051 0.34581 0.352271 0.544472 1.03928 0.392879 0.467817 0.425849 0.56548 0.332697 0.334953 0.362685 0.544121 1.56759 0.478804 0.472252 0.307167 0.140009 0.45774 0.64817 0.52219 0.461424 0.404472 0.341564 0.305199 0.390966 0.499777 0.720436 1.08188 0.417783 0.861686 0.483758 0.658783 0.414085 0.716441 0.346716 0.718956 0.320084 0.375217 0.318602 0.341498 0.901 0.328537 0.394987 0.411231 0.460016 0.342009 0.52752 0.649998 0.338116 0.515889 0.341974 0.47074 0.427122 0.407071 0.676656 1.05544 0.435667 1.52649 0.537453 0.541639 0.316655 0.319708 0.364108 0.402597 0.400947 0.301281 0.355129 1.04372 0.402518 0.402573 1.04869 0.722834 0.367937 0.436291 0.634249 0.475278 0.398746 0.397026 0.398861 0.302584 0.321368 0.642762 0.539129 1.0133 0.378072 0.449677 0.332214 0.546264 0.551916 1.58678 1.02265 0.71047 1.00878 0.324851 0.462972 0.479713 0.40057 0.350236 0.336354 0.402524 0.824333 0.514966 0.617446 0.39116 0.432678 1.01899 0.707806 0.45293 0.356802 0.327236 0.551904 0.473043 0.313552 0.546443 0.5476 0.362179 0.462864 0.719762 0.397369 0.557817 0.371699 0.536232 0.363463 0.540414 0.403939 0.463697 1.52957 0.467179 0.298828 0.342597 0.475874 0.477843 0.402297 0.322954 1.66 0.309629 0.401509 0.319952 0.463937 0.328252 0.55102 0.398212 0.458077 0.336798 0.398032 0.396018 0.399856 0.476231 0.395076 0.670821 0.410176 0.399976 0.306998 0.374127 0.799758 0.476622 0.390664 0.560536 0.540163 0.330122 0.40294 0.356805 0.392658 0.321787 0.342467 0.457647 1.05105 0.466094 0.286208 0.722448 0.723849 0.361385 0.543054 0.450474 1.3742 0.374812 0.526519 0.395662 0.354475 0.457666 0.330402 0.47968 0.548729 0.39748 0.375366 0.420199 0.386185 0.643919 0.34092 0.47484 0.476859 1.56759 0.329386 0.386572 0.722001 0.413422 0.330413 0.542555 0.351044 1.66 0.704244 0.385834 0.317562 0.710742 0.388832 0.360522 0.35439 0.388628 0.902625 0.404281 0.331837 0.902418 0.421343 0.341049 0.344652 0.345346 0.395951 0.397518 0.314392 0.368669 0.403595 0.54287 0.393218 0.456012 0.316171 0.350067 0.646877 0.394087 0.401779 0.545272 0.327598 0.542442 1.18175 0.54295 0.403608 0.356403 0.720848 0.464975 0.402927 1.09659 0.37544 0.397822 0.405966 0.666515 0.526105 1.55388 0.401953 0.858949 0.316649 1.48353 0.55541 0.345862 0.538324 0.315834 0.517023 0.458522 0.691265 0.466075 0.901704 0.322321 0.419281 1.07236 0.596443 0.392458 0.138184 0.338686 0.472208 0.632951 0.36775 0.401921 0.470343 0.346631 0.716012 0.550473 0.401744 0.36559 0.335984 0.400718 0.361658 1.02677 0.535692 0.725977 0.361264 0.337063 0.438308 0.335913 0.467682 0.545979 1.01921 0.354894 0.464212 0.476246 0.530844 0.44902 0.805323 0.479546 0.536765 0.544268 0.626983 0.401491 0.334983
Testing:
Lab Growth Rates:
0.34 0.34 0.34
Dot Production Prediction of Lab Growth Rates:
0.321402 0.318441 0.32748
Best performance so far: 
Obj: 4.67799e-310Rho: 2.26291e-314Diff: 4.67799e-310
Anneal again with the best G and E so far as input
Cycle 2Round 1
Iter 500000 pBad 0.810728 T 0.00105163 Obj 1.05307 Rho 0 GRdif 30.304 success 107699 failure 11566 obj_new 1.05307 SA_pAcc 1 Delta 0.0388053 SA_r 0.338978 freedomratio 0.254783
Iter 1000000 pBad 0.718596 T 0.000283118 Obj 1.02653 Rho 0 GRdif 15.3415 success 212300 failure 31135 obj_new 1.02653 SA_pAcc 0.969983 Delta 0.00533595 SA_r 0.121522 freedomratio 0.256905
Iter 1500000 pBad 0.613156 T 7.62202e-05 Obj 1.0217 Rho 0 GRdif 12.5821 success 314588 failure 55822 obj_new 1.0217 SA_pAcc 0.799712 Delta 0.0207256 SA_r 0.644076 freedomratio 0.255783
Iter 2000000 pBad 0.577112 T 2.05198e-05 Obj 1.01835 Rho 0 GRdif 10.6595 success 415485 failure 83732 obj_new 1.01836 SA_pAcc 0.884557 Delta 0.0453672 SA_r 0.896017 freedomratio 0.255783
Iter 2500000 pBad 0.408116 T 5.52429e-06 Obj 1.01529 Rho 0 GRdif 8.8926 success 511378 failure 122304 obj_new 1.01529 SA_pAcc 1.16523 Delta -0.00968902 SA_r 0.706229 freedomratio 0.249256
Iter 3000000 pBad 0.249189 T 1.48723e-06 Obj 1.0118 Rho 0 GRdif 6.9588 success 590043 failure 199008 obj_new 1.01195 SA_pAcc 9.18775e-43 Delta -0.0222352 SA_r 0.209805 freedomratio 0.236195
Iter 3500000 pBad 0.199528 T 4.00389e-07 Obj 1.01001 Rho 0 GRdif 5.83716 success 662802 failure 293088 obj_new 1.01001 SA_pAcc 1 Delta -0.0104511 SA_r 0.0185801 freedomratio 0.228906
Iter 4000000 pBad 0.0870045 T 1.07792e-07 Obj 1.00894 Rho 0 GRdif 5.22915 success 718916 failure 435879 obj_new 1.00896 SA_pAcc 4.18909e-100 Delta -0.00279696 SA_r 0.400279 freedomratio 0.203897
Iter 4500000 pBad 0.0362912 T 2.90194e-08 Obj 1.00858 Rho 0 GRdif 5.00818 success 752150 failure 650138 obj_new 1.00858 SA_pAcc 1 Delta -0.0011662 SA_r 0.323114 freedomratio 0.177522
Iter 5000000 pBad 0.0108213 T 7.81252e-09 Obj 1.00848 Rho 0 GRdif 4.95126 success 769758 failure 924697 obj_new 1.00849 SA_pAcc 4.57382e-08 Delta 0.000311646 SA_r 0.273219 freedomratio 0.164284
Iter 5500000 pBad 0.0116277 T 2.10327e-09 Obj 1.00845 Rho 0 GRdif 4.93046 success 780538 failure 1233402 obj_new 1.00845 SA_pAcc 0 Delta -0.000247898 SA_r 0.547572 freedomratio 0.156936
Iter 6000000 pBad 0.00468838 T 5.66236e-10 Obj 1.00843 Rho 0 GRdif 4.91747 success 787756 failure 1562341 obj_new 1.00843 SA_pAcc 1 Delta -0.000257244 SA_r 0.713414 freedomratio 0.151932
Iter 6500000 pBad 0.0014593 T 1.5244e-10 Obj 1.00842 Rho 0 GRdif 5.31506 success 793263 failure 1904178 obj_new 1.00911 SA_pAcc 0 Delta 6.84968e-05 SA_r 0.716096 freedomratio 0.147942
Iter 7000000 pBad 0.00143283 T 4.10396e-11 Obj 1.00841 Rho 0 GRdif 4.90952 success 797127 failure 2255664 obj_new 1.00841 SA_pAcc 1.27973e-08 Delta -2.86404e-05 SA_r 0.0487635 freedomratio 0.145157
Iter 7500000 pBad 0.00119286 T 1.10486e-11 Obj 1.00841 Rho 0 GRdif 4.90779 success 802104 failure 2615341 obj_new 1.00841 SA_pAcc 2.76899e-151 Delta -6.13662e-05 SA_r 0.898759 freedomratio 0.141786
Iter 8000000 pBad 0.000310013 T 2.97447e-12 Obj 1.00841 Rho 0 GRdif 4.91178 success 806959 failure 2983716 obj_new 1.00842 SA_pAcc 0 Delta 1.1284e-05 SA_r 0.614818 freedomratio 0.140292
Iter 8500000 pBad 0.000256331 T 8.00778e-13 Obj 1.00841 Rho 0 GRdif 4.90648 success 811957 failure 3355232 obj_new 1.00841 SA_pAcc 0 Delta 2.46506e-05 SA_r 0.0745682 freedomratio 0.138534
Iter 9000000 pBad 1.94083e-77 T 2.15583e-13 Obj 1.00841 Rho 0 GRdif 4.9065 success 812784 failure 3672716 obj_new 1.00841 SA_pAcc 0 Delta 1.94982e-79 SA_r 0.680279 freedomratio 0.133607
Iter 9500000 pBad 0 T 5.80388e-14 Obj 1.00841 Rho 0 GRdif 4.921 success 812784 failure 3986818 obj_new 1.00843 SA_pAcc 0 Delta -0 SA_r 0.4938 freedomratio 0.0990367
Good enough
iter 8.56625e+06 obj1.00841 rho 0 GRdif 4.90621
Training:
Lab Growth Rates:
0.43 0.32 0.19 0.377 0.45 0.6 0.45 0.56 0.23 0.55 0.43 0.6 0.41 0.42 0.1 0.54 0.43 0.11 0.465 0.54 0.41 0.5 0.22 0.42 0.4 0.5 0.4 0.68 0.4 0.37 0.41 0.58 0.637 0.65 0.59 0.65 1.483 0.42 0.47 1.67 0.46 0.42 1.46 0.481 0.41 0.4 1.483 1.483 0.52 0.54 1.46 0.56 0.36 0.636 0.58 0.27 0.46 0.6 0.23 0.42 0.46 0.42 1.345 0.56 0.45 0.52 0.54 0.4 0.33 0.377 0.55 0.52 0.55 0.58 0.37 0.58 0.4 0.41 0.54 0.1 0.43 0.58 0.5 1.483 0.4 0.68 0.48 0.59 0.25 0.56 0.36 0.41 0.3 0.45 0.5 1.248 1.43 0.31 0.43 0.38 0.5 0.1 1.05 0.42 0.37 0.36 0.59 0.4 0.65 0.46 0.46 0.45 0.36 1.43 0.36 0.5 0.4 0.53 0.6 0.686 0.53 0.42 0.56 0.39 0.4 0.3 0.4 0.55 0.45 0.3 0.42 0.54 0.36 0.37 0.58 0.1 0.46 0.09 0.65 0.23 0.33 0.43 0.301 0.5 1.345 1.483 0.45 0.36 0.54 0.19 0.4 0.47 0.46 0.32 0.65 0.27 0.58 1.483 0.39 0.59 0.54 0.39 0.54 0.17 0.23 0.45 0.4 1.248 0.54 0.53 1.05 0.377 1.483 1.05 1.483 0.4 0.25 0.41 0.5 1.38 1.248 0.37 0.58 0.43 0.47 0.46 0.45 0.648 0.25 0.58 0.58 0.25 0.17 0.51 0.901 0.43 0.4 0.1 0.45 0.54 0.54 0.36 0.42 0.27 0.5 0.3 1.05 0.762 0.4 0.637 0.19 0.46 0.46 0.33 0.46 0.485 0.54 0.54 0.46 0.37 0.1 0.51 0.4 0.5 0.42 0.33 0.59 0.33 0.59 0.47 0.485 0.09 0.53 0.301 0.47 1.345 0.49 0.45 0.53 1.46 0.48 0.4 0.65 0.39 0.58 0.3 0.3 0.47 0.25 0.47 0.762 0.4 0.4 0.4 0.33 1.05 0.59 0.48 0.56 0.4 0.635 1.4 0.43 0.47 0.36 0.55 0.4 0.46 0.27 0.4 0.648 0.3 0.4 0.53 0.476 0.47 0.4 0.47 0.4 0.5 0.476 0.42 0.5 1.44 0.7 0.27 0.5 0.5 1.483 0.47 0.5 0.37 0.31 0.45 0.42 0.2 0.23 0.45 0.53 0.58 0.48 0.14 0.58 0.7 0.46 0.22 0.4 0.41 0.54 0.3 0.25 0.686 1.345 0.47 1.248 0.46 0.5 0.47 0.636 0.5 0.724 0.59 0.53 0.46 0.42 0.901 0.38 0.4 0.37 0.46 0.47 0.37 0.65 0.59 0.68 0.25 0.58 0.37 0.43 0.5 1.345 0.23 0.45 0.53 0.59 0.39 0.45 0.52 0.4 0.4 0.58 0.38 1.483 0.4 0.4 1.345 0.1 0.47 0.23 0.65 0.46 0.4 0.4 0.2 0.3 0.54 0.7 0.56 1.345 0.47 0.26 0.59 0.53 0.59 0.45 1.345 0.635 1.483 0.48 0.58 0.47 0.4 0.58 0.42 0.4 0.901 0.68 0.5 0.43 0.1 1.345 0.648 0.55 0.11 0.33 0.59 0.22 0.5 0.55 0.55 0.27 0.58 0.636 0.4 0.26 0.52 0.56 0.58 0.59 0.4 0.41 1.67 0.5 0.3 0.47 0.56 0.465 0.4 0.5 1.66 0.48 0.4 0.58 0.56 0.38 0.5 0.4 0.55 0.22 0.4 0.47 0.4 0.481 0.4 0.5 0.37 0.4 0.3 0.5 0.762 0.481 0.4 0.31 0.53 0.47 0.4 0.49 0.37 0.54 0.54 0.47 1.345 0.56 0.3 0.71 0.724 0.1 0.56 0.54 1.03 0.52 0.5 0.54 0.25 0.55 0.48 0.476 0.54 0.4 0.47 0.37 0.52 0.7 0.47 0.485 0.465 1.49 0.5 0.54 0.71 0.37 0.48 0.56 0.3 1.66 0.637 0.52 0.38 0.635 0.43 0.52 0.54 0.53 0.901 0.4 0.53 0.901 0.37 0.45 0.33 0.42 0.4 0.2 0.59 0.22 0.4 0.23 0.45 0.55 0.42 0.49 0.5 0.4 0.4 0.56 0.48 0.23 1.35 0.54 0.22 0.09 0.724 0.58 0.4 1.345 0.37 0.4 0.4 0.5 0.5 1.42 0.4 1.248 0.17 0.45 0.54 0.52 0.54 0.39 0.68 0.55 0.5 0.56 0.901 0.32 0.46 1.345 0.617 0.4 0.14 0.46 0.22 0.65 0.26 0.4 0.5 0.52 0.71 0.42 0.4 0.51 0.52 0.4 0.3 1.483 0.53 0.686 0.11 0.59 0.46 0.5 0.301 0.56 1.46 0.47 0.22 0.33 0.56 0.54 0.762 0.485 0.53 0.56 0.5 0.4 0.54
Dot Production Prediction of Lab Growth Rates:
0.341881 0.342428 0.306908 0.505032 1.44969 0.418229 0.371056 0.556933 0.396576 0.561311 0.343456 0.432649 0.367982 0.63184 0.893311 0.388657 0.362132 0.331911 0.509031 0.543136 0.50726 0.538467 0.464153 0.315332 0.398407 0.619459 0.402575 0.314688 0.40108 0.389832 0.38629 0.48062 0.708088 0.655262 0.545106 0.647422 1.14352 0.353405 0.400857 1.29637 0.523412 0.319317 1.28634 0.501831 0.507689 0.399993 1.15383 1.19627 0.352467 0.400823 1.05876 0.534748 0.344713 0.714534 0.370245 0.599321 0.351528 0.418472 0.534256 0.391786 0.420126 0.334922 1.22787 0.474354 0.376696 0.369346 0.46623 0.396461 0.446012 0.500213 0.535495 0.366897 0.541271 0.480391 0.40289 0.479517 0.399489 0.376516 0.536908 0.79627 0.435472 0.472675 0.375962 1.26081 0.400001 0.313735 0.316535 0.362379 0.578075 0.475035 0.326269 0.331058 0.359978 0.372631 0.438018 0.868008 0.814665 0.586786 0.355856 0.380009 0.674512 0.469518 1.05874 0.347884 0.306902 0.333025 0.543432 0.402958 0.650417 0.446578 0.460005 1.48931 0.355791 0.809636 0.395181 0.341035 0.396902 0.296902 0.437682 0.718249 0.413723 0.317202 0.532453 0.357232 0.400856 0.351433 0.325694 0.440993 0.341104 0.392842 0.359847 0.447373 0.406124 0.404976 0.466462 0.927041 0.377475 0.342707 0.649941 0.539748 0.413419 0.450687 0.500464 0.470938 1.23416 1.22271 0.35408 0.375836 0.366319 0.312554 0.395533 0.443685 0.455072 0.31906 0.661256 0.350671 0.368091 1.24203 0.320416 0.346081 0.366226 0.298698 0.545259 0.408911 0.534724 0.390648 0.399918 0.860679 0.36394 0.524916 1.26097 0.502896 1.17997 1.05692 1.22072 0.396534 1.51209 0.397362 0.333351 1.2055 0.874629 0.382641 0.330749 0.395101 0.342185 0.473839 1.47914 0.711181 0.360505 0.338803 0.460432 0.304802 0.327122 0.412505 0.901014 0.454216 0.400645 1.48235 0.354507 0.455535 0.468725 0.350344 0.397629 0.306928 0.319704 0.417088 1.05551 0.78967 0.399762 0.712396 0.331569 0.336549 0.449463 0.361271 0.309114 0.500207 0.38415 0.371133 0.466161 0.413649 0.788409 0.412894 0.403368 0.469201 0.605684 0.329898 0.330862 0.33458 0.538897 0.334296 0.508152 0.436775 0.356661 0.503319 0.328791 1.21535 0.38462 0.393537 0.323404 1.04791 0.31882 0.401448 0.655904 0.327377 0.332585 0.402741 0.393896 0.384139 0.783643 0.338007 0.795275 0.403042 0.398789 0.399312 0.322063 1.03274 0.347617 0.323583 0.534586 0.402968 0.709529 1.40001 0.360171 0.398716 0.326776 0.550008 0.402037 0.307145 0.388972 0.401173 0.705958 0.442773 0.395633 0.553277 0.510876 0.335493 0.330406 0.3564 0.392836 0.612484 0.510718 0.354153 0.485155 1.49329 0.668182 0.364817 0.343985 0.544244 1.22798 0.399828 0.481763 0.39744 0.590775 0.346016 0.351397 0.377364 0.531928 1.49949 0.507847 0.468243 0.298559 0.138125 0.456285 0.661691 0.52748 0.468028 0.404162 0.355276 0.300286 0.419734 0.533511 0.714807 1.24311 0.396792 0.865281 0.492779 0.648362 0.414573 0.716143 0.36601 0.716024 0.32793 0.385949 0.336968 0.359506 0.901 0.319347 0.395198 0.41615 0.459413 0.354523 0.540714 0.621113 0.33281 0.317403 0.358402 0.46493 0.402955 0.424397 0.67848 1.23628 0.398637 1.52013 0.533103 0.542894 0.349862 0.347606 0.328451 0.401073 0.397619 0.28667 0.36958 1.18442 0.400338 0.400366 1.20006 0.791602 0.370216 0.3964 0.638751 0.469172 0.39989 0.398241 0.389442 0.362095 0.331053 0.652712 0.551601 1.14721 0.373627 0.460996 0.325379 0.539682 0.545031 1.54412 1.14797 0.710598 1.12662 0.314512 0.470821 0.497577 0.401455 0.379404 0.336187 0.398778 0.824399 0.319135 0.640003 0.390833 0.460511 1.15962 0.711486 0.465049 0.362837 0.319027 0.548581 0.475903 0.31415 0.553572 0.535799 0.388471 0.469142 0.724637 0.395768 0.59215 0.407718 0.549001 0.364749 0.536626 0.402828 0.511616 1.53953 0.482489 0.351577 0.362377 0.479163 0.506128 0.402341 0.329007 1.40266 0.30455 0.40075 0.320635 0.467614 0.315 0.550592 0.399504 0.46124 0.343506 0.396793 0.39279 0.400053 0.506017 0.393355 0.656162 0.384814 0.399697 0.372814 0.397382 0.803726 0.500143 0.392603 0.589003 0.529391 0.349138 0.402262 0.377597 0.40363 0.32871 0.357553 0.491968 1.24189 0.471274 0.339528 0.719738 0.717563 0.384463 0.529391 0.449946 1.19565 0.400093 0.525097 0.396516 0.355086 0.462099 0.360443 0.506416 0.557834 0.399012 0.377176 0.395304 0.411942 0.65278 0.343074 0.501158 0.511572 1.49949 0.327288 0.391124 0.715961 0.387422 0.31468 0.53308 0.431936 1.40153 0.715428 0.38228 0.303096 0.714919 0.413828 0.379903 0.372305 0.420785 0.905688 0.402333 0.318968 0.907097 0.395755 0.347251 0.343269 0.369617 0.400729 0.408987 0.318217 0.380526 0.401948 0.532616 0.437799 0.462674 0.307106 0.357636 0.667316 0.402692 0.398196 0.53309 0.355159 0.524283 0.789148 0.53614 0.413745 0.393669 0.724304 0.479783 0.402438 1.26068 0.403223 0.398445 0.405041 0.676087 0.524424 1.52608 0.400702 0.861054 0.336804 1.48109 0.546291 0.358016 0.536158 0.312187 0.320201 0.461574 0.682826 0.468956 0.900998 0.317636 0.404632 1.25744 0.589889 0.400778 0.140014 0.331204 0.477659 0.628204 0.375739 0.399623 0.473908 0.356253 0.70872 0.598034 0.398932 0.378106 0.336237 0.39809 0.397341 1.17899 0.537526 0.717237 0.375722 0.343887 0.446592 0.361114 0.504181 0.532977 1.05491 0.38605 0.467708 0.497587 0.532828 0.459088 0.813508 0.510103 0.532798 0.533064 0.64106 0.400179 0.341017
Testing:
Lab Growth Rates:
0.34 0.34 0.34
Dot Production Prediction of Lab Growth Rates:
0.29895 0.321694 0.308262
Best performance so far: 
Obj: 4.67799e-310Rho: 6.5069e-314Diff: 4.67799e-310
Test:
 Lab Growth Rates:
0.34 0.34 0.34Dot Product Prediction of Growth Rate:
0.2989501 0.3216935 0.3082621