seed =  5 traits =  1 
Training: part  104 
Training: part  104 
Round  1 
 Goal of obj  0.99 
Temperature range:  0.0078125 1.5625e-15 
Cycle 1Round 1
Iter 500000 pBad 0.867685 T 0.00181068 Obj 1.10769 Rho 0 GRdif 60.1368 success 142461 failure 6424 obj_new 1.10769 SA_pAcc 0.95957 Delta 0.022338 SA_r 0.426916 freedomratio 0.371447
Iter 1000000 pBad 0.774111 T 0.000419657 Obj 1.04832 Rho 0 GRdif 27.7487 success 285443 failure 25154 obj_new 1.04832 SA_pAcc 0.748709 Delta -0.0407436 SA_r 0.702804 freedomratio 0.362515
Iter 1500000 pBad 0.682037 T 9.72626e-05 Obj 1.02746 Rho 0 GRdif 15.9271 success 425307 failure 51014 obj_new 1.02746 SA_pAcc 0.907901 Delta 0.000930433 SA_r 0.118572 freedomratio 0.3675
Iter 2000000 pBad 0.574262 T 2.25423e-05 Obj 1.01992 Rho 0 GRdif 11.5966 success 561575 failure 85068 obj_new 1.01992 SA_pAcc 0.87216 Delta 0.0255411 SA_r 0.475402 freedomratio 0.358974
Iter 2500000 pBad 0.437213 T 5.22455e-06 Obj 1.01595 Rho 0 GRdif 9.30482 success 692034 failure 129064 obj_new 1.01595 SA_pAcc 1 Delta -0.039987 SA_r 0.982964 freedomratio 0.35723
Iter 3000000 pBad 0.298095 T 1.21088e-06 Obj 1.0111 Rho 0 GRdif 6.48817 success 805250 failure 207177 obj_new 1.0111 SA_pAcc 1 Delta 0.0206083 SA_r 0.536393 freedomratio 0.336577
Iter 3500000 pBad 0.129615 T 2.80641e-07 Obj 1.00927 Rho 0 GRdif 5.42696 success 891388 failure 342199 obj_new 1.00927 SA_pAcc 0.105819 Delta -0.00991632 SA_r 0.0615643 freedomratio 0.301538
Iter 4000000 pBad 0.0651763 T 6.50434e-08 Obj 1.00889 Rho 0 GRdif 5.20684 success 943717 failure 552640 obj_new 1.00889 SA_pAcc 1 Delta -0.00079886 SA_r 0.0805056 freedomratio 0.26776
Iter 4500000 pBad 0.0273675 T 1.50749e-08 Obj 1.00879 Rho 0 GRdif 5.14369 success 972265 failure 829977 obj_new 1.00879 SA_pAcc 1 Delta -0.00251431 SA_r 0.0681036 freedomratio 0.228084
Iter 5000000 pBad 0.00915248 T 3.49387e-09 Obj 1.00875 Rho 0 GRdif 5.12358 success 986446 failure 1155067 obj_new 1.00875 SA_pAcc 2.49639e-09 Delta 0.000914818 SA_r 0.216313 freedomratio 0.213121
Iter 5500000 pBad 0.00520114 T 8.09763e-10 Obj 1.00874 Rho 0 GRdif 5.11533 success 994037 failure 1508296 obj_new 1.00874 SA_pAcc 1 Delta -0.000352852 SA_r 0.0933031 freedomratio 0.203039
Iter 6000000 pBad 0.00396136 T 1.87676e-10 Obj 1.00873 Rho 0 GRdif 5.1113 success 998883 failure 1875732 obj_new 1.00873 SA_pAcc 1.17074e-22 Delta -0.000116911 SA_r 0.526087 freedomratio 0.197117
Iter 6500000 pBad 0.0022165 T 4.34971e-11 Obj 1.00873 Rho 0 GRdif 5.10867 success 1001524 failure 2251589 obj_new 1.00873 SA_pAcc 0 Delta 0.000140846 SA_r 0.603458 freedomratio 0.194252
Iter 7000000 pBad 0.000774956 T 1.00812e-11 Obj 1.00872 Rho 0 GRdif 5.10779 success 1003565 failure 2634764 obj_new 1.00872 SA_pAcc 4.46648e-184 Delta 5.54483e-05 SA_r 0.321265 freedomratio 0.19023
Iter 7500000 pBad 0.000484881 T 2.33649e-12 Obj 1.00872 Rho 0 GRdif 5.10808 success 1005816 failure 3022034 obj_new 1.00873 SA_pAcc 0 Delta 4.7929e-05 SA_r 0.715752 freedomratio 0.184326
Iter 8000000 pBad 0.000267551 T 5.41521e-13 Obj 1.00872 Rho 0 GRdif 5.2074 success 1009207 failure 3414369 obj_new 1.0089 SA_pAcc 0 Delta -2.32917e-05 SA_r 0.258436 freedomratio 0.177002
Iter 8500000 pBad 8.20529e-38 T 1.25507e-13 Obj 1.00872 Rho 0 GRdif 5.13871 success 1010533 failure 3765738 obj_new 1.00878 SA_pAcc 0 Delta -8.08503e-40 SA_r 0.617898 freedomratio 0.169209
Iter 9000000 pBad 2.15354e-122 T 2.90883e-14 Obj 1.00872 Rho 0 GRdif 5.10713 success 1010533 failure 4089945 obj_new 1.00872 SA_pAcc 1 Delta 3.75686e-124 SA_r 0.326152 freedomratio 0.167093
Iter 9500000 pBad 0 T 6.74171e-15 Obj 1.00872 Rho 0 GRdif 5.10713 success 1010533 failure 4427719 obj_new 1.00872 SA_pAcc 0 Delta -0 SA_r 0.254106 freedomratio 0.0758025
Iter 10000000 pBad 0 T 1.5625e-15 Obj 1.00872 Rho 0 GRdif 5.11045 success 1010533 failure 4796608 obj_new 1.00873 SA_pAcc 0 Delta -0 SA_r 0.495179 freedomratio 0.0426334
Cannot move further
iter 8.18466e+06 obj1.00872 rho 0 GRdif 5.10713
Training:
Lab Growth Rates:
0.33 0.5 0.41 0.48 0.26 0.33 0.56 0.465 0.37 0.4 0.43 0.5 0.65 0.4 0.48 0.47 0.46 0.48 0.46 0.4 0.53 0.22 0.37 0.23 0.25 0.901 0.53 0.39 0.58 0.39 0.648 0.901 0.37 0.33 0.47 0.43 0.09 0.1 0.724 1.345 0.58 0.4 0.59 0.45 1.345 0.4 0.4 0.58 0.5 0.42 0.485 0.4 0.7 0.54 0.59 0.4 1.03 1.345 0.25 0.58 1.345 0.47 0.4 0.54 0.52 0.45 0.46 0.4 0.45 0.54 0.52 0.54 0.5 0.2 0.637 0.1 0.4 0.58 0.54 0.45 0.55 0.3 0.49 0.41 0.42 1.483 1.43 0.901 0.6 0.23 0.301 0.54 0.65 0.648 0.42 0.41 1.42 0.45 0.4 0.485 0.68 0.43 0.65 0.4 0.65 0.54 0.55 0.3 0.4 1.4 0.3 0.42 0.4 0.36 0.1 0.39 0.58 0.36 0.55 0.56 0.36 0.43 0.6 0.4 0.59 0.5 0.4 0.46 1.345 0.47 1.483 0.52 0.37 0.301 0.4 0.5 0.686 0.4 0.4 0.25 0.43 0.58 0.55 0.54 0.476 0.42 0.45 0.4 0.5 0.26 0.45 0.377 0.56 0.5 0.33 0.43 0.53 1.345 0.42 0.636 0.485 0.22 0.42 0.4 0.26 0.42 1.05 0.4 0.48 0.22 0.46 0.485 0.3 0.56 0.36 0.5 0.46 0.17 1.35 0.22 0.53 0.59 0.5 0.43 0.68 0.36 0.58 0.54 0.41 0.637 0.3 0.901 0.45 0.42 0.5 0.4 0.25 0.1 0.47 0.54 0.46 0.686 0.43 0.58 0.09 0.37 0.4 0.56 0.46 1.46 0.4 0.14 0.5 0.42 0.19 0.47 0.4 0.39 0.23 0.37 1.483 0.59 0.58 0.3 0.45 0.54 0.41 0.43 0.4 0.4 0.55 0.37 0.42 1.483 0.4 0.4 0.3 0.37 0.42 0.54 0.56 0.4 0.47 0.65 0.33 0.4 0.45 0.5 0.5 0.56 0.52 0.5 0.617 1.483 0.635 0.37 0.59 0.54 0.22 0.58 0.47 0.5 1.46 0.23 0.46 0.53 0.68 0.4 0.59 0.3 0.6 0.52 0.59 0.22 0.52 0.54 0.636 0.58 0.42 0.58 0.36 1.05 0.6 0.22 0.5 0.46 0.45 0.762 0.54 0.46 0.47 0.56 0.47 0.762 0.481 0.4 0.11 0.46 0.47 0.48 0.27 0.53 0.32 0.54 0.5 0.45 0.41 0.5 0.56 0.58 0.45 0.39 0.3 0.37 0.46 0.38 0.53 0.4 0.25 0.38 0.4 0.476 0.55 0.59 0.4 0.47 1.483 0.45 0.55 0.5 0.56 0.54 0.636 0.52 0.25 0.3 0.56 0.377 0.46 0.58 0.58 0.37 0.51 0.5 0.301 1.49 0.34 0.4 0.4 0.56 0.58 0.4 0.52 0.53 1.248 0.55 0.56 0.2 0.762 0.25 0.47 0.476 0.5 0.4 0.1 0.36 1.05 0.42 0.56 0.686 0.56 0.54 0.33 0.37 0.901 0.45 0.36 0.4 0.55 0.648 0.22 0.54 0.39 0.53 0.65 0.635 0.47 1.38 1.67 0.7 0.17 0.46 0.59 0.4 0.4 0.4 0.42 0.49 0.41 0.58 0.31 0.465 1.05 0.37 0.3 0.54 0.54 1.248 0.4 0.4 0.56 0.31 1.248 0.481 0.901 0.23 1.345 0.14 0.4 0.58 0.27 0.65 0.53 1.345 0.5 0.71 0.36 0.59 0.23 0.1 0.7 0.762 0.53 0.37 0.47 0.43 0.68 0.53 0.4 1.345 1.44 0.1 0.1 0.51 0.52 0.34 0.33 0.4 0.43 1.66 0.48 0.31 0.4 0.47 0.71 0.42 0.4 0.32 0.27 0.23 1.46 0.27 0.52 0.46 0.46 0.27 0.635 0.3 0.59 0.4 0.65 0.54 0.53 0.34 1.248 0.38 0.54 0.47 0.5 0.5 0.55 0.53 1.483 0.56 0.5 0.47 0.5 0.724 0.53 0.38 1.43 0.5 0.45 0.56 0.46 0.52 1.46 0.43 1.05 0.48 0.47 0.46 0.19 0.32 0.59 1.66 0.637 0.11 0.42 1.483 0.59 0.481 0.42 0.724 0.11 0.4 0.54 0.5 0.51 0.58 0.5 0.4 0.3 0.45 0.37 0.58 0.27 0.4 0.5 0.54 0.41 0.2 0.4 0.48 0.7 0.54 0.37 0.47 1.345 0.41 0.54 1.483 0.59 0.33 0.23 0.4 0.4 1.483 0.25 0.45 0.5 0.4 0.4 0.47 0.55 0.19 0.71 0.65 0.48 1.67 1.248 1.483 1.345 0.23 0.52 0.377 0.47 0.46 0.54 0.59 0.46 0.5 0.68 0.4 0.1 1.345 0.09 0.38 0.465 0.45 1.483 0.47 0.47 0.17 0.5 0.33 0.49 0.55
Dot Production Prediction of Lab Growth Rates:
0.330184 0.544644 0.354498 0.305621 0.452184 0.515781 0.530692 0.468761 0.422631 0.399996 0.391627 0.470253 0.646701 0.318126 0.290324 0.383928 0.430357 0.373329 0.418876 0.402598 0.525999 0.469313 0.386617 0.540018 0.304393 1.16629 0.41854 0.279612 0.34432 0.346162 0.716141 0.900625 0.546372 0.385468 0.383184 0.379388 0.369468 0.769237 0.723969 1.0215 0.389435 0.402122 0.34994 0.342901 0.954551 0.402351 0.399345 0.419315 0.619787 0.409737 0.472488 0.401051 0.701055 0.396095 0.297361 0.402762 1.3818 1.01689 0.354772 0.30832 1.01031 0.359498 0.400734 0.430869 0.389312 0.41168 0.399836 0.399993 1.47643 0.355768 0.375883 0.297564 0.332932 0.41492 0.709588 1.14552 0.40106 0.468256 0.33141 1.53855 0.546848 0.458549 0.419033 0.466 0.343498 1.00612 1.37453 0.901 0.482692 0.439224 0.472104 0.335469 0.62733 0.718801 0.33002 0.394734 1.52698 1.51993 0.400831 0.460789 0.43671 0.364202 0.648843 0.402576 0.637976 0.45351 0.422409 0.297398 0.402565 1.48348 0.41541 0.605035 0.401587 0.372233 0.453273 0.383268 0.470799 0.325757 0.549707 0.535274 0.455617 0.427096 0.490984 0.402811 0.380747 0.555475 0.401962 0.523119 1.00972 0.442853 0.998202 0.387493 0.383064 0.471381 0.396327 0.377882 0.722788 0.401408 0.4006 0.560147 0.410609 0.468744 0.550329 0.429736 0.471855 0.336945 0.358712 0.395109 0.403853 0.562899 0.324674 0.466425 0.52659 0.322251 0.389556 0.396247 0.499869 0.988401 0.339513 0.718807 0.464619 0.466532 0.329666 0.399476 0.344447 0.586891 1.63998 0.401822 0.325617 0.368574 0.478251 0.47153 0.47829 0.477035 0.357611 0.629589 0.325218 0.317176 1.28724 0.454075 0.277267 0.323842 0.476661 0.393064 0.433319 0.331519 0.471137 0.45501 0.400027 0.712178 0.334334 0.90117 0.335745 0.332952 0.392844 0.401643 0.527935 0.364407 0.380288 0.540135 0.459901 0.728419 0.389345 0.470552 0.477788 0.433583 0.398998 0.547717 0.281736 1.59181 0.399393 0.139947 0.546567 0.343811 0.338518 0.406848 0.402835 0.345121 0.440669 0.441749 1.01149 0.545934 0.370826 0.459756 0.388836 0.315854 0.46575 0.431912 0.401547 0.400962 0.439533 0.420344 0.335803 0.977847 0.398125 0.398963 0.309752 0.421376 0.296682 0.433365 0.469036 0.399572 0.48301 0.649888 0.308094 0.399462 0.302766 0.305238 0.354454 0.466798 0.348934 0.537002 0.616998 1.00308 0.718374 0.433498 0.544253 0.392701 0.461363 0.346052 0.34389 0.559471 1.00828 0.535211 0.364177 0.541277 0.429425 0.401238 0.338333 0.376028 0.477042 0.413645 0.54169 0.473609 0.391648 0.395409 0.70776 0.469434 0.371061 0.398722 0.321298 1.05051 0.475851 0.409283 0.634137 0.400577 0.378519 1.34307 0.356936 0.434033 0.351588 0.547827 0.388847 1.35084 0.470918 0.397122 0.339405 0.540258 0.413408 0.318552 0.386443 0.360235 0.341298 0.537145 0.328157 0.338533 0.400327 0.404198 0.548524 0.381999 0.392494 0.310532 0.497729 0.421608 0.46482 0.375108 0.531047 0.400538 0.349389 0.320157 0.398379 0.474057 0.441562 0.548937 0.403744 0.385475 0.996643 1.46007 0.546809 0.53417 0.547437 0.366455 0.723703 0.412109 1.5102 0.380965 0.533096 0.469164 0.459993 0.466193 0.460205 0.425863 0.44155 0.473981 0.470532 1.53855 0.310978 0.39842 0.403338 0.546797 0.474058 0.401707 0.420513 0.399535 1.23248 0.442567 0.468016 0.337459 1.32003 0.745299 0.462897 0.474855 0.540795 0.401595 1.0822 0.375129 1.04766 0.327498 0.467466 0.727525 0.53404 0.539486 0.486127 0.458513 0.908014 1.47276 0.348162 0.396548 0.544226 0.710488 0.467509 0.403188 0.297557 0.533019 0.65018 0.718681 0.350659 1.3183 1.45859 0.705725 0.336605 0.443587 0.311387 0.400712 0.40203 0.404501 0.301188 0.373438 0.308943 0.469574 0.553192 0.471124 1.05126 0.435126 0.496431 0.420879 0.447324 1.22913 0.401261 0.400196 0.464936 0.559713 1.24444 0.468823 0.896538 0.532578 1.01908 0.140239 0.400331 0.466194 0.283017 0.65955 0.530005 0.999606 0.643269 0.720837 0.433005 0.338985 0.439574 0.446418 0.708381 1.32029 0.328001 0.42266 0.48167 0.430902 0.432809 0.535948 0.402049 1.04052 1.53368 1.30909 1.4109 0.451195 0.356462 0.334932 0.303646 0.394577 0.466044 1.66 0.326843 0.560445 0.402782 0.463231 0.722495 0.325724 0.398154 0.327658 0.595049 0.539367 0.971126 0.340765 0.405961 0.473042 0.300897 0.37746 0.718076 0.424537 0.304608 0.394748 0.684774 0.540683 0.366239 0.307655 1.22985 0.297842 0.542413 0.434095 0.639622 0.371575 0.436404 0.457216 0.981606 0.542651 0.322639 0.434272 0.463769 0.720672 0.531837 0.317693 1.38231 0.543317 1.48278 0.538215 0.456763 0.350976 1.00948 0.391403 0.98303 0.323228 0.351179 0.501609 0.365482 0.290101 0.549722 1.6598 0.709689 0.401989 0.583515 0.988464 0.547206 0.467072 0.340703 0.719621 0.400281 0.398367 0.539964 0.318963 0.417806 0.316688 0.561611 0.399539 0.300094 1.50446 0.289156 0.472388 0.389539 0.396493 0.511386 0.429274 0.365368 0.400994 0.40392 0.292073 0.69771 0.38779 0.420667 0.382353 0.971823 0.458472 0.551018 0.987798 0.540161 0.451554 0.537926 0.4024 0.332883 1.01795 0.338801 0.402743 0.468071 0.400383 0.404744 0.42349 0.54734 0.343177 0.726252 0.670681 0.341811 1.47701 1.233 1.01294 0.99718 0.542272 0.386944 0.467583 0.388939 0.43144 0.385574 0.39297 0.470359 0.467281 0.435578 0.404081 1.0603 1.02885 0.340884 0.361371 0.470035 0.419954 0.980244 0.343427 0.396726 0.46363 0.60436 0.378913 0.373849 0.42938
Testing:
Lab Growth Rates:
0.3
Dot Production Prediction of Lab Growth Rates:
0.459718
Best performance so far: 
Obj: 4.64818e-310Rho: 2.26291e-314Diff: 4.64818e-310
Anneal again with the best G and E so far as input
Cycle 2Round 1
Iter 500000 pBad 0.831235 T 0.00181068 Obj 1.1048 Rho 0 GRdif 58.6044 success 115415 failure 8082 obj_new 1.1048 SA_pAcc 1.22956 Delta -0.0724289 SA_r 0.748779 freedomratio 0.274126
Iter 1000000 pBad 0.743681 T 0.000419657 Obj 1.0472 Rho 0 GRdif 27.117 success 227288 failure 25087 obj_new 1.0472 SA_pAcc 0.763082 Delta 0.0490969 SA_r 0.00650947 freedomratio 0.276836
Iter 1500000 pBad 0.645307 T 9.72626e-05 Obj 1.02734 Rho 0 GRdif 15.8576 success 335666 failure 50189 obj_new 1.02734 SA_pAcc 0.836449 Delta 0.0607111 SA_r 0.791906 freedomratio 0.273998
Iter 2000000 pBad 0.602027 T 2.25423e-05 Obj 1.02137 Rho 0 GRdif 12.4356 success 441544 failure 82496 obj_new 1.02137 SA_pAcc 1 Delta -0.000274458 SA_r 0.943245 freedomratio 0.271343
Iter 2500000 pBad 0.380081 T 5.22455e-06 Obj 1.01706 Rho 0 GRdif 9.94837 success 542466 failure 125183 obj_new 1.01706 SA_pAcc 0.477885 Delta 0.0348898 SA_r 0.124647 freedomratio 0.260177
Iter 3000000 pBad 0.27234 T 1.21088e-06 Obj 1.01244 Rho 0 GRdif 7.27091 success 629816 failure 198871 obj_new 1.01244 SA_pAcc 1 Delta -0.00804518 SA_r 0.227546 freedomratio 0.246334
Iter 3500000 pBad 0.15167 T 2.80641e-07 Obj 1.01026 Rho 0 GRdif 6.00399 success 705835 failure 299848 obj_new 1.01026 SA_pAcc 1 Delta 0.00331891 SA_r 0.504791 freedomratio 0.241975
Iter 4000000 pBad 0.0725152 T 6.50434e-08 Obj 1.00947 Rho 0 GRdif 5.53959 success 754044 failure 471694 obj_new 1.00947 SA_pAcc 0.331133 Delta 0.00604628 SA_r 0.739869 freedomratio 0.2077
Iter 4500000 pBad 0.0257515 T 1.50749e-08 Obj 1.00914 Rho 0 GRdif 5.34965 success 783209 failure 711560 obj_new 1.00914 SA_pAcc 4.51771e-100 Delta -0.0017004 SA_r 0.899423 freedomratio 0.180202
Iter 5000000 pBad 0.0085282 T 3.49387e-09 Obj 1.009 Rho 0 GRdif 5.26964 success 804042 failure 1004300 obj_new 1.009 SA_pAcc 1 Delta 0.000367996 SA_r 0.144033 freedomratio 0.159652
Iter 5500000 pBad 0.00839066 T 8.09763e-10 Obj 1.00896 Rho 0 GRdif 5.24547 success 815324 failure 1342152 obj_new 1.00896 SA_pAcc 0 Delta -0.000726528 SA_r 0.776261 freedomratio 0.15425
Iter 6000000 pBad 0.00360114 T 1.87676e-10 Obj 1.00894 Rho 0 GRdif 5.23432 success 822496 failure 1696378 obj_new 1.00894 SA_pAcc 7.74116e-07 Delta -9.4813e-05 SA_r 0.715562 freedomratio 0.150769
Iter 6500000 pBad 0.00171712 T 4.34971e-11 Obj 1.00893 Rho 0 GRdif 5.24573 success 828607 failure 2063647 obj_new 1.00896 SA_pAcc 0 Delta 4.93995e-05 SA_r 0.560472 freedomratio 0.146743
Iter 7000000 pBad 6.72681e-05 T 1.00812e-11 Obj 1.00893 Rho 0 GRdif 5.22736 success 834402 failure 2443529 obj_new 1.00893 SA_pAcc 2.63693e-311 Delta -4.60349e-06 SA_r 0.277046 freedomratio 0.141995
Iter 7500000 pBad 0.00111044 T 2.33649e-12 Obj 1.00893 Rho 0 GRdif 5.22629 success 838857 failure 2834566 obj_new 1.00893 SA_pAcc 0 Delta -7.7995e-05 SA_r 0.533502 freedomratio 0.139933
Iter 8000000 pBad 0.000557934 T 5.41521e-13 Obj 1.00893 Rho 0 GRdif 5.22592 success 845306 failure 3231715 obj_new 1.00893 SA_pAcc 0 Delta -4.37832e-05 SA_r 0.0705859 freedomratio 0.136111
Iter 8500000 pBad 9.42884e-05 T 1.25507e-13 Obj 1.00893 Rho 0 GRdif 5.22503 success 852274 failure 3626911 obj_new 1.00893 SA_pAcc 0 Delta 7.37615e-06 SA_r 0.574384 freedomratio 0.1344
Iter 9000000 pBad 1.81462e-49 T 2.90883e-14 Obj 1.00893 Rho 0 GRdif 5.22558 success 855896 failure 4002503 obj_new 1.00893 SA_pAcc 0 Delta -2.10396e-51 SA_r 0.812077 freedomratio 0.128384
Iter 9500000 pBad 0 T 6.74171e-15 Obj 1.00893 Rho 0 GRdif 5.23197 success 855896 failure 4370589 obj_new 1.00894 SA_pAcc 0 Delta -0 SA_r 0.687717 freedomratio 0.0855024
Good enough
iter 8.6776e+06 obj1.00893 rho 0 GRdif 5.22482
Training:
Lab Growth Rates:
0.33 0.5 0.41 0.48 0.26 0.33 0.56 0.465 0.37 0.4 0.43 0.5 0.65 0.4 0.48 0.47 0.46 0.48 0.46 0.4 0.53 0.22 0.37 0.23 0.25 0.901 0.53 0.39 0.58 0.39 0.648 0.901 0.37 0.33 0.47 0.43 0.09 0.1 0.724 1.345 0.58 0.4 0.59 0.45 1.345 0.4 0.4 0.58 0.5 0.42 0.485 0.4 0.7 0.54 0.59 0.4 1.03 1.345 0.25 0.58 1.345 0.47 0.4 0.54 0.52 0.45 0.46 0.4 0.45 0.54 0.52 0.54 0.5 0.2 0.637 0.1 0.4 0.58 0.54 0.45 0.55 0.3 0.49 0.41 0.42 1.483 1.43 0.901 0.6 0.23 0.301 0.54 0.65 0.648 0.42 0.41 1.42 0.45 0.4 0.485 0.68 0.43 0.65 0.4 0.65 0.54 0.55 0.3 0.4 1.4 0.3 0.42 0.4 0.36 0.1 0.39 0.58 0.36 0.55 0.56 0.36 0.43 0.6 0.4 0.59 0.5 0.4 0.46 1.345 0.47 1.483 0.52 0.37 0.301 0.4 0.5 0.686 0.4 0.4 0.25 0.43 0.58 0.55 0.54 0.476 0.42 0.45 0.4 0.5 0.26 0.45 0.377 0.56 0.5 0.33 0.43 0.53 1.345 0.42 0.636 0.485 0.22 0.42 0.4 0.26 0.42 1.05 0.4 0.48 0.22 0.46 0.485 0.3 0.56 0.36 0.5 0.46 0.17 1.35 0.22 0.53 0.59 0.5 0.43 0.68 0.36 0.58 0.54 0.41 0.637 0.3 0.901 0.45 0.42 0.5 0.4 0.25 0.1 0.47 0.54 0.46 0.686 0.43 0.58 0.09 0.37 0.4 0.56 0.46 1.46 0.4 0.14 0.5 0.42 0.19 0.47 0.4 0.39 0.23 0.37 1.483 0.59 0.58 0.3 0.45 0.54 0.41 0.43 0.4 0.4 0.55 0.37 0.42 1.483 0.4 0.4 0.3 0.37 0.42 0.54 0.56 0.4 0.47 0.65 0.33 0.4 0.45 0.5 0.5 0.56 0.52 0.5 0.617 1.483 0.635 0.37 0.59 0.54 0.22 0.58 0.47 0.5 1.46 0.23 0.46 0.53 0.68 0.4 0.59 0.3 0.6 0.52 0.59 0.22 0.52 0.54 0.636 0.58 0.42 0.58 0.36 1.05 0.6 0.22 0.5 0.46 0.45 0.762 0.54 0.46 0.47 0.56 0.47 0.762 0.481 0.4 0.11 0.46 0.47 0.48 0.27 0.53 0.32 0.54 0.5 0.45 0.41 0.5 0.56 0.58 0.45 0.39 0.3 0.37 0.46 0.38 0.53 0.4 0.25 0.38 0.4 0.476 0.55 0.59 0.4 0.47 1.483 0.45 0.55 0.5 0.56 0.54 0.636 0.52 0.25 0.3 0.56 0.377 0.46 0.58 0.58 0.37 0.51 0.5 0.301 1.49 0.34 0.4 0.4 0.56 0.58 0.4 0.52 0.53 1.248 0.55 0.56 0.2 0.762 0.25 0.47 0.476 0.5 0.4 0.1 0.36 1.05 0.42 0.56 0.686 0.56 0.54 0.33 0.37 0.901 0.45 0.36 0.4 0.55 0.648 0.22 0.54 0.39 0.53 0.65 0.635 0.47 1.38 1.67 0.7 0.17 0.46 0.59 0.4 0.4 0.4 0.42 0.49 0.41 0.58 0.31 0.465 1.05 0.37 0.3 0.54 0.54 1.248 0.4 0.4 0.56 0.31 1.248 0.481 0.901 0.23 1.345 0.14 0.4 0.58 0.27 0.65 0.53 1.345 0.5 0.71 0.36 0.59 0.23 0.1 0.7 0.762 0.53 0.37 0.47 0.43 0.68 0.53 0.4 1.345 1.44 0.1 0.1 0.51 0.52 0.34 0.33 0.4 0.43 1.66 0.48 0.31 0.4 0.47 0.71 0.42 0.4 0.32 0.27 0.23 1.46 0.27 0.52 0.46 0.46 0.27 0.635 0.3 0.59 0.4 0.65 0.54 0.53 0.34 1.248 0.38 0.54 0.47 0.5 0.5 0.55 0.53 1.483 0.56 0.5 0.47 0.5 0.724 0.53 0.38 1.43 0.5 0.45 0.56 0.46 0.52 1.46 0.43 1.05 0.48 0.47 0.46 0.19 0.32 0.59 1.66 0.637 0.11 0.42 1.483 0.59 0.481 0.42 0.724 0.11 0.4 0.54 0.5 0.51 0.58 0.5 0.4 0.3 0.45 0.37 0.58 0.27 0.4 0.5 0.54 0.41 0.2 0.4 0.48 0.7 0.54 0.37 0.47 1.345 0.41 0.54 1.483 0.59 0.33 0.23 0.4 0.4 1.483 0.25 0.45 0.5 0.4 0.4 0.47 0.55 0.19 0.71 0.65 0.48 1.67 1.248 1.483 1.345 0.23 0.52 0.377 0.47 0.46 0.54 0.59 0.46 0.5 0.68 0.4 0.1 1.345 0.09 0.38 0.465 0.45 1.483 0.47 0.47 0.17 0.5 0.33 0.49 0.55
Dot Production Prediction of Lab Growth Rates:
0.307584 0.55422 0.344439 0.290166 0.454272 0.527655 0.531881 0.474916 0.419568 0.353442 0.388199 0.479804 0.649965 0.305785 0.295974 0.400016 0.427329 0.361588 0.404038 0.313828 0.547397 0.487573 0.383893 0.55014 0.308783 0.816641 0.405699 0.292859 0.352741 0.325578 0.713044 0.906363 0.569476 0.373518 0.361546 0.355761 0.379531 0.915475 0.721869 1.28109 0.358881 0.314272 0.318877 0.346254 1.21284 0.345236 0.308195 0.400041 0.764392 0.400705 0.478075 0.308102 0.766276 0.384971 0.313866 0.313459 1.26576 1.24439 0.355147 0.296006 1.24287 0.371959 0.355479 0.409531 0.368255 0.423367 0.367396 0.309873 1.41224 0.367483 0.380304 0.298346 0.329457 0.383533 0.713892 1.67967 0.314008 0.468591 0.340859 1.48173 0.544124 0.605428 0.411962 0.480834 0.320957 1.23224 1.15242 0.907014 0.635058 0.435458 0.487111 0.338294 0.625982 0.713469 0.337083 0.394813 1.48267 1.47923 0.312213 0.474914 0.400727 0.356107 0.646882 0.31377 0.641949 0.466675 0.452202 0.195136 0.313113 1.40002 0.563637 0.588435 0.314527 0.366588 0.448552 0.355379 0.460905 0.333477 0.555157 0.548409 0.427809 0.429976 0.664302 0.314723 0.369654 0.709663 0.31243 0.518423 1.23643 0.439229 1.19638 0.379404 0.39248 0.486587 0.342754 0.37734 0.716662 0.31233 0.311856 0.559845 0.406424 0.462821 0.561447 0.44874 0.480216 0.340316 0.369641 0.303669 0.385643 0.558597 0.330557 0.479189 0.548943 0.32583 0.34438 0.389368 0.460327 1.2174 0.333602 0.719288 0.475059 0.484646 0.315417 0.353002 0.356633 0.567872 1.3942 0.313778 0.287824 0.360863 0.467123 0.474858 0.632458 0.475207 0.371379 0.759698 0.328355 0.318968 1.12669 0.455032 0.277862 0.332675 0.474626 0.385117 0.398126 0.329726 0.476823 0.46597 0.399959 0.709998 0.322458 0.901163 0.346253 0.345572 0.395569 0.352273 0.518183 0.362505 0.354422 0.535489 0.459995 0.717221 0.383852 0.469677 0.463725 0.430019 0.30827 0.54498 0.286842 1.41101 0.309804 0.270775 0.541971 0.3375 0.324383 0.384783 0.31347 0.328312 0.433817 0.43237 1.19353 0.542758 0.395135 0.599124 0.398044 0.3096 0.481424 0.401648 0.312265 0.311992 0.466597 0.421942 0.344964 1.19474 0.352691 0.378642 0.199464 0.413222 0.30189 0.448425 0.467612 0.344237 0.462857 0.624955 0.30694 0.308962 0.311782 0.319789 0.347641 0.466937 0.357129 0.53079 0.586237 1.19673 0.715472 0.430195 0.555259 0.382561 0.480332 0.362288 0.360536 0.661845 1.07587 0.553575 0.347453 0.527715 0.395283 0.312437 0.290632 0.512261 0.633368 0.403271 0.539594 0.483317 0.399209 0.368919 0.717915 0.478702 0.360092 0.378236 0.329171 1.10699 0.64757 0.409278 0.783784 0.374173 0.363605 0.778908 0.365407 0.421606 0.355227 0.552052 0.365249 0.784313 0.474171 0.34132 0.342515 0.541025 0.403143 0.300227 0.382461 0.366629 0.353252 0.546495 0.320815 0.332896 0.3794 0.428499 0.551094 0.368199 0.359248 0.324308 0.66699 0.410891 0.471769 0.380254 0.531018 0.311374 0.356373 0.306737 0.309763 0.476638 0.467268 0.554538 0.312424 0.362753 1.1795 1.3975 0.551007 0.530734 0.547953 0.392668 0.724036 0.37563 1.44249 0.362906 0.530688 0.477132 0.459151 0.464134 0.448182 0.424939 0.429597 0.480571 0.48646 1.48173 0.29784 0.306447 0.311281 0.550035 0.479877 0.309383 0.383436 0.415502 0.834771 0.46928 0.48049 0.337561 0.768029 0.889769 0.451736 0.480501 0.555869 0.312688 1.43554 0.367684 1.09206 0.299451 0.473527 0.720083 0.54843 0.537528 0.502111 0.454096 0.901012 1.36857 0.357478 0.305323 0.545473 0.706549 0.487817 0.385018 0.306977 0.523525 0.659677 0.717621 0.295006 1.25203 1.32638 0.766178 0.323668 0.425839 0.324188 0.356057 0.348242 0.313315 0.298564 0.38332 0.318461 0.464901 0.579045 0.478904 1.10132 0.433236 0.64756 0.390112 0.453585 0.827967 0.311941 0.354437 0.46542 0.580462 0.84038 0.474284 0.901012 0.548032 1.23444 0.270928 0.312478 0.477217 0.274524 0.658705 0.527595 1.20237 0.811339 0.710207 0.430755 0.319169 0.435047 0.442229 0.763032 0.772784 0.316342 0.408859 0.456081 0.430075 0.395879 0.5473 0.31144 1.27616 1.46038 1.74916 1.40085 0.44304 0.360969 0.333205 0.319271 0.301044 0.441464 1.46832 0.341521 0.595313 0.313626 0.462842 0.715264 0.315533 0.30836 0.3282 0.609302 0.545698 1.06861 0.332605 0.387771 0.46581 0.302808 0.367721 0.713668 0.387335 0.297771 0.301069 0.657682 0.536293 0.336812 0.313515 0.82974 0.294016 0.553477 0.388852 0.784556 0.365727 0.468999 0.434728 1.19553 0.548207 0.333201 0.409271 0.465119 0.722798 0.541261 0.295522 1.16228 0.695742 1.41903 0.549762 0.452258 0.358012 1.0687 0.36464 1.05 0.328915 0.368081 0.522959 0.340815 0.302453 0.549499 1.42717 0.715297 0.403812 0.572254 1.20966 0.543619 0.47242 0.362633 0.719235 0.385826 0.348438 0.533761 0.339042 0.40787 0.314741 0.678491 0.353191 0.196891 1.44852 0.279535 0.467626 0.395512 0.303514 0.661134 0.451335 0.361997 0.36367 0.314307 0.300551 0.764711 0.360534 0.40882 0.400126 1.21194 0.47946 0.553622 1.2282 0.555878 0.467853 0.547767 0.315762 0.314887 1.2406 0.352078 0.399823 0.466198 0.30882 0.349331 0.369321 0.550739 0.325575 0.72013 0.65059 0.346016 1.46715 0.830494 1.23863 1.25012 0.548808 0.395238 0.480894 0.372279 0.400853 0.377271 0.394227 0.465361 0.477865 0.400065 0.316572 1.47713 1.25204 0.343984 0.369384 0.4766 0.418479 1.21701 0.354324 0.378427 0.439572 0.723928 0.366376 0.381142 0.466126
Testing:
Lab Growth Rates:
0.3
Dot Production Prediction of Lab Growth Rates:
0.621209
Best performance so far: 
Obj: 4.64818e-310Rho: 6.5069e-314Diff: 4.64818e-310
Test:
 Lab Growth Rates:
0.3Dot Product Prediction of Growth Rate:
0.6212092