seed =  5 traits =  1 
Training: part  42 
Training: part  42 
Round  1 
 Goal of obj  0.99 
Temperature range:  0.015625 2e-13 
Cycle 1Round 1
Iter 500000 pBad 0.942587 T 0.00445843 Obj 1.19825 Rho 0 GRdif 105.984 success 111414 failure 1562 obj_new 1.19825 SA_pAcc 0.999713 Delta 0.00250178 SA_r 0.0586312 freedomratio 0.371592
Iter 1000000 pBad 0.860166 T 0.00127216 Obj 1.10801 Rho 0 GRdif 60.1054 success 256763 failure 11739 obj_new 1.10801 SA_pAcc 1.19998 Delta 0.0548983 SA_r 0.419943 freedomratio 0.376607
Iter 1500000 pBad 0.78583 T 0.000362997 Obj 1.03848 Rho 0 GRdif 22.1253 success 399384 failure 31522 obj_new 1.03848 SA_pAcc 1 Delta -0.0312723 SA_r 0.877755 freedomratio 0.372774
Iter 2000000 pBad 0.701278 T 0.000103577 Obj 1.02425 Rho 0 GRdif 14.0383 success 539980 failure 55231 obj_new 1.02425 SA_pAcc 1 Delta -0.00222132 SA_r 0.403729 freedomratio 0.357535
Iter 2500000 pBad 0.622726 T 2.95545e-05 Obj 1.01918 Rho 0 GRdif 11.1314 success 676345 failure 88281 obj_new 1.01918 SA_pAcc 0.882705 Delta -0.0373602 SA_r 0.287781 freedomratio 0.357753
Iter 3000000 pBad 0.522432 T 8.43304e-06 Obj 1.01498 Rho 0 GRdif 8.71325 success 810096 failure 125215 obj_new 1.01498 SA_pAcc 1 Delta -0.0455244 SA_r 0.246915 freedomratio 0.357753
Iter 3500000 pBad 0.378896 T 2.40627e-06 Obj 1.01057 Rho 0 GRdif 6.15996 success 932492 failure 184636 obj_new 1.01057 SA_pAcc 0.367313 Delta -0.0307555 SA_r 0.109715 freedomratio 0.353651
Iter 4000000 pBad 0.224993 T 6.86602e-07 Obj 1.00883 Rho 0 GRdif 5.15457 success 1038506 failure 276283 obj_new 1.00883 SA_pAcc 1.16173 Delta 0.0194159 SA_r 0.587943 freedomratio 0.332577
Iter 4500000 pBad 0.108834 T 1.95914e-07 Obj 1.00836 Rho 0 GRdif 4.87884 success 1109202 failure 443859 obj_new 1.00836 SA_pAcc 0.469299 Delta 0.0063006 SA_r 0.528418 freedomratio 0.283092
Iter 5000000 pBad 0.04487 T 5.59018e-08 Obj 1.00819 Rho 0 GRdif 4.7819 success 1152196 failure 680740 obj_new 1.00819 SA_pAcc 3.7128e-33 Delta -0.00137698 SA_r 0.0590844 freedomratio 0.24915
Iter 5500000 pBad 0.0231005 T 1.5951e-08 Obj 1.00812 Rho 0 GRdif 4.73983 success 1176708 failure 971598 obj_new 1.00812 SA_pAcc 1.00248e-12 Delta -0.00179766 SA_r 0.875604 freedomratio 0.227838
Iter 6000000 pBad 0.0109917 T 4.55142e-09 Obj 1.0081 Rho 0 GRdif 4.73692 success 1190885 failure 1299133 obj_new 1.00812 SA_pAcc 0 Delta -0.000143836 SA_r 0.0731519 freedomratio 0.212473
Iter 6500000 pBad 0.00579334 T 1.2987e-09 Obj 1.00809 Rho 0 GRdif 4.72029 success 1198879 failure 1650105 obj_new 1.00809 SA_pAcc 0 Delta 0.0004429 SA_r 0.736405 freedomratio 0.201791
Iter 7000000 pBad 0.00346966 T 3.70568e-10 Obj 1.00808 Rho 0 GRdif 4.7159 success 1203593 failure 2015485 obj_new 1.00808 SA_pAcc 2.97401e-10 Delta -5.61511e-05 SA_r 0.641262 freedomratio 0.197306
Iter 7500000 pBad 0.00331603 T 1.05737e-10 Obj 1.00808 Rho 0 GRdif 4.71452 success 1206917 failure 2389306 obj_new 1.00808 SA_pAcc 0.00718286 Delta -2.78339e-05 SA_r 0.389438 freedomratio 0.195138
Iter 8000000 pBad 0.00123712 T 3.0171e-11 Obj 1.00808 Rho 0 GRdif 4.71368 success 1209137 failure 2770003 obj_new 1.00808 SA_pAcc 2.21788e-98 Delta 6.99892e-05 SA_r 0.412803 freedomratio 0.191004
Iter 8500000 pBad 0.00134029 T 8.60894e-12 Obj 1.00808 Rho 0 GRdif 4.71332 success 1210676 failure 3155991 obj_new 1.00808 SA_pAcc 0 Delta 6.93646e-05 SA_r 0.63271 freedomratio 0.188971
Iter 9000000 pBad 0.000335159 T 2.45646e-12 Obj 1.00807 Rho 0 GRdif 4.71269 success 1211747 failure 3545233 obj_new 1.00807 SA_pAcc 0.0170159 Delta 3.0524e-05 SA_r 0.151407 freedomratio 0.186565
Iter 9500000 pBad 0.000268657 T 7.00923e-13 Obj 1.00807 Rho 0 GRdif 4.71244 success 1214105 failure 3921048 obj_new 1.00807 SA_pAcc 0 Delta -1.63941e-05 SA_r 0.179337 freedomratio 0.183011
Iter 10000000 pBad 1.11307e-75 T 2.00001e-13 Obj 1.00807 Rho 0 GRdif 4.71279 success 1214559 failure 4234367 obj_new 1.00807 SA_pAcc 0 Delta -5.74044e-77 SA_r 0.417046 freedomratio 0.177468
Cannot move further
iter 9.59172e+06 obj1.00807 rho 0 GRdif 4.71241
Training:
Lab Growth Rates:
0.25 0.485 0.56 0.1 0.46 0.09 0.59 0.476 0.58 0.55 1.46 0.4 0.4 0.52 0.45 1.43 0.42 0.47 0.4 0.6 1.49 0.26 0.4 0.3 0.54 1.67 0.45 1.43 0.47 0.43 0.33 0.5 0.22 0.47 0.65 0.52 0.59 1.483 0.55 0.33 0.17 0.56 0.3 0.46 0.724 0.54 1.483 0.46 0.3 0.59 0.4 0.58 0.11 0.45 0.47 0.47 0.34 0.5 0.4 0.4 0.45 0.4 0.47 0.54 0.42 0.42 0.65 0.46 0.4 1.345 0.5 0.5 0.4 0.46 0.53 0.17 0.4 0.3 0.23 0.31 0.4 0.5 0.2 0.33 0.47 0.49 0.724 0.46 0.48 0.617 0.22 0.46 0.52 0.42 0.45 0.48 0.27 0.42 0.5 1.345 1.345 1.345 0.724 1.483 0.39 1.67 0.7 0.45 1.248 0.22 0.39 0.45 0.59 0.53 0.59 0.45 0.56 0.901 0.54 0.55 0.27 0.5 1.483 0.55 0.4 0.36 1.66 0.42 0.58 0.59 0.4 0.4 0.27 0.53 0.3 0.4 1.46 0.37 0.47 0.48 0.52 1.483 0.25 0.45 0.4 0.42 0.14 0.34 0.39 0.47 0.3 0.636 0.49 0.301 0.46 0.46 0.56 0.4 0.1 0.55 0.54 0.476 0.39 0.43 0.48 0.25 0.19 0.42 1.05 0.37 0.41 0.54 0.53 0.465 0.4 0.58 0.4 0.47 0.5 0.31 0.23 0.4 0.4 0.27 0.59 0.09 0.301 0.51 0.4 1.05 0.33 0.55 0.45 0.48 0.5 0.47 1.483 1.345 0.37 0.481 0.36 1.38 0.901 0.5 0.4 0.56 0.6 1.248 0.58 0.4 0.5 0.48 0.5 0.45 0.5 0.635 0.65 0.68 0.54 0.39 0.4 0.41 0.42 0.55 0.377 0.58 0.54 0.762 0.762 0.5 0.3 0.4 0.465 0.56 0.1 0.54 0.37 0.37 0.4 0.45 0.43 0.53 0.37 0.56 1.46 0.7 0.37 0.5 0.4 0.5 0.47 0.38 0.32 0.637 0.47 1.483 0.23 0.23 1.345 0.38 0.52 0.4 0.22 0.32 0.5 0.26 0.41 0.33 0.4 0.53 0.38 0.37 0.762 0.45 0.55 0.59 0.41 0.43 0.46 0.51 0.25 0.59 0.485 0.46 0.32 0.65 0.4 0.36 0.42 0.52 0.46 0.4 0.38 0.46 0.635 0.53 0.47 0.25 0.4 0.4 0.59 0.59 0.4 0.4 0.4 0.58 0.54 0.42 0.31 0.648 0.58 0.47 0.4 0.47 0.54 0.54 0.37 1.483 0.59 0.52 0.26 1.483 0.45 0.5 0.47 0.4 0.47 0.71 0.33 0.23 0.4 0.56 1.05 1.483 0.54 0.54 0.7 0.45 0.52 0.56 0.34 0.37 0.54 0.648 0.47 0.3 0.5 0.51 0.36 0.22 0.5 0.5 0.762 0.5 0.47 0.1 0.48 0.56 1.483 0.37 0.25 1.05 1.345 0.56 0.56 0.4 0.4 0.54 1.345 0.5 0.5 0.42 0.56 0.27 0.45 0.11 0.4 0.485 0.68 0.4 0.17 0.4 1.42 0.54 0.43 0.37 0.47 0.55 0.37 0.14 1.46 0.33 0.3 0.47 0.71 0.19 0.43 0.2 0.48 0.4 0.6 0.377 1.44 0.4 0.56 0.42 0.41 1.483 0.65 0.5 1.345 0.58 0.1 0.1 0.37 0.465 0.46 0.5 0.43 0.65 0.43 0.39 0.33 1.248 0.45 1.248 0.46 0.43 0.54 0.5 0.41 0.22 0.56 0.42 0.37 0.53 0.1 0.2 0.58 0.33 0.5 0.52 0.71 0.49 0.485 0.43 0.481 0.56 0.37 0.3 0.42 0.59 0.46 0.38 0.58 0.53 0.54 0.5 1.4 0.4 0.3 0.43 0.54 0.23 0.58 0.41 0.54 0.45 0.58 0.54 0.686 0.901 0.6 0.3 0.5 0.4 0.52 0.23 0.55 0.23 0.4 0.46 0.43 0.5 0.54 0.4 1.66 0.901 0.901 0.58 0.4 0.65 0.42 0.52 0.3 0.54 0.58 0.686 0.25 0.59 0.68 0.11 0.377 0.54 0.637 0.5 0.58 0.58 1.345 1.345 1.345 0.4 0.22 0.56 0.36 0.42 0.53 0.3 0.59 0.65 1.05 0.648 0.4 0.25 0.48 0.41 0.41 0.637 1.248 0.42 0.53 0.46 0.36 0.481 0.58 0.53 0.59 0.1 1.35 0.68 0.58 0.55 0.45 0.56 0.46 0.636 0.09 0.58 0.301 0.46 0.68 0.36 0.4 0.23 0.54 0.19 1.03 0.4 0.54 0.47 0.5 0.27 0.476 0.4 0.22 0.636 0.5 0.4 0.46 0.4 0.55 0.47 0.635 0.52 0.686 0.4 0.901 0.36 0.7 0.58 0.4 0.4 0.1 0.54 0.36 0.65
Dot Production Prediction of Lab Growth Rates:
0.392034 0.46407 0.531465 0.469718 0.489748 0.394775 0.545597 0.469025 0.302003 0.443339 1.0222 0.39788 0.405718 0.350982 0.341313 1.20127 0.564741 0.353213 0.404532 0.429857 1.55129 0.461787 0.402969 0.445313 0.462401 1.50212 0.34647 1.18663 0.419244 0.361525 0.329714 0.383327 0.358486 0.422631 0.652934 0.371287 0.344543 1.06538 0.445959 0.430339 0.34516 0.530556 0.352517 0.443721 0.723988 0.544951 1.05298 0.45997 0.408615 0.542378 0.397157 0.473992 0.376672 1.45143 0.44295 0.350908 0.331861 0.662488 0.405214 0.398901 1.47597 0.399954 0.356849 0.548625 0.306355 0.332225 0.632733 0.394042 0.405596 1.02597 0.54432 0.474091 0.402325 0.505484 0.406106 0.413364 0.398645 0.397645 0.534851 0.532665 0.404943 0.38382 0.423923 0.372494 0.420811 0.409273 0.723677 0.297189 0.339948 0.542182 0.471189 0.478174 0.366261 0.367426 0.390119 0.3008 0.392534 0.385239 0.354347 1.08868 1.10452 1.09026 0.72343 1.06787 0.339059 1.3729 0.696459 0.351064 0.843063 0.470127 0.349134 0.386909 0.546425 0.517867 0.341623 0.428348 0.541294 0.906082 0.324469 0.545253 0.373218 0.649889 1.01118 0.550321 0.401534 0.347769 1.66 0.372347 0.479448 0.54926 0.406659 0.405608 0.554875 0.297271 0.439175 0.399386 1.01592 0.417802 0.355604 0.343708 0.357877 1.01693 0.743877 0.405498 0.402088 0.36667 0.14 0.330118 0.309614 0.353213 0.424427 0.721474 0.373742 0.449186 0.449377 0.355323 0.542956 0.396654 0.458221 0.549999 0.544525 0.46676 0.319191 0.458298 0.345962 0.382609 0.330321 0.344811 1.55848 0.418205 0.393251 0.396873 0.526772 0.468976 0.403754 0.384545 0.399463 0.419763 0.475368 0.531441 0.535479 0.406147 0.396685 0.309237 0.331245 0.441819 0.451915 0.424343 0.40097 1.04762 0.496329 0.54548 1.52449 0.307714 0.596353 0.4806 1.03614 1.07258 0.414784 0.457842 0.418834 1.3192 0.903653 0.328053 0.397295 0.477405 0.430243 0.847733 0.484395 0.405203 0.541783 0.345498 0.629603 0.362623 0.323631 0.707769 0.667317 0.567867 0.389304 0.330145 0.3925 0.45391 0.39726 0.427627 0.455074 0.472263 0.407524 0.762042 0.754178 0.547572 0.378454 0.399285 0.463202 0.53925 0.379598 0.374812 0.428061 0.343831 0.401361 0.430412 0.347914 0.430645 0.413248 0.542235 1.04701 0.701421 0.394507 0.485024 0.402935 0.356898 0.376011 0.343825 0.317632 0.702316 0.421803 1.07248 0.429398 0.428238 1.05329 0.35565 0.345663 0.402856 0.476041 0.355923 0.525655 0.557965 0.361539 0.355037 0.40392 0.34973 0.380648 0.426968 0.764873 1.47204 0.446875 0.377872 0.446188 0.372431 0.457178 0.393094 0.322551 0.308548 0.451562 0.518283 0.316742 0.64045 0.404528 0.352686 0.317695 0.398291 0.408064 0.35783 0.386968 0.328604 0.712372 0.528813 0.363452 1.5054 0.404118 0.393727 0.347691 0.331092 0.399228 0.394679 0.404987 0.477176 0.530768 0.358302 0.532715 0.716383 0.484794 0.403876 0.394106 0.461476 0.410342 0.365152 0.398384 1.05132 0.369968 0.37209 0.391815 1.09051 0.346532 0.60778 0.409038 0.39904 0.393804 0.726273 0.324512 0.533121 0.402158 0.477027 1.05 1.04111 0.451285 0.47016 0.706182 1.55129 0.37986 0.536546 0.34041 0.433259 0.46749 0.711743 0.364835 0.301547 0.365925 0.405715 0.335184 0.42715 0.358899 0.473965 0.769715 0.596718 0.396524 0.741206 0.360376 0.536466 1.0879 0.429582 0.391348 1.05 1.08146 0.476896 0.545568 0.404306 0.414352 0.380956 1.09068 0.397127 0.335156 0.341994 0.5361 0.364154 1.48013 0.371705 0.400743 0.462659 0.563947 0.394709 0.330989 0.401284 1.50236 0.339322 0.381259 0.51353 0.382122 0.545484 0.407582 0.141099 1.56667 0.365606 0.407319 0.484841 0.722972 0.332822 0.386589 0.426144 0.313224 0.399977 0.440484 0.452738 1.51774 0.401018 0.479087 0.372624 0.330329 1.01177 0.700354 0.576549 1.08243 0.338356 1.06205 0.878863 0.429402 0.46504 0.475917 0.321746 0.370042 0.64999 0.42367 0.319501 0.322187 0.839298 0.368661 0.83904 0.468347 0.40929 0.414215 0.482153 0.367764 0.465164 0.478905 0.394659 0.420367 0.49009 0.878926 0.403147 0.385266 0.461205 0.645838 0.388751 0.716769 0.382685 0.451997 0.426312 0.458217 0.546483 0.423325 0.343184 0.356269 0.554935 0.45834 0.351522 0.483642 0.534647 0.444535 0.646315 1.41954 0.40573 0.305261 0.427233 0.384398 0.54367 0.483125 0.454089 0.540041 1.57382 0.481642 0.445684 0.726323 0.90052 0.424837 0.300517 0.65525 0.353864 0.390188 0.53983 0.554006 0.427386 0.408394 0.298569 0.413417 0.528347 0.532626 0.394985 1.65714 0.906347 0.971818 0.370598 0.405457 0.699256 0.366351 0.398261 0.423134 0.412841 0.461899 0.727006 0.519676 0.544996 0.56819 0.331332 0.454248 0.361524 0.70112 0.667129 0.355519 0.481877 1.0825 1.02603 1.01679 0.402093 0.477768 0.547088 0.355299 0.591768 0.409873 0.390282 0.552598 0.614602 1.05 0.707844 0.396609 0.486347 0.311581 0.380315 0.360127 0.705041 0.841672 0.575319 0.347523 0.371001 0.360032 0.459133 0.488527 0.360252 0.321608 0.965233 1.07244 0.568266 0.326191 0.441894 0.374255 0.482678 0.331096 0.726269 0.334672 0.368791 0.453033 0.440323 0.562421 0.35409 0.395508 0.542211 0.365744 0.3232 1.33869 0.402062 0.314565 0.413757 0.478751 0.39994 0.471334 0.396667 0.382671 0.71829 0.323506 0.399979 0.410942 0.397465 0.434841 0.352201 0.710431 0.399697 0.724922 0.403082 0.764081 0.412875 0.70184 0.373341 0.397658 0.404931 1.42418 0.544671 0.394998 0.64065
Testing:
Lab Growth Rates:
0.53 0.53 0.53
Dot Production Prediction of Lab Growth Rates:
0.544047 0.529632 0.528604
Best performance so far: 
Obj: 4.64819e-310Rho: 2.26291e-314Diff: 4.64819e-310
Anneal again with the best G and E so far as input
Cycle 2Round 1
Iter 500000 pBad 0.905345 T 0.00445843 Obj 1.14366 Rho 0 GRdif 78.6632 success 115885 failure 5311 obj_new 1.14366 SA_pAcc 0.889346 Delta -0.0615245 SA_r 0.573406 freedomratio 0.274473
Iter 1000000 pBad 0.836922 T 0.00127216 Obj 1.07934 Rho 0 GRdif 44.7426 success 229392 failure 15623 obj_new 1.07934 SA_pAcc 0.840416 Delta -0.0803 SA_r 0.833336 freedomratio 0.273193
Iter 1500000 pBad 0.728398 T 0.000362997 Obj 1.04598 Rho 0 GRdif 26.344 success 339898 failure 34973 obj_new 1.04598 SA_pAcc 1.33992 Delta -0.0406955 SA_r 0.61107 freedomratio 0.274345
Iter 2000000 pBad 0.676188 T 0.000103577 Obj 1.02811 Rho 0 GRdif 16.2454 success 446700 failure 63269 obj_new 1.02811 SA_pAcc 0.897941 Delta -0.0138483 SA_r 0.759016 freedomratio 0.263016
Iter 2500000 pBad 0.534236 T 2.95545e-05 Obj 1.02293 Rho 0 GRdif 13.2861 success 550993 failure 98198 obj_new 1.02293 SA_pAcc 1.08646 Delta 0.0468783 SA_r 0.116541 freedomratio 0.266485
Iter 3000000 pBad 0.424514 T 8.43304e-06 Obj 1.01877 Rho 0 GRdif 10.8952 success 653462 failure 138029 obj_new 1.01877 SA_pAcc 1 Delta -0.0293506 SA_r 0.625973 freedomratio 0.266364
Iter 3500000 pBad 0.294314 T 2.40627e-06 Obj 1.01497 Rho 0 GRdif 8.7097 success 746948 failure 193518 obj_new 1.01497 SA_pAcc 1 Delta 0.0126179 SA_r 0.785242 freedomratio 0.259982
Iter 4000000 pBad 0.174568 T 6.86602e-07 Obj 1.01098 Rho 0 GRdif 6.40183 success 826704 failure 284735 obj_new 1.01098 SA_pAcc 0.773323 Delta 0.00779452 SA_r 0.5996 freedomratio 0.241053
Iter 4500000 pBad 0.107881 T 1.95914e-07 Obj 1.00969 Rho 0 GRdif 5.65106 success 887487 failure 418801 obj_new 1.00969 SA_pAcc 0.148704 Delta 0.00710033 SA_r 0.344921 freedomratio 0.227927
Iter 5000000 pBad 0.0772594 T 5.59018e-08 Obj 1.00907 Rho 0 GRdif 5.29349 success 935696 failure 595541 obj_new 1.00907 SA_pAcc 1 Delta -0.00744336 SA_r 0.989735 freedomratio 0.206048
Iter 5500000 pBad 0.0353604 T 1.5951e-08 Obj 1.00868 Rho 0 GRdif 5.0629 success 971293 failure 825017 obj_new 1.00868 SA_pAcc 0.132436 Delta 0.000424413 SA_r 0.248321 freedomratio 0.179699
Iter 6000000 pBad 0.0147128 T 4.55142e-09 Obj 1.00851 Rho 0 GRdif 4.96988 success 994242 failure 1110288 obj_new 1.00852 SA_pAcc 0 Delta -0.0002227 SA_r 0.287018 freedomratio 0.16305
Iter 6500000 pBad 0.0104821 T 1.2987e-09 Obj 1.00842 Rho 0 GRdif 4.91574 success 1012344 failure 1435732 obj_new 1.00842 SA_pAcc 0.000501064 Delta -0.000655348 SA_r 0.238501 freedomratio 0.149261
Iter 7000000 pBad 0.00533112 T 3.70568e-10 Obj 1.00839 Rho 0 GRdif 4.90308 success 1022928 failure 1794319 obj_new 1.0084 SA_pAcc 0 Delta 0.000357512 SA_r 0.259485 freedomratio 0.147719
Iter 7500000 pBad 0.00330404 T 1.05737e-10 Obj 1.00838 Rho 0 GRdif 4.89718 success 1031213 failure 2162022 obj_new 1.00839 SA_pAcc 0 Delta -0.000206029 SA_r 0.40481 freedomratio 0.145518
Iter 8000000 pBad 0.0010586 T 3.0171e-11 Obj 1.00836 Rho 0 GRdif 4.87735 success 1047154 failure 2545981 obj_new 1.00836 SA_pAcc 9.74689e-11 Delta -5.86946e-05 SA_r 0.717955 freedomratio 0.129703
Iter 8500000 pBad 0.000442994 T 8.60894e-12 Obj 1.00835 Rho 0 GRdif 4.87302 success 1060063 failure 2972330 obj_new 1.00835 SA_pAcc 9.85814e-173 Delta 4.29322e-05 SA_r 0.521012 freedomratio 0.123394
Iter 9000000 pBad 0.00066369 T 2.45646e-12 Obj 1.00835 Rho 0 GRdif 4.87131 success 1069694 failure 3418136 obj_new 1.00835 SA_pAcc 1 Delta 5.70902e-05 SA_r 0.427069 freedomratio 0.121501
Iter 9500000 pBad 8.65936e-27 T 7.00923e-13 Obj 1.00835 Rho 0 GRdif 4.87052 success 1077630 failure 3849404 obj_new 1.00835 SA_pAcc 0 Delta 4.1806e-28 SA_r 0.770295 freedomratio 0.120378
Good enough
iter 9.55397e+06 obj1.00835 rho 0 GRdif 4.87052
Training:
Lab Growth Rates:
0.25 0.485 0.56 0.1 0.46 0.09 0.59 0.476 0.58 0.55 1.46 0.4 0.4 0.52 0.45 1.43 0.42 0.47 0.4 0.6 1.49 0.26 0.4 0.3 0.54 1.67 0.45 1.43 0.47 0.43 0.33 0.5 0.22 0.47 0.65 0.52 0.59 1.483 0.55 0.33 0.17 0.56 0.3 0.46 0.724 0.54 1.483 0.46 0.3 0.59 0.4 0.58 0.11 0.45 0.47 0.47 0.34 0.5 0.4 0.4 0.45 0.4 0.47 0.54 0.42 0.42 0.65 0.46 0.4 1.345 0.5 0.5 0.4 0.46 0.53 0.17 0.4 0.3 0.23 0.31 0.4 0.5 0.2 0.33 0.47 0.49 0.724 0.46 0.48 0.617 0.22 0.46 0.52 0.42 0.45 0.48 0.27 0.42 0.5 1.345 1.345 1.345 0.724 1.483 0.39 1.67 0.7 0.45 1.248 0.22 0.39 0.45 0.59 0.53 0.59 0.45 0.56 0.901 0.54 0.55 0.27 0.5 1.483 0.55 0.4 0.36 1.66 0.42 0.58 0.59 0.4 0.4 0.27 0.53 0.3 0.4 1.46 0.37 0.47 0.48 0.52 1.483 0.25 0.45 0.4 0.42 0.14 0.34 0.39 0.47 0.3 0.636 0.49 0.301 0.46 0.46 0.56 0.4 0.1 0.55 0.54 0.476 0.39 0.43 0.48 0.25 0.19 0.42 1.05 0.37 0.41 0.54 0.53 0.465 0.4 0.58 0.4 0.47 0.5 0.31 0.23 0.4 0.4 0.27 0.59 0.09 0.301 0.51 0.4 1.05 0.33 0.55 0.45 0.48 0.5 0.47 1.483 1.345 0.37 0.481 0.36 1.38 0.901 0.5 0.4 0.56 0.6 1.248 0.58 0.4 0.5 0.48 0.5 0.45 0.5 0.635 0.65 0.68 0.54 0.39 0.4 0.41 0.42 0.55 0.377 0.58 0.54 0.762 0.762 0.5 0.3 0.4 0.465 0.56 0.1 0.54 0.37 0.37 0.4 0.45 0.43 0.53 0.37 0.56 1.46 0.7 0.37 0.5 0.4 0.5 0.47 0.38 0.32 0.637 0.47 1.483 0.23 0.23 1.345 0.38 0.52 0.4 0.22 0.32 0.5 0.26 0.41 0.33 0.4 0.53 0.38 0.37 0.762 0.45 0.55 0.59 0.41 0.43 0.46 0.51 0.25 0.59 0.485 0.46 0.32 0.65 0.4 0.36 0.42 0.52 0.46 0.4 0.38 0.46 0.635 0.53 0.47 0.25 0.4 0.4 0.59 0.59 0.4 0.4 0.4 0.58 0.54 0.42 0.31 0.648 0.58 0.47 0.4 0.47 0.54 0.54 0.37 1.483 0.59 0.52 0.26 1.483 0.45 0.5 0.47 0.4 0.47 0.71 0.33 0.23 0.4 0.56 1.05 1.483 0.54 0.54 0.7 0.45 0.52 0.56 0.34 0.37 0.54 0.648 0.47 0.3 0.5 0.51 0.36 0.22 0.5 0.5 0.762 0.5 0.47 0.1 0.48 0.56 1.483 0.37 0.25 1.05 1.345 0.56 0.56 0.4 0.4 0.54 1.345 0.5 0.5 0.42 0.56 0.27 0.45 0.11 0.4 0.485 0.68 0.4 0.17 0.4 1.42 0.54 0.43 0.37 0.47 0.55 0.37 0.14 1.46 0.33 0.3 0.47 0.71 0.19 0.43 0.2 0.48 0.4 0.6 0.377 1.44 0.4 0.56 0.42 0.41 1.483 0.65 0.5 1.345 0.58 0.1 0.1 0.37 0.465 0.46 0.5 0.43 0.65 0.43 0.39 0.33 1.248 0.45 1.248 0.46 0.43 0.54 0.5 0.41 0.22 0.56 0.42 0.37 0.53 0.1 0.2 0.58 0.33 0.5 0.52 0.71 0.49 0.485 0.43 0.481 0.56 0.37 0.3 0.42 0.59 0.46 0.38 0.58 0.53 0.54 0.5 1.4 0.4 0.3 0.43 0.54 0.23 0.58 0.41 0.54 0.45 0.58 0.54 0.686 0.901 0.6 0.3 0.5 0.4 0.52 0.23 0.55 0.23 0.4 0.46 0.43 0.5 0.54 0.4 1.66 0.901 0.901 0.58 0.4 0.65 0.42 0.52 0.3 0.54 0.58 0.686 0.25 0.59 0.68 0.11 0.377 0.54 0.637 0.5 0.58 0.58 1.345 1.345 1.345 0.4 0.22 0.56 0.36 0.42 0.53 0.3 0.59 0.65 1.05 0.648 0.4 0.25 0.48 0.41 0.41 0.637 1.248 0.42 0.53 0.46 0.36 0.481 0.58 0.53 0.59 0.1 1.35 0.68 0.58 0.55 0.45 0.56 0.46 0.636 0.09 0.58 0.301 0.46 0.68 0.36 0.4 0.23 0.54 0.19 1.03 0.4 0.54 0.47 0.5 0.27 0.476 0.4 0.22 0.636 0.5 0.4 0.46 0.4 0.55 0.47 0.635 0.52 0.686 0.4 0.901 0.36 0.7 0.58 0.4 0.4 0.1 0.54 0.36 0.65
Dot Production Prediction of Lab Growth Rates:
0.344724 0.570146 0.541704 0.451789 0.516421 0.374374 0.550651 0.571478 0.295083 0.486095 1.01665 0.393798 0.405547 0.346316 0.291746 1.18491 0.606975 0.370233 0.401617 0.583002 1.4909 0.459694 0.398631 0.580222 0.475679 1.48062 0.358928 1.1695 0.428429 0.37587 0.315228 0.374318 0.361093 0.37967 0.65034 0.373066 0.319937 1.18374 0.489679 0.471384 0.307229 0.5299 0.313515 0.470025 0.72621 0.541973 1.20855 0.458039 0.531283 0.556635 0.391704 0.477548 0.399232 1.40589 0.445332 0.376525 0.313914 0.758524 0.402256 0.394929 1.445 0.399717 0.332726 0.557148 0.304293 0.320013 0.640597 0.404022 0.401958 1.18829 0.554863 0.481305 0.399902 0.523675 0.404982 0.449483 0.399076 0.558832 0.539566 0.54937 0.402118 0.398635 0.376127 0.38187 0.406022 0.414979 0.723789 0.291086 0.351072 0.533732 0.489978 0.473233 0.378174 0.343767 0.371234 0.280792 0.36096 0.344125 0.327051 1.21703 1.25912 1.23364 0.721388 1.17041 0.310982 1.35089 0.755225 0.316796 1.01667 0.489491 0.362378 0.369029 0.549388 0.527878 0.315008 0.413097 0.550153 0.901479 0.3142 0.547121 0.378118 0.721513 1.17269 0.553996 0.400287 0.327938 1.47106 0.29815 0.492678 0.553039 0.402833 0.402258 0.591981 0.267393 0.59305 0.399186 1.03444 0.414331 0.383238 0.291001 0.346398 1.1658 0.931176 0.427145 0.400006 0.328079 0.139619 0.292595 0.292733 0.308273 0.410148 0.717728 0.403557 0.574033 0.424266 0.375857 0.543645 0.384883 0.444022 0.55909 0.559915 0.562205 0.317065 0.430253 0.343186 0.35566 0.322316 0.319277 1.39472 0.416822 0.403704 0.35348 0.526473 0.56631 0.403611 0.416932 0.395607 0.404495 0.495784 0.565484 0.538668 0.406014 0.394831 0.272231 0.323249 0.468707 0.575754 0.44628 0.402535 1.03113 0.528435 0.548967 1.46894 0.285784 0.666775 0.476246 1.19898 1.25392 0.414006 0.555674 0.446427 1.26299 0.898968 0.329837 0.394391 0.492777 0.567273 1.02613 0.477013 0.403566 0.554973 0.335982 0.676413 0.377923 0.33484 0.712637 0.655778 0.336988 0.358824 0.320587 0.384824 0.567251 0.351896 0.479641 0.557329 0.476903 0.416844 1.01584 1.00983 0.546457 0.504676 0.398932 0.56154 0.544202 0.359764 0.378762 0.426928 0.264745 0.402787 0.409368 0.369123 0.453598 0.388011 0.548548 1.01859 0.757162 0.417734 0.498612 0.399994 0.334824 0.376945 0.294204 0.331706 0.71115 0.392122 1.19971 0.430338 0.429852 1.22773 0.274802 0.362797 0.399621 0.486866 0.342569 0.535819 0.570745 0.366285 0.341851 0.401313 0.345495 0.372965 0.423691 1.02425 1.44546 0.490014 0.378345 0.563837 0.37329 0.452566 0.41173 0.299664 0.309207 0.55723 0.533861 0.302701 0.648815 0.401435 0.316793 0.291392 0.363435 0.39056 0.310617 0.371528 0.331407 0.715479 0.522877 0.358465 1.4827 0.402675 0.386251 0.324766 0.301981 0.401609 0.384269 0.403787 0.479222 0.543447 0.335288 0.561502 0.713405 0.489416 0.374378 0.393859 0.471655 0.368234 0.327355 0.443463 1.21978 0.365004 0.374165 0.36645 1.23802 0.360972 0.70128 0.408751 0.399997 0.368467 0.727378 0.315919 0.539165 0.399683 0.480214 1.05229 1.17145 0.480887 0.487515 0.764445 1.4909 0.376654 0.539448 0.327486 0.45258 0.479345 0.712118 0.370931 0.282762 0.38445 0.427124 0.350188 0.460886 0.373551 0.483977 1.03834 0.625153 0.366993 0.942866 0.372382 0.542014 1.19469 0.427092 0.347441 1.05095 1.20645 0.475058 0.557669 0.400309 0.378457 0.401177 1.23129 0.422431 0.324862 0.281435 0.53174 0.331033 1.41977 0.388885 0.397979 0.565883 0.334446 0.387679 0.305462 0.403875 1.50712 0.345606 0.35796 0.546437 0.384132 0.54766 0.379897 0.140015 1.40565 0.371598 0.543461 0.46713 0.721242 0.323012 0.367223 0.38306 0.288513 0.401501 0.5839 0.55933 1.49034 0.401492 0.484175 0.329166 0.320884 1.18434 0.677522 0.655975 1.19373 0.356981 1.26033 1.07781 0.428882 0.564587 0.471063 0.310799 0.387203 0.649816 0.403482 0.324634 0.297521 1.01664 0.313943 1.01249 0.478474 0.406253 0.369512 0.486036 0.368704 0.480212 0.478091 0.416141 0.418823 0.476855 1.07499 0.334017 0.386604 0.502585 0.736613 0.390967 0.712823 0.39368 0.557486 0.389155 0.56012 0.544752 0.419528 0.455148 0.32076 0.555141 0.460052 0.28831 0.473724 0.529891 0.479098 0.71352 1.40103 0.402623 0.288148 0.440549 0.402701 0.541129 0.479003 0.568703 0.538601 1.5076 0.475419 0.476711 0.721504 0.896808 0.561392 0.280163 0.717547 0.296634 0.405298 0.546846 0.56428 0.430049 0.406219 0.301594 0.416794 0.53434 0.540574 0.392813 1.47882 0.900995 0.901399 0.376637 0.403614 0.675256 0.334713 0.382633 0.565257 0.375506 0.462035 0.727049 0.551148 0.550726 0.339696 0.343471 0.56412 0.387687 0.709944 0.754083 0.365026 0.496746 1.21034 1.18557 1.18356 0.400024 0.486365 0.561582 0.363079 0.613774 0.42129 0.366871 0.5558 0.627358 1.0534 0.708152 0.390956 0.504557 0.307884 0.39494 0.331035 0.715336 1.01122 0.589257 0.330722 0.373678 0.37333 0.563354 0.496596 0.379575 0.303361 1.22943 1.12698 0.338078 0.31495 0.486297 0.396642 0.492728 0.353524 0.725589 0.346289 0.377466 0.57273 0.423582 0.331283 0.359981 0.394162 0.548065 0.383923 0.305107 1.26691 0.401829 0.287512 0.407627 0.495785 0.361635 0.567543 0.393325 0.40995 0.716909 0.327135 0.395215 0.415035 0.392939 0.483879 0.347008 0.712107 0.378268 0.722049 0.402268 0.958767 0.431073 0.751385 0.376055 0.395784 0.401017 1.39632 0.539411 0.36436 0.649789
Testing:
Lab Growth Rates:
0.53 0.53 0.53
Dot Production Prediction of Lab Growth Rates:
0.549958 0.539193 0.531369
Best performance so far: 
Obj: 4.64819e-310Rho: 6.5069e-314Diff: 4.64819e-310
Test:
 Lab Growth Rates:
0.53 0.53 0.53Dot Product Prediction of Growth Rate:
0.5499579 0.5391931 0.5313688