seed =  5 traits =  1 
Training: part  8 
Training: part  8 
Round  1 
 Goal of obj  0.99 
Temperature range:  0.00390625 5e-13 
Cycle 1Round 1
Iter 500000 pBad 0.868741 T 0.00125061 Obj 1.09893 Rho 0 GRdif 84.3252 success 146571 failure 9699 obj_new 1.15505 SA_pAcc 3.23496e-20 Delta -0.0570608 SA_r 0.0630158 freedomratio 0.365854
Iter 1000000 pBad 0.772987 T 0.000400389 Obj 1.03997 Rho 0 GRdif 22.9257 success 288684 failure 29030 obj_new 1.03997 SA_pAcc 1 Delta -0.0753478 SA_r 0.958123 freedomratio 0.367001
Iter 1500000 pBad 0.728146 T 0.000128187 Obj 1.02938 Rho 0 GRdif 16.9409 success 429165 failure 53343 obj_new 1.02938 SA_pAcc 1 Delta -0.0325916 SA_r 0.985215 freedomratio 0.367001
Iter 2000000 pBad 0.587461 T 4.10396e-05 Obj 1.02165 Rho 0 GRdif 12.5274 success 567616 failure 81494 obj_new 1.02165 SA_pAcc 0.954168 Delta 0.0237358 SA_r 0.65128 freedomratio 0.366541
Iter 2500000 pBad 0.507018 T 1.3139e-05 Obj 1.01704 Rho 0 GRdif 9.8854 success 702210 failure 117188 obj_new 1.01704 SA_pAcc 1.66354 Delta -0.0212753 SA_r 0.976755 freedomratio 0.354116
Iter 3000000 pBad 0.385905 T 4.20653e-06 Obj 1.01296 Rho 0 GRdif 7.53017 success 827454 failure 169775 obj_new 1.01296 SA_pAcc 1 Delta -0.0208538 SA_r 0.886278 freedomratio 0.358236
Iter 3500000 pBad 0.281073 T 1.34674e-06 Obj 1.00958 Rho 0 GRdif 5.5887 success 929470 failure 269417 obj_new 1.0096 SA_pAcc 4.17465e-06 Delta -0.0280208 SA_r 0.828351 freedomratio 0.331821
Iter 4000000 pBad 0.157435 T 4.31167e-07 Obj 1.00851 Rho 0 GRdif 4.95616 success 1015757 failure 402410 obj_new 1.00851 SA_pAcc 1 Delta -0.0102323 SA_r 0.713754 freedomratio 0.305483
Iter 4500000 pBad 0.0754456 T 1.3804e-07 Obj 1.00816 Rho 0 GRdif 4.75378 success 1072450 failure 602790 obj_new 1.00816 SA_pAcc 1 Delta 0.0025549 SA_r 0.0914012 freedomratio 0.273109
Iter 5000000 pBad 0.035672 T 4.41943e-08 Obj 1.00798 Rho 0 GRdif 4.64839 success 1110092 failure 855847 obj_new 1.00798 SA_pAcc 0.234475 Delta -0.000577604 SA_r 0.478603 freedomratio 0.239852
Iter 5500000 pBad 0.0181896 T 1.4149e-08 Obj 1.00789 Rho 0 GRdif 4.61583 success 1133363 failure 1154984 obj_new 1.00792 SA_pAcc 0 Delta 0.000141857 SA_r 0.833533 freedomratio 0.216266
Iter 6000000 pBad 0.00992021 T 4.52988e-09 Obj 1.00786 Rho 0 GRdif 4.5818 success 1147299 failure 1490368 obj_new 1.00786 SA_pAcc 1 Delta -0.000895405 SA_r 0.530793 freedomratio 0.205191
Iter 6500000 pBad 0.00728621 T 1.45027e-09 Obj 1.00785 Rho 0 GRdif 4.57452 success 1156020 failure 1848226 obj_new 1.00785 SA_pAcc 1 Delta -0.00017083 SA_r 0.695448 freedomratio 0.195914
Iter 7000000 pBad 0.00360778 T 4.6431e-10 Obj 1.00784 Rho 0 GRdif 4.57198 success 1161417 failure 2222126 obj_new 1.00785 SA_pAcc 0 Delta -6.8821e-06 SA_r 0.709872 freedomratio 0.191552
Iter 7500000 pBad 0.00226018 T 1.48651e-10 Obj 1.00784 Rho 0 GRdif 4.56819 success 1165302 failure 2604383 obj_new 1.00784 SA_pAcc 1 Delta -0.000196489 SA_r 0.691943 freedomratio 0.186365
Iter 8000000 pBad 0.000876195 T 4.75915e-11 Obj 1.00784 Rho 0 GRdif 4.56711 success 1168081 failure 2997366 obj_new 1.00784 SA_pAcc 1 Delta -8.48889e-05 SA_r 0.717308 freedomratio 0.18179
Iter 8500000 pBad 0.00107012 T 1.52367e-11 Obj 1.00784 Rho 0 GRdif 4.56768 success 1170922 failure 3400404 obj_new 1.00784 SA_pAcc 0 Delta 2.898e-06 SA_r 0.925212 freedomratio 0.174627
Iter 9000000 pBad 0.00109727 T 4.87809e-12 Obj 1.00784 Rho 0 GRdif 4.56575 success 1173237 failure 3812113 obj_new 1.00784 SA_pAcc 8.65915e-50 Delta -2.71095e-05 SA_r 0.754849 freedomratio 0.170306
Iter 9500000 pBad 0.000163808 T 1.56175e-12 Obj 1.00783 Rho 0 GRdif 4.57849 success 1175665 failure 4230345 obj_new 1.00786 SA_pAcc 0 Delta -9.86942e-06 SA_r 0.715263 freedomratio 0.167047
Iter 10000000 pBad 0.000174357 T 5.00001e-13 Obj 1.00783 Rho 0 GRdif 4.56538 success 1179601 failure 4651822 obj_new 1.00783 SA_pAcc 0 Delta 1.50511e-05 SA_r 0.830629 freedomratio 0.164234
Cannot move further
iter 9.99936e+06 obj1.00783 rho 0 GRdif 4.56527
Training:
Lab Growth Rates:
0.7 0.37 0.4 0.4 0.46 0.56 0.55 0.46 1.4 0.11 0.51 0.686 0.4 0.38 0.54 0.4 0.54 0.42 0.54 0.7 0.33 0.54 0.4 0.53 0.56 0.37 0.5 0.636 0.38 0.4 0.33 0.42 0.6 0.53 0.46 0.637 0.65 0.4 1.67 0.17 0.56 0.53 0.23 0.3 0.37 0.47 0.5 0.5 0.636 0.46 0.4 0.37 0.54 0.1 0.46 0.5 0.45 0.5 0.4 0.5 0.53 0.22 0.59 0.5 0.54 0.23 0.4 0.58 1.46 0.4 0.25 0.56 0.33 0.65 0.36 1.483 0.41 0.54 0.38 0.4 0.53 0.65 0.1 0.5 0.23 0.4 1.345 0.53 0.4 0.26 0.42 0.59 0.635 0.377 0.48 0.11 0.43 0.56 0.47 0.37 0.4 0.65 0.53 0.4 0.22 0.58 0.54 0.45 0.4 0.37 0.37 0.53 0.46 0.4 0.45 1.66 0.53 0.55 0.5 0.59 0.635 0.54 0.47 0.59 0.4 0.54 0.59 0.33 0.47 0.68 0.59 0.47 0.4 0.33 0.49 0.52 0.4 0.465 1.483 0.4 0.58 0.38 0.481 0.23 0.47 0.4 0.648 0.59 0.724 1.483 0.56 0.36 0.4 0.762 0.48 0.36 0.47 0.5 1.67 1.43 0.09 0.901 0.42 0.476 0.41 0.59 0.5 0.4 0.637 0.26 0.58 0.4 1.345 0.46 0.47 1.46 0.33 0.55 0.48 0.58 0.22 0.56 1.345 0.31 0.46 0.4 0.617 0.5 0.19 0.42 0.46 0.71 0.52 0.59 0.54 0.25 0.42 0.71 0.23 0.37 0.71 0.33 0.48 0.1 0.3 0.43 0.47 0.27 0.43 0.25 0.3 0.762 0.45 0.3 0.39 0.32 0.39 0.59 0.56 0.4 0.476 0.3 0.19 0.4 0.47 0.5 0.58 0.637 0.47 0.54 0.41 0.39 0.54 0.6 0.724 0.377 0.5 0.42 0.37 0.43 0.1 0.42 0.5 0.36 1.38 0.65 0.465 0.58 0.43 0.43 1.345 0.54 0.42 0.5 1.483 0.4 0.4 0.47 0.45 0.45 0.4 0.1 0.52 0.43 0.51 0.4 0.5 1.483 0.43 0.55 0.43 0.22 0.3 0.56 0.42 0.41 0.46 0.58 0.36 0.46 0.52 0.23 0.42 0.762 0.42 0.37 0.3 0.49 0.54 0.46 1.44 0.3 0.42 0.4 0.56 0.48 0.58 0.762 0.3 0.65 1.345 1.05 0.648 1.248 0.58 0.59 0.33 1.05 0.25 0.46 1.483 0.47 0.27 0.5 0.09 0.54 0.56 0.5 0.4 0.54 0.54 1.248 0.42 0.636 1.42 0.55 0.4 0.4 0.3 0.53 0.47 0.41 0.4 0.54 0.65 0.5 0.23 0.58 0.5 0.36 0.45 0.36 0.4 0.41 0.41 0.4 0.648 0.54 0.34 0.4 0.46 0.59 0.58 0.54 0.42 0.481 0.37 0.724 0.901 0.52 0.48 0.4 0.54 0.45 0.301 0.4 1.345 0.56 0.19 0.5 0.47 0.54 0.22 0.4 0.58 0.3 0.58 0.55 0.686 0.45 0.2 0.4 0.4 0.55 0.52 0.5 0.52 0.3 0.47 0.476 0.46 1.483 0.52 0.27 0.27 0.54 1.345 0.56 0.58 0.301 0.42 0.39 0.31 1.43 0.56 0.4 0.53 0.5 0.26 0.59 0.42 0.39 1.345 0.37 0.45 0.901 0.5 0.45 0.1 0.4 0.32 0.55 0.53 0.42 0.17 0.41 0.59 1.49 0.23 1.05 0.52 0.901 0.45 0.47 0.25 0.43 0.5 0.4 0.45 1.483 1.345 0.14 0.68 0.58 0.46 0.58 0.22 0.14 0.46 0.4 0.55 0.52 0.37 0.5 0.52 0.37 0.635 1.345 0.32 0.3 1.483 0.4 0.2 0.27 0.2 0.25 0.5 0.58 1.46 0.36 1.35 1.248 0.47 0.58 0.09 0.5 0.45 0.901 0.25 0.47 1.483 0.52 0.301 0.45 0.54 0.54 0.3 0.53 0.901 0.5 0.7 0.53 0.465 0.54 0.4 0.6 0.46 1.03 0.47 0.7 0.33 0.65 0.48 0.22 0.68 0.4 0.4 0.56 0.4 0.17 0.55 0.45 0.48 0.51 0.56 0.25 0.47 1.345 0.39 0.46 0.55 0.49 1.345 0.31 0.5 0.43 0.48 0.5 0.5 0.43 0.56 0.45 0.46 0.68 0.4 0.41 1.46 0.4 0.1 0.34 0.47 0.53 0.686 0.37 0.65 0.1 0.377 0.22 0.36 1.248 0.4 0.34 0.54 0.23 1.248 0.58 0.58 0.46 0.4 0.6 1.66 1.05 0.37 0.47 0.47 1.483 0.59 0.1 0.11 0.4 0.481 0.45 1.483 0.56 0.59 0.38 0.27 0.4 1.05 0.45 0.4 0.68 0.5 0.55 0.4
Dot Production Prediction of Lab Growth Rates:
0.71267 0.416753 0.399483 0.398157 0.389367 0.475097 0.454564 0.456287 1.4072 0.331251 0.383909 0.722927 0.399464 0.331268 0.396351 0.402132 0.3814 0.348144 0.457274 0.698304 0.327833 0.464411 0.404916 0.385718 0.548402 0.409393 0.473967 0.726097 0.349901 0.39992 0.440812 0.311135 0.512306 0.53049 0.28737 0.712652 0.660732 0.400551 1.39244 0.422749 0.481597 0.529867 0.535698 0.482744 0.405974 0.361089 0.720204 0.332648 0.722526 0.423958 0.401565 0.424762 0.366958 0.45735 0.328156 0.314376 0.424242 0.468002 0.399389 0.479218 0.398879 0.473356 0.395167 0.689441 0.320838 0.543455 0.399459 0.345701 1.02341 0.393833 0.580034 0.548398 0.320885 0.633829 0.355289 1.14266 0.321846 0.407607 0.356241 0.402922 0.305863 0.644514 0.84933 0.542996 0.541814 0.398716 1.12649 0.52479 0.400007 0.601971 0.310229 0.376978 0.7128 0.528932 0.309547 0.36496 0.402164 0.54958 0.318083 0.407246 0.397333 0.652909 0.326867 0.400253 0.34833 0.464848 0.40078 1.49754 0.396861 0.334148 0.411525 0.549007 0.472047 0.402487 0.34681 1.65227 0.56222 0.438542 0.474061 0.329971 0.71426 0.537505 0.526321 0.55617 0.400535 0.378939 0.537749 0.353792 0.358418 0.408142 0.544389 0.411023 0.398502 0.358369 0.389837 0.401696 0.400172 0.546398 1.19142 0.403151 0.465479 0.373217 0.5428 0.426254 0.360338 0.393671 0.712151 0.326111 0.721581 1.11522 0.467967 0.333935 0.400096 0.880249 0.31934 0.349148 0.418624 0.526674 1.5296 1.35571 0.340098 0.901457 0.347213 0.548347 0.378155 0.307208 0.376009 0.397432 0.713437 0.47439 0.472775 0.414065 1.10888 0.551264 0.430818 1.61554 0.322539 0.549308 0.34395 0.372107 0.38088 0.5387 1.21666 0.582511 0.459417 0.398938 0.565944 0.604373 0.314431 0.372595 0.536104 0.721396 0.370996 0.344328 0.547279 1.50554 0.326713 0.720156 0.425153 0.414595 0.727147 0.512027 0.295872 0.467544 0.418955 0.380368 0.34242 0.646411 0.402825 0.32104 0.516362 0.892318 1.52966 0.402487 0.332537 0.301956 0.329087 0.303244 0.536958 0.402098 0.547982 0.297398 0.324294 0.401502 0.457372 0.400589 0.353451 0.715671 0.42138 0.550485 0.345979 0.308823 0.301177 0.496771 0.723178 0.532686 0.328558 0.66071 0.57428 0.463134 1.08609 0.357958 0.686386 0.415962 1.35787 0.649967 0.549099 0.481299 0.440219 0.346909 1.21159 0.540005 0.371174 0.609858 1.1615 0.400498 0.402566 0.441567 0.391822 0.369296 0.398121 0.790301 0.348408 0.369431 0.389138 0.399497 0.334998 1.16389 0.417025 0.549287 0.421027 0.467919 0.376534 0.466785 0.344901 0.53497 0.453312 0.466907 0.340543 0.470382 0.366765 0.541998 0.329444 0.885609 0.63438 0.409298 0.300801 0.365141 0.45207 0.459999 1.5624 0.469787 0.358295 0.396996 0.542239 0.331537 0.332128 0.890144 0.515332 0.673031 1.20078 1.65231 0.715815 0.932165 0.478214 0.553069 0.472829 1.05612 0.544666 0.314203 1.16269 0.407813 0.38932 0.548067 0.458446 0.401365 0.542406 0.478598 0.402819 0.369897 0.357044 0.928971 0.346583 0.723038 1.54951 0.459823 0.401101 0.399612 0.304827 0.519138 0.420574 0.359971 0.40088 0.466469 0.649783 0.623946 0.533681 0.370617 0.691738 0.398516 0.335955 0.334653 0.404178 0.531498 0.343153 0.401021 0.717111 0.381879 0.340256 0.396682 0.441309 0.551974 0.29259 0.389745 0.329506 0.538768 0.421285 0.723994 0.900916 0.378132 0.295349 0.404154 0.447059 1.49524 0.540225 0.399853 1.2285 0.484558 0.31285 0.327744 0.341555 0.53861 0.472843 0.402787 0.462636 0.466362 0.464067 0.457337 0.725388 1.48628 0.432443 0.397867 0.399881 0.564107 0.347185 0.661597 0.408042 0.335688 0.478821 0.54602 0.429628 1.17769 0.384347 0.353798 0.360295 0.451825 1.1981 0.467559 0.474518 0.535564 0.63639 0.305496 0.598849 1.36169 0.547141 0.400002 0.41433 0.32147 0.379365 0.345372 0.390701 0.30857 1.19543 0.410881 0.337926 0.90219 0.350683 0.376924 0.905261 0.400144 0.311023 0.459174 0.359329 0.357256 0.331967 0.536645 0.537772 1.56837 0.541958 1.04975 0.419083 0.885188 0.335116 0.345675 0.372396 0.434634 0.470212 0.391723 1.48539 1.16269 1.12802 0.139787 0.407618 0.351774 0.457149 0.473395 0.470059 0.140017 0.34117 0.396265 0.557127 0.355058 0.423932 0.575845 0.364716 0.39952 0.715617 1.19546 0.354984 0.470658 1.13705 0.400551 0.439254 0.388117 0.39063 0.76703 0.362954 0.363112 1.01162 0.359004 1.24302 0.934451 0.361026 0.474436 0.387602 0.353234 0.364204 0.904379 0.375693 0.344997 1.19284 0.380441 0.537153 0.430637 0.351538 0.541068 0.387482 0.322559 0.901 0.548831 0.701256 0.537701 0.542133 0.541445 0.331327 0.495804 0.356954 1.38938 0.387169 0.708995 0.359769 0.623556 0.339546 0.466572 0.402853 0.395794 0.403424 0.537459 0.403217 0.317689 0.457346 0.354649 0.351014 0.418975 0.546863 0.371068 0.373664 1.15942 0.309664 0.331237 0.54938 0.367595 1.18196 0.579213 0.618691 0.340754 0.336114 0.342479 0.681614 0.361051 0.535612 0.396127 0.474138 0.400334 0.401838 0.372742 1.02856 0.402294 0.852463 0.326345 0.378482 0.529536 0.725238 0.402247 0.662991 0.35435 0.53373 0.425747 0.405537 0.933991 0.403131 0.337331 0.319491 0.425077 0.932708 0.476436 0.314998 0.508234 0.400956 0.502098 1.66 1.01944 0.448317 0.39203 0.525788 1.13006 0.551144 1.43854 0.377965 0.400957 0.537595 1.55882 1.11266 0.551167 0.32694 0.377426 0.298558 0.396032 1.05011 1.56837 0.399295 0.407317 0.527797 0.566093 0.358479
Testing:
Lab Growth Rates:
0.485 0.485 0.485 0.485
Dot Production Prediction of Lab Growth Rates:
0.542083 0.534384 0.531727 0.544266
Best performance so far: 
Obj: 4.67679e-310Rho: 2.26291e-314Diff: 4.67679e-310
Anneal again with the best G and E so far as input
Cycle 2Round 1
Iter 500000 pBad 0.841703 T 0.00125061 Obj 1.04795 Rho 0 GRdif 27.3986 success 122776 failure 10432 obj_new 1.04795 SA_pAcc 1 Delta 0.0682523 SA_r 0.605911 freedomratio 0.301081
Iter 1000000 pBad 0.796571 T 0.000400389 Obj 1.03048 Rho 0 GRdif 17.5648 success 242650 failure 26765 obj_new 1.03048 SA_pAcc 0.672382 Delta 0.0701631 SA_r 0.592054 freedomratio 0.29908
Iter 1500000 pBad 0.705145 T 0.000128187 Obj 1.02741 Rho 0 GRdif 15.8199 success 360298 failure 48559 obj_new 1.02741 SA_pAcc 1 Delta -0.042518 SA_r 0.621898 freedomratio 0.296353
Iter 2000000 pBad 0.654943 T 4.10396e-05 Obj 1.02226 Rho 0 GRdif 12.8818 success 476604 failure 73090 obj_new 1.02226 SA_pAcc 1 Delta 0.0203611 SA_r 0.149818 freedomratio 0.291625
Iter 2500000 pBad 0.532861 T 1.3139e-05 Obj 1.01834 Rho 0 GRdif 10.6341 success 589345 failure 105345 obj_new 1.01834 SA_pAcc 0.698527 Delta 0.0460242 SA_r 0.584943 freedomratio 0.283019
Iter 3000000 pBad 0.376811 T 4.20653e-06 Obj 1.01575 Rho 0 GRdif 9.1446 success 692037 failure 156024 obj_new 1.01575 SA_pAcc 0.29936 Delta 0.0265434 SA_r 0.397771 freedomratio 0.287187
Iter 3500000 pBad 0.285559 T 1.34674e-06 Obj 1.01128 Rho 0 GRdif 6.55964 success 780558 failure 239723 obj_new 1.01128 SA_pAcc 1 Delta 0.0222635 SA_r 0.656728 freedomratio 0.274777
Iter 4000000 pBad 0.180482 T 4.31167e-07 Obj 1.00983 Rho 0 GRdif 5.72172 success 856706 failure 351376 obj_new 1.00983 SA_pAcc 1 Delta 0.010087 SA_r 0.0820471 freedomratio 0.25805
Iter 4500000 pBad 0.0837673 T 1.3804e-07 Obj 1.00912 Rho 0 GRdif 5.31474 success 911995 failure 516439 obj_new 1.00913 SA_pAcc 3.36903e-06 Delta -0.0017587 SA_r 0.286989 freedomratio 0.232975
Iter 5000000 pBad 0.0372194 T 4.41943e-08 Obj 1.00889 Rho 0 GRdif 5.17914 success 944886 failure 745798 obj_new 1.00889 SA_pAcc 1 Delta 0.00337001 SA_r 0.0391613 freedomratio 0.202984
Iter 5500000 pBad 0.0210967 T 1.4149e-08 Obj 1.00879 Rho 0 GRdif 5.1223 success 965017 failure 1021597 obj_new 1.00879 SA_pAcc 1 Delta -0.00060243 SA_r 0.312509 freedomratio 0.187922
Iter 6000000 pBad 0.0112241 T 4.52988e-09 Obj 1.00875 Rho 0 GRdif 5.0991 success 978954 failure 1328616 obj_new 1.00875 SA_pAcc 1 Delta -0.00088209 SA_r 0.814601 freedomratio 0.177434
Iter 6500000 pBad 0.00580104 T 1.45027e-09 Obj 1.00874 Rho 0 GRdif 5.08913 success 987550 failure 1658987 obj_new 1.00874 SA_pAcc 1 Delta -0.000178399 SA_r 0.618945 freedomratio 0.170554
Iter 7000000 pBad 0.00383702 T 4.6431e-10 Obj 1.00873 Rho 0 GRdif 5.08854 success 992085 failure 2006747 obj_new 1.00874 SA_pAcc 0 Delta 0.000179252 SA_r 0.541662 freedomratio 0.166952
Iter 7500000 pBad 0.0018752 T 1.48651e-10 Obj 1.00873 Rho 0 GRdif 5.08442 success 995984 failure 2360507 obj_new 1.00873 SA_pAcc 7.58379e-162 Delta 9.87629e-05 SA_r 0.113048 freedomratio 0.165208
Iter 8000000 pBad 0.000731968 T 4.75915e-11 Obj 1.00873 Rho 0 GRdif 5.08297 success 999258 failure 2720412 obj_new 1.00873 SA_pAcc 1.48054e-157 Delta 2.48751e-05 SA_r 0.80831 freedomratio 0.16241
Iter 8500000 pBad 0.00207704 T 1.52367e-11 Obj 1.00872 Rho 0 GRdif 5.08168 success 1002781 failure 3088303 obj_new 1.00872 SA_pAcc 1.51884e-102 Delta 0.000190312 SA_r 0.808058 freedomratio 0.159184
Iter 9000000 pBad 0.000156137 T 4.87809e-12 Obj 1.00872 Rho 0 GRdif 5.08351 success 1005844 failure 3464726 obj_new 1.00873 SA_pAcc 0 Delta 7.20897e-06 SA_r 0.235782 freedomratio 0.155544
Iter 9500000 pBad 0.000444986 T 1.56175e-12 Obj 1.00872 Rho 0 GRdif 5.08058 success 1008987 failure 3841597 obj_new 1.00872 SA_pAcc 1 Delta 2.11947e-05 SA_r 0.300361 freedomratio 0.153907
Good enough
iter 9.77336e+06 obj1.00872 rho 0 GRdif 5.08047
Training:
Lab Growth Rates:
0.7 0.37 0.4 0.4 0.46 0.56 0.55 0.46 1.4 0.11 0.51 0.686 0.4 0.38 0.54 0.4 0.54 0.42 0.54 0.7 0.33 0.54 0.4 0.53 0.56 0.37 0.5 0.636 0.38 0.4 0.33 0.42 0.6 0.53 0.46 0.637 0.65 0.4 1.67 0.17 0.56 0.53 0.23 0.3 0.37 0.47 0.5 0.5 0.636 0.46 0.4 0.37 0.54 0.1 0.46 0.5 0.45 0.5 0.4 0.5 0.53 0.22 0.59 0.5 0.54 0.23 0.4 0.58 1.46 0.4 0.25 0.56 0.33 0.65 0.36 1.483 0.41 0.54 0.38 0.4 0.53 0.65 0.1 0.5 0.23 0.4 1.345 0.53 0.4 0.26 0.42 0.59 0.635 0.377 0.48 0.11 0.43 0.56 0.47 0.37 0.4 0.65 0.53 0.4 0.22 0.58 0.54 0.45 0.4 0.37 0.37 0.53 0.46 0.4 0.45 1.66 0.53 0.55 0.5 0.59 0.635 0.54 0.47 0.59 0.4 0.54 0.59 0.33 0.47 0.68 0.59 0.47 0.4 0.33 0.49 0.52 0.4 0.465 1.483 0.4 0.58 0.38 0.481 0.23 0.47 0.4 0.648 0.59 0.724 1.483 0.56 0.36 0.4 0.762 0.48 0.36 0.47 0.5 1.67 1.43 0.09 0.901 0.42 0.476 0.41 0.59 0.5 0.4 0.637 0.26 0.58 0.4 1.345 0.46 0.47 1.46 0.33 0.55 0.48 0.58 0.22 0.56 1.345 0.31 0.46 0.4 0.617 0.5 0.19 0.42 0.46 0.71 0.52 0.59 0.54 0.25 0.42 0.71 0.23 0.37 0.71 0.33 0.48 0.1 0.3 0.43 0.47 0.27 0.43 0.25 0.3 0.762 0.45 0.3 0.39 0.32 0.39 0.59 0.56 0.4 0.476 0.3 0.19 0.4 0.47 0.5 0.58 0.637 0.47 0.54 0.41 0.39 0.54 0.6 0.724 0.377 0.5 0.42 0.37 0.43 0.1 0.42 0.5 0.36 1.38 0.65 0.465 0.58 0.43 0.43 1.345 0.54 0.42 0.5 1.483 0.4 0.4 0.47 0.45 0.45 0.4 0.1 0.52 0.43 0.51 0.4 0.5 1.483 0.43 0.55 0.43 0.22 0.3 0.56 0.42 0.41 0.46 0.58 0.36 0.46 0.52 0.23 0.42 0.762 0.42 0.37 0.3 0.49 0.54 0.46 1.44 0.3 0.42 0.4 0.56 0.48 0.58 0.762 0.3 0.65 1.345 1.05 0.648 1.248 0.58 0.59 0.33 1.05 0.25 0.46 1.483 0.47 0.27 0.5 0.09 0.54 0.56 0.5 0.4 0.54 0.54 1.248 0.42 0.636 1.42 0.55 0.4 0.4 0.3 0.53 0.47 0.41 0.4 0.54 0.65 0.5 0.23 0.58 0.5 0.36 0.45 0.36 0.4 0.41 0.41 0.4 0.648 0.54 0.34 0.4 0.46 0.59 0.58 0.54 0.42 0.481 0.37 0.724 0.901 0.52 0.48 0.4 0.54 0.45 0.301 0.4 1.345 0.56 0.19 0.5 0.47 0.54 0.22 0.4 0.58 0.3 0.58 0.55 0.686 0.45 0.2 0.4 0.4 0.55 0.52 0.5 0.52 0.3 0.47 0.476 0.46 1.483 0.52 0.27 0.27 0.54 1.345 0.56 0.58 0.301 0.42 0.39 0.31 1.43 0.56 0.4 0.53 0.5 0.26 0.59 0.42 0.39 1.345 0.37 0.45 0.901 0.5 0.45 0.1 0.4 0.32 0.55 0.53 0.42 0.17 0.41 0.59 1.49 0.23 1.05 0.52 0.901 0.45 0.47 0.25 0.43 0.5 0.4 0.45 1.483 1.345 0.14 0.68 0.58 0.46 0.58 0.22 0.14 0.46 0.4 0.55 0.52 0.37 0.5 0.52 0.37 0.635 1.345 0.32 0.3 1.483 0.4 0.2 0.27 0.2 0.25 0.5 0.58 1.46 0.36 1.35 1.248 0.47 0.58 0.09 0.5 0.45 0.901 0.25 0.47 1.483 0.52 0.301 0.45 0.54 0.54 0.3 0.53 0.901 0.5 0.7 0.53 0.465 0.54 0.4 0.6 0.46 1.03 0.47 0.7 0.33 0.65 0.48 0.22 0.68 0.4 0.4 0.56 0.4 0.17 0.55 0.45 0.48 0.51 0.56 0.25 0.47 1.345 0.39 0.46 0.55 0.49 1.345 0.31 0.5 0.43 0.48 0.5 0.5 0.43 0.56 0.45 0.46 0.68 0.4 0.41 1.46 0.4 0.1 0.34 0.47 0.53 0.686 0.37 0.65 0.1 0.377 0.22 0.36 1.248 0.4 0.34 0.54 0.23 1.248 0.58 0.58 0.46 0.4 0.6 1.66 1.05 0.37 0.47 0.47 1.483 0.59 0.1 0.11 0.4 0.481 0.45 1.483 0.56 0.59 0.38 0.27 0.4 1.05 0.45 0.4 0.68 0.5 0.55 0.4
Dot Production Prediction of Lab Growth Rates:
0.731576 0.432884 0.396831 0.40072 0.384604 0.485415 0.486693 0.418124 1.4006 0.324397 0.397063 0.682935 0.395372 0.302698 0.385592 0.400915 0.335926 0.34303 0.475618 0.718836 0.310501 0.472901 0.408598 0.4005 0.539761 0.405746 0.478644 0.689201 0.267249 0.403798 0.462109 0.308203 0.59785 0.547598 0.291054 0.665749 0.653702 0.400295 1.38025 0.438864 0.493364 0.531594 0.55625 0.576615 0.388247 0.372613 0.844432 0.309785 0.678939 0.421863 0.399325 0.400363 0.375286 0.442069 0.342995 0.320627 0.401079 0.479891 0.390899 0.495785 0.41971 0.492105 0.363376 0.810387 0.296134 0.547376 0.400718 0.347257 1.05138 0.382089 0.514751 0.543655 0.317766 0.638385 0.362411 1.27007 0.315049 0.362993 0.268173 0.409005 0.26862 0.639314 1.71989 0.555389 0.544607 0.398812 1.31717 0.53397 0.391778 0.560848 0.301964 0.347155 0.668848 0.629382 0.313381 0.374426 0.376192 0.544804 0.29271 0.395411 0.392766 0.656436 0.327391 0.395871 0.353945 0.469601 0.364493 1.49119 0.395011 0.259892 0.394464 0.544544 0.470027 0.404565 0.309943 1.53283 0.523465 0.481269 0.493052 0.325135 0.669663 0.539428 0.46507 0.558205 0.398747 0.362397 0.538647 0.31478 0.356155 0.360213 0.536907 0.385799 0.40015 0.348686 0.410514 0.385926 0.401884 0.633861 1.37475 0.406256 0.471703 0.36894 0.630038 0.411847 0.324637 0.386114 0.664617 0.336132 0.687095 1.30216 0.470192 0.342276 0.40118 0.765955 0.284762 0.3164 0.382879 0.526161 1.50838 1.11498 0.352031 0.901254 0.335736 0.63451 0.392068 0.295616 0.378244 0.393269 0.670943 0.454656 0.467331 0.361733 1.3223 0.548491 0.411532 1.45558 0.320687 0.537862 0.350428 0.40201 0.409484 0.530095 1.35842 0.597634 0.459003 0.400108 0.8753 0.658784 0.301679 0.400128 0.531093 0.682644 0.330944 0.30598 0.564917 1.51527 0.260867 0.676181 0.409146 0.395628 0.685411 0.525758 0.270332 0.456512 0.507074 0.342188 0.35938 0.592189 0.364743 0.315639 0.598573 0.785862 1.52896 0.385695 0.348266 0.320326 0.354369 0.301777 0.549425 0.403544 0.635075 0.287947 0.299818 0.402964 0.4237 0.449728 0.368467 0.670698 0.368395 0.549935 0.362377 0.298525 0.288796 0.56544 0.689058 0.629598 0.338284 0.582191 0.541844 0.440321 1.99867 0.32388 0.771769 0.435722 1.26991 0.650232 0.63388 0.492585 0.422675 0.365359 1.33442 0.529234 0.340006 0.681574 1.28976 0.403994 0.399749 0.396296 0.409896 0.394274 0.400601 0.999794 0.366101 0.371785 0.422059 0.399339 0.336246 1.29422 0.397035 0.54919 0.390558 0.486401 0.353611 0.472849 0.335026 0.627569 0.422337 0.464603 0.347376 0.467188 0.373177 0.551146 0.323379 0.774964 0.557013 0.393027 0.300126 0.390975 0.484588 0.460178 1.47344 0.561642 0.343822 0.39429 0.545941 0.296922 0.365592 0.780243 0.602811 0.662692 1.31614 1.40813 0.666879 0.829413 0.499501 0.549822 0.505128 1.05276 0.480396 0.31592 1.35089 0.391395 0.377048 0.536931 0.472194 0.407719 0.541501 0.493617 0.40443 0.317717 0.392533 0.830167 0.282308 0.688047 1.53982 0.492109 0.402644 0.397405 0.301489 0.473114 0.343925 0.388744 0.400315 0.484361 0.643389 0.742411 0.548831 0.397419 0.815616 0.431619 0.273079 0.325146 0.404572 0.62618 0.339039 0.400396 0.670587 0.386435 0.339963 0.39296 0.463244 0.550989 0.281922 0.34442 0.330801 0.625737 0.400169 0.683783 0.901321 0.389658 0.266747 0.393012 0.482426 1.47293 0.632709 0.402204 1.37864 0.495831 0.293935 0.346437 0.360776 0.555738 0.492032 0.403119 0.447891 0.540261 0.471104 0.494145 0.686191 1.44734 0.361896 0.396521 0.398644 0.557722 0.351329 0.74768 0.372277 0.299664 0.464618 0.629912 0.395264 1.33693 0.388893 0.317843 0.366876 0.489289 1.32273 0.47171 0.497616 0.645757 0.576403 0.305294 0.576895 1.12657 0.545372 0.398335 0.44462 0.334413 0.379343 0.353419 0.331253 0.321513 1.32448 0.394602 0.353981 0.910006 0.341957 0.353017 1.93893 0.401231 0.330278 0.492813 0.378092 0.31904 0.299006 0.628202 0.539193 1.50455 0.53816 1.05255 0.359175 0.819606 0.353808 0.353643 0.338522 0.421126 0.47975 0.381195 1.46195 1.35534 1.31241 0.528976 0.359952 0.374885 0.446751 0.48966 0.486494 0.530424 0.35862 0.391927 0.549667 0.345818 0.400884 0.723701 0.360885 0.389578 0.672017 1.39246 0.351886 0.542336 1.33413 0.404187 0.346108 0.353576 0.3221 0.991468 0.397888 0.393052 1.09673 0.366886 1.07402 0.83443 0.36347 0.471418 0.368134 0.366866 0.351574 0.907967 0.334125 0.341306 1.32283 0.375884 0.637807 0.397781 0.382281 0.526937 0.457028 0.305518 0.901303 0.561478 0.727474 0.53228 0.627322 0.529756 0.283474 0.571496 0.36524 1.25777 0.338168 0.731457 0.369631 0.622604 0.341927 0.49077 0.355382 0.383627 0.40645 0.524721 0.402966 0.2952 0.495292 0.296081 0.369968 0.435309 0.54532 0.33098 0.350756 1.36263 0.316937 0.335652 0.539729 0.378457 1.29591 0.577784 0.746144 0.36181 0.350503 0.363957 0.777456 0.385752 0.550401 0.351443 0.484136 0.355407 0.401094 0.411617 1.03191 0.404737 1.69391 0.321046 0.365488 0.530166 0.688407 0.398305 0.666103 0.333694 0.638936 0.457797 0.367036 0.842061 0.404172 0.341746 0.335488 0.409603 0.83074 0.473696 0.319754 0.52733 0.402186 0.586778 1.55037 1.04763 0.44338 0.400408 0.476317 1.32911 0.54621 1.42069 0.390877 0.404067 0.622733 1.56055 1.29836 0.54472 0.343752 0.376038 0.270291 0.386841 1.05039 1.50455 0.395561 0.362021 0.523636 0.562901 0.298696
Testing:
Lab Growth Rates:
0.485 0.485 0.485 0.485
Dot Production Prediction of Lab Growth Rates:
0.627967 0.629723 0.62672 0.630824
Best performance so far: 
Obj: 4.67679e-310Rho: 2.122e-314Diff: 4.67679e-310
Test:
 Lab Growth Rates:
0.485 0.485 0.485 0.485Dot Product Prediction of Growth Rate:
0.6279673 0.6297229 0.6267203 0.6308241