seed =  5 traits =  1 
Training: part  41 
Training: part  41 
Round  1 
 Goal of obj  0.99 
Temperature range:  0.00390625 7.8125e-16 
Cycle 1Round 1
Iter 500000 pBad 0.831937 T 0.000905342 Obj 1.05938 Rho 0 GRdif 33.8048 success 145536 failure 11781 obj_new 1.05938 SA_pAcc 1.2022 Delta -0.0751586 SA_r 0.833244 freedomratio 0.3754
Iter 1000000 pBad 0.748967 T 0.000209828 Obj 1.03252 Rho 0 GRdif 18.7558 success 287323 failure 32654 obj_new 1.03252 SA_pAcc 1.36345 Delta -0.0622777 SA_r 0.240498 freedomratio 0.363524
Iter 1500000 pBad 0.64688 T 4.86313e-05 Obj 1.02436 Rho 0 GRdif 14.101 success 426964 failure 59073 obj_new 1.02436 SA_pAcc 1 Delta 0.0307577 SA_r 0.366023 freedomratio 0.36625
Iter 2000000 pBad 0.462692 T 1.12711e-05 Obj 1.01883 Rho 0 GRdif 10.9317 success 560613 failure 95566 obj_new 1.01883 SA_pAcc 1.02832 Delta 0.0136251 SA_r 0.940284 freedomratio 0.36809
Iter 2500000 pBad 0.353113 T 2.61227e-06 Obj 1.01283 Rho 0 GRdif 7.46986 success 683599 failure 153245 obj_new 1.01283 SA_pAcc 1 Delta 0.0119313 SA_r 0.118816 freedomratio 0.349225
Iter 3000000 pBad 0.271561 T 6.05439e-07 Obj 1.00924 Rho 0 GRdif 5.38845 success 787176 failure 249911 obj_new 1.00924 SA_pAcc 1.61234 Delta -0.0124928 SA_r 0.493992 freedomratio 0.332577
Iter 3500000 pBad 0.086273 T 1.40321e-07 Obj 1.00831 Rho 0 GRdif 4.85135 success 861943 failure 409691 obj_new 1.00831 SA_pAcc 1 Delta -0.00336947 SA_r 0.412323 freedomratio 0.284052
Iter 4000000 pBad 0.0361942 T 3.25217e-08 Obj 1.00814 Rho 0 GRdif 4.75334 success 898100 failure 666168 obj_new 1.00814 SA_pAcc 0.0395931 Delta 0.000644724 SA_r 0.236817 freedomratio 0.236576
Iter 4500000 pBad 0.0160747 T 7.53746e-09 Obj 1.00811 Rho 0 GRdif 4.73593 success 915482 failure 980610 obj_new 1.00811 SA_pAcc 2.00804 Delta 0.000161486 SA_r 0.645081 freedomratio 0.218412
Iter 5000000 pBad 0.00555193 T 1.74693e-09 Obj 1.00811 Rho 0 GRdif 4.73968 success 924006 failure 1324345 obj_new 1.00812 SA_pAcc 0 Delta -0.00010236 SA_r 0.0427048 freedomratio 0.20981
Iter 5500000 pBad 0.00341012 T 4.04881e-10 Obj 1.0081 Rho 0 GRdif 4.72826 success 927978 failure 1682484 obj_new 1.0081 SA_pAcc 2.44748e-63 Delta -0.000292051 SA_r 0.141172 freedomratio 0.206556
Iter 6000000 pBad 0.00107244 T 9.38381e-11 Obj 1.0081 Rho 0 GRdif 4.72784 success 930656 failure 2047126 obj_new 1.0081 SA_pAcc 0 Delta -2.28793e-06 SA_r 0.166933 freedomratio 0.20326
Iter 6500000 pBad 0.00121753 T 2.17486e-11 Obj 1.0081 Rho 0 GRdif 4.72616 success 932161 failure 2416295 obj_new 1.0081 SA_pAcc 3.59736e-162 Delta 5.31978e-05 SA_r 0.88568 freedomratio 0.201999
Iter 7000000 pBad 0.000312194 T 5.0406e-12 Obj 1.0081 Rho 0 GRdif 4.7258 success 933252 failure 2788006 obj_new 1.0081 SA_pAcc 1 Delta 2.63263e-05 SA_r 0.185555 freedomratio 0.200273
Iter 7500000 pBad 0.00093786 T 1.16824e-12 Obj 1.0081 Rho 0 GRdif 4.72597 success 935197 failure 3158367 obj_new 1.0081 SA_pAcc 0 Delta 3.68176e-05 SA_r 0.984226 freedomratio 0.19932
Iter 8000000 pBad 0.000963983 T 2.7076e-13 Obj 1.0081 Rho 0 GRdif 4.86233 success 938335 failure 3519674 obj_new 1.00833 SA_pAcc 0 Delta -9.03828e-06 SA_r 0.242523 freedomratio 0.194104
Iter 8500000 pBad 4.63088e-21 T 6.27533e-14 Obj 1.0081 Rho 0 GRdif 4.72515 success 940588 failure 3872501 obj_new 1.0081 SA_pAcc 1 Delta -1.01627e-22 SA_r 0.676616 freedomratio 0.182327
Iter 9000000 pBad 6.3488e-111 T 1.45441e-14 Obj 1.0081 Rho 0 GRdif 4.72515 success 940588 failure 4161587 obj_new 1.0081 SA_pAcc 1 Delta -4.47293e-112 SA_r 0.403893 freedomratio 0.18148
Iter 9500000 pBad 9.04775e-204 T 3.37085e-15 Obj 1.0081 Rho 0 GRdif 4.72533 success 940588 failure 4455928 obj_new 1.0081 SA_pAcc 0 Delta -2.49148e-205 SA_r 0.198411 freedomratio 0.112239
Iter 10000000 pBad 0 T 7.81252e-16 Obj 1.0081 Rho 0 GRdif 4.73254 success 940588 failure 4784574 obj_new 1.00811 SA_pAcc 0 Delta -0 SA_r 0.406366 freedomratio 0.0439247
Cannot move further
iter 8.4859e+06 obj1.0081 rho 0 GRdif 4.72515
Training:
Lab Growth Rates:
1.43 0.1 1.345 0.48 0.47 0.36 0.3 0.56 0.52 0.41 1.483 0.55 0.22 0.5 1.483 0.5 0.46 0.51 0.37 1.248 0.23 0.26 0.22 0.5 0.2 0.3 0.377 0.31 0.19 0.32 0.48 0.55 0.47 0.4 0.54 1.483 1.345 1.345 0.45 0.36 0.26 0.42 0.09 1.483 0.56 0.3 0.25 0.1 0.23 0.56 0.5 0.38 0.71 0.59 1.4 0.476 0.636 0.617 0.58 0.5 0.56 0.5 0.53 0.3 0.23 0.5 0.34 0.59 0.54 0.5 0.46 0.42 0.481 0.46 0.58 0.4 0.47 0.46 0.47 0.5 0.636 0.5 0.52 0.58 0.52 0.54 0.47 0.53 0.47 0.4 0.762 0.22 0.53 0.58 0.5 0.4 0.55 0.901 0.54 0.42 0.54 1.483 0.762 0.4 0.48 0.54 1.248 1.66 0.45 0.53 0.55 0.38 0.686 0.33 0.45 0.485 0.4 0.4 0.46 1.46 0.4 0.4 0.45 0.45 0.5 0.901 0.56 0.47 0.1 0.648 0.465 0.48 0.23 0.7 0.46 0.724 0.762 0.33 0.39 0.45 0.47 0.53 0.37 0.42 0.4 0.4 0.4 1.483 0.54 0.648 0.4 0.42 0.17 0.4 0.54 0.5 1.05 1.345 0.65 0.636 0.39 0.54 0.59 0.49 0.47 0.58 0.42 0.55 1.248 0.32 0.56 0.48 0.45 0.34 0.43 0.58 0.37 0.36 0.25 0.4 0.637 0.55 0.71 0.31 0.46 0.52 0.4 0.4 0.59 0.33 0.56 0.51 0.4 0.54 0.4 0.58 0.635 0.59 0.5 0.46 0.49 0.58 0.22 0.3 0.56 0.45 1.248 0.47 1.248 0.58 0.59 0.6 1.345 0.45 0.33 0.3 0.54 0.55 0.19 0.23 0.901 0.3 0.11 0.71 0.27 0.47 0.37 0.54 0.4 0.686 1.46 0.54 1.67 0.4 0.3 0.42 0.56 0.1 0.25 0.4 1.483 0.33 0.476 0.37 0.4 0.377 0.25 0.5 0.25 0.4 0.4 0.46 0.56 0.901 1.05 0.37 0.4 0.33 0.54 0.42 0.5 1.49 0.59 1.345 0.46 0.47 0.54 0.56 0.4 0.43 0.42 0.45 1.345 0.39 0.4 0.53 0.65 0.45 0.39 0.27 0.38 0.5 0.54 0.37 0.52 0.46 0.7 0.09 0.37 0.4 0.3 0.1 0.58 0.637 0.53 0.53 0.47 1.345 0.5 0.58 0.52 0.23 1.43 0.48 0.22 0.4 1.483 0.48 0.43 0.47 0.6 0.6 0.41 0.485 0.3 0.39 0.55 0.59 0.3 0.45 0.485 0.4 0.5 0.4 0.481 0.46 0.56 0.56 0.43 0.33 0.47 0.19 0.58 1.483 0.55 0.5 0.42 0.45 0.27 0.5 0.41 0.37 0.4 0.43 0.47 0.54 1.46 0.17 0.14 0.53 0.7 0.53 0.5 0.36 0.5 0.58 0.36 0.54 0.47 0.42 0.43 0.4 0.47 0.47 0.1 0.42 0.4 0.52 1.345 0.54 0.46 0.43 0.34 0.25 0.55 0.301 0.59 0.56 0.1 1.46 0.17 0.49 0.5 0.45 0.4 0.3 0.14 0.59 0.33 0.4 0.22 0.53 0.25 0.42 1.345 0.37 0.4 0.38 0.36 0.38 0.42 0.53 0.23 0.3 0.46 0.68 0.59 0.635 1.345 1.483 0.58 0.476 0.648 0.4 0.43 0.37 0.54 0.68 0.41 0.5 0.52 0.68 0.635 0.36 0.47 0.4 0.41 0.58 0.11 0.56 0.7 0.51 0.37 0.41 0.43 0.36 0.43 0.42 0.68 0.11 0.46 0.27 0.55 0.52 0.54 0.59 1.66 1.05 0.47 1.42 0.22 0.45 0.59 1.44 0.32 0.58 0.46 0.45 0.54 0.5 0.4 0.39 0.45 0.52 0.4 0.54 0.09 0.485 0.4 1.38 0.4 0.42 0.4 0.4 0.41 0.58 0.46 0.54 0.27 0.53 0.5 0.65 0.58 0.2 0.27 0.481 0.58 0.4 0.45 0.52 0.65 0.4 0.47 0.65 0.54 1.35 0.68 0.46 0.43 0.46 0.65 0.31 0.4 0.47 0.901 0.5 0.43 0.65 0.55 0.36 1.483 0.42 0.52 0.465 0.37 0.65 0.65 1.345 0.2 0.33 0.4 0.4 0.4 0.637 0.25 1.67 0.23 0.377 0.37 0.5 0.53 0.41 0.5 0.37 0.41 0.26 0.59 0.4 0.901 0.6 0.54 0.4 1.05 1.03 0.5 0.59 0.48 1.483 0.4 0.58 0.23 0.5 0.301 0.46 0.45 0.724 0.4 0.46 0.5 0.5 0.4 0.4 0.3 0.53 0.22 0.4 0.37 0.724 0.54 0.762 1.05 0.301 0.47 0.54 0.4 0.4 0.48 0.686 0.59 0.4 0.42 0.465 0.1 0.1 0.58 0.4
Dot Production Prediction of Lab Growth Rates:
1.18283 0.913181 1.08357 0.302234 0.347122 0.33067 0.390707 0.544635 0.393021 0.383619 1.06404 0.55702 0.422527 0.496772 1.08691 0.590586 0.446726 0.384165 0.404567 0.918122 0.537217 0.541356 0.479311 0.379588 0.383619 0.334801 0.455547 0.548349 0.320004 0.302273 0.355822 0.54567 0.383139 0.394052 0.470453 1.0347 1.10928 1.03887 0.419361 0.358539 0.445701 0.558834 0.439189 1.08357 0.539038 0.322406 1.52933 0.816961 0.535856 0.538989 0.546481 0.308741 0.721278 0.333216 1.4894 0.46622 0.716979 0.669335 0.451547 0.33904 0.549719 0.469169 0.423595 0.313545 0.534018 0.651452 0.318442 0.535223 0.456631 0.363905 0.499449 0.354728 0.46469 0.461851 0.377543 0.404056 0.454925 0.365341 0.348178 0.538667 0.724246 0.405647 0.330297 0.361782 0.34682 0.386129 0.39795 0.399464 0.336283 0.403927 0.895715 0.465285 0.356052 0.365982 0.614299 0.396758 0.463722 0.906695 0.458416 0.344696 0.47008 1.09312 0.884509 0.400915 0.346038 0.326001 0.922336 1.66 1.50478 0.522246 0.472853 0.360906 0.718844 0.330714 1.53849 0.465193 0.403211 0.402649 0.308947 1.58319 0.386078 0.398107 1.49544 0.340845 0.66529 0.904714 0.490432 0.414076 0.916039 0.704799 0.464974 0.347419 0.420151 0.620331 0.466277 0.719339 0.891972 0.35584 0.35795 0.317301 0.373006 0.46663 0.307295 0.35378 0.397585 0.401882 0.399075 1.10004 0.377504 0.704814 0.403652 0.545121 0.322038 0.40073 0.536875 0.673383 1.05 1.08672 0.642529 0.721403 0.33941 0.560656 0.349214 0.372869 0.360102 0.487827 0.330846 0.468797 0.929896 0.322784 0.489413 0.305637 0.362798 0.332396 0.40071 0.368794 0.425507 0.342954 0.317903 0.398492 0.705466 0.562358 0.71752 0.557192 0.345507 0.363513 0.398252 0.400398 0.330155 0.473466 0.481607 0.416457 0.400409 0.546816 0.399974 0.468947 0.706247 0.32372 0.490893 0.316726 0.372352 0.476186 0.469078 0.400882 0.538513 0.396268 0.921101 0.35577 0.918909 0.368243 0.546641 0.389959 1.04562 1.49866 0.367734 0.368588 0.364148 0.53867 0.314536 0.541889 0.901 0.375179 0.339878 0.713139 0.359689 0.436651 0.406104 0.381078 0.403014 0.72253 1.02725 0.549976 1.53554 0.39465 0.364272 0.337499 0.535341 1.00217 0.349921 0.402254 1.06513 0.494419 0.464288 0.407163 0.404162 0.456133 0.352603 0.46773 0.351202 0.320805 0.401281 0.405916 0.473825 0.900958 1.05614 0.515804 0.400792 0.347834 0.294349 0.353386 0.488175 1.57033 0.324151 1.09053 0.434863 0.411456 0.376499 0.541322 0.399977 0.372374 0.394543 1.48455 1.0683 0.310286 0.397753 0.516476 0.649725 0.406733 0.333643 0.369373 0.314226 0.65739 0.466909 0.408369 0.374276 0.512329 0.614452 0.370762 0.414967 0.401408 0.337051 1.43253 0.469404 0.708901 0.33095 0.524689 0.355777 1.09614 0.33421 0.464849 0.355162 0.42012 1.18125 0.327763 0.480123 0.404728 1.03747 0.346044 0.419295 0.362003 0.383434 0.387834 0.460962 0.461646 0.341855 0.334922 0.455217 0.548649 0.369672 0.338166 0.464224 0.402971 0.336232 0.399667 0.462425 0.495153 0.474768 0.538082 0.435453 0.311903 0.399586 0.311362 0.48933 1.0705 0.543005 0.328499 0.334377 0.382673 0.302326 0.627595 0.360169 0.383033 0.395954 0.352292 0.351803 0.39672 1.03564 0.41382 0.140013 0.530061 0.620162 0.348781 0.553655 0.407148 0.326848 0.342467 0.415629 0.372819 0.364827 0.345914 0.387745 0.401607 0.470688 0.334546 0.345814 0.320625 0.399403 0.400763 1.07075 0.539976 0.467528 0.370196 0.322579 0.501865 0.465126 0.465857 0.364383 0.476083 1.06333 1.0329 0.326067 0.388372 0.330347 1.57033 0.397037 0.368726 0.139735 0.546383 0.436675 0.401265 0.353914 0.545392 0.812227 0.31506 1.04614 0.415277 0.399442 0.317194 0.322802 0.370497 0.337651 0.529424 0.418533 0.335508 0.373116 0.394286 0.535135 0.709892 1.11244 1.04004 0.488677 0.468872 0.700531 0.397839 0.406839 0.413769 0.537082 0.392715 0.466001 0.611368 0.389292 0.398404 0.709567 0.352006 0.410781 0.399549 0.374279 0.472512 0.367223 0.537228 0.624826 0.400974 0.406113 0.465611 0.415901 0.366939 0.379807 0.336109 0.397991 0.382182 0.391594 0.539326 0.541605 0.358918 0.330311 0.382095 1.66 1.5838 0.402194 1.56069 0.381717 0.341401 0.536952 1.53733 0.342442 0.475587 0.34596 0.376958 0.389451 0.697863 0.336012 0.338754 0.368647 0.366621 0.402968 0.36175 0.341981 0.467753 0.400493 1.36127 0.403225 0.551231 0.397662 0.40046 0.318426 0.308439 0.459982 0.363308 0.336521 0.397644 0.473402 0.626497 0.318993 0.360555 0.378297 0.464073 0.383828 0.396314 1.58925 0.341445 0.65786 0.402558 0.376675 0.650024 0.546497 1.11256 0.398066 0.406695 0.362179 0.480336 0.631635 0.548427 0.400687 0.383412 0.909275 0.52653 0.365491 0.655528 0.471704 0.346887 1.06215 0.36216 0.373015 0.466992 0.412369 0.649723 0.654384 1.12009 0.385318 0.322454 0.398992 0.402437 0.402363 0.709783 0.475618 1.45551 0.538356 0.459222 0.39284 0.398253 0.285989 0.387564 0.334923 0.388905 0.346101 0.368642 0.34511 0.402845 0.885183 0.387871 0.364104 0.400666 1.0245 1.37476 0.633425 0.54008 0.296684 1.05066 0.403971 0.467896 0.535907 0.371787 0.46518 0.430022 0.339988 0.723861 0.401705 0.450841 0.6849 0.525067 0.406392 0.40467 0.389972 0.525567 0.467081 0.397419 0.416921 0.719394 0.46079 0.906744 1.05 0.464167 0.36971 0.325791 0.403731 0.396652 0.327776 0.722678 0.348192 0.392482 0.318514 0.46486 0.438053 0.436247 0.493143 0.404818
Testing:
Lab Growth Rates:
0.56 0.56 0.56
Dot Production Prediction of Lab Growth Rates:
0.531503 0.527741 0.530174
Best performance so far: 
Obj: 4.64819e-310Rho: 2.26291e-314Diff: 4.64819e-310
Anneal again with the best G and E so far as input
Cycle 2Round 1
Iter 500000 pBad 0.781458 T 0.000905342 Obj 1.06264 Rho 0 GRdif 35.6022 success 105270 failure 11950 obj_new 1.06264 SA_pAcc 0.819489 Delta 0.0605492 SA_r 0.788091 freedomratio 0.25
Iter 1000000 pBad 0.658374 T 0.000209828 Obj 1.0364 Rho 0 GRdif 20.9521 success 205709 failure 34670 obj_new 1.0364 SA_pAcc 1 Delta 0.0149386 SA_r 0.691881 freedomratio 0.250642
Iter 1500000 pBad 0.590153 T 4.86313e-05 Obj 1.02564 Rho 0 GRdif 14.8359 success 302180 failure 67267 obj_new 1.02564 SA_pAcc 1 Delta -0.0195579 SA_r 0.379639 freedomratio 0.245702
Iter 2000000 pBad 0.53446 T 1.12711e-05 Obj 1.02065 Rho 0 GRdif 11.9749 success 396265 failure 105927 obj_new 1.02065 SA_pAcc 1.15938 Delta -0.0240039 SA_r 0.268136 freedomratio 0.24915
Iter 2500000 pBad 0.359705 T 2.61227e-06 Obj 1.01643 Rho 0 GRdif 9.54795 success 488037 failure 149899 obj_new 1.01643 SA_pAcc 1 Delta 0.00295268 SA_r 0.92983 freedomratio 0.241351
Iter 3000000 pBad 0.22198 T 6.05439e-07 Obj 1.01211 Rho 0 GRdif 7.05644 success 568055 failure 224874 obj_new 1.01211 SA_pAcc 1 Delta 0.0150419 SA_r 0.673309 freedomratio 0.229085
Iter 3500000 pBad 0.164315 T 1.40321e-07 Obj 1.01066 Rho 0 GRdif 6.21375 success 636499 failure 329555 obj_new 1.01066 SA_pAcc 1 Delta 0.006403 SA_r 0.465699 freedomratio 0.212012
Iter 4000000 pBad 0.0624931 T 3.25217e-08 Obj 1.00964 Rho 0 GRdif 5.62373 success 690770 failure 486596 obj_new 1.00964 SA_pAcc 1 Delta 6.16682e-05 SA_r 0.0770777 freedomratio 0.184277
Iter 4500000 pBad 0.0242114 T 7.53746e-09 Obj 1.00933 Rho 0 GRdif 5.44134 success 719970 failure 729591 obj_new 1.00933 SA_pAcc 0.0293344 Delta -0.000718457 SA_r 0.260323 freedomratio 0.164192
Iter 5000000 pBad 0.0113161 T 1.74693e-09 Obj 1.00925 Rho 0 GRdif 5.39555 success 734762 failure 1026424 obj_new 1.00925 SA_pAcc 1 Delta -0.000870493 SA_r 0.184235 freedomratio 0.152604
Iter 5500000 pBad 0.00444656 T 4.04881e-10 Obj 1.00922 Rho 0 GRdif 5.37842 success 745103 failure 1358937 obj_new 1.00922 SA_pAcc 0 Delta -0.000306549 SA_r 0.490829 freedomratio 0.141649
Iter 6000000 pBad 0.00460659 T 9.38381e-11 Obj 1.00921 Rho 0 GRdif 5.372 success 752404 failure 1721118 obj_new 1.00921 SA_pAcc 5.36579e-229 Delta 0.000413173 SA_r 0.352933 freedomratio 0.134435
Iter 6500000 pBad 0.000481595 T 2.17486e-11 Obj 1.0092 Rho 0 GRdif 5.36916 success 758680 failure 2101820 obj_new 1.0092 SA_pAcc 0 Delta 2.53252e-06 SA_r 0.430197 freedomratio 0.130396
Iter 7000000 pBad 0.000627985 T 5.0406e-12 Obj 1.0092 Rho 0 GRdif 5.36663 success 765553 failure 2497450 obj_new 1.0092 SA_pAcc 0 Delta 3.63504e-05 SA_r 0.586259 freedomratio 0.126211
Iter 7500000 pBad 0.000599631 T 1.16824e-12 Obj 1.0092 Rho 0 GRdif 5.37896 success 771475 failure 2904729 obj_new 1.00922 SA_pAcc 0 Delta 3.71515e-05 SA_r 0.932522 freedomratio 0.124548
Iter 8000000 pBad 6.73958e-05 T 2.7076e-13 Obj 1.0092 Rho 0 GRdif 5.36519 success 778002 failure 3317056 obj_new 1.0092 SA_pAcc 0 Delta -4.39003e-06 SA_r 0.253317 freedomratio 0.123161
Iter 8500000 pBad 7.63154e-291 T 6.27533e-14 Obj 1.0092 Rho 0 GRdif 5.3662 success 778728 failure 3684090 obj_new 1.0092 SA_pAcc 0 Delta 6.85367e-292 SA_r 0.945476 freedomratio 0.118384
Iter 9000000 pBad 8.2507e-174 T 1.45441e-14 Obj 1.0092 Rho 0 GRdif 5.36507 success 778728 failure 4049909 obj_new 1.0092 SA_pAcc 0 Delta -2.81222e-176 SA_r 0.17397 freedomratio 0.0924874
Iter 9500000 pBad 0 T 3.37085e-15 Obj 1.0092 Rho 0 GRdif 5.39645 success 778728 failure 4430877 obj_new 1.00925 SA_pAcc 0 Delta -0 SA_r 0.35198 freedomratio 0.0553875
Good enough
iter 8.09012e+06 obj1.0092 rho 0 GRdif 5.36505
Training:
Lab Growth Rates:
1.43 0.1 1.345 0.48 0.47 0.36 0.3 0.56 0.52 0.41 1.483 0.55 0.22 0.5 1.483 0.5 0.46 0.51 0.37 1.248 0.23 0.26 0.22 0.5 0.2 0.3 0.377 0.31 0.19 0.32 0.48 0.55 0.47 0.4 0.54 1.483 1.345 1.345 0.45 0.36 0.26 0.42 0.09 1.483 0.56 0.3 0.25 0.1 0.23 0.56 0.5 0.38 0.71 0.59 1.4 0.476 0.636 0.617 0.58 0.5 0.56 0.5 0.53 0.3 0.23 0.5 0.34 0.59 0.54 0.5 0.46 0.42 0.481 0.46 0.58 0.4 0.47 0.46 0.47 0.5 0.636 0.5 0.52 0.58 0.52 0.54 0.47 0.53 0.47 0.4 0.762 0.22 0.53 0.58 0.5 0.4 0.55 0.901 0.54 0.42 0.54 1.483 0.762 0.4 0.48 0.54 1.248 1.66 0.45 0.53 0.55 0.38 0.686 0.33 0.45 0.485 0.4 0.4 0.46 1.46 0.4 0.4 0.45 0.45 0.5 0.901 0.56 0.47 0.1 0.648 0.465 0.48 0.23 0.7 0.46 0.724 0.762 0.33 0.39 0.45 0.47 0.53 0.37 0.42 0.4 0.4 0.4 1.483 0.54 0.648 0.4 0.42 0.17 0.4 0.54 0.5 1.05 1.345 0.65 0.636 0.39 0.54 0.59 0.49 0.47 0.58 0.42 0.55 1.248 0.32 0.56 0.48 0.45 0.34 0.43 0.58 0.37 0.36 0.25 0.4 0.637 0.55 0.71 0.31 0.46 0.52 0.4 0.4 0.59 0.33 0.56 0.51 0.4 0.54 0.4 0.58 0.635 0.59 0.5 0.46 0.49 0.58 0.22 0.3 0.56 0.45 1.248 0.47 1.248 0.58 0.59 0.6 1.345 0.45 0.33 0.3 0.54 0.55 0.19 0.23 0.901 0.3 0.11 0.71 0.27 0.47 0.37 0.54 0.4 0.686 1.46 0.54 1.67 0.4 0.3 0.42 0.56 0.1 0.25 0.4 1.483 0.33 0.476 0.37 0.4 0.377 0.25 0.5 0.25 0.4 0.4 0.46 0.56 0.901 1.05 0.37 0.4 0.33 0.54 0.42 0.5 1.49 0.59 1.345 0.46 0.47 0.54 0.56 0.4 0.43 0.42 0.45 1.345 0.39 0.4 0.53 0.65 0.45 0.39 0.27 0.38 0.5 0.54 0.37 0.52 0.46 0.7 0.09 0.37 0.4 0.3 0.1 0.58 0.637 0.53 0.53 0.47 1.345 0.5 0.58 0.52 0.23 1.43 0.48 0.22 0.4 1.483 0.48 0.43 0.47 0.6 0.6 0.41 0.485 0.3 0.39 0.55 0.59 0.3 0.45 0.485 0.4 0.5 0.4 0.481 0.46 0.56 0.56 0.43 0.33 0.47 0.19 0.58 1.483 0.55 0.5 0.42 0.45 0.27 0.5 0.41 0.37 0.4 0.43 0.47 0.54 1.46 0.17 0.14 0.53 0.7 0.53 0.5 0.36 0.5 0.58 0.36 0.54 0.47 0.42 0.43 0.4 0.47 0.47 0.1 0.42 0.4 0.52 1.345 0.54 0.46 0.43 0.34 0.25 0.55 0.301 0.59 0.56 0.1 1.46 0.17 0.49 0.5 0.45 0.4 0.3 0.14 0.59 0.33 0.4 0.22 0.53 0.25 0.42 1.345 0.37 0.4 0.38 0.36 0.38 0.42 0.53 0.23 0.3 0.46 0.68 0.59 0.635 1.345 1.483 0.58 0.476 0.648 0.4 0.43 0.37 0.54 0.68 0.41 0.5 0.52 0.68 0.635 0.36 0.47 0.4 0.41 0.58 0.11 0.56 0.7 0.51 0.37 0.41 0.43 0.36 0.43 0.42 0.68 0.11 0.46 0.27 0.55 0.52 0.54 0.59 1.66 1.05 0.47 1.42 0.22 0.45 0.59 1.44 0.32 0.58 0.46 0.45 0.54 0.5 0.4 0.39 0.45 0.52 0.4 0.54 0.09 0.485 0.4 1.38 0.4 0.42 0.4 0.4 0.41 0.58 0.46 0.54 0.27 0.53 0.5 0.65 0.58 0.2 0.27 0.481 0.58 0.4 0.45 0.52 0.65 0.4 0.47 0.65 0.54 1.35 0.68 0.46 0.43 0.46 0.65 0.31 0.4 0.47 0.901 0.5 0.43 0.65 0.55 0.36 1.483 0.42 0.52 0.465 0.37 0.65 0.65 1.345 0.2 0.33 0.4 0.4 0.4 0.637 0.25 1.67 0.23 0.377 0.37 0.5 0.53 0.41 0.5 0.37 0.41 0.26 0.59 0.4 0.901 0.6 0.54 0.4 1.05 1.03 0.5 0.59 0.48 1.483 0.4 0.58 0.23 0.5 0.301 0.46 0.45 0.724 0.4 0.46 0.5 0.5 0.4 0.4 0.3 0.53 0.22 0.4 0.37 0.724 0.54 0.762 1.05 0.301 0.47 0.54 0.4 0.4 0.48 0.686 0.59 0.4 0.42 0.465 0.1 0.1 0.58 0.4
Dot Production Prediction of Lab Growth Rates:
1.18401 2.04782 1.18698 0.273757 0.340833 0.341608 0.388298 0.545263 0.404304 0.416049 1.17665 0.551096 0.472374 0.506353 1.26554 0.605548 0.477237 0.406733 0.426122 0.839722 0.544149 0.553257 0.501125 0.38556 0.362608 0.211058 0.599716 0.570551 0.330662 0.313355 0.365048 0.54288 0.409138 0.371114 0.491678 1.21293 1.21304 1.2455 0.421842 0.378971 0.447899 0.58214 0.488682 1.24804 0.540787 0.308062 1.45582 0.8835 0.539039 0.543671 0.553619 0.270473 0.717886 0.335223 1.4 0.592028 0.712023 0.950444 0.466867 0.346175 0.547191 0.492912 0.451744 0.447404 0.536236 0.678461 0.312421 0.538737 0.480497 0.383938 0.506988 0.331954 0.590296 0.478074 0.406266 0.390903 0.436523 0.358653 0.365869 0.53703 0.716129 0.450089 0.359657 0.357372 0.366843 0.360945 0.397852 0.448677 0.348798 0.391313 0.786898 0.489915 0.395096 0.393774 0.601778 0.380877 0.504676 0.903535 0.479583 0.342191 0.484877 1.23532 0.776601 0.389721 0.338309 0.322903 0.842913 1.47752 1.43378 0.530743 0.506117 0.380774 0.712869 0.303327 1.47141 0.593713 0.390342 0.389268 0.279465 1.44871 0.365495 0.385979 1.41557 0.364157 0.702122 0.907066 0.498072 0.459314 2.06175 0.706712 0.593187 0.349897 0.450609 0.718477 0.476569 0.710264 0.780907 0.365712 0.35647 0.281595 0.382683 0.453754 0.272499 0.349983 0.386187 0.391145 0.387668 1.18601 0.390371 0.708084 0.394728 0.56346 0.307329 0.406127 0.526586 0.673802 1.07469 1.28083 0.635812 0.718712 0.330215 0.562987 0.345211 0.407329 0.360017 0.494803 0.333713 0.50876 0.851014 0.329415 0.492481 0.280066 0.373497 0.332359 0.399087 0.377035 0.452202 0.355955 0.311559 0.387818 0.705943 0.552645 0.710572 0.584409 0.333731 0.378941 0.381212 0.388798 0.316075 0.519477 0.498185 0.441586 0.389763 0.537808 0.403332 0.476813 0.707685 0.314177 0.505548 0.297661 0.408169 0.492359 0.492631 0.607304 0.542023 0.426658 0.841524 0.371446 0.840435 0.380723 0.547526 0.592403 1.23787 1.43489 0.370843 0.538986 0.360274 0.541917 0.315088 0.550427 0.901 0.575766 0.342871 0.706164 0.374899 0.451119 0.427632 0.362168 0.39276 0.71461 1.04073 0.547647 1.47386 0.374965 0.543268 0.301258 0.536149 2.39941 0.351867 0.390204 1.23913 0.509241 0.591359 0.433243 0.391519 0.5936 0.341938 0.489432 0.340019 0.289751 0.388601 0.389661 0.494012 0.899001 1.07278 0.519097 0.390641 0.323936 0.289499 0.339542 0.502923 1.49683 0.306159 1.2032 0.429496 0.369772 0.400595 0.541001 0.387142 0.383391 0.417411 1.40688 1.21035 0.293011 0.382727 0.506223 0.650062 0.430398 0.323045 0.375117 0.275979 0.699329 0.46963 0.434688 0.397974 0.528036 0.717715 0.390588 0.444588 0.388195 0.212031 1.39697 0.489926 0.709244 0.319179 0.531754 0.362857 1.22953 0.331247 0.489237 0.391172 0.449492 1.17517 0.300416 0.501309 0.393615 1.22735 0.353056 0.428225 0.363081 0.568262 0.582731 0.60896 0.592632 0.217234 0.312158 0.482596 0.550324 0.548269 0.294769 0.594515 0.393072 0.336076 0.384765 0.586736 0.518744 0.493352 0.544424 0.425917 0.305963 0.413454 0.315889 0.500982 1.15568 0.547188 0.339322 0.321269 0.360333 0.280259 0.649365 0.378975 0.415493 0.382369 0.362667 0.383548 0.423684 1.04957 0.451331 0.734912 0.534293 0.71381 0.343513 0.56038 0.443041 0.320958 0.367452 0.444662 0.341543 0.353975 0.328893 0.391194 0.39224 0.445807 0.322102 0.329064 0.294372 0.40319 0.415311 1.21849 0.530218 0.47791 0.378135 0.325212 0.504275 0.504991 0.614287 0.352599 0.493455 2.44537 1.05304 0.308943 0.43063 0.333087 1.49683 0.386173 0.355559 0.730764 0.547156 0.477648 0.386605 0.374646 0.546549 0.890226 0.276282 1.24931 0.445815 0.383394 0.309475 0.320421 0.381232 0.329448 0.536936 0.448623 0.494213 0.379119 0.522992 0.539448 0.710686 1.29687 1.17788 0.4969 0.598864 0.699605 0.384876 0.395933 0.448153 0.529345 0.520037 0.607197 0.631299 0.382525 0.52942 0.711505 0.359846 0.365214 0.387281 0.391598 0.491543 0.386333 0.540906 0.722154 0.430397 0.426568 0.604488 0.408774 0.379741 0.356326 0.319183 0.52976 0.410941 0.397631 0.566458 0.542963 0.377585 0.344874 0.369983 1.52472 1.38365 0.444424 1.48662 0.415801 0.362716 0.540836 1.45595 0.36452 0.494947 0.339613 0.396907 0.403079 0.710807 0.294723 0.319792 0.365256 0.377696 0.391024 0.39633 0.360058 0.599927 0.387509 1.25402 0.390068 0.567892 0.381464 0.387783 0.316353 0.287028 0.474006 0.373879 0.330485 0.422443 0.498667 0.620362 0.332231 0.33323 0.374935 0.591959 0.405824 0.382483 1.48972 0.360711 0.662079 0.390118 0.338407 0.652935 0.547329 1.10987 0.528139 0.407378 0.365026 0.485879 0.620576 0.55259 0.388349 0.406152 0.906366 0.527223 0.350522 0.653248 0.507002 0.36625 1.2061 0.337894 0.390105 0.593307 0.438209 0.650073 0.649056 1.26298 0.365718 0.321055 0.386637 0.390811 0.388812 0.711785 0.465659 1.39887 0.540655 0.597629 0.416187 0.410708 0.259047 0.414814 0.331866 0.397911 0.343506 0.397634 0.307741 0.389917 0.820881 0.572001 0.396985 0.387939 1.03646 1.23987 0.632022 0.541017 0.272374 1.21447 0.392478 0.488885 0.542858 0.394189 0.617622 0.426773 0.303549 0.717286 0.388504 0.464942 0.725379 0.525652 0.396223 0.391826 0.583697 0.52746 0.495469 0.376548 0.446976 0.716293 0.483124 0.795598 1.06573 0.611326 0.377831 0.311603 0.392383 0.378928 0.304682 0.714353 0.337307 0.373481 0.279808 0.591526 0.454442 0.441954 0.500065 0.397324
Testing:
Lab Growth Rates:
0.56 0.56 0.56
Dot Production Prediction of Lab Growth Rates:
0.539259 0.52639 0.526378
Best performance so far: 
Obj: 4.64819e-310Rho: 6.5069e-314Diff: 4.64819e-310
Test:
 Lab Growth Rates:
0.56 0.56 0.56Dot Product Prediction of Growth Rate:
0.5392585 0.5263903 0.5263785