seed =  5 traits =  1 
Training: part  138 
Training: part  138 
Round  1 
 Goal of obj  0.99 
Temperature range:  0.0078125 3.125e-13 
Cycle 1Round 1
Iter 500000 pBad 0.885179 T 0.0023599 Obj 1.10925 Rho 0 GRdif 60.7599 success 147415 failure 7557 obj_new 1.10925 SA_pAcc 1 Delta -0.0777538 SA_r 0.393584 freedomratio 0.366479
Iter 1000000 pBad 0.807605 T 0.000712848 Obj 1.05851 Rho 0 GRdif 33.3205 success 291970 failure 22006 obj_new 1.05851 SA_pAcc 0.765722 Delta 0.0723021 SA_r 0.00114791 freedomratio 0.362176
Iter 1500000 pBad 0.771912 T 0.000215328 Obj 1.03704 Rho 0 GRdif 21.3134 success 433233 failure 44077 obj_new 1.03704 SA_pAcc 1.21106 Delta 0.00864064 SA_r 0.417996 freedomratio 0.366021
Iter 2000000 pBad 0.663999 T 6.50434e-05 Obj 1.02386 Rho 0 GRdif 13.8152 success 572434 failure 71549 obj_new 1.02386 SA_pAcc 1.01037 Delta -0.0100234 SA_r 0.158269 freedomratio 0.366479
Iter 2500000 pBad 0.556438 T 1.96474e-05 Obj 1.01742 Rho 0 GRdif 10.1223 success 708641 failure 106182 obj_new 1.01742 SA_pAcc 1.56884 Delta -0.0282565 SA_r 0.842102 freedomratio 0.360615
Iter 3000000 pBad 0.485574 T 5.93484e-06 Obj 1.01323 Rho 0 GRdif 7.70025 success 840752 failure 147241 obj_new 1.01323 SA_pAcc 1.0956 Delta 0.0176007 SA_r 0.473847 freedomratio 0.359069
Iter 3500000 pBad 0.299587 T 1.79272e-06 Obj 1.00993 Rho 0 GRdif 5.82367 success 958062 failure 215819 obj_new 1.00999 SA_pAcc 1.74311e-13 Delta -0.0278655 SA_r 0.263559 freedomratio 0.35153
Iter 4000000 pBad 0.161111 T 5.41521e-07 Obj 1.00903 Rho 0 GRdif 5.2673 success 1049588 failure 336820 obj_new 1.00903 SA_pAcc 0.00762949 Delta 0.0109071 SA_r 0.0620871 freedomratio 0.313034
Iter 4500000 pBad 0.121679 T 1.63575e-07 Obj 1.00856 Rho 0 GRdif 4.99365 success 1116015 failure 513243 obj_new 1.00856 SA_pAcc 1.48117 Delta 0.00175182 SA_r 0.603029 freedomratio 0.282138
Iter 5000000 pBad 0.044472 T 4.94107e-08 Obj 1.00834 Rho 0 GRdif 4.87061 success 1157651 failure 752313 obj_new 1.00835 SA_pAcc 5.66847e-13 Delta 0.00320805 SA_r 0.645062 freedomratio 0.250534
Iter 5500000 pBad 0.0207313 T 1.49253e-08 Obj 1.00827 Rho 0 GRdif 4.8265 success 1182023 failure 1044473 obj_new 1.00827 SA_pAcc 1 Delta 0.000498797 SA_r 0.516778 freedomratio 0.223238
Iter 6000000 pBad 0.00710428 T 4.50845e-09 Obj 1.00824 Rho 0 GRdif 4.80816 success 1197161 failure 1372749 obj_new 1.00824 SA_pAcc 0.0012734 Delta -0.000459028 SA_r 0.629595 freedomratio 0.210867
Iter 6500000 pBad 0.00470732 T 1.36185e-09 Obj 1.00823 Rho 0 GRdif 4.80092 success 1205596 failure 1725185 obj_new 1.00823 SA_pAcc 1.48215e-12 Delta 0.000403223 SA_r 0.114624 freedomratio 0.200273
Iter 7000000 pBad 0.00341736 T 4.1137e-10 Obj 1.00822 Rho 0 GRdif 4.79796 success 1211090 failure 2091225 obj_new 1.00822 SA_pAcc 0.034728 Delta 6.94395e-05 SA_r 0.452259 freedomratio 0.195987
Iter 7500000 pBad 0.00221851 T 1.24261e-10 Obj 1.00822 Rho 0 GRdif 4.79789 success 1214918 failure 2465318 obj_new 1.00822 SA_pAcc 0 Delta -0.000160504 SA_r 0.96711 freedomratio 0.192447
Iter 8000000 pBad 0.00104063 T 3.75352e-11 Obj 1.00822 Rho 0 GRdif 4.79512 success 1216806 failure 2848048 obj_new 1.00822 SA_pAcc 1 Delta 3.4682e-05 SA_r 0.228678 freedomratio 0.189951
Iter 8500000 pBad 0.00145345 T 1.13381e-11 Obj 1.00822 Rho 0 GRdif 4.79436 success 1218790 failure 3234639 obj_new 1.00822 SA_pAcc 1 Delta -2.56423e-05 SA_r 0.116276 freedomratio 0.188606
Iter 9000000 pBad 0.000107488 T 3.42488e-12 Obj 1.00821 Rho 0 GRdif 4.79388 success 1221072 failure 3625643 obj_new 1.00821 SA_pAcc 0 Delta 3.8697e-06 SA_r 0.476331 freedomratio 0.183814
Iter 9500000 pBad 1.84258e-16 T 1.03454e-12 Obj 1.00821 Rho 0 GRdif 4.79367 success 1225872 failure 3984962 obj_new 1.00821 SA_pAcc 0 Delta -1.0656e-17 SA_r 0.754002 freedomratio 0.173578
Iter 10000000 pBad 1.00099e-63 T 3.12501e-13 Obj 1.00821 Rho 0 GRdif 4.79367 success 1225872 failure 4293631 obj_new 1.00821 SA_pAcc 1 Delta -1.61269e-65 SA_r 0.240973 freedomratio 0.174665
Cannot move further
iter 9.47458e+06 obj1.00821 rho 0 GRdif 4.79367
Training:
Lab Growth Rates:
0.617 0.37 0.4 0.4 0.33 0.55 0.54 0.58 0.1 0.11 0.19 0.636 0.4 0.38 0.54 0.4 0.54 0.42 0.23 0.23 0.5 0.23 0.4 0.53 0.56 0.43 0.58 0.485 0.2 0.4 0.33 0.42 0.3 0.56 0.46 0.648 0.65 0.4 0.1 0.17 0.55 0.56 0.5 0.3 0.37 0.47 0.5 0.5 0.485 0.46 0.4 1.67 0.48 0.1 0.52 0.5 0.45 0.5 0.4 0.58 0.53 0.5 0.59 0.6 0.54 0.23 0.4 0.58 1.05 0.4 0.25 0.55 0.33 0.36 1.483 0.41 0.47 0.38 0.4 0.53 0.65 1.03 0.59 0.23 0.4 1.345 0.53 0.4 0.46 0.42 0.59 0.686 0.377 0.59 0.09 0.43 0.25 0.47 0.37 0.4 0.22 0.25 0.4 0.17 0.56 0.54 0.45 0.4 0.37 1.4 0.56 0.22 0.4 0.45 0.1 0.48 0.54 0.58 0.59 0.686 0.53 0.26 0.47 0.56 0.4 0.54 0.56 0.33 0.47 0.68 0.59 0.47 0.4 0.36 0.49 0.52 0.4 0.465 1.483 0.4 0.58 0.38 0.481 0.37 0.47 0.4 0.635 0.51 0.648 1.483 0.55 0.11 0.4 0.901 0.54 0.33 0.47 0.5 1.483 0.65 0.37 0.68 0.42 0.476 0.42 0.59 0.5 0.4 0.635 0.31 0.58 0.4 1.345 0.46 0.42 1.05 0.33 0.54 0.48 0.46 0.43 0.56 1.345 0.31 0.58 0.4 0.37 0.5 0.27 0.47 0.46 0.71 0.52 0.59 0.53 1.42 0.5 0.71 0.37 0.37 0.71 0.25 0.48 0.46 0.3 0.43 0.47 0.36 0.43 0.53 1.46 1.248 0.762 0.3 0.54 0.52 0.39 0.59 0.55 0.4 0.476 0.7 0.19 0.4 0.47 0.5 0.22 0.648 0.47 0.53 0.41 0.47 0.58 0.3 0.637 0.377 0.42 0.41 0.37 0.36 1.46 0.42 0.5 0.36 1.05 0.65 0.465 0.46 0.22 0.4 0.45 0.54 0.33 0.5 1.345 0.4 0.4 0.47 0.45 0.58 0.4 1.35 0.43 0.43 0.43 0.4 0.59 1.345 0.43 0.54 0.52 0.22 0.3 0.56 0.42 0.41 0.53 0.46 0.1 0.22 0.45 0.5 0.41 1.248 0.2 0.37 0.7 0.46 0.23 0.58 1.483 0.3 0.42 0.5 0.56 0.53 0.58 1.248 0.3 0.65 0.45 1.46 0.635 0.901 0.56 0.56 0.36 0.25 0.25 0.4 0.47 1.483 0.42 0.27 0.59 0.09 0.39 0.55 0.58 0.42 0.4 0.54 0.901 0.4 0.485 1.483 0.55 0.27 0.5 0.7 0.53 0.47 0.58 0.47 0.54 0.46 0.5 0.5 0.52 0.6 0.36 0.42 0.2 0.4 0.41 0.41 0.5 0.686 0.32 0.34 0.46 0.39 0.59 0.46 0.54 0.39 0.481 1.66 0.637 0.901 0.52 0.46 0.4 0.54 0.762 0.301 0.4 1.345 0.55 0.19 0.5 0.47 0.53 0.5 0.42 0.56 0.3 0.58 0.54 0.485 0.45 0.46 0.42 0.54 0.54 0.52 0.6 0.46 0.3 0.4 0.476 0.46 1.345 0.52 0.27 0.37 0.23 0.45 0.56 0.46 0.301 0.42 0.47 0.17 0.65 0.14 0.4 0.53 0.5 0.26 0.59 0.42 0.4 1.345 0.37 0.45 0.68 0.5 0.4 1.38 0.4 0.4 0.55 0.53 0.47 0.45 0.41 0.59 1.483 0.5 1.43 0.26 1.248 0.45 0.48 0.25 0.43 0.5 0.27 0.45 1.483 1.345 1.67 0.724 0.45 0.58 0.56 0.5 1.49 0.4 0.5 0.55 0.27 1.66 0.5 0.54 0.4 0.636 1.345 0.32 0.3 1.483 0.4 0.36 0.51 0.09 0.65 0.5 0.58 0.7 0.58 0.65 1.248 0.45 0.58 0.48 0.5 0.37 0.68 0.4 0.46 1.345 0.5 0.301 0.45 0.38 0.54 0.3 0.48 0.68 0.59 0.23 0.56 0.465 0.54 0.38 0.3 0.4 1.46 0.47 0.23 0.33 0.22 0.48 0.5 0.724 0.4 0.54 0.14 0.33 0.58 0.54 0.45 0.39 0.51 0.1 0.49 0.46 1.345 0.39 0.4 0.54 0.49 0.45 0.31 0.5 0.47 0.54 0.52 0.6 0.43 0.55 0.45 0.58 0.637 0.4 0.41 1.05 0.4 1.05 0.34 0.52 0.53 0.636 0.4 0.65 0.1 0.377 0.22 0.36 0.901 0.47 0.34 0.54 0.37 0.901 0.46 0.25 0.43 0.4 0.3 0.1 1.43 0.37 0.47 0.32 1.483 0.56 1.44 0.52 0.4 0.481 0.762 1.483 0.56 0.48 0.54 0.11 0.4 0.1 0.762 0.42 0.724 0.59 0.55 0.4
Dot Production Prediction of Lab Growth Rates:
0.605906 0.37459 0.403335 0.401264 0.462051 0.428628 0.458757 0.315129 0.903249 0.361324 0.333593 0.724437 0.403241 0.369399 0.356286 0.403834 0.394473 0.330679 0.532936 0.425527 0.372388 0.542586 0.399563 0.349251 0.53466 0.422706 0.472059 0.422881 0.377804 0.401492 0.434591 0.336581 0.300273 0.546497 0.311199 0.716161 0.650072 0.399449 0.902671 0.335161 0.440359 0.533607 0.538266 0.318451 0.419845 0.364309 0.61781 0.353078 0.421379 0.320845 0.402975 1.44141 0.322416 0.423572 0.361079 0.332249 0.356803 0.470048 0.4027 0.472674 0.341847 0.47255 0.375492 0.325207 0.383919 0.541546 0.402363 0.35048 1.05 0.397739 0.477536 0.55451 0.350734 0.340169 0.96251 0.368331 0.409965 0.337166 0.396235 0.459248 0.679167 1.34195 0.541822 0.536591 0.39657 0.997248 0.535115 0.391687 0.41058 0.316915 0.364968 0.727679 0.426273 0.335345 0.366218 0.391544 1.51176 0.338877 0.426107 0.395198 0.463552 0.321739 0.398134 0.387853 0.471333 0.392987 1.53646 0.402935 0.33226 1.49142 0.541483 0.46966 0.397848 0.344727 1.08051 0.319761 0.465469 0.469465 0.341952 0.725488 0.530605 0.510775 0.459294 0.550248 0.402825 0.325224 0.548732 0.337465 0.357455 0.59289 0.553599 0.411717 0.393462 0.353877 0.358732 0.348426 0.400139 0.435503 0.948646 0.397627 0.470376 0.371049 0.432432 0.414605 0.395018 0.401325 0.716746 0.375511 0.720596 0.962636 0.43856 0.368242 0.400295 0.845927 0.369613 0.401324 0.393513 0.545141 0.898734 0.636982 0.390622 0.598771 0.346273 0.437174 0.516685 0.336198 0.33172 0.400678 0.718424 0.499107 0.468455 0.39894 0.98818 0.494723 0.367877 1.05331 0.331561 0.53659 0.337843 0.348776 0.406151 0.545495 0.986627 0.497157 0.471308 0.402659 0.416326 0.603309 0.374794 0.34863 0.485208 0.725025 0.374495 0.349136 0.537981 1.53551 0.327336 0.719269 0.42022 0.426791 0.728736 0.370964 0.317277 0.384157 0.339866 0.363174 0.351923 0.337329 0.420419 0.378725 0.997593 0.904171 0.826768 0.396308 0.373952 0.39174 0.323581 0.316395 0.549148 0.397459 0.437004 0.646702 0.335505 0.400152 0.408214 0.38659 0.388333 0.719547 0.384768 0.541974 0.34561 0.349276 0.363392 0.313211 0.714238 0.426189 0.344696 0.323323 0.48568 0.374035 1.69797 0.354509 0.608447 0.388013 1.05001 0.649697 0.436193 0.460003 0.347153 0.345703 1.4851 0.530874 0.330613 0.61156 0.909716 0.401711 0.403175 0.398079 0.374655 0.360146 0.399307 1.26591 0.339696 0.356763 0.394801 0.397732 0.33658 0.927249 0.395838 0.533513 0.35442 0.462383 0.371181 0.468246 0.344822 0.422848 0.497156 0.455627 0.427734 0.459824 0.340593 0.524243 0.358635 0.898965 0.407148 0.415635 0.649477 0.364724 0.535188 0.472157 0.8957 0.300096 0.349647 0.542517 0.546125 0.37832 0.331033 0.90096 0.306494 0.650006 1.49132 1.03284 0.716355 0.901939 0.469481 0.535886 0.353413 0.673369 0.475297 0.400577 0.348934 0.932811 0.326772 0.385601 0.539518 0.410911 0.342064 0.551855 0.470899 0.353967 0.401651 0.36025 0.903019 0.397478 0.435836 0.936064 0.443124 0.353241 0.567612 0.643583 0.314725 0.377793 0.366186 0.359091 0.458793 0.469309 0.604213 0.521419 0.358028 0.33267 0.379041 0.347361 0.404583 0.399997 0.41868 0.341355 0.569549 0.729683 0.32687 0.338351 0.427269 0.323139 0.546856 0.325857 0.374803 0.333751 0.429438 1.65656 0.714387 0.901006 0.374451 0.422523 0.401303 0.449781 0.841708 0.420984 0.399845 0.959533 0.442275 0.333126 0.339099 0.352115 0.535443 0.480743 0.360227 0.471152 0.335674 0.472535 0.451488 0.436086 1.49501 0.46763 0.522944 0.356644 0.536726 0.339707 0.328532 0.467524 0.338858 0.354584 0.436024 0.402486 0.899274 0.36889 0.350405 0.376481 0.537706 1.49055 0.466632 0.456224 0.419291 0.528433 0.459092 0.331444 0.650004 0.140042 0.401975 0.398477 0.332487 0.436117 0.349844 0.385729 0.399386 0.973779 0.427171 0.357187 0.598214 0.336751 0.400008 1.30614 0.402066 0.39416 0.446079 0.350486 0.435695 0.353982 0.422152 0.552733 0.912079 0.540683 1.38163 0.367154 0.896939 0.357864 0.352637 0.360318 0.38521 0.476574 0.318008 1.5508 0.962488 0.952031 1.5066 0.719812 0.389574 0.471325 0.47144 0.468857 1.53646 0.401585 0.552947 0.54679 0.526382 1.66 0.609819 0.32385 0.402454 0.716806 0.968496 0.346674 0.297708 0.917993 0.401981 0.340265 0.369909 0.340972 0.63682 0.356611 0.353539 0.649564 0.363121 0.679953 0.896539 0.377731 0.469607 0.34148 0.355678 0.381633 0.599676 0.399461 0.3113 0.900059 0.337924 0.422304 0.399112 0.343407 0.541743 0.309373 0.317217 0.595279 0.540465 0.425173 0.532758 0.434174 0.545046 0.33734 0.321149 0.399654 1.02882 0.374195 0.425586 0.356187 0.470108 0.335596 0.469436 0.723452 0.394012 0.359615 0.13986 0.351736 0.333855 0.445035 0.356818 0.341487 0.389446 1.47932 0.373624 0.366226 0.976572 0.319481 0.405 0.539992 0.354004 1.52814 0.504357 0.562245 0.351977 0.381946 0.37474 0.326313 0.356123 0.549008 0.376486 0.460416 0.714134 0.402635 0.357559 1.00603 0.403546 1.72693 0.332793 0.353297 0.535947 0.719657 0.396945 0.621532 0.35579 0.42357 0.36239 0.349867 0.900997 0.381054 0.327772 0.331304 0.417176 0.901 0.460637 0.37072 0.345718 0.402327 0.280327 0.958909 1.39013 0.405571 0.386532 0.316852 0.940018 0.544575 1.5279 0.384965 0.402161 0.4287 0.834081 0.930334 0.536324 0.342123 0.371437 0.336455 0.400047 0.678287 0.852827 0.367292 0.723978 0.542319 0.545689 0.392521
Testing:
Lab Growth Rates:
0.4 0.4 0.4
Dot Production Prediction of Lab Growth Rates:
0.401732 0.40211 0.400612
Best performance so far: 
Obj: 4.65791e-310Rho: 2.26291e-314Diff: 4.65791e-310
Anneal again with the best G and E so far as input
Cycle 2Round 1
Iter 500000 pBad 0.860069 T 0.0023599 Obj 1.09661 Rho 0 GRdif 54.0445 success 116911 failure 8150 obj_new 1.09661 SA_pAcc 1 Delta -0.0845332 SA_r 0.0844555 freedomratio 0.277331
Iter 1000000 pBad 0.759084 T 0.000712848 Obj 1.05996 Rho 0 GRdif 34.123 success 230509 failure 23369 obj_new 1.05996 SA_pAcc 1 Delta -0.062198 SA_r 0.137957 freedomratio 0.278121
Iter 1500000 pBad 0.695162 T 0.000215328 Obj 1.03396 Rho 0 GRdif 19.5717 success 340862 failure 46660 obj_new 1.03396 SA_pAcc 1.00961 Delta -0.00168742 SA_r 0.478376 freedomratio 0.274602
Iter 2000000 pBad 0.588958 T 6.50434e-05 Obj 1.02543 Rho 0 GRdif 14.7164 success 449666 failure 74957 obj_new 1.02543 SA_pAcc 0.626714 Delta 0.00816852 SA_r 0.121917 freedomratio 0.278782
Iter 2500000 pBad 0.526194 T 1.96474e-05 Obj 1.02036 Rho 0 GRdif 11.8126 success 555440 failure 108801 obj_new 1.02036 SA_pAcc 0.857253 Delta 0.028089 SA_r 0.808851 freedomratio 0.27396
Iter 3000000 pBad 0.418649 T 5.93484e-06 Obj 1.01719 Rho 0 GRdif 9.98825 success 657852 failure 150301 obj_new 1.01719 SA_pAcc 1 Delta -0.0110109 SA_r 0.8036 freedomratio 0.271548
Iter 3500000 pBad 0.294849 T 1.79272e-06 Obj 1.01286 Rho 0 GRdif 7.48783 success 747798 failure 217133 obj_new 1.01286 SA_pAcc 0.334688 Delta -0.0149864 SA_r 0.911254 freedomratio 0.262662
Iter 4000000 pBad 0.20393 T 5.41521e-07 Obj 1.01077 Rho 0 GRdif 6.27969 success 823648 failure 316834 obj_new 1.01077 SA_pAcc 1 Delta 0.00585246 SA_r 0.073097 freedomratio 0.252151
Iter 4500000 pBad 0.121959 T 1.63575e-07 Obj 1.00963 Rho 0 GRdif 5.61418 success 888568 failure 446266 obj_new 1.00963 SA_pAcc 1 Delta 0.00252501 SA_r 0.0713656 freedomratio 0.226605
Iter 5000000 pBad 0.066687 T 4.94107e-08 Obj 1.00902 Rho 0 GRdif 5.26249 success 931776 failure 636831 obj_new 1.00902 SA_pAcc 0.0593873 Delta -0.00576159 SA_r 0.927038 freedomratio 0.204752
Iter 5500000 pBad 0.0274429 T 1.49253e-08 Obj 1.00873 Rho 0 GRdif 5.0955 success 960344 failure 886763 obj_new 1.00873 SA_pAcc 1 Delta 0.000199578 SA_r 0.437307 freedomratio 0.18053
Iter 6000000 pBad 0.0137523 T 4.50845e-09 Obj 1.0086 Rho 0 GRdif 5.02043 success 981801 failure 1176129 obj_new 1.0086 SA_pAcc 8.03525e-116 Delta 0.000820768 SA_r 0.278569 freedomratio 0.165912
Iter 6500000 pBad 0.00562703 T 1.36185e-09 Obj 1.00852 Rho 0 GRdif 4.97237 success 998026 failure 1506111 obj_new 1.00852 SA_pAcc 1.12793e-47 Delta 0.00033718 SA_r 0.891383 freedomratio 0.153403
Iter 7000000 pBad 0.00489038 T 4.1137e-10 Obj 1.00849 Rho 0 GRdif 4.95472 success 1008544 failure 1866983 obj_new 1.00849 SA_pAcc 0 Delta -0.000428111 SA_r 0.26183 freedomratio 0.14661
Iter 7500000 pBad 0.00455856 T 1.24261e-10 Obj 1.00848 Rho 0 GRdif 4.94722 success 1015316 failure 2242480 obj_new 1.00848 SA_pAcc 0 Delta -6.66332e-05 SA_r 0.631687 freedomratio 0.145121
Iter 8000000 pBad 0.000575576 T 3.75352e-11 Obj 1.00847 Rho 0 GRdif 4.94103 success 1022861 failure 2626050 obj_new 1.00847 SA_pAcc 0 Delta 4.91453e-05 SA_r 0.907295 freedomratio 0.141786
Iter 8500000 pBad 0.00122131 T 1.13381e-11 Obj 1.00846 Rho 0 GRdif 4.94037 success 1028751 failure 3020121 obj_new 1.00847 SA_pAcc 0 Delta 4.99204e-05 SA_r 0.427133 freedomratio 0.139259
Iter 9000000 pBad 0.000463068 T 3.42488e-12 Obj 1.00846 Rho 0 GRdif 4.9885 success 1035128 failure 3418771 obj_new 1.00855 SA_pAcc 0 Delta 1.7499e-05 SA_r 0.809853 freedomratio 0.137785
Iter 9500000 pBad 9.60094e-05 T 1.03454e-12 Obj 1.00846 Rho 0 GRdif 4.93513 success 1043158 failure 3823883 obj_new 1.00846 SA_pAcc 2.22608e-157 Delta 6.01674e-06 SA_r 0.523397 freedomratio 0.135617
Good enough
iter 9.59536e+06 obj1.00846 rho 0 GRdif 4.93507
Training:
Lab Growth Rates:
0.617 0.37 0.4 0.4 0.33 0.55 0.54 0.58 0.1 0.11 0.19 0.636 0.4 0.38 0.54 0.4 0.54 0.42 0.23 0.23 0.5 0.23 0.4 0.53 0.56 0.43 0.58 0.485 0.2 0.4 0.33 0.42 0.3 0.56 0.46 0.648 0.65 0.4 0.1 0.17 0.55 0.56 0.5 0.3 0.37 0.47 0.5 0.5 0.485 0.46 0.4 1.67 0.48 0.1 0.52 0.5 0.45 0.5 0.4 0.58 0.53 0.5 0.59 0.6 0.54 0.23 0.4 0.58 1.05 0.4 0.25 0.55 0.33 0.36 1.483 0.41 0.47 0.38 0.4 0.53 0.65 1.03 0.59 0.23 0.4 1.345 0.53 0.4 0.46 0.42 0.59 0.686 0.377 0.59 0.09 0.43 0.25 0.47 0.37 0.4 0.22 0.25 0.4 0.17 0.56 0.54 0.45 0.4 0.37 1.4 0.56 0.22 0.4 0.45 0.1 0.48 0.54 0.58 0.59 0.686 0.53 0.26 0.47 0.56 0.4 0.54 0.56 0.33 0.47 0.68 0.59 0.47 0.4 0.36 0.49 0.52 0.4 0.465 1.483 0.4 0.58 0.38 0.481 0.37 0.47 0.4 0.635 0.51 0.648 1.483 0.55 0.11 0.4 0.901 0.54 0.33 0.47 0.5 1.483 0.65 0.37 0.68 0.42 0.476 0.42 0.59 0.5 0.4 0.635 0.31 0.58 0.4 1.345 0.46 0.42 1.05 0.33 0.54 0.48 0.46 0.43 0.56 1.345 0.31 0.58 0.4 0.37 0.5 0.27 0.47 0.46 0.71 0.52 0.59 0.53 1.42 0.5 0.71 0.37 0.37 0.71 0.25 0.48 0.46 0.3 0.43 0.47 0.36 0.43 0.53 1.46 1.248 0.762 0.3 0.54 0.52 0.39 0.59 0.55 0.4 0.476 0.7 0.19 0.4 0.47 0.5 0.22 0.648 0.47 0.53 0.41 0.47 0.58 0.3 0.637 0.377 0.42 0.41 0.37 0.36 1.46 0.42 0.5 0.36 1.05 0.65 0.465 0.46 0.22 0.4 0.45 0.54 0.33 0.5 1.345 0.4 0.4 0.47 0.45 0.58 0.4 1.35 0.43 0.43 0.43 0.4 0.59 1.345 0.43 0.54 0.52 0.22 0.3 0.56 0.42 0.41 0.53 0.46 0.1 0.22 0.45 0.5 0.41 1.248 0.2 0.37 0.7 0.46 0.23 0.58 1.483 0.3 0.42 0.5 0.56 0.53 0.58 1.248 0.3 0.65 0.45 1.46 0.635 0.901 0.56 0.56 0.36 0.25 0.25 0.4 0.47 1.483 0.42 0.27 0.59 0.09 0.39 0.55 0.58 0.42 0.4 0.54 0.901 0.4 0.485 1.483 0.55 0.27 0.5 0.7 0.53 0.47 0.58 0.47 0.54 0.46 0.5 0.5 0.52 0.6 0.36 0.42 0.2 0.4 0.41 0.41 0.5 0.686 0.32 0.34 0.46 0.39 0.59 0.46 0.54 0.39 0.481 1.66 0.637 0.901 0.52 0.46 0.4 0.54 0.762 0.301 0.4 1.345 0.55 0.19 0.5 0.47 0.53 0.5 0.42 0.56 0.3 0.58 0.54 0.485 0.45 0.46 0.42 0.54 0.54 0.52 0.6 0.46 0.3 0.4 0.476 0.46 1.345 0.52 0.27 0.37 0.23 0.45 0.56 0.46 0.301 0.42 0.47 0.17 0.65 0.14 0.4 0.53 0.5 0.26 0.59 0.42 0.4 1.345 0.37 0.45 0.68 0.5 0.4 1.38 0.4 0.4 0.55 0.53 0.47 0.45 0.41 0.59 1.483 0.5 1.43 0.26 1.248 0.45 0.48 0.25 0.43 0.5 0.27 0.45 1.483 1.345 1.67 0.724 0.45 0.58 0.56 0.5 1.49 0.4 0.5 0.55 0.27 1.66 0.5 0.54 0.4 0.636 1.345 0.32 0.3 1.483 0.4 0.36 0.51 0.09 0.65 0.5 0.58 0.7 0.58 0.65 1.248 0.45 0.58 0.48 0.5 0.37 0.68 0.4 0.46 1.345 0.5 0.301 0.45 0.38 0.54 0.3 0.48 0.68 0.59 0.23 0.56 0.465 0.54 0.38 0.3 0.4 1.46 0.47 0.23 0.33 0.22 0.48 0.5 0.724 0.4 0.54 0.14 0.33 0.58 0.54 0.45 0.39 0.51 0.1 0.49 0.46 1.345 0.39 0.4 0.54 0.49 0.45 0.31 0.5 0.47 0.54 0.52 0.6 0.43 0.55 0.45 0.58 0.637 0.4 0.41 1.05 0.4 1.05 0.34 0.52 0.53 0.636 0.4 0.65 0.1 0.377 0.22 0.36 0.901 0.47 0.34 0.54 0.37 0.901 0.46 0.25 0.43 0.4 0.3 0.1 1.43 0.37 0.47 0.32 1.483 0.56 1.44 0.52 0.4 0.481 0.762 1.483 0.56 0.48 0.54 0.11 0.4 0.1 0.762 0.42 0.724 0.59 0.55 0.4
Dot Production Prediction of Lab Growth Rates:
0.506924 0.409064 0.410799 0.405781 0.524319 0.461624 0.466873 0.290346 1.1864 0.375416 0.304792 0.710104 0.408077 0.382836 0.376639 0.406567 0.391126 0.334862 0.542114 0.426507 0.365868 0.5458 0.404034 0.32846 0.54681 0.443485 0.468553 0.509213 0.353418 0.404175 0.496876 0.33363 0.507579 0.55055 0.306996 0.693529 0.643195 0.40122 1.1928 0.311428 0.473623 0.537254 0.556477 0.543459 0.409474 0.394089 0.734069 0.359358 0.509789 0.340677 0.408363 1.37661 0.29172 0.458349 0.364847 0.327121 0.396915 0.481059 0.398563 0.470044 0.326373 0.471942 0.385318 0.5786 0.408156 0.547305 0.406753 0.347285 1.05277 0.399195 0.546825 0.56287 0.33828 0.335809 1.21562 0.394576 0.414463 0.291227 0.398428 0.478632 0.669302 1.279 0.5434 0.549694 0.395673 1.29252 0.538225 0.388671 0.454042 0.316098 0.368612 0.706992 0.510877 0.33785 0.400585 0.406123 1.49901 0.297725 0.421607 0.395522 0.477113 0.299775 0.399623 0.431375 0.469377 0.387115 1.53427 0.406924 0.286104 1.39974 0.546893 0.485637 0.399997 0.315535 1.4395 0.281336 0.478918 0.466282 0.322644 0.704151 0.529966 0.566352 0.482132 0.553835 0.406305 0.332246 0.555809 0.326473 0.378221 0.273188 0.552101 0.414521 0.391289 0.354664 0.388975 0.349132 0.403796 0.513803 1.19222 0.396476 0.478864 0.378994 0.511819 0.405243 0.43256 0.403685 0.701474 0.409115 0.699295 1.26944 0.470751 0.393343 0.402371 1.08986 0.38025 0.457916 0.403789 0.562613 1.19707 0.649788 0.433646 0.277117 0.37085 0.519472 0.580333 0.293921 0.340319 0.399579 0.698744 0.58946 0.475692 0.382303 1.25631 0.551861 0.395449 1.05005 0.327254 0.539922 0.357826 0.356931 0.422926 0.549727 1.25951 0.566172 0.467683 0.404003 0.408049 0.712011 0.373842 0.345809 0.534258 0.704009 0.385461 0.324526 0.528346 1.51607 0.319451 0.698761 0.413922 0.423015 0.710417 0.361214 0.288217 0.428554 0.601961 0.367245 0.35958 0.346921 0.443773 0.396253 1.05464 1.1472 1.20193 0.406673 0.381797 0.393435 0.322771 0.297922 0.552183 0.399315 0.517235 0.754496 0.316562 0.401344 0.435546 0.431158 0.446968 0.701574 0.40418 0.548187 0.36201 0.368298 0.397785 0.549708 0.700168 0.509641 0.294738 0.333495 0.55408 0.385369 1.45272 0.34629 0.725594 0.432489 1.04979 0.649842 0.515913 0.471355 0.360522 0.302138 1.45509 0.546069 0.314839 0.715121 1.22071 0.40525 0.406024 0.410525 0.410532 0.361891 0.400766 1.15458 0.355837 0.373628 0.408496 0.396813 0.318858 1.26672 0.42238 0.534117 0.35243 0.478677 0.368876 0.475071 0.365862 0.51172 0.540962 0.44959 0.469105 0.475935 0.305109 0.531837 0.383293 1.1358 0.38767 0.409966 0.764735 0.393193 0.542648 0.467888 1.20542 0.258064 0.370187 0.634398 0.547611 0.417861 0.352674 1.14125 0.265007 0.652468 1.43486 1.04133 0.699453 0.901362 0.481445 0.541687 0.368014 0.874614 0.509473 0.404501 0.343691 1.20216 0.306261 0.391595 0.555796 0.459055 0.335578 0.559397 0.469343 0.341662 0.407354 0.382508 0.90449 0.399085 0.516885 1.25013 0.474786 0.366557 0.601902 0.758213 0.27321 0.3844 0.398592 0.370231 0.471738 0.462201 0.692495 0.530402 0.372467 0.608512 0.421815 0.355236 0.382183 0.406945 0.510824 0.354989 0.653743 0.708605 0.325996 0.339824 0.427868 0.317861 0.548994 0.34471 0.364955 0.30797 0.511468 1.51763 0.698669 0.900827 0.392005 0.427921 0.405372 0.470214 1.2099 0.517992 0.402591 1.21236 0.469654 0.304492 0.328721 0.359645 0.527805 0.476156 0.308206 0.468648 0.612142 0.486319 0.46358 0.512691 1.4675 0.463285 0.593551 0.343881 0.53499 0.354732 0.57776 0.529151 0.310293 0.311818 0.513472 0.400289 1.22108 0.389715 0.337949 0.399263 0.542258 1.42145 0.478645 0.460266 0.520724 0.603435 0.476386 0.321204 0.658001 0.177581 0.406202 0.442865 0.336261 0.46355 0.339818 0.353931 0.396281 1.25011 0.422647 0.361765 0.27762 0.353387 0.394283 1.28795 0.407349 0.393119 0.4758 0.36436 0.468204 0.358789 0.510348 0.551187 1.24139 0.543883 1.24772 0.376666 1.13878 0.358869 0.359808 0.359063 0.373453 0.485341 0.269796 1.54048 1.24562 1.29376 1.51112 0.705296 0.435838 0.466365 0.471004 0.469194 1.53427 0.403825 0.61123 0.545233 0.608241 1.55401 0.729931 0.282928 0.405573 0.706456 1.25136 0.358898 0.260889 1.2161 0.404174 0.359838 0.397037 0.350142 0.638122 0.388015 0.382781 0.759844 0.365383 0.676596 1.13114 0.381292 0.480303 0.317085 0.366451 0.412316 0.276126 0.405504 0.303494 1.22426 0.329349 0.519421 0.423289 0.308401 0.556304 0.566983 0.317265 0.273762 0.543497 0.427744 0.530767 0.511723 0.55101 0.298379 0.577291 0.40286 1.0371 0.379138 0.429501 0.372741 0.485759 0.350245 0.480761 0.705792 0.389758 0.386916 0.176328 0.360376 0.322582 0.462222 0.326488 0.353059 0.427787 1.40846 0.408918 0.36551 1.25333 0.312686 0.407178 0.535627 0.390577 1.51184 0.570353 0.648962 0.364295 0.377178 0.373476 0.597981 0.378211 0.547346 0.380895 0.451277 0.697572 0.406476 0.40457 1.03326 0.403541 1.41354 0.306438 0.359362 0.542203 0.705516 0.396686 0.622434 0.340492 0.512955 0.400549 0.333033 0.900734 0.372961 0.331594 0.344022 0.408997 0.90084 0.459536 0.35868 0.362189 0.405716 0.46513 1.3708 1.2262 0.455325 0.40087 0.314438 1.20729 0.547262 1.49934 0.396132 0.405953 0.508512 1.20315 1.2586 0.546553 0.342574 0.402535 0.339526 0.401611 0.89133 1.21734 0.366061 0.708958 0.544159 0.546716 0.387368
Testing:
Lab Growth Rates:
0.4 0.4 0.4
Dot Production Prediction of Lab Growth Rates:
0.401745 0.404363 0.40143
Best performance so far: 
Obj: 4.65791e-310Rho: 6.5069e-314Diff: 4.65791e-310
Test:
 Lab Growth Rates:
0.4 0.4 0.4Dot Product Prediction of Growth Rate:
0.4017451 0.4043634 0.4014301