seed =  5 traits =  1 
Training: part  23 
Training: part  23 
Round  1 
 Goal of obj  0.99 
Temperature range:  0.00390625 1.5625e-14 
Cycle 1Round 1
Iter 500000 pBad 0.833694 T 0.00105163 Obj 1.07101 Rho 0 GRdif 40.3384 success 146075 failure 11819 obj_new 1.07101 SA_pAcc 1.14249 Delta -0.0803351 SA_r 0.742298 freedomratio 0.377165
Iter 1000000 pBad 0.740912 T 0.000283118 Obj 1.03476 Rho 0 GRdif 20.0919 success 287271 failure 33863 obj_new 1.03476 SA_pAcc 1 Delta -0.0355518 SA_r 0.0121407 freedomratio 0.366127
Iter 1500000 pBad 0.669964 T 7.62202e-05 Obj 1.02098 Rho 0 GRdif 12.2093 success 426220 failure 62146 obj_new 1.02098 SA_pAcc 1.1025 Delta 0.0277957 SA_r 0.191618 freedomratio 0.366127
Iter 2000000 pBad 0.617883 T 2.05198e-05 Obj 1.01664 Rho 0 GRdif 9.70421 success 562677 failure 96113 obj_new 1.01664 SA_pAcc 1 Delta -0.0071195 SA_r 0.601962 freedomratio 0.357013
Iter 2500000 pBad 0.409294 T 5.52429e-06 Obj 1.01355 Rho 0 GRdif 7.9114 success 691555 failure 143403 obj_new 1.01355 SA_pAcc 1.50553 Delta 0.0105389 SA_r 0.457701 freedomratio 0.353153
Iter 3000000 pBad 0.313418 T 1.48723e-06 Obj 1.01081 Rho 0 GRdif 6.31941 success 804841 failure 220487 obj_new 1.01081 SA_pAcc 1 Delta 0.0213497 SA_r 0.918931 freedomratio 0.337543
Iter 3500000 pBad 0.171177 T 4.00389e-07 Obj 1.00944 Rho 0 GRdif 5.52369 success 897411 failure 341218 obj_new 1.00944 SA_pAcc 1 Delta 0.011966 SA_r 0.513728 freedomratio 0.312268
Iter 4000000 pBad 0.0840136 T 1.07792e-07 Obj 1.00898 Rho 0 GRdif 5.25689 success 954300 failure 540857 obj_new 1.00898 SA_pAcc 0.0998645 Delta 0.0048008 SA_r 0.546544 freedomratio 0.271468
Iter 4500000 pBad 0.0301099 T 2.90194e-08 Obj 1.00884 Rho 0 GRdif 5.17745 success 986599 failure 806821 obj_new 1.00884 SA_pAcc 0.0104576 Delta 0.00167385 SA_r 0.500211 freedomratio 0.23681
Iter 5000000 pBad 0.0161189 T 7.81252e-09 Obj 1.0088 Rho 0 GRdif 5.15457 success 1003364 failure 1122041 obj_new 1.0088 SA_pAcc 1 Delta -0.000841165 SA_r 0.365394 freedomratio 0.215385
Iter 5500000 pBad 0.00921924 T 2.10327e-09 Obj 1.00879 Rho 0 GRdif 5.14662 success 1012231 failure 1466129 obj_new 1.00879 SA_pAcc 7.35345e-17 Delta 0.000770253 SA_r 0.325611 freedomratio 0.210602
Iter 6000000 pBad 0.00414741 T 5.66236e-10 Obj 1.00878 Rho 0 GRdif 5.14233 success 1017683 failure 1821531 obj_new 1.00878 SA_pAcc 1 Delta -5.13219e-05 SA_r 0.535704 freedomratio 0.204096
Iter 6500000 pBad 0.00197908 T 1.5244e-10 Obj 1.00878 Rho 0 GRdif 5.1647 success 1020643 failure 2187723 obj_new 1.00882 SA_pAcc 0 Delta -0.000104679 SA_r 0.674725 freedomratio 0.202062
Iter 7000000 pBad 0.00125524 T 4.10396e-11 Obj 1.00878 Rho 0 GRdif 5.13931 success 1022954 failure 2558150 obj_new 1.00878 SA_pAcc 3.42046e-100 Delta -7.9509e-05 SA_r 0.933893 freedomratio 0.200546
Iter 7500000 pBad 0.000806297 T 1.10486e-11 Obj 1.00878 Rho 0 GRdif 5.15461 success 1025188 failure 2932061 obj_new 1.0088 SA_pAcc 0 Delta -6.55966e-05 SA_r 0.134067 freedomratio 0.197183
Iter 8000000 pBad 0.000477566 T 2.97447e-12 Obj 1.00878 Rho 0 GRdif 5.1382 success 1027483 failure 3310701 obj_new 1.00878 SA_pAcc 0 Delta 1.37456e-05 SA_r 0.224781 freedomratio 0.192471
Iter 8500000 pBad 1.10057e-15 T 8.00778e-13 Obj 1.00878 Rho 0 GRdif 5.13779 success 1030655 failure 3687497 obj_new 1.00878 SA_pAcc 1 Delta -8.39224e-17 SA_r 0.983636 freedomratio 0.1821
Iter 9000000 pBad 8.33819e-49 T 2.15583e-13 Obj 1.00878 Rho 0 GRdif 5.13792 success 1030967 failure 3985050 obj_new 1.00878 SA_pAcc 0 Delta 7.29406e-50 SA_r 0.983469 freedomratio 0.179432
Iter 9500000 pBad 4.01233e-156 T 5.80388e-14 Obj 1.00878 Rho 0 GRdif 5.14198 success 1030967 failure 4283208 obj_new 1.00878 SA_pAcc 0 Delta 3.24238e-157 SA_r 0.0110922 freedomratio 0.171079
Iter 10000000 pBad 0 T 1.5625e-14 Obj 1.00878 Rho 0 GRdif 5.13779 success 1030967 failure 4599746 obj_new 1.00878 SA_pAcc 1 Delta -0 SA_r 0.655493 freedomratio 0.0713333
Cannot move further
iter 8.56515e+06 obj1.00878 rho 0 GRdif 5.13779
Training:
Lab Growth Rates:
0.32 1.05 0.42 0.37 0.4 0.11 0.42 0.3 0.5 0.5 0.465 0.301 0.25 1.05 0.25 0.762 0.5 1.46 0.42 0.6 0.23 0.65 0.5 0.37 0.377 0.58 1.483 0.46 0.41 0.4 0.53 0.54 0.41 0.22 0.4 0.46 0.56 0.4 0.56 0.59 0.5 0.32 0.4 0.43 0.46 0.22 0.26 0.636 0.36 0.58 0.19 1.46 0.58 1.05 0.38 0.47 0.5 0.53 1.483 0.37 0.47 0.4 0.34 0.4 0.33 0.56 0.36 0.4 0.59 0.4 0.58 0.41 0.47 0.3 0.56 0.5 0.4 0.47 0.43 1.345 0.19 0.38 0.27 0.7 0.33 0.52 0.39 0.65 0.54 0.43 0.4 0.47 0.49 0.09 0.5 0.59 0.54 0.45 0.33 0.33 0.42 0.46 0.54 0.4 0.4 0.5 0.637 0.3 0.56 0.59 0.22 0.45 0.56 0.17 0.34 1.46 0.6 0.4 0.42 0.65 0.4 0.58 0.41 0.46 1.248 0.59 0.4 1.345 0.26 0.5 1.44 0.17 0.485 0.55 0.58 0.17 0.46 0.58 0.59 0.55 0.46 1.4 1.345 0.3 0.65 0.5 0.481 1.345 0.3 0.46 0.22 0.1 1.483 0.55 0.3 0.4 0.54 0.58 0.4 0.4 0.4 0.5 0.42 0.45 0.686 0.09 0.4 0.301 0.56 0.58 0.42 0.45 0.45 0.4 0.4 0.45 0.48 0.48 0.54 0.3 0.46 0.41 0.51 0.45 0.4 1.43 0.53 1.483 0.27 0.56 0.48 0.41 0.59 0.65 0.617 1.345 0.58 0.37 0.25 0.42 0.37 0.46 0.27 0.4 0.46 1.43 0.47 0.53 0.4 0.11 0.59 0.22 0.485 0.901 0.1 0.53 0.5 0.1 0.45 1.67 0.42 0.38 0.48 0.51 0.53 0.4 0.36 0.43 0.46 0.1 0.635 0.5 0.54 0.52 0.37 0.52 0.4 1.483 0.37 0.901 0.55 0.4 0.377 0.52 0.47 0.648 0.4 0.58 1.345 0.4 0.46 0.54 0.33 0.25 0.58 0.37 0.52 0.11 0.68 0.46 0.55 0.45 0.54 0.724 0.476 0.56 0.4 1.03 0.23 1.248 0.43 0.34 0.52 0.39 0.54 0.53 0.14 0.54 0.2 0.14 0.54 0.58 0.58 0.58 0.42 0.901 0.4 0.42 0.724 0.22 0.901 0.5 0.58 0.4 0.45 0.42 0.55 0.5 0.09 0.4 0.4 0.47 0.55 0.4 0.23 0.5 0.23 0.901 0.54 0.4 0.4 0.42 0.465 0.2 0.33 0.52 0.52 0.47 0.58 0.481 0.54 0.47 0.53 0.45 0.41 0.33 0.49 0.55 0.53 1.46 0.465 0.59 0.37 0.36 0.45 0.4 0.52 0.636 0.45 0.54 0.4 0.53 0.23 0.1 0.4 0.5 0.45 0.4 0.37 0.38 0.27 0.27 0.43 0.4 0.635 1.248 0.5 0.36 0.47 0.41 0.47 0.47 0.43 0.48 0.56 0.3 0.3 0.47 0.59 0.5 0.52 0.4 0.762 0.37 0.23 0.3 0.47 1.05 0.19 0.4 0.55 0.3 0.65 0.1 0.42 0.54 0.33 0.4 0.42 1.345 0.22 1.483 0.42 0.901 0.56 0.47 0.54 0.26 0.25 0.5 0.23 1.345 0.762 0.53 0.47 0.54 0.37 0.648 0.37 0.54 0.33 0.54 0.55 0.5 0.71 0.724 0.48 1.38 1.35 0.45 0.36 0.68 0.46 0.4 0.4 0.46 0.46 0.68 1.248 0.47 0.686 0.32 0.25 1.345 0.54 0.5 0.23 0.7 1.345 0.31 0.47 0.45 0.4 0.5 1.66 0.56 0.59 0.4 0.59 0.39 0.45 1.248 0.46 0.53 0.635 0.36 0.5 0.31 0.39 0.22 0.47 0.5 0.37 0.55 0.25 0.762 0.47 0.48 0.54 0.56 0.58 0.45 0.39 0.54 0.5 1.483 0.43 0.46 0.5 0.59 0.485 0.5 1.483 0.476 0.4 0.636 0.43 0.54 0.56 0.5 0.5 0.56 0.637 0.4 0.3 0.4 1.483 0.38 0.47 0.481 0.65 0.23 1.483 0.4 0.4 0.49 0.53 0.25 0.6 0.58 0.56 0.71 0.48 0.46 0.51 0.53 0.4 0.6 0.637 0.27 0.648 0.54 0.4 0.55 0.3 0.56 0.41 1.05 0.3 0.4 0.5 0.7 0.43 0.56 0.1 0.42 0.5 0.4 0.58 0.65 0.58 1.66 1.483 0.43 0.7 0.47 0.37 0.686 0.31 0.4 0.43 0.37 0.59 1.67 1.49 0.46 0.1 0.68 0.59 1.42 0.1 0.4 0.52 1.345 1.345 0.54 0.301 0.47 0.42 0.39 0.377 0.54 0.68 0.48 0.4 0.52 0.53 0.36 0.476 0.5 0.54 0.485 1.483 0.71 0.59 0.36 0.2 0.65
Dot Production Prediction of Lab Growth Rates:
0.323501 1.05 0.554856 0.394956 0.403821 0.374246 0.385876 0.343105 0.335601 0.348412 0.604116 0.598096 0.513073 1.61341 0.501203 0.830947 0.581083 1.03843 0.33503 0.449667 0.434791 0.650131 0.47374 0.426114 0.59577 0.45633 0.880165 0.464571 0.598752 0.398902 0.531252 0.386663 0.377838 0.465561 0.403467 0.337114 0.474255 0.403283 0.539051 0.5449 0.521596 0.347654 0.402923 0.374994 0.349365 0.461298 0.358611 0.72717 0.402597 0.477629 0.328931 1.60039 0.352673 1.03769 0.371394 0.48413 0.49288 0.522361 0.838474 0.515818 0.409202 0.398807 0.323738 0.401615 0.497891 0.532849 0.373726 0.399818 0.540565 0.399013 0.470801 0.357524 0.371849 0.384617 0.472406 0.479086 0.398911 0.386495 0.473227 0.887475 0.328843 0.346294 0.356735 0.69278 0.366402 0.378194 0.328692 0.63782 0.537476 0.348575 0.40263 0.349834 0.360453 0.338079 0.527063 0.414456 0.408142 0.393688 0.342243 0.329628 0.355597 0.394733 0.539979 0.397396 0.401138 0.581 0.711449 0.271822 0.533381 0.396287 0.357264 0.362991 0.54291 0.340617 0.331072 1.03379 0.441523 0.394747 0.381035 0.649933 0.402328 0.337729 0.605429 0.309049 0.877588 0.334837 0.392587 0.887871 0.551368 0.35021 1.49719 0.418711 0.601651 0.541638 0.354137 0.340867 0.501562 0.363887 0.344242 0.548896 0.466547 1.44359 0.855262 0.424541 0.65661 0.466964 0.601756 0.880661 0.420346 0.436298 0.461728 0.468162 0.882003 0.44707 0.386499 0.399056 0.447461 0.360052 0.402462 0.415309 0.399989 0.54029 0.355312 1.52455 0.72412 0.376928 0.399222 0.596407 0.472152 0.314251 0.368167 0.330533 0.415874 0.40105 0.404585 1.4299 0.302814 0.326382 0.430168 0.41716 0.367359 0.603547 0.397346 1.45533 0.395884 1.32357 0.497094 0.831649 0.388894 0.478008 0.313285 0.350368 0.326497 0.644091 0.487594 0.835682 0.473342 0.424783 0.372459 0.361843 0.430601 0.360919 0.558864 0.400866 0.420283 1.33046 0.344436 0.530517 0.397124 0.367049 0.348399 0.467074 0.599062 0.842647 1.36693 0.378291 0.50644 1.19685 0.356083 1.39392 0.32048 0.362571 0.352833 0.389177 0.387461 0.403658 0.352712 0.362653 0.456724 1.12409 0.71803 0.560529 0.380952 0.403698 0.425114 0.390446 0.403842 0.867797 0.428286 0.899774 0.435229 0.402005 0.597091 0.356689 0.386212 0.716412 0.400825 0.468605 0.825879 0.398837 0.459975 0.429258 0.327461 0.365436 0.476274 0.438299 0.356152 0.33291 0.407162 0.459851 0.448635 0.331601 0.339089 0.722036 0.606223 0.529632 0.401582 1.36245 0.435957 0.873902 0.424479 0.343478 0.379153 0.3374 0.538746 0.548772 0.140025 0.402286 0.376069 0.139726 0.377181 0.473942 0.38334 0.327126 0.560419 0.901019 0.403694 0.353201 0.72399 0.464911 0.901731 0.564841 0.368231 0.398127 1.43183 0.347059 0.540606 0.552098 0.432948 0.347595 0.400349 0.434111 0.539558 0.398962 0.536265 0.528355 0.532682 0.902983 0.439956 0.398684 0.402163 0.567087 0.607352 0.428702 0.365737 0.36694 0.381144 0.398172 0.475796 0.601217 0.393798 0.455712 0.532699 0.330696 0.369862 0.427067 0.387067 0.446496 0.355754 1.03369 0.605914 0.540182 0.387328 0.329092 0.335721 0.395508 0.344029 0.718781 0.385064 0.333698 0.403597 0.536704 0.535424 1.32636 0.360781 0.320314 0.366447 0.4028 0.411947 0.335942 0.363417 0.312664 0.386636 0.399849 0.719162 0.870016 0.50839 0.355879 0.353124 0.333219 0.38394 0.488747 0.416233 0.327698 0.538454 0.457143 0.355996 0.359387 0.542959 0.478979 0.36925 0.395546 0.8165 0.329391 0.434507 0.432007 0.345163 1.05004 0.341606 0.395045 0.544609 0.459444 0.649966 0.633038 0.323732 0.543333 0.369473 0.396097 0.339494 0.891933 0.420192 0.853759 0.355208 0.900999 0.473687 0.359673 0.448294 0.465939 1.47466 0.388382 0.534496 0.838396 0.825133 0.539856 0.357871 0.550371 0.428254 0.711861 0.436701 0.54475 0.465657 0.375177 0.426146 0.539441 0.723084 0.723425 0.351416 1.35142 1.16367 0.409419 0.419398 0.403638 0.451597 0.405027 0.392658 0.434256 0.512531 0.407224 0.871295 0.424961 0.722034 0.318605 0.320482 0.882694 0.353219 0.324622 0.534988 0.689021 0.896275 0.551379 0.406421 0.355081 0.391638 0.37252 1.66 0.54025 0.54321 0.400465 0.36214 0.349742 1.51026 0.871523 0.458428 0.416136 0.717643 0.345713 0.371824 0.562108 0.313077 0.38263 0.356904 0.333865 0.436599 0.446743 0.633639 0.819342 0.429431 0.337931 0.358402 0.472894 0.470506 1.45462 0.330114 0.315452 0.579007 0.871274 0.445392 0.315974 0.473716 0.342865 0.604564 0.359977 0.860246 0.608618 0.402525 0.72319 0.419433 0.352406 0.531983 0.524546 0.528016 0.53451 0.713231 0.401986 0.284318 0.401117 0.886749 0.330482 0.35 0.605299 0.666572 0.535148 0.829539 0.400846 0.40276 0.370698 0.338234 0.377701 0.438966 0.471332 0.53295 0.724051 0.35491 0.463541 0.411373 0.341769 0.400167 0.440312 0.714866 0.386013 0.717289 0.543308 0.403067 0.547658 0.276432 0.536123 0.384886 1.05044 0.422676 0.401326 0.341767 0.69395 0.412018 0.534326 0.36728 0.362301 0.472266 0.399787 0.471119 0.667638 0.479284 1.66 0.848289 0.442333 0.692968 0.40826 0.437299 0.723657 0.55439 0.396077 0.365888 0.389403 0.318644 1.43144 1.51026 0.488665 1.13886 0.407327 0.54719 1.47756 0.460076 0.399911 0.346014 0.872127 0.904419 0.407539 0.597168 0.369856 0.355048 0.327329 0.595485 0.387411 0.404006 0.338329 0.39327 0.374178 0.289596 0.348168 0.605376 0.335844 0.436962 0.606842 0.879027 0.724279 0.551429 0.33193 0.420209 0.626114
Testing:
Lab Growth Rates:
0.45
Dot Production Prediction of Lab Growth Rates:
1.44667
Best performance so far: 
Obj: 4.67734e-310Rho: 2.26291e-314Diff: 4.67734e-310
Anneal again with the best G and E so far as input
Cycle 2Round 1
Iter 500000 pBad 0.801346 T 0.00105163 Obj 1.05521 Rho 0 GRdif 31.5963 success 107251 failure 11965 obj_new 1.05521 SA_pAcc 1 Delta -0.0501423 SA_r 0.0242649 freedomratio 0.257218
Iter 1000000 pBad 0.707331 T 0.000283118 Obj 1.03938 Rho 0 GRdif 22.7094 success 211254 failure 32204 obj_new 1.03938 SA_pAcc 1.00523 Delta -0.00331125 SA_r 0.762604 freedomratio 0.260754
Iter 1500000 pBad 0.603488 T 7.62202e-05 Obj 1.02816 Rho 0 GRdif 16.3267 success 311652 failure 60814 obj_new 1.02816 SA_pAcc 1.13876 Delta 0.00314901 SA_r 0.624512 freedomratio 0.251389
Iter 2000000 pBad 0.500408 T 2.05198e-05 Obj 1.02209 Rho 0 GRdif 12.8477 success 409065 failure 97135 obj_new 1.02209 SA_pAcc 1.49639 Delta -0.0140347 SA_r 0.0962772 freedomratio 0.249894
Iter 2500000 pBad 0.4536 T 5.52429e-06 Obj 1.0178 Rho 0 GRdif 10.3719 success 504716 failure 138125 obj_new 1.0178 SA_pAcc 1 Delta 0.0295129 SA_r 0.918831 freedomratio 0.247788
Iter 3000000 pBad 0.222515 T 1.48723e-06 Obj 1.01327 Rho 0 GRdif 7.74959 success 588578 failure 203214 obj_new 1.01327 SA_pAcc 1 Delta -0.00160256 SA_r 0.778234 freedomratio 0.231678
Iter 3500000 pBad 0.167706 T 4.00389e-07 Obj 1.00984 Rho 0 GRdif 5.75752 success 660223 failure 304501 obj_new 1.00984 SA_pAcc 1 Delta -0.00107042 SA_r 0.489856 freedomratio 0.226939
Iter 4000000 pBad 0.093107 T 1.07792e-07 Obj 1.00899 Rho 0 GRdif 5.26451 success 715798 failure 444050 obj_new 1.00899 SA_pAcc 1 Delta -0.00866694 SA_r 0.0812753 freedomratio 0.204735
Iter 4500000 pBad 0.0430913 T 2.90194e-08 Obj 1.00845 Rho 0 GRdif 4.95419 success 755769 failure 642129 obj_new 1.00846 SA_pAcc 3.02283e-95 Delta -0.0041358 SA_r 0.667151 freedomratio 0.178941
Iter 5000000 pBad 0.0175907 T 7.81252e-09 Obj 1.00826 Rho 0 GRdif 4.83751 success 780908 failure 902206 obj_new 1.00826 SA_pAcc 0.000211886 Delta -0.000396476 SA_r 0.0900888 freedomratio 0.162341
Iter 5500000 pBad 0.0126389 T 2.10327e-09 Obj 1.0082 Rho 0 GRdif 4.80327 success 795359 failure 1209308 obj_new 1.0082 SA_pAcc 0.00465335 Delta 0.000416084 SA_r 0.96465 freedomratio 0.155268
Iter 6000000 pBad 0.00502446 T 5.66236e-10 Obj 1.00817 Rho 0 GRdif 4.78833 success 805721 failure 1541064 obj_new 1.00818 SA_pAcc 0 Delta 6.27867e-05 SA_r 0.8278 freedomratio 0.146963
Iter 6500000 pBad 0.00364722 T 1.5244e-10 Obj 1.00815 Rho 0 GRdif 4.77335 success 813985 failure 1895028 obj_new 1.00815 SA_pAcc 1.59622e-30 Delta 0.00019706 SA_r 0.641864 freedomratio 0.141346
Iter 7000000 pBad 0.00144014 T 4.10396e-11 Obj 1.00814 Rho 0 GRdif 4.76739 success 821164 failure 2264861 obj_new 1.00814 SA_pAcc 1 Delta 9.54806e-05 SA_r 0.707758 freedomratio 0.136237
Iter 7500000 pBad 0.00066603 T 1.10486e-11 Obj 1.00814 Rho 0 GRdif 4.76497 success 826045 failure 2648360 obj_new 1.00814 SA_pAcc 2.10985e-166 Delta -6.15112e-05 SA_r 0.311198 freedomratio 0.135048
Iter 8000000 pBad 0.000673397 T 2.97447e-12 Obj 1.00813 Rho 0 GRdif 4.76256 success 833553 failure 3039965 obj_new 1.00813 SA_pAcc 1 Delta 4.48057e-05 SA_r 0.0187224 freedomratio 0.127604
Iter 8500000 pBad 0.000563808 T 8.00778e-13 Obj 1.00813 Rho 0 GRdif 4.76151 success 840511 failure 3447958 obj_new 1.00813 SA_pAcc 1 Delta 5.10439e-05 SA_r 0.0881397 freedomratio 0.126998
Iter 9000000 pBad 2.21669e-71 T 2.15583e-13 Obj 1.00813 Rho 0 GRdif 6.12787 success 842650 failure 3813961 obj_new 1.01048 SA_pAcc 0 Delta 9.26657e-73 SA_r 0.296422 freedomratio 0.124313
Iter 9500000 pBad 7.21937e-148 T 5.80388e-14 Obj 1.00813 Rho 0 GRdif 4.78419 success 842650 failure 4170645 obj_new 1.00817 SA_pAcc 0 Delta -5.77801e-149 SA_r 0.830005 freedomratio 0.117978
Good enough
iter 8.66379e+06 obj1.00813 rho 0 GRdif 4.76126
Training:
Lab Growth Rates:
0.32 1.05 0.42 0.37 0.4 0.11 0.42 0.3 0.5 0.5 0.465 0.301 0.25 1.05 0.25 0.762 0.5 1.46 0.42 0.6 0.23 0.65 0.5 0.37 0.377 0.58 1.483 0.46 0.41 0.4 0.53 0.54 0.41 0.22 0.4 0.46 0.56 0.4 0.56 0.59 0.5 0.32 0.4 0.43 0.46 0.22 0.26 0.636 0.36 0.58 0.19 1.46 0.58 1.05 0.38 0.47 0.5 0.53 1.483 0.37 0.47 0.4 0.34 0.4 0.33 0.56 0.36 0.4 0.59 0.4 0.58 0.41 0.47 0.3 0.56 0.5 0.4 0.47 0.43 1.345 0.19 0.38 0.27 0.7 0.33 0.52 0.39 0.65 0.54 0.43 0.4 0.47 0.49 0.09 0.5 0.59 0.54 0.45 0.33 0.33 0.42 0.46 0.54 0.4 0.4 0.5 0.637 0.3 0.56 0.59 0.22 0.45 0.56 0.17 0.34 1.46 0.6 0.4 0.42 0.65 0.4 0.58 0.41 0.46 1.248 0.59 0.4 1.345 0.26 0.5 1.44 0.17 0.485 0.55 0.58 0.17 0.46 0.58 0.59 0.55 0.46 1.4 1.345 0.3 0.65 0.5 0.481 1.345 0.3 0.46 0.22 0.1 1.483 0.55 0.3 0.4 0.54 0.58 0.4 0.4 0.4 0.5 0.42 0.45 0.686 0.09 0.4 0.301 0.56 0.58 0.42 0.45 0.45 0.4 0.4 0.45 0.48 0.48 0.54 0.3 0.46 0.41 0.51 0.45 0.4 1.43 0.53 1.483 0.27 0.56 0.48 0.41 0.59 0.65 0.617 1.345 0.58 0.37 0.25 0.42 0.37 0.46 0.27 0.4 0.46 1.43 0.47 0.53 0.4 0.11 0.59 0.22 0.485 0.901 0.1 0.53 0.5 0.1 0.45 1.67 0.42 0.38 0.48 0.51 0.53 0.4 0.36 0.43 0.46 0.1 0.635 0.5 0.54 0.52 0.37 0.52 0.4 1.483 0.37 0.901 0.55 0.4 0.377 0.52 0.47 0.648 0.4 0.58 1.345 0.4 0.46 0.54 0.33 0.25 0.58 0.37 0.52 0.11 0.68 0.46 0.55 0.45 0.54 0.724 0.476 0.56 0.4 1.03 0.23 1.248 0.43 0.34 0.52 0.39 0.54 0.53 0.14 0.54 0.2 0.14 0.54 0.58 0.58 0.58 0.42 0.901 0.4 0.42 0.724 0.22 0.901 0.5 0.58 0.4 0.45 0.42 0.55 0.5 0.09 0.4 0.4 0.47 0.55 0.4 0.23 0.5 0.23 0.901 0.54 0.4 0.4 0.42 0.465 0.2 0.33 0.52 0.52 0.47 0.58 0.481 0.54 0.47 0.53 0.45 0.41 0.33 0.49 0.55 0.53 1.46 0.465 0.59 0.37 0.36 0.45 0.4 0.52 0.636 0.45 0.54 0.4 0.53 0.23 0.1 0.4 0.5 0.45 0.4 0.37 0.38 0.27 0.27 0.43 0.4 0.635 1.248 0.5 0.36 0.47 0.41 0.47 0.47 0.43 0.48 0.56 0.3 0.3 0.47 0.59 0.5 0.52 0.4 0.762 0.37 0.23 0.3 0.47 1.05 0.19 0.4 0.55 0.3 0.65 0.1 0.42 0.54 0.33 0.4 0.42 1.345 0.22 1.483 0.42 0.901 0.56 0.47 0.54 0.26 0.25 0.5 0.23 1.345 0.762 0.53 0.47 0.54 0.37 0.648 0.37 0.54 0.33 0.54 0.55 0.5 0.71 0.724 0.48 1.38 1.35 0.45 0.36 0.68 0.46 0.4 0.4 0.46 0.46 0.68 1.248 0.47 0.686 0.32 0.25 1.345 0.54 0.5 0.23 0.7 1.345 0.31 0.47 0.45 0.4 0.5 1.66 0.56 0.59 0.4 0.59 0.39 0.45 1.248 0.46 0.53 0.635 0.36 0.5 0.31 0.39 0.22 0.47 0.5 0.37 0.55 0.25 0.762 0.47 0.48 0.54 0.56 0.58 0.45 0.39 0.54 0.5 1.483 0.43 0.46 0.5 0.59 0.485 0.5 1.483 0.476 0.4 0.636 0.43 0.54 0.56 0.5 0.5 0.56 0.637 0.4 0.3 0.4 1.483 0.38 0.47 0.481 0.65 0.23 1.483 0.4 0.4 0.49 0.53 0.25 0.6 0.58 0.56 0.71 0.48 0.46 0.51 0.53 0.4 0.6 0.637 0.27 0.648 0.54 0.4 0.55 0.3 0.56 0.41 1.05 0.3 0.4 0.5 0.7 0.43 0.56 0.1 0.42 0.5 0.4 0.58 0.65 0.58 1.66 1.483 0.43 0.7 0.47 0.37 0.686 0.31 0.4 0.43 0.37 0.59 1.67 1.49 0.46 0.1 0.68 0.59 1.42 0.1 0.4 0.52 1.345 1.345 0.54 0.301 0.47 0.42 0.39 0.377 0.54 0.68 0.48 0.4 0.52 0.53 0.36 0.476 0.5 0.54 0.485 1.483 0.71 0.59 0.36 0.2 0.65
Dot Production Prediction of Lab Growth Rates:
0.325808 1.07787 0.621719 0.41496 0.400426 0.408202 0.379571 0.332347 0.304051 0.344517 0.521411 0.53058 0.59127 1.48792 0.538634 1.10566 0.833853 1.02633 0.303439 0.615951 0.430997 0.713925 0.476445 0.414862 0.522871 0.457115 1.3547 0.46187 0.514022 0.388022 0.525297 0.399769 0.409923 0.468949 0.399858 0.317986 0.472292 0.397335 0.545863 0.545795 0.759276 0.342904 0.402872 0.374642 0.343587 0.465046 0.371867 0.722103 0.446913 0.476299 0.299835 1.46238 0.359769 1.04746 0.377138 0.472942 0.726719 0.569263 1.26989 0.589145 0.43653 0.394386 0.274591 0.400329 0.55149 0.534049 0.371438 0.398667 0.542793 0.397434 0.473209 0.385875 0.371671 0.394342 0.472814 0.479337 0.387411 0.402689 0.442562 1.32731 0.305711 0.292108 0.341464 0.744015 0.3348 0.399875 0.318412 0.618583 0.53709 0.35829 0.399921 0.320772 0.384154 0.34195 0.52983 0.375004 0.392192 0.427956 0.289019 0.321071 0.331554 0.400016 0.535082 0.393047 0.401312 0.849258 0.700793 0.30013 0.537279 0.359776 0.356372 0.33603 0.54484 0.300398 0.287839 1.05813 0.589248 0.385936 0.414828 0.713163 0.399052 0.341689 0.523202 0.274792 1.08091 0.299563 0.38474 1.33531 0.607991 0.376733 1.42929 0.450877 0.509293 0.547085 0.377874 0.293929 0.569112 0.367444 0.31218 0.55852 0.469292 1.40053 1.32266 0.563314 0.637936 0.470397 0.513748 1.30913 0.555071 0.405904 0.458293 0.485543 1.30924 0.457163 0.525021 0.397625 0.465566 0.381105 0.39915 0.386149 0.39928 0.543833 0.336329 1.37613 0.720889 0.39165 0.400522 0.533508 0.464852 0.280699 0.359226 0.351155 0.433588 0.402255 0.401637 1.35885 0.262505 0.286614 0.456296 0.432271 0.379252 0.522025 0.440537 1.35205 0.391003 1.178 0.499813 1.29885 0.384796 0.477518 0.276091 0.349699 0.300639 0.639909 0.593036 1.29993 0.467301 0.411387 0.361271 0.351243 0.421589 0.360693 0.633536 0.400088 0.441328 1.18752 0.374312 0.526556 0.394102 0.385085 0.335598 0.467821 0.510418 0.994542 1.30363 0.425257 0.743307 1.18475 0.380822 1.3575 0.283815 0.374472 0.343808 0.409294 0.443069 0.403853 0.359766 0.367911 0.449849 1.07909 0.709645 0.825642 0.396738 0.390115 0.415347 0.376692 0.401083 1.33301 0.416138 0.896846 0.455974 0.40017 0.522849 0.393284 0.402593 0.708036 0.399778 0.472563 1.28254 0.395839 0.460088 0.451146 0.282757 0.359675 0.473695 0.463365 0.347791 0.337096 0.369518 0.458911 0.455872 0.304452 0.343656 0.715539 0.525464 0.530965 0.397133 1.27143 0.43159 1.07293 0.431372 0.302547 0.421675 0.324849 0.540727 0.543492 0.140066 0.423486 0.351025 0.139642 0.406548 0.464987 0.401222 0.319496 0.604799 0.899844 0.402935 0.363263 0.720785 0.466041 0.901483 0.773916 0.381449 0.393493 1.36097 0.318569 0.548159 0.807489 0.484683 0.301811 0.395676 0.45035 0.549993 0.39652 0.532693 0.531852 0.533318 0.901298 0.456305 0.398265 0.399801 0.627752 0.522138 0.393461 0.371821 0.374565 0.386285 0.408412 0.475338 0.515056 0.36668 0.474052 0.533451 0.347549 0.381597 0.464854 0.419085 0.457853 0.383098 1.04752 0.524669 0.545047 0.402045 0.330374 0.335945 0.39155 0.338035 0.697699 0.386081 0.300147 0.401005 0.529102 0.532817 1.25868 0.30463 0.312189 0.401968 0.400358 0.449922 0.271161 0.378896 0.270267 0.352223 0.396132 0.711625 1.07274 0.724221 0.358708 0.3847 0.304422 0.40908 0.471211 0.373433 0.281804 0.557393 0.615945 0.453015 0.344183 0.548555 0.479463 0.392763 0.393449 1.08608 0.267894 0.432172 0.586424 0.344792 1.07624 0.319635 0.389993 0.55283 0.622512 0.648634 1.00099 0.280055 0.540037 0.391332 0.39344 0.302921 1.35685 0.470223 1.33927 0.326182 0.929365 0.463119 0.360949 0.460426 0.489724 1.36802 0.446963 0.528619 1.31096 1.09837 0.519714 0.356511 0.548321 0.415536 0.702924 0.427384 0.550543 0.505319 0.374308 0.442645 0.541376 0.711234 0.718449 0.332624 1.23412 1.11577 0.4117 0.437434 0.365236 0.435961 0.40393 0.38659 0.487738 0.586525 0.368589 1.07184 0.414723 0.721569 0.30175 0.274711 1.35638 0.391407 0.317863 0.53935 0.744644 1.34299 0.580972 0.399213 0.368013 0.385364 0.364945 1.49087 0.547484 0.545357 0.397552 0.320548 0.350145 1.40435 1.06801 0.445491 0.460851 0.711248 0.360331 0.410037 0.583356 0.284252 0.409759 0.360626 0.320175 0.425683 0.458678 1.00302 1.09218 0.41575 0.327649 0.317042 0.46268 0.473085 1.38025 0.306346 0.278849 0.812737 1.27948 0.430617 0.28107 0.469849 0.320923 0.520208 0.391453 1.31812 0.525452 0.400157 0.715739 0.416368 0.379185 0.527206 0.726886 0.550835 0.551209 0.70278 0.399961 0.302302 0.40066 1.29004 0.29345 0.3807 0.514861 0.663198 0.54232 1.30452 0.400139 0.400498 0.404556 0.351643 0.364885 0.59547 0.463447 0.535999 0.717107 0.334441 0.463053 0.449213 0.331268 0.399286 0.578354 0.703686 0.386515 0.709075 0.54003 0.40025 0.561262 0.296239 0.540552 0.41925 1.07581 0.550809 0.389923 0.306728 0.748381 0.420439 0.555439 0.369948 0.357501 0.47238 0.398074 0.46273 0.655214 0.46937 1.50749 1.30691 0.461435 0.743566 0.37905 0.427214 0.717496 0.599403 0.393675 0.382234 0.397804 0.287866 1.38537 1.40435 0.548817 1.07378 0.369683 0.538647 1.43162 0.476298 0.399631 0.364667 1.35976 1.36806 0.390531 0.527758 0.384462 0.332539 0.323067 0.524498 0.3726 0.366591 0.2944 0.389009 0.385981 0.253437 0.322323 0.524195 0.348713 0.457161 0.521431 1.3305 0.711895 0.542866 0.33073 0.387472 0.681891
Testing:
Lab Growth Rates:
0.45
Dot Production Prediction of Lab Growth Rates:
1.35289
Best performance so far: 
Obj: 4.67734e-310Rho: 6.5069e-314Diff: 4.67734e-310
Test:
 Lab Growth Rates:
0.45Dot Product Prediction of Growth Rate:
1.352893