seed =  5 traits =  1 
Training: part  170 
Training: part  170 
Round  1 
 Goal of obj  0.99 
Temperature range:  0.0078125 1.5625e-14 
Cycle 1Round 1
Iter 500000 pBad 0.865839 T 0.00203162 Obj 1.09187 Rho 0 GRdif 51.5062 success 147230 failure 8673 obj_new 1.09187 SA_pAcc 1.07039 Delta 0.080835 SA_r 0.894121 freedomratio 0.370651
Iter 1000000 pBad 0.793404 T 0.000528317 Obj 1.05147 Rho 0 GRdif 29.4112 success 290353 failure 25505 obj_new 1.05147 SA_pAcc 1.38415 Delta -0.0740165 SA_r 0.126345 freedomratio 0.368785
Iter 1500000 pBad 0.717451 T 0.000137387 Obj 1.03017 Rho 0 GRdif 17.4197 success 430825 failure 49916 obj_new 1.03017 SA_pAcc 1 Delta 0.0067211 SA_r 0.401007 freedomratio 0.369018
Iter 2000000 pBad 0.603815 T 3.57271e-05 Obj 1.0214 Rho 0 GRdif 12.4109 success 567830 failure 80379 obj_new 1.0214 SA_pAcc 0.989152 Delta 0.0064661 SA_r 0.79596 freedomratio 0.354722
Iter 2500000 pBad 0.547703 T 9.29071e-06 Obj 1.01683 Rho 0 GRdif 9.78305 success 699403 failure 120524 obj_new 1.01683 SA_pAcc 1 Delta -0.0405056 SA_r 0.97853 freedomratio 0.354936
Iter 3000000 pBad 0.336641 T 2.41602e-06 Obj 1.01218 Rho 0 GRdif 7.0945 success 822874 failure 177322 obj_new 1.01218 SA_pAcc 0.348476 Delta -0.000979456 SA_r 0.0162124 freedomratio 0.346746
Iter 3500000 pBad 0.200636 T 6.28278e-07 Obj 1.01003 Rho 0 GRdif 5.93165 success 921250 failure 284675 obj_new 1.01017 SA_pAcc 5.40088e-103 Delta -0.0183687 SA_r 0.0869057 freedomratio 0.328108
Iter 4000000 pBad 0.102834 T 1.63382e-07 Obj 1.00913 Rho 0 GRdif 5.32407 success 989436 failure 458099 obj_new 1.00913 SA_pAcc 0.413949 Delta -0.00668899 SA_r 0.456295 freedomratio 0.285575
Iter 4500000 pBad 0.0373734 T 4.24869e-08 Obj 1.00878 Rho 0 GRdif 5.12427 success 1029490 failure 702877 obj_new 1.00878 SA_pAcc 2.7214e-80 Delta 0.000122731 SA_r 0.703189 freedomratio 0.242249
Iter 5000000 pBad 0.0180043 T 1.10486e-08 Obj 1.00871 Rho 0 GRdif 5.08214 success 1051259 failure 1006364 obj_new 1.00871 SA_pAcc 9.78042e-193 Delta 0.0012994 SA_r 0.897622 freedomratio 0.217278
Iter 5500000 pBad 0.00868499 T 2.87315e-09 Obj 1.00868 Rho 0 GRdif 5.06674 success 1062819 failure 1344866 obj_new 1.00868 SA_pAcc 9.81595e-51 Delta 0.000342105 SA_r 0.202623 freedomratio 0.205975
Iter 6000000 pBad 0.00581897 T 7.47152e-10 Obj 1.00867 Rho 0 GRdif 5.06108 success 1069730 failure 1702574 obj_new 1.00867 SA_pAcc 0 Delta -0.000536132 SA_r 0.604799 freedomratio 0.20041
Iter 6500000 pBad 0.00221815 T 1.94295e-10 Obj 1.00867 Rho 0 GRdif 5.05825 success 1073597 failure 2072831 obj_new 1.00867 SA_pAcc 0 Delta 6.00869e-05 SA_r 0.0290499 freedomratio 0.195921
Iter 7000000 pBad 0.00121429 T 5.05257e-11 Obj 1.00867 Rho 0 GRdif 5.05676 success 1075934 failure 2450634 obj_new 1.00867 SA_pAcc 1 Delta 8.30106e-05 SA_r 0.662263 freedomratio 0.193783
Iter 7500000 pBad 0.000729165 T 1.3139e-11 Obj 1.00867 Rho 0 GRdif 5.05617 success 1077528 failure 2833328 obj_new 1.00867 SA_pAcc 6.11478e-35 Delta -9.84014e-06 SA_r 0.0495073 freedomratio 0.190631
Iter 8000000 pBad 0.000184018 T 3.41677e-12 Obj 1.00866 Rho 0 GRdif 5.06122 success 1079304 failure 3221321 obj_new 1.00867 SA_pAcc 0 Delta 3.37405e-06 SA_r 0.58234 freedomratio 0.186446
Iter 8500000 pBad 5.72116e-09 T 8.88519e-13 Obj 1.00866 Rho 0 GRdif 5.05633 success 1082573 failure 3607731 obj_new 1.00867 SA_pAcc 0 Delta -4.50348e-10 SA_r 0.943537 freedomratio 0.18092
Iter 9000000 pBad 1.37721e-53 T 2.31057e-13 Obj 1.00866 Rho 0 GRdif 5.05508 success 1088613 failure 3973010 obj_new 1.00866 SA_pAcc 1 Delta -3.42155e-55 SA_r 0.872925 freedomratio 0.173219
Iter 9500000 pBad 6.57387e-44 T 6.00855e-14 Obj 1.00866 Rho 0 GRdif 5.05525 success 1088613 failure 4285329 obj_new 1.00866 SA_pAcc 0 Delta -5.95712e-45 SA_r 0.406716 freedomratio 0.141307
Iter 10000000 pBad 0 T 1.5625e-14 Obj 1.00866 Rho 0 GRdif 5.05717 success 1088613 failure 4617906 obj_new 1.00867 SA_pAcc 0 Delta -0 SA_r 0.470851 freedomratio 0.0755349
Cannot move further
iter 8.9959e+06 obj1.00866 rho 0 GRdif 5.05508
Training:
Lab Growth Rates:
0.4 0.42 0.45 0.59 0.377 0.43 0.42 1.43 0.38 0.4 0.53 0.38 0.56 0.56 0.46 0.45 0.23 0.27 0.55 1.345 0.4 0.47 0.4 1.483 0.37 0.52 0.52 0.1 0.25 0.68 0.58 0.46 0.09 0.56 1.05 0.46 0.41 0.47 0.31 0.47 0.19 0.43 0.637 0.762 0.54 0.5 0.4 0.52 0.1 0.26 0.4 0.42 0.53 0.56 0.45 0.55 0.4 0.45 1.248 0.53 0.43 0.55 0.52 0.23 0.3 1.67 0.48 0.47 0.3 0.724 0.48 0.56 0.7 0.32 0.48 0.54 0.48 0.26 0.5 0.636 0.3 0.5 0.686 0.46 0.47 0.45 0.53 0.59 0.36 1.248 0.58 0.45 0.39 0.52 0.37 0.22 0.5 0.53 0.901 0.4 0.49 0.37 0.36 0.5 0.648 0.5 0.6 0.45 0.6 0.4 0.1 0.46 0.37 0.4 0.1 0.33 0.36 1.345 0.65 0.56 0.55 0.59 0.54 0.42 0.68 0.5 0.42 0.54 0.42 0.27 0.37 0.27 0.5 1.248 0.3 1.483 0.4 0.1 0.47 1.248 0.33 0.54 1.483 1.44 0.56 0.58 0.7 0.54 0.52 0.65 0.4 0.5 0.55 0.3 0.39 0.4 0.5 1.483 0.25 0.465 0.59 1.05 0.42 0.48 0.37 1.345 0.52 0.56 0.3 0.481 0.4 0.53 0.55 0.46 0.54 0.46 0.17 0.47 0.5 0.686 0.11 1.483 0.4 0.46 0.39 0.5 0.54 0.5 0.43 0.54 0.22 0.58 0.5 0.481 0.53 0.485 0.47 0.5 0.25 0.65 1.49 0.54 0.47 0.5 0.41 0.2 0.56 0.54 0.6 0.43 0.54 0.43 0.33 0.22 0.4 0.45 0.39 0.23 0.19 1.05 0.37 0.49 0.46 0.31 0.2 0.37 0.46 0.09 0.4 0.47 0.648 0.901 0.465 0.54 0.5 0.5 0.4 0.42 0.33 0.4 0.37 0.23 0.3 0.56 0.53 1.46 0.38 0.22 1.345 0.1 0.45 0.54 0.52 0.42 0.4 0.635 1.46 0.47 0.14 0.5 0.4 0.3 1.42 0.4 0.4 0.17 0.4 0.39 0.45 0.46 1.38 0.45 0.485 0.59 0.58 0.5 0.47 1.483 0.5 0.46 0.4 0.42 0.51 0.54 0.54 1.345 0.53 0.724 0.54 0.65 0.42 0.7 0.47 0.58 0.4 0.41 0.25 0.37 0.59 0.485 0.301 0.48 0.58 0.5 0.11 0.4 0.4 0.25 0.45 0.45 0.49 0.762 0.762 0.54 0.34 0.4 0.4 0.46 0.46 1.67 0.4 0.901 1.483 1.345 0.34 0.45 0.65 0.46 0.724 0.17 0.39 0.637 0.901 0.43 0.47 0.54 0.22 0.4 0.53 0.55 0.41 0.37 0.55 1.05 1.05 0.58 0.22 0.68 0.68 0.32 0.33 0.59 0.34 0.377 0.27 0.4 0.47 0.33 0.4 0.59 0.46 0.4 0.65 0.4 0.7 0.377 0.476 0.58 0.59 0.56 0.58 0.52 0.617 0.42 0.37 0.71 0.5 0.58 0.4 0.47 0.36 0.53 0.301 0.58 0.59 0.1 0.481 0.2 0.27 0.42 0.43 0.41 0.4 1.66 0.33 0.58 0.4 0.301 0.4 0.23 1.345 0.42 0.43 0.58 0.53 0.3 0.465 0.36 0.56 0.55 0.42 0.762 0.52 0.476 0.476 1.35 0.4 0.54 0.4 0.46 0.47 0.38 0.5 0.4 0.4 0.14 0.37 0.51 0.4 0.23 0.56 0.59 0.59 0.54 0.5 0.4 1.345 0.36 0.4 0.4 0.68 0.54 0.65 0.25 0.5 0.65 0.48 0.5 0.48 0.3 1.483 0.5 0.43 0.51 0.47 0.4 0.26 0.54 0.32 0.4 1.46 0.53 0.54 0.25 0.48 0.55 0.3 0.11 0.58 0.4 0.41 0.4 0.37 0.4 1.4 0.47 0.4 1.46 0.6 0.56 0.43 0.54 0.65 0.4 0.54 0.901 0.635 0.46 0.56 0.46 0.648 0.52 0.3 0.55 0.58 0.5 0.33 0.53 0.637 0.36 0.53 0.22 0.686 0.636 0.43 0.4 1.483 0.09 0.47 0.58 0.58 1.248 0.58 0.23 0.47 0.42 0.46 0.37 0.5 0.41 0.56 0.25 1.345 0.59 0.45 0.47 0.4 1.03 0.45 0.485 0.4 0.56 0.36 0.45 0.33 1.345 0.901 0.5 0.41 0.42 0.4 0.47 0.54 0.5 0.4 0.54 0.636 0.3 0.71 0.46 0.47 0.52 0.45 0.4 0.4 0.1 0.27 1.66 1.345 1.483 0.3 0.23 1.483 0.55 0.22 0.56 0.37 1.43 0.71 0.23 0.4 0.42 0.38 0.36 0.635 0.58 0.31 0.45 0.19 1.483 0.1 0.5 1.345 0.41 0.58 0.5
Dot Production Prediction of Lab Growth Rates:
0.400018 0.328006 1.56309 0.389944 0.471024 0.353533 0.529405 1.38715 0.308098 0.400573 0.334703 0.37915 0.538373 0.535128 0.378327 0.373855 0.543095 0.532615 0.518019 1.09171 0.401561 0.357374 0.400037 1.06112 0.481341 0.381326 0.37283 0.415525 0.35381 0.439286 0.509588 0.2944 0.423287 0.536524 1.54002 0.500928 0.339741 0.413766 0.53356 0.348813 0.33897 0.411097 0.701521 1.45711 0.546003 0.358066 0.398008 0.343353 0.41511 0.431106 0.397273 0.516865 0.533559 0.530704 1.42295 0.55516 0.39952 0.405007 1.248 0.535388 0.398158 0.524181 0.35547 0.538546 0.377396 1.5382 0.286562 0.363123 0.588901 0.704841 0.281487 0.541301 0.706642 0.32692 0.337637 0.372645 0.353502 0.356532 0.526578 0.693081 0.554043 0.364184 0.700051 0.35897 0.369081 0.358897 0.545398 0.54536 0.365766 1.25502 0.499334 0.375032 0.325912 0.380072 0.377971 0.527633 0.316032 0.52905 0.889036 0.402486 0.366018 0.389252 0.360178 0.553498 0.697563 0.745295 0.578434 1.47532 0.567208 0.401752 1.22646 0.479387 0.48234 0.399965 1.30321 0.353283 0.345719 1.0439 0.662163 0.520097 0.516466 0.328838 0.368731 0.342947 0.436753 0.402811 0.338855 0.34699 0.344629 0.328366 0.415859 0.364231 0.675212 1.25849 0.564259 0.998768 0.39814 1.38656 0.349403 1.24334 0.322779 0.547697 1.02677 1.50805 0.505844 0.375554 0.714718 0.363044 0.374417 0.645287 0.392353 0.518155 0.512116 0.551101 0.315627 0.402704 0.32742 1.05837 1.52205 0.464429 0.339282 1.05336 0.349467 0.34952 0.467845 1.04375 0.383701 0.53424 0.465145 0.466709 0.400348 0.278695 0.551808 0.50943 0.497966 0.397558 0.317537 0.348796 0.655216 0.699413 0.36762 1.05984 0.39871 0.424514 0.2994 0.541172 0.375177 0.739205 0.370907 0.510052 0.526117 0.504868 0.386822 0.461332 0.461939 0.46252 0.439658 0.320903 0.306519 0.649997 1.56309 0.322142 0.383434 0.538728 0.380984 0.346113 0.505692 0.537211 0.569676 0.36795 0.497692 0.412945 0.479296 0.516977 0.400154 1.45149 0.327618 0.492687 0.319877 1.04846 0.47774 0.372376 0.421909 0.538097 0.369355 0.40112 0.485723 0.364476 0.39912 0.34813 0.699332 0.897501 0.464291 0.377592 0.509758 0.732667 0.399172 0.308282 0.478569 0.404474 0.492327 0.544025 0.512974 0.53372 0.52249 1.54869 0.295843 0.527014 1.10778 1.23675 0.404646 0.491404 0.351704 0.381248 0.310321 0.70202 1.03849 0.351584 0.140054 0.52055 0.4009 0.318957 1.54188 0.402886 0.40014 0.405615 0.406024 0.348343 0.34959 0.479819 1.35131 0.361782 0.469071 0.317693 0.3684 0.692546 0.375526 1.0313 0.738116 0.314884 0.397795 0.290171 0.380724 0.534638 0.53905 1.06486 0.41122 0.704059 0.380437 0.650191 0.325241 0.707816 0.370444 0.300959 0.400784 0.361412 0.450593 0.295551 0.540461 0.470256 0.481183 0.3454 0.36444 0.332337 0.327651 0.396656 0.403143 0.349554 0.321676 1.52232 0.382527 1.44305 1.4735 0.373941 0.337664 0.381277 0.402611 0.344176 0.333275 1.38038 0.399045 0.901 1.02051 1.04067 0.314156 1.47761 0.642799 0.395183 0.7009 0.31395 0.31857 0.702774 0.896776 0.353946 0.376793 0.353471 0.353459 0.40281 0.323691 0.550835 0.478692 0.49163 0.545149 1.02289 1.05028 0.504448 0.419296 0.441668 0.435775 0.306971 0.317114 0.549106 0.330358 0.467223 0.293658 0.395132 0.441446 0.361694 0.401304 0.396694 0.504987 0.4015 0.632864 0.402834 0.703396 0.467614 0.466759 0.361302 0.54287 0.541655 0.501152 0.362478 0.564704 0.507459 0.470513 0.700275 0.547402 0.517445 0.400927 0.393066 0.325052 0.534373 0.484235 0.351416 0.555726 0.844692 0.464556 0.377885 0.368998 0.305804 0.356474 0.331634 0.399446 1.66 0.332322 0.514992 0.395144 0.47831 0.400007 0.493482 1.01574 0.308302 0.366359 0.504717 0.402421 0.287285 0.460672 0.323267 0.519166 0.518944 0.329593 1.44357 0.353562 0.464865 0.462105 1.30928 0.399286 0.356331 0.400716 0.420564 0.358191 0.361101 0.666262 0.40209 0.401819 0.139987 0.480216 0.400588 0.397084 0.537577 0.538469 0.541408 0.545525 0.506039 0.654496 0.399889 1.04445 0.348738 0.404128 0.397139 0.443102 0.506432 0.651604 0.353216 0.720963 0.645728 0.29075 0.518006 0.31415 0.27739 0.991586 0.537106 0.397443 0.395411 0.360583 0.401216 0.493665 0.392327 0.34321 0.402097 1.03002 0.379714 0.535862 0.473818 0.316945 0.550014 0.281901 0.357732 0.520022 0.402228 0.477015 0.40006 0.470202 0.396628 1.40002 0.428723 0.403231 1.0295 0.57796 0.520506 0.380344 0.541482 0.659058 0.401431 0.290859 0.901316 0.697811 0.505703 0.506872 0.346283 0.695424 0.36881 0.552611 0.546718 0.51094 0.350923 0.312894 0.424516 0.70137 0.409541 0.368611 0.519204 0.700193 0.703066 0.426292 0.402929 1.03661 0.337706 0.368082 0.319502 0.511735 1.24748 0.349891 0.49426 0.392799 0.337076 0.503774 0.385424 0.328441 0.360651 0.53691 0.84614 1.04459 0.319824 0.351017 0.436788 0.404426 1.3536 0.302898 0.466058 0.400021 0.537076 0.40925 1.55972 0.442219 1.04564 1.27922 0.507337 0.479834 0.338144 0.403924 0.31781 0.334524 0.347487 0.397579 0.3606 0.701369 0.357039 0.704146 0.506705 0.394278 0.357883 0.396754 0.319532 0.401269 1.46151 0.358769 1.6582 1.09078 1.00048 0.571305 0.546296 1.01245 0.521191 0.381793 0.541019 0.490022 1.37086 0.695792 0.53922 0.402635 0.329016 0.299524 0.335569 0.701285 0.371931 0.509821 0.326195 0.319747 1.0788 0.321738 0.321544 1.054 0.374769 0.521173 0.751541
Testing:
Lab Growth Rates:
0.59 0.59 0.59
Dot Production Prediction of Lab Growth Rates:
0.333688 0.333403 0.319691
Best performance so far: 
Obj: 4.68392e-310Rho: 2.26291e-314Diff: 4.68392e-310
Anneal again with the best G and E so far as input
Cycle 2Round 1
Iter 500000 pBad 0.859057 T 0.00203162 Obj 1.07347 Rho 0 GRdif 41.5449 success 112076 failure 8117 obj_new 1.07347 SA_pAcc 1 Delta 0.0823619 SA_r 0.867227 freedomratio 0.27067
Iter 1000000 pBad 0.788388 T 0.000528317 Obj 1.04938 Rho 0 GRdif 28.2446 success 220968 failure 22981 obj_new 1.04938 SA_pAcc 1 Delta -0.0467786 SA_r 0.58509 freedomratio 0.264202
Iter 1500000 pBad 0.680548 T 0.000137387 Obj 1.02769 Rho 0 GRdif 16.0039 success 326654 failure 45371 obj_new 1.02769 SA_pAcc 1 Delta 0.0325501 SA_r 0.507751 freedomratio 0.263134
Iter 2000000 pBad 0.568559 T 3.57271e-05 Obj 1.02301 Rho 0 GRdif 13.3319 success 428799 failure 77051 obj_new 1.02301 SA_pAcc 1 Delta 0.0535682 SA_r 0.636738 freedomratio 0.261607
Iter 2500000 pBad 0.459177 T 9.29071e-06 Obj 1.01878 Rho 0 GRdif 10.9055 success 525523 failure 118684 obj_new 1.01878 SA_pAcc 1 Delta -0.0259067 SA_r 0.300376 freedomratio 0.260444
Iter 3000000 pBad 0.318897 T 2.41602e-06 Obj 1.01424 Rho 0 GRdif 8.28697 success 619253 failure 168676 obj_new 1.01424 SA_pAcc 1 Delta 0.0251851 SA_r 0.500175 freedomratio 0.245291
Iter 3500000 pBad 0.229068 T 6.28278e-07 Obj 1.01127 Rho 0 GRdif 6.57004 success 699905 failure 248763 obj_new 1.01127 SA_pAcc 1 Delta -0.00409758 SA_r 0.217924 freedomratio 0.242149
Iter 4000000 pBad 0.0874005 T 1.63382e-07 Obj 1.01016 Rho 0 GRdif 5.92129 success 762458 failure 372755 obj_new 1.01016 SA_pAcc 1 Delta -0.000695812 SA_r 0.25705 freedomratio 0.21964
Iter 4500000 pBad 0.0428009 T 4.24869e-08 Obj 1.00967 Rho 0 GRdif 5.64202 success 800502 failure 567580 obj_new 1.00967 SA_pAcc 1.92869 Delta 0.000473818 SA_r 0.840889 freedomratio 0.195529
Iter 5000000 pBad 0.0184473 T 1.10486e-08 Obj 1.00953 Rho 0 GRdif 5.5553 success 822606 failure 820527 obj_new 1.00953 SA_pAcc 4.3085e-05 Delta -0.00147229 SA_r 0.714249 freedomratio 0.176666
Iter 5500000 pBad 0.00972328 T 2.87315e-09 Obj 1.00947 Rho 0 GRdif 5.52539 success 834222 failure 1114567 obj_new 1.00947 SA_pAcc 0 Delta -0.000409991 SA_r 0.63095 freedomratio 0.16549
Iter 6000000 pBad 0.00568027 T 7.47152e-10 Obj 1.00946 Rho 0 GRdif 5.51486 success 841015 failure 1434022 obj_new 1.00946 SA_pAcc 4.33172e-06 Delta 0.000492358 SA_r 0.424852 freedomratio 0.159978
Iter 6500000 pBad 0.0023832 T 1.94295e-10 Obj 1.00944 Rho 0 GRdif 5.50736 success 846437 failure 1767596 obj_new 1.00944 SA_pAcc 1 Delta -5.91925e-05 SA_r 0.790514 freedomratio 0.155396
Iter 7000000 pBad 0.002815 T 5.05257e-11 Obj 1.00943 Rho 0 GRdif 5.50276 success 851086 failure 2112952 obj_new 1.00943 SA_pAcc 1 Delta 9.8847e-05 SA_r 0.213455 freedomratio 0.150334
Iter 7500000 pBad 0.000893888 T 1.3139e-11 Obj 1.00943 Rho 0 GRdif 5.50118 success 854606 failure 2469713 obj_new 1.00943 SA_pAcc 0 Delta -4.23947e-05 SA_r 0.530185 freedomratio 0.14798
Iter 8000000 pBad 0.0001631 T 3.41677e-12 Obj 1.00943 Rho 0 GRdif 5.50178 success 858557 failure 2832456 obj_new 1.00943 SA_pAcc 0 Delta -1.16166e-05 SA_r 0.0452322 freedomratio 0.145157
Iter 8500000 pBad 0.000864427 T 8.88519e-13 Obj 1.00943 Rho 0 GRdif 5.49919 success 861977 failure 3202055 obj_new 1.00943 SA_pAcc 1 Delta 5.85752e-06 SA_r 0.510767 freedomratio 0.143136
Iter 9000000 pBad 1.5602e-21 T 2.31057e-13 Obj 1.00943 Rho 0 GRdif 5.50315 success 865985 failure 3534670 obj_new 1.00944 SA_pAcc 0 Delta -9.2794e-23 SA_r 0.999063 freedomratio 0.13811
Iter 9500000 pBad 1.44544e-108 T 6.00855e-14 Obj 1.00943 Rho 0 GRdif 5.49889 success 865985 failure 3841548 obj_new 1.00943 SA_pAcc 0 Delta -1.51097e-110 SA_r 0.56471 freedomratio 0.137591
Good enough
iter 8.84002e+06 obj1.00943 rho 0 GRdif 5.49888
Training:
Lab Growth Rates:
0.4 0.42 0.45 0.59 0.377 0.43 0.42 1.43 0.38 0.4 0.53 0.38 0.56 0.56 0.46 0.45 0.23 0.27 0.55 1.345 0.4 0.47 0.4 1.483 0.37 0.52 0.52 0.1 0.25 0.68 0.58 0.46 0.09 0.56 1.05 0.46 0.41 0.47 0.31 0.47 0.19 0.43 0.637 0.762 0.54 0.5 0.4 0.52 0.1 0.26 0.4 0.42 0.53 0.56 0.45 0.55 0.4 0.45 1.248 0.53 0.43 0.55 0.52 0.23 0.3 1.67 0.48 0.47 0.3 0.724 0.48 0.56 0.7 0.32 0.48 0.54 0.48 0.26 0.5 0.636 0.3 0.5 0.686 0.46 0.47 0.45 0.53 0.59 0.36 1.248 0.58 0.45 0.39 0.52 0.37 0.22 0.5 0.53 0.901 0.4 0.49 0.37 0.36 0.5 0.648 0.5 0.6 0.45 0.6 0.4 0.1 0.46 0.37 0.4 0.1 0.33 0.36 1.345 0.65 0.56 0.55 0.59 0.54 0.42 0.68 0.5 0.42 0.54 0.42 0.27 0.37 0.27 0.5 1.248 0.3 1.483 0.4 0.1 0.47 1.248 0.33 0.54 1.483 1.44 0.56 0.58 0.7 0.54 0.52 0.65 0.4 0.5 0.55 0.3 0.39 0.4 0.5 1.483 0.25 0.465 0.59 1.05 0.42 0.48 0.37 1.345 0.52 0.56 0.3 0.481 0.4 0.53 0.55 0.46 0.54 0.46 0.17 0.47 0.5 0.686 0.11 1.483 0.4 0.46 0.39 0.5 0.54 0.5 0.43 0.54 0.22 0.58 0.5 0.481 0.53 0.485 0.47 0.5 0.25 0.65 1.49 0.54 0.47 0.5 0.41 0.2 0.56 0.54 0.6 0.43 0.54 0.43 0.33 0.22 0.4 0.45 0.39 0.23 0.19 1.05 0.37 0.49 0.46 0.31 0.2 0.37 0.46 0.09 0.4 0.47 0.648 0.901 0.465 0.54 0.5 0.5 0.4 0.42 0.33 0.4 0.37 0.23 0.3 0.56 0.53 1.46 0.38 0.22 1.345 0.1 0.45 0.54 0.52 0.42 0.4 0.635 1.46 0.47 0.14 0.5 0.4 0.3 1.42 0.4 0.4 0.17 0.4 0.39 0.45 0.46 1.38 0.45 0.485 0.59 0.58 0.5 0.47 1.483 0.5 0.46 0.4 0.42 0.51 0.54 0.54 1.345 0.53 0.724 0.54 0.65 0.42 0.7 0.47 0.58 0.4 0.41 0.25 0.37 0.59 0.485 0.301 0.48 0.58 0.5 0.11 0.4 0.4 0.25 0.45 0.45 0.49 0.762 0.762 0.54 0.34 0.4 0.4 0.46 0.46 1.67 0.4 0.901 1.483 1.345 0.34 0.45 0.65 0.46 0.724 0.17 0.39 0.637 0.901 0.43 0.47 0.54 0.22 0.4 0.53 0.55 0.41 0.37 0.55 1.05 1.05 0.58 0.22 0.68 0.68 0.32 0.33 0.59 0.34 0.377 0.27 0.4 0.47 0.33 0.4 0.59 0.46 0.4 0.65 0.4 0.7 0.377 0.476 0.58 0.59 0.56 0.58 0.52 0.617 0.42 0.37 0.71 0.5 0.58 0.4 0.47 0.36 0.53 0.301 0.58 0.59 0.1 0.481 0.2 0.27 0.42 0.43 0.41 0.4 1.66 0.33 0.58 0.4 0.301 0.4 0.23 1.345 0.42 0.43 0.58 0.53 0.3 0.465 0.36 0.56 0.55 0.42 0.762 0.52 0.476 0.476 1.35 0.4 0.54 0.4 0.46 0.47 0.38 0.5 0.4 0.4 0.14 0.37 0.51 0.4 0.23 0.56 0.59 0.59 0.54 0.5 0.4 1.345 0.36 0.4 0.4 0.68 0.54 0.65 0.25 0.5 0.65 0.48 0.5 0.48 0.3 1.483 0.5 0.43 0.51 0.47 0.4 0.26 0.54 0.32 0.4 1.46 0.53 0.54 0.25 0.48 0.55 0.3 0.11 0.58 0.4 0.41 0.4 0.37 0.4 1.4 0.47 0.4 1.46 0.6 0.56 0.43 0.54 0.65 0.4 0.54 0.901 0.635 0.46 0.56 0.46 0.648 0.52 0.3 0.55 0.58 0.5 0.33 0.53 0.637 0.36 0.53 0.22 0.686 0.636 0.43 0.4 1.483 0.09 0.47 0.58 0.58 1.248 0.58 0.23 0.47 0.42 0.46 0.37 0.5 0.41 0.56 0.25 1.345 0.59 0.45 0.47 0.4 1.03 0.45 0.485 0.4 0.56 0.36 0.45 0.33 1.345 0.901 0.5 0.41 0.42 0.4 0.47 0.54 0.5 0.4 0.54 0.636 0.3 0.71 0.46 0.47 0.52 0.45 0.4 0.4 0.1 0.27 1.66 1.345 1.483 0.3 0.23 1.483 0.55 0.22 0.56 0.37 1.43 0.71 0.23 0.4 0.42 0.38 0.36 0.635 0.58 0.31 0.45 0.19 1.483 0.1 0.5 1.345 0.41 0.58 0.5
Dot Production Prediction of Lab Growth Rates:
0.337055 0.322783 1.49648 0.365658 0.611275 0.325992 0.539815 1.34282 0.289252 0.338769 0.339142 0.382875 0.551492 0.551801 0.38721 0.400513 0.558991 0.581776 0.511578 1.26585 0.357537 0.351032 0.34057 1.2295 0.432777 0.385938 0.372564 0.406436 0.343794 0.430021 0.467474 0.286757 0.453993 0.547849 1.46592 0.45314 0.344945 0.451024 0.565354 0.360342 0.336262 0.402381 0.707828 1.4713 0.548553 0.374094 0.335313 0.356584 0.405756 0.421653 0.335118 0.524158 0.538214 0.526527 1.40593 0.558213 0.338636 0.412869 1.24096 0.541947 0.368519 0.517932 0.366354 0.544453 0.355572 1.49562 0.284761 0.372533 0.682038 0.719132 0.265076 0.549238 0.797936 0.333075 0.348444 0.337573 0.350532 0.380164 0.498131 0.709857 0.610789 0.379182 0.709302 0.365457 0.376187 0.352974 0.541789 0.543803 0.370508 1.25166 0.463731 0.348596 0.325363 0.411805 0.400225 0.494046 0.324141 0.531798 0.891026 0.342078 0.377573 0.406442 0.366392 0.572928 0.70265 0.77138 0.648128 1.43986 0.626228 0.350525 1.8129 0.470322 0.432847 0.335906 2.04405 0.354386 0.368894 1.21524 0.652346 0.492178 0.51394 0.340541 0.374852 0.330634 0.427819 0.428898 0.328091 0.316659 0.321241 0.328395 0.455279 0.359285 0.680504 1.25477 0.636059 1.15328 0.3364 2.10466 0.354554 1.23581 0.326517 0.564628 1.24557 1.46668 0.472906 0.389745 0.797745 0.384196 0.39748 0.62795 0.323347 0.495028 0.502019 0.615147 0.313688 0.359682 0.335426 1.25529 1.45686 0.597006 0.312801 1.07449 0.341718 0.368723 0.422791 1.26059 0.3598 0.540101 0.509317 0.605415 0.33864 0.267255 0.547053 0.484217 0.501584 0.37145 0.306198 0.346726 0.677491 0.712672 0.398143 1.24585 0.355376 0.44568 0.298487 0.560646 0.392958 0.736132 0.377421 0.507816 0.493256 0.47053 0.39617 0.599672 0.466282 0.601037 0.400371 0.339884 0.314693 0.649654 1.49648 0.300692 0.371929 0.530764 0.387508 0.310388 0.475623 0.528373 0.660166 0.341896 0.504038 0.397771 0.496966 0.498811 0.340137 1.41733 0.319114 0.455333 0.317049 1.04972 0.533724 0.393374 0.395117 0.577594 0.334922 0.439384 0.490306 0.380057 0.355335 0.357004 0.707707 0.90079 0.594397 0.372456 0.475743 0.775316 0.355174 0.291874 0.493477 0.341935 0.449511 0.542844 0.551922 0.529026 0.5179 1.53047 0.261903 0.494493 1.30594 1.81989 0.381921 0.506712 0.349575 0.395083 0.26985 0.709607 1.05034 0.342686 0.472854 0.499892 0.337673 0.306206 1.50446 0.33999 0.336257 0.437215 0.343279 0.356614 0.353755 0.48535 1.31553 0.354812 0.611141 0.315311 0.384198 0.711325 0.390927 1.22948 0.779714 0.30807 0.328225 0.268459 0.390044 0.538727 0.532316 1.2363 0.415868 0.720111 0.395154 0.645667 0.307759 0.802269 0.353716 0.29478 0.356962 0.356899 0.479169 0.257829 0.54119 0.612944 0.635999 0.335241 0.366219 0.340242 0.341561 0.334776 0.341186 0.33907 0.287193 1.47332 0.396915 1.46182 1.48854 0.33578 0.329025 0.336924 0.342373 0.360168 0.343381 1.37087 0.336692 0.898309 1.20713 1.21588 0.309544 1.4366 0.634872 0.414754 0.716124 0.30876 0.327327 0.711554 0.896066 0.365091 0.355639 0.339364 0.368763 0.340551 0.300792 0.562049 0.620452 0.447552 0.545123 1.0261 1.07736 0.474883 0.448666 0.43304 0.424523 0.310207 0.307514 0.545364 0.327262 0.60169 0.273233 0.32678 0.43346 0.365654 0.340909 0.393759 0.458991 0.356443 0.624989 0.341217 0.799372 0.605308 0.597949 0.367895 0.541884 0.542795 0.458422 0.388581 0.686093 0.523462 0.426716 0.709472 0.538742 0.490877 0.352514 0.382973 0.335156 0.535381 0.640812 0.371823 0.553413 0.933525 0.59859 0.327688 0.37771 0.290159 0.356257 0.317349 0.3346 1.60969 0.328511 0.491513 0.323878 0.629347 0.355554 0.454599 1.18342 0.306129 0.364613 0.470265 0.423722 0.200961 0.594783 0.319453 0.486807 0.508155 0.317584 1.45745 0.372269 0.604542 0.59365 1.29746 0.346108 0.368034 0.349552 0.380043 0.356563 0.370063 0.69078 0.340181 0.339083 0.471974 0.437082 0.423249 0.350508 0.553685 0.543006 0.535905 0.543193 0.491522 0.651943 0.338048 1.27419 0.352784 0.341238 0.334095 0.43148 0.494887 0.659543 0.336832 0.752959 0.652282 0.280499 0.480636 0.306559 0.197355 1.15655 0.529516 0.38362 0.404029 0.378814 0.341573 0.540746 0.381712 0.356538 0.340356 1.04812 0.394901 0.523129 0.560802 0.307404 0.549899 0.198758 0.375326 0.492963 0.341191 0.621019 0.339438 0.425247 0.347895 1.39961 0.450806 0.3415 1.05611 0.638988 0.489872 0.375482 0.554615 0.664249 0.34076 0.288428 0.903131 0.709786 0.459918 0.476316 0.355328 0.696465 0.388009 0.618333 0.544407 0.468777 0.365395 0.310198 0.426221 0.708828 0.423801 0.377659 0.496733 0.716459 0.714963 0.417198 0.339332 1.2459 0.361294 0.354942 0.311708 0.467486 1.2477 0.3532 0.453983 0.380393 0.324873 0.461964 0.386632 0.332008 0.385873 0.546634 0.934419 1.22135 0.301598 0.348606 0.401388 0.341314 1.30507 0.28474 0.606453 0.340316 0.546779 0.421181 1.4737 0.461042 1.25256 1.29167 0.475935 0.618191 0.325518 0.340426 0.311516 0.34109 0.34291 0.330697 0.323137 0.710417 0.341515 0.712691 0.46944 0.390621 0.373925 0.406562 0.285871 0.353832 1.39679 0.364174 1.60238 1.27138 1.19697 0.653299 0.545181 1.16092 0.515769 0.403719 0.544837 0.446891 1.32897 0.704229 0.541901 0.341086 0.319926 0.265915 0.349564 0.707611 0.405902 0.55036 0.312999 0.325311 1.24639 0.336237 0.316581 1.23897 0.409461 0.492688 0.806339
Testing:
Lab Growth Rates:
0.59 0.59 0.59
Dot Production Prediction of Lab Growth Rates:
0.335892 0.339595 0.321928
Best performance so far: 
Obj: 4.68392e-310Rho: 6.5069e-314Diff: 4.68392e-310
Test:
 Lab Growth Rates:
0.59 0.59 0.59Dot Product Prediction of Growth Rate:
0.3358923 0.3395949 0.3219283