seed =  5 traits =  1 
Training: part  186 
Training: part  186 
Round  1 
 Goal of obj  0.99 
Temperature range:  0.00390625 5e-13 
Cycle 1Round 1
Iter 500000 pBad 0.847286 T 0.00125061 Obj 1.06107 Rho 0 GRdif 34.7379 success 146269 failure 10341 obj_new 1.06107 SA_pAcc 1 Delta 0.00738959 SA_r 0.821811 freedomratio 0.370183
Iter 1000000 pBad 0.813426 T 0.000400389 Obj 1.0337 Rho 0 GRdif 19.4237 success 289419 failure 28183 obj_new 1.0337 SA_pAcc 1 Delta 0.0100726 SA_r 0.86753 freedomratio 0.361952
Iter 1500000 pBad 0.727756 T 0.000128187 Obj 1.02755 Rho 0 GRdif 15.9247 success 431084 failure 49757 obj_new 1.02755 SA_pAcc 1 Delta -0.0254011 SA_r 0.0250622 freedomratio 0.368553
Iter 2000000 pBad 0.599674 T 4.10396e-05 Obj 1.02019 Rho 0 GRdif 11.7143 success 569782 failure 78616 obj_new 1.02019 SA_pAcc 1 Delta -0.0355744 SA_r 0.427893 freedomratio 0.358849
Iter 2500000 pBad 0.532859 T 1.3139e-05 Obj 1.01719 Rho 0 GRdif 9.98796 success 701679 failure 117290 obj_new 1.01719 SA_pAcc 1 Delta -0.0157724 SA_r 0.435548 freedomratio 0.362176
Iter 3000000 pBad 0.358049 T 4.20653e-06 Obj 1.01345 Rho 0 GRdif 7.83123 success 820090 failure 181869 obj_new 1.01345 SA_pAcc 1 Delta 0.0132476 SA_r 0.794544 freedomratio 0.342891
Iter 3500000 pBad 0.248378 T 1.34674e-06 Obj 1.01034 Rho 0 GRdif 6.02808 success 922685 failure 280281 obj_new 1.01034 SA_pAcc 0.050026 Delta 0.0234484 SA_r 0.770886 freedomratio 0.333333
Iter 4000000 pBad 0.159549 T 4.31167e-07 Obj 1.00887 Rho 0 GRdif 5.17414 success 1012717 failure 405870 obj_new 1.00887 SA_pAcc 1 Delta -0.00777741 SA_r 0.0858034 freedomratio 0.317443
Iter 4500000 pBad 0.0872654 T 1.3804e-07 Obj 1.00806 Rho 0 GRdif 4.70172 success 1075708 failure 593716 obj_new 1.00806 SA_pAcc 1.35759 Delta -0.000499652 SA_r 0.998455 freedomratio 0.272939
Iter 5000000 pBad 0.0546354 T 4.41943e-08 Obj 1.00787 Rho 0 GRdif 4.59671 success 1112815 failure 847259 obj_new 1.00788 SA_pAcc 0.000528347 Delta -0.00532403 SA_r 0.26389 freedomratio 0.2482
Iter 5500000 pBad 0.0266759 T 1.4149e-08 Obj 1.0078 Rho 0 GRdif 4.55225 success 1134717 failure 1146673 obj_new 1.0078 SA_pAcc 0.0124258 Delta -0.00136446 SA_r 0.0792326 freedomratio 0.222644
Iter 6000000 pBad 0.00902237 T 4.52988e-09 Obj 1.00777 Rho 0 GRdif 4.53282 success 1148560 failure 1478193 obj_new 1.00777 SA_pAcc 4.18852e-05 Delta -0.000762423 SA_r 0.25379 freedomratio 0.209062
Iter 6500000 pBad 0.00707871 T 1.45027e-09 Obj 1.00775 Rho 0 GRdif 4.5248 success 1157694 failure 1830411 obj_new 1.00775 SA_pAcc 1.99423e-17 Delta 3.66313e-05 SA_r 0.0371487 freedomratio 0.200273
Iter 7000000 pBad 0.00147803 T 4.6431e-10 Obj 1.00775 Rho 0 GRdif 4.52187 success 1163072 failure 2197694 obj_new 1.00775 SA_pAcc 0 Delta 0.000121238 SA_r 0.360243 freedomratio 0.196183
Iter 7500000 pBad 0.00237475 T 1.48651e-10 Obj 1.00774 Rho 0 GRdif 4.5193 success 1166329 failure 2574421 obj_new 1.00774 SA_pAcc 7.10849e-291 Delta 1.6783e-05 SA_r 0.791133 freedomratio 0.193208
Iter 8000000 pBad 0.00136135 T 4.75915e-11 Obj 1.00774 Rho 0 GRdif 4.51827 success 1168739 failure 2955899 obj_new 1.00774 SA_pAcc 2.18147e-33 Delta 5.19689e-05 SA_r 0.720131 freedomratio 0.189705
Iter 8500000 pBad 0.00144259 T 1.52367e-11 Obj 1.00774 Rho 0 GRdif 4.51742 success 1171006 failure 3342773 obj_new 1.00774 SA_pAcc 1.07078e-159 Delta -0.000131659 SA_r 0.312918 freedomratio 0.18764
Iter 9000000 pBad 0.000547901 T 4.87809e-12 Obj 1.00774 Rho 0 GRdif 4.5174 success 1173503 failure 3732936 obj_new 1.00774 SA_pAcc 0 Delta 5.34211e-05 SA_r 0.580437 freedomratio 0.184219
Iter 9500000 pBad 0.000106449 T 1.56175e-12 Obj 1.00774 Rho 0 GRdif 4.51649 success 1175510 failure 4127878 obj_new 1.00774 SA_pAcc 2.86577e-81 Delta 4.72246e-06 SA_r 0.95237 freedomratio 0.181931
Iter 10000000 pBad 1.10914e-09 T 5.00001e-13 Obj 1.00774 Rho 0 GRdif 4.51691 success 1179780 failure 4517272 obj_new 1.00774 SA_pAcc 0 Delta -5.66785e-12 SA_r 0.0793619 freedomratio 0.175134
Cannot move further
iter 9.99999e+06 obj1.00774 rho 0 GRdif 4.51622
Training:
Lab Growth Rates:
0.41 0.32 0.47 0.377 0.45 0.6 0.45 0.56 0.23 0.55 0.41 0.6 0.47 0.42 0.1 0.54 0.41 0.09 0.465 0.54 0.41 0.5 0.22 0.42 0.4 0.5 0.4 0.68 0.4 0.37 0.47 0.58 0.637 0.65 0.59 0.65 1.483 0.42 0.36 1.67 0.46 0.42 1.46 0.481 0.41 0.4 1.483 1.483 0.52 0.54 1.46 0.56 0.48 0.636 0.58 0.45 0.46 0.6 0.23 0.43 0.33 0.42 1.345 0.56 0.41 0.52 0.54 0.4 0.42 0.377 0.55 0.52 0.55 0.58 0.37 0.58 0.4 0.46 0.54 0.1 0.43 0.58 0.47 1.483 0.4 0.68 0.59 0.59 0.25 0.56 0.36 0.47 0.3 0.45 0.33 1.248 1.43 0.31 0.27 0.38 0.5 0.1 1.05 0.42 0.37 0.11 0.59 0.4 0.65 0.46 0.46 0.45 0.36 1.43 0.48 0.47 0.4 0.53 0.6 0.686 0.53 0.42 0.56 0.39 0.4 0.3 0.4 0.55 0.45 0.3 0.54 0.54 0.48 0.37 0.58 0.1 0.33 0.37 0.65 0.23 0.42 0.43 0.301 0.5 1.345 1.483 0.45 0.36 0.54 0.47 0.4 0.34 0.46 0.32 0.65 0.27 0.58 1.483 0.39 0.59 0.54 0.39 0.54 0.17 0.23 0.41 0.4 1.248 0.42 0.53 1.05 0.377 1.483 1.05 1.483 0.4 0.25 0.46 0.47 1.38 1.248 0.5 0.58 0.27 0.5 0.46 0.45 0.648 0.25 0.58 0.58 0.25 0.17 0.19 0.901 0.43 0.4 0.1 0.45 0.54 0.54 0.11 0.42 0.27 0.33 0.3 1.05 0.762 0.4 0.637 0.47 0.46 0.46 0.36 0.46 0.485 0.54 0.54 0.46 0.37 0.1 0.19 0.4 0.5 0.42 0.36 0.51 0.5 0.59 0.47 0.485 0.37 0.53 0.301 0.47 1.345 0.49 0.45 0.53 1.46 0.48 0.4 0.65 0.39 0.58 0.3 0.3 0.47 0.25 0.47 0.762 0.4 0.4 0.4 0.5 1.05 0.59 0.48 0.56 0.4 0.635 1.4 0.27 0.36 0.11 0.55 0.4 0.46 0.45 0.4 0.648 0.3 0.4 0.53 0.476 0.47 0.4 0.47 0.4 0.5 0.476 0.54 0.5 1.44 0.7 0.45 0.47 0.5 1.483 0.47 0.5 0.37 0.31 0.45 0.43 0.2 0.23 0.45 0.53 0.58 0.48 0.14 0.58 0.7 0.46 0.22 0.4 0.46 0.54 0.3 0.25 0.686 1.345 0.36 1.248 0.46 0.5 0.5 0.636 0.47 0.724 0.51 0.53 0.46 0.43 0.901 0.38 0.4 0.5 0.46 0.47 0.37 0.65 0.59 0.68 0.25 0.58 0.37 0.43 0.5 1.345 0.23 0.45 0.53 0.59 0.39 0.45 0.52 0.4 0.4 0.58 0.38 1.483 0.4 0.4 1.345 0.1 0.47 0.23 0.65 0.46 0.4 0.4 0.2 0.3 0.42 0.7 0.56 1.345 0.5 0.26 0.59 0.53 0.59 0.45 1.345 0.635 1.483 0.48 0.58 0.34 0.4 0.58 0.42 0.4 0.901 0.68 0.5 0.43 0.1 1.345 0.648 0.55 0.09 0.5 0.59 0.22 0.33 0.55 0.55 0.27 0.58 0.636 0.4 0.26 0.52 0.56 0.58 0.59 0.4 0.41 1.67 0.5 0.3 0.47 0.56 0.465 0.4 0.47 1.66 0.48 0.4 0.58 0.56 0.38 0.5 0.4 0.55 0.22 0.4 0.5 0.4 0.481 0.4 0.5 0.37 0.4 0.3 0.33 0.762 0.481 0.4 0.31 0.53 0.5 0.4 0.49 0.5 0.54 0.54 0.34 1.345 0.56 0.3 0.71 0.724 0.1 0.56 0.54 1.03 0.52 0.5 0.42 0.25 0.55 0.59 0.476 0.54 0.4 0.47 0.37 0.52 0.7 0.5 0.485 0.465 1.49 0.33 0.54 0.71 0.37 0.48 0.56 0.3 1.66 0.637 0.52 0.38 0.635 0.43 0.52 0.54 0.53 0.901 0.4 0.53 0.901 0.37 0.45 0.36 0.54 0.4 0.2 0.59 0.22 0.4 0.23 0.41 0.55 0.42 0.49 0.5 0.4 0.4 0.56 0.59 0.23 1.35 0.54 0.22 0.37 0.724 0.58 0.4 1.345 0.37 0.4 0.4 0.5 0.5 1.42 0.4 1.248 0.17 0.45 0.54 0.52 0.54 0.39 0.68 0.55 0.5 0.56 0.901 0.32 0.46 1.345 0.617 0.4 0.14 0.33 0.22 0.65 0.26 0.4 0.5 0.52 0.71 0.42 0.4 0.19 0.52 0.4 0.3 1.483 0.53 0.686 0.09 0.51 0.46 0.33 0.301 0.56 1.46 0.47 0.22 0.42 0.56 0.54 0.762 0.485 0.53 0.56 0.5 0.4 0.54
Dot Production Prediction of Lab Growth Rates:
0.356992 0.346889 0.323405 0.490674 1.53411 0.558751 0.340881 0.546413 0.435486 0.559985 0.328677 0.586319 0.423258 0.614008 1.10412 0.402321 0.358698 0.436718 0.50919 0.534576 0.497538 0.54205 0.47764 0.327222 0.399914 0.64134 0.406151 0.417039 0.40454 0.406483 0.416474 0.488829 0.71406 0.650475 0.552688 0.649992 1.16386 0.370813 0.324583 1.37178 0.511643 0.302576 1.54069 0.504615 0.497706 0.398461 1.13886 1.1771 0.328018 0.394558 1.0581 0.540052 0.36191 0.728088 0.368453 0.353839 0.353389 0.566129 0.547824 0.39109 0.492912 0.350777 1.23832 0.487386 0.31802 0.372178 0.463994 0.395793 0.359101 0.493367 0.547722 0.389954 0.546275 0.490747 0.425228 0.492063 0.40297 0.389002 0.538007 1.02614 0.431918 0.46392 0.458741 1.20223 0.401112 0.418461 0.322936 0.403022 0.533296 0.487867 0.337833 0.33073 0.274259 0.302461 0.308033 0.949031 1.28589 0.576885 0.607059 0.365909 0.735201 0.449084 1.0553 0.326591 0.307225 0.341122 0.551031 0.406028 0.662411 0.432468 0.459989 1.56322 0.345573 1.27902 0.317997 0.47448 0.40182 0.258239 0.564394 0.726597 0.407388 0.300824 0.54456 0.354624 0.4 0.329502 0.331363 0.449041 0.310895 0.517714 0.34814 0.453253 0.356343 0.42508 0.477671 1.28786 0.466341 0.433523 0.649245 0.539206 0.343379 0.453192 0.491285 0.477916 1.20934 1.17397 0.352207 0.376149 0.363652 0.387949 0.399861 0.327896 0.45541 0.300317 0.657992 0.342882 0.369951 1.21724 0.295919 0.393061 0.367862 0.304059 0.539997 0.414233 0.541339 0.403267 0.399813 0.945698 0.383855 0.532237 1.51986 0.494011 1.1743 1.04977 1.19127 0.397511 1.57032 0.407918 0.382135 1.3598 0.952573 0.339272 0.333715 0.383623 0.320904 0.475446 1.53683 0.713993 0.382989 0.337025 0.481666 0.293388 0.317806 0.295384 0.900847 0.441401 0.404117 1.52047 0.381626 0.465669 0.474414 0.35174 0.358362 0.292272 0.322678 0.533457 1.05001 0.906822 0.403063 0.713765 0.35761 0.324841 0.442943 0.339984 0.304206 0.501236 0.365102 0.384383 0.470677 0.414253 0.827725 0.292905 0.402047 0.477065 0.590306 0.406504 0.383452 0.334998 0.53736 0.327366 0.506209 0.379377 0.366413 0.492489 0.337562 1.21314 0.369211 0.428245 0.324837 1.04091 0.273177 0.403989 0.657525 0.329999 0.325459 0.547116 0.536598 0.400766 0.818479 0.325617 0.914244 0.403207 0.402103 0.39732 0.368123 1.03091 0.368003 0.343445 0.549426 0.406876 0.712981 1.40292 0.340376 0.316787 0.294864 0.5508 0.402108 0.282236 0.424932 0.404501 0.706295 0.58323 0.398553 0.529666 0.508542 0.334089 0.321892 0.339953 0.394163 0.61585 0.510096 0.304672 0.488277 1.59736 0.731346 0.384364 0.417204 0.543139 1.1857 0.422954 0.484702 0.414437 0.565265 0.319794 0.362809 0.374935 0.539313 1.61998 0.464842 0.479202 0.266414 0.139466 0.45883 0.724084 0.523624 0.476271 0.406501 0.320394 0.310285 0.392113 0.512426 0.722598 1.24649 0.330223 0.946379 0.511316 0.697571 0.402549 0.723955 0.484262 0.723125 0.366828 0.380556 0.324949 0.362309 0.900999 0.331661 0.396536 0.35211 0.458938 0.349865 0.543399 0.622124 0.343597 0.419491 0.367152 0.475017 0.426558 0.412304 0.763709 1.20571 0.434254 1.61604 0.530259 0.54306 0.31741 0.295796 0.363407 0.403953 0.402276 0.275776 0.373179 1.19753 0.402634 0.404556 1.20899 1.01369 0.382007 0.434279 0.637317 0.472164 0.401312 0.396959 0.404001 0.26769 0.35621 0.716452 0.543005 1.13113 0.312644 0.468814 0.335956 0.551674 0.551676 1.62649 1.16793 0.712833 1.145 0.327934 0.465933 0.329082 0.400866 0.343773 0.357144 0.403588 0.899751 0.420144 0.620855 0.379574 0.443511 1.15711 0.713082 0.462833 0.320277 0.325799 0.557283 0.481901 0.331454 0.555129 0.544391 0.387205 0.465343 0.727999 0.396737 0.556303 0.376879 0.540812 0.364897 0.5356 0.404781 0.493505 1.59161 0.487722 0.490326 0.339508 0.494678 0.503083 0.406006 0.412769 1.66 0.26488 0.403789 0.313353 0.468772 0.315548 0.540622 0.397897 0.46121 0.347699 0.400406 0.36377 0.402354 0.505373 0.397217 0.720857 0.404174 0.399111 0.279792 0.348764 0.915332 0.504063 0.395646 0.555514 0.531896 0.423171 0.405435 0.360766 0.365712 0.318479 0.349275 0.32994 1.19203 0.470972 0.429625 0.732785 0.722263 0.317038 0.534924 0.460099 1.3636 0.391453 0.524583 0.350033 0.378517 0.464791 0.367541 0.504991 0.545367 0.397187 0.413733 0.410396 0.399697 0.722305 0.290358 0.500369 0.508061 1.61998 0.331373 0.409097 0.72597 0.40754 0.32273 0.539819 0.584955 1.64174 0.715039 0.402943 0.323959 0.71671 0.407991 0.35341 0.357061 0.413759 0.901604 0.406447 0.336956 0.902136 0.409707 0.3627 0.409353 0.388163 0.396941 0.394135 0.311358 0.371068 0.405055 0.539236 0.37457 0.463546 0.302714 0.353804 0.667773 0.400823 0.40189 0.543111 0.335485 0.533048 1.19715 0.541194 0.425535 0.391258 0.723983 0.485165 0.405718 1.26016 0.413965 0.400591 0.407651 0.720133 0.526124 1.58054 0.406031 0.943185 0.320548 1.55515 0.550215 0.340694 0.532561 0.302717 0.421918 0.458659 0.729946 0.471826 0.90678 0.291803 0.403504 1.24569 0.550496 0.398801 0.140041 0.420754 0.482504 0.625653 0.423721 0.403143 0.479186 0.347807 0.72132 0.591542 0.404223 0.311335 0.345657 0.402331 0.366022 1.15204 0.52513 0.727622 0.369842 0.396099 0.446308 0.340682 0.494759 0.543197 1.04243 0.382386 0.473722 0.353044 0.535776 0.470178 0.918503 0.507529 0.527276 0.543358 0.654736 0.404405 0.355586
Testing:
Lab Growth Rates:
0.43 0.43 0.43
Dot Production Prediction of Lab Growth Rates:
0.345368 0.346498 0.327209
Best performance so far: 
Obj: 4.67747e-310Rho: 2.26291e-314Diff: 4.67747e-310
Anneal again with the best G and E so far as input
Cycle 2Round 1
Iter 500000 pBad 0.832291 T 0.00125061 Obj 1.06283 Rho 0 GRdif 35.7093 success 115725 failure 10585 obj_new 1.06283 SA_pAcc 0.824867 Delta 0.067712 SA_r 0.612939 freedomratio 0.28146
Iter 1000000 pBad 0.767413 T 0.000400389 Obj 1.03641 Rho 0 GRdif 20.9552 success 228296 failure 27597 obj_new 1.03641 SA_pAcc 1.02736 Delta 0.0487404 SA_r 0.252665 freedomratio 0.279048
Iter 1500000 pBad 0.722768 T 0.000128187 Obj 1.0292 Rho 0 GRdif 16.8637 success 339215 failure 49047 obj_new 1.0292 SA_pAcc 1.08155 Delta -0.0208206 SA_r 0.328101 freedomratio 0.275765
Iter 2000000 pBad 0.626874 T 4.10396e-05 Obj 1.02278 Rho 0 GRdif 13.1966 success 448578 failure 74546 obj_new 1.02278 SA_pAcc 1 Delta 0.0319646 SA_r 0.747418 freedomratio 0.271548
Iter 2500000 pBad 0.519786 T 1.3139e-05 Obj 1.01809 Rho 0 GRdif 10.5043 success 554033 failure 109254 obj_new 1.01809 SA_pAcc 1 Delta -0.00731644 SA_r 0.113494 freedomratio 0.268315
Iter 3000000 pBad 0.377818 T 4.20653e-06 Obj 1.0152 Rho 0 GRdif 8.83953 success 655668 failure 150145 obj_new 1.0152 SA_pAcc 1 Delta -0.00595337 SA_r 0.271778 freedomratio 0.268438
Iter 3500000 pBad 0.315105 T 1.34674e-06 Obj 1.01094 Rho 0 GRdif 6.37412 success 744731 failure 219555 obj_new 1.01094 SA_pAcc 1.00057 Delta -3.9213e-05 SA_r 0.0781945 freedomratio 0.262898
Iter 4000000 pBad 0.158569 T 4.31167e-07 Obj 1.00975 Rho 0 GRdif 5.68378 success 817140 failure 325955 obj_new 1.00975 SA_pAcc 0.270139 Delta -0.0122498 SA_r 0.567552 freedomratio 0.245909
Iter 4500000 pBad 0.12261 T 1.3804e-07 Obj 1.00888 Rho 0 GRdif 5.17938 success 872158 failure 478018 obj_new 1.00888 SA_pAcc 0.81366 Delta -0.00189572 SA_r 0.602308 freedomratio 0.223921
Iter 5000000 pBad 0.0496417 T 4.41943e-08 Obj 1.0083 Rho 0 GRdif 4.84844 success 915810 failure 673184 obj_new 1.00831 SA_pAcc 2.66808e-125 Delta -0.00356396 SA_r 0.638016 freedomratio 0.194362
Iter 5500000 pBad 0.024658 T 1.4149e-08 Obj 1.00814 Rho 0 GRdif 4.75355 success 939456 failure 931970 obj_new 1.00814 SA_pAcc 2.41785e-08 Delta 0.00198122 SA_r 0.193096 freedomratio 0.180252
Iter 6000000 pBad 0.0145873 T 4.52988e-09 Obj 1.00805 Rho 0 GRdif 4.69963 success 956657 failure 1226550 obj_new 1.00805 SA_pAcc 1 Delta 0.000115175 SA_r 0.935407 freedomratio 0.167716
Iter 6500000 pBad 0.00726459 T 1.45027e-09 Obj 1.00801 Rho 0 GRdif 4.67419 success 968811 failure 1554988 obj_new 1.00801 SA_pAcc 0 Delta 0.000414402 SA_r 0.0759485 freedomratio 0.15702
Iter 7000000 pBad 0.00582322 T 4.6431e-10 Obj 1.00799 Rho 0 GRdif 4.67892 success 975856 failure 1904941 obj_new 1.00802 SA_pAcc 0 Delta 0.000205333 SA_r 0.378468 freedomratio 0.153604
Iter 7500000 pBad 0.00195975 T 1.48651e-10 Obj 1.00798 Rho 0 GRdif 4.65677 success 981621 failure 2267383 obj_new 1.00798 SA_pAcc 1.06707e-06 Delta 2.77821e-05 SA_r 0.561645 freedomratio 0.150218
Iter 8000000 pBad 0.00278565 T 4.75915e-11 Obj 1.00797 Rho 0 GRdif 4.65482 success 985759 failure 2641716 obj_new 1.00798 SA_pAcc 0 Delta 0.00023436 SA_r 0.00885443 freedomratio 0.146281
Iter 8500000 pBad 0.00209784 T 1.52367e-11 Obj 1.00797 Rho 0 GRdif 4.66148 success 988675 failure 3023718 obj_new 1.00799 SA_pAcc 0 Delta 0.000147846 SA_r 0.743752 freedomratio 0.145699
Iter 9000000 pBad 0.000631605 T 4.87809e-12 Obj 1.00797 Rho 0 GRdif 4.65269 success 992747 failure 3411189 obj_new 1.00797 SA_pAcc 1 Delta -6.23438e-05 SA_r 0.959418 freedomratio 0.141239
Iter 9500000 pBad 8.64638e-05 T 1.56175e-12 Obj 1.00797 Rho 0 GRdif 4.65225 success 995468 failure 3804072 obj_new 1.00797 SA_pAcc 1 Delta -6.57222e-06 SA_r 0.870306 freedomratio 0.140832
Good enough
iter 9.99991e+06 obj1.00797 rho 0 GRdif 4.65198
Training:
Lab Growth Rates:
0.41 0.32 0.47 0.377 0.45 0.6 0.45 0.56 0.23 0.55 0.41 0.6 0.47 0.42 0.1 0.54 0.41 0.09 0.465 0.54 0.41 0.5 0.22 0.42 0.4 0.5 0.4 0.68 0.4 0.37 0.47 0.58 0.637 0.65 0.59 0.65 1.483 0.42 0.36 1.67 0.46 0.42 1.46 0.481 0.41 0.4 1.483 1.483 0.52 0.54 1.46 0.56 0.48 0.636 0.58 0.45 0.46 0.6 0.23 0.43 0.33 0.42 1.345 0.56 0.41 0.52 0.54 0.4 0.42 0.377 0.55 0.52 0.55 0.58 0.37 0.58 0.4 0.46 0.54 0.1 0.43 0.58 0.47 1.483 0.4 0.68 0.59 0.59 0.25 0.56 0.36 0.47 0.3 0.45 0.33 1.248 1.43 0.31 0.27 0.38 0.5 0.1 1.05 0.42 0.37 0.11 0.59 0.4 0.65 0.46 0.46 0.45 0.36 1.43 0.48 0.47 0.4 0.53 0.6 0.686 0.53 0.42 0.56 0.39 0.4 0.3 0.4 0.55 0.45 0.3 0.54 0.54 0.48 0.37 0.58 0.1 0.33 0.37 0.65 0.23 0.42 0.43 0.301 0.5 1.345 1.483 0.45 0.36 0.54 0.47 0.4 0.34 0.46 0.32 0.65 0.27 0.58 1.483 0.39 0.59 0.54 0.39 0.54 0.17 0.23 0.41 0.4 1.248 0.42 0.53 1.05 0.377 1.483 1.05 1.483 0.4 0.25 0.46 0.47 1.38 1.248 0.5 0.58 0.27 0.5 0.46 0.45 0.648 0.25 0.58 0.58 0.25 0.17 0.19 0.901 0.43 0.4 0.1 0.45 0.54 0.54 0.11 0.42 0.27 0.33 0.3 1.05 0.762 0.4 0.637 0.47 0.46 0.46 0.36 0.46 0.485 0.54 0.54 0.46 0.37 0.1 0.19 0.4 0.5 0.42 0.36 0.51 0.5 0.59 0.47 0.485 0.37 0.53 0.301 0.47 1.345 0.49 0.45 0.53 1.46 0.48 0.4 0.65 0.39 0.58 0.3 0.3 0.47 0.25 0.47 0.762 0.4 0.4 0.4 0.5 1.05 0.59 0.48 0.56 0.4 0.635 1.4 0.27 0.36 0.11 0.55 0.4 0.46 0.45 0.4 0.648 0.3 0.4 0.53 0.476 0.47 0.4 0.47 0.4 0.5 0.476 0.54 0.5 1.44 0.7 0.45 0.47 0.5 1.483 0.47 0.5 0.37 0.31 0.45 0.43 0.2 0.23 0.45 0.53 0.58 0.48 0.14 0.58 0.7 0.46 0.22 0.4 0.46 0.54 0.3 0.25 0.686 1.345 0.36 1.248 0.46 0.5 0.5 0.636 0.47 0.724 0.51 0.53 0.46 0.43 0.901 0.38 0.4 0.5 0.46 0.47 0.37 0.65 0.59 0.68 0.25 0.58 0.37 0.43 0.5 1.345 0.23 0.45 0.53 0.59 0.39 0.45 0.52 0.4 0.4 0.58 0.38 1.483 0.4 0.4 1.345 0.1 0.47 0.23 0.65 0.46 0.4 0.4 0.2 0.3 0.42 0.7 0.56 1.345 0.5 0.26 0.59 0.53 0.59 0.45 1.345 0.635 1.483 0.48 0.58 0.34 0.4 0.58 0.42 0.4 0.901 0.68 0.5 0.43 0.1 1.345 0.648 0.55 0.09 0.5 0.59 0.22 0.33 0.55 0.55 0.27 0.58 0.636 0.4 0.26 0.52 0.56 0.58 0.59 0.4 0.41 1.67 0.5 0.3 0.47 0.56 0.465 0.4 0.47 1.66 0.48 0.4 0.58 0.56 0.38 0.5 0.4 0.55 0.22 0.4 0.5 0.4 0.481 0.4 0.5 0.37 0.4 0.3 0.33 0.762 0.481 0.4 0.31 0.53 0.5 0.4 0.49 0.5 0.54 0.54 0.34 1.345 0.56 0.3 0.71 0.724 0.1 0.56 0.54 1.03 0.52 0.5 0.42 0.25 0.55 0.59 0.476 0.54 0.4 0.47 0.37 0.52 0.7 0.5 0.485 0.465 1.49 0.33 0.54 0.71 0.37 0.48 0.56 0.3 1.66 0.637 0.52 0.38 0.635 0.43 0.52 0.54 0.53 0.901 0.4 0.53 0.901 0.37 0.45 0.36 0.54 0.4 0.2 0.59 0.22 0.4 0.23 0.41 0.55 0.42 0.49 0.5 0.4 0.4 0.56 0.59 0.23 1.35 0.54 0.22 0.37 0.724 0.58 0.4 1.345 0.37 0.4 0.4 0.5 0.5 1.42 0.4 1.248 0.17 0.45 0.54 0.52 0.54 0.39 0.68 0.55 0.5 0.56 0.901 0.32 0.46 1.345 0.617 0.4 0.14 0.33 0.22 0.65 0.26 0.4 0.5 0.52 0.71 0.42 0.4 0.19 0.52 0.4 0.3 1.483 0.53 0.686 0.09 0.51 0.46 0.33 0.301 0.56 1.46 0.47 0.22 0.42 0.56 0.54 0.762 0.485 0.53 0.56 0.5 0.4 0.54
Dot Production Prediction of Lab Growth Rates:
0.337817 0.346891 0.328002 0.520429 1.40693 0.551366 0.30775 0.559998 0.432703 0.559477 0.321181 0.611068 0.418133 0.558334 1.55643 0.362914 0.373718 0.422297 0.510732 0.534789 0.509944 0.553986 0.474835 0.32217 0.376605 0.623537 0.40373 0.35168 0.398938 0.418553 0.403697 0.472044 0.683677 0.669371 0.558107 0.649982 1.2957 0.356627 0.351125 1.39577 0.516889 0.281219 1.36984 0.498459 0.510816 0.392216 1.27576 1.3404 0.356827 0.400596 1.06951 0.531247 0.354886 0.686282 0.40012 0.385624 0.347759 0.564389 0.545431 0.371118 0.484481 0.346319 1.38065 0.4685 0.340001 0.353511 0.460753 0.371235 0.343494 0.513387 0.546857 0.37567 0.551696 0.479743 0.434322 0.474711 0.402634 0.358889 0.53778 1.24592 0.372717 0.474583 0.450698 1.363 0.397667 0.349323 0.340723 0.342669 0.478109 0.467493 0.320698 0.342587 0.267916 0.343389 0.32999 0.838272 1.12426 0.496633 0.566438 0.379454 0.770524 0.430184 1.05512 0.298639 0.266595 0.34702 0.554613 0.408421 0.664457 0.417052 0.461306 1.48416 0.359654 1.10393 0.321336 0.445195 0.401584 0.288253 0.596367 0.703429 0.395978 0.317931 0.553077 0.342081 0.401888 0.31404 0.280524 0.442388 0.369085 0.505312 0.36137 0.460572 0.336699 0.433614 0.477079 1.47104 0.450997 0.41676 0.649947 0.548833 0.338877 0.378604 0.519148 0.47286 1.33263 1.25539 0.384869 0.389264 0.400319 0.371928 0.392186 0.335115 0.444212 0.318074 0.650459 0.330972 0.404068 1.26788 0.321346 0.330184 0.346537 0.293216 0.538455 0.378857 0.555515 0.397176 0.398026 0.831887 0.383543 0.538457 1.30483 0.516013 1.2995 1.04765 1.29593 0.383189 1.48168 0.378569 0.328964 1.25367 0.841668 0.32492 0.333196 0.353401 0.31905 0.465267 1.43083 0.689215 0.351784 0.362689 0.465373 0.297615 0.283648 0.288153 0.897465 0.418192 0.399206 1.42338 0.356963 0.463481 0.463075 0.375952 0.332839 0.270131 0.304885 0.540142 1.05 0.761998 0.400423 0.687433 0.34373 0.331257 0.394825 0.33186 0.310445 0.501033 0.342978 0.347341 0.458908 0.411598 0.94322 0.302607 0.404989 0.473228 0.530106 0.397558 0.378233 0.342598 0.549378 0.33804 0.512189 0.400473 0.371314 0.517175 0.286698 1.33837 0.411028 0.406639 0.325129 1.02441 0.315605 0.402652 0.656848 0.314376 0.369586 0.559336 0.501261 0.416298 0.998185 0.35386 0.762778 0.406011 0.393236 0.397637 0.357988 1.05058 0.306634 0.357963 0.547871 0.404736 0.689745 1.4 0.35353 0.322862 0.340379 0.550528 0.403061 0.30516 0.404185 0.403396 0.682713 0.564282 0.387038 0.493138 0.512334 0.33332 0.289369 0.370003 0.366724 0.636006 0.51779 0.315352 0.477314 1.50383 0.785614 0.393523 0.357178 0.545867 1.33444 0.369279 0.478873 0.4313 0.503292 0.370051 0.344485 0.35116 0.543715 1.49846 0.419829 0.479022 0.261865 0.20759 0.452376 0.781817 0.526989 0.473463 0.405368 0.310753 0.276677 0.381261 0.452027 0.698764 1.36211 0.366883 0.835999 0.496469 0.752507 0.393213 0.696387 0.437477 0.696179 0.377865 0.382289 0.345583 0.33211 0.901 0.283016 0.374476 0.352208 0.461093 0.384934 0.505749 0.64385 0.29431 0.357112 0.357416 0.47564 0.433212 0.389797 0.794855 1.35028 0.436077 1.49168 0.525248 0.547289 0.3334 0.304982 0.34859 0.401799 0.394508 0.283683 0.370038 1.32271 0.404929 0.40172 1.3452 1.20624 0.366075 0.432185 0.638262 0.460001 0.391038 0.392053 0.36794 0.26494 0.347524 0.773881 0.556589 1.3001 0.328128 0.442558 0.289573 0.550456 0.555111 1.51926 1.31717 0.694385 1.28825 0.320089 0.475996 0.330918 0.399612 0.375194 0.339627 0.402216 0.790897 0.355191 0.733291 0.330275 0.427621 1.30066 0.695103 0.471902 0.345247 0.346405 0.554258 0.479415 0.31622 0.557833 0.545627 0.362833 0.471672 0.703755 0.380409 0.532649 0.387471 0.54992 0.371635 0.547958 0.406716 0.510293 1.49303 0.480976 0.541581 0.38667 0.470026 0.51107 0.407025 0.361648 1.50833 0.279729 0.397669 0.305638 0.473281 0.279173 0.556626 0.400458 0.461134 0.348603 0.390752 0.354187 0.402794 0.503887 0.369123 0.758332 0.413301 0.397999 0.268689 0.367261 0.77061 0.498802 0.368358 0.487817 0.543218 0.433289 0.403078 0.403811 0.371493 0.348744 0.393677 0.308789 1.26936 0.474494 0.438361 0.699167 0.702363 0.31722 0.550034 0.46576 1.23201 0.363588 0.528934 0.309031 0.357623 0.471814 0.346562 0.51111 0.554324 0.383937 0.405662 0.42588 0.360116 0.766394 0.325622 0.500579 0.513376 1.49846 0.317444 0.362941 0.691623 0.417573 0.351772 0.550062 0.582439 1.55481 0.691895 0.365962 0.297336 0.695429 0.383257 0.346523 0.350223 0.420335 0.906099 0.405066 0.302925 0.901289 0.427734 0.343963 0.382786 0.386311 0.337697 0.328108 0.295567 0.368809 0.404113 0.539607 0.365057 0.462896 0.30981 0.406473 0.729916 0.381838 0.401854 0.552605 0.354693 0.549303 1.05092 0.530879 0.407647 0.418056 0.702409 0.471006 0.406816 1.38522 0.384816 0.389115 0.410128 0.804201 0.529029 1.50877 0.407682 0.82928 0.295364 1.45602 0.555545 0.362286 0.52864 0.278512 0.352279 0.47184 0.811848 0.472513 0.940451 0.326719 0.333116 1.34477 0.564745 0.377399 0.210064 0.418684 0.478348 0.618827 0.395943 0.399325 0.485336 0.330722 0.68741 0.546692 0.402798 0.294846 0.351804 0.401721 0.357278 1.28807 0.523381 0.699805 0.384509 0.408788 0.371651 0.357343 0.519929 0.547829 1.03018 0.381385 0.481774 0.354183 0.530312 0.449438 0.771402 0.513898 0.527706 0.553468 0.734578 0.405087 0.314607
Testing:
Lab Growth Rates:
0.43 0.43 0.43
Dot Production Prediction of Lab Growth Rates:
0.316045 0.353334 0.341707
Best performance so far: 
Obj: 4.67747e-310Rho: 6.5069e-314Diff: 4.67747e-310
Test:
 Lab Growth Rates:
0.43 0.43 0.43Dot Product Prediction of Growth Rate:
0.3160448 0.3533337 0.3417069