seed =  5 traits =  1 
Training: part  197 
Training: part  197 
Round  1 
 Goal of obj  0.99 
Temperature range:  0.001953125 1.5625e-14 
Cycle 1Round 1
Iter 500000 pBad 0.806783 T 0.000544359 Obj 1.04453 Rho 0 GRdif 25.5302 success 145142 failure 12597 obj_new 1.04453 SA_pAcc 1.00959 Delta -0.0638479 SA_r 0.478119 freedomratio 0.35841
Iter 1000000 pBad 0.765873 T 0.000151719 Obj 1.03052 Rho 0 GRdif 17.6174 success 288756 failure 30415 obj_new 1.03052 SA_pAcc 0.926114 Delta -0.00382792 SA_r 0.747866 freedomratio 0.375882
Iter 1500000 pBad 0.650172 T 4.22858e-05 Obj 1.02164 Rho 0 GRdif 12.5463 success 429407 failure 53830 obj_new 1.02164 SA_pAcc 1 Delta -0.0627893 SA_r 0.193611 freedomratio 0.368553
Iter 2000000 pBad 0.556489 T 1.17855e-05 Obj 1.01654 Rho 0 GRdif 9.61034 success 566478 failure 85079 obj_new 1.01654 SA_pAcc 1 Delta 0.0408503 SA_r 0.569784 freedomratio 0.360394
Iter 2500000 pBad 0.352191 T 3.28476e-06 Obj 1.01219 Rho 0 GRdif 7.09739 success 692620 failure 137082 obj_new 1.01219 SA_pAcc 0.912833 Delta 0.0241652 SA_r 0.397421 freedomratio 0.349434
Iter 3000000 pBad 0.254634 T 9.155e-07 Obj 1.00896 Rho 0 GRdif 5.22773 success 797419 failure 232212 obj_new 1.00896 SA_pAcc 0.0310701 Delta 0.0128902 SA_r 0.775238 freedomratio 0.331636
Iter 3500000 pBad 0.10434 T 2.5516e-07 Obj 1.0083 Rho 0 GRdif 4.85013 success 877027 failure 379994 obj_new 1.00831 SA_pAcc 4.92632e-21 Delta -0.00825118 SA_r 0.568757 freedomratio 0.290099
Iter 4000000 pBad 0.0552216 T 7.1116e-08 Obj 1.00808 Rho 0 GRdif 4.7159 success 925057 failure 602844 obj_new 1.00808 SA_pAcc 0.184011 Delta 0.00243972 SA_r 0.480336 freedomratio 0.25412
Iter 4500000 pBad 0.0307382 T 1.98208e-08 Obj 1.00802 Rho 0 GRdif 4.68094 success 950429 failure 889497 obj_new 1.00802 SA_pAcc 0.00718702 Delta -0.00147622 SA_r 0.181351 freedomratio 0.229714
Iter 5000000 pBad 0.0133983 T 5.52429e-09 Obj 1.008 Rho 0 GRdif 4.66676 success 965240 failure 1212286 obj_new 1.008 SA_pAcc 0.370237 Delta 7.99408e-05 SA_r 0.740763 freedomratio 0.214967
Iter 5500000 pBad 0.0109944 T 1.53968e-09 Obj 1.00799 Rho 0 GRdif 4.66076 success 973160 failure 1560373 obj_new 1.00799 SA_pAcc 1.56007e-15 Delta -0.000715491 SA_r 0.531924 freedomratio 0.20736
Iter 6000000 pBad 0.00375881 T 4.29126e-10 Obj 1.00798 Rho 0 GRdif 4.65653 success 978413 failure 1921223 obj_new 1.00798 SA_pAcc 1.13128e-12 Delta 0.000305284 SA_r 0.269871 freedomratio 0.200342
Iter 6500000 pBad 0.00150089 T 1.19602e-10 Obj 1.00797 Rho 0 GRdif 4.65454 success 981564 failure 2293621 obj_new 1.00797 SA_pAcc 1 Delta 6.98674e-05 SA_r 0.229494 freedomratio 0.19579
Iter 7000000 pBad 0.00154603 T 3.33345e-11 Obj 1.00797 Rho 0 GRdif 4.65337 success 984000 failure 2672064 obj_new 1.00797 SA_pAcc 0 Delta 0.000142518 SA_r 0.274423 freedomratio 0.190942
Iter 7500000 pBad 0.000447268 T 9.2907e-12 Obj 1.00797 Rho 0 GRdif 4.66518 success 986457 failure 3058563 obj_new 1.00799 SA_pAcc 0 Delta 1.21514e-05 SA_r 0.765237 freedomratio 0.18515
Iter 8000000 pBad 0.000289231 T 2.58942e-12 Obj 1.00797 Rho 0 GRdif 4.65353 success 988529 failure 3453105 obj_new 1.00797 SA_pAcc 0 Delta -2.53892e-05 SA_r 0.0529879 freedomratio 0.181875
Iter 8500000 pBad 0.000522502 T 7.21702e-13 Obj 1.00797 Rho 0 GRdif 4.65242 success 991209 failure 3855206 obj_new 1.00797 SA_pAcc 0 Delta -7.22012e-06 SA_r 0.959351 freedomratio 0.176347
Iter 9000000 pBad 3.55892e-18 T 2.01146e-13 Obj 1.00797 Rho 0 GRdif 4.6533 success 997062 failure 4238228 obj_new 1.00797 SA_pAcc 0 Delta -9.35861e-20 SA_r 0.368435 freedomratio 0.166667
Iter 9500000 pBad 1.44717e-41 T 5.60617e-14 Obj 1.00797 Rho 0 GRdif 4.65209 success 997668 failure 4566189 obj_new 1.00797 SA_pAcc 0 Delta -3.6541e-43 SA_r 0.162648 freedomratio 0.167333
Iter 10000000 pBad 1.5683e-96 T 1.5625e-14 Obj 1.00797 Rho 0 GRdif 4.65297 success 997668 failure 4893808 obj_new 1.00797 SA_pAcc 0 Delta -9.47425e-98 SA_r 0.0024759 freedomratio 0.16643
Cannot move further
iter 9.09959e+06 obj1.00797 rho 0 GRdif 4.65208
Training:
Lab Growth Rates:
0.55 0.25 0.38 0.39 0.56 0.59 0.4 0.59 0.45 0.47 0.51 0.52 0.54 1.345 0.377 0.71 0.4 0.68 0.42 0.46 0.1 1.66 0.37 1.345 0.47 0.58 0.47 0.635 0.7 1.46 0.42 0.58 0.55 0.4 0.19 0.33 0.56 0.52 0.301 0.485 0.3 0.5 0.7 0.47 0.4 1.03 0.09 0.4 0.686 0.55 0.47 0.45 0.5 0.4 0.4 0.4 0.901 0.485 0.56 0.1 0.2 0.686 1.345 0.27 0.56 0.4 0.1 0.65 0.47 0.4 0.71 0.11 0.23 0.4 0.58 1.4 0.22 0.54 0.33 0.27 0.37 0.56 1.67 0.59 0.54 0.46 0.901 0.14 0.724 0.52 0.34 0.56 0.41 0.56 0.54 0.32 0.4 0.43 0.5 0.46 0.58 0.5 0.31 0.58 0.901 0.4 0.36 0.48 0.54 0.56 0.5 0.46 0.4 1.483 0.58 0.46 1.38 0.4 0.46 1.483 0.58 0.45 1.483 0.45 0.23 0.37 0.45 0.36 0.4 0.5 0.55 0.3 1.05 0.54 0.47 0.5 0.476 0.55 0.6 1.49 0.4 0.5 0.47 0.53 0.45 0.4 0.5 0.49 0.481 0.58 1.46 0.47 0.46 0.47 0.46 0.52 0.36 0.43 0.4 0.68 0.1 0.42 0.37 0.54 0.1 0.648 0.49 0.59 0.42 0.23 0.4 1.345 0.54 0.4 0.4 0.4 0.47 0.45 0.54 0.45 0.25 0.65 0.53 0.56 0.4 0.65 0.46 1.345 0.4 0.5 0.4 1.44 0.45 0.37 1.483 0.5 0.377 0.4 0.43 0.4 0.31 0.762 0.58 0.19 0.42 0.54 0.5 0.5 1.46 0.43 0.47 0.53 0.4 0.45 0.42 0.485 0.4 1.345 1.483 0.58 0.59 0.54 0.33 0.3 0.45 0.41 0.37 0.26 0.23 0.4 0.636 1.483 0.39 0.65 0.4 0.5 1.345 0.23 0.59 0.46 0.37 0.54 0.4 0.1 0.686 0.53 0.55 0.42 0.43 0.53 1.345 0.49 0.42 0.38 0.32 0.1 0.38 0.36 0.4 0.3 0.45 0.5 0.47 0.724 0.4 0.59 0.4 0.22 0.56 0.32 0.47 0.22 0.43 0.52 0.46 0.33 1.483 0.41 0.4 0.3 0.42 0.46 0.68 0.37 0.17 0.4 0.3 0.4 0.45 1.248 0.51 0.53 0.762 0.33 1.05 0.53 0.5 0.37 0.26 0.23 0.41 0.27 0.52 0.48 0.58 0.54 1.345 0.58 0.53 0.4 1.483 1.248 0.41 0.481 0.47 0.53 0.37 0.11 0.54 0.54 0.37 0.5 0.635 0.48 0.41 0.3 0.47 0.648 1.67 0.5 0.54 0.54 0.476 0.55 0.5 1.248 0.17 0.4 0.5 0.58 1.05 0.43 0.53 0.481 0.54 0.33 0.46 0.45 0.59 0.38 0.47 1.483 0.25 0.43 0.5 0.56 0.31 0.5 0.51 0.41 0.47 0.34 0.901 0.901 1.483 0.25 0.46 0.54 0.25 0.4 0.4 0.42 1.43 0.11 0.59 0.901 0.56 0.56 0.45 0.14 0.65 0.4 0.09 0.59 0.42 0.47 0.46 0.54 0.5 1.345 1.46 0.4 0.4 0.33 0.56 0.52 1.345 0.3 0.25 1.66 0.4 0.301 0.617 1.05 0.4 0.42 1.483 0.36 0.5 0.27 0.4 0.53 0.36 0.5 0.53 0.5 0.724 0.54 0.37 0.6 0.34 0.46 0.4 0.68 0.71 0.36 0.55 0.55 0.53 1.483 0.54 0.53 0.68 0.23 0.17 0.47 0.41 0.65 0.41 0.5 0.1 0.45 0.46 0.19 0.59 0.58 0.46 0.54 0.37 0.37 0.37 0.648 0.762 0.59 0.54 0.52 0.53 0.48 0.56 1.345 0.09 0.52 0.58 0.25 0.5 0.47 0.42 0.46 0.43 0.39 0.38 0.52 0.465 0.476 0.47 0.4 1.248 0.637 1.35 0.4 0.22 0.39 0.33 0.59 0.1 0.39 0.22 0.5 0.4 0.3 0.59 1.42 0.27 0.45 0.58 0.4 0.3 0.59 0.3 0.55 0.4 0.22 0.37 0.54 1.43 0.58 0.42 0.36 0.4 0.762 0.637 0.635 0.301 0.26 0.4 0.56 0.52 0.7 0.25 0.6 1.05 0.5 0.2 0.47 0.52 0.43 0.2 0.636 0.465 0.23 0.5 0.58 0.636 0.58 0.3 0.5 0.55 0.45 0.42 1.248 0.377 0.65 0.48 0.65 0.5 0.39 0.23 0.46 0.58 0.4 0.55 0.5 0.33 0.4 0.4 0.3 0.465 0.4 0.56 0.42 0.46 0.47 0.54 0.22 0.7 0.54 0.58 0.45 0.43 0.637 0.4 0.56 0.65 0.42 0.42 0.22 0.59 0.43 0.36 0.54 0.27 0.485 0.3 0.4 0.6 0.48
Dot Production Prediction of Lab Growth Rates:
0.54507 0.320542 0.317064 0.312813 0.543184 0.33495 0.399208 0.5371 0.393003 0.374267 0.389261 0.388824 0.461555 1.09244 0.51684 0.718167 0.386745 0.447024 0.316754 0.419653 0.356067 1.66 0.426062 1.15546 0.341934 0.468307 0.461834 0.716213 0.697325 1.03056 0.285541 0.387592 0.538665 0.40083 0.323751 0.325865 0.528243 0.387922 0.526787 0.528536 0.480569 0.540191 0.703939 0.389974 0.40172 1.34248 0.441331 0.395448 0.723425 0.536957 0.360524 0.337087 0.64833 0.394942 0.401639 0.40158 0.901442 0.527707 0.544689 1.46929 0.35443 0.7227 1.12328 0.324317 0.471678 0.396559 0.428067 0.681035 0.49359 0.395894 0.724194 0.329233 0.430825 0.314782 0.311966 1.43446 0.471484 0.540053 0.421638 0.370786 0.409685 0.551072 1.53751 0.303273 0.29983 0.457745 0.904784 0.138478 0.723169 0.382468 0.329759 0.470501 0.350212 0.537639 0.379118 0.31746 0.395528 0.409793 0.469651 0.490404 0.482646 0.466126 0.540374 0.355333 0.90096 0.402198 0.342988 0.339786 0.370781 0.535019 0.319644 0.466179 0.402827 1.12645 0.469483 0.334714 1.33417 0.400569 0.427345 1.08101 0.481808 0.334917 1.09216 1.5775 0.529908 0.413956 1.56543 0.3677 0.396935 0.710002 0.546851 0.386099 1.05 0.546092 0.493023 0.346539 0.528468 0.461707 0.459411 1.5775 0.398784 0.339784 0.359697 0.531624 0.389985 0.401762 0.325655 0.365245 0.524986 0.46719 1.01403 0.353068 0.46005 0.337182 0.377074 0.344411 0.337736 0.380126 0.39176 0.446644 0.780298 0.321913 0.411025 0.372236 0.931779 0.71353 0.352906 0.352521 0.344082 0.429303 0.399432 1.08086 0.552569 0.400588 0.399984 0.400005 0.401929 1.46578 0.471922 1.55151 0.504751 0.680992 0.302641 0.542398 0.388623 0.630414 0.47599 1.18404 0.393802 0.475647 0.400194 1.55551 1.50378 0.312159 1.06314 0.38655 0.518093 0.400643 0.395896 0.398124 0.539948 0.878292 0.344757 0.333752 0.577177 0.465152 0.336365 0.367646 1.56992 0.354375 0.368239 0.528647 0.401624 1.4748 0.319415 0.530758 0.396686 1.15544 1.10262 0.483022 0.303882 0.347901 0.317672 0.306038 0.374224 0.33532 0.418101 0.448358 0.529477 0.40146 0.726097 1.12103 0.321479 0.635016 0.402104 0.364768 1.15793 0.43085 0.334374 0.307085 0.411048 0.352887 0.401449 0.423562 0.723479 0.543593 0.456432 0.329715 0.342811 0.298543 1.16357 0.3454 0.330846 0.351627 0.316757 1.09281 0.320729 0.339627 0.391282 0.297215 1.50675 0.325725 0.388261 0.724038 0.402283 0.546334 0.398477 0.381802 0.488978 0.343912 0.371798 0.472674 0.360628 0.350139 0.375032 0.442701 1.08893 0.528107 0.399325 0.444103 0.331174 0.486276 0.449524 0.404581 0.308222 0.395513 0.456765 0.391594 0.359544 0.906032 0.417935 0.386135 0.867889 0.363176 1.05001 0.535312 0.61529 0.412381 0.542957 0.535656 0.521877 0.356791 0.373606 0.292049 0.448331 0.376091 1.07181 0.370795 0.44693 0.400323 1.05807 0.910977 0.370368 0.527372 0.298124 0.497702 0.37087 0.361546 0.304061 0.334184 0.386326 0.356289 0.71522 0.319541 0.321403 0.461402 0.43787 0.716539 1.35955 0.726839 0.326685 0.536338 0.531306 0.455859 0.521036 0.912206 0.314574 0.401003 0.654239 0.344099 1.05231 0.414562 0.532456 0.525651 0.338379 0.328823 0.353338 0.358549 0.546808 0.354238 0.357065 1.10545 0.75084 0.444697 0.479028 0.534493 0.556254 0.483336 0.382907 0.359657 0.401162 0.34103 0.901014 0.880832 1.12988 0.357845 0.32599 0.353054 1.52457 0.403922 0.394467 0.340384 1.26525 0.355775 0.547043 0.900987 0.546835 0.531781 0.335027 0.140011 0.649992 0.403989 0.364422 0.539841 0.377593 0.351194 0.464281 0.461179 0.546616 1.18403 1.02173 0.400086 0.395476 0.479002 0.481542 0.341173 1.05877 0.326611 0.535662 1.63133 0.395777 0.527375 0.532279 1.00478 0.398567 0.594346 1.1446 0.370046 0.318221 0.595885 0.400136 0.343075 0.319668 0.342413 0.292566 0.613989 0.723899 0.368807 0.406376 0.466756 0.317736 0.452044 0.387559 0.446338 0.723052 0.401434 0.538986 0.459074 0.355283 1.13054 0.348213 0.531682 0.442049 0.537372 0.408287 0.330808 0.357443 0.650604 0.526228 0.676553 0.942772 0.350547 0.471111 0.330985 0.29546 0.467447 0.39389 0.545575 0.525845 0.42271 0.405367 0.715938 0.878041 0.367286 0.469687 0.379461 0.374143 0.315851 0.470279 1.12798 0.3314 0.341815 0.464182 0.355001 0.70673 0.342417 0.324723 0.306123 0.354866 0.328502 0.325461 0.358976 0.528509 0.534322 0.342823 0.40373 0.913069 0.713501 1.19528 0.401915 0.39346 0.295997 0.353267 0.316188 1.02015 0.307602 0.327969 0.686931 0.401952 0.369375 0.539642 1.56636 0.360253 0.376668 0.479341 0.398899 0.443597 0.325316 0.300358 0.464694 0.401288 0.480791 0.42376 0.532242 1.25324 0.306048 0.356429 0.335368 0.401654 0.885264 0.711722 0.716318 0.525663 0.383901 0.400665 0.483075 0.345411 0.70699 0.344863 0.458365 1.5615 0.740848 0.390787 0.34573 0.335856 0.396792 0.38806 0.724497 0.5297 0.528859 0.67824 0.473687 0.72087 0.470562 0.35951 0.481242 0.449077 0.322636 0.339251 0.91162 0.516152 0.643889 0.338488 0.647462 0.540173 0.315965 0.532091 0.334635 0.357008 0.401333 0.551983 0.523498 0.344119 0.390824 0.400147 0.444344 0.524241 0.403279 0.546408 0.567713 0.421956 0.358479 0.540594 0.479214 0.700225 0.463645 0.299188 0.353896 0.33894 0.70913 0.399047 0.541832 0.65745 0.362725 0.321699 0.473097 0.548028 0.379414 0.390717 0.34173 0.297675 0.529226 0.414259 0.326059 0.470991 0.292809
Testing:
Lab Growth Rates:
0.48 0.48 0.48
Dot Production Prediction of Lab Growth Rates:
0.343035 0.315366 0.339641
Best performance so far: 
Obj: 4.65827e-310Rho: 2.26291e-314Diff: 4.65827e-310
Anneal again with the best G and E so far as input
Cycle 2Round 1
Iter 500000 pBad 0.801501 T 0.000544359 Obj 1.02717 Rho 0 GRdif 15.7074 success 119933 failure 12612 obj_new 1.02717 SA_pAcc 1.19479 Delta 0.0470006 SA_r 0.110006 freedomratio 0.293
Iter 1000000 pBad 0.739548 T 0.000151719 Obj 1.02213 Rho 0 GRdif 12.8244 success 237238 failure 30580 obj_new 1.02213 SA_pAcc 1 Delta -0.0122506 SA_r 0.704306 freedomratio 0.290963
Iter 1500000 pBad 0.612386 T 4.22858e-05 Obj 1.01908 Rho 0 GRdif 11.0777 success 352696 failure 52866 obj_new 1.01908 SA_pAcc 1 Delta -0.0125807 SA_r 0.463364 freedomratio 0.289097
Iter 2000000 pBad 0.507106 T 1.17855e-05 Obj 1.01633 Rho 0 GRdif 9.49315 success 464057 failure 83918 obj_new 1.01633 SA_pAcc 1 Delta -0.0434917 SA_r 0.673829 freedomratio 0.284742
Iter 2500000 pBad 0.313779 T 3.28476e-06 Obj 1.01326 Rho 0 GRdif 7.7185 success 561251 failure 143205 obj_new 1.01326 SA_pAcc 1 Delta -0.000817581 SA_r 0.972648 freedomratio 0.271926
Iter 3000000 pBad 0.236836 T 9.155e-07 Obj 1.01125 Rho 0 GRdif 6.55314 success 643493 failure 236185 obj_new 1.01125 SA_pAcc 1.82565 Delta 0.00577865 SA_r 0.132841 freedomratio 0.26231
Iter 3500000 pBad 0.0877407 T 2.5516e-07 Obj 1.01018 Rho 0 GRdif 5.93568 success 707723 failure 372134 obj_new 1.01018 SA_pAcc 0.730457 Delta -0.000716041 SA_r 0.64494 freedomratio 0.239575
Iter 4000000 pBad 0.0573971 T 7.1116e-08 Obj 1.00963 Rho 0 GRdif 5.61771 success 752738 failure 564051 obj_new 1.00963 SA_pAcc 1 Delta -0.000380022 SA_r 0.768839 freedomratio 0.214731
Iter 4500000 pBad 0.0249228 T 1.98208e-08 Obj 1.00944 Rho 0 GRdif 5.508 success 777998 failure 821319 obj_new 1.00944 SA_pAcc 0.0186679 Delta -0.00101336 SA_r 0.164265 freedomratio 0.190693
Iter 5000000 pBad 0.0124399 T 5.52429e-09 Obj 1.0094 Rho 0 GRdif 5.47999 success 791735 failure 1125036 obj_new 1.0094 SA_pAcc 3.47699e-07 Delta -0.00105323 SA_r 0.472296 freedomratio 0.176029
Iter 5500000 pBad 0.00691943 T 1.53968e-09 Obj 1.00937 Rho 0 GRdif 5.4677 success 800815 failure 1451909 obj_new 1.00937 SA_pAcc 3.74525e-16 Delta -0.000539828 SA_r 0.242339 freedomratio 0.168876
Iter 6000000 pBad 0.00347906 T 4.29126e-10 Obj 1.00937 Rho 0 GRdif 5.46272 success 806555 failure 1796379 obj_new 1.00937 SA_pAcc 0 Delta -0.000198716 SA_r 0.700353 freedomratio 0.164146
Iter 6500000 pBad 0.00130106 T 1.19602e-10 Obj 1.00936 Rho 0 GRdif 5.46339 success 810372 failure 2152981 obj_new 1.00937 SA_pAcc 0 Delta -9.82775e-05 SA_r 0.539225 freedomratio 0.161078
Iter 7000000 pBad 0.000627466 T 3.33345e-11 Obj 1.00936 Rho 0 GRdif 5.45793 success 813058 failure 2515531 obj_new 1.00936 SA_pAcc 1 Delta -5.97797e-05 SA_r 0.774293 freedomratio 0.159412
Iter 7500000 pBad 0.000533735 T 9.2907e-12 Obj 1.00936 Rho 0 GRdif 5.45681 success 816229 failure 2883597 obj_new 1.00936 SA_pAcc 0 Delta 2.60592e-05 SA_r 0.54408 freedomratio 0.155727
Iter 8000000 pBad 0.000733772 T 2.58942e-12 Obj 1.00935 Rho 0 GRdif 5.45619 success 819080 failure 3257434 obj_new 1.00935 SA_pAcc 1 Delta -2.32954e-05 SA_r 0.612511 freedomratio 0.153725
Iter 8500000 pBad 0.000408358 T 7.21702e-13 Obj 1.00935 Rho 0 GRdif 5.45576 success 823376 failure 3631889 obj_new 1.00935 SA_pAcc 0 Delta 1.09824e-05 SA_r 0.52572 freedomratio 0.151343
Iter 9000000 pBad 4.39209e-29 T 2.01146e-13 Obj 1.00935 Rho 0 GRdif 5.46746 success 823547 failure 3948983 obj_new 1.00937 SA_pAcc 0 Delta -3.04194e-30 SA_r 0.0337198 freedomratio 0.145446
Iter 9500000 pBad 1.14455e-94 T 5.60617e-14 Obj 1.00935 Rho 0 GRdif 5.48485 success 823547 failure 4261649 obj_new 1.0094 SA_pAcc 0 Delta -4.49562e-96 SA_r 0.244344 freedomratio 0.144371
Good enough
iter 8.57714e+06 obj1.00935 rho 0 GRdif 5.4557
Training:
Lab Growth Rates:
0.55 0.25 0.38 0.39 0.56 0.59 0.4 0.59 0.45 0.47 0.51 0.52 0.54 1.345 0.377 0.71 0.4 0.68 0.42 0.46 0.1 1.66 0.37 1.345 0.47 0.58 0.47 0.635 0.7 1.46 0.42 0.58 0.55 0.4 0.19 0.33 0.56 0.52 0.301 0.485 0.3 0.5 0.7 0.47 0.4 1.03 0.09 0.4 0.686 0.55 0.47 0.45 0.5 0.4 0.4 0.4 0.901 0.485 0.56 0.1 0.2 0.686 1.345 0.27 0.56 0.4 0.1 0.65 0.47 0.4 0.71 0.11 0.23 0.4 0.58 1.4 0.22 0.54 0.33 0.27 0.37 0.56 1.67 0.59 0.54 0.46 0.901 0.14 0.724 0.52 0.34 0.56 0.41 0.56 0.54 0.32 0.4 0.43 0.5 0.46 0.58 0.5 0.31 0.58 0.901 0.4 0.36 0.48 0.54 0.56 0.5 0.46 0.4 1.483 0.58 0.46 1.38 0.4 0.46 1.483 0.58 0.45 1.483 0.45 0.23 0.37 0.45 0.36 0.4 0.5 0.55 0.3 1.05 0.54 0.47 0.5 0.476 0.55 0.6 1.49 0.4 0.5 0.47 0.53 0.45 0.4 0.5 0.49 0.481 0.58 1.46 0.47 0.46 0.47 0.46 0.52 0.36 0.43 0.4 0.68 0.1 0.42 0.37 0.54 0.1 0.648 0.49 0.59 0.42 0.23 0.4 1.345 0.54 0.4 0.4 0.4 0.47 0.45 0.54 0.45 0.25 0.65 0.53 0.56 0.4 0.65 0.46 1.345 0.4 0.5 0.4 1.44 0.45 0.37 1.483 0.5 0.377 0.4 0.43 0.4 0.31 0.762 0.58 0.19 0.42 0.54 0.5 0.5 1.46 0.43 0.47 0.53 0.4 0.45 0.42 0.485 0.4 1.345 1.483 0.58 0.59 0.54 0.33 0.3 0.45 0.41 0.37 0.26 0.23 0.4 0.636 1.483 0.39 0.65 0.4 0.5 1.345 0.23 0.59 0.46 0.37 0.54 0.4 0.1 0.686 0.53 0.55 0.42 0.43 0.53 1.345 0.49 0.42 0.38 0.32 0.1 0.38 0.36 0.4 0.3 0.45 0.5 0.47 0.724 0.4 0.59 0.4 0.22 0.56 0.32 0.47 0.22 0.43 0.52 0.46 0.33 1.483 0.41 0.4 0.3 0.42 0.46 0.68 0.37 0.17 0.4 0.3 0.4 0.45 1.248 0.51 0.53 0.762 0.33 1.05 0.53 0.5 0.37 0.26 0.23 0.41 0.27 0.52 0.48 0.58 0.54 1.345 0.58 0.53 0.4 1.483 1.248 0.41 0.481 0.47 0.53 0.37 0.11 0.54 0.54 0.37 0.5 0.635 0.48 0.41 0.3 0.47 0.648 1.67 0.5 0.54 0.54 0.476 0.55 0.5 1.248 0.17 0.4 0.5 0.58 1.05 0.43 0.53 0.481 0.54 0.33 0.46 0.45 0.59 0.38 0.47 1.483 0.25 0.43 0.5 0.56 0.31 0.5 0.51 0.41 0.47 0.34 0.901 0.901 1.483 0.25 0.46 0.54 0.25 0.4 0.4 0.42 1.43 0.11 0.59 0.901 0.56 0.56 0.45 0.14 0.65 0.4 0.09 0.59 0.42 0.47 0.46 0.54 0.5 1.345 1.46 0.4 0.4 0.33 0.56 0.52 1.345 0.3 0.25 1.66 0.4 0.301 0.617 1.05 0.4 0.42 1.483 0.36 0.5 0.27 0.4 0.53 0.36 0.5 0.53 0.5 0.724 0.54 0.37 0.6 0.34 0.46 0.4 0.68 0.71 0.36 0.55 0.55 0.53 1.483 0.54 0.53 0.68 0.23 0.17 0.47 0.41 0.65 0.41 0.5 0.1 0.45 0.46 0.19 0.59 0.58 0.46 0.54 0.37 0.37 0.37 0.648 0.762 0.59 0.54 0.52 0.53 0.48 0.56 1.345 0.09 0.52 0.58 0.25 0.5 0.47 0.42 0.46 0.43 0.39 0.38 0.52 0.465 0.476 0.47 0.4 1.248 0.637 1.35 0.4 0.22 0.39 0.33 0.59 0.1 0.39 0.22 0.5 0.4 0.3 0.59 1.42 0.27 0.45 0.58 0.4 0.3 0.59 0.3 0.55 0.4 0.22 0.37 0.54 1.43 0.58 0.42 0.36 0.4 0.762 0.637 0.635 0.301 0.26 0.4 0.56 0.52 0.7 0.25 0.6 1.05 0.5 0.2 0.47 0.52 0.43 0.2 0.636 0.465 0.23 0.5 0.58 0.636 0.58 0.3 0.5 0.55 0.45 0.42 1.248 0.377 0.65 0.48 0.65 0.5 0.39 0.23 0.46 0.58 0.4 0.55 0.5 0.33 0.4 0.4 0.3 0.465 0.4 0.56 0.42 0.46 0.47 0.54 0.22 0.7 0.54 0.58 0.45 0.43 0.637 0.4 0.56 0.65 0.42 0.42 0.22 0.59 0.43 0.36 0.54 0.27 0.485 0.3 0.4 0.6 0.48
Dot Production Prediction of Lab Growth Rates:
0.54839 0.31737 0.321381 0.319602 0.53889 0.329093 0.397426 0.541195 0.401659 0.405756 0.395409 0.373918 0.462903 1.12065 0.610335 0.706673 0.391982 0.360986 0.333264 0.444077 0.352181 1.46678 0.425206 1.11923 0.348158 0.474729 0.448405 0.708265 0.695152 1.05814 0.320372 0.369531 0.540447 0.402439 0.309284 0.31548 0.535404 0.380068 0.622515 0.620988 0.513774 0.546292 0.703516 0.429363 0.402401 1.23147 0.448032 0.400146 0.709208 0.535399 0.357213 0.361068 0.600147 0.39582 0.402893 0.400703 0.905554 0.618047 0.551205 1.41211 0.38175 0.709284 1.13294 0.363019 0.47603 0.398774 0.462903 0.661171 0.486043 0.39704 0.712992 0.333799 0.423236 0.33539 0.349102 1.42336 0.474281 0.537725 0.434961 0.382382 0.39764 0.537444 1.49747 0.33601 0.298062 0.460279 0.906651 0.479682 0.713074 0.401535 0.341808 0.473968 0.367044 0.540271 0.405892 0.316043 0.399697 0.447653 0.476278 0.512092 0.4886 0.474682 0.586647 0.364086 0.901558 0.403321 0.355915 0.346338 0.384123 0.538602 0.337293 0.462412 0.404915 1.10872 0.473302 0.344635 1.28062 0.401732 0.446857 1.10076 0.4865 0.3434 1.09773 1.52573 0.541242 0.419558 1.54239 0.361852 0.399626 0.638873 0.549573 0.377596 1.05082 0.561153 0.471342 0.360816 0.618784 0.472187 0.487219 1.52573 0.39654 0.338112 0.391977 0.530307 0.412396 0.399297 0.318623 0.37855 0.616731 0.474823 1.06594 0.383278 0.457812 0.344361 0.397486 0.361274 0.33684 0.39628 0.395309 0.360049 0.761063 0.319269 0.411483 0.399563 1.3468 0.702417 0.365582 0.389399 0.352667 0.42607 0.401227 1.083 0.562977 0.401415 0.401911 0.400267 0.4059 1.43819 0.47809 1.50545 0.505166 0.65064 0.338267 0.536206 0.395047 0.634813 0.487816 1.16021 0.398043 0.479507 0.398806 1.48404 1.44962 0.320833 1.06425 0.411799 0.615173 0.401483 0.427668 0.400774 0.573116 0.864678 0.365626 0.332382 0.587208 0.471618 0.352954 0.37218 1.37261 0.367739 0.37722 0.533694 0.402415 1.43912 0.306272 0.619845 0.397708 1.12197 1.10045 0.484958 0.305358 0.386307 0.318243 0.314095 0.368838 0.355078 0.437277 0.458871 0.53434 0.400904 0.71594 1.10191 0.330008 0.633295 0.404448 0.370432 1.12386 0.422954 0.330002 0.295729 0.411521 0.357128 0.402318 0.456513 0.710346 0.542039 0.468477 0.359708 0.348239 0.286307 1.1397 0.356403 0.337874 0.379602 0.311231 1.63251 0.328838 0.345412 0.397514 0.302672 1.48433 0.309857 0.403316 0.709151 0.403866 0.54668 0.398954 0.388435 0.487807 0.342078 0.435219 0.472526 0.363918 0.348111 0.418202 0.467067 1.08237 0.619771 0.397803 0.473115 0.347299 0.500421 0.36367 0.405997 0.317702 0.400257 0.467018 0.397487 0.375578 0.890677 0.424039 0.42348 0.858941 0.362207 1.05721 0.551958 0.566962 0.406934 0.55988 0.537858 0.624073 0.362902 0.393456 0.300061 0.447907 0.401387 1.09502 0.391766 0.493046 0.40074 1.08666 0.891653 0.382984 0.618951 0.324162 0.535819 0.407965 0.376327 0.320807 0.377398 0.409737 0.394472 0.706956 0.311676 0.322277 0.483866 0.431191 0.707864 1.3876 0.645187 0.322171 0.537398 0.621931 0.473845 0.534998 0.90003 0.3376 0.402795 0.589776 0.344624 1.06307 0.439735 0.546303 0.615231 0.344546 0.308551 0.3619 0.345609 0.548368 0.386841 0.374888 1.08728 0.751731 0.465423 0.483103 0.540648 0.560995 0.490043 0.410659 0.378996 0.404067 0.329851 0.901558 0.874594 1.12339 0.37372 0.305532 0.353981 1.48843 0.403943 0.400841 0.352875 0.944385 0.367418 0.550239 0.901551 0.540041 0.534701 0.361043 0.472633 0.615067 0.402587 0.378999 0.541447 0.394644 0.381283 0.46065 0.467159 0.547391 1.14438 1.05739 0.399835 0.396432 0.496252 0.48509 0.351418 1.07627 0.347952 0.541239 1.39363 0.396823 0.622194 0.792991 1.03786 0.399587 0.599271 1.11114 0.370837 0.318591 0.559138 0.402487 0.383345 0.325598 0.325631 0.333234 0.584007 0.712568 0.374597 0.414022 0.494526 0.319217 0.44917 0.39359 0.360824 0.711919 0.412938 0.542616 0.468323 0.360227 1.12877 0.391517 0.544998 0.35859 0.540533 0.420301 0.341818 0.379883 0.652267 0.620418 0.589303 1.37706 0.341277 0.476528 0.305112 0.337122 0.469263 0.423914 0.547397 0.523121 0.42424 0.41335 0.70559 0.86552 0.402292 0.472043 0.381569 0.411263 0.28144 0.474323 1.10893 0.33562 0.391006 0.471869 0.379802 0.619563 0.351412 0.340379 0.33815 0.358965 0.328202 0.333554 0.369593 0.621131 0.621954 0.358048 0.403991 0.897402 0.711248 0.913044 0.401002 0.430077 0.323171 0.354945 0.344541 1.49912 0.297777 0.360316 0.701927 0.403002 0.417806 0.541748 1.49136 0.396043 0.415865 0.490122 0.399313 0.449341 0.303644 0.300278 0.470008 0.401936 0.484194 0.424626 0.535555 0.941166 0.31597 0.367604 0.334434 0.401728 0.877411 0.711336 0.708036 0.624348 0.383197 0.399562 0.485777 0.331856 0.706155 0.365681 0.480383 1.29303 0.660826 0.40037 0.362494 0.366645 0.405008 0.403246 0.71913 0.620738 0.535991 0.672557 0.466389 0.713265 0.470433 0.379345 0.485078 0.458585 0.334877 0.354588 0.89506 0.61657 0.636808 0.344721 0.650524 0.552357 0.357421 0.536152 0.331186 0.359463 0.402715 0.559513 0.535852 0.346495 0.395003 0.399961 0.450623 0.61717 0.404855 0.556975 0.573155 0.454102 0.404712 0.551601 0.481962 0.693518 0.465302 0.300465 0.377109 0.344909 0.708032 0.401182 0.550941 0.681558 0.37366 0.341282 0.471096 0.540075 0.418419 0.419672 0.372191 0.305969 0.622948 0.407904 0.345629 0.495054 0.289621
Testing:
Lab Growth Rates:
0.48 0.48 0.48
Dot Production Prediction of Lab Growth Rates:
0.338294 0.329837 0.359755
Best performance so far: 
Obj: 4.65827e-310Rho: 6.5069e-314Diff: 4.65827e-310
Test:
 Lab Growth Rates:
0.48 0.48 0.48Dot Product Prediction of Growth Rate:
0.3382941 0.3298369 0.3597546