seed =  5 traits =  1 
Training: part  113 
Training: part  113 
Round  1 
 Goal of obj  0.99 
Temperature range:  0.0078125 1.5625e-14 
Cycle 1Round 1
Iter 500000 pBad 0.856708 T 0.00203162 Obj 1.07758 Rho 0 GRdif 43.9345 success 146824 failure 8485 obj_new 1.07758 SA_pAcc 1 Delta -0.0149524 SA_r 0.82019 freedomratio 0.375959
Iter 1000000 pBad 0.817558 T 0.000528317 Obj 1.04667 Rho 0 GRdif 26.8209 success 291651 failure 22937 obj_new 1.04667 SA_pAcc 1 Delta -0.00806395 SA_r 0.858606 freedomratio 0.365444
Iter 1500000 pBad 0.742866 T 0.000137387 Obj 1.02858 Rho 0 GRdif 16.5708 success 433760 failure 43285 obj_new 1.02858 SA_pAcc 0.753252 Delta -0.0436275 SA_r 0.00103358 freedomratio 0.371447
Iter 2000000 pBad 0.668781 T 3.57271e-05 Obj 1.02045 Rho 0 GRdif 11.9052 success 572500 failure 73092 obj_new 1.02045 SA_pAcc 1 Delta 0.0265957 SA_r 0.809647 freedomratio 0.3581
Iter 2500000 pBad 0.46172 T 9.29071e-06 Obj 1.01658 Rho 0 GRdif 9.67194 success 706145 failure 112260 obj_new 1.01658 SA_pAcc 0.574445 Delta 0.0152462 SA_r 0.774019 freedomratio 0.366355
Iter 3000000 pBad 0.322536 T 2.41602e-06 Obj 1.01125 Rho 0 GRdif 6.58058 success 828592 failure 171815 obj_new 1.01125 SA_pAcc 1.26977 Delta 0.0283697 SA_r 0.268645 freedomratio 0.337349
Iter 3500000 pBad 0.199852 T 6.28278e-07 Obj 1.00833 Rho 0 GRdif 4.87986 success 933752 failure 267047 obj_new 1.00833 SA_pAcc 1 Delta 0.0182116 SA_r 0.219726 freedomratio 0.328859
Iter 4000000 pBad 0.071432 T 1.63382e-07 Obj 1.00783 Rho 0 GRdif 4.58494 success 1002592 failure 438668 obj_new 1.00783 SA_pAcc 0.000267917 Delta 0.00341167 SA_r 0.605303 freedomratio 0.276836
Iter 4500000 pBad 0.0460894 T 4.24869e-08 Obj 1.00767 Rho 0 GRdif 4.49061 success 1042137 failure 685494 obj_new 1.00767 SA_pAcc 1 Delta -0.0035068 SA_r 0.582306 freedomratio 0.245614
Iter 5000000 pBad 0.0185603 T 1.10486e-08 Obj 1.0076 Rho 0 GRdif 4.45028 success 1064224 failure 987241 obj_new 1.0076 SA_pAcc 4.77111e-74 Delta 7.27007e-05 SA_r 0.14093 freedomratio 0.222981
Iter 5500000 pBad 0.0103484 T 2.87315e-09 Obj 1.00758 Rho 0 GRdif 4.44065 success 1076093 failure 1323885 obj_new 1.00758 SA_pAcc 9.22764e-43 Delta 0.000767421 SA_r 0.783234 freedomratio 0.210075
Iter 6000000 pBad 0.0048553 T 7.47152e-10 Obj 1.00757 Rho 0 GRdif 4.51305 success 1083136 failure 1679320 obj_new 1.0077 SA_pAcc 0 Delta 0.000351246 SA_r 0.451292 freedomratio 0.204025
Iter 6500000 pBad 0.0032617 T 1.94295e-10 Obj 1.00757 Rho 0 GRdif 4.43541 success 1086948 failure 2048414 obj_new 1.00757 SA_pAcc 0 Delta -0.000217578 SA_r 0.996246 freedomratio 0.19778
Iter 7000000 pBad 0.000739632 T 5.05257e-11 Obj 1.00757 Rho 0 GRdif 4.4343 success 1089582 failure 2424347 obj_new 1.00757 SA_pAcc 1 Delta 7.80613e-06 SA_r 0.0127669 freedomratio 0.194252
Iter 7500000 pBad 0.00126266 T 1.3139e-11 Obj 1.00757 Rho 0 GRdif 4.44266 success 1091473 failure 2806777 obj_new 1.00758 SA_pAcc 0 Delta 6.91295e-05 SA_r 0.50319 freedomratio 0.191718
Iter 8000000 pBad 0.000264972 T 3.41677e-12 Obj 1.00757 Rho 0 GRdif 4.43361 success 1092994 failure 3194253 obj_new 1.00757 SA_pAcc 3.39201e-76 Delta 6.88759e-06 SA_r 0.79889 freedomratio 0.189068
Iter 8500000 pBad 0.00115521 T 8.88519e-13 Obj 1.00757 Rho 0 GRdif 4.43347 success 1095194 failure 3577896 obj_new 1.00757 SA_pAcc 1 Delta -7.96881e-05 SA_r 0.530245 freedomratio 0.186489
Iter 9000000 pBad 3.16598e-14 T 2.31057e-13 Obj 1.00757 Rho 0 GRdif 4.43341 success 1099304 failure 3909291 obj_new 1.00757 SA_pAcc 1 Delta -1.44471e-15 SA_r 0.194012 freedomratio 0.177108
Iter 9500000 pBad 3.24541e-123 T 6.00855e-14 Obj 1.00757 Rho 0 GRdif 4.43341 success 1099304 failure 4214130 obj_new 1.00757 SA_pAcc 0 Delta 2.50204e-124 SA_r 0.944574 freedomratio 0.16185
Iter 10000000 pBad 3.79997e-159 T 1.5625e-14 Obj 1.00757 Rho 0 GRdif 4.43341 success 1099304 failure 4531539 obj_new 1.00757 SA_pAcc 1 Delta -2.99947e-160 SA_r 0.630325 freedomratio 0.101977
Cannot move further
iter 8.94294e+06 obj1.00757 rho 0 GRdif 4.43341
Training:
Lab Growth Rates:
0.32 1.05 0.42 0.37 0.4 0.11 0.42 0.3 0.5 0.5 0.465 0.301 0.25 1.03 0.25 0.762 0.5 0.7 0.42 0.3 0.37 0.65 0.5 0.37 0.377 0.58 1.483 0.22 0.41 0.4 0.53 0.54 0.41 0.22 0.4 0.46 0.55 0.4 0.14 0.59 0.5 0.32 0.4 0.43 0.46 0.5 0.26 0.636 0.36 0.58 0.19 1.46 0.58 0.1 0.38 0.47 0.5 0.53 1.483 0.37 0.47 0.4 0.34 0.4 0.33 0.56 0.36 0.4 0.59 0.4 0.58 0.41 0.47 0.3 0.56 0.5 0.4 0.47 0.43 1.345 0.19 0.38 0.27 0.7 0.33 0.52 0.39 0.65 0.54 0.43 0.4 0.47 0.49 0.09 0.5 0.59 0.54 0.45 0.33 0.33 0.42 0.46 0.54 0.4 0.4 0.5 0.637 1.46 0.56 0.59 0.22 0.45 0.56 0.17 0.34 1.46 0.6 0.4 0.42 0.65 0.4 0.58 0.41 0.46 1.248 0.59 0.4 1.345 0.26 0.5 1.483 0.17 0.485 0.55 0.58 0.17 0.46 0.58 0.59 0.55 0.58 1.67 1.345 0.3 0.65 0.5 0.481 0.45 0.3 0.46 0.22 0.1 1.483 0.55 0.3 0.4 0.54 0.58 0.4 0.4 0.4 0.5 0.42 0.45 0.686 0.09 0.4 0.301 0.56 0.58 0.42 0.45 0.45 0.4 0.4 0.45 0.48 0.48 0.54 0.3 0.46 0.41 0.51 0.45 0.4 1.35 0.53 1.483 0.27 0.56 0.48 0.41 0.59 0.65 0.23 1.345 0.58 0.37 0.25 0.42 0.37 0.46 0.27 0.4 0.46 1.43 0.47 0.53 0.4 0.11 0.59 0.22 0.485 0.901 1.67 0.53 0.5 0.1 0.45 1.66 0.42 0.38 0.48 0.51 0.53 0.4 0.36 0.43 0.46 0.1 0.635 0.5 0.54 0.52 0.37 0.52 0.4 1.483 0.37 0.901 0.55 0.4 0.377 0.52 0.47 0.648 0.4 0.58 1.345 0.4 0.46 0.54 0.33 0.25 0.46 0.37 0.52 0.11 0.68 0.46 0.55 0.45 0.54 0.724 0.476 0.55 0.4 1.38 0.23 1.248 0.43 0.34 0.52 0.39 0.54 0.53 0.25 0.54 0.2 0.14 0.54 0.58 0.58 0.58 0.42 0.901 0.4 0.42 0.724 0.22 0.901 0.6 0.58 0.4 0.45 0.42 0.54 0.5 0.09 0.4 0.4 0.47 0.55 0.4 0.23 0.5 0.5 0.901 0.54 0.4 0.4 0.42 0.465 0.2 0.33 0.52 0.52 0.47 0.58 0.481 0.54 0.47 0.53 0.45 0.41 0.33 0.49 0.54 0.53 1.05 0.465 0.59 0.37 0.36 0.45 0.4 0.52 0.636 0.45 0.54 0.4 0.56 0.23 1.05 0.4 0.5 0.45 0.4 0.37 0.38 0.27 0.27 0.43 0.4 0.635 1.248 0.5 0.36 0.47 0.41 0.47 0.47 0.43 0.48 0.56 0.3 0.3 0.47 0.59 0.5 0.52 0.4 0.762 0.37 0.23 0.3 0.47 1.05 0.19 0.4 0.55 0.3 0.65 0.25 0.42 0.54 0.33 0.4 0.42 1.345 0.22 1.483 0.42 0.901 0.56 0.47 0.54 0.26 0.1 0.5 0.23 1.345 0.762 0.53 0.47 0.54 0.37 0.648 0.37 0.53 0.33 0.54 0.55 0.5 0.71 0.724 0.48 1.46 0.65 0.45 0.36 0.68 0.46 0.4 0.4 0.46 0.46 0.68 1.248 0.47 0.686 0.32 0.25 1.345 0.54 0.5 0.23 0.7 1.345 0.31 0.47 0.45 0.4 0.5 1.66 0.56 0.59 0.4 0.59 0.39 0.45 1.248 0.46 0.53 0.635 0.36 0.5 0.31 0.39 0.22 0.47 0.5 1.4 0.55 1.43 0.762 0.47 0.48 0.54 0.56 0.58 0.45 0.39 0.54 0.5 1.345 0.43 0.46 0.5 0.59 0.485 0.5 1.483 0.476 0.4 0.636 0.43 0.54 0.56 0.5 0.59 0.56 0.637 0.4 0.3 0.4 1.483 0.38 0.47 0.481 0.65 0.23 1.483 0.4 0.4 0.49 0.53 0.25 0.6 0.58 0.56 0.71 0.48 0.46 0.51 0.53 0.4 0.6 0.637 0.27 0.648 0.54 0.4 0.55 0.3 0.56 0.41 1.05 0.3 0.4 0.5 0.7 0.43 0.56 0.1 0.42 0.58 0.4 0.58 0.65 0.56 0.1 1.483 0.43 0.617 0.47 0.37 0.686 0.31 0.4 0.43 0.37 0.59 1.49 1.42 0.46 0.1 0.68 0.59 1.44 0.1 0.4 0.52 1.345 1.345 0.54 0.301 0.47 0.42 0.39 0.377 0.54 0.68 0.48 0.4 0.52 0.53 0.36 0.476 0.5 0.23 0.485 1.483 0.71 0.56 0.36 0.2 0.46
Dot Production Prediction of Lab Growth Rates:
0.321496 1.05 0.62733 0.412677 0.406232 0.381372 0.380829 0.315802 0.324019 0.329362 0.469774 0.467311 0.580001 1.2984 0.552284 0.820641 0.793863 0.704391 0.294944 0.423411 0.403297 0.621774 0.474973 0.398357 0.467196 0.472241 1.2797 0.47063 0.470377 0.395796 0.531982 0.366498 0.385748 0.466969 0.406266 0.334545 0.444148 0.405655 0.140072 0.545527 0.688365 0.331407 0.40369 0.369199 0.320392 0.468946 0.366176 0.726088 0.407156 0.476191 0.307268 1.02568 0.324981 0.910076 0.376676 0.517298 0.638485 0.562947 1.24857 0.587858 0.414276 0.402291 0.291537 0.407283 0.530889 0.537157 0.37731 0.405484 0.546368 0.40519 0.470944 0.332905 0.353151 0.378662 0.469824 0.474203 0.39721 0.400105 0.468355 1.31309 0.304317 0.296016 0.338703 0.694933 0.34756 0.352243 0.301166 0.649999 0.543967 0.342108 0.407682 0.296855 0.365586 0.346382 0.551017 0.396169 0.394509 0.395776 0.32081 0.315395 0.341025 0.390423 0.540617 0.396469 0.404281 0.791749 0.709809 1.03534 0.53581 0.37135 0.331855 0.336383 0.538911 0.307314 0.323326 1.0392 0.536365 0.39303 0.380009 0.651697 0.406547 0.342883 0.470365 0.291148 0.875891 0.323081 0.392771 1.31208 0.598569 0.343928 1.20915 0.420352 0.468225 0.545961 0.360272 0.303383 0.53841 0.351073 0.290873 0.544797 0.459222 1.39857 1.20472 0.567652 0.628478 0.472854 0.467178 1.43208 0.534297 0.415101 0.468835 0.469948 1.28835 0.453164 0.522099 0.404853 0.437501 0.355784 0.407519 0.409133 0.399995 0.532258 0.342039 1.54722 0.721934 0.383028 0.399625 0.466098 0.459993 0.273586 0.357668 0.349786 0.414988 0.402524 0.406759 1.43078 0.30784 0.275461 0.451413 0.402455 0.349039 0.470517 0.394485 1.46656 0.397663 1.22825 0.512306 1.23595 0.387609 0.47048 0.276201 0.343261 0.291859 0.655271 0.418735 1.26166 0.448259 0.404082 0.356304 0.357278 0.403461 0.348219 0.63679 0.404223 0.421344 1.33529 0.361925 0.527259 0.402218 0.362944 0.305641 0.469883 0.467666 0.83602 1.48838 0.372768 0.666282 1.3081 0.337164 1.66 0.304197 0.368679 0.340027 0.395851 0.407015 0.403602 0.355753 0.345053 0.459992 1.19389 0.715358 0.758901 0.389372 0.409341 0.409856 0.400914 0.407855 1.20964 0.415965 0.900825 0.448041 0.401265 0.465786 0.351596 0.365412 0.716467 0.405805 0.471467 1.22617 0.402022 0.453059 0.453665 0.309728 0.358031 0.459011 0.450373 0.357349 0.334696 0.474827 0.463162 0.436618 0.314152 0.324426 0.721865 0.476822 0.559088 0.404775 1.29885 0.417393 0.872184 0.406941 0.323453 0.380638 0.321991 0.532184 0.525535 1.49983 0.387278 0.357567 0.139989 0.362796 0.457231 0.377595 0.300123 0.630464 0.90422 0.409071 0.34179 0.723999 0.469443 0.904985 0.550349 0.384742 0.397457 1.46063 0.315161 0.543998 0.734321 0.462136 0.314597 0.404447 0.442726 0.545598 0.402994 0.539713 0.541618 0.532547 0.906742 0.439449 0.399903 0.405777 0.658694 0.47185 0.397903 0.344636 0.401227 0.387665 0.380189 0.471261 0.468578 0.36302 0.481259 0.529877 0.349907 0.36444 0.440051 0.395645 0.457919 0.354719 1.05002 0.474535 0.541255 0.39703 0.332187 0.334009 0.399269 0.353839 0.720478 0.366842 0.305151 0.406345 0.534957 0.533235 1.57264 0.329904 0.321412 0.385545 0.408126 0.433182 0.300093 0.357084 0.270078 0.358954 0.398082 0.718069 0.868279 0.656111 0.336639 0.378604 0.315805 0.408282 0.525592 0.396871 0.302245 0.545933 0.508674 0.518762 0.343873 0.540177 0.473604 0.358659 0.401226 0.803781 0.285289 0.417141 0.475395 0.341299 1.01815 0.308094 0.398475 0.554413 0.302114 0.651421 0.880666 0.296769 0.542943 0.354198 0.394494 0.317365 1.2765 0.425413 1.20533 0.322844 0.901 0.475801 0.341835 0.436827 0.483928 1.40014 0.407486 0.538791 1.28749 0.812545 0.541615 0.341304 0.551658 0.407195 0.713416 0.414141 0.529975 0.476527 0.35127 0.446611 0.544867 0.716671 0.721124 0.33675 1.58053 0.641027 0.386847 0.414038 0.47111 0.447637 0.407609 0.394307 0.43664 0.551501 0.473967 0.871179 0.408433 0.725993 0.290389 0.296 1.32155 0.356681 0.313037 0.542333 0.699983 1.32709 0.593625 0.390673 0.372383 0.391643 0.35995 1.62785 0.541577 0.543526 0.404505 0.325433 0.325825 1.52225 0.865122 0.448929 0.414112 0.715734 0.34728 0.363306 0.610031 0.300979 0.391262 0.345416 0.33026 1.45261 0.449359 1.36796 0.810373 0.388659 0.33293 0.337711 0.460509 0.461274 1.50459 0.301024 0.270644 0.766186 1.22393 0.438512 0.304819 0.467675 0.326542 0.471799 0.351797 1.29083 0.475045 0.401068 0.723817 0.409381 0.367344 0.538966 0.653014 0.546817 0.547793 0.714204 0.405951 0.298717 0.40077 1.26128 0.312049 0.363345 0.471142 0.649858 0.534851 1.26692 0.401707 0.405151 0.37277 0.303691 0.355474 0.566954 0.473505 0.538986 0.728028 0.337817 0.467324 0.427574 0.310018 0.405822 0.534341 0.716345 0.373656 0.715771 0.539799 0.406087 0.554347 0.309989 0.53468 0.375468 1.0546 0.559398 0.397971 0.326264 0.700979 0.39744 0.535443 0.37272 0.349186 0.468256 0.399066 0.459519 0.652328 0.462409 1.0491 1.25626 0.442061 0.616998 0.394 0.412952 0.724032 0.599414 0.399484 0.368808 0.372298 0.322068 1.52225 1.52876 0.519873 1.06465 0.475539 0.54714 1.51619 0.457065 0.405189 0.348286 1.27945 1.30017 0.390001 0.468338 0.368367 0.341836 0.292119 0.465565 0.369836 0.471693 0.295403 0.396737 0.34945 0.28153 0.321785 0.474134 0.326261 0.544887 0.473266 1.27449 0.722934 0.551377 0.322835 0.401789 0.466653
Testing:
Lab Growth Rates:
0.5
Dot Production Prediction of Lab Growth Rates:
0.772778
Best performance so far: 
Obj: 4.65801e-310Rho: 2.26291e-314Diff: 4.65801e-310
Anneal again with the best G and E so far as input
Cycle 2Round 1
Iter 500000 pBad 0.876617 T 0.00203162 Obj 1.07178 Rho 0 GRdif 40.8791 success 113292 failure 8055 obj_new 1.072 SA_pAcc 0.897762 Delta 0.0736141 SA_r 0.954689 freedomratio 0.271845
Iter 1000000 pBad 0.777129 T 0.000528317 Obj 1.03348 Rho 0 GRdif 19.3665 success 222781 failure 23680 obj_new 1.03348 SA_pAcc 1.10325 Delta -0.0459244 SA_r 0.550943 freedomratio 0.266546
Iter 1500000 pBad 0.69673 T 0.000137387 Obj 1.02686 Rho 0 GRdif 15.5837 success 329898 failure 45698 obj_new 1.02686 SA_pAcc 1 Delta -0.0221959 SA_r 0.927613 freedomratio 0.265104
Iter 2000000 pBad 0.583702 T 3.57271e-05 Obj 1.02321 Rho 0 GRdif 13.4926 success 434737 failure 73726 obj_new 1.02321 SA_pAcc 1 Delta -0.052675 SA_r 0.0600559 freedomratio 0.261799
Iter 2500000 pBad 0.455614 T 9.29071e-06 Obj 1.01866 Rho 0 GRdif 10.8714 success 538008 failure 105974 obj_new 1.01866 SA_pAcc 0.948783 Delta 0.0339376 SA_r 0.00814788 freedomratio 0.263914
Iter 3000000 pBad 0.270331 T 2.41602e-06 Obj 1.01343 Rho 0 GRdif 7.84298 success 628916 failure 164943 obj_new 1.01343 SA_pAcc 1 Delta -0.00201017 SA_r 0.225066 freedomratio 0.247267
Iter 3500000 pBad 0.215103 T 6.28278e-07 Obj 1.0106 Rho 0 GRdif 6.20154 success 708391 failure 250622 obj_new 1.0106 SA_pAcc 1 Delta 0.0112976 SA_r 0.82819 freedomratio 0.238153
Iter 4000000 pBad 0.0872916 T 1.63382e-07 Obj 1.00962 Rho 0 GRdif 5.64228 success 768116 failure 383829 obj_new 1.00964 SA_pAcc 5.16581e-59 Delta -0.00297493 SA_r 0.788485 freedomratio 0.219978
Iter 4500000 pBad 0.0417196 T 4.24869e-08 Obj 1.00918 Rho 0 GRdif 5.3749 success 806851 failure 580517 obj_new 1.00918 SA_pAcc 0.032965 Delta 0.00337422 SA_r 0.0882118 freedomratio 0.195154
Iter 5000000 pBad 0.021492 T 1.10486e-08 Obj 1.00901 Rho 0 GRdif 5.27129 success 828614 failure 839662 obj_new 1.00901 SA_pAcc 1 Delta 0.00137295 SA_r 0.200034 freedomratio 0.175627
Iter 5500000 pBad 0.00691558 T 2.87315e-09 Obj 1.00896 Rho 0 GRdif 5.25721 success 840096 failure 1141359 obj_new 1.00898 SA_pAcc 0 Delta 0.000366562 SA_r 0.806165 freedomratio 0.164292
Iter 6000000 pBad 0.00546052 T 7.47152e-10 Obj 1.00894 Rho 0 GRdif 5.23453 success 847623 failure 1465901 obj_new 1.00894 SA_pAcc 0 Delta -0.000570296 SA_r 0.744293 freedomratio 0.15922
Iter 6500000 pBad 0.00288264 T 1.94295e-10 Obj 1.00893 Rho 0 GRdif 5.23053 success 852391 failure 1806263 obj_new 1.00894 SA_pAcc 0 Delta 0.000137818 SA_r 0.729529 freedomratio 0.154655
Iter 7000000 pBad 0.00191477 T 5.05257e-11 Obj 1.00892 Rho 0 GRdif 5.22451 success 855761 failure 2154853 obj_new 1.00892 SA_pAcc 0 Delta -0.000149748 SA_r 0.321919 freedomratio 0.152886
Iter 7500000 pBad 0.000293175 T 1.3139e-11 Obj 1.00892 Rho 0 GRdif 5.224 success 858526 failure 2510993 obj_new 1.00892 SA_pAcc 0 Delta -2.54199e-05 SA_r 0.0105298 freedomratio 0.151585
Iter 8000000 pBad 0.000171819 T 3.41677e-12 Obj 1.00892 Rho 0 GRdif 5.22273 success 860842 failure 2871247 obj_new 1.00892 SA_pAcc 0 Delta -1.5e-05 SA_r 0.891557 freedomratio 0.149049
Iter 8500000 pBad 0.000403087 T 8.88519e-13 Obj 1.00892 Rho 0 GRdif 5.25414 success 865571 failure 3234253 obj_new 1.00898 SA_pAcc 0 Delta -1.662e-05 SA_r 0.447112 freedomratio 0.14689
Iter 9000000 pBad 0.000330258 T 2.31057e-13 Obj 1.00892 Rho 0 GRdif 5.22177 success 869914 failure 3596149 obj_new 1.00892 SA_pAcc 0 Delta 1.13958e-05 SA_r 0.58645 freedomratio 0.14227
Iter 9500000 pBad 5.03096e-24 T 6.00855e-14 Obj 1.00892 Rho 0 GRdif 5.22169 success 872602 failure 3929214 obj_new 1.00892 SA_pAcc 0 Delta -2.88618e-25 SA_r 0.0235545 freedomratio 0.139007
Good enough
iter 9.27952e+06 obj1.00892 rho 0 GRdif 5.22161
Training:
Lab Growth Rates:
0.32 1.05 0.42 0.37 0.4 0.11 0.42 0.3 0.5 0.5 0.465 0.301 0.25 1.03 0.25 0.762 0.5 0.7 0.42 0.3 0.37 0.65 0.5 0.37 0.377 0.58 1.483 0.22 0.41 0.4 0.53 0.54 0.41 0.22 0.4 0.46 0.55 0.4 0.14 0.59 0.5 0.32 0.4 0.43 0.46 0.5 0.26 0.636 0.36 0.58 0.19 1.46 0.58 0.1 0.38 0.47 0.5 0.53 1.483 0.37 0.47 0.4 0.34 0.4 0.33 0.56 0.36 0.4 0.59 0.4 0.58 0.41 0.47 0.3 0.56 0.5 0.4 0.47 0.43 1.345 0.19 0.38 0.27 0.7 0.33 0.52 0.39 0.65 0.54 0.43 0.4 0.47 0.49 0.09 0.5 0.59 0.54 0.45 0.33 0.33 0.42 0.46 0.54 0.4 0.4 0.5 0.637 1.46 0.56 0.59 0.22 0.45 0.56 0.17 0.34 1.46 0.6 0.4 0.42 0.65 0.4 0.58 0.41 0.46 1.248 0.59 0.4 1.345 0.26 0.5 1.483 0.17 0.485 0.55 0.58 0.17 0.46 0.58 0.59 0.55 0.58 1.67 1.345 0.3 0.65 0.5 0.481 0.45 0.3 0.46 0.22 0.1 1.483 0.55 0.3 0.4 0.54 0.58 0.4 0.4 0.4 0.5 0.42 0.45 0.686 0.09 0.4 0.301 0.56 0.58 0.42 0.45 0.45 0.4 0.4 0.45 0.48 0.48 0.54 0.3 0.46 0.41 0.51 0.45 0.4 1.35 0.53 1.483 0.27 0.56 0.48 0.41 0.59 0.65 0.23 1.345 0.58 0.37 0.25 0.42 0.37 0.46 0.27 0.4 0.46 1.43 0.47 0.53 0.4 0.11 0.59 0.22 0.485 0.901 1.67 0.53 0.5 0.1 0.45 1.66 0.42 0.38 0.48 0.51 0.53 0.4 0.36 0.43 0.46 0.1 0.635 0.5 0.54 0.52 0.37 0.52 0.4 1.483 0.37 0.901 0.55 0.4 0.377 0.52 0.47 0.648 0.4 0.58 1.345 0.4 0.46 0.54 0.33 0.25 0.46 0.37 0.52 0.11 0.68 0.46 0.55 0.45 0.54 0.724 0.476 0.55 0.4 1.38 0.23 1.248 0.43 0.34 0.52 0.39 0.54 0.53 0.25 0.54 0.2 0.14 0.54 0.58 0.58 0.58 0.42 0.901 0.4 0.42 0.724 0.22 0.901 0.6 0.58 0.4 0.45 0.42 0.54 0.5 0.09 0.4 0.4 0.47 0.55 0.4 0.23 0.5 0.5 0.901 0.54 0.4 0.4 0.42 0.465 0.2 0.33 0.52 0.52 0.47 0.58 0.481 0.54 0.47 0.53 0.45 0.41 0.33 0.49 0.54 0.53 1.05 0.465 0.59 0.37 0.36 0.45 0.4 0.52 0.636 0.45 0.54 0.4 0.56 0.23 1.05 0.4 0.5 0.45 0.4 0.37 0.38 0.27 0.27 0.43 0.4 0.635 1.248 0.5 0.36 0.47 0.41 0.47 0.47 0.43 0.48 0.56 0.3 0.3 0.47 0.59 0.5 0.52 0.4 0.762 0.37 0.23 0.3 0.47 1.05 0.19 0.4 0.55 0.3 0.65 0.25 0.42 0.54 0.33 0.4 0.42 1.345 0.22 1.483 0.42 0.901 0.56 0.47 0.54 0.26 0.1 0.5 0.23 1.345 0.762 0.53 0.47 0.54 0.37 0.648 0.37 0.53 0.33 0.54 0.55 0.5 0.71 0.724 0.48 1.46 0.65 0.45 0.36 0.68 0.46 0.4 0.4 0.46 0.46 0.68 1.248 0.47 0.686 0.32 0.25 1.345 0.54 0.5 0.23 0.7 1.345 0.31 0.47 0.45 0.4 0.5 1.66 0.56 0.59 0.4 0.59 0.39 0.45 1.248 0.46 0.53 0.635 0.36 0.5 0.31 0.39 0.22 0.47 0.5 1.4 0.55 1.43 0.762 0.47 0.48 0.54 0.56 0.58 0.45 0.39 0.54 0.5 1.345 0.43 0.46 0.5 0.59 0.485 0.5 1.483 0.476 0.4 0.636 0.43 0.54 0.56 0.5 0.59 0.56 0.637 0.4 0.3 0.4 1.483 0.38 0.47 0.481 0.65 0.23 1.483 0.4 0.4 0.49 0.53 0.25 0.6 0.58 0.56 0.71 0.48 0.46 0.51 0.53 0.4 0.6 0.637 0.27 0.648 0.54 0.4 0.55 0.3 0.56 0.41 1.05 0.3 0.4 0.5 0.7 0.43 0.56 0.1 0.42 0.58 0.4 0.58 0.65 0.56 0.1 1.483 0.43 0.617 0.47 0.37 0.686 0.31 0.4 0.43 0.37 0.59 1.49 1.42 0.46 0.1 0.68 0.59 1.44 0.1 0.4 0.52 1.345 1.345 0.54 0.301 0.47 0.42 0.39 0.377 0.54 0.68 0.48 0.4 0.52 0.53 0.36 0.476 0.5 0.23 0.485 1.483 0.71 0.56 0.36 0.2 0.46
Dot Production Prediction of Lab Growth Rates:
0.319141 1.05166 0.569387 0.381752 0.334206 0.365429 0.347037 0.309377 0.329214 0.360287 0.526086 0.529141 0.511494 1.17445 0.463366 0.847399 0.870111 0.882893 0.283398 0.524434 0.418799 0.623578 0.48318 0.414315 0.529529 0.47185 1.34976 0.484765 0.524146 0.325028 0.525619 0.363407 0.371807 0.487278 0.334213 0.33872 0.481238 0.331592 0.555225 0.555927 0.835549 0.351667 0.343942 0.348749 0.298802 0.476395 0.413607 0.689112 0.404468 0.482744 0.290987 1.04715 0.328083 1.03745 0.375212 0.449635 0.818939 0.504504 1.32492 0.515464 0.394671 0.328839 0.321604 0.333963 0.490717 0.543317 0.386309 0.331485 0.550391 0.332155 0.482966 0.369586 0.348361 0.351529 0.476192 0.478459 0.326141 0.421142 0.409411 1.35021 0.29219 0.275211 0.333713 0.869727 0.295315 0.372567 0.317313 0.649921 0.533934 0.330121 0.336677 0.297659 0.384949 0.332111 0.541041 0.383575 0.373255 0.390961 0.30081 0.316591 0.333551 0.353532 0.529352 0.338049 0.332784 0.901585 0.669455 1.06741 0.546303 0.368913 0.344573 0.306541 0.547705 0.300159 0.336314 1.03401 0.618776 0.320958 0.38887 0.662441 0.334544 0.345698 0.526169 0.291554 0.891961 0.338209 0.319267 1.3768 0.547921 0.362766 1.35684 0.399022 0.51534 0.547232 0.380977 0.295118 0.490031 0.343804 0.3236 0.553642 0.471491 1.33689 1.33577 0.661609 0.626337 0.485135 0.517994 1.33384 0.635853 0.362746 0.487861 0.435077 1.30823 0.475969 0.616093 0.332314 0.457751 0.370057 0.332735 0.349825 0.33966 0.531975 0.315335 1.43874 0.680759 0.375442 0.339639 0.527021 0.46927 0.267606 0.35782 0.348234 0.419046 0.341786 0.335481 1.34617 0.290261 0.264135 0.460716 0.376526 0.353494 0.525688 0.387011 1.37465 0.326407 1.11201 0.429948 1.34341 0.367496 0.473782 0.262499 0.32803 0.311004 0.65805 0.443329 1.37159 0.460574 0.417971 0.362871 0.326593 0.423305 0.329854 0.576486 0.333975 0.373692 1.15503 0.350429 0.532136 0.327144 0.349481 0.347197 0.485346 0.515795 0.863979 1.41835 0.39252 0.830388 2.28111 0.357281 1.43369 0.305408 0.374258 0.344885 0.368584 0.42415 0.345727 0.362649 0.332324 0.465397 2.21873 0.675937 0.86988 0.390289 0.387997 0.430434 0.369076 0.335144 1.34333 0.43565 0.899684 0.480731 0.343782 0.528428 0.363871 0.35939 0.675439 0.333685 0.484463 1.35089 0.328426 0.458621 0.4733 0.313581 0.361548 0.465166 0.4275 0.34407 0.315641 0.462656 0.475522 0.457618 0.287429 0.321202 0.676958 0.529332 0.563081 0.332235 1.18987 0.441862 0.886635 0.406931 0.324295 0.395879 0.358237 0.538339 0.530486 1.40591 0.382842 0.349666 0.5664 0.357851 0.470783 0.369443 0.312955 0.557881 0.900908 0.336709 0.352824 0.683509 0.485818 0.905854 0.63273 0.400599 0.338815 1.37355 0.313727 0.532216 0.860349 0.448777 0.30145 0.330484 0.409608 0.547865 0.330608 0.554638 0.551644 0.53089 0.90225 0.466083 0.339614 0.33356 0.579985 0.529755 0.360355 0.342679 0.379771 0.389531 0.389907 0.471793 0.518465 0.344052 0.439764 0.538003 0.342641 0.356856 0.449377 0.391263 0.477421 0.367153 1.05761 0.530072 0.544178 0.406951 0.344787 0.324535 0.326254 0.338813 0.676424 0.36317 0.293789 0.33456 0.532131 0.543222 1.30528 0.306171 0.333656 0.366756 0.336598 0.404378 0.29499 0.348055 0.288813 0.324333 0.340583 0.679907 0.884307 0.748072 0.337434 0.35859 0.324746 0.413012 0.450723 0.354581 0.309526 0.544357 0.59557 0.597655 0.318604 0.544448 0.480398 0.347905 0.326536 0.839022 0.278934 0.4414 0.561266 0.332988 1.04095 0.293918 0.325952 0.560693 0.27043 0.641291 1.05044 0.308305 0.546584 0.353227 0.335605 0.319595 1.31537 0.42736 1.34642 0.298893 0.900907 0.478162 0.333544 0.461776 0.439622 1.38664 0.446423 0.546599 1.38673 0.84476 0.545071 0.340242 0.555634 0.425486 0.666509 0.435589 0.529949 0.482488 0.351821 0.479882 0.554537 0.675579 0.679497 0.33902 1.35319 0.636209 0.420808 0.412657 0.458775 0.405987 0.339191 0.319875 0.427835 0.499595 0.45977 0.886886 0.372402 0.681836 0.320401 0.306834 1.35078 0.382484 0.304608 0.547604 0.866304 1.38422 0.552103 0.404785 0.372141 0.316018 0.365163 1.44012 0.547471 0.543228 0.331425 0.315716 0.321137 1.43598 0.881853 0.410951 0.406271 0.67747 0.359742 0.409792 0.550934 0.307458 0.377337 0.344148 0.321504 1.39982 0.479447 1.16439 0.838515 0.372667 0.336559 0.338157 0.470682 0.469143 1.42015 0.298466 0.29881 0.863135 1.34036 0.392996 0.307764 0.47196 0.353445 0.525114 0.379185 1.3412 0.528944 0.344222 0.682057 0.358882 0.377163 0.550235 0.771254 0.56004 0.547918 0.675772 0.335985 0.267129 0.341945 1.29027 0.305755 0.371309 0.522844 0.651214 0.549087 1.35507 0.340623 0.334027 0.387364 0.318021 0.360897 0.664882 0.4878 0.551332 0.68624 0.349455 0.473843 0.397589 0.315363 0.332925 0.62332 0.675078 0.374515 0.672873 0.532015 0.334584 0.556903 0.27022 0.532912 0.402899 1.04986 0.641038 0.329141 0.326019 0.874794 0.395011 0.54933 0.285072 0.325245 0.481512 0.339834 0.469611 0.649956 0.471185 1.96487 1.36362 0.430365 0.861921 0.332615 0.437076 0.679321 0.572893 0.326405 0.356293 0.401064 0.333842 1.43598 1.4373 0.496946 1.97707 0.460108 0.55383 1.42661 0.426378 0.332037 0.342325 1.34207 1.32972 0.364251 0.53124 0.377408 0.341188 0.302383 0.53141 0.33705 0.458098 0.311661 0.32249 0.345891 0.272409 0.327423 0.526776 0.337152 0.545786 0.526617 1.32641 0.678075 0.552445 0.333288 0.347685 0.47187
Testing:
Lab Growth Rates:
0.5
Dot Production Prediction of Lab Growth Rates:
0.866403
Best performance so far: 
Obj: 4.65801e-310Rho: 6.5069e-314Diff: 4.65801e-310
Test:
 Lab Growth Rates:
0.5Dot Product Prediction of Growth Rate:
0.8664031