seed =  5 traits =  1 
Training: part  69 
Training: part  69 
Round  1 
 Goal of obj  0.99 
Temperature range:  0.00390625 6.25e-15 
Cycle 1Round 1
Iter 500000 pBad 0.829767 T 0.00100454 Obj 1.07491 Rho 0 GRdif 42.1857 success 146001 failure 10772 obj_new 1.07491 SA_pAcc 1 Delta 0.055744 SA_r 0.45041 freedomratio 0.371029
Iter 1000000 pBad 0.758852 T 0.000258329 Obj 1.03724 Rho 0 GRdif 21.3519 success 288746 failure 29372 obj_new 1.03724 SA_pAcc 1 Delta -0.0203655 SA_r 0.369541 freedomratio 0.368222
Iter 1500000 pBad 0.669943 T 6.64323e-05 Obj 1.02319 Rho 0 GRdif 13.3902 success 427554 failure 56247 obj_new 1.02319 SA_pAcc 1 Delta -0.0444177 SA_r 0.572086 freedomratio 0.365915
Iter 2000000 pBad 0.549763 T 1.70838e-05 Obj 1.0174 Rho 0 GRdif 10.0746 success 562730 failure 92043 obj_new 1.0174 SA_pAcc 1 Delta 0.00691279 SA_r 0.599208 freedomratio 0.361834
Iter 2500000 pBad 0.404557 T 4.3933e-06 Obj 1.01376 Rho 0 GRdif 7.98239 success 689158 failure 140676 obj_new 1.01376 SA_pAcc 1.07098 Delta 0.00336683 SA_r 0.264036 freedomratio 0.349282
Iter 3000000 pBad 0.23121 T 1.12979e-06 Obj 1.00996 Rho 0 GRdif 5.78698 success 797355 failure 228024 obj_new 1.00996 SA_pAcc 1.30148 Delta -0.0148368 SA_r 0.746181 freedomratio 0.329571
Iter 3500000 pBad 0.103963 T 2.90538e-07 Obj 1.00886 Rho 0 GRdif 5.14945 success 875729 failure 377865 obj_new 1.00886 SA_pAcc 0.180632 Delta 0.00311851 SA_r 0.471051 freedomratio 0.301653
Iter 4000000 pBad 0.0537075 T 7.47152e-08 Obj 1.0085 Rho 0 GRdif 4.94436 success 927642 failure 590538 obj_new 1.0085 SA_pAcc 1 Delta 0.00520221 SA_r 0.20613 freedomratio 0.26025
Iter 4500000 pBad 0.0161063 T 1.92139e-08 Obj 1.00843 Rho 0 GRdif 4.90355 success 952269 failure 878250 obj_new 1.00843 SA_pAcc 0.424899 Delta -0.000141496 SA_r 0.375772 freedomratio 0.229831
Iter 5000000 pBad 0.0131088 T 4.94107e-09 Obj 1.00836 Rho 0 GRdif 4.86196 success 965628 failure 1203430 obj_new 1.00836 SA_pAcc 8.80361e-10 Delta -0.00103928 SA_r 0.896006 freedomratio 0.215737
Iter 5500000 pBad 0.00718296 T 1.27065e-09 Obj 1.00834 Rho 0 GRdif 4.86219 success 972841 failure 1550810 obj_new 1.00836 SA_pAcc 0 Delta -4.75674e-05 SA_r 0.157761 freedomratio 0.20636
Iter 6000000 pBad 0.00478251 T 3.26763e-10 Obj 1.00834 Rho 0 GRdif 4.84885 success 976862 failure 1910163 obj_new 1.00834 SA_pAcc 5.51959 Delta -1.2077e-05 SA_r 0.149472 freedomratio 0.204196
Iter 6500000 pBad 0.00169469 T 8.40309e-11 Obj 1.00834 Rho 0 GRdif 4.84784 success 979534 failure 2276678 obj_new 1.00834 SA_pAcc 0 Delta 8.18805e-05 SA_r 0.347081 freedomratio 0.200756
Iter 7000000 pBad 0.000691062 T 2.16095e-11 Obj 1.00833 Rho 0 GRdif 4.85061 success 981368 failure 2647855 obj_new 1.00834 SA_pAcc 0 Delta 1.26923e-05 SA_r 0.219137 freedomratio 0.198978
Iter 7500000 pBad 0.00121138 T 5.55714e-12 Obj 1.00833 Rho 0 GRdif 4.86148 success 983074 failure 3021321 obj_new 1.00836 SA_pAcc 0 Delta 1.67729e-07 SA_r 0.0229887 freedomratio 0.196501
Iter 8000000 pBad 0.000732423 T 1.42908e-12 Obj 1.00833 Rho 0 GRdif 4.84645 success 983870 failure 3399173 obj_new 1.00833 SA_pAcc 1 Delta 2.19895e-05 SA_r 0.8259 freedomratio 0.195252
Iter 8500000 pBad 6.84369e-11 T 3.67505e-13 Obj 1.00833 Rho 0 GRdif 4.84623 success 988027 failure 3763891 obj_new 1.00833 SA_pAcc 1 Delta -3.2471e-12 SA_r 0.725101 freedomratio 0.182443
Iter 9000000 pBad 2.2489e-27 T 9.45081e-14 Obj 1.00833 Rho 0 GRdif 4.84672 success 990917 failure 4052509 obj_new 1.00833 SA_pAcc 0 Delta 1.63681e-28 SA_r 0.197396 freedomratio 0.181198
Iter 9500000 pBad 6.41212e-112 T 2.43039e-14 Obj 1.00833 Rho 0 GRdif 4.84622 success 990917 failure 4340676 obj_new 1.00833 SA_pAcc 1 Delta 4.64502e-113 SA_r 0.469578 freedomratio 0.171462
Iter 10000000 pBad 0 T 6.25002e-15 Obj 1.00833 Rho 0 GRdif 4.84628 success 990917 failure 4650084 obj_new 1.00833 SA_pAcc 0 Delta -0 SA_r 0.510655 freedomratio 0.0670648
Cannot move further
iter 8.64663e+06 obj1.00833 rho 0 GRdif 4.84622
Training:
Lab Growth Rates:
1.67 0.301 0.58 0.71 0.23 0.47 0.19 0.43 0.5 0.635 0.5 0.53 0.53 0.56 0.5 0.37 0.09 0.4 0.724 0.6 0.54 0.42 0.38 1.345 0.901 0.56 0.686 0.59 0.4 0.3 0.33 0.5 1.46 0.19 1.483 0.48 0.23 0.58 0.5 0.23 0.36 0.65 0.47 0.47 1.248 0.4 0.49 0.39 0.4 0.42 0.49 0.33 0.43 0.41 0.33 0.48 1.46 0.58 0.4 0.34 1.483 0.648 0.42 0.32 1.66 0.25 1.483 0.55 0.46 0.56 0.37 0.5 0.39 0.56 0.1 0.4 0.4 0.485 0.22 0.4 0.46 0.51 0.52 1.05 0.46 0.4 1.05 1.42 0.54 0.36 0.4 0.1 0.47 0.59 0.56 0.53 0.5 0.23 0.26 0.4 0.56 0.58 0.25 0.26 0.27 0.54 0.4 1.483 0.686 0.36 0.31 0.65 0.54 0.45 0.42 0.47 0.43 0.36 0.5 1.345 0.52 0.4 0.43 0.465 0.762 0.6 0.4 0.37 1.44 0.55 0.1 0.52 0.4 0.4 0.27 0.42 0.901 0.43 0.3 0.42 0.47 1.483 0.481 0.58 0.54 0.59 0.59 0.54 0.47 0.4 0.46 0.39 0.485 0.46 0.4 0.42 1.345 0.648 0.49 0.37 0.46 0.38 0.47 0.58 0.42 0.43 0.45 0.56 0.58 0.3 0.52 0.56 0.637 0.5 0.4 0.42 0.45 0.43 0.42 0.52 0.4 0.53 0.54 0.53 0.2 0.4 0.481 0.1 0.7 0.55 0.53 0.42 0.54 0.4 0.4 0.34 0.52 0.42 0.42 0.68 0.58 0.3 0.4 0.47 1.248 1.483 0.4 1.03 0.58 0.25 0.41 0.3 0.53 0.25 0.37 0.4 0.23 0.46 0.41 0.54 1.248 0.54 0.4 0.476 0.55 0.59 1.345 0.23 0.65 0.32 0.4 1.345 0.46 0.46 0.59 0.4 0.5 0.45 0.4 0.52 0.46 0.38 0.54 0.31 0.27 0.45 0.47 0.53 0.636 0.48 0.5 0.23 0.31 0.4 0.46 0.762 0.45 0.59 0.45 0.4 0.4 1.46 0.4 0.4 0.33 0.53 0.5 0.55 0.36 0.4 1.67 0.637 0.37 0.42 0.56 0.54 1.05 0.68 0.46 0.5 0.5 0.33 0.45 0.38 0.53 0.41 0.42 0.47 0.4 0.37 0.301 0.6 0.5 0.4 0.17 0.54 0.47 0.55 0.47 0.54 0.485 0.47 0.59 0.59 0.38 1.248 0.635 1.66 0.4 0.4 0.4 0.4 0.52 0.45 0.46 1.483 0.724 0.54 0.901 0.5 0.58 0.42 0.59 0.5 0.11 0.52 0.1 0.22 0.45 0.56 0.1 0.46 0.56 0.4 0.47 0.39 1.345 0.33 0.2 0.476 0.58 0.5 1.05 1.05 0.39 0.46 0.3 0.43 0.377 0.48 1.4 0.37 0.4 0.5 0.68 0.4 0.4 1.43 0.3 0.4 0.4 0.5 0.3 0.68 0.37 0.37 0.485 0.65 0.5 0.617 0.901 0.648 0.56 0.45 0.17 0.4 0.48 0.54 0.4 1.345 0.3 0.37 0.37 0.25 0.5 0.2 0.47 0.5 1.483 0.53 0.22 0.65 0.4 0.45 0.52 0.47 0.46 0.55 0.686 0.45 0.635 0.4 0.7 0.3 0.5 0.4 0.54 0.59 0.762 0.52 0.14 0.54 0.58 0.42 0.45 0.58 0.58 0.54 0.27 1.35 0.43 0.55 0.58 0.47 0.1 0.19 0.377 0.39 0.58 0.45 0.54 0.58 0.65 0.51 0.68 0.56 0.25 0.11 1.43 0.33 0.54 0.43 0.37 0.52 0.37 0.65 0.36 0.56 0.4 0.54 0.36 0.36 0.637 0.46 0.55 0.41 0.56 0.71 0.54 0.33 0.58 0.59 0.7 0.23 1.46 0.5 0.5 0.4 0.5 1.345 1.345 0.42 0.41 0.55 0.45 0.09 0.636 0.09 0.23 0.14 0.27 0.53 0.71 0.27 0.4 0.1 0.4 1.483 0.53 0.724 0.5 0.56 0.53 0.465 1.483 0.37 0.6 0.36 0.54 0.48 0.54 0.5 0.48 0.47 0.25 0.48 0.37 1.49 0.41 0.55 0.41 0.7 0.5 0.54 0.481 0.59 1.248 0.32 1.483 0.17 1.483 1.345 1.345 0.45 0.54 0.59 0.5 0.46 0.3 0.51 0.5 0.56 0.53 0.46 0.45 0.636 0.43 0.4 0.47 0.34 0.58 0.65 0.4 0.762 0.47 0.3 0.1 1.38 0.4 0.301 0.59 0.3 0.43 0.476 0.3 0.4 0.33 0.59 0.47 0.65 0.5 0.56 0.901 0.58 1.345 0.46 0.4 0.55 0.46 0.465 0.26 0.54 0.47 0.25 0.48 0.11 0.4 0.47 0.41 0.377 0.5 0.901 0.58 0.45
Dot Production Prediction of Lab Growth Rates:
1.51851 0.473667 0.354501 0.715051 0.476831 0.427467 0.336176 0.408375 0.659945 0.716982 0.317474 0.499329 0.533653 0.548707 0.510775 0.394618 0.337924 0.398235 0.720542 0.441207 0.496201 0.338195 0.325608 1.0548 0.90633 0.538243 0.721751 0.546107 0.328896 0.427525 0.324407 0.506205 0.967163 0.342652 1.01481 0.312237 0.477138 0.498907 0.532342 0.535612 0.360344 0.667186 0.350039 0.336236 0.843864 0.399664 0.381838 0.356909 0.398759 0.539512 0.358938 0.322023 0.376197 0.380531 0.41686 0.367096 1.00969 0.510774 0.402532 0.334238 1.01077 0.70799 0.343152 0.303019 1.66 0.35083 0.977053 0.548838 0.30646 0.550243 0.476838 0.371613 0.329211 0.544237 0.377009 0.398421 0.40025 0.482666 0.354519 0.398656 0.502853 0.398271 0.362769 1.05001 0.505215 0.399138 0.990728 1.63368 0.387533 0.409864 0.399035 0.889764 0.367082 0.335087 0.5034 0.346322 0.54464 0.528471 0.424153 0.39745 0.538275 0.512837 0.356163 0.511924 0.342028 0.472893 0.400477 0.993851 0.718313 0.334964 0.520985 0.649877 0.327462 0.333822 0.34096 0.366844 0.434144 0.397835 0.353273 1.03691 0.368223 0.388074 0.364405 0.483758 0.770691 0.448446 0.401721 0.408897 1.58092 0.545991 0.412587 0.348564 0.396003 0.40183 0.361498 0.320522 0.900991 0.415557 0.401867 0.333792 0.360168 0.959056 0.482973 0.360828 0.537006 0.322752 0.342411 0.362711 0.433631 0.399851 0.367863 0.300793 0.478389 0.495874 0.402373 0.323607 1.03691 0.713863 0.361627 0.47047 0.37414 0.320779 0.39478 0.514666 0.554769 0.401884 1.5529 0.541417 0.502454 0.462496 0.385956 0.541887 0.712155 0.39677 0.402337 0.327681 1.54191 0.361704 0.372512 0.384782 0.397694 0.35004 0.378652 0.518101 0.388222 0.399145 0.48175 0.95176 0.694547 0.548987 0.301272 0.310732 0.528343 0.399532 0.399446 0.318528 0.357679 0.339809 0.381222 0.485935 0.513953 0.423557 0.397993 0.351283 0.846086 0.975347 0.401037 1.46192 0.50129 1.57416 0.349354 0.423941 0.388384 0.749002 0.473949 0.400215 0.477478 0.499267 0.474627 0.471096 0.844105 0.405906 0.399499 0.486769 0.482503 0.38088 1.02946 0.542796 0.657234 0.323571 0.401056 1.01825 0.493925 0.326127 0.544129 0.401051 0.341233 0.346614 0.400857 0.346368 0.49402 0.358999 0.543192 0.517637 0.372681 0.391506 0.346907 0.462197 0.719414 0.308007 0.614283 0.54112 0.521277 0.399797 0.426633 0.770955 0.323265 0.549674 1.52935 0.396054 0.398379 1.6095 0.400599 0.398618 0.3589 0.542411 0.542493 0.549124 0.360375 0.399318 1.56421 0.711615 0.427159 0.335386 0.546288 0.546644 1.69807 0.483986 0.433013 0.328022 0.604742 0.476512 1.54641 0.358076 0.526896 0.478449 0.5342 0.376857 0.402042 0.512793 0.475529 0.445512 0.329552 0.401278 0.328513 0.495325 0.338492 0.484287 0.364649 0.319539 0.481932 0.350647 0.33838 0.551182 0.326824 0.840784 0.715362 1.66 0.400152 0.400803 0.397739 0.40151 0.39603 0.355916 0.301218 1.00931 0.720231 0.53803 0.790209 0.330538 0.501963 0.345665 0.543401 0.505874 0.337325 0.377388 0.882401 0.423602 0.340289 0.534701 1.07963 0.394034 0.509946 0.398852 0.448107 0.334885 0.958296 0.357132 0.387194 0.488378 0.342554 0.509659 1.04995 1.05255 0.318135 0.496983 0.397241 0.36843 0.474756 0.304077 1.51645 0.454147 0.400159 0.69071 0.48215 0.400627 0.346083 1.34787 0.440728 0.399323 0.401079 0.629176 0.336925 0.48386 0.457546 0.458904 0.480074 0.665134 0.360505 0.616837 0.902111 0.713661 0.507731 0.387724 0.415506 0.400771 0.347303 0.352093 0.396861 0.992523 0.374281 0.372589 0.465789 0.525652 0.605996 0.357448 0.371013 0.329152 1.01394 0.388595 0.38135 0.650283 0.401487 0.339429 0.389641 0.427761 0.473601 0.547889 0.722119 0.374955 0.717331 0.400906 0.693681 0.364862 0.65871 0.399206 0.33051 0.361265 0.761997 0.36009 0.139459 0.352233 0.502368 0.349299 0.374903 0.388912 0.349562 0.543425 0.56971 1.25813 0.367098 0.470184 0.3242 0.443172 1.49114 0.32787 0.474637 0.326984 0.35736 0.326635 0.336602 0.502576 0.649421 0.385942 0.484423 0.532079 0.488705 0.378131 1.3429 0.449816 0.377913 0.352164 0.478179 0.386667 0.309315 0.640936 0.342535 0.541658 0.394856 0.371036 0.352469 0.333501 0.709917 0.411747 0.545178 0.311211 0.504333 0.7236 0.475039 0.361897 0.36661 0.313567 0.699483 0.533821 1.00689 0.533819 0.610807 0.40191 0.376155 1.03067 1.06054 0.340649 0.376018 0.487268 1.60987 0.433823 0.720167 0.361435 0.541879 0.140633 0.377463 0.334615 0.718272 0.31211 0.39963 0.418504 0.401461 1.01694 0.53636 0.720217 0.324192 0.53481 0.420935 0.486182 0.986473 0.464808 0.457056 0.32999 0.369909 0.32721 0.380353 0.67056 0.310212 0.403173 0.3221 0.328561 0.377052 1.5856 0.479254 0.488214 0.377002 0.695337 0.653726 0.379924 0.48128 0.548322 0.841197 0.338319 0.99333 0.320253 1.01157 1.01056 1.0405 1.57618 0.488673 0.336794 0.507037 0.426383 0.30648 0.407681 0.680511 0.506046 0.530022 0.413435 1.5856 0.719932 0.388043 0.403089 0.395811 0.315773 0.318992 0.631592 0.400914 0.769341 0.362467 0.465257 0.769143 1.36664 0.398075 0.47648 0.318085 0.298946 0.39511 0.488338 0.302523 0.402427 0.330411 0.547618 0.404305 0.628157 0.50647 0.503538 0.927273 0.51143 0.981808 0.350486 0.400857 0.48313 0.503892 0.487543 0.348851 0.541433 0.359813 0.347318 0.322768 0.371874 0.400557 0.386692 0.342178 0.471189 0.530995 0.901002 0.502592 0.380826
Testing:
Lab Growth Rates:
0.22 0.22 0.22 0.22 0.22
Dot Production Prediction of Lab Growth Rates:
0.504051 0.507422 0.497108 0.502587 0.504993
Best performance so far: 
Obj: 4.68461e-310Rho: 2.26291e-314Diff: 4.68461e-310
Anneal again with the best G and E so far as input
Cycle 2Round 1
Iter 500000 pBad 0.805557 T 0.00100454 Obj 1.05236 Rho 0 GRdif 29.803 success 104733 failure 11273 obj_new 1.05236 SA_pAcc 1.01305 Delta -0.00428716 SA_r 0.549649 freedomratio 0.251941
Iter 1000000 pBad 0.722509 T 0.000258329 Obj 1.03326 Rho 0 GRdif 19.1088 success 205746 failure 31433 obj_new 1.03326 SA_pAcc 0.583501 Delta -0.0697063 SA_r 0.550263 freedomratio 0.251616
Iter 1500000 pBad 0.616899 T 6.64323e-05 Obj 1.02402 Rho 0 GRdif 13.8606 success 304024 failure 57393 obj_new 1.02402 SA_pAcc 1 Delta 0.0375028 SA_r 0.0494429 freedomratio 0.245791
Iter 2000000 pBad 0.51965 T 1.70838e-05 Obj 1.01901 Rho 0 GRdif 10.9979 success 400009 failure 90248 obj_new 1.01901 SA_pAcc 0.8347 Delta -0.0156634 SA_r 0.626558 freedomratio 0.244045
Iter 2500000 pBad 0.367729 T 4.3933e-06 Obj 1.01645 Rho 0 GRdif 9.52841 success 491949 failure 131648 obj_new 1.01645 SA_pAcc 1 Delta -0.0175909 SA_r 0.741317 freedomratio 0.239934
Iter 3000000 pBad 0.206788 T 1.12979e-06 Obj 1.01155 Rho 0 GRdif 6.70506 success 572252 failure 202603 obj_new 1.01155 SA_pAcc 1.76774 Delta 0.0046528 SA_r 0.374985 freedomratio 0.222561
Iter 3500000 pBad 0.172813 T 2.90538e-07 Obj 1.00967 Rho 0 GRdif 5.75187 success 641875 failure 299339 obj_new 1.0099 SA_pAcc 0 Delta 0.00520699 SA_r 0.872162 freedomratio 0.221045
Iter 4000000 pBad 0.0764389 T 7.47152e-08 Obj 1.00858 Rho 0 GRdif 4.99161 success 693908 failure 446844 obj_new 1.00858 SA_pAcc 0.0831822 Delta -0.00569274 SA_r 0.343165 freedomratio 0.193762
Iter 4500000 pBad 0.0373896 T 1.92139e-08 Obj 1.00828 Rho 0 GRdif 4.81691 success 724295 failure 665627 obj_new 1.00828 SA_pAcc 1 Delta -0.000992303 SA_r 0.632438 freedomratio 0.172018
Iter 5000000 pBad 0.012415 T 4.94107e-09 Obj 1.00818 Rho 0 GRdif 4.75624 success 741808 failure 938459 obj_new 1.00818 SA_pAcc 1 Delta -0.000747836 SA_r 0.0839443 freedomratio 0.160219
Iter 5500000 pBad 0.005594 T 1.27065e-09 Obj 1.00814 Rho 0 GRdif 4.73383 success 752945 failure 1242367 obj_new 1.00814 SA_pAcc 0 Delta -0.000317828 SA_r 0.648296 freedomratio 0.151965
Iter 6000000 pBad 0.00575853 T 3.26763e-10 Obj 1.00812 Rho 0 GRdif 4.72098 success 761473 failure 1566459 obj_new 1.00812 SA_pAcc 1 Delta 0.000191006 SA_r 0.484304 freedomratio 0.147699
Iter 6500000 pBad 0.0021983 T 8.40309e-11 Obj 1.0081 Rho 0 GRdif 4.71306 success 768311 failure 1907411 obj_new 1.0081 SA_pAcc 1 Delta -0.000129071 SA_r 0.169647 freedomratio 0.142857
Iter 7000000 pBad 0.00202833 T 2.16095e-11 Obj 1.0081 Rho 0 GRdif 4.71173 success 774959 failure 2259533 obj_new 1.0081 SA_pAcc 0 Delta -6.56452e-05 SA_r 0.68237 freedomratio 0.138948
Iter 7500000 pBad 0.000601916 T 5.55714e-12 Obj 1.0081 Rho 0 GRdif 4.70845 success 779776 failure 2624782 obj_new 1.0081 SA_pAcc 1 Delta -5.1582e-05 SA_r 0.22439 freedomratio 0.136131
Iter 8000000 pBad 0.000148906 T 1.42908e-12 Obj 1.00809 Rho 0 GRdif 4.70762 success 787060 failure 2995505 obj_new 1.00809 SA_pAcc 1 Delta -2.26679e-06 SA_r 0.34159 freedomratio 0.134376
Iter 8500000 pBad 1.14862e-32 T 3.67505e-13 Obj 1.00809 Rho 0 GRdif 4.70728 success 791307 failure 3349186 obj_new 1.00809 SA_pAcc 0 Delta 8.7247e-34 SA_r 0.766591 freedomratio 0.128975
Iter 9000000 pBad 5.49926e-70 T 9.45081e-14 Obj 1.00809 Rho 0 GRdif 4.70954 success 791307 failure 3667133 obj_new 1.0081 SA_pAcc 0 Delta 4.03997e-71 SA_r 0.62074 freedomratio 0.128918
Iter 9500000 pBad 0 T 2.43039e-14 Obj 1.00809 Rho 0 GRdif 4.70732 success 791307 failure 3991103 obj_new 1.00809 SA_pAcc 0 Delta -0 SA_r 0.478641 freedomratio 0.087399
Good enough
iter 8.34134e+06 obj1.00809 rho 0 GRdif 4.70728
Training:
Lab Growth Rates:
1.67 0.301 0.58 0.71 0.23 0.47 0.19 0.43 0.5 0.635 0.5 0.53 0.53 0.56 0.5 0.37 0.09 0.4 0.724 0.6 0.54 0.42 0.38 1.345 0.901 0.56 0.686 0.59 0.4 0.3 0.33 0.5 1.46 0.19 1.483 0.48 0.23 0.58 0.5 0.23 0.36 0.65 0.47 0.47 1.248 0.4 0.49 0.39 0.4 0.42 0.49 0.33 0.43 0.41 0.33 0.48 1.46 0.58 0.4 0.34 1.483 0.648 0.42 0.32 1.66 0.25 1.483 0.55 0.46 0.56 0.37 0.5 0.39 0.56 0.1 0.4 0.4 0.485 0.22 0.4 0.46 0.51 0.52 1.05 0.46 0.4 1.05 1.42 0.54 0.36 0.4 0.1 0.47 0.59 0.56 0.53 0.5 0.23 0.26 0.4 0.56 0.58 0.25 0.26 0.27 0.54 0.4 1.483 0.686 0.36 0.31 0.65 0.54 0.45 0.42 0.47 0.43 0.36 0.5 1.345 0.52 0.4 0.43 0.465 0.762 0.6 0.4 0.37 1.44 0.55 0.1 0.52 0.4 0.4 0.27 0.42 0.901 0.43 0.3 0.42 0.47 1.483 0.481 0.58 0.54 0.59 0.59 0.54 0.47 0.4 0.46 0.39 0.485 0.46 0.4 0.42 1.345 0.648 0.49 0.37 0.46 0.38 0.47 0.58 0.42 0.43 0.45 0.56 0.58 0.3 0.52 0.56 0.637 0.5 0.4 0.42 0.45 0.43 0.42 0.52 0.4 0.53 0.54 0.53 0.2 0.4 0.481 0.1 0.7 0.55 0.53 0.42 0.54 0.4 0.4 0.34 0.52 0.42 0.42 0.68 0.58 0.3 0.4 0.47 1.248 1.483 0.4 1.03 0.58 0.25 0.41 0.3 0.53 0.25 0.37 0.4 0.23 0.46 0.41 0.54 1.248 0.54 0.4 0.476 0.55 0.59 1.345 0.23 0.65 0.32 0.4 1.345 0.46 0.46 0.59 0.4 0.5 0.45 0.4 0.52 0.46 0.38 0.54 0.31 0.27 0.45 0.47 0.53 0.636 0.48 0.5 0.23 0.31 0.4 0.46 0.762 0.45 0.59 0.45 0.4 0.4 1.46 0.4 0.4 0.33 0.53 0.5 0.55 0.36 0.4 1.67 0.637 0.37 0.42 0.56 0.54 1.05 0.68 0.46 0.5 0.5 0.33 0.45 0.38 0.53 0.41 0.42 0.47 0.4 0.37 0.301 0.6 0.5 0.4 0.17 0.54 0.47 0.55 0.47 0.54 0.485 0.47 0.59 0.59 0.38 1.248 0.635 1.66 0.4 0.4 0.4 0.4 0.52 0.45 0.46 1.483 0.724 0.54 0.901 0.5 0.58 0.42 0.59 0.5 0.11 0.52 0.1 0.22 0.45 0.56 0.1 0.46 0.56 0.4 0.47 0.39 1.345 0.33 0.2 0.476 0.58 0.5 1.05 1.05 0.39 0.46 0.3 0.43 0.377 0.48 1.4 0.37 0.4 0.5 0.68 0.4 0.4 1.43 0.3 0.4 0.4 0.5 0.3 0.68 0.37 0.37 0.485 0.65 0.5 0.617 0.901 0.648 0.56 0.45 0.17 0.4 0.48 0.54 0.4 1.345 0.3 0.37 0.37 0.25 0.5 0.2 0.47 0.5 1.483 0.53 0.22 0.65 0.4 0.45 0.52 0.47 0.46 0.55 0.686 0.45 0.635 0.4 0.7 0.3 0.5 0.4 0.54 0.59 0.762 0.52 0.14 0.54 0.58 0.42 0.45 0.58 0.58 0.54 0.27 1.35 0.43 0.55 0.58 0.47 0.1 0.19 0.377 0.39 0.58 0.45 0.54 0.58 0.65 0.51 0.68 0.56 0.25 0.11 1.43 0.33 0.54 0.43 0.37 0.52 0.37 0.65 0.36 0.56 0.4 0.54 0.36 0.36 0.637 0.46 0.55 0.41 0.56 0.71 0.54 0.33 0.58 0.59 0.7 0.23 1.46 0.5 0.5 0.4 0.5 1.345 1.345 0.42 0.41 0.55 0.45 0.09 0.636 0.09 0.23 0.14 0.27 0.53 0.71 0.27 0.4 0.1 0.4 1.483 0.53 0.724 0.5 0.56 0.53 0.465 1.483 0.37 0.6 0.36 0.54 0.48 0.54 0.5 0.48 0.47 0.25 0.48 0.37 1.49 0.41 0.55 0.41 0.7 0.5 0.54 0.481 0.59 1.248 0.32 1.483 0.17 1.483 1.345 1.345 0.45 0.54 0.59 0.5 0.46 0.3 0.51 0.5 0.56 0.53 0.46 0.45 0.636 0.43 0.4 0.47 0.34 0.58 0.65 0.4 0.762 0.47 0.3 0.1 1.38 0.4 0.301 0.59 0.3 0.43 0.476 0.3 0.4 0.33 0.59 0.47 0.65 0.5 0.56 0.901 0.58 1.345 0.46 0.4 0.55 0.46 0.465 0.26 0.54 0.47 0.25 0.48 0.11 0.4 0.47 0.41 0.377 0.5 0.901 0.58 0.45
Dot Production Prediction of Lab Growth Rates:
1.32072 0.536025 0.38254 0.704662 0.440577 0.42957 0.3001 0.425972 0.775841 0.702357 0.322397 0.544962 0.534474 0.545142 0.514047 0.398965 0.343558 0.390205 0.714404 0.568135 0.501816 0.320294 0.286921 1.35155 0.906291 0.527724 0.715999 0.539204 0.290746 0.558046 0.296983 0.508597 1.05424 0.314645 1.33596 0.269858 0.441649 0.513467 0.544668 0.535786 0.359565 0.650126 0.365146 0.283533 0.845419 0.399455 0.400888 0.321767 0.39277 0.592321 0.369927 0.317824 0.367106 0.35572 0.435173 0.331452 1.04084 0.491172 0.402567 0.311082 1.31036 0.693573 0.337898 0.307374 1.45938 0.339271 1.26361 0.541 0.297448 0.547284 0.441472 0.391307 0.302081 0.540949 0.355148 0.389321 0.395403 0.532655 0.332252 0.395906 0.539027 0.421958 0.378318 1.06958 0.494188 0.394097 1.03911 1.50384 0.366655 0.412857 0.400153 1.06924 0.389264 0.312955 0.508361 0.307185 0.538474 0.535028 0.467424 0.391075 0.53524 0.497218 0.337623 0.594033 0.323689 0.495402 0.395691 1.30647 0.710572 0.341288 0.597147 0.641699 0.298546 0.357289 0.295736 0.386193 0.43786 0.421376 0.367861 1.34456 0.365037 0.367116 0.349636 0.531952 0.781675 0.575461 0.398478 0.431666 1.46455 0.539058 0.436747 0.34127 0.385488 0.402886 0.37083 0.285717 0.901254 0.427562 0.386821 0.305641 0.332835 1.27123 0.527517 0.316499 0.554495 0.325302 0.309876 0.389219 0.454535 0.397934 0.339202 0.30111 0.525914 0.502245 0.401761 0.317128 1.34627 0.700456 0.388536 0.435693 0.340952 0.289006 0.353956 0.500166 0.615387 0.392053 1.41161 0.533094 0.496874 0.602104 0.331969 0.542616 0.702437 0.439151 0.405492 0.281764 1.454 0.349174 0.36405 0.355316 0.386126 0.369939 0.366777 0.527704 0.373384 0.392365 0.526758 1.26724 0.736401 0.554239 0.276234 0.302418 0.543068 0.399769 0.398002 0.275959 0.364502 0.328818 0.403387 0.291744 0.498939 0.538533 0.394544 0.327995 0.851073 1.30628 0.398441 1.2283 0.474151 1.46212 0.365027 0.547875 0.376275 0.916612 0.439634 0.400575 0.44064 0.48177 0.526584 0.491392 0.847043 0.375032 0.400095 0.532832 0.499516 0.365401 1.32661 0.538716 0.679175 0.320915 0.402267 1.30656 0.535222 0.33379 0.541554 0.401228 0.322428 0.358809 0.402201 0.348196 0.470858 0.358802 0.532786 0.603149 0.351839 0.406995 0.350971 0.476855 0.70779 0.316816 0.712652 0.535105 0.585728 0.397974 0.41742 0.790471 0.308313 0.54519 1.42686 0.383604 0.387844 1.35669 0.401826 0.395454 0.373272 0.547088 0.546988 0.548997 0.367136 0.398575 1.48168 0.700987 0.431857 0.330075 0.541096 0.552077 1.34375 0.2902 0.450806 0.343806 0.69908 0.514261 1.44604 0.362897 0.527161 0.533813 0.601026 0.351943 0.402679 0.558734 0.534944 0.592809 0.333222 0.399261 0.269838 0.489713 0.357367 0.501512 0.345742 0.272413 0.530601 0.340969 0.285152 0.544815 0.284738 0.842993 0.701889 1.44746 0.399752 0.397443 0.392932 0.401999 0.356825 0.338904 0.291306 1.36461 0.711381 0.534776 0.813236 0.318055 0.5105 0.348813 0.540796 0.498456 0.331281 0.383474 1.09436 0.420937 0.320177 0.530639 1.27014 0.37541 0.501678 0.392628 0.480153 0.340464 1.26954 0.354451 0.352534 0.536496 0.350263 0.504994 1.05569 1.06536 0.329606 0.480317 0.496434 0.338065 0.529297 0.294433 1.40028 0.421748 0.397675 0.820158 0.287944 0.401723 0.302245 1.06899 0.563835 0.398679 0.401201 0.756342 0.315934 0.288171 0.42426 0.424774 0.525416 0.683496 0.372847 0.568226 0.90779 0.701476 0.510234 0.414554 0.413377 0.399403 0.343798 0.387188 0.397012 1.27738 0.360319 0.386684 0.431199 0.572647 0.748044 0.343605 0.348812 0.318751 1.32061 0.4185 0.387484 0.650692 0.40116 0.343509 0.368891 0.393399 0.514182 0.552381 0.714572 0.349366 0.704911 0.398862 0.733282 0.454517 0.801565 0.393741 0.330737 0.345752 0.77215 0.33231 0.140024 0.379477 0.510459 0.343375 0.381648 0.384473 0.379764 0.538821 0.613591 1.0249 0.368801 0.481176 0.310708 0.481407 1.36396 0.309484 0.531901 0.287493 0.366567 0.350648 0.33319 0.498534 0.640975 0.388307 0.292404 0.535242 0.523151 0.379124 1.07082 0.467671 0.371517 0.342396 0.440875 0.396905 0.273591 0.638954 0.35365 0.541352 0.384897 0.335402 0.334903 0.315465 0.696378 0.408161 0.543506 0.317006 0.49792 0.712307 0.496989 0.316198 0.339231 0.30854 0.746326 0.539986 1.05575 0.52417 0.733753 0.40548 0.343377 1.33316 1.37808 0.352098 0.39125 0.497744 1.50532 0.453083 0.718312 0.384167 0.541711 0.14004 0.362072 0.309077 0.709748 0.27021 0.401991 0.443202 0.400143 1.30956 0.530096 0.716187 0.326292 0.53436 0.419865 0.533791 1.29733 0.432038 0.597683 0.326088 0.343447 0.350861 0.365674 0.76937 0.288213 0.376819 0.29323 0.285697 0.376266 1.49212 0.53149 0.5017 0.393457 0.74081 0.786475 0.350578 0.529261 0.54624 0.841399 0.340604 1.29198 0.291737 1.28867 1.31465 1.35596 1.47674 0.490175 0.32026 0.512815 0.412529 0.30688 0.437039 0.835773 0.497761 0.527015 0.381889 1.49212 0.709843 0.382899 0.404096 0.38213 0.309944 0.285248 0.65641 0.401159 0.776493 0.369991 0.587029 0.944453 1.22326 0.398691 0.534439 0.310858 0.30007 0.396842 0.536256 0.297827 0.403942 0.294931 0.549066 0.386146 0.618135 0.500099 0.496141 0.90105 0.507677 1.2736 0.315735 0.401486 0.497019 0.49164 0.53397 0.387838 0.532207 0.335635 0.341984 0.346692 0.353891 0.400694 0.376395 0.341598 0.531239 0.52481 0.901166 0.495534 0.374512
Testing:
Lab Growth Rates:
0.22 0.22 0.22 0.22 0.22
Dot Production Prediction of Lab Growth Rates:
0.506399 0.507449 0.49964 0.502099 0.503053
Best performance so far: 
Obj: 4.68461e-310Rho: 6.5069e-314Diff: 4.68461e-310
Test:
 Lab Growth Rates:
0.22 0.22 0.22 0.22 0.22Dot Product Prediction of Growth Rate:
0.5063994 0.5074488 0.4996399 0.5020992 0.5030527