seed =  5 traits =  1 
Training: part  206 
Training: part  206 
Round  1 
 Goal of obj  0.99 
Temperature range:  0.00390625 1.5625e-14 
Cycle 1Round 1
Iter 500000 pBad 0.85095 T 0.00105163 Obj 1.07992 Rho 0 GRdif 45.0543 success 146816 failure 9204 obj_new 1.07992 SA_pAcc 1.12298 Delta -0.00932941 SA_r 0.290994 freedomratio 0.3723
Iter 1000000 pBad 0.789696 T 0.000283118 Obj 1.03901 Rho 0 GRdif 22.4266 success 290441 failure 26337 obj_new 1.03901 SA_pAcc 0.639055 Delta -0.0443152 SA_r 0.252152 freedomratio 0.360615
Iter 1500000 pBad 0.678457 T 7.62202e-05 Obj 1.0266 Rho 0 GRdif 15.3842 success 431222 failure 49133 obj_new 1.0266 SA_pAcc 1.24519 Delta -0.0330196 SA_r 0.602009 freedomratio 0.368322
Iter 2000000 pBad 0.5853 T 2.05198e-05 Obj 1.0191 Rho 0 GRdif 11.0897 success 568992 failure 79985 obj_new 1.0191 SA_pAcc 1 Delta 0.0350045 SA_r 0.477334 freedomratio 0.357099
Iter 2500000 pBad 0.498035 T 5.52429e-06 Obj 1.01315 Rho 0 GRdif 7.65587 success 702521 failure 117942 obj_new 1.01315 SA_pAcc 11.773 Delta 0.0483898 SA_r 0.442254 freedomratio 0.364201
Iter 3000000 pBad 0.307895 T 1.48723e-06 Obj 1.00978 Rho 0 GRdif 5.70223 success 820029 failure 186372 obj_new 1.00978 SA_pAcc 0.355635 Delta -0.0295619 SA_r 0.451082 freedomratio 0.353651
Iter 3500000 pBad 0.154019 T 4.00389e-07 Obj 1.00885 Rho 0 GRdif 5.16338 success 908603 failure 313906 obj_new 1.00885 SA_pAcc 1 Delta -0.00686083 SA_r 0.402902 freedomratio 0.313704
Iter 4000000 pBad 0.0674949 T 1.07792e-07 Obj 1.00863 Rho 0 GRdif 5.03323 success 961358 failure 522264 obj_new 1.00863 SA_pAcc 0.129328 Delta -0.00449498 SA_r 0.642126 freedomratio 0.269178
Iter 4500000 pBad 0.0265359 T 2.90194e-08 Obj 1.00855 Rho 0 GRdif 4.9906 success 989896 failure 797724 obj_new 1.00855 SA_pAcc 1 Delta 4.06902e-05 SA_r 0.337116 freedomratio 0.233746
Iter 5000000 pBad 0.0146457 T 7.81252e-09 Obj 1.00852 Rho 0 GRdif 4.96952 success 1005564 failure 1115668 obj_new 1.00852 SA_pAcc 3.14617e-05 Delta -0.000476046 SA_r 0.952744 freedomratio 0.218412
Iter 5500000 pBad 0.00734695 T 2.10327e-09 Obj 1.0085 Rho 0 GRdif 4.96098 success 1014871 failure 1456108 obj_new 1.0085 SA_pAcc 4.9127e-05 Delta -0.000185976 SA_r 0.0989119 freedomratio 0.20966
Iter 6000000 pBad 0.00489045 T 5.66236e-10 Obj 1.0085 Rho 0 GRdif 4.95821 success 1019585 failure 1812936 obj_new 1.0085 SA_pAcc 1 Delta -0.00047431 SA_r 0.118377 freedomratio 0.205254
Iter 6500000 pBad 0.00158577 T 1.5244e-10 Obj 1.00849 Rho 0 GRdif 4.95745 success 1022301 failure 2176842 obj_new 1.0085 SA_pAcc 0 Delta 3.78161e-06 SA_r 0.332937 freedomratio 0.204538
Iter 7000000 pBad 0.00106673 T 4.10396e-11 Obj 1.00849 Rho 0 GRdif 4.95609 success 1024005 failure 2544581 obj_new 1.00849 SA_pAcc 2.88266e-58 Delta 5.18158e-05 SA_r 0.927575 freedomratio 0.202628
Iter 7500000 pBad 0.000694386 T 1.10486e-11 Obj 1.00849 Rho 0 GRdif 4.95567 success 1025099 failure 2915859 obj_new 1.00849 SA_pAcc 1 Delta -4.57473e-05 SA_r 0.363956 freedomratio 0.201029
Iter 8000000 pBad 0.000165267 T 2.97447e-12 Obj 1.00849 Rho 0 GRdif 4.9554 success 1026588 failure 3287220 obj_new 1.00849 SA_pAcc 7.15401e-238 Delta -9.79125e-06 SA_r 0.864679 freedomratio 0.198308
Iter 8500000 pBad 1.94302e-16 T 8.00778e-13 Obj 1.00849 Rho 0 GRdif 4.95579 success 1029782 failure 3642770 obj_new 1.00849 SA_pAcc 0 Delta 4.97806e-18 SA_r 0.597762 freedomratio 0.187041
Iter 9000000 pBad 5.49727e-14 T 2.15583e-13 Obj 1.00849 Rho 0 GRdif 4.95702 success 1037440 failure 3960259 obj_new 1.00849 SA_pAcc 0 Delta 8.04604e-16 SA_r 0.164179 freedomratio 0.184975
Iter 9500000 pBad 5.50393e-124 T 5.80388e-14 Obj 1.00849 Rho 0 GRdif 4.95888 success 1037523 failure 4243508 obj_new 1.0085 SA_pAcc 0 Delta 4.26404e-126 SA_r 0.650448 freedomratio 0.155768
Iter 10000000 pBad 0 T 1.5625e-14 Obj 1.00849 Rho 0 GRdif 4.95542 success 1037523 failure 4547268 obj_new 1.00849 SA_pAcc 0 Delta -0 SA_r 0.498914 freedomratio 0.0796304
Cannot move further
iter 9.03924e+06 obj1.00849 rho 0 GRdif 4.95514
Training:
Lab Growth Rates:
0.41 0.32 0.47 0.377 0.45 0.6 0.45 0.56 0.23 0.55 0.41 0.6 0.47 0.54 0.1 0.54 0.41 0.09 0.465 0.54 0.41 0.5 0.22 0.48 0.4 0.5 0.4 0.68 0.4 0.37 0.47 0.58 0.637 0.65 0.59 0.65 1.483 0.42 0.36 1.67 0.46 0.38 1.46 0.481 0.41 0.4 1.483 1.483 0.52 0.54 1.46 0.56 0.48 0.636 0.58 0.45 0.43 0.6 0.23 0.43 0.33 0.42 1.345 0.56 0.41 0.52 0.54 0.4 0.42 0.377 0.55 0.52 0.55 0.58 0.37 0.58 0.4 0.46 0.54 0.1 0.22 0.58 0.47 1.483 0.4 0.68 0.59 0.59 0.25 0.56 0.43 0.47 0.3 0.45 0.33 1.248 1.43 0.26 0.27 0.38 0.5 0.1 1.05 0.37 0.2 0.11 0.59 0.4 0.65 0.43 0.46 0.45 0.43 1.43 0.48 0.47 0.4 0.39 0.6 0.686 0.53 0.48 0.56 0.58 0.4 0.3 0.4 0.55 0.45 0.3 0.54 0.54 0.48 0.37 0.58 0.1 0.33 0.37 0.65 0.23 0.42 0.22 0.301 0.5 1.345 1.483 0.45 0.43 0.54 0.47 0.4 0.34 0.46 0.32 0.65 0.27 0.58 1.483 0.58 0.59 0.48 0.42 0.54 0.31 0.23 0.41 0.4 1.248 0.42 0.53 1.05 0.377 1.483 1.05 1.483 0.4 0.25 0.46 0.47 1.38 1.248 0.5 0.58 0.27 0.5 0.46 0.45 0.648 0.25 0.36 0.58 0.25 0.31 0.19 0.901 0.43 0.4 0.1 0.45 0.54 0.54 0.11 0.38 0.27 0.33 0.3 1.05 0.762 0.4 0.637 0.47 0.43 0.46 0.36 0.46 0.485 0.54 0.54 0.46 0.37 0.1 0.19 0.4 0.5 0.54 0.36 0.51 0.5 0.59 0.39 0.485 0.37 0.53 0.301 0.47 1.345 0.49 0.45 0.53 1.46 0.53 0.4 0.65 0.42 0.58 0.3 0.3 0.47 0.25 0.39 0.762 0.4 0.4 0.4 0.5 1.05 0.59 0.47 0.56 0.4 0.635 1.4 0.27 0.36 0.11 0.55 0.4 0.46 0.45 0.4 0.648 0.3 0.4 0.39 0.476 0.39 0.4 0.47 0.4 0.5 0.476 0.54 0.5 1.44 0.7 0.45 0.47 0.5 1.483 0.47 0.5 0.37 0.26 0.45 0.43 0.42 0.23 0.45 0.39 0.58 0.53 0.14 0.58 0.7 0.46 0.22 0.4 0.46 0.54 0.3 0.25 0.686 1.345 0.36 1.248 0.46 0.5 0.5 0.636 0.47 0.724 0.51 0.53 0.46 0.43 0.901 0.2 0.4 0.5 0.46 0.47 0.37 0.65 0.59 0.68 0.25 0.58 0.37 0.43 0.5 1.345 0.23 0.45 0.53 0.59 0.58 0.45 0.52 0.4 0.4 0.58 0.38 1.483 0.4 0.4 1.345 0.1 0.47 0.23 0.65 0.46 0.4 0.4 0.42 0.3 0.42 0.7 0.56 1.345 0.5 0.46 0.59 0.53 0.59 0.45 1.345 0.635 1.483 0.47 0.58 0.34 0.4 0.58 0.42 0.4 0.901 0.68 0.5 0.22 0.1 1.345 0.648 0.55 0.09 0.5 0.59 0.22 0.33 0.55 0.55 0.27 0.58 0.636 0.4 0.46 0.52 0.56 0.36 0.59 0.4 0.41 1.67 0.5 0.3 0.47 0.56 0.465 0.4 0.47 1.66 0.53 0.4 0.36 0.56 0.2 0.5 0.4 0.55 0.17 0.4 0.5 0.4 0.481 0.4 0.5 0.37 0.4 0.3 0.33 0.762 0.481 0.4 0.26 0.53 0.5 0.4 0.49 0.5 0.54 0.54 0.34 1.345 0.56 0.3 0.71 0.724 0.1 0.56 0.54 1.03 0.52 0.5 0.42 0.25 0.55 0.59 0.476 0.54 0.4 0.47 0.37 0.52 0.7 0.5 0.485 0.465 1.49 0.33 0.54 0.71 0.37 0.47 0.56 0.3 1.66 0.637 0.52 0.38 0.635 0.43 0.52 0.48 0.53 0.901 0.4 0.53 0.901 0.37 0.45 0.36 0.54 0.4 0.42 0.59 0.17 0.4 0.23 0.41 0.55 0.48 0.49 0.5 0.4 0.4 0.56 0.59 0.23 1.35 0.54 0.17 0.37 0.724 0.58 0.4 1.345 0.37 0.4 0.4 0.5 0.5 1.42 0.4 1.248 0.31 0.45 0.54 0.52 0.54 0.42 0.68 0.55 0.5 0.56 0.901 0.32 0.46 1.345 0.617 0.4 0.14 0.33 0.22 0.65 0.46 0.4 0.5 0.52 0.71 0.54 0.4 0.19 0.52 0.4 0.3 1.483 0.53 0.686 0.09 0.51 0.46 0.33 0.301 0.56 1.46 0.47 0.22 0.42 0.56 0.54 0.762 0.485 0.53 0.56 0.5 0.4 0.48
Dot Production Prediction of Lab Growth Rates:
0.362817 0.346676 0.347417 0.448014 1.49101 0.335654 0.351144 0.550492 0.43926 0.549417 0.341592 0.343209 0.423159 0.382881 0.856206 0.40003 0.364005 0.42257 0.453607 0.539248 0.444826 0.539946 0.46631 0.360058 0.400308 0.538395 0.404744 0.519661 0.402864 0.427473 0.409034 0.475222 0.711191 0.672288 0.548336 0.648906 0.89422 0.360036 0.328917 1.52079 0.49026 0.331328 1.63201 0.450974 0.443881 0.397519 0.87445 0.903666 0.342981 0.35763 0.975835 0.537595 0.327428 0.711934 0.33919 0.359581 0.354389 0.337109 0.539699 0.4015 0.473921 0.345847 0.928329 0.474518 0.311926 0.379616 0.456072 0.396398 0.345488 0.448658 0.547202 0.37794 0.548952 0.471701 0.43665 0.476749 0.405147 0.386601 0.545177 0.796601 0.352482 0.473113 0.440233 0.926709 0.399885 0.514388 0.326114 0.386915 0.503925 0.4725 0.382866 0.351352 0.303227 0.338646 0.331805 0.845395 1.23877 0.431098 0.543166 0.35442 0.605978 0.431023 1.05001 0.325263 0.367441 0.357816 0.551795 0.405199 0.663045 0.35524 0.458655 1.48064 0.429968 1.23618 0.311295 0.457982 0.403341 0.325312 0.334753 0.726207 0.412302 0.341156 0.531859 0.36642 0.400666 0.346942 0.34288 0.437598 0.338465 0.322913 0.373195 0.445494 0.324032 0.437219 0.478088 0.985058 0.447754 0.425312 0.649922 0.543239 0.353307 0.373631 0.446529 0.472126 0.950082 0.929037 0.367273 0.401177 0.341479 0.387917 0.400763 0.315422 0.458727 0.309562 0.651101 0.348928 0.355916 0.935799 0.376361 0.375938 0.331995 0.344264 0.537731 0.503542 0.534303 0.363837 0.399043 0.843377 0.373002 0.534334 1.70834 0.446919 0.884799 1.04996 0.923034 0.399651 1.5171 0.393154 0.391571 1.33605 0.849159 0.328769 0.354959 0.373798 0.335459 0.46464 1.48827 0.715893 0.36818 0.3648 0.479352 0.314433 0.498836 0.339872 0.898504 0.419856 0.405135 1.42127 0.387545 0.443754 0.459284 0.36378 0.340237 0.315726 0.329763 0.319948 1.05 0.761992 0.403378 0.709528 0.366406 0.338265 0.438871 0.345269 0.31215 0.444856 0.387618 0.394205 0.469051 0.373976 0.70679 0.328012 0.402594 0.469712 0.352497 0.384653 0.388664 0.328244 0.545666 0.316393 0.451697 0.389392 0.34129 0.445838 0.339698 0.946751 0.378044 0.397901 0.344691 1.01228 0.506833 0.405128 0.66036 0.327513 0.32912 0.333515 0.325319 0.385041 0.685977 0.329896 0.767611 0.401258 0.401992 0.398934 0.371337 0.998362 0.334833 0.355619 0.546038 0.404905 0.717709 1.52403 0.353814 0.330332 0.334156 0.549944 0.401879 0.307291 0.388515 0.404966 0.714242 0.346141 0.399028 0.354404 0.458127 0.306655 0.349863 0.349285 0.396814 0.539987 0.458083 0.32487 0.48184 1.55757 0.70466 0.380022 0.396176 0.545295 0.929646 0.404647 0.472914 0.435529 0.515876 0.342501 0.362179 0.543684 0.53573 1.551 0.334428 0.477317 0.309204 0.139351 0.466408 0.699385 0.505203 0.463272 0.403825 0.334279 0.315986 0.410801 0.481053 0.723459 0.956342 0.33918 0.843913 0.465838 0.570682 0.360752 0.719654 0.462946 0.720768 0.380937 0.377452 0.325858 0.379673 0.906386 0.409919 0.399051 0.343138 0.460003 0.354678 0.508576 0.649986 0.330654 0.521532 0.358183 0.477155 0.439537 0.40437 0.610444 0.946885 0.440537 1.54348 0.528852 0.54688 0.326215 0.33297 0.376242 0.403776 0.402021 0.319314 0.353202 0.910201 0.402008 0.405267 0.904311 0.80888 0.379842 0.438304 0.642082 0.467978 0.401374 0.399813 0.541569 0.299984 0.34449 0.701068 0.548819 0.881538 0.328209 0.430158 0.341358 0.542399 0.542346 1.54597 0.895369 0.717203 0.890907 0.351352 0.472681 0.34076 0.399472 0.343722 0.347762 0.40526 0.784874 0.521011 0.507701 0.412785 0.423605 0.874378 0.716335 0.447423 0.329325 0.319719 0.550273 0.469141 0.367647 0.54848 0.54996 0.376303 0.471806 0.720603 0.39882 0.359423 0.366425 0.548005 0.350805 0.544033 0.406104 0.437471 1.53339 0.473622 0.30932 0.346014 0.477398 0.45338 0.40353 0.404609 1.66 0.470821 0.401888 0.35202 0.473694 0.404024 0.545308 0.399924 0.443654 0.324994 0.40302 0.327329 0.402109 0.450496 0.399349 0.589108 0.425794 0.399844 0.307497 0.357575 0.770923 0.450603 0.395644 0.352203 0.533437 0.371541 0.404659 0.353824 0.344947 0.33104 0.346452 0.324902 0.942049 0.471292 0.281397 0.725702 0.723924 0.367694 0.530652 0.44488 1.40825 0.367153 0.528046 0.330838 0.363131 0.447997 0.338956 0.457861 0.545001 0.397238 0.383056 0.427442 0.373107 0.697985 0.323707 0.445367 0.457491 1.551 0.337386 0.398813 0.723547 0.428065 0.355809 0.540414 0.351731 1.66 0.708674 0.402071 0.333245 0.717228 0.387845 0.350712 0.316538 0.3758 0.901001 0.404139 0.342861 0.9034 0.432593 0.35264 0.40941 0.390113 0.397749 0.54767 0.311015 0.410371 0.404732 0.539275 0.344875 0.440302 0.334902 0.352352 0.536239 0.399327 0.403736 0.54333 0.325319 0.531623 1.12694 0.546174 0.329422 0.397608 0.722349 0.47823 0.404691 0.95895 0.376624 0.400688 0.405589 0.589062 0.53155 1.54266 0.402968 0.844944 0.499189 1.47197 0.546787 0.362946 0.543366 0.31559 0.520143 0.444003 0.601764 0.472732 0.929616 0.32258 0.41975 0.950817 0.616945 0.398602 0.140037 0.413067 0.473116 0.630748 0.37267 0.404367 0.478177 0.33546 0.720926 0.367013 0.404508 0.334825 0.349209 0.403849 0.377276 0.913338 0.535131 0.725689 0.358474 0.401604 0.424594 0.355634 0.444161 0.544764 1.00697 0.363005 0.467001 0.354696 0.536578 0.456244 0.773076 0.453329 0.532567 0.536568 0.553863 0.404309 0.315426
Testing:
Lab Growth Rates:
0.42 0.42 0.42
Dot Production Prediction of Lab Growth Rates:
0.342784 0.360842 0.377329
Best performance so far: 
Obj: 4.6618e-310Rho: 2.26291e-314Diff: 4.6618e-310
Anneal again with the best G and E so far as input
Cycle 2Round 1
Iter 500000 pBad 0.792568 T 0.00105163 Obj 1.04536 Rho 0 GRdif 25.9983 success 104500 failure 11827 obj_new 1.04536 SA_pAcc 1.14703 Delta -0.0381558 SA_r 0.390849 freedomratio 0.246737
Iter 1000000 pBad 0.757493 T 0.000283118 Obj 1.03287 Rho 0 GRdif 18.9509 success 206448 failure 29823 obj_new 1.03287 SA_pAcc 1 Delta 0.0495391 SA_r 0.38787 freedomratio 0.247153
Iter 1500000 pBad 0.610176 T 7.62202e-05 Obj 1.02635 Rho 0 GRdif 15.2395 success 306014 failure 53094 obj_new 1.02635 SA_pAcc 1.02689 Delta -0.00397847 SA_r 0.581237 freedomratio 0.25
Iter 2000000 pBad 0.53919 T 2.05198e-05 Obj 1.02071 Rho 0 GRdif 12.0125 success 402050 failure 85616 obj_new 1.02071 SA_pAcc 2.93541 Delta -0.0535925 SA_r 0.998723 freedomratio 0.241649
Iter 2500000 pBad 0.40466 T 5.52429e-06 Obj 1.01704 Rho 0 GRdif 9.90148 success 493615 failure 128640 obj_new 1.01704 SA_pAcc 1 Delta 0.0272265 SA_r 0.782417 freedomratio 0.241351
Iter 3000000 pBad 0.216815 T 1.48723e-06 Obj 1.01279 Rho 0 GRdif 7.44741 success 576183 failure 191021 obj_new 1.01279 SA_pAcc 1.04114 Delta 0.00218556 SA_r 0.382752 freedomratio 0.224866
Iter 3500000 pBad 0.197882 T 4.00389e-07 Obj 1.01005 Rho 0 GRdif 5.86163 success 646833 failure 286637 obj_new 1.01005 SA_pAcc 1 Delta -0.0168521 SA_r 0.498022 freedomratio 0.224092
Iter 4000000 pBad 0.0875107 T 1.07792e-07 Obj 1.0093 Rho 0 GRdif 5.42436 success 699857 failure 425145 obj_new 1.0093 SA_pAcc 2.9202 Delta -0.00164506 SA_r 0.519284 freedomratio 0.198644
Iter 4500000 pBad 0.0425014 T 2.90194e-08 Obj 1.00898 Rho 0 GRdif 5.23893 success 731816 failure 631018 obj_new 1.00898 SA_pAcc 6.48326e-05 Delta 0.00111555 SA_r 0.685031 freedomratio 0.17992
Iter 5000000 pBad 0.0208246 T 7.81252e-09 Obj 1.00886 Rho 0 GRdif 5.17203 success 750156 failure 891365 obj_new 1.00887 SA_pAcc 1.95817e-77 Delta 0.000575009 SA_r 0.88584 freedomratio 0.163277
Iter 5500000 pBad 0.00809335 T 2.10327e-09 Obj 1.00882 Rho 0 GRdif 5.14534 success 759915 failure 1188897 obj_new 1.00882 SA_pAcc 3.49528e-22 Delta -0.000535468 SA_r 0.988865 freedomratio 0.156643
Iter 6000000 pBad 0.00492906 T 5.66236e-10 Obj 1.0088 Rho 0 GRdif 5.14354 success 766062 failure 1505003 obj_new 1.00882 SA_pAcc 0 Delta 0.000459805 SA_r 0.888163 freedomratio 0.153243
Iter 6500000 pBad 0.00403613 T 1.5244e-10 Obj 1.00879 Rho 0 GRdif 5.12998 success 770435 failure 1831561 obj_new 1.00879 SA_pAcc 1.94489e-104 Delta -1.83189e-05 SA_r 0.676755 freedomratio 0.149071
Iter 7000000 pBad 0.00181025 T 4.10396e-11 Obj 1.00879 Rho 0 GRdif 5.13528 success 775094 failure 2168770 obj_new 1.0088 SA_pAcc 0 Delta 7.63467e-05 SA_r 0.929935 freedomratio 0.145482
Iter 7500000 pBad 0.000719801 T 1.10486e-11 Obj 1.00878 Rho 0 GRdif 5.12376 success 779245 failure 2515637 obj_new 1.00878 SA_pAcc 1 Delta -4.6031e-05 SA_r 0.386646 freedomratio 0.142371
Iter 8000000 pBad 0.000118567 T 2.97447e-12 Obj 1.00878 Rho 0 GRdif 5.12257 success 783118 failure 2868166 obj_new 1.00878 SA_pAcc 0 Delta -8.68255e-06 SA_r 0.382721 freedomratio 0.141069
Iter 8500000 pBad 0.000340404 T 8.00778e-13 Obj 1.00878 Rho 0 GRdif 5.12212 success 787478 failure 3225697 obj_new 1.00878 SA_pAcc 0 Delta -3.31851e-05 SA_r 0.915338 freedomratio 0.13979
Iter 9000000 pBad 3.44488e-21 T 2.15583e-13 Obj 1.00878 Rho 0 GRdif 5.12137 success 794044 failure 3576647 obj_new 1.00878 SA_pAcc 1 Delta -3.51592e-23 SA_r 0.264179 freedomratio 0.134404
Iter 9500000 pBad 2.30634e-45 T 5.80388e-14 Obj 1.00878 Rho 0 GRdif 5.14125 success 794268 failure 3874594 obj_new 1.00881 SA_pAcc 0 Delta 2.03046e-46 SA_r 0.822444 freedomratio 0.134219
Good enough
iter 9.05307e+06 obj1.00878 rho 0 GRdif 5.12137
Training:
Lab Growth Rates:
0.41 0.32 0.47 0.377 0.45 0.6 0.45 0.56 0.23 0.55 0.41 0.6 0.47 0.54 0.1 0.54 0.41 0.09 0.465 0.54 0.41 0.5 0.22 0.48 0.4 0.5 0.4 0.68 0.4 0.37 0.47 0.58 0.637 0.65 0.59 0.65 1.483 0.42 0.36 1.67 0.46 0.38 1.46 0.481 0.41 0.4 1.483 1.483 0.52 0.54 1.46 0.56 0.48 0.636 0.58 0.45 0.43 0.6 0.23 0.43 0.33 0.42 1.345 0.56 0.41 0.52 0.54 0.4 0.42 0.377 0.55 0.52 0.55 0.58 0.37 0.58 0.4 0.46 0.54 0.1 0.22 0.58 0.47 1.483 0.4 0.68 0.59 0.59 0.25 0.56 0.43 0.47 0.3 0.45 0.33 1.248 1.43 0.26 0.27 0.38 0.5 0.1 1.05 0.37 0.2 0.11 0.59 0.4 0.65 0.43 0.46 0.45 0.43 1.43 0.48 0.47 0.4 0.39 0.6 0.686 0.53 0.48 0.56 0.58 0.4 0.3 0.4 0.55 0.45 0.3 0.54 0.54 0.48 0.37 0.58 0.1 0.33 0.37 0.65 0.23 0.42 0.22 0.301 0.5 1.345 1.483 0.45 0.43 0.54 0.47 0.4 0.34 0.46 0.32 0.65 0.27 0.58 1.483 0.58 0.59 0.48 0.42 0.54 0.31 0.23 0.41 0.4 1.248 0.42 0.53 1.05 0.377 1.483 1.05 1.483 0.4 0.25 0.46 0.47 1.38 1.248 0.5 0.58 0.27 0.5 0.46 0.45 0.648 0.25 0.36 0.58 0.25 0.31 0.19 0.901 0.43 0.4 0.1 0.45 0.54 0.54 0.11 0.38 0.27 0.33 0.3 1.05 0.762 0.4 0.637 0.47 0.43 0.46 0.36 0.46 0.485 0.54 0.54 0.46 0.37 0.1 0.19 0.4 0.5 0.54 0.36 0.51 0.5 0.59 0.39 0.485 0.37 0.53 0.301 0.47 1.345 0.49 0.45 0.53 1.46 0.53 0.4 0.65 0.42 0.58 0.3 0.3 0.47 0.25 0.39 0.762 0.4 0.4 0.4 0.5 1.05 0.59 0.47 0.56 0.4 0.635 1.4 0.27 0.36 0.11 0.55 0.4 0.46 0.45 0.4 0.648 0.3 0.4 0.39 0.476 0.39 0.4 0.47 0.4 0.5 0.476 0.54 0.5 1.44 0.7 0.45 0.47 0.5 1.483 0.47 0.5 0.37 0.26 0.45 0.43 0.42 0.23 0.45 0.39 0.58 0.53 0.14 0.58 0.7 0.46 0.22 0.4 0.46 0.54 0.3 0.25 0.686 1.345 0.36 1.248 0.46 0.5 0.5 0.636 0.47 0.724 0.51 0.53 0.46 0.43 0.901 0.2 0.4 0.5 0.46 0.47 0.37 0.65 0.59 0.68 0.25 0.58 0.37 0.43 0.5 1.345 0.23 0.45 0.53 0.59 0.58 0.45 0.52 0.4 0.4 0.58 0.38 1.483 0.4 0.4 1.345 0.1 0.47 0.23 0.65 0.46 0.4 0.4 0.42 0.3 0.42 0.7 0.56 1.345 0.5 0.46 0.59 0.53 0.59 0.45 1.345 0.635 1.483 0.47 0.58 0.34 0.4 0.58 0.42 0.4 0.901 0.68 0.5 0.22 0.1 1.345 0.648 0.55 0.09 0.5 0.59 0.22 0.33 0.55 0.55 0.27 0.58 0.636 0.4 0.46 0.52 0.56 0.36 0.59 0.4 0.41 1.67 0.5 0.3 0.47 0.56 0.465 0.4 0.47 1.66 0.53 0.4 0.36 0.56 0.2 0.5 0.4 0.55 0.17 0.4 0.5 0.4 0.481 0.4 0.5 0.37 0.4 0.3 0.33 0.762 0.481 0.4 0.26 0.53 0.5 0.4 0.49 0.5 0.54 0.54 0.34 1.345 0.56 0.3 0.71 0.724 0.1 0.56 0.54 1.03 0.52 0.5 0.42 0.25 0.55 0.59 0.476 0.54 0.4 0.47 0.37 0.52 0.7 0.5 0.485 0.465 1.49 0.33 0.54 0.71 0.37 0.47 0.56 0.3 1.66 0.637 0.52 0.38 0.635 0.43 0.52 0.48 0.53 0.901 0.4 0.53 0.901 0.37 0.45 0.36 0.54 0.4 0.42 0.59 0.17 0.4 0.23 0.41 0.55 0.48 0.49 0.5 0.4 0.4 0.56 0.59 0.23 1.35 0.54 0.17 0.37 0.724 0.58 0.4 1.345 0.37 0.4 0.4 0.5 0.5 1.42 0.4 1.248 0.31 0.45 0.54 0.52 0.54 0.42 0.68 0.55 0.5 0.56 0.901 0.32 0.46 1.345 0.617 0.4 0.14 0.33 0.22 0.65 0.46 0.4 0.5 0.52 0.71 0.54 0.4 0.19 0.52 0.4 0.3 1.483 0.53 0.686 0.09 0.51 0.46 0.33 0.301 0.56 1.46 0.47 0.22 0.42 0.56 0.54 0.762 0.485 0.53 0.56 0.5 0.4 0.48
Dot Production Prediction of Lab Growth Rates:
0.38604 0.337367 0.354522 0.606235 1.40191 0.549568 0.327465 0.55426 0.436692 0.559355 0.350246 0.580669 0.442833 0.411205 1.46809 0.388182 0.421989 0.493771 0.598556 0.537655 0.599774 0.543301 0.474999 0.362369 0.390528 0.628658 0.404668 0.374195 0.401539 0.417898 0.428401 0.471506 0.680052 0.678371 0.553975 0.650782 1.22673 0.343785 0.345053 1.38449 0.571729 0.276622 1.43874 0.591088 0.600867 0.396951 1.25705 1.28233 0.363896 0.381372 1.03204 0.535127 0.346248 0.682797 0.390828 0.411709 0.376426 0.560762 0.544224 0.41452 0.558896 0.324126 1.31142 0.475907 0.310212 0.400464 0.460338 0.385289 0.351844 0.602218 0.550452 0.367506 0.551385 0.477095 0.428556 0.479479 0.401059 0.41276 0.541262 1.24452 0.363635 0.473146 0.485653 1.29388 0.400365 0.371445 0.301639 0.366615 0.570166 0.471788 0.373589 0.334092 0.287715 0.327889 0.322815 0.833732 1.13163 0.488452 0.621898 0.371346 0.715581 0.474376 1.05136 0.266447 0.340714 0.401446 0.549452 0.406702 0.660938 0.394221 0.460419 1.43216 0.444713 1.12446 0.302742 0.481643 0.401817 0.326893 0.568913 0.697242 0.463198 0.286795 0.543778 0.38198 0.401455 0.327658 0.291009 0.448041 0.360517 0.515311 0.388228 0.452955 0.335553 0.430327 0.476616 1.552 0.523137 0.47116 0.65031 0.549778 0.337737 0.426105 0.612253 0.471113 1.26617 1.22849 0.35953 0.42881 0.391376 0.416496 0.395439 0.300873 0.453831 0.291781 0.655317 0.339222 0.378702 1.24345 0.41889 0.346882 0.281147 0.30497 0.535316 0.601192 0.547915 0.420559 0.399116 0.827807 0.421879 0.534171 1.41925 0.605222 1.26883 1.051 1.25347 0.393034 1.47784 0.440779 0.36314 1.28895 0.836532 0.333404 0.360682 0.37115 0.336128 0.465993 1.42796 0.685033 0.348418 0.378374 0.469453 0.295908 0.602326 0.295875 0.901856 0.446285 0.402835 1.3987 0.368449 0.459978 0.465874 0.427649 0.293425 0.270937 0.297832 0.532782 1.05803 0.762526 0.402443 0.685273 0.377106 0.376069 0.436163 0.360473 0.289367 0.586371 0.376351 0.364861 0.467237 0.40134 0.91861 0.30267 0.404333 0.471608 0.320614 0.454135 0.455494 0.316915 0.553425 0.320782 0.597187 0.429231 0.385331 0.610744 0.308844 1.27137 0.432952 0.392743 0.344335 1.02823 0.564194 0.403336 0.665069 0.283782 0.359334 0.558109 0.522969 0.393026 0.912855 0.310241 0.766197 0.405108 0.395938 0.399252 0.377736 1.01715 0.313199 0.376624 0.545899 0.404738 0.68484 1.40149 0.392561 0.334056 0.355442 0.554217 0.40258 0.288397 0.430606 0.403822 0.676963 0.581135 0.393924 0.361848 0.601928 0.2924 0.298116 0.362533 0.380701 0.643919 0.600294 0.315819 0.478871 1.49529 0.708076 0.436187 0.379809 0.546768 1.27518 0.397737 0.475111 0.428233 0.612151 0.358768 0.371396 0.596174 0.541685 1.50801 0.317634 0.477559 0.265546 0.292755 0.45413 0.711152 0.592424 0.468888 0.404785 0.360665 0.274005 0.422107 0.533893 0.696448 1.2878 0.367977 0.832048 0.560091 0.727021 0.411399 0.694382 0.484709 0.693976 0.423023 0.421783 0.327348 0.355617 0.901858 0.37498 0.387907 0.38237 0.460107 0.373189 0.593219 0.639545 0.304387 0.376819 0.352578 0.474602 0.429762 0.419466 0.771846 1.2867 0.436453 1.45145 0.529032 0.552386 0.31366 0.301079 0.376203 0.403006 0.398937 0.286323 0.38015 1.28255 0.40451 0.403021 1.28536 1.23498 0.369786 0.436515 0.637567 0.466459 0.398674 0.395486 0.624851 0.288602 0.347157 0.708884 0.551653 1.24828 0.316176 0.49557 0.305775 0.546832 0.551554 1.49078 1.27338 0.68915 1.26094 0.370099 0.472012 0.308005 0.401288 0.382576 0.326071 0.401426 0.79572 0.374878 0.641839 0.487767 0.466368 1.25692 0.684785 0.464109 0.35299 0.311207 0.55356 0.474515 0.346627 0.559792 0.549059 0.386452 0.471002 0.696723 0.391676 0.37887 0.428517 0.547764 0.375065 0.552004 0.406059 0.593749 1.46902 0.474121 0.481619 0.381952 0.476081 0.596506 0.405198 0.393869 1.45269 0.490437 0.401186 0.324539 0.47095 0.399136 0.554855 0.399448 0.464106 0.299525 0.39546 0.341478 0.4017 0.590755 0.384263 0.750004 0.412895 0.400253 0.296413 0.392391 0.770061 0.590195 0.38186 0.363678 0.541405 0.451874 0.402902 0.412899 0.400211 0.342753 0.385001 0.28097 1.24081 0.469028 0.404602 0.697993 0.695459 0.372594 0.547001 0.457122 1.32679 0.378797 0.535202 0.317427 0.345069 0.465631 0.319036 0.598685 0.551007 0.392804 0.391204 0.423975 0.381951 0.717497 0.324934 0.586431 0.603467 1.50801 0.304044 0.393338 0.691806 0.414893 0.367627 0.543317 0.579084 1.4221 0.685654 0.355902 0.295106 0.688542 0.401534 0.389145 0.286293 0.439537 0.905108 0.404094 0.316037 0.905391 0.422478 0.373537 0.450455 0.446325 0.370231 0.619386 0.29992 0.453836 0.404778 0.54417 0.391598 0.460833 0.340474 0.406327 0.678596 0.394299 0.401748 0.547125 0.323285 0.540156 1.04129 0.537708 0.29956 0.462947 0.697677 0.473116 0.406274 1.31245 0.388159 0.396238 0.408302 0.747748 0.535793 1.51469 0.404402 0.829525 0.617477 1.43634 0.5556 0.391653 0.536603 0.290972 0.375131 0.464432 0.794937 0.472053 0.937413 0.325326 0.395624 1.28592 0.688474 0.389952 0.294836 0.476531 0.474116 0.614583 0.385292 0.400851 0.48137 0.348195 0.688783 0.402378 0.403226 0.320456 0.332453 0.402631 0.378312 1.26811 0.527404 0.696288 0.392638 0.465129 0.422672 0.38451 0.609212 0.547249 1.03284 0.369673 0.472701 0.350154 0.535529 0.454783 0.773238 0.596958 0.529556 0.548826 0.650516 0.404919 0.282371
Testing:
Lab Growth Rates:
0.42 0.42 0.42
Dot Production Prediction of Lab Growth Rates:
0.280689 0.306019 0.357935
Best performance so far: 
Obj: 4.6618e-310Rho: 6.5069e-314Diff: 4.6618e-310
Test:
 Lab Growth Rates:
0.42 0.42 0.42Dot Product Prediction of Growth Rate:
0.2806892 0.3060193 0.3579353