seed =  5 traits =  1 
Training: part  174 
Training: part  174 
Round  1 
 Goal of obj  0.99 
Temperature range:  0.00390625 1.5625e-14 
Cycle 1Round 1
Iter 500000 pBad 0.827834 T 0.00105163 Obj 1.08035 Rho 0 GRdif 45.2865 success 139281 failure 7839 obj_new 1.08035 SA_pAcc 1.01046 Delta 0.0043031 SA_r 0.0421913 freedomratio 0.36625
Iter 1000000 pBad 0.77074 T 0.000283118 Obj 1.03495 Rho 0 GRdif 20.1291 success 280996 failure 28688 obj_new 1.03495 SA_pAcc 1.20427 Delta 0.0553205 SA_r 0.170176 freedomratio 0.372774
Iter 1500000 pBad 0.658047 T 7.62202e-05 Obj 1.02422 Rho 0 GRdif 14.0223 success 419658 failure 57584 obj_new 1.02422 SA_pAcc 0.907344 Delta -0.0496946 SA_r 0.411176 freedomratio 0.369716
Iter 2000000 pBad 0.589041 T 2.05198e-05 Obj 1.01793 Rho 0 GRdif 10.4159 success 554633 failure 92825 obj_new 1.01793 SA_pAcc 0.723959 Delta 0.0241965 SA_r 0.553614 freedomratio 0.358629
Iter 2500000 pBad 0.469292 T 5.52429e-06 Obj 1.01352 Rho 0 GRdif 7.87314 success 684868 failure 137675 obj_new 1.01353 SA_pAcc 0.504011 Delta 0.0455481 SA_r 0.92738 freedomratio 0.36106
Iter 3000000 pBad 0.311734 T 1.48723e-06 Obj 1.01 Rho 0 GRdif 5.82995 success 799190 failure 212612 obj_new 1.01 SA_pAcc 0.231786 Delta -0.0261379 SA_r 0.357622 freedomratio 0.339907
Iter 3500000 pBad 0.16876 T 4.00389e-07 Obj 1.00923 Rho 0 GRdif 5.38643 success 885971 failure 343425 obj_new 1.00923 SA_pAcc 1.2286 Delta -0.00281493 SA_r 0.958625 freedomratio 0.313537
Iter 4000000 pBad 0.059201 T 1.07792e-07 Obj 1.00893 Rho 0 GRdif 5.20714 success 942441 failure 544417 obj_new 1.00893 SA_pAcc 1 Delta -0.00151716 SA_r 0.469558 freedomratio 0.274602
Iter 4500000 pBad 0.0256127 T 2.90194e-08 Obj 1.00881 Rho 0 GRdif 5.14048 success 974663 failure 810506 obj_new 1.00881 SA_pAcc 0.0450326 Delta -0.00110154 SA_r 0.307097 freedomratio 0.237632
Iter 5000000 pBad 0.018229 T 7.81252e-09 Obj 1.00876 Rho 0 GRdif 5.11419 success 994603 failure 1118797 obj_new 1.00877 SA_pAcc 2.77103e-30 Delta -0.00169134 SA_r 0.34168 freedomratio 0.21744
Iter 5500000 pBad 0.00815718 T 2.10327e-09 Obj 1.00875 Rho 0 GRdif 8.49331 success 1004473 failure 1462301 obj_new 1.0146 SA_pAcc 0 Delta 0.000345619 SA_r 0.417433 freedomratio 0.207507
Iter 6000000 pBad 0.00358823 T 5.66236e-10 Obj 1.00875 Rho 0 GRdif 5.1023 success 1009972 failure 1820801 obj_new 1.00875 SA_pAcc 1 Delta -0.000145113 SA_r 0.87982 freedomratio 0.202979
Iter 6500000 pBad 0.00261731 T 1.5244e-10 Obj 1.00874 Rho 0 GRdif 5.10089 success 1013246 failure 2188172 obj_new 1.00874 SA_pAcc 0.975278 Delta 1.27876e-05 SA_r 0.170336 freedomratio 0.20041
Iter 7000000 pBad 0.00133168 T 4.10396e-11 Obj 1.00874 Rho 0 GRdif 5.1008 success 1014940 failure 2561677 obj_new 1.00874 SA_pAcc 0 Delta -0.00011084 SA_r 0.773972 freedomratio 0.198509
Iter 7500000 pBad 0.000845439 T 1.10486e-11 Obj 1.00874 Rho 0 GRdif 5.10135 success 1016654 failure 2938051 obj_new 1.00874 SA_pAcc 0 Delta 5.47956e-05 SA_r 0.758389 freedomratio 0.194555
Iter 8000000 pBad 0.000471895 T 2.97447e-12 Obj 1.00874 Rho 0 GRdif 5.09977 success 1018180 failure 3317429 obj_new 1.00874 SA_pAcc 0 Delta 5.1785e-06 SA_r 0.90578 freedomratio 0.193081
Iter 8500000 pBad 2.7189e-10 T 8.00778e-13 Obj 1.00874 Rho 0 GRdif 5.10053 success 1022180 failure 3689593 obj_new 1.00874 SA_pAcc 0 Delta 2.41349e-11 SA_r 0.0442089 freedomratio 0.183354
Iter 9000000 pBad 1.28578e-19 T 2.15583e-13 Obj 1.00874 Rho 0 GRdif 5.1014 success 1029763 failure 4002601 obj_new 1.00874 SA_pAcc 0 Delta -3.08425e-21 SA_r 0.661478 freedomratio 0.180031
Iter 9500000 pBad 5.65413e-57 T 5.80388e-14 Obj 1.00874 Rho 0 GRdif 5.0996 success 1029763 failure 4296272 obj_new 1.00874 SA_pAcc 1 Delta 3.69943e-59 SA_r 0.532926 freedomratio 0.17926
Iter 10000000 pBad 3.00434e-201 T 1.5625e-14 Obj 1.00874 Rho 0 GRdif 5.0996 success 1029763 failure 4593253 obj_new 1.00874 SA_pAcc 1 Delta 1.11399e-202 SA_r 0.554832 freedomratio 0.143663
Cannot move further
iter 8.84363e+06 obj1.00874 rho 0 GRdif 5.0996
Training:
Lab Growth Rates:
0.4 0.5 0.5 0.43 0.48 0.31 0.46 0.56 0.465 0.37 0.4 0.36 0.5 0.65 0.45 0.54 0.41 0.48 0.1 0.4 0.53 0.22 0.59 0.23 0.25 0.901 0.46 0.47 0.58 0.53 0.648 0.901 0.59 0.33 0.47 0.42 0.09 0.1 0.724 1.345 0.46 0.4 0.54 0.45 1.345 0.4 0.4 0.39 0.5 0.54 0.485 0.4 0.7 0.37 0.51 0.4 1.03 1.345 0.25 0.58 1.345 0.46 0.4 0.54 0.52 0.27 0.46 0.4 0.45 0.54 0.52 0.58 0.5 0.637 0.48 0.4 0.1 0.4 0.58 0.45 0.55 0.3 0.49 0.41 0.42 1.483 1.43 0.901 0.6 0.23 0.301 0.54 0.65 0.648 0.25 0.41 1.42 0.45 0.4 0.485 0.68 0.43 0.65 0.4 0.65 0.54 0.55 0.3 0.4 1.4 0.3 0.42 0.4 0.36 0.59 0.39 0.58 0.11 0.55 0.56 0.48 0.43 0.3 0.4 0.46 0.5 0.4 0.38 1.345 0.47 1.483 0.52 0.37 0.301 0.4 0.5 0.686 0.4 0.4 0.37 0.58 0.58 0.55 0.54 0.476 0.49 0.4 0.5 0.26 0.27 0.377 0.56 0.5 0.33 0.43 0.42 1.345 0.42 0.636 0.485 0.22 0.42 0.4 0.26 0.42 1.05 0.4 0.2 0.36 0.53 0.485 0.3 0.56 0.27 0.5 0.52 0.17 1.35 0.22 0.53 0.3 0.5 0.39 0.68 0.36 0.58 0.54 0.47 0.637 0.51 0.901 0.45 0.43 0.47 0.4 0.25 0.1 0.47 0.54 0.46 0.686 0.43 0.58 0.09 0.37 0.4 0.56 0.46 1.46 0.4 0.14 0.5 0.42 0.47 0.2 0.4 0.39 0.23 0.37 1.483 0.59 0.58 0.3 0.42 0.17 0.41 0.25 0.4 0.4 0.55 0.37 0.42 1.483 0.4 0.39 0.3 0.37 0.42 0.54 0.56 0.4 0.34 0.65 0.45 0.4 0.45 0.47 0.33 0.56 0.47 0.5 0.617 1.483 0.635 0.37 0.59 0.54 0.22 0.53 0.47 0.5 1.46 0.23 0.45 0.46 0.68 0.4 0.54 0.3 0.6 0.42 0.59 0.22 0.52 0.38 0.636 0.58 0.42 0.58 0.31 1.05 0.6 0.22 0.6 0.4 0.45 0.762 0.47 0.46 0.46 0.56 0.4 0.762 0.481 0.53 0.09 0.46 0.47 0.47 0.53 0.53 0.52 0.54 0.47 0.45 0.5 0.4 0.56 0.58 0.45 0.48 0.3 0.37 0.46 0.3 0.53 0.5 0.4 0.53 0.4 0.476 0.55 0.59 0.45 0.47 1.483 0.45 0.55 0.5 0.56 0.45 0.636 0.41 0.25 0.3 0.56 0.377 0.46 0.58 0.58 0.37 0.51 0.5 0.301 1.49 0.5 0.59 0.56 0.58 0.4 0.58 0.4 1.248 0.55 0.56 0.5 0.762 0.25 0.41 0.476 0.5 0.19 0.1 0.36 1.05 0.46 0.56 0.686 0.56 0.54 0.4 0.33 0.901 0.45 0.42 0.42 0.55 0.648 0.22 0.54 0.52 0.53 0.65 0.635 0.27 1.38 1.67 0.54 0.17 0.37 1.46 0.27 0.46 0.34 0.42 0.38 0.48 0.58 0.25 0.465 1.05 0.37 0.3 0.47 0.54 1.248 0.5 0.47 0.56 0.11 1.248 0.481 0.901 0.23 1.345 0.14 0.4 0.58 0.33 0.65 0.53 1.345 0.3 0.71 0.49 0.32 0.23 0.1 0.7 0.762 0.52 0.4 0.5 0.43 0.68 0.53 0.58 1.345 1.44 0.1 0.1 0.19 0.37 0.32 0.36 0.5 0.48 1.66 0.48 0.31 0.4 0.46 0.71 0.26 0.22 0.32 0.27 0.23 0.52 0.38 0.4 0.46 0.4 0.43 0.635 0.48 0.33 0.4 0.65 0.54 0.4 0.4 1.248 0.52 0.54 0.34 0.5 0.47 0.55 0.47 1.483 0.56 0.33 0.5 0.5 0.724 0.53 0.52 1.43 0.36 0.45 0.56 0.46 0.37 1.46 0.4 1.05 0.59 0.43 0.54 0.47 0.52 0.59 1.66 0.637 0.11 0.54 1.483 0.59 0.481 0.42 0.724 0.43 0.47 0.54 0.4 0.4 0.46 0.5 0.4 0.4 0.45 0.36 0.58 0.43 0.47 0.59 0.54 0.45 0.2 0.43 0.59 0.7 0.54 0.37 0.41 1.345 0.41 0.54 1.483 0.59 0.33 0.23 0.4 0.4 1.483 0.47 0.54 0.5 0.5 0.59 0.4 0.55 0.19 0.71 0.65 0.47 1.67 1.248 1.483 1.345 0.23 0.54 0.377 0.4 0.7 0.53 0.59 0.46 0.5 0.68 0.39 0.1 1.345 0.4 0.38 0.465 0.4 1.483 0.41 0.36 0.42 0.4 0.4 0.33 0.55
Dot Production Prediction of Lab Growth Rates:
0.400265 0.373538 0.5472 0.348763 0.307068 0.580591 0.357089 0.528556 0.474727 0.414214 0.401837 0.364324 0.469786 0.649978 0.407108 0.390494 0.34594 0.329499 0.438461 0.401645 0.535977 0.467637 0.343282 0.540177 0.314238 1.25941 0.512943 0.349054 0.35173 0.475798 0.717101 0.902182 0.35269 0.320862 0.390735 0.336565 0.434521 0.785478 0.723558 1.03491 0.449602 0.400674 0.386534 0.338365 0.989064 0.402061 0.402902 0.329049 0.674081 0.321714 0.482437 0.395262 0.70713 0.528799 0.391887 0.402672 1.32693 1.0248 0.360819 0.314267 1.00841 0.314437 0.402872 0.364509 0.361576 0.57352 0.445425 0.399678 1.43637 0.374403 0.398228 0.370986 0.328708 0.72074 0.31235 0.348655 0.956931 0.402757 0.458731 1.53123 0.542788 0.466102 0.365722 0.485569 0.350638 0.991557 1.31503 0.901 0.485382 0.438078 0.484032 0.376657 0.635202 0.716587 0.352974 0.353886 1.51967 1.51214 0.398508 0.481501 0.476264 0.359352 0.649257 0.400655 0.640279 0.46104 0.46438 0.298446 0.400998 1.4 0.458915 0.557554 0.401128 0.39194 0.390289 0.349977 0.450431 0.36831 0.549978 0.538934 0.34492 0.433332 0.382414 0.403187 0.427313 0.626266 0.404983 0.381432 1.01201 0.418033 0.973796 0.346416 0.385234 0.488836 0.399131 0.33527 0.718858 0.402131 0.401552 0.380947 0.355539 0.455879 0.550038 0.450576 0.477099 0.380405 0.396647 0.33157 0.549937 0.310399 0.477377 0.539988 0.329788 0.334086 0.396244 0.553708 0.992664 0.342764 0.720776 0.47876 0.471793 0.336623 0.401084 0.346988 0.569894 1.58907 0.399771 0.390562 0.40396 0.523394 0.477906 0.414918 0.46145 0.348398 0.692245 0.367046 0.328393 1.2176 0.423281 0.295433 0.333062 0.465419 0.339365 0.477768 0.333671 0.46301 0.456854 0.351271 0.718542 0.404531 0.899798 0.353114 0.404646 0.419895 0.400624 0.510782 0.35918 0.360446 0.539976 0.459988 0.723492 0.365037 0.458708 0.340968 0.42368 0.401028 0.540875 0.320342 1.58711 0.403632 0.139951 0.537469 0.357139 0.34873 0.364038 0.40079 0.334201 0.435746 0.435706 0.999447 0.539122 0.335288 0.457093 0.357072 0.409622 0.485271 0.525118 0.400527 0.400397 0.475469 0.414147 0.355253 0.984484 0.400226 0.316292 0.305632 0.413306 0.321988 0.45399 0.454678 0.400917 0.324521 0.639105 0.414585 0.398462 0.33729 0.388652 0.358937 0.455863 0.345496 0.533636 0.511109 0.971289 0.718411 0.423233 0.543992 0.387963 0.465691 0.390845 0.364696 0.627409 1.02684 0.547601 0.348938 0.358813 0.466619 0.404693 0.311968 0.45236 0.475515 0.329084 0.533569 0.469484 0.360742 0.324359 0.724235 0.466185 0.375891 0.358552 0.580176 1.05252 0.468538 0.376842 0.475222 0.397058 0.35769 1.4226 0.347276 0.43978 0.410743 0.546306 0.400452 1.43869 0.479365 0.349948 0.365355 0.525177 0.406564 0.378434 0.411472 0.323697 0.381239 0.54127 0.450756 0.324077 0.346305 0.40083 0.540573 0.361445 0.376191 0.336787 0.494416 0.413701 0.460192 0.404897 0.530127 0.602974 0.39978 0.34945 0.402991 0.47417 0.475787 0.546747 0.373002 0.350207 0.97067 1.44035 0.54795 0.536296 0.537264 0.345395 0.723066 0.376423 1.49178 0.381848 0.529658 0.474715 0.455695 0.45909 0.448067 0.416648 0.370283 0.472791 0.486417 1.53123 0.636053 0.346921 0.539878 0.465961 0.400138 0.374448 0.398937 1.24884 0.470535 0.468506 0.331911 1.41277 0.757297 0.38038 0.479088 0.542944 0.323042 0.881402 0.35444 1.05 0.368477 0.464534 0.722979 0.543771 0.535609 0.402846 0.505278 0.890448 1.44469 0.330263 0.348383 0.542356 0.711344 0.467401 0.379252 0.38827 0.53164 0.651462 0.718979 0.350809 1.31321 1.35164 0.362951 0.332206 0.413271 1.0129 0.380564 0.38337 0.329165 0.330342 0.317529 0.345834 0.458179 0.354913 0.477799 1.05 0.425068 0.303062 0.34817 0.459563 1.24037 0.684217 0.404114 0.457608 0.327716 1.25668 0.479783 0.897892 0.542311 1.00011 0.140165 0.40331 0.465636 0.493945 0.651856 0.526765 1.00271 0.477941 0.715491 0.359037 0.320402 0.436615 0.432589 0.696304 1.41982 0.383351 0.403047 0.656793 0.419702 0.470667 0.537142 0.321528 1.03777 1.47173 1.02267 1.39496 0.321788 0.308648 0.334156 0.348024 0.354614 0.340312 1.66 0.323299 0.586861 0.40144 0.502445 0.715819 0.449153 0.361871 0.304341 0.386825 0.53989 0.381722 0.373247 0.342625 0.461349 0.399086 0.398088 0.715771 0.315694 0.349856 0.401134 0.658801 0.536756 0.401377 0.403119 1.24384 0.345908 0.547606 0.327785 0.681711 0.462649 0.472258 0.39023 0.979276 0.53888 0.324692 0.318859 0.457464 0.723985 0.530242 0.375898 1.30607 0.325626 1.45291 0.539382 0.45433 0.394719 1.02191 0.400817 1.01948 0.327379 0.352933 0.355303 0.380079 0.351736 0.54002 1.63448 0.723303 0.360793 0.351108 0.993948 0.539319 0.477466 0.340284 0.719871 0.400591 0.353897 0.533084 0.399438 0.398805 0.338279 0.611565 0.3993 0.400236 1.47313 0.331731 0.457609 0.367598 0.347398 0.326829 0.457624 0.380486 0.400133 0.462279 0.34741 0.699994 0.370724 0.41336 0.330758 0.989795 0.485951 0.541689 1.01672 0.547393 0.4468 0.540957 0.403106 0.401533 1.01749 0.458177 0.402296 0.459476 0.703599 0.32481 0.397884 0.543711 0.330283 0.723963 0.667794 0.377581 1.48494 1.248 1.00423 1.01627 0.540131 0.332904 0.478819 0.397964 0.700301 0.397282 0.40529 0.46052 0.463631 0.475629 0.333782 0.874927 1.01184 0.400791 0.32742 0.478117 0.402458 0.997457 0.38274 0.341651 0.368235 0.401145 0.399974 0.357651 0.467329
Testing:
Lab Growth Rates:
0.5 0.5 0.5
Dot Production Prediction of Lab Growth Rates:
0.392181 0.373123 0.336227
Best performance so far: 
Obj: 4.68639e-310Rho: 2.26291e-314Diff: 4.68639e-310
Anneal again with the best G and E so far as input
Cycle 2Round 1
Iter 500000 pBad 0.822716 T 0.00105163 Obj 1.04363 Rho 0 GRdif 25.0253 success 110389 failure 11660 obj_new 1.04363 SA_pAcc 1 Delta 0.0215653 SA_r 0.79061 freedomratio 0.263252
Iter 1000000 pBad 0.741178 T 0.000283118 Obj 1.03424 Rho 0 GRdif 19.7311 success 217995 failure 30266 obj_new 1.03424 SA_pAcc 1.14473 Delta -0.0634095 SA_r 0.575023 freedomratio 0.264083
Iter 1500000 pBad 0.620529 T 7.62202e-05 Obj 1.02624 Rho 0 GRdif 15.1806 success 322808 failure 56041 obj_new 1.02624 SA_pAcc 1 Delta -0.0230712 SA_r 0.566632 freedomratio 0.25668
Iter 2000000 pBad 0.538094 T 2.05198e-05 Obj 1.02114 Rho 0 GRdif 12.261 success 423509 failure 89885 obj_new 1.02114 SA_pAcc 1.85888 Delta -0.0178048 SA_r 0.564573 freedomratio 0.262427
Iter 2500000 pBad 0.482396 T 5.52429e-06 Obj 1.01711 Rho 0 GRdif 9.94715 success 521842 failure 129530 obj_new 1.01712 SA_pAcc 0.159163 Delta 0.0118813 SA_r 0.412489 freedomratio 0.256792
Iter 3000000 pBad 0.301826 T 1.48723e-06 Obj 1.01167 Rho 0 GRdif 6.80958 success 615386 failure 183034 obj_new 1.01169 SA_pAcc 5.76886e-06 Delta -0.0250343 SA_r 0.101432 freedomratio 0.247885
Iter 3500000 pBad 0.182522 T 4.00389e-07 Obj 1.01008 Rho 0 GRdif 5.88653 success 689248 failure 278673 obj_new 1.0101 SA_pAcc 1.02202e-18 Delta -0.0105533 SA_r 0.730769 freedomratio 0.235152
Iter 4000000 pBad 0.0803608 T 1.07792e-07 Obj 1.00895 Rho 0 GRdif 5.22089 success 750817 failure 411927 obj_new 1.00895 SA_pAcc 2.32612e-15 Delta 0.00769143 SA_r 0.525703 freedomratio 0.209735
Iter 4500000 pBad 0.0367742 T 2.90194e-08 Obj 1.00851 Rho 0 GRdif 4.964 success 788504 failure 618002 obj_new 1.00851 SA_pAcc 1 Delta 0.00216706 SA_r 0.495539 freedomratio 0.185619
Iter 5000000 pBad 0.0213432 T 7.81252e-09 Obj 1.00841 Rho 0 GRdif 4.90681 success 808573 failure 887411 obj_new 1.00841 SA_pAcc 1 Delta -0.000466391 SA_r 0.785022 freedomratio 0.170547
Iter 5500000 pBad 0.00709752 T 2.10327e-09 Obj 1.00837 Rho 0 GRdif 4.88352 success 820384 failure 1194774 obj_new 1.00837 SA_pAcc 1 Delta -0.000199455 SA_r 0.170794 freedomratio 0.159673
Iter 6000000 pBad 0.00757132 T 5.66236e-10 Obj 1.00835 Rho 0 GRdif 4.8728 success 827709 failure 1523571 obj_new 1.00835 SA_pAcc 1 Delta -0.000724067 SA_r 0.272987 freedomratio 0.155191
Iter 6500000 pBad 0.00479562 T 1.5244e-10 Obj 1.00834 Rho 0 GRdif 4.86949 success 832805 failure 1868757 obj_new 1.00834 SA_pAcc 1 Delta -0.00041415 SA_r 0.293432 freedomratio 0.150914
Iter 7000000 pBad 0.00122842 T 4.10396e-11 Obj 1.00834 Rho 0 GRdif 4.87811 success 836323 failure 2224249 obj_new 1.00836 SA_pAcc 0 Delta -2.21829e-05 SA_r 0.640722 freedomratio 0.148542
Iter 7500000 pBad 0.000933276 T 1.10486e-11 Obj 1.00834 Rho 0 GRdif 4.86728 success 839314 failure 2586261 obj_new 1.00834 SA_pAcc 2.22109e-52 Delta 5.72657e-05 SA_r 0.567392 freedomratio 0.145844
Iter 8000000 pBad 0.000652381 T 2.97447e-12 Obj 1.00834 Rho 0 GRdif 4.86671 success 842415 failure 2954151 obj_new 1.00834 SA_pAcc 3.59128e-229 Delta -4.74906e-05 SA_r 0.712008 freedomratio 0.144549
Iter 8500000 pBad 0.000242815 T 8.00778e-13 Obj 1.00834 Rho 0 GRdif 4.86627 success 846399 failure 3324398 obj_new 1.00834 SA_pAcc 0 Delta -2.00247e-05 SA_r 0.830449 freedomratio 0.143839
Iter 9000000 pBad 0.000806823 T 2.15583e-13 Obj 1.00834 Rho 0 GRdif 4.86606 success 850604 failure 3689144 obj_new 1.00834 SA_pAcc 0 Delta 6.17199e-05 SA_r 0.478344 freedomratio 0.142614
Iter 9500000 pBad 3.5498e-152 T 5.80388e-14 Obj 1.00834 Rho 0 GRdif 4.86907 success 852801 failure 4019610 obj_new 1.00834 SA_pAcc 0 Delta -2.75237e-153 SA_r 0.90506 freedomratio 0.137365
Good enough
iter 9.25655e+06 obj1.00834 rho 0 GRdif 4.86592
Training:
Lab Growth Rates:
0.4 0.5 0.5 0.43 0.48 0.31 0.46 0.56 0.465 0.37 0.4 0.36 0.5 0.65 0.45 0.54 0.41 0.48 0.1 0.4 0.53 0.22 0.59 0.23 0.25 0.901 0.46 0.47 0.58 0.53 0.648 0.901 0.59 0.33 0.47 0.42 0.09 0.1 0.724 1.345 0.46 0.4 0.54 0.45 1.345 0.4 0.4 0.39 0.5 0.54 0.485 0.4 0.7 0.37 0.51 0.4 1.03 1.345 0.25 0.58 1.345 0.46 0.4 0.54 0.52 0.27 0.46 0.4 0.45 0.54 0.52 0.58 0.5 0.637 0.48 0.4 0.1 0.4 0.58 0.45 0.55 0.3 0.49 0.41 0.42 1.483 1.43 0.901 0.6 0.23 0.301 0.54 0.65 0.648 0.25 0.41 1.42 0.45 0.4 0.485 0.68 0.43 0.65 0.4 0.65 0.54 0.55 0.3 0.4 1.4 0.3 0.42 0.4 0.36 0.59 0.39 0.58 0.11 0.55 0.56 0.48 0.43 0.3 0.4 0.46 0.5 0.4 0.38 1.345 0.47 1.483 0.52 0.37 0.301 0.4 0.5 0.686 0.4 0.4 0.37 0.58 0.58 0.55 0.54 0.476 0.49 0.4 0.5 0.26 0.27 0.377 0.56 0.5 0.33 0.43 0.42 1.345 0.42 0.636 0.485 0.22 0.42 0.4 0.26 0.42 1.05 0.4 0.2 0.36 0.53 0.485 0.3 0.56 0.27 0.5 0.52 0.17 1.35 0.22 0.53 0.3 0.5 0.39 0.68 0.36 0.58 0.54 0.47 0.637 0.51 0.901 0.45 0.43 0.47 0.4 0.25 0.1 0.47 0.54 0.46 0.686 0.43 0.58 0.09 0.37 0.4 0.56 0.46 1.46 0.4 0.14 0.5 0.42 0.47 0.2 0.4 0.39 0.23 0.37 1.483 0.59 0.58 0.3 0.42 0.17 0.41 0.25 0.4 0.4 0.55 0.37 0.42 1.483 0.4 0.39 0.3 0.37 0.42 0.54 0.56 0.4 0.34 0.65 0.45 0.4 0.45 0.47 0.33 0.56 0.47 0.5 0.617 1.483 0.635 0.37 0.59 0.54 0.22 0.53 0.47 0.5 1.46 0.23 0.45 0.46 0.68 0.4 0.54 0.3 0.6 0.42 0.59 0.22 0.52 0.38 0.636 0.58 0.42 0.58 0.31 1.05 0.6 0.22 0.6 0.4 0.45 0.762 0.47 0.46 0.46 0.56 0.4 0.762 0.481 0.53 0.09 0.46 0.47 0.47 0.53 0.53 0.52 0.54 0.47 0.45 0.5 0.4 0.56 0.58 0.45 0.48 0.3 0.37 0.46 0.3 0.53 0.5 0.4 0.53 0.4 0.476 0.55 0.59 0.45 0.47 1.483 0.45 0.55 0.5 0.56 0.45 0.636 0.41 0.25 0.3 0.56 0.377 0.46 0.58 0.58 0.37 0.51 0.5 0.301 1.49 0.5 0.59 0.56 0.58 0.4 0.58 0.4 1.248 0.55 0.56 0.5 0.762 0.25 0.41 0.476 0.5 0.19 0.1 0.36 1.05 0.46 0.56 0.686 0.56 0.54 0.4 0.33 0.901 0.45 0.42 0.42 0.55 0.648 0.22 0.54 0.52 0.53 0.65 0.635 0.27 1.38 1.67 0.54 0.17 0.37 1.46 0.27 0.46 0.34 0.42 0.38 0.48 0.58 0.25 0.465 1.05 0.37 0.3 0.47 0.54 1.248 0.5 0.47 0.56 0.11 1.248 0.481 0.901 0.23 1.345 0.14 0.4 0.58 0.33 0.65 0.53 1.345 0.3 0.71 0.49 0.32 0.23 0.1 0.7 0.762 0.52 0.4 0.5 0.43 0.68 0.53 0.58 1.345 1.44 0.1 0.1 0.19 0.37 0.32 0.36 0.5 0.48 1.66 0.48 0.31 0.4 0.46 0.71 0.26 0.22 0.32 0.27 0.23 0.52 0.38 0.4 0.46 0.4 0.43 0.635 0.48 0.33 0.4 0.65 0.54 0.4 0.4 1.248 0.52 0.54 0.34 0.5 0.47 0.55 0.47 1.483 0.56 0.33 0.5 0.5 0.724 0.53 0.52 1.43 0.36 0.45 0.56 0.46 0.37 1.46 0.4 1.05 0.59 0.43 0.54 0.47 0.52 0.59 1.66 0.637 0.11 0.54 1.483 0.59 0.481 0.42 0.724 0.43 0.47 0.54 0.4 0.4 0.46 0.5 0.4 0.4 0.45 0.36 0.58 0.43 0.47 0.59 0.54 0.45 0.2 0.43 0.59 0.7 0.54 0.37 0.41 1.345 0.41 0.54 1.483 0.59 0.33 0.23 0.4 0.4 1.483 0.47 0.54 0.5 0.5 0.59 0.4 0.55 0.19 0.71 0.65 0.47 1.67 1.248 1.483 1.345 0.23 0.54 0.377 0.4 0.7 0.53 0.59 0.46 0.5 0.68 0.39 0.1 1.345 0.4 0.38 0.465 0.4 1.483 0.41 0.36 0.42 0.4 0.4 0.33 0.55
Dot Production Prediction of Lab Growth Rates:
0.404967 0.35297 0.559605 0.358068 0.341778 0.595559 0.372227 0.530184 0.545251 0.408856 0.404803 0.380754 0.470401 0.656382 0.389696 0.373971 0.367688 0.346183 0.441545 0.404975 0.552292 0.476485 0.328933 0.55205 0.33343 1.29291 0.52836 0.342267 0.393017 0.467499 0.685404 0.908212 0.342676 0.343015 0.369046 0.340965 0.448642 1.00575 0.69758 1.41282 0.428164 0.404345 0.375108 0.354557 1.30303 0.409749 0.397358 0.354882 0.833439 0.33112 0.552115 0.389639 0.780184 0.544433 0.407371 0.406198 1.25419 1.34637 0.357258 0.296076 1.33618 0.330093 0.409494 0.364474 0.370905 0.588264 0.442002 0.394303 1.48058 0.410008 0.404958 0.397052 0.337323 0.691098 0.297098 0.33324 1.33256 0.407828 0.464819 1.51652 0.542911 0.574221 0.369743 0.563202 0.332978 1.3186 1.16594 0.906747 0.60091 0.417331 0.55945 0.360069 0.631731 0.687716 0.356085 0.366749 1.53463 1.54294 0.398207 0.558767 0.353387 0.368716 0.652929 0.404918 0.649681 0.469423 0.473205 0.299462 0.407703 1.40731 0.565999 0.551403 0.406241 0.420174 0.377763 0.325135 0.457484 0.373708 0.549579 0.543163 0.371964 0.437996 0.469897 0.405828 0.40333 0.703381 0.412727 0.390586 1.32245 0.421935 1.29532 0.363661 0.405007 0.57146 0.402851 0.348281 0.690967 0.398119 0.40259 0.382418 0.330006 0.465049 0.553964 0.464478 0.549663 0.385176 0.387618 0.360179 0.575026 0.305491 0.549445 0.551141 0.362899 0.332711 0.382502 0.559177 1.33954 0.36821 0.691159 0.556644 0.475199 0.331995 0.408564 0.391477 0.572093 1.3291 0.403637 0.372943 0.402944 0.531174 0.550334 0.506838 0.470632 0.344479 0.905334 0.338478 0.334604 1.11809 0.418338 0.327418 0.346647 0.472124 0.363212 0.354543 0.328487 0.468095 0.466623 0.366319 0.688128 0.423888 0.903154 0.367429 0.400556 0.406194 0.40148 0.51923 0.384489 0.342606 0.541343 0.464632 0.695031 0.355251 0.462785 0.360891 0.415247 0.402812 0.547826 0.342429 1.40173 0.408086 0.140963 0.545514 0.380999 0.345622 0.365603 0.402618 0.301776 0.415506 0.428412 1.30331 0.546118 0.358295 0.541693 0.356619 0.405322 0.564078 0.552358 0.402925 0.395137 0.489116 0.409638 0.38762 1.31436 0.404958 0.340296 0.306201 0.405125 0.345062 0.465939 0.464907 0.40392 0.329462 0.644621 0.424394 0.398717 0.391276 0.399685 0.341238 0.464122 0.372051 0.537231 0.529762 1.30106 0.692794 0.416433 0.548392 0.375645 0.465881 0.417145 0.382291 0.753689 1.06343 0.563857 0.351877 0.338548 0.348047 0.407271 0.304219 0.538528 0.589497 0.317941 0.541145 0.472984 0.36697 0.317766 0.697604 0.466817 0.392231 0.34417 0.593438 1.0742 0.568118 0.392323 0.60023 0.390378 0.343678 1.47669 0.310974 0.415419 0.439934 0.554497 0.371017 1.48575 0.550282 0.327226 0.396411 0.533994 0.380106 0.380639 0.40442 0.315263 0.38922 0.547364 0.459063 0.342546 0.369216 0.403793 0.552379 0.376605 0.35634 0.32791 0.601319 0.405231 0.469784 0.397404 0.533655 0.785019 0.400618 0.363921 0.405054 0.545267 0.485841 0.559163 0.399389 0.333516 1.28634 1.44166 0.547842 0.539523 0.539854 0.351974 0.701439 0.373581 1.50974 0.383103 0.526094 0.544769 0.463133 0.465422 0.456229 0.411557 0.380362 0.478222 0.566182 1.51652 0.799303 0.343998 0.547632 0.467511 0.40249 0.369329 0.396684 1.25954 0.484086 0.47139 0.34431 1.45573 1.04143 0.385848 0.551337 0.5585 0.319941 1.16742 0.36344 1.05859 0.342304 0.466949 0.695845 0.552523 0.541152 0.405123 0.512854 0.893522 1.427 0.335655 0.365701 0.544045 0.682667 0.476001 0.375524 0.360512 0.535163 0.660587 0.695328 0.367913 1.27084 1.35361 0.38021 0.320774 0.426933 1.11648 0.365895 0.391648 0.339942 0.339645 0.330324 0.331955 0.465512 0.365653 0.548743 1.06064 0.415295 0.302348 0.367142 0.4599 1.2452 0.857323 0.395311 0.461635 0.339276 1.26998 0.551547 0.903307 0.558424 1.35716 0.140966 0.408558 0.468721 0.497865 0.659535 0.534051 1.30765 0.580058 0.687218 0.369725 0.331326 0.416666 0.437135 0.772788 1.4523 0.39131 0.406277 0.812717 0.423321 0.34956 0.541506 0.327998 1.38424 1.48412 1.30827 1.44629 0.315589 0.306947 0.34942 0.354508 0.372874 0.360483 1.55029 0.349856 0.619997 0.407632 0.512131 0.692625 0.46925 0.349258 0.326052 0.388084 0.54412 0.39951 0.381848 0.324724 0.466461 0.39808 0.380324 0.690037 0.321264 0.361378 0.400605 0.665621 0.53977 0.40617 0.408005 1.2553 0.351266 0.558784 0.353079 0.876588 0.471368 0.484345 0.387867 1.32444 0.543174 0.331924 0.331983 0.463712 0.703268 0.540942 0.382304 1.18238 0.335312 1.47783 0.54984 0.456459 0.405904 1.04783 0.399195 1.06013 0.330713 0.344704 0.375904 0.364016 0.356199 0.552328 1.56849 0.693411 0.350419 0.356449 1.31482 0.548376 0.546234 0.335949 0.694534 0.402721 0.379741 0.535378 0.397466 0.398742 0.362443 0.820803 0.404021 0.403765 1.51299 0.348664 0.462652 0.373841 0.346024 0.348382 0.473805 0.411029 0.366378 0.447389 0.356911 0.773496 0.355437 0.401651 0.355174 1.3191 0.567705 0.549196 1.33396 0.556514 0.471871 0.544608 0.406017 0.405628 1.35953 0.45843 0.376146 0.463616 0.886311 0.357722 0.39465 0.546039 0.333483 0.696453 0.660676 0.389028 1.51369 1.25175 1.3425 1.35655 0.549533 0.345358 0.552446 0.401668 0.777191 0.385311 0.392524 0.462896 0.471706 0.353262 0.308998 1.17816 1.35147 0.402171 0.30545 0.548065 0.407293 1.3203 0.407187 0.368381 0.396738 0.407211 0.404386 0.376825 0.485209
Testing:
Lab Growth Rates:
0.5 0.5 0.5
Dot Production Prediction of Lab Growth Rates:
0.419659 0.390088 0.36082
Best performance so far: 
Obj: 4.68639e-310Rho: 6.5069e-314Diff: 4.68639e-310
Test:
 Lab Growth Rates:
0.5 0.5 0.5Dot Product Prediction of Growth Rate:
0.4196587 0.3900883 0.3608204