seed =  5 traits =  1 
Training: part  58 
Training: part  58 
Round  1 
 Goal of obj  0.99 
Temperature range:  0.00390625 2.5e-14 
Cycle 1Round 1
Iter 500000 pBad 0.846125 T 0.00107664 Obj 1.05497 Rho 0 GRdif 31.3582 success 146733 failure 9690 obj_new 1.05497 SA_pAcc 0.977816 Delta 0.0175097 SA_r 0.856597 freedomratio 0.376365
Iter 1000000 pBad 0.788609 T 0.000296742 Obj 1.03091 Rho 0 GRdif 17.8367 success 289821 failure 27752 obj_new 1.03091 SA_pAcc 0.77985 Delta 0.0640323 SA_r 0.522976 freedomratio 0.370886
Iter 1500000 pBad 0.715418 T 8.17877e-05 Obj 1.0226 Rho 0 GRdif 13.094 success 431022 failure 49726 obj_new 1.0226 SA_pAcc 1 Delta -0.0100754 SA_r 0.595839 freedomratio 0.380767
Iter 2000000 pBad 0.595514 T 2.25422e-05 Obj 1.01765 Rho 0 GRdif 10.2555 success 568751 failure 79878 obj_new 1.01765 SA_pAcc 0.739181 Delta 0.0373358 SA_r 0.264644 freedomratio 0.357317
Iter 2500000 pBad 0.46694 T 6.21307e-06 Obj 1.01472 Rho 0 GRdif 8.56353 success 698616 failure 123437 obj_new 1.01472 SA_pAcc 0.52295 Delta 0.0222484 SA_r 0.301132 freedomratio 0.350898
Iter 3000000 pBad 0.30962 T 1.71244e-06 Obj 1.01029 Rho 0 GRdif 5.9965 success 813469 failure 198406 obj_new 1.01029 SA_pAcc 0.505673 Delta 0.0111483 SA_r 0.124547 freedomratio 0.343897
Iter 3500000 pBad 0.182574 T 4.71981e-07 Obj 1.0093 Rho 0 GRdif 5.42575 success 907513 failure 314861 obj_new 1.0093 SA_pAcc 1 Delta 0.0156585 SA_r 0.0728947 freedomratio 0.325194
Iter 4000000 pBad 0.0532137 T 1.30087e-07 Obj 1.00886 Rho 0 GRdif 5.17077 success 969139 failure 503080 obj_new 1.00886 SA_pAcc 0.00489709 Delta 0.00513865 SA_r 0.566108 freedomratio 0.268438
Iter 4500000 pBad 0.0295986 T 3.58544e-08 Obj 1.00877 Rho 0 GRdif 5.11422 success 1000870 failure 768845 obj_new 1.00877 SA_pAcc 3.14352 Delta -0.000525507 SA_r 0.709813 freedomratio 0.241252
Iter 5000000 pBad 0.0172411 T 9.88214e-09 Obj 1.00871 Rho 0 GRdif 5.08342 success 1018298 failure 1080922 obj_new 1.00871 SA_pAcc 3.16413e-05 Delta 0.00130035 SA_r 0.380173 freedomratio 0.222222
Iter 5500000 pBad 0.00677712 T 2.72371e-09 Obj 1.0087 Rho 0 GRdif 5.0774 success 1028126 failure 1420289 obj_new 1.0087 SA_pAcc 0 Delta 0.000128313 SA_r 0.813359 freedomratio 0.211247
Iter 6000000 pBad 0.00541888 T 7.50705e-10 Obj 1.00869 Rho 0 GRdif 5.07091 success 1033709 failure 1775409 obj_new 1.00869 SA_pAcc 1 Delta 0.000197638 SA_r 0.222837 freedomratio 0.205326
Iter 6500000 pBad 0.00342168 T 2.06908e-10 Obj 1.00869 Rho 0 GRdif 5.06964 success 1036859 failure 2138799 obj_new 1.00869 SA_pAcc 0 Delta -0.000231186 SA_r 0.795949 freedomratio 0.20411
Iter 7000000 pBad 0.0019736 T 5.70279e-11 Obj 1.00869 Rho 0 GRdif 5.06806 success 1038833 failure 2507058 obj_new 1.00869 SA_pAcc 0 Delta -0.00014537 SA_r 0.871636 freedomratio 0.20186
Iter 7500000 pBad 0.00125252 T 1.5718e-11 Obj 1.00868 Rho 0 GRdif 5.06728 success 1040385 failure 2877876 obj_new 1.00868 SA_pAcc 2.0108e-101 Delta 3.2781e-05 SA_r 0.186258 freedomratio 0.200891
Iter 8000000 pBad 6.73136e-05 T 4.33217e-12 Obj 1.00868 Rho 0 GRdif 5.0686 success 1042066 failure 3250625 obj_new 1.00869 SA_pAcc 0 Delta 5.65412e-06 SA_r 0.592823 freedomratio 0.199455
Iter 8500000 pBad 0.000788046 T 1.19403e-12 Obj 1.00868 Rho 0 GRdif 5.06669 success 1044771 failure 3621587 obj_new 1.00868 SA_pAcc 0 Delta -4.71058e-05 SA_r 0.250298 freedomratio 0.196578
Iter 9000000 pBad 0.00119707 T 3.29096e-13 Obj 1.00868 Rho 0 GRdif 5.06659 success 1051739 failure 3963793 obj_new 1.00868 SA_pAcc 1 Delta -7.10081e-05 SA_r 0.366926 freedomratio 0.195856
Iter 9500000 pBad 4.18788e-16 T 9.07052e-14 Obj 1.00868 Rho 0 GRdif 5.06652 success 1054585 failure 4278150 obj_new 1.00868 SA_pAcc 1 Delta -4.00427e-17 SA_r 0.955972 freedomratio 0.183354
Iter 10000000 pBad 3.82919e-118 T 2.50001e-14 Obj 1.00868 Rho 0 GRdif 5.06829 success 1054585 failure 4565281 obj_new 1.00869 SA_pAcc 0 Delta -2.88745e-119 SA_r 0.52549 freedomratio 0.153604
Cannot move further
iter 9.43639e+06 obj1.00868 rho 0 GRdif 5.06652
Training:
Lab Growth Rates:
0.11 0.54 0.7 0.37 0.4 0.4 0.33 0.56 0.54 0.58 1.67 0.11 0.19 0.636 0.4 0.54 0.4 0.54 0.42 0.23 0.7 0.5 0.23 0.4 0.53 0.56 0.43 0.5 0.485 0.2 0.4 0.33 0.42 0.3 0.56 0.46 0.648 0.65 0.4 1.66 0.17 0.55 0.56 0.5 0.3 0.37 0.47 0.5 0.5 0.485 0.46 0.4 0.37 0.48 0.46 0.52 0.5 0.45 0.5 0.4 0.5 0.53 0.22 0.25 0.5 0.42 0.23 0.4 0.58 1.46 0.4 0.25 0.55 0.33 0.65 0.36 1.483 0.41 0.59 0.38 0.4 0.53 0.65 0.1 0.59 0.23 0.4 1.345 0.53 0.4 0.46 0.42 0.59 0.686 0.377 0.59 0.09 0.47 0.25 0.47 0.37 0.4 0.65 0.53 0.4 0.17 0.58 0.54 0.45 0.4 0.38 0.37 0.56 0.22 0.4 0.27 0.1 0.53 0.54 0.58 0.59 0.686 0.53 0.47 0.56 0.4 0.54 0.56 0.33 0.47 0.68 0.59 0.59 0.4 0.36 0.49 0.52 0.4 0.465 1.483 0.4 0.58 0.38 0.481 0.23 0.47 0.4 0.635 0.51 0.648 1.483 0.56 0.11 0.4 0.901 0.48 0.36 0.52 0.5 1.483 1.35 0.37 0.68 0.42 0.476 0.47 0.37 0.5 0.4 0.635 0.26 0.58 0.4 1.345 0.46 0.5 1.46 0.33 0.54 0.48 0.58 0.22 0.56 1.345 0.26 0.46 0.4 0.23 0.5 0.19 0.42 0.46 0.71 0.52 0.59 0.53 1.42 0.42 0.71 0.37 0.37 0.71 0.33 0.53 0.1 0.3 0.43 0.47 0.27 0.43 0.45 0.3 1.248 0.762 0.3 0.39 0.52 0.58 0.59 0.55 0.4 0.476 1.46 0.47 0.4 0.47 0.5 0.36 0.648 0.47 0.53 0.41 0.39 0.58 0.6 0.637 0.377 0.5 0.42 0.37 0.43 1.05 0.42 0.5 0.48 1.46 0.65 0.465 0.46 0.43 0.43 0.45 0.54 0.25 0.5 1.345 0.4 0.4 0.36 0.41 0.45 0.4 0.25 0.52 0.27 0.51 0.4 0.5 1.345 0.43 0.54 0.43 0.22 0.3 0.56 0.42 0.41 0.46 0.58 0.36 0.46 0.52 0.5 0.43 1.248 0.42 0.37 0.3 0.49 0.23 0.46 1.483 0.3 0.54 0.4 0.56 0.48 0.58 1.248 0.3 0.65 0.45 1.03 0.635 0.901 0.56 0.56 0.42 1.05 0.25 0.46 1.483 0.47 0.27 0.59 0.09 0.42 0.55 0.5 0.4 0.54 0.54 0.901 0.42 0.485 1.483 0.55 0.4 0.4 0.3 0.39 0.47 0.46 0.4 0.54 0.65 0.5 0.5 0.58 0.6 0.36 0.27 0.36 0.4 0.41 0.41 0.4 0.686 0.54 0.32 0.4 0.46 0.59 0.58 0.54 0.48 0.481 1.4 0.637 0.901 0.52 0.48 0.4 0.54 0.762 0.301 0.4 1.345 0.56 0.19 0.33 0.39 0.53 0.22 0.4 0.58 0.3 0.58 0.54 0.485 0.45 0.2 0.4 0.4 0.54 0.54 0.5 0.47 0.46 0.47 0.476 0.46 1.345 0.52 0.38 0.45 0.23 0.45 0.56 0.58 0.301 0.54 0.42 0.31 1.43 0.14 0.4 0.42 0.47 0.26 0.59 0.37 0.39 1.345 0.37 0.45 0.68 0.33 0.49 0.1 0.4 0.32 0.55 0.53 0.25 0.31 0.41 0.59 1.483 0.5 1.05 0.52 1.248 0.45 0.47 0.45 0.22 0.5 0.4 0.45 1.483 1.345 1.67 0.724 0.3 0.46 0.58 0.22 1.49 0.43 0.5 0.55 0.54 0.37 0.5 0.52 0.37 0.636 1.345 0.32 0.3 1.483 0.4 0.42 0.38 0.2 1.43 0.5 0.53 0.7 0.36 0.65 1.248 0.5 0.58 0.09 0.5 0.45 0.68 0.25 0.47 1.345 0.1 0.301 0.4 0.45 0.54 0.3 0.4 0.68 0.59 0.617 0.56 0.465 0.54 0.4 0.6 0.46 1.38 0.47 0.7 0.33 0.46 0.48 0.5 0.724 0.4 0.4 0.14 0.4 0.17 0.54 0.45 0.47 0.51 0.1 0.45 0.47 1.345 0.39 0.46 0.54 0.52 0.45 0.31 0.5 0.41 0.48 0.47 0.5 0.43 0.55 0.45 0.58 0.637 0.4 0.41 1.05 0.4 0.1 0.34 0.46 0.53 0.636 0.37 0.65 0.1 0.377 0.22 0.43 0.901 0.4 0.34 0.54 0.23 0.901 0.58 0.58 0.53 0.4 0.6 1.66 0.1 0.5 0.47 0.34 1.483 0.56 1.44 0.42 0.4 0.481 0.762 1.483 0.56 0.59 0.47 0.27 0.4 1.05 0.762 0.4 0.724 0.59 0.55 0.54
Dot Production Prediction of Lab Growth Rates:
0.332748 0.384706 0.639955 0.399187 0.404657 0.399694 0.484612 0.4669 0.450158 0.311702 1.46621 0.362222 0.329238 0.723559 0.406501 0.3551 0.404553 0.404763 0.329966 0.537054 0.644566 0.363395 0.544755 0.397522 0.336647 0.540857 0.430721 0.464418 0.477223 0.360207 0.39981 0.447722 0.334601 0.329441 0.551556 0.312889 0.702396 0.641068 0.402121 1.66 0.335436 0.432147 0.533456 0.54542 0.371304 0.406986 0.373339 0.557592 0.34778 0.477678 0.337132 0.397739 0.414627 0.312751 0.415939 0.351232 0.331623 0.370758 0.471181 0.399751 0.470557 0.331206 0.452472 0.504811 0.619234 0.371501 0.550052 0.404606 0.361372 1.04801 0.400594 0.313158 0.551145 0.36183 0.644602 0.325601 1.00191 0.375564 0.312109 0.330936 0.401284 0.470206 0.650026 1.02297 0.544829 0.542947 0.400203 1.04125 0.538566 0.391547 0.41733 0.315082 0.338764 0.724185 0.47444 0.34437 0.371183 0.378475 1.52349 0.404439 0.412044 0.398079 0.629573 0.403305 0.392237 0.404354 0.450745 0.388911 1.58307 0.399995 0.317626 0.416819 0.545879 0.461333 0.402951 0.374286 0.923027 0.30115 0.453785 0.466201 0.319765 0.718796 0.526277 0.480088 0.545448 0.402857 0.322823 0.551285 0.330432 0.357737 0.390978 0.554572 0.373484 0.400126 0.35067 0.362765 0.361269 0.399134 0.488093 0.988664 0.403687 0.455634 0.367097 0.483421 0.415869 0.404986 0.401997 0.709757 0.378834 0.709015 1.01745 0.471397 0.373167 0.399022 1.1385 0.322474 0.367274 0.354355 0.545666 0.935333 1.16362 0.409361 0.392989 0.352097 0.489856 0.40924 0.534537 0.334201 0.403074 0.705306 0.351062 0.468541 0.337054 1.02303 0.510291 0.369981 1.03877 0.356088 0.535492 0.340899 0.320657 0.410644 0.552996 1.01966 0.455653 0.446569 0.403416 0.417279 0.558422 0.321428 0.344773 0.487477 0.721864 0.372771 0.397313 0.532718 1.55721 0.374503 0.718083 0.405634 0.407412 0.727303 0.416717 0.522018 0.437498 0.390559 0.35826 0.352957 0.358432 0.422576 0.379792 0.300669 1.20221 1.26555 0.343063 0.312325 0.3795 0.374708 0.327262 0.552827 0.40591 0.488049 1.03485 0.346725 0.399912 0.344733 0.336895 0.352677 0.709169 0.37983 0.548655 0.326023 0.318382 0.377725 0.405441 0.706343 0.476842 0.335513 0.556743 0.378978 0.395069 1.66868 0.354235 0.630893 0.344816 1.64138 0.678845 0.485998 0.449321 0.40952 0.355688 1.5074 0.528319 0.369668 0.621313 0.952941 0.397717 0.400544 0.342176 0.353297 0.387804 0.402604 0.714416 0.381563 0.38712 0.404216 0.403247 0.335072 0.980575 0.399963 0.540004 0.37091 0.463918 0.40875 0.457637 0.356839 0.475899 0.442126 0.464345 0.39352 0.468195 0.361929 0.529369 0.393198 1.19666 0.578127 0.400585 0.305873 0.362126 0.54368 0.460001 0.946552 0.419769 0.360233 0.40337 0.552523 0.350533 0.358872 1.18524 0.387956 0.679306 1.49803 1.38447 0.705245 0.902951 0.457325 0.54339 0.363653 1.04999 0.51489 0.338198 0.972705 0.38467 0.557382 0.550008 0.343843 0.373882 0.549165 0.46856 0.40278 0.373635 0.373472 0.903414 0.321745 0.486662 0.979511 0.434424 0.404635 0.397624 0.299424 0.341879 0.393567 0.404686 0.403785 0.442639 0.655271 0.61614 0.529021 0.342068 0.410616 0.402809 0.300855 0.335454 0.402604 0.466927 0.368815 0.402456 0.725756 0.363625 0.327371 0.399961 0.363228 0.548479 0.346206 0.307819 0.340659 0.480813 1.50669 0.703814 0.897747 0.366286 0.314564 0.396741 0.438674 1.27753 0.466006 0.403635 0.998571 0.467543 0.32459 0.33159 0.314292 0.528574 0.459836 0.404067 0.467253 0.399004 0.457289 0.431467 0.484654 1.49932 0.410249 0.401887 0.396218 0.543814 0.359026 0.614578 0.351333 0.521683 0.473469 0.485599 0.43357 0.94208 0.397084 0.325652 0.407213 0.540224 1.49382 0.458615 0.469316 0.467072 0.355616 0.318738 0.543704 1.25048 0.139903 0.401016 0.342917 0.390046 0.540003 0.335991 0.313264 0.319444 1.0082 0.414629 0.343069 0.395236 0.367433 0.384184 1.12551 0.404899 0.353335 0.434996 0.384257 0.368818 0.553527 0.474779 0.555751 0.969343 0.542837 1.02736 0.349705 1.18947 0.360806 0.348565 0.334814 0.377476 0.460003 0.393986 1.58193 1.00809 1.00537 1.54219 0.71987 0.379268 0.450579 0.465261 0.463265 1.58307 0.370859 0.527039 0.54417 0.340231 0.413332 0.581369 0.342989 0.388925 0.72345 1.01592 0.309904 0.424599 0.976954 0.401802 0.553948 0.363113 0.407889 1.25597 0.39672 0.350204 0.642956 0.341841 0.634639 1.18979 0.325066 0.467757 0.426323 0.328775 0.409543 0.392229 0.35783 0.379648 0.937955 0.366261 0.467112 0.403696 0.33931 0.540949 0.391311 0.394917 0.391636 0.542371 0.599449 0.533748 0.484484 0.553559 0.344382 0.427585 0.354752 1.36431 0.329597 0.641056 0.330023 0.466125 0.317106 0.462962 0.722497 0.391732 0.403919 0.140106 0.402191 0.33471 0.43577 0.343021 0.352076 0.379809 1.45707 0.355949 0.386937 1.01554 0.33761 0.384027 0.543141 0.390672 1.53699 0.549935 0.553533 0.376225 0.324554 0.453077 0.645325 0.354359 0.546139 0.359538 0.457982 0.701289 0.404075 0.346613 1.05374 0.403434 0.937102 0.339733 0.308744 0.538901 0.718063 0.428381 0.649994 0.443676 0.474447 0.350606 0.448283 0.897888 0.401942 0.320907 0.383093 0.416337 0.901 0.464901 0.359207 0.376019 0.404445 0.406727 1.66 0.735046 0.356673 0.357875 0.321185 0.98757 0.542325 1.56764 0.353112 0.400873 0.481734 1.28327 0.981094 0.547665 0.352393 0.34605 0.342161 0.398839 1.05001 1.2834 0.401735 0.723774 0.543451 0.548425 0.405199
Testing:
Lab Growth Rates:
0.55 0.55 0.55
Dot Production Prediction of Lab Growth Rates:
0.434996 0.436581 0.419204
Best performance so far: 
Obj: 4.66511e-310Rho: 2.26291e-314Diff: 4.66511e-310
Anneal again with the best G and E so far as input
Cycle 2Round 1
Iter 500000 pBad 0.811527 T 0.00107664 Obj 1.04618 Rho 0 GRdif 26.457 success 109467 failure 11386 obj_new 1.04618 SA_pAcc 1 Delta 0.0502942 SA_r 0.0602442 freedomratio 0.262662
Iter 1000000 pBad 0.715369 T 0.000296742 Obj 1.03672 Rho 0 GRdif 21.1315 success 215399 failure 31696 obj_new 1.03672 SA_pAcc 0.73339 Delta 0.0574836 SA_r 0.521826 freedomratio 0.261374
Iter 1500000 pBad 0.635481 T 8.17877e-05 Obj 1.02679 Rho 0 GRdif 15.4942 success 317771 failure 59138 obj_new 1.02679 SA_pAcc 1 Delta -0.0431793 SA_r 0.968709 freedomratio 0.256231
Iter 2000000 pBad 0.548568 T 2.25422e-05 Obj 1.02275 Rho 0 GRdif 13.1795 success 418682 failure 92027 obj_new 1.02275 SA_pAcc 1 Delta -0.0143706 SA_r 0.0332731 freedomratio 0.260098
Iter 2500000 pBad 0.412992 T 6.21307e-06 Obj 1.0178 Rho 0 GRdif 10.3377 success 514498 failure 134640 obj_new 1.0178 SA_pAcc 1 Delta -0.0205756 SA_r 0.770553 freedomratio 0.255226
Iter 3000000 pBad 0.264895 T 1.71244e-06 Obj 1.01316 Rho 0 GRdif 7.66171 success 607442 failure 185537 obj_new 1.01316 SA_pAcc 9.62303 Delta -0.0194371 SA_r 0.474917 freedomratio 0.24145
Iter 3500000 pBad 0.207979 T 4.71981e-07 Obj 1.00981 Rho 0 GRdif 5.71826 success 687138 failure 270403 obj_new 1.00981 SA_pAcc 1 Delta 0.0192021 SA_r 0.00666834 freedomratio 0.234494
Iter 4000000 pBad 0.124259 T 1.30087e-07 Obj 1.00896 Rho 0 GRdif 5.22907 success 747661 failure 400582 obj_new 1.00896 SA_pAcc 1 Delta 0.0015689 SA_r 0.267583 freedomratio 0.214416
Iter 4500000 pBad 0.0486302 T 3.58544e-08 Obj 1.00854 Rho 0 GRdif 4.98671 success 790237 failure 589512 obj_new 1.00855 SA_pAcc 1.11991e-18 Delta 0.000448331 SA_r 0.304778 freedomratio 0.186862
Iter 5000000 pBad 0.0209316 T 9.88214e-09 Obj 1.00835 Rho 0 GRdif 4.87158 success 817104 failure 842635 obj_new 1.00835 SA_pAcc 1 Delta 0.000593188 SA_r 0.579701 freedomratio 0.168585
Iter 5500000 pBad 0.0109591 T 2.72371e-09 Obj 1.0083 Rho 0 GRdif 4.84219 success 831974 failure 1142379 obj_new 1.0083 SA_pAcc 1 Delta 0.000230457 SA_r 0.557803 freedomratio 0.159543
Iter 6000000 pBad 0.00745797 T 7.50705e-10 Obj 1.00828 Rho 0 GRdif 4.96399 success 841163 failure 1471149 obj_new 1.00851 SA_pAcc 0 Delta -0.000742103 SA_r 0.534512 freedomratio 0.151971
Iter 6500000 pBad 0.0022363 T 2.06908e-10 Obj 1.00827 Rho 0 GRdif 4.82572 success 848241 failure 1819016 obj_new 1.00827 SA_pAcc 0 Delta -0.000197441 SA_r 0.500198 freedomratio 0.14639
Iter 7000000 pBad 0.000704411 T 5.70279e-11 Obj 1.00826 Rho 0 GRdif 4.82272 success 854084 failure 2182171 obj_new 1.00826 SA_pAcc 0 Delta 3.34349e-05 SA_r 0.892062 freedomratio 0.141649
Iter 7500000 pBad 0.00060649 T 1.5718e-11 Obj 1.00826 Rho 0 GRdif 4.82312 success 858169 failure 2559360 obj_new 1.00826 SA_pAcc 0 Delta -2.97194e-05 SA_r 0.150577 freedomratio 0.13906
Iter 8000000 pBad 0.000242679 T 4.33217e-12 Obj 1.00826 Rho 0 GRdif 4.82237 success 863045 failure 2942365 obj_new 1.00826 SA_pAcc 0 Delta 2.3394e-05 SA_r 0.473473 freedomratio 0.135931
Iter 8500000 pBad 0.000569772 T 1.19403e-12 Obj 1.00826 Rho 0 GRdif 4.8199 success 867699 failure 3338383 obj_new 1.00826 SA_pAcc 2.14809e-161 Delta 1.47111e-05 SA_r 0.206592 freedomratio 0.133698
Iter 9000000 pBad 8.918e-19 T 3.29096e-13 Obj 1.00826 Rho 0 GRdif 4.81975 success 873592 failure 3730668 obj_new 1.00826 SA_pAcc 0 Delta -4.81844e-20 SA_r 0.68259 freedomratio 0.13002
Iter 9500000 pBad 6.96058e-27 T 9.07052e-14 Obj 1.00826 Rho 0 GRdif 4.81978 success 876084 failure 4090643 obj_new 1.00826 SA_pAcc 0 Delta 1.68602e-28 SA_r 0.232175 freedomratio 0.127864
Good enough
iter 9.33701e+06 obj1.00826 rho 0 GRdif 4.81956
Training:
Lab Growth Rates:
0.11 0.54 0.7 0.37 0.4 0.4 0.33 0.56 0.54 0.58 1.67 0.11 0.19 0.636 0.4 0.54 0.4 0.54 0.42 0.23 0.7 0.5 0.23 0.4 0.53 0.56 0.43 0.5 0.485 0.2 0.4 0.33 0.42 0.3 0.56 0.46 0.648 0.65 0.4 1.66 0.17 0.55 0.56 0.5 0.3 0.37 0.47 0.5 0.5 0.485 0.46 0.4 0.37 0.48 0.46 0.52 0.5 0.45 0.5 0.4 0.5 0.53 0.22 0.25 0.5 0.42 0.23 0.4 0.58 1.46 0.4 0.25 0.55 0.33 0.65 0.36 1.483 0.41 0.59 0.38 0.4 0.53 0.65 0.1 0.59 0.23 0.4 1.345 0.53 0.4 0.46 0.42 0.59 0.686 0.377 0.59 0.09 0.47 0.25 0.47 0.37 0.4 0.65 0.53 0.4 0.17 0.58 0.54 0.45 0.4 0.38 0.37 0.56 0.22 0.4 0.27 0.1 0.53 0.54 0.58 0.59 0.686 0.53 0.47 0.56 0.4 0.54 0.56 0.33 0.47 0.68 0.59 0.59 0.4 0.36 0.49 0.52 0.4 0.465 1.483 0.4 0.58 0.38 0.481 0.23 0.47 0.4 0.635 0.51 0.648 1.483 0.56 0.11 0.4 0.901 0.48 0.36 0.52 0.5 1.483 1.35 0.37 0.68 0.42 0.476 0.47 0.37 0.5 0.4 0.635 0.26 0.58 0.4 1.345 0.46 0.5 1.46 0.33 0.54 0.48 0.58 0.22 0.56 1.345 0.26 0.46 0.4 0.23 0.5 0.19 0.42 0.46 0.71 0.52 0.59 0.53 1.42 0.42 0.71 0.37 0.37 0.71 0.33 0.53 0.1 0.3 0.43 0.47 0.27 0.43 0.45 0.3 1.248 0.762 0.3 0.39 0.52 0.58 0.59 0.55 0.4 0.476 1.46 0.47 0.4 0.47 0.5 0.36 0.648 0.47 0.53 0.41 0.39 0.58 0.6 0.637 0.377 0.5 0.42 0.37 0.43 1.05 0.42 0.5 0.48 1.46 0.65 0.465 0.46 0.43 0.43 0.45 0.54 0.25 0.5 1.345 0.4 0.4 0.36 0.41 0.45 0.4 0.25 0.52 0.27 0.51 0.4 0.5 1.345 0.43 0.54 0.43 0.22 0.3 0.56 0.42 0.41 0.46 0.58 0.36 0.46 0.52 0.5 0.43 1.248 0.42 0.37 0.3 0.49 0.23 0.46 1.483 0.3 0.54 0.4 0.56 0.48 0.58 1.248 0.3 0.65 0.45 1.03 0.635 0.901 0.56 0.56 0.42 1.05 0.25 0.46 1.483 0.47 0.27 0.59 0.09 0.42 0.55 0.5 0.4 0.54 0.54 0.901 0.42 0.485 1.483 0.55 0.4 0.4 0.3 0.39 0.47 0.46 0.4 0.54 0.65 0.5 0.5 0.58 0.6 0.36 0.27 0.36 0.4 0.41 0.41 0.4 0.686 0.54 0.32 0.4 0.46 0.59 0.58 0.54 0.48 0.481 1.4 0.637 0.901 0.52 0.48 0.4 0.54 0.762 0.301 0.4 1.345 0.56 0.19 0.33 0.39 0.53 0.22 0.4 0.58 0.3 0.58 0.54 0.485 0.45 0.2 0.4 0.4 0.54 0.54 0.5 0.47 0.46 0.47 0.476 0.46 1.345 0.52 0.38 0.45 0.23 0.45 0.56 0.58 0.301 0.54 0.42 0.31 1.43 0.14 0.4 0.42 0.47 0.26 0.59 0.37 0.39 1.345 0.37 0.45 0.68 0.33 0.49 0.1 0.4 0.32 0.55 0.53 0.25 0.31 0.41 0.59 1.483 0.5 1.05 0.52 1.248 0.45 0.47 0.45 0.22 0.5 0.4 0.45 1.483 1.345 1.67 0.724 0.3 0.46 0.58 0.22 1.49 0.43 0.5 0.55 0.54 0.37 0.5 0.52 0.37 0.636 1.345 0.32 0.3 1.483 0.4 0.42 0.38 0.2 1.43 0.5 0.53 0.7 0.36 0.65 1.248 0.5 0.58 0.09 0.5 0.45 0.68 0.25 0.47 1.345 0.1 0.301 0.4 0.45 0.54 0.3 0.4 0.68 0.59 0.617 0.56 0.465 0.54 0.4 0.6 0.46 1.38 0.47 0.7 0.33 0.46 0.48 0.5 0.724 0.4 0.4 0.14 0.4 0.17 0.54 0.45 0.47 0.51 0.1 0.45 0.47 1.345 0.39 0.46 0.54 0.52 0.45 0.31 0.5 0.41 0.48 0.47 0.5 0.43 0.55 0.45 0.58 0.637 0.4 0.41 1.05 0.4 0.1 0.34 0.46 0.53 0.636 0.37 0.65 0.1 0.377 0.22 0.43 0.901 0.4 0.34 0.54 0.23 0.901 0.58 0.58 0.53 0.4 0.6 1.66 0.1 0.5 0.47 0.34 1.483 0.56 1.44 0.42 0.4 0.481 0.762 1.483 0.56 0.59 0.47 0.27 0.4 1.05 0.762 0.4 0.724 0.59 0.55 0.54
Dot Production Prediction of Lab Growth Rates:
0.334243 0.407345 0.699863 0.397849 0.403511 0.399409 0.527506 0.467348 0.461158 0.300294 1.34619 0.359403 0.299328 0.725281 0.403602 0.367408 0.404467 0.377931 0.327549 0.552843 0.705914 0.360543 0.548986 0.397921 0.331949 0.547129 0.421439 0.469737 0.472674 0.332745 0.40421 0.50658 0.31988 0.446443 0.544661 0.301925 0.702301 0.649376 0.400334 1.56176 0.30568 0.475207 0.525888 0.552708 0.512347 0.402827 0.396937 0.775401 0.36011 0.475991 0.362046 0.395327 0.410422 0.297517 0.391192 0.341897 0.310697 0.394747 0.473983 0.392326 0.475659 0.31019 0.46663 0.513093 0.822229 0.34621 0.54454 0.401353 0.365254 1.06444 0.396646 0.286132 0.557146 0.330003 0.650198 0.322757 1.28321 0.395702 0.315678 0.300418 0.399137 0.46622 0.655346 1.25005 0.537857 0.55824 0.396093 1.3565 0.534204 0.382705 0.473131 0.312715 0.34819 0.718276 0.469507 0.318004 0.39544 0.365678 1.4648 0.385142 0.403706 0.395155 0.623311 0.435194 0.389196 0.429446 0.441242 0.354834 1.49789 0.399963 0.286304 0.410245 0.539974 0.470085 0.401163 0.3743 1.0528 0.286896 0.467095 0.460957 0.310617 0.716646 0.529079 0.449943 0.554309 0.401533 0.332565 0.556783 0.312451 0.372792 0.390677 0.547445 0.389682 0.402847 0.343601 0.380923 0.336975 0.399831 0.468443 1.26283 0.40207 0.460669 0.400391 0.469551 0.419777 0.41044 0.399627 0.714562 0.430721 0.70919 1.36131 0.465329 0.388645 0.395275 1.28505 0.292708 0.363954 0.378415 0.562272 1.30514 1.12769 0.425991 0.396418 0.353458 0.470275 0.414278 0.558995 0.327763 0.40295 0.712431 0.354318 0.463903 0.308934 1.3345 0.540999 0.3932 1.07225 0.350848 0.540759 0.341946 0.31201 0.438416 0.5383 1.32356 0.469955 0.447149 0.399521 0.419359 0.72886 0.307973 0.357387 0.53109 0.715644 0.366234 0.406187 0.526968 1.52783 0.364096 0.710633 0.401888 0.40598 0.722866 0.480677 0.536504 0.447887 0.564824 0.37141 0.356289 0.361209 0.431354 0.365702 0.297414 1.25794 1.44225 0.32898 0.308759 0.362516 0.384433 0.323685 0.550002 0.407394 0.469593 1.07137 0.341246 0.400001 0.341009 0.353194 0.352358 0.70781 0.38507 0.54324 0.325685 0.329296 0.373797 0.592884 0.713402 0.468195 0.320868 0.566624 0.371667 0.376427 1.41498 0.326398 0.836441 0.347378 1.46365 0.65243 0.468885 0.459241 0.398352 0.348541 1.43132 0.549113 0.341134 0.881942 1.31358 0.395837 0.397973 0.357128 0.371643 0.411412 0.403565 1.01453 0.395375 0.386693 0.431709 0.404312 0.311666 1.34778 0.382811 0.535861 0.342871 0.474046 0.396455 0.462737 0.348242 0.479449 0.413459 0.469193 0.423042 0.460817 0.366633 0.535847 0.395216 1.24753 0.578591 0.398987 0.303486 0.375905 0.547331 0.466531 1.30677 0.609549 0.385089 0.399565 0.541314 0.338519 0.372971 1.2519 0.545869 0.661028 1.4148 1.27093 0.712977 0.905327 0.463436 0.545042 0.368743 1.05 0.549298 0.346715 1.287 0.389699 0.594088 0.550301 0.344889 0.387118 0.555485 0.469654 0.40171 0.391163 0.411396 0.901002 0.289069 0.471036 1.33724 0.474385 0.403378 0.393286 0.300696 0.335041 0.398713 0.446556 0.401356 0.459743 0.649766 0.853589 0.53529 0.345577 0.591966 0.41425 0.281573 0.329782 0.404329 0.478268 0.383115 0.398759 0.718579 0.389502 0.320427 0.399282 0.362831 0.544996 0.345845 0.268923 0.33202 0.471919 1.40134 0.713416 0.896965 0.374773 0.298214 0.390327 0.465333 1.45094 0.480994 0.403071 1.27695 0.464735 0.315429 0.295366 0.292334 0.529396 0.469933 0.399797 0.467014 0.584318 0.462318 0.457688 0.469079 1.4339 0.359622 0.402708 0.391039 0.531916 0.378297 0.886589 0.363226 0.552009 0.442538 0.46546 0.404937 1.32612 0.396218 0.288781 0.438803 0.54309 1.39417 0.462271 0.46758 0.48917 0.336 0.313424 0.606532 1.19437 0.140138 0.401423 0.322369 0.378277 0.583233 0.308619 0.276016 0.307256 1.33398 0.405423 0.360089 0.39239 0.364166 0.398861 1.24087 0.405501 0.331302 0.478015 0.424206 0.335286 0.597346 0.480243 0.548951 1.31638 0.542025 1.03553 0.327925 1.2458 0.373723 0.346628 0.313059 0.402538 0.46432 0.38623 1.48519 1.32054 1.36871 1.46823 0.719058 0.366631 0.459642 0.46775 0.471307 1.49789 0.371247 0.722831 0.543872 0.333507 0.411206 0.744887 0.356581 0.396006 0.72119 1.3167 0.297974 0.585758 1.3087 0.401454 0.548818 0.382569 0.370951 1.20625 0.422862 0.365249 0.704718 0.312686 0.650002 1.24218 0.319609 0.463635 0.459787 0.337591 0.405923 0.396145 0.335791 0.384361 1.30753 0.360501 0.485792 0.363607 0.355545 0.557597 0.553136 0.389701 0.390929 0.541759 0.617001 0.528053 0.466563 0.550838 0.32466 0.614044 0.352629 1.27765 0.305365 0.707789 0.315903 0.459995 0.303632 0.465203 0.72078 0.384164 0.402021 0.139995 0.399494 0.31615 0.457947 0.359972 0.342804 0.387211 1.41302 0.339897 0.388361 1.31629 0.32535 0.403366 0.539957 0.377276 1.46898 0.632558 0.694429 0.418612 0.317183 0.46089 0.873161 0.346107 0.550431 0.358372 0.462308 0.710535 0.40421 0.363671 1.06169 0.404297 1.06131 0.320145 0.291707 0.537616 0.716413 0.446063 0.642467 0.45393 0.474602 0.348439 0.446687 0.897872 0.401047 0.296699 0.363439 0.418595 0.884304 0.455179 0.349193 0.402869 0.402345 0.57336 1.54174 1.03368 0.368221 0.353959 0.315989 1.2834 0.549898 1.479 0.320504 0.401096 0.468554 1.44508 1.33662 0.547593 0.327833 0.362683 0.340916 0.395096 1.05873 1.47367 0.396852 0.722662 0.543461 0.545509 0.375566
Testing:
Lab Growth Rates:
0.55 0.55 0.55
Dot Production Prediction of Lab Growth Rates:
0.473835 0.472684 0.464256
Best performance so far: 
Obj: 4.66511e-310Rho: 6.5069e-314Diff: 4.66511e-310
Test:
 Lab Growth Rates:
0.55 0.55 0.55Dot Product Prediction of Growth Rate:
0.4738352 0.4726835 0.4642558