seed =  5 traits =  1 
Training: part  121 
Training: part  121 
Round  1 
 Goal of obj  0.99 
Temperature range:  0.0078125 4e-12 
Cycle 1Round 1
Iter 500000 pBad 0.893679 T 0.00268074 Obj 1.09788 Rho 0 GRdif 54.91 success 147787 failure 7027 obj_new 1.09788 SA_pAcc 0.941504 Delta -0.0312813 SA_r 0.015238 freedomratio 0.381818
Iter 1000000 pBad 0.827949 T 0.000919852 Obj 1.04771 Rho 0 GRdif 27.4055 success 292851 failure 20034 obj_new 1.04771 SA_pAcc 0.896766 Delta 0.0343173 SA_r 0.657692 freedomratio 0.369579
Iter 1500000 pBad 0.799129 T 0.000315632 Obj 1.0339 Rho 0 GRdif 19.6045 success 436745 failure 36977 obj_new 1.0339 SA_pAcc 1.10125 Delta -0.0177644 SA_r 0.160505 freedomratio 0.36796
Iter 2000000 pBad 0.760767 T 0.000108304 Obj 1.02702 Rho 0 GRdif 15.6794 success 578300 failure 59149 obj_new 1.02702 SA_pAcc 1.02384 Delta -0.0130082 SA_r 0.227247 freedomratio 0.372388
Iter 2500000 pBad 0.594427 T 3.71628e-05 Obj 1.01934 Rho 0 GRdif 11.2661 success 717580 failure 87375 obj_new 1.01934 SA_pAcc 0.969158 Delta 0.01183 SA_r 0.658797 freedomratio 0.364991
Iter 3000000 pBad 0.486684 T 1.27518e-05 Obj 1.01557 Rho 0 GRdif 9.08279 success 852206 failure 122543 obj_new 1.01557 SA_pAcc 1 Delta 0.00485512 SA_r 0.00644767 freedomratio 0.367041
Iter 3500000 pBad 0.339015 T 4.37558e-06 Obj 1.01261 Rho 0 GRdif 7.3682 success 973814 failure 181651 obj_new 1.01261 SA_pAcc 0.82681 Delta 0.0280134 SA_r 0.738911 freedomratio 0.339688
Iter 4000000 pBad 0.313645 T 1.50141e-06 Obj 1.00974 Rho 0 GRdif 5.69656 success 1084185 failure 264516 obj_new 1.00974 SA_pAcc 1 Delta -0.0223664 SA_r 0.51146 freedomratio 0.344666
Iter 4500000 pBad 0.157656 T 5.15184e-07 Obj 1.00859 Rho 0 GRdif 5.02878 success 1175974 failure 385707 obj_new 1.00859 SA_pAcc 0.724033 Delta -0.0113148 SA_r 0.146443 freedomratio 0.320611
Iter 5000000 pBad 0.0834761 T 1.76777e-07 Obj 1.00815 Rho 0 GRdif 4.771 success 1237758 failure 574592 obj_new 1.00815 SA_pAcc 0.812632 Delta 0.00233389 SA_r 0.919929 freedomratio 0.276186
Iter 5500000 pBad 0.0389692 T 6.06582e-08 Obj 1.00791 Rho 0 GRdif 4.63423 success 1278422 failure 819600 obj_new 1.00791 SA_pAcc 0.211129 Delta -0.00118539 SA_r 0.997091 freedomratio 0.249682
Iter 6000000 pBad 0.0195935 T 2.08139e-08 Obj 1.00783 Rho 0 GRdif 4.60889 success 1303213 failure 1111448 obj_new 1.00787 SA_pAcc 0 Delta 0.00130159 SA_r 0.138719 freedomratio 0.227995
Iter 6500000 pBad 0.010584 T 7.14194e-09 Obj 1.00781 Rho 0 GRdif 4.57163 success 1317282 failure 1438654 obj_new 1.00781 SA_pAcc 2.08061e-05 Delta 0.000679236 SA_r 0.75856 freedomratio 0.213275
Iter 7000000 pBad 0.00629751 T 2.45064e-09 Obj 1.0078 Rho 0 GRdif 4.56938 success 1325240 failure 1786089 obj_new 1.0078 SA_pAcc 0 Delta -0.000338038 SA_r 0.461697 freedomratio 0.208807
Iter 7500000 pBad 0.00395519 T 8.40898e-10 Obj 1.0078 Rho 0 GRdif 4.56619 success 1329902 failure 2145320 obj_new 1.0078 SA_pAcc 1 Delta 0.000294331 SA_r 0.277132 freedomratio 0.204878
Iter 8000000 pBad 0.00220776 T 2.88541e-10 Obj 1.00779 Rho 0 GRdif 4.56538 success 1333042 failure 2510008 obj_new 1.00779 SA_pAcc 1 Delta -0.000144844 SA_r 0.607702 freedomratio 0.203249
Iter 8500000 pBad 0.000829241 T 9.9008e-11 Obj 1.00779 Rho 0 GRdif 4.57225 success 1335053 failure 2877814 obj_new 1.00781 SA_pAcc 0 Delta 5.65308e-06 SA_r 0.0310887 freedomratio 0.201923
Iter 9000000 pBad 0.000262513 T 3.3973e-11 Obj 1.00779 Rho 0 GRdif 4.56656 success 1336382 failure 3247875 obj_new 1.0078 SA_pAcc 0 Delta -1.1085e-05 SA_r 0.669065 freedomratio 0.202549
Iter 9500000 pBad 0.000594912 T 1.16573e-11 Obj 1.00779 Rho 0 GRdif 4.56422 success 1337658 failure 3618721 obj_new 1.00779 SA_pAcc 1 Delta -2.18379e-06 SA_r 0.865893 freedomratio 0.201854
Iter 10000000 pBad 0.000598407 T 4.00001e-12 Obj 1.00779 Rho 0 GRdif 4.56577 success 1340516 failure 3984944 obj_new 1.0078 SA_pAcc 0 Delta 4.65149e-05 SA_r 0.52668 freedomratio 0.201301
Cannot move further
iter 9.99995e+06 obj1.00779 rho 0 GRdif 4.56411
Training:
Lab Growth Rates:
0.65 1.05 1.345 0.53 0.47 0.11 0.46 0.56 0.1 0.41 1.483 0.55 0.17 0.58 1.483 0.5 0.46 0.19 0.37 1.248 0.23 0.46 0.22 0.5 0.42 1.46 0.377 0.26 0.47 0.52 0.47 0.55 0.47 0.4 0.23 1.483 1.345 1.345 0.45 0.36 0.26 0.54 0.37 1.483 0.55 0.46 0.25 1.43 0.23 0.55 0.59 0.2 0.71 0.59 1.66 0.476 0.636 0.23 0.56 0.33 0.56 0.5 0.42 0.3 0.5 0.6 0.32 0.59 0.54 0.47 0.52 0.54 0.481 0.46 0.4 0.34 0.43 0.47 0.5 0.636 0.33 0.47 0.58 0.54 0.54 0.47 0.4 0.5 0.4 0.762 0.5 0.53 0.53 0.5 0.5 0.55 0.901 0.54 0.43 0.54 1.483 0.762 0.4 0.59 0.42 1.248 0.1 0.45 0.53 0.54 0.38 0.686 0.5 0.45 0.485 0.4 0.4 0.46 0.4 1.05 0.31 0.4 0.45 0.45 0.5 0.901 0.55 0.47 0.1 0.648 0.465 0.48 0.37 0.617 0.22 0.724 0.762 0.36 0.53 0.45 0.46 0.25 0.37 0.42 0.4 0.4 0.4 1.483 0.54 0.648 0.4 0.2 0.43 0.4 0.54 0.6 1.05 1.345 0.65 0.636 0.39 0.53 0.51 0.52 0.54 0.46 0.42 0.54 1.248 0.32 0.55 0.48 0.49 0.32 0.31 0.48 0.5 0.11 0.25 0.4 0.637 0.55 0.71 0.31 0.46 0.52 0.4 0.4 0.59 0.33 0.55 0.51 0.4 0.54 0.4 0.46 0.635 0.46 0.58 0.52 0.52 0.58 0.5 0.3 0.55 0.45 1.248 0.47 1.248 0.58 0.59 0.3 1.345 0.45 0.54 0.3 0.58 0.54 0.47 0.5 0.901 0.3 0.39 0.71 0.27 0.47 0.37 0.48 0.4 0.686 1.05 0.53 1.67 0.4 0.3 0.34 0.56 1.03 0.42 0.4 1.483 0.33 0.476 0.37 0.4 0.377 0.47 0.5 0.48 0.19 0.4 0.38 0.56 0.901 0.1 0.37 0.4 0.33 0.54 0.42 0.58 1.49 0.4 1.345 0.46 0.37 0.54 0.56 0.4 0.43 0.42 0.45 1.345 0.42 0.25 0.52 0.46 0.4 0.39 0.27 0.58 0.5 0.23 0.37 0.5 0.45 0.23 0.09 1.66 0.4 0.7 0.1 0.58 0.637 0.42 0.56 0.48 1.345 0.22 0.58 0.52 0.37 0.65 0.48 0.5 0.4 1.483 0.58 0.48 0.47 0.3 0.6 0.41 0.485 0.7 0.39 0.55 0.56 0.3 0.3 0.485 0.58 0.5 0.5 0.481 0.25 0.56 0.56 0.43 0.33 1.483 0.54 0.5 0.4 0.42 0.41 0.42 0.41 0.37 0.53 0.43 0.47 0.54 1.05 0.22 0.14 0.53 0.51 0.53 0.59 0.42 0.4 0.27 0.36 0.54 0.6 0.42 0.38 0.58 0.11 0.19 0.47 0.1 0.42 0.42 0.52 1.345 0.54 0.22 0.43 0.48 0.25 0.55 0.301 0.3 0.56 0.36 0.54 0.4 0.49 0.4 0.45 0.4 1.46 0.14 0.56 0.33 0.17 0.27 0.56 0.4 0.46 1.345 0.46 0.59 0.38 0.36 0.38 0.42 0.56 0.4 0.3 0.5 0.68 0.59 0.635 1.345 1.483 0.4 0.476 0.648 0.58 0.47 0.5 0.54 0.68 0.41 0.5 0.56 0.47 0.5 0.68 0.635 0.36 1.38 1.43 0.4 0.58 0.53 0.56 0.56 0.49 0.46 0.41 0.54 0.4 0.43 0.3 0.68 0.58 0.65 0.4 0.54 0.52 0.5 0.1 0.22 0.45 0.45 1.42 0.22 0.45 0.4 1.44 0.27 0.2 0.1 0.45 0.47 0.3 0.4 1.46 0.54 0.09 0.485 0.4 0.45 0.4 0.53 0.42 0.17 0.41 0.37 0.5 0.46 0.58 0.54 1.4 0.4 0.56 1.67 0.09 0.46 1.35 0.481 0.39 0.23 0.5 0.45 0.33 0.3 0.4 0.47 0.4 0.53 0.46 0.68 0.7 0.47 0.4 0.22 0.59 0.36 0.4 0.901 0.5 0.43 0.34 0.27 0.65 0.4 0.58 0.43 0.465 0.43 0.59 0.65 0.4 0.37 0.25 0.4 0.4 1.345 0.5 0.53 0.45 0.377 0.37 0.4 0.65 0.53 0.4 0.5 0.41 0.65 0.52 0.4 0.59 0.58 0.39 0.901 1.483 0.47 0.4 0.26 0.4 0.1 0.25 0.43 0.36 0.59 0.47 0.46 0.301 0.46 0.59 0.23 0.4 0.47 0.52 0.686 0.23 0.36 0.33 1.483 0.59 0.59 0.5 0.58 1.46 0.724 0.762 0.7 0.301 0.4 0.65 0.5 0.37 0.4 0.637 0.724 0.45 0.4 0.465 0.41 0.54 0.58 0.37
Dot Production Prediction of Lab Growth Rates:
0.631444 1.5231 1.14831 0.303946 0.349943 0.368739 0.512474 0.519439 0.446153 0.355792 1.11384 0.545583 0.401064 0.476305 1.09419 0.589804 0.329867 0.324805 0.410282 0.898097 0.528903 0.346011 0.48584 0.340439 0.613395 1.04492 0.4838 0.456624 0.382058 0.354264 0.342379 0.546414 0.391855 0.397312 0.525613 1.03184 1.15703 1.06199 0.416098 0.385917 0.550649 0.366083 0.403682 1.10363 0.557121 0.499598 1.61542 1.20428 0.539931 0.556111 0.540708 0.399054 0.721392 0.332762 1.66 0.490492 0.719994 0.423586 0.474232 0.320319 0.532769 0.495584 0.327173 0.384443 0.52747 0.446288 0.319531 0.549568 0.461623 0.503207 0.346293 0.316952 0.480791 0.475143 0.399618 0.334099 0.342926 0.36548 0.533337 0.716156 0.356083 0.356213 0.323378 0.376609 0.400548 0.393137 0.400009 0.37452 0.399987 0.853058 0.475538 0.334718 0.397569 0.644312 0.613749 0.45664 0.905854 0.464472 0.398241 0.455671 1.1475 0.841617 0.397996 0.337284 0.589219 0.902153 1.03639 1.59232 0.52864 0.455847 0.363925 0.718931 0.333989 1.66007 0.483022 0.39995 0.401303 0.330757 0.413437 1.05 0.566618 0.403525 1.57401 0.348982 0.669717 0.903323 0.461665 0.406236 1.16775 0.714523 0.492298 0.314386 0.407314 0.617013 0.479884 0.719647 0.851986 0.394126 0.482334 0.343326 0.31019 0.383909 0.330586 0.375506 0.400797 0.403312 0.397829 1.1478 0.366416 0.714399 0.39975 0.413783 0.437442 0.393822 0.529262 0.438369 1.01946 1.11085 0.666417 0.725828 0.316681 0.529754 0.390191 0.378869 0.404761 0.460016 0.358869 0.447178 0.906639 0.309085 0.447048 0.32576 0.368035 0.329101 0.552738 0.340575 0.337797 0.336536 0.314406 0.39523 0.709588 0.542982 0.716514 0.559174 0.318875 0.332771 0.400015 0.399187 0.339039 0.341759 0.459431 0.409931 0.399494 0.542172 0.394998 0.4588 0.710317 0.443167 0.472701 0.342899 0.393948 0.495061 0.471797 0.300024 0.554851 0.386568 0.89772 0.352624 0.892264 0.346948 0.539984 0.426178 1.04084 1.59218 0.358795 0.424427 0.364972 0.543257 0.389572 0.524744 0.900359 0.459356 0.327701 0.712301 0.355948 0.458223 0.412639 0.321189 0.397308 0.721837 1.0499 0.543111 1.64739 0.397513 0.30682 0.313791 0.529009 1.33282 0.351785 0.400181 1.08453 0.488495 0.4847 0.42334 0.400894 0.48037 0.342683 0.489174 0.29615 0.334807 0.403769 0.355447 0.486787 0.901777 0.752569 0.534927 0.400988 0.340183 0.298803 0.321383 0.476996 1.66305 0.395167 1.15624 0.301445 0.425719 0.382326 0.530111 0.399553 0.359252 0.382196 1.5893 1.13687 0.349097 0.376151 0.354803 0.472391 0.403427 0.307829 0.377425 0.351592 0.645006 0.530778 0.422584 0.404563 0.364481 0.423909 0.371808 1.66 0.400447 0.703816 1.53625 0.490218 0.714087 0.312092 0.532302 0.340738 1.15884 0.411523 0.467764 0.381161 0.40905 0.650019 0.337377 0.477407 0.403414 1.03555 0.355523 0.337924 0.338331 0.35293 0.443572 0.486596 0.477284 0.716971 0.314275 0.469202 0.536955 0.437651 0.399992 0.476141 0.336735 0.331598 0.685227 0.480708 0.501893 0.4906 0.526687 0.437371 0.322893 1.12581 0.544455 0.63664 0.39956 0.590943 0.368819 0.322637 0.359082 0.396407 0.399735 0.336841 0.365473 0.387977 1.05677 0.329961 0.14 0.527444 0.38231 0.309465 0.545141 0.345634 0.397255 0.586635 0.392535 0.38168 0.453231 0.335221 0.349214 0.295925 0.358405 0.322934 0.321644 0.342332 0.313958 0.344827 0.371445 1.14239 0.548217 0.485254 0.367659 0.307279 0.54016 0.456534 0.478124 0.378704 0.475741 0.3418 0.360403 0.402179 0.373304 0.399371 1.66305 0.397366 1.54619 0.14 0.535646 0.414344 0.305753 0.376834 0.535292 0.40016 0.472228 1.04869 0.4262 0.313573 0.32968 0.363761 0.370906 0.359211 0.540693 0.340788 0.420483 0.655916 0.502929 0.543793 0.710622 1.13299 1.07539 0.401369 0.487921 0.708346 0.368253 0.345328 0.596745 0.53645 0.503313 0.481396 0.572491 0.473032 0.391341 0.487918 0.5109 0.713745 0.342969 1.35476 1.21388 0.3551 0.472991 0.371531 0.537148 0.475394 0.360125 0.40711 0.481954 0.466437 0.403554 0.449489 0.296578 0.508939 0.473345 0.621926 0.401742 0.541427 0.347069 0.316919 0.87855 0.483802 0.34784 0.385552 1.62463 0.36951 0.322118 0.396077 1.59159 0.29714 0.419023 0.896899 0.364441 0.351178 0.428943 0.400126 1.03251 0.357846 0.332971 0.487524 0.39923 0.327734 0.401511 0.522955 0.39109 0.313939 0.312018 0.403504 0.361306 0.458058 0.474529 0.359205 1.43089 0.401596 0.541969 1.37848 0.429509 0.418585 1.13903 0.483452 0.335578 0.425194 0.326227 1.69657 0.319797 0.335839 0.401445 0.413315 0.400463 0.530015 0.476577 0.511578 0.70129 0.429831 0.402407 0.478177 0.393841 0.336449 0.400312 0.901 0.546315 0.368845 0.332958 0.346294 0.648817 0.399397 0.483842 0.394475 0.491092 0.411447 0.381008 0.642765 0.404039 0.386175 0.747056 0.398511 0.398875 1.17928 0.347426 0.545874 0.354116 0.481524 0.386957 0.401389 0.650578 0.351342 0.400967 0.528163 0.343249 0.65 0.351887 0.39632 0.549254 0.488452 0.296293 0.860655 1.13112 0.494758 0.39522 0.375832 0.397797 0.435743 0.361375 0.41719 0.328999 0.548612 0.408052 0.374232 0.480356 0.444703 0.345559 0.54731 0.400704 0.419039 0.410685 0.722365 0.54001 0.32133 0.449512 1.07799 0.338197 0.317183 0.358145 0.452775 1.03939 0.721189 0.86038 0.696896 0.474478 0.401763 0.670826 0.342709 0.413201 0.403113 0.716297 0.724015 0.394053 0.400679 0.487467 0.380501 0.3264 0.312573 0.421759
Testing:
Lab Growth Rates:
0.5
Dot Production Prediction of Lab Growth Rates:
0.568777
Best performance so far: 
Obj: 4.66627e-310Rho: 2.26291e-314Diff: 4.66627e-310
Anneal again with the best G and E so far as input
Cycle 2Round 1
Iter 500000 pBad 0.858968 T 0.00268074 Obj 1.11597 Rho 0 GRdif 64.5186 success 104370 failure 7312 obj_new 1.11597 SA_pAcc 1.14746 Delta -0.0477508 SA_r 0.931959 freedomratio 0.250533
Iter 1000000 pBad 0.789267 T 0.000919852 Obj 1.0818 Rho 0 GRdif 46.2328 success 207245 failure 18754 obj_new 1.0818 SA_pAcc 0.962876 Delta 0.0560852 SA_r 0.0095916 freedomratio 0.242975
Iter 1500000 pBad 0.725683 T 0.000315632 Obj 1.06195 Rho 0 GRdif 35.3454 success 307220 failure 36801 obj_new 1.06195 SA_pAcc 1.134 Delta -0.0345396 SA_r 0.59116 freedomratio 0.244287
Iter 2000000 pBad 0.653926 T 0.000108304 Obj 1.04012 Rho 0 GRdif 23.1301 success 404887 failure 61841 obj_new 1.04012 SA_pAcc 1 Delta 0.0251192 SA_r 0.31499 freedomratio 0.242674
Iter 2500000 pBad 0.56264 T 3.71628e-05 Obj 1.02678 Rho 0 GRdif 15.537 success 499374 failure 95334 obj_new 1.02678 SA_pAcc 1.93773 Delta 0.0234429 SA_r 0.585032 freedomratio 0.246438
Iter 3000000 pBad 0.589591 T 1.27518e-05 Obj 1.02163 Rho 0 GRdif 12.584 success 592055 failure 133026 obj_new 1.02163 SA_pAcc 1 Delta 0.0444189 SA_r 0.0792749 freedomratio 0.239706
Iter 3500000 pBad 0.450724 T 4.37558e-06 Obj 1.01744 Rho 0 GRdif 10.1796 success 684608 failure 170189 obj_new 1.01746 SA_pAcc 0.00319556 Delta 0.010715 SA_r 0.242402 freedomratio 0.236239
Iter 4000000 pBad 0.330433 T 1.50141e-06 Obj 1.01347 Rho 0 GRdif 7.86851 success 772766 failure 218001 obj_new 1.01347 SA_pAcc 1 Delta 0.00786666 SA_r 0.877752 freedomratio 0.231861
Iter 4500000 pBad 0.202867 T 5.15184e-07 Obj 1.01032 Rho 0 GRdif 6.0379 success 852776 failure 288205 obj_new 1.01032 SA_pAcc 1 Delta 0.0123483 SA_r 0.926193 freedomratio 0.219895
Iter 5000000 pBad 0.132754 T 1.76777e-07 Obj 1.00914 Rho 0 GRdif 5.34922 success 906491 failure 415615 obj_new 1.00914 SA_pAcc 0.199163 Delta 0.0112953 SA_r 0.229276 freedomratio 0.214677
Iter 5500000 pBad 0.0580464 T 6.06582e-08 Obj 1.00866 Rho 0 GRdif 5.07284 success 951744 failure 573582 obj_new 1.00866 SA_pAcc 1 Delta 0.000953261 SA_r 0.189105 freedomratio 0.189922
Iter 6000000 pBad 0.0318542 T 2.08139e-08 Obj 1.00859 Rho 0 GRdif 5.02811 success 974798 failure 797505 obj_new 1.00859 SA_pAcc 3.21919e-44 Delta 0.00260739 SA_r 0.628155 freedomratio 0.178778
Iter 6500000 pBad 0.0160621 T 7.14194e-09 Obj 1.00854 Rho 0 GRdif 4.99931 success 988179 failure 1058395 obj_new 1.00854 SA_pAcc 1 Delta -0.000833266 SA_r 0.0950085 freedomratio 0.16916
Iter 7000000 pBad 0.0100005 T 2.45064e-09 Obj 1.00852 Rho 0 GRdif 4.98844 success 996188 failure 1343282 obj_new 1.00852 SA_pAcc 1 Delta -2.1768e-05 SA_r 0.888168 freedomratio 0.163834
Iter 7500000 pBad 0.00802659 T 8.40898e-10 Obj 1.00851 Rho 0 GRdif 4.98027 success 1001205 failure 1640687 obj_new 1.00851 SA_pAcc 1.23783e-95 Delta 0.000457861 SA_r 0.325065 freedomratio 0.160964
Iter 8000000 pBad 0.00332879 T 2.88541e-10 Obj 1.0085 Rho 0 GRdif 4.97423 success 1004180 failure 1947075 obj_new 1.0085 SA_pAcc 4.41452e-102 Delta -0.000295296 SA_r 0.30784 freedomratio 0.159739
Iter 8500000 pBad 0.00137646 T 9.9008e-11 Obj 1.00849 Rho 0 GRdif 5.02241 success 1006126 failure 2256843 obj_new 1.00858 SA_pAcc 0 Delta 5.05591e-05 SA_r 0.739931 freedomratio 0.158363
Iter 9000000 pBad 0.00256613 T 3.3973e-11 Obj 1.00849 Rho 0 GRdif 4.97078 success 1007331 failure 2569916 obj_new 1.00849 SA_pAcc 1 Delta -0.000224985 SA_r 0.570076 freedomratio 0.15781
Iter 9500000 pBad 0.00085742 T 1.16573e-11 Obj 1.00849 Rho 0 GRdif 4.96992 success 1008210 failure 2884627 obj_new 1.00849 SA_pAcc 0 Delta 7.6779e-05 SA_r 0.0877049 freedomratio 0.157472
Good enough
iter 9.9999e+06 obj1.00849 rho 0 GRdif 4.96939
Training:
Lab Growth Rates:
0.65 1.05 1.345 0.53 0.47 0.11 0.46 0.56 0.1 0.41 1.483 0.55 0.17 0.58 1.483 0.5 0.46 0.19 0.37 1.248 0.23 0.46 0.22 0.5 0.42 1.46 0.377 0.26 0.47 0.52 0.47 0.55 0.47 0.4 0.23 1.483 1.345 1.345 0.45 0.36 0.26 0.54 0.37 1.483 0.55 0.46 0.25 1.43 0.23 0.55 0.59 0.2 0.71 0.59 1.66 0.476 0.636 0.23 0.56 0.33 0.56 0.5 0.42 0.3 0.5 0.6 0.32 0.59 0.54 0.47 0.52 0.54 0.481 0.46 0.4 0.34 0.43 0.47 0.5 0.636 0.33 0.47 0.58 0.54 0.54 0.47 0.4 0.5 0.4 0.762 0.5 0.53 0.53 0.5 0.5 0.55 0.901 0.54 0.43 0.54 1.483 0.762 0.4 0.59 0.42 1.248 0.1 0.45 0.53 0.54 0.38 0.686 0.5 0.45 0.485 0.4 0.4 0.46 0.4 1.05 0.31 0.4 0.45 0.45 0.5 0.901 0.55 0.47 0.1 0.648 0.465 0.48 0.37 0.617 0.22 0.724 0.762 0.36 0.53 0.45 0.46 0.25 0.37 0.42 0.4 0.4 0.4 1.483 0.54 0.648 0.4 0.2 0.43 0.4 0.54 0.6 1.05 1.345 0.65 0.636 0.39 0.53 0.51 0.52 0.54 0.46 0.42 0.54 1.248 0.32 0.55 0.48 0.49 0.32 0.31 0.48 0.5 0.11 0.25 0.4 0.637 0.55 0.71 0.31 0.46 0.52 0.4 0.4 0.59 0.33 0.55 0.51 0.4 0.54 0.4 0.46 0.635 0.46 0.58 0.52 0.52 0.58 0.5 0.3 0.55 0.45 1.248 0.47 1.248 0.58 0.59 0.3 1.345 0.45 0.54 0.3 0.58 0.54 0.47 0.5 0.901 0.3 0.39 0.71 0.27 0.47 0.37 0.48 0.4 0.686 1.05 0.53 1.67 0.4 0.3 0.34 0.56 1.03 0.42 0.4 1.483 0.33 0.476 0.37 0.4 0.377 0.47 0.5 0.48 0.19 0.4 0.38 0.56 0.901 0.1 0.37 0.4 0.33 0.54 0.42 0.58 1.49 0.4 1.345 0.46 0.37 0.54 0.56 0.4 0.43 0.42 0.45 1.345 0.42 0.25 0.52 0.46 0.4 0.39 0.27 0.58 0.5 0.23 0.37 0.5 0.45 0.23 0.09 1.66 0.4 0.7 0.1 0.58 0.637 0.42 0.56 0.48 1.345 0.22 0.58 0.52 0.37 0.65 0.48 0.5 0.4 1.483 0.58 0.48 0.47 0.3 0.6 0.41 0.485 0.7 0.39 0.55 0.56 0.3 0.3 0.485 0.58 0.5 0.5 0.481 0.25 0.56 0.56 0.43 0.33 1.483 0.54 0.5 0.4 0.42 0.41 0.42 0.41 0.37 0.53 0.43 0.47 0.54 1.05 0.22 0.14 0.53 0.51 0.53 0.59 0.42 0.4 0.27 0.36 0.54 0.6 0.42 0.38 0.58 0.11 0.19 0.47 0.1 0.42 0.42 0.52 1.345 0.54 0.22 0.43 0.48 0.25 0.55 0.301 0.3 0.56 0.36 0.54 0.4 0.49 0.4 0.45 0.4 1.46 0.14 0.56 0.33 0.17 0.27 0.56 0.4 0.46 1.345 0.46 0.59 0.38 0.36 0.38 0.42 0.56 0.4 0.3 0.5 0.68 0.59 0.635 1.345 1.483 0.4 0.476 0.648 0.58 0.47 0.5 0.54 0.68 0.41 0.5 0.56 0.47 0.5 0.68 0.635 0.36 1.38 1.43 0.4 0.58 0.53 0.56 0.56 0.49 0.46 0.41 0.54 0.4 0.43 0.3 0.68 0.58 0.65 0.4 0.54 0.52 0.5 0.1 0.22 0.45 0.45 1.42 0.22 0.45 0.4 1.44 0.27 0.2 0.1 0.45 0.47 0.3 0.4 1.46 0.54 0.09 0.485 0.4 0.45 0.4 0.53 0.42 0.17 0.41 0.37 0.5 0.46 0.58 0.54 1.4 0.4 0.56 1.67 0.09 0.46 1.35 0.481 0.39 0.23 0.5 0.45 0.33 0.3 0.4 0.47 0.4 0.53 0.46 0.68 0.7 0.47 0.4 0.22 0.59 0.36 0.4 0.901 0.5 0.43 0.34 0.27 0.65 0.4 0.58 0.43 0.465 0.43 0.59 0.65 0.4 0.37 0.25 0.4 0.4 1.345 0.5 0.53 0.45 0.377 0.37 0.4 0.65 0.53 0.4 0.5 0.41 0.65 0.52 0.4 0.59 0.58 0.39 0.901 1.483 0.47 0.4 0.26 0.4 0.1 0.25 0.43 0.36 0.59 0.47 0.46 0.301 0.46 0.59 0.23 0.4 0.47 0.52 0.686 0.23 0.36 0.33 1.483 0.59 0.59 0.5 0.58 1.46 0.724 0.762 0.7 0.301 0.4 0.65 0.5 0.37 0.4 0.637 0.724 0.45 0.4 0.465 0.41 0.54 0.58 0.37
Dot Production Prediction of Lab Growth Rates:
0.63177 1.85943 1.05148 0.292474 0.392766 0.388782 0.567237 0.528454 0.45865 0.392085 1.04781 0.549985 0.463317 0.48036 1.06511 0.586346 0.390736 0.340185 0.439268 0.82973 0.528304 0.389476 0.474945 0.292124 0.596972 0.914782 0.475321 0.450322 0.422324 0.374202 0.375441 0.55021 0.381768 0.405121 0.521297 1.04649 1.06566 1.02394 0.415243 0.38388 0.558533 0.32531 0.441391 1.06936 0.547551 0.547601 1.47522 1.43019 0.542485 0.550149 0.551577 0.364209 0.719102 0.306381 1.66 0.470581 0.708969 0.458366 0.463819 0.31012 0.533244 0.474542 0.34254 0.35546 0.536427 0.379583 0.310301 0.549001 0.441618 0.471959 0.36745 0.324784 0.459526 0.459995 0.412488 0.294054 0.370932 0.357761 0.533556 0.680952 0.370758 0.338081 0.403679 0.400951 0.388833 0.423251 0.400003 0.373639 0.411198 0.762118 0.472157 0.343302 0.396607 0.662234 0.60321 0.437974 0.911359 0.43922 0.43149 0.437128 1.07098 0.750038 0.406035 0.297337 0.598299 0.833513 0.980044 1.42677 0.536209 0.444656 0.346716 0.713071 0.294984 1.46152 0.465686 0.410922 0.41035 0.312353 0.394468 1.05223 0.537632 0.410593 1.43753 0.34583 0.66097 0.906289 0.446466 0.48375 1.14877 0.706302 0.471029 0.28026 0.437763 0.705205 0.465578 0.710861 0.759354 0.410594 0.500196 0.307865 0.284394 0.34656 0.297788 0.339668 0.409416 0.413767 0.398473 1.03643 0.412081 0.704417 0.397435 0.422619 0.409398 0.397132 0.526777 0.379213 0.96496 1.07542 0.654523 0.710091 0.293153 0.524996 0.416539 0.361702 0.384971 0.461288 0.328454 0.431857 0.840742 0.283655 0.426962 0.297034 0.371199 0.330747 0.538667 0.305215 0.310849 0.329546 0.300113 0.401519 0.699418 0.549719 0.710565 0.546065 0.361907 0.352631 0.39928 0.398721 0.33316 0.372066 0.440712 0.435084 0.409863 0.548298 0.398107 0.459464 0.7064 0.455867 0.478643 0.411825 0.36849 0.462123 0.474521 0.300467 0.552232 0.403623 0.833296 0.345668 0.831758 0.370097 0.548389 0.383496 1.05859 1.44361 0.398537 0.362742 0.361018 0.542058 0.380001 0.53908 0.904156 0.399125 0.378561 0.710454 0.360801 0.476516 0.44246 0.3434 0.39156 0.716513 1.05 0.523872 1.46005 0.406184 0.309512 0.30902 0.544869 1.44984 0.349747 0.400743 1.0416 0.530592 0.472351 0.455995 0.410741 0.472474 0.352242 0.475444 0.318753 0.353147 0.40027 0.301398 0.470102 0.901354 0.830212 0.574304 0.410127 0.382045 0.300399 0.325313 0.4794 1.50482 0.399384 1.07724 0.282786 0.465839 0.357932 0.543424 0.399167 0.375772 0.384153 1.44903 1.08492 0.337344 0.348156 0.323941 0.473547 0.402364 0.327561 0.379068 0.387288 0.650299 0.532587 0.457933 0.379691 0.334932 0.458463 0.360525 1.66 0.411814 0.697601 1.35073 0.469481 0.699472 0.287865 0.544157 0.385949 1.10254 0.45187 0.470637 0.410871 0.435473 0.664058 0.346904 0.467472 0.414045 1.0223 0.338061 0.308558 0.369154 0.300416 0.390404 0.460702 0.455898 0.700011 0.276716 0.43805 0.541432 0.407177 0.432752 0.45056 0.329569 0.33861 0.678403 0.459015 0.5283 0.47322 0.543196 0.435191 0.304497 1.03311 0.542215 0.681316 0.400875 0.591562 0.387892 0.316929 0.348532 0.368356 0.450686 0.346377 0.347903 0.426 1.04817 0.370057 0.140001 0.534302 0.401532 0.368115 0.550292 0.366278 0.403762 0.632611 0.446247 0.38866 0.372139 0.343577 0.321096 0.323646 0.38712 0.345796 0.344387 0.398459 0.30796 0.344558 0.38437 1.09116 0.531536 0.473453 0.374951 0.304662 0.575949 0.443138 0.472955 0.381527 0.470687 0.354307 0.348225 0.412278 0.406158 0.399783 1.50482 0.393837 1.744 0.137605 0.543019 0.454319 0.33014 0.381021 0.536523 0.403211 0.508656 1.04257 0.475182 0.299708 0.310908 0.375704 0.353037 0.322895 0.540985 0.317645 0.368639 0.679916 0.383069 0.552495 0.705862 1.10082 1.06018 0.412175 0.471262 0.702404 0.412599 0.377398 0.608486 0.524786 0.381138 0.469205 0.55032 0.462205 0.39023 0.470599 0.382451 0.705501 0.363116 1.3485 1.42985 0.335624 0.465497 0.421553 0.550615 0.46389 0.377912 0.444369 0.468315 0.448552 0.404638 0.437958 0.298277 0.38537 0.463669 0.627733 0.410893 0.541854 0.370857 0.317488 0.886322 0.479913 0.376078 0.395818 1.50393 0.397191 0.33019 0.408218 1.51855 0.289019 0.421609 0.871687 0.379829 0.360574 0.365792 0.410425 0.983847 0.346656 0.329168 0.466792 0.407802 0.330062 0.411114 0.537047 0.383881 0.301565 0.309255 0.43491 0.396247 0.459981 0.464395 0.404783 1.48266 0.410642 0.543943 1.47702 0.465128 0.425445 1.27858 0.462927 0.302474 0.457707 0.31497 1.50339 0.329823 0.328292 0.409276 0.405811 0.409166 0.52922 0.471132 0.383187 0.702944 0.481782 0.401865 0.464834 0.380051 0.341919 0.41129 0.981933 0.548251 0.387236 0.332588 0.337711 0.649079 0.409283 0.466785 0.37854 0.466192 0.399471 0.359279 0.650004 0.400122 0.372582 0.795172 0.407121 0.393294 1.11493 0.346075 0.548421 0.331506 0.469771 0.419901 0.411726 0.65112 0.345334 0.409676 0.531647 0.341652 0.628173 0.411495 0.399358 0.552161 0.470352 0.337103 0.757384 1.07314 0.467933 0.405382 0.31951 0.405696 0.448445 0.336443 0.41541 0.318363 0.552877 0.434185 0.407559 0.471744 0.438091 0.327205 0.542052 0.409761 0.415214 0.425201 0.717965 0.535043 0.317674 0.500775 1.01532 0.338472 0.333077 0.353554 0.464277 0.989976 0.713105 0.764296 0.699769 0.478062 0.399724 0.650331 0.307994 0.447091 0.410728 0.698496 0.711992 0.409344 0.412063 0.465122 0.383116 0.332622 0.312497 0.460507
Testing:
Lab Growth Rates:
0.5
Dot Production Prediction of Lab Growth Rates:
0.601856
Best performance so far: 
Obj: 4.66627e-310Rho: 2.122e-314Diff: 4.66627e-310
Test:
 Lab Growth Rates:
0.5Dot Product Prediction of Growth Rate:
0.6018565