seed =  5 traits =  1 
Training: part  1 
Training: part  1 
Round  1 
 Goal of obj  0.99 
Temperature range:  0.0078125 1.5625e-13 
Cycle 1Round 1
Iter 500000 pBad 0.886811 T 0.00227952 Obj 1.11109 Rho 0 GRdif 61.7306 success 147796 failure 6764 obj_new 1.11109 SA_pAcc 1 Delta -0.0256271 SA_r 0.00892225 freedomratio 0.373486
Iter 1000000 pBad 0.8044 T 0.000665111 Obj 1.04547 Rho 0 GRdif 26.0586 success 292139 failure 21585 obj_new 1.04547 SA_pAcc 1.19308 Delta 0.0478573 SA_r 0.606799 freedomratio 0.369716
Iter 1500000 pBad 0.76987 T 0.000194064 Obj 1.033 Rho 0 GRdif 19.0265 success 433431 failure 44152 obj_new 1.033 SA_pAcc 1.05325 Delta 0.0642709 SA_r 0.292832 freedomratio 0.3723
Iter 2000000 pBad 0.651503 T 5.66236e-05 Obj 1.02472 Rho 0 GRdif 14.3123 success 572804 failure 71148 obj_new 1.02472 SA_pAcc 1.02457 Delta -0.0273789 SA_r 0.908837 freedomratio 0.373486
Iter 2500000 pBad 0.595829 T 1.65215e-05 Obj 1.01864 Rho 0 GRdif 10.8248 success 709179 failure 104393 obj_new 1.01864 SA_pAcc 0.68927 Delta 0.0514363 SA_r 0.356173 freedomratio 0.355583
Iter 3000000 pBad 0.409746 T 4.82059e-06 Obj 1.01384 Rho 0 GRdif 8.05447 success 838351 failure 149690 obj_new 1.01384 SA_pAcc 1.05559 Delta -0.00438109 SA_r 0.645199 freedomratio 0.349225
Iter 3500000 pBad 0.246697 T 1.40654e-06 Obj 1.00923 Rho 0 GRdif 5.38223 success 947550 failure 235677 obj_new 1.00923 SA_pAcc 1 Delta -0.000903884 SA_r 0.87746 freedomratio 0.328475
Iter 4000000 pBad 0.176982 T 4.10396e-07 Obj 1.00832 Rho 0 GRdif 4.85305 success 1037829 failure 360249 obj_new 1.00832 SA_pAcc 1 Delta -0.0150048 SA_r 0.999826 freedomratio 0.310217
Iter 4500000 pBad 0.07147 T 1.19744e-07 Obj 1.00801 Rho 0 GRdif 4.67543 success 1096385 failure 556248 obj_new 1.00801 SA_pAcc 0.243601 Delta -0.0050172 SA_r 0.506283 freedomratio 0.270545
Iter 5000000 pBad 0.0274401 T 3.49386e-08 Obj 1.00789 Rho 0 GRdif 4.62097 success 1131619 failure 814159 obj_new 1.00792 SA_pAcc 0 Delta -7.97505e-05 SA_r 0.84727 freedomratio 0.23572
Iter 5500000 pBad 0.0222157 T 1.01943e-08 Obj 1.00784 Rho 0 GRdif 4.57883 success 1151246 failure 1124836 obj_new 1.00784 SA_pAcc 8.80747e-05 Delta -0.000771934 SA_r 0.59071 freedomratio 0.217117
Iter 6000000 pBad 0.00844161 T 2.97447e-09 Obj 1.00783 Rho 0 GRdif 4.57294 success 1161027 failure 1468832 obj_new 1.00783 SA_pAcc 1 Delta 0.00075485 SA_r 0.485882 freedomratio 0.205903
Iter 6500000 pBad 0.00431215 T 8.67882e-10 Obj 1.00783 Rho 0 GRdif 4.57038 success 1166573 failure 1828466 obj_new 1.00783 SA_pAcc 7.77593e-20 Delta 0.000349627 SA_r 0.320609 freedomratio 0.201236
Iter 7000000 pBad 0.00277558 T 2.53228e-10 Obj 1.00783 Rho 0 GRdif 4.56904 success 1169908 failure 2197279 obj_new 1.00783 SA_pAcc 3.66793e-28 Delta 0.000130826 SA_r 0.660361 freedomratio 0.198846
Iter 7500000 pBad 0.00125696 T 7.38862e-11 Obj 1.00783 Rho 0 GRdif 4.56833 success 1171793 failure 2571053 obj_new 1.00783 SA_pAcc 3.26083e-322 Delta 3.48731e-05 SA_r 0.990011 freedomratio 0.197439
Iter 8000000 pBad 0.000531354 T 2.15583e-11 Obj 1.00783 Rho 0 GRdif 4.57158 success 1173152 failure 2946585 obj_new 1.00783 SA_pAcc 0 Delta -1.58682e-05 SA_r 0.332101 freedomratio 0.197373
Iter 8500000 pBad 0.000238378 T 6.29023e-12 Obj 1.00782 Rho 0 GRdif 4.57103 success 1174432 failure 3323591 obj_new 1.00783 SA_pAcc 0 Delta 2.02974e-05 SA_r 0.14414 freedomratio 0.196118
Iter 9000000 pBad 9.51322e-05 T 1.83535e-12 Obj 1.00782 Rho 0 GRdif 4.59597 success 1175386 failure 3702124 obj_new 1.00787 SA_pAcc 0 Delta -5.00643e-06 SA_r 0.936755 freedomratio 0.195398
Iter 9500000 pBad 6.75685e-05 T 5.35512e-13 Obj 1.00782 Rho 0 GRdif 4.56745 success 1178691 failure 4059352 obj_new 1.00782 SA_pAcc 0 Delta -6.48702e-06 SA_r 0.0639691 freedomratio 0.194555
Iter 10000000 pBad 1.85144e-14 T 1.5625e-13 Obj 1.00782 Rho 0 GRdif 4.57358 success 1181909 failure 4419870 obj_new 1.00784 SA_pAcc 0 Delta 1.78573e-15 SA_r 0.718622 freedomratio 0.184451
Cannot move further
iter 9.99997e+06 obj1.00782 rho 0 GRdif 4.56721
Training:
Lab Growth Rates:
1.43 0.1 1.345 0.48 0.47 0.36 0.3 0.56 0.52 0.41 1.483 0.55 0.22 0.5 1.44 0.5 0.46 0.51 0.37 1.248 0.23 0.26 0.22 0.5 0.2 0.3 0.41 0.31 0.19 0.32 0.48 0.55 0.47 0.4 0.54 1.483 1.345 1.483 0.45 0.36 0.26 0.42 0.09 1.483 0.56 0.3 0.56 0.1 0.23 0.56 0.5 0.38 0.476 0.59 1.4 0.377 0.686 0.617 0.58 0.5 0.56 0.5 0.53 0.3 0.23 0.5 0.34 0.59 0.54 0.5 0.46 0.42 0.465 0.46 0.58 0.4 0.47 0.46 0.47 0.5 0.686 0.5 0.52 0.58 0.52 0.54 0.47 0.53 0.47 0.4 0.45 0.22 0.53 0.58 0.5 0.4 0.55 1.248 0.54 0.42 0.54 1.483 0.45 0.4 0.48 0.54 0.762 1.66 1.345 0.53 0.55 0.38 0.635 0.33 0.45 0.636 0.4 0.4 0.46 1.46 0.4 0.4 1.345 0.45 0.5 0.901 0.56 0.47 0.1 0.637 0.485 0.48 0.23 0.7 0.46 0.68 0.45 0.33 0.39 0.45 0.47 0.53 0.37 0.42 0.4 0.4 0.4 1.483 0.54 0.637 0.4 0.42 0.17 0.4 0.54 0.5 1.05 1.483 0.65 0.686 0.39 0.54 0.59 0.49 0.47 0.58 0.42 0.55 0.901 0.32 0.56 0.48 0.45 0.34 0.43 0.58 0.37 0.36 0.25 0.4 0.724 0.55 0.476 0.31 0.46 0.52 0.4 0.4 0.59 0.33 0.56 0.51 0.4 0.54 0.4 0.58 0.648 0.59 0.5 0.46 0.49 0.58 0.22 0.3 0.56 0.45 0.762 0.47 1.248 0.58 0.59 0.6 1.345 0.45 0.33 0.3 0.54 0.55 0.19 0.23 0.901 0.3 0.11 0.476 0.27 0.47 0.37 0.54 0.4 0.635 1.46 0.54 0.14 0.4 0.3 0.42 0.56 0.1 0.25 0.4 1.42 0.33 0.377 0.37 0.4 0.41 0.25 0.5 0.25 0.4 0.4 0.46 0.56 1.248 1.05 0.37 0.4 0.33 0.54 0.42 0.5 0.25 0.59 1.345 0.46 0.47 0.54 0.56 0.4 0.43 0.42 1.345 1.345 0.39 0.4 0.53 0.65 0.45 0.39 0.27 0.38 0.5 0.54 0.37 0.52 0.46 0.7 0.09 0.37 0.4 0.3 0.14 0.58 0.724 0.53 0.53 0.47 1.345 0.5 0.58 0.52 0.23 1.43 0.48 0.22 0.4 1.49 0.48 0.43 0.47 0.6 0.6 0.301 0.485 0.3 0.39 0.55 0.59 0.3 0.45 0.636 0.4 0.5 0.4 0.465 0.46 0.56 0.56 0.43 0.33 0.47 0.19 0.58 1.483 0.55 0.5 0.42 0.45 0.27 0.5 0.41 0.37 0.4 0.43 0.47 0.54 1.46 0.17 0.56 0.53 0.7 0.53 0.5 0.36 0.5 0.58 0.36 0.54 0.47 0.42 0.43 0.4 0.47 0.47 0.1 0.42 0.4 0.52 1.345 0.54 0.46 0.43 0.34 0.25 0.55 0.481 0.59 0.56 0.1 1.46 0.17 0.49 0.5 0.45 0.4 0.3 0.56 0.59 0.33 0.4 0.22 0.53 0.25 0.42 1.483 0.37 0.4 0.38 0.36 0.38 0.42 0.53 0.23 0.3 0.46 0.68 0.59 0.648 1.345 1.483 0.58 0.377 0.637 0.4 0.43 0.37 0.54 0.68 0.301 0.5 0.52 0.901 0.648 0.36 0.47 0.4 0.41 0.58 0.11 0.56 0.7 0.51 0.37 0.301 0.43 0.36 0.43 0.42 0.901 0.11 0.46 0.27 0.55 0.52 0.54 0.59 1.66 1.05 0.47 0.1 0.22 0.45 0.59 1.67 0.32 0.58 0.46 0.45 0.54 0.5 0.4 0.39 0.45 0.52 0.4 0.54 0.09 0.636 0.4 1.38 0.4 0.42 0.4 0.4 0.41 0.58 0.46 0.54 0.27 0.53 0.5 0.65 0.58 0.2 0.27 0.465 0.58 0.4 0.45 0.52 0.65 0.4 0.47 0.65 0.54 1.35 0.901 0.46 0.43 0.46 0.65 0.31 0.4 0.47 1.248 0.5 0.43 0.65 0.55 0.36 1.483 0.42 0.52 0.485 0.37 0.65 0.65 1.345 0.2 0.33 0.4 0.4 0.4 0.724 0.25 1.67 0.23 0.41 0.37 0.5 0.53 0.41 0.5 0.37 0.41 0.26 0.59 0.4 0.762 0.6 0.54 0.4 1.05 1.03 0.5 0.59 0.48 1.483 0.4 0.58 0.23 0.5 0.481 0.46 0.45 0.68 0.4 0.46 0.5 0.5 0.4 0.4 0.3 0.53 0.22 0.4 0.37 0.68 0.54 0.762 1.05 0.481 0.47 0.54 0.4 0.4 0.48 0.635 0.59 0.4 0.42 0.485 0.1 0.1 0.58 0.4
Dot Production Prediction of Lab Growth Rates:
1.39612 0.792733 1.1684 0.306837 0.354377 0.327052 0.392531 0.545947 0.372203 0.383438 1.11245 0.553774 0.419652 0.47044 1.56944 0.656099 0.438467 0.389745 0.412702 0.877936 0.534909 0.566309 0.468608 0.37331 0.400191 0.300041 0.467817 0.56788 0.334975 0.304294 0.34813 0.549996 0.3848 0.388012 0.450666 1.09002 1.19236 1.11921 0.394663 0.353184 0.461481 0.584388 0.446954 1.10928 0.536515 0.32292 0.541808 0.850338 0.543364 0.537271 0.544335 0.322345 0.476169 0.31828 1.46349 0.464437 0.719584 0.616975 0.459435 0.327924 0.547925 0.462582 0.402279 0.384021 0.539213 0.715069 0.323092 0.540549 0.455762 0.351374 0.529866 0.349017 0.469052 0.45918 0.36595 0.401447 0.477646 0.350078 0.343772 0.541914 0.725893 0.396321 0.358522 0.341183 0.346786 0.383011 0.399019 0.390825 0.349091 0.40246 1.5667 0.460119 0.346968 0.351613 0.669532 0.394883 0.454013 0.871707 0.445836 0.332784 0.460674 1.13452 1.51972 0.401258 0.325661 0.336955 0.813648 1.66 1.14056 0.528449 0.453794 0.352336 0.712374 0.32487 1.50201 0.71115 0.402286 0.400695 0.299065 1.58355 0.394926 0.39995 1.16645 0.327625 0.726073 0.901 0.468713 0.442564 0.797208 0.70992 0.471634 0.33673 0.436707 0.700901 0.462014 0.501511 1.57001 0.357869 0.340769 0.31463 0.35705 0.482531 0.314287 0.354331 0.39615 0.401825 0.399888 1.15202 0.367033 0.708553 0.401857 0.566803 0.323675 0.397054 0.539109 0.757559 1.05645 1.12994 0.642963 0.725566 0.327797 0.548435 0.343212 0.35799 0.352687 0.466849 0.334501 0.45795 0.842172 0.323397 0.46421 0.292116 0.345718 0.330542 0.412208 0.356385 0.444797 0.330008 0.308088 0.400496 0.721554 0.555221 0.4717 0.569378 0.337206 0.372894 0.396069 0.400382 0.336678 0.479192 0.470973 0.40953 0.399748 0.541709 0.396841 0.468522 0.708985 0.32023 0.466096 0.319973 0.367413 0.46631 0.461548 0.467839 0.538739 0.391062 0.822233 0.342357 0.874628 0.346424 0.543707 0.469079 1.09245 1.499 0.364538 0.429451 0.383602 0.548136 0.319697 0.540286 0.899933 0.4476 0.331036 0.473168 0.356013 0.463448 0.417844 0.384345 0.403173 0.711419 1.01023 0.549807 0.139162 0.390668 0.431912 0.33248 0.530049 0.871166 0.348129 0.402088 1.60155 0.505231 0.4598 0.41807 0.403366 0.45868 0.356928 0.461719 0.355028 0.320827 0.400914 0.41799 0.46374 0.874857 1.05 0.547593 0.401509 0.350933 0.314329 0.339777 0.463012 1.53649 0.320786 1.16135 0.441975 0.399954 0.371157 0.54306 0.399428 0.359882 0.37905 1.15157 1.18053 0.307074 0.398656 0.526345 0.649943 0.402934 0.318976 0.369475 0.329642 0.710679 0.453992 0.417568 0.372167 0.534711 0.702221 0.372827 0.430017 0.401539 0.2992 0.140107 0.466422 0.724047 0.310955 0.536587 0.354163 1.12128 0.327695 0.467095 0.397944 0.436164 1.39184 0.320258 0.464967 0.40315 1.57001 0.336785 0.42899 0.358222 0.447069 0.455114 0.465199 0.469357 0.306112 0.30728 0.442928 0.547395 0.440999 0.337297 0.723607 0.402266 0.342735 0.397904 0.470575 0.508957 0.464766 0.529817 0.446819 0.330641 0.38631 0.333502 0.465943 1.14525 0.545218 0.331558 0.327419 0.374671 0.301105 0.681687 0.351569 0.382757 0.396581 0.346886 0.347731 0.404355 1.00688 0.409342 0.545301 0.530118 0.697307 0.320865 0.548574 0.400114 0.313276 0.34187 0.403955 0.367109 0.366279 0.341824 0.39719 0.401807 0.481966 0.325901 0.375995 0.316585 0.395872 0.380422 1.09752 0.540844 0.465809 0.372108 0.330983 0.552011 0.457965 0.467577 0.379926 0.461369 0.953103 0.988063 0.309439 0.381926 0.328975 1.54606 0.396787 0.367471 0.544462 0.549666 0.444735 0.399224 0.349208 0.543849 0.819471 0.304595 1.11625 0.431275 0.396629 0.319501 0.333839 0.361665 0.333414 0.538725 0.436113 0.40166 0.372668 0.501351 0.542766 0.712858 1.13089 1.0975 0.461855 0.464472 0.707273 0.399469 0.409349 0.415101 0.537647 0.501588 0.465 0.646466 0.390595 0.902651 0.714948 0.34965 0.396372 0.399231 0.379043 0.464499 0.37525 0.539614 0.699656 0.39953 0.417212 0.463771 0.421163 0.362307 0.383583 0.3312 0.901361 0.380023 0.381268 0.601446 0.546784 0.366 0.330788 0.399214 1.66 1.63287 0.424958 1.50772 0.395701 0.324661 0.543861 1.54309 0.345995 0.465884 0.334671 0.373978 0.369881 0.751802 0.339946 0.328158 0.350525 0.406201 0.402994 0.344605 0.343467 0.71759 0.399381 1.35439 0.402468 0.577991 0.396311 0.401119 0.318776 0.298857 0.459999 0.380097 0.33336 0.382168 0.469319 0.632958 0.315874 0.357487 0.391835 0.471616 0.378517 0.396718 1.51846 0.346348 0.658091 0.403301 0.3771 0.653436 0.5375 1.22354 0.90233 0.413148 0.360096 0.461982 0.628152 0.569909 0.401298 0.37936 0.876635 0.529094 0.373316 0.650797 0.455646 0.345755 1.10582 0.370508 0.360081 0.466005 0.421716 0.649957 0.659552 1.18196 0.405851 0.323404 0.399976 0.402061 0.400815 0.723993 0.508458 1.42817 0.54469 0.467468 0.398002 0.373409 0.288592 0.372901 0.31755 0.374927 0.345001 0.355102 0.335142 0.401921 0.8218 0.456705 0.349885 0.402325 0.991923 1.41966 0.670596 0.551306 0.302196 1.12594 0.402967 0.468059 0.534577 0.358507 0.470597 0.442428 0.329818 0.497674 0.40116 0.452566 0.747264 0.530075 0.405395 0.401101 0.467353 0.529876 0.467173 0.390056 0.431967 0.498863 0.447867 0.810632 1.04961 0.469391 0.360531 0.319849 0.40108 0.392611 0.314807 0.713934 0.349701 0.386647 0.319983 0.464263 0.448764 0.436725 0.466064 0.405399
Testing:
Lab Growth Rates:
0.71 0.71 0.71
Dot Production Prediction of Lab Growth Rates:
0.721569 0.718209 0.727295
Best performance so far: 
Obj: 4.67679e-310Rho: 2.26291e-314Diff: 4.67679e-310
Anneal again with the best G and E so far as input
Cycle 2Round 1
Iter 500000 pBad 0.864331 T 0.00227952 Obj 1.0832 Rho 0 GRdif 46.8352 success 111538 failure 7740 obj_new 1.0832 SA_pAcc 0.918381 Delta 0.0392226 SA_r 0.209486 freedomratio 0.271674
Iter 1000000 pBad 0.756668 T 0.000665111 Obj 1.05089 Rho 0 GRdif 29.0885 success 219684 failure 21937 obj_new 1.05089 SA_pAcc 0.733337 Delta -0.0706861 SA_r 0.710278 freedomratio 0.26576
Iter 1500000 pBad 0.676376 T 0.000194064 Obj 1.03108 Rho 0 GRdif 17.9339 success 324864 failure 45167 obj_new 1.03108 SA_pAcc 1 Delta -0.0439081 SA_r 0.454244 freedomratio 0.263016
Iter 2000000 pBad 0.571829 T 5.66236e-05 Obj 1.02529 Rho 0 GRdif 14.6338 success 427685 failure 73987 obj_new 1.02529 SA_pAcc 1.43873 Delta -0.0459401 SA_r 0.909129 freedomratio 0.262545
Iter 2500000 pBad 0.498835 T 1.65215e-05 Obj 1.01953 Rho 0 GRdif 11.3348 success 528820 failure 107334 obj_new 1.01953 SA_pAcc 1.51637 Delta 0.0448772 SA_r 0.0853107 freedomratio 0.262075
Iter 3000000 pBad 0.399786 T 4.82059e-06 Obj 1.01595 Rho 0 GRdif 9.27415 success 623785 failure 152674 obj_new 1.01595 SA_pAcc 0.270158 Delta 0.0359668 SA_r 0.964265 freedomratio 0.252477
Iter 3500000 pBad 0.270033 T 1.40654e-06 Obj 1.01127 Rho 0 GRdif 6.56953 success 709761 failure 219734 obj_new 1.01127 SA_pAcc 1 Delta 0.0150865 SA_r 0.697244 freedomratio 0.242851
Iter 4000000 pBad 0.201412 T 4.10396e-07 Obj 1.00949 Rho 0 GRdif 5.53351 success 783024 failure 315403 obj_new 1.00949 SA_pAcc 1 Delta 0.00598298 SA_r 0.814529 freedomratio 0.2361
Iter 4500000 pBad 0.104322 T 1.19744e-07 Obj 1.00844 Rho 0 GRdif 4.924 success 841524 failure 452498 obj_new 1.00844 SA_pAcc 1 Delta -0.00297589 SA_r 0.299067 freedomratio 0.216156
Iter 5000000 pBad 0.0397222 T 3.49386e-08 Obj 1.00806 Rho 0 GRdif 4.70492 success 878959 failure 653824 obj_new 1.00806 SA_pAcc 1.98031e-59 Delta 0.00349026 SA_r 0.0140458 freedomratio 0.190445
Iter 5500000 pBad 0.0229058 T 1.01943e-08 Obj 1.00794 Rho 0 GRdif 4.63258 success 900014 failure 914752 obj_new 1.00794 SA_pAcc 0.00738844 Delta -0.00188453 SA_r 0.191719 freedomratio 0.174094
Iter 6000000 pBad 0.0138397 T 2.97447e-09 Obj 1.00786 Rho 0 GRdif 4.58923 success 917247 failure 1204474 obj_new 1.00786 SA_pAcc 1 Delta -0.000899683 SA_r 0.0100023 freedomratio 0.162147
Iter 6500000 pBad 0.00700251 T 8.67882e-10 Obj 1.00783 Rho 0 GRdif 4.57111 success 928585 failure 1531310 obj_new 1.00783 SA_pAcc 1 Delta 0.00019882 SA_r 0.0595615 freedomratio 0.151656
Iter 7000000 pBad 0.00294291 T 2.53228e-10 Obj 1.00782 Rho 0 GRdif 4.56428 success 935966 failure 1881329 obj_new 1.00782 SA_pAcc 1 Delta 0.000156801 SA_r 0.00935735 freedomratio 0.145482
Iter 7500000 pBad 0.00235197 T 7.38862e-11 Obj 1.00781 Rho 0 GRdif 4.562 success 942479 failure 2245327 obj_new 1.00782 SA_pAcc 0 Delta 6.95235e-05 SA_r 0.114354 freedomratio 0.141786
Iter 8000000 pBad 0.0018851 T 2.15583e-11 Obj 1.00781 Rho 0 GRdif 4.56374 success 945207 failure 2624087 obj_new 1.00782 SA_pAcc 0 Delta -4.41754e-05 SA_r 0.235046 freedomratio 0.139657
Iter 8500000 pBad 0.000942409 T 6.29023e-12 Obj 1.00781 Rho 0 GRdif 4.56567 success 947770 failure 3006659 obj_new 1.00782 SA_pAcc 0 Delta -6.26286e-05 SA_r 0.305801 freedomratio 0.138371
Iter 9000000 pBad 0.000666382 T 1.83535e-12 Obj 1.00781 Rho 0 GRdif 4.56325 success 950935 failure 3390743 obj_new 1.00782 SA_pAcc 0 Delta 3.50235e-05 SA_r 0.0838571 freedomratio 0.13785
Iter 9500000 pBad 0.000124897 T 5.35512e-13 Obj 1.00781 Rho 0 GRdif 4.55888 success 953953 failure 3777437 obj_new 1.00781 SA_pAcc 7.97189e-178 Delta -4.8907e-06 SA_r 0.767955 freedomratio 0.136469
Good enough
iter 9.99999e+06 obj1.00781 rho 0 GRdif 4.55864
Training:
Lab Growth Rates:
1.43 0.1 1.345 0.48 0.47 0.36 0.3 0.56 0.52 0.41 1.483 0.55 0.22 0.5 1.44 0.5 0.46 0.51 0.37 1.248 0.23 0.26 0.22 0.5 0.2 0.3 0.41 0.31 0.19 0.32 0.48 0.55 0.47 0.4 0.54 1.483 1.345 1.483 0.45 0.36 0.26 0.42 0.09 1.483 0.56 0.3 0.56 0.1 0.23 0.56 0.5 0.38 0.476 0.59 1.4 0.377 0.686 0.617 0.58 0.5 0.56 0.5 0.53 0.3 0.23 0.5 0.34 0.59 0.54 0.5 0.46 0.42 0.465 0.46 0.58 0.4 0.47 0.46 0.47 0.5 0.686 0.5 0.52 0.58 0.52 0.54 0.47 0.53 0.47 0.4 0.45 0.22 0.53 0.58 0.5 0.4 0.55 1.248 0.54 0.42 0.54 1.483 0.45 0.4 0.48 0.54 0.762 1.66 1.345 0.53 0.55 0.38 0.635 0.33 0.45 0.636 0.4 0.4 0.46 1.46 0.4 0.4 1.345 0.45 0.5 0.901 0.56 0.47 0.1 0.637 0.485 0.48 0.23 0.7 0.46 0.68 0.45 0.33 0.39 0.45 0.47 0.53 0.37 0.42 0.4 0.4 0.4 1.483 0.54 0.637 0.4 0.42 0.17 0.4 0.54 0.5 1.05 1.483 0.65 0.686 0.39 0.54 0.59 0.49 0.47 0.58 0.42 0.55 0.901 0.32 0.56 0.48 0.45 0.34 0.43 0.58 0.37 0.36 0.25 0.4 0.724 0.55 0.476 0.31 0.46 0.52 0.4 0.4 0.59 0.33 0.56 0.51 0.4 0.54 0.4 0.58 0.648 0.59 0.5 0.46 0.49 0.58 0.22 0.3 0.56 0.45 0.762 0.47 1.248 0.58 0.59 0.6 1.345 0.45 0.33 0.3 0.54 0.55 0.19 0.23 0.901 0.3 0.11 0.476 0.27 0.47 0.37 0.54 0.4 0.635 1.46 0.54 0.14 0.4 0.3 0.42 0.56 0.1 0.25 0.4 1.42 0.33 0.377 0.37 0.4 0.41 0.25 0.5 0.25 0.4 0.4 0.46 0.56 1.248 1.05 0.37 0.4 0.33 0.54 0.42 0.5 0.25 0.59 1.345 0.46 0.47 0.54 0.56 0.4 0.43 0.42 1.345 1.345 0.39 0.4 0.53 0.65 0.45 0.39 0.27 0.38 0.5 0.54 0.37 0.52 0.46 0.7 0.09 0.37 0.4 0.3 0.14 0.58 0.724 0.53 0.53 0.47 1.345 0.5 0.58 0.52 0.23 1.43 0.48 0.22 0.4 1.49 0.48 0.43 0.47 0.6 0.6 0.301 0.485 0.3 0.39 0.55 0.59 0.3 0.45 0.636 0.4 0.5 0.4 0.465 0.46 0.56 0.56 0.43 0.33 0.47 0.19 0.58 1.483 0.55 0.5 0.42 0.45 0.27 0.5 0.41 0.37 0.4 0.43 0.47 0.54 1.46 0.17 0.56 0.53 0.7 0.53 0.5 0.36 0.5 0.58 0.36 0.54 0.47 0.42 0.43 0.4 0.47 0.47 0.1 0.42 0.4 0.52 1.345 0.54 0.46 0.43 0.34 0.25 0.55 0.481 0.59 0.56 0.1 1.46 0.17 0.49 0.5 0.45 0.4 0.3 0.56 0.59 0.33 0.4 0.22 0.53 0.25 0.42 1.483 0.37 0.4 0.38 0.36 0.38 0.42 0.53 0.23 0.3 0.46 0.68 0.59 0.648 1.345 1.483 0.58 0.377 0.637 0.4 0.43 0.37 0.54 0.68 0.301 0.5 0.52 0.901 0.648 0.36 0.47 0.4 0.41 0.58 0.11 0.56 0.7 0.51 0.37 0.301 0.43 0.36 0.43 0.42 0.901 0.11 0.46 0.27 0.55 0.52 0.54 0.59 1.66 1.05 0.47 0.1 0.22 0.45 0.59 1.67 0.32 0.58 0.46 0.45 0.54 0.5 0.4 0.39 0.45 0.52 0.4 0.54 0.09 0.636 0.4 1.38 0.4 0.42 0.4 0.4 0.41 0.58 0.46 0.54 0.27 0.53 0.5 0.65 0.58 0.2 0.27 0.465 0.58 0.4 0.45 0.52 0.65 0.4 0.47 0.65 0.54 1.35 0.901 0.46 0.43 0.46 0.65 0.31 0.4 0.47 1.248 0.5 0.43 0.65 0.55 0.36 1.483 0.42 0.52 0.485 0.37 0.65 0.65 1.345 0.2 0.33 0.4 0.4 0.4 0.724 0.25 1.67 0.23 0.41 0.37 0.5 0.53 0.41 0.5 0.37 0.41 0.26 0.59 0.4 0.762 0.6 0.54 0.4 1.05 1.03 0.5 0.59 0.48 1.483 0.4 0.58 0.23 0.5 0.481 0.46 0.45 0.68 0.4 0.46 0.5 0.5 0.4 0.4 0.3 0.53 0.22 0.4 0.37 0.68 0.54 0.762 1.05 0.481 0.47 0.54 0.4 0.4 0.48 0.635 0.59 0.4 0.42 0.485 0.1 0.1 0.58 0.4
Dot Production Prediction of Lab Growth Rates:
1.19609 1.19807 1.34536 0.29415 0.337114 0.331675 0.403986 0.551762 0.371955 0.392407 1.29627 0.548854 0.434318 0.484002 1.48472 0.701352 0.438254 0.380504 0.41348 0.93006 0.545463 0.578581 0.477528 0.359493 0.376223 0.22696 0.493395 0.56891 0.320432 0.319964 0.344865 0.549289 0.418489 0.370132 0.453471 1.2991 1.36896 1.29197 0.413185 0.360021 0.474581 0.591305 0.438284 1.28596 0.538366 0.329759 0.54516 0.956413 0.545792 0.545955 0.550785 0.307114 0.498961 0.339913 1.40013 0.48752 0.70217 0.540153 0.460153 0.356418 0.552067 0.468989 0.416755 0.540149 0.541509 0.793781 0.309727 0.542894 0.464191 0.369343 0.538819 0.35132 0.492493 0.462766 0.398689 0.388711 0.478121 0.342315 0.364956 0.543925 0.709544 0.44127 0.349213 0.332886 0.358851 0.394127 0.396374 0.422222 0.349117 0.393608 1.50837 0.463852 0.362292 0.381229 0.716219 0.381627 0.460405 0.921185 0.453078 0.351886 0.465791 1.3231 1.45146 0.407904 0.344714 0.335617 0.888662 1.5546 1.32103 0.531669 0.466928 0.371819 0.693141 0.315049 1.41413 0.70651 0.387727 0.388654 0.304183 1.47173 0.374945 0.405274 1.36038 0.369592 0.80091 0.901 0.474086 0.41208 1.19521 0.698201 0.496344 0.354554 0.438989 0.767646 0.467826 0.382083 1.50713 0.343973 0.328494 0.326338 0.395587 0.482085 0.296487 0.357028 0.398381 0.38919 0.407306 1.35254 0.361033 0.691679 0.405474 0.568438 0.323766 0.381264 0.541253 0.836339 1.05353 1.30916 0.642286 0.709815 0.361442 0.545115 0.338788 0.390358 0.348022 0.474022 0.342065 0.469436 0.889594 0.325727 0.467737 0.272335 0.391122 0.335726 0.415064 0.349259 0.444008 0.337944 0.298044 0.386105 0.700377 0.555528 0.494684 0.591583 0.341987 0.358016 0.379008 0.386157 0.31981 0.463016 0.471129 0.413681 0.400444 0.536865 0.378637 0.481657 0.687069 0.327619 0.47964 0.318162 0.382819 0.473136 0.471555 0.67668 0.546571 0.396415 0.907706 0.375841 0.928108 0.36332 0.544238 0.686092 1.29367 1.42098 0.360144 0.608031 0.356418 0.550067 0.301573 0.551733 0.899572 0.637779 0.335577 0.494754 0.361234 0.450395 0.414905 0.382635 0.389116 0.69871 1.04038 0.551003 0.139981 0.373517 0.607818 0.328092 0.529486 1.34881 0.353566 0.386597 1.51279 0.506502 0.488162 0.423899 0.388245 0.485772 0.356708 0.468169 0.356913 0.309177 0.387118 0.386914 0.473035 0.928195 1.05779 0.542011 0.409201 0.328812 0.297282 0.349719 0.476582 1.46558 0.319566 1.34615 0.427296 0.407688 0.400103 0.546263 0.406268 0.365645 0.395087 1.33579 1.34534 0.320792 0.382528 0.548289 0.648596 0.421847 0.296899 0.367068 0.311549 0.822268 0.457865 0.4213 0.401677 0.546538 0.763551 0.390787 0.435475 0.386783 0.228959 0.14074 0.476047 0.70787 0.327374 0.539071 0.336779 1.30377 0.340256 0.479871 0.377276 0.43766 1.17902 0.305114 0.476065 0.389316 1.50713 0.335753 0.4448 0.34595 0.632694 0.66541 0.490045 0.493317 0.231084 0.34472 0.445969 0.550579 0.630786 0.345679 0.707282 0.412819 0.333346 0.383924 0.492421 0.527798 0.474312 0.526479 0.422677 0.32053 0.389622 0.303105 0.476797 1.32655 0.550365 0.33044 0.332663 0.362761 0.288208 0.767447 0.369982 0.399014 0.381485 0.344069 0.380588 0.375833 1.0518 0.403566 0.547748 0.528264 0.760063 0.324516 0.556766 0.416555 0.320213 0.353414 0.407916 0.371822 0.375454 0.339722 0.405558 0.401854 0.485517 0.314646 0.350605 0.321707 0.378837 0.397806 1.28947 0.542673 0.469944 0.366997 0.336238 0.548636 0.464072 0.488169 0.365365 0.47611 1.42346 1.06568 0.323978 0.385753 0.339488 1.46063 0.397655 0.367777 0.553111 0.555679 0.431688 0.385134 0.33948 0.550265 0.967236 0.31722 1.29861 0.433642 0.380971 0.294737 0.33007 0.372156 0.336334 0.544313 0.436827 0.569538 0.349068 0.381553 0.545859 0.699789 1.32154 1.28895 0.474308 0.486401 0.694638 0.384983 0.382705 0.414537 0.538685 0.383991 0.489132 0.758668 0.385275 0.901985 0.694654 0.345655 0.391195 0.407008 0.364645 0.471077 0.359849 0.541636 0.76715 0.406562 0.416594 0.489551 0.406186 0.363708 0.368175 0.32869 0.90647 0.383547 0.371911 0.590096 0.548029 0.364921 0.344753 0.381018 1.54724 1.41924 0.413172 1.40425 0.388135 0.36734 0.547889 1.4924 0.348994 0.473106 0.348026 0.382285 0.362712 0.866353 0.312832 0.298516 0.362815 0.387162 0.389836 0.385565 0.348792 0.700745 0.387549 1.30071 0.388457 0.573116 0.401676 0.386346 0.337602 0.291001 0.459811 0.361136 0.332453 0.389776 0.479174 0.649999 0.319777 0.365308 0.391019 0.493942 0.368162 0.382156 1.44112 0.344683 0.650221 0.388862 0.387215 0.672696 0.531842 1.12847 0.901 0.418733 0.348504 0.459004 0.624052 0.570257 0.387422 0.421689 0.938153 0.530555 0.345163 0.654169 0.458849 0.354753 1.30999 0.374423 0.370893 0.485827 0.428835 0.644773 0.67344 1.35939 0.368732 0.33 0.386908 0.389209 0.407498 0.707514 0.514815 1.36259 0.545031 0.490668 0.387283 0.415028 0.302509 0.391642 0.34248 0.39043 0.333914 0.393698 0.323403 0.390073 0.898638 0.653777 0.379544 0.386663 1.02622 1.30157 0.795383 0.553379 0.320718 1.3287 0.390434 0.475359 0.543474 0.378982 0.492605 0.417438 0.357711 0.379801 0.386551 0.452942 0.845943 0.533528 0.394407 0.390173 0.674618 0.525575 0.473737 0.374506 0.434048 0.375961 0.45341 0.886608 1.04997 0.490437 0.346024 0.312393 0.39033 0.376387 0.320015 0.700475 0.333308 0.373227 0.311273 0.485273 0.463207 0.453031 0.48233 0.405187
Testing:
Lab Growth Rates:
0.71 0.71 0.71
Dot Production Prediction of Lab Growth Rates:
0.702668 0.698958 0.710679
Best performance so far: 
Obj: 4.67679e-310Rho: 2.122e-314Diff: 4.67679e-310
Test:
 Lab Growth Rates:
0.71 0.71 0.71Dot Product Prediction of Growth Rate:
0.7026678 0.6989576 0.7106786