seed =  5 traits =  1 
Training: part  36 
Training: part  36 
Round  1 
 Goal of obj  0.99 
Temperature range:  0.0078125 3.125e-13 
Cycle 1Round 1
Iter 500000 pBad 0.870363 T 0.0023599 Obj 1.08087 Rho 0 GRdif 45.7262 success 147450 failure 8685 obj_new 1.08087 SA_pAcc 0.947157 Delta 0.060587 SA_r 0.366702 freedomratio 0.374761
Iter 1000000 pBad 0.829489 T 0.000712848 Obj 1.04058 Rho 0 GRdif 23.3888 success 292197 failure 23277 obj_new 1.04058 SA_pAcc 0.975126 Delta -0.0100874 SA_r 0.617405 freedomratio 0.362515
Iter 1500000 pBad 0.748785 T 0.000215328 Obj 1.03274 Rho 0 GRdif 18.9441 success 434683 failure 43621 obj_new 1.03274 SA_pAcc 1 Delta 0.0392105 SA_r 0.756166 freedomratio 0.365672
Iter 2000000 pBad 0.691504 T 6.50434e-05 Obj 1.02522 Rho 0 GRdif 14.6474 success 574158 failure 70116 obj_new 1.02522 SA_pAcc 1.27003 Delta -0.0375719 SA_r 0.350115 freedomratio 0.36727
Iter 2500000 pBad 0.537448 T 1.96474e-05 Obj 1.0184 Rho 0 GRdif 10.7218 success 711375 failure 101887 obj_new 1.0184 SA_pAcc 0.46496 Delta 0.0498808 SA_r 0.206175 freedomratio 0.353365
Iter 3000000 pBad 0.464765 T 5.93484e-06 Obj 1.01523 Rho 0 GRdif 8.89031 success 838625 failure 150800 obj_new 1.01523 SA_pAcc 0.973885 Delta -0.0137677 SA_r 0.34467 freedomratio 0.356148
Iter 3500000 pBad 0.292684 T 1.79272e-06 Obj 1.01009 Rho 0 GRdif 5.90603 success 951789 failure 229047 obj_new 1.01009 SA_pAcc 1.88602 Delta -0.00977105 SA_r 0.592939 freedomratio 0.343257
Iter 4000000 pBad 0.150877 T 5.41521e-07 Obj 1.00867 Rho 0 GRdif 5.07522 success 1043684 failure 349922 obj_new 1.00867 SA_pAcc 0.136935 Delta -0.00761487 SA_r 0.358348 freedomratio 0.306729
Iter 4500000 pBad 0.0679191 T 1.63575e-07 Obj 1.0083 Rho 0 GRdif 4.85799 success 1103792 failure 543205 obj_new 1.0083 SA_pAcc 1 Delta -0.0045611 SA_r 0.805533 freedomratio 0.269108
Iter 5000000 pBad 0.0257 T 4.94107e-08 Obj 1.0082 Rho 0 GRdif 4.79918 success 1135814 failure 809094 obj_new 1.0082 SA_pAcc 0.932993 Delta 0.000137843 SA_r 0.40053 freedomratio 0.237864
Iter 5500000 pBad 0.0158362 T 1.49253e-08 Obj 1.00818 Rho 0 GRdif 4.78964 success 1152420 failure 1122330 obj_new 1.00818 SA_pAcc 1.14246e-78 Delta 0.000607889 SA_r 0.706379 freedomratio 0.22039
Iter 6000000 pBad 0.00798082 T 4.50845e-09 Obj 1.00817 Rho 0 GRdif 4.78169 success 1162993 failure 1457371 obj_new 1.00817 SA_pAcc 1 Delta -7.56839e-05 SA_r 0.933068 freedomratio 0.213508
Iter 6500000 pBad 0.0038329 T 1.36185e-09 Obj 1.00816 Rho 0 GRdif 4.7787 success 1168679 failure 1809479 obj_new 1.00816 SA_pAcc 1 Delta 0.000316752 SA_r 0.888938 freedomratio 0.209551
Iter 7000000 pBad 0.00134009 T 4.1137e-10 Obj 1.00816 Rho 0 GRdif 4.77749 success 1171785 failure 2168868 obj_new 1.00816 SA_pAcc 1 Delta 2.02678e-05 SA_r 0.862956 freedomratio 0.208437
Iter 7500000 pBad 0.00160282 T 1.24261e-10 Obj 1.00816 Rho 0 GRdif 4.77703 success 1173763 failure 2531656 obj_new 1.00816 SA_pAcc 0 Delta 0.000126951 SA_r 0.32925 freedomratio 0.207042
Iter 8000000 pBad 0.000437174 T 3.75352e-11 Obj 1.00816 Rho 0 GRdif 4.77608 success 1175263 failure 2897389 obj_new 1.00816 SA_pAcc 1 Delta -3.45904e-05 SA_r 0.445449 freedomratio 0.206243
Iter 8500000 pBad 0.00127119 T 1.13381e-11 Obj 1.00816 Rho 0 GRdif 4.77599 success 1176769 failure 3263548 obj_new 1.00816 SA_pAcc 0 Delta -2.50343e-05 SA_r 0.742957 freedomratio 0.205236
Iter 9000000 pBad 1.05627e-18 T 3.42488e-12 Obj 1.00815 Rho 0 GRdif 4.77558 success 1184594 failure 3561400 obj_new 1.00815 SA_pAcc 1 Delta -1.02596e-19 SA_r 0.569025 freedomratio 0.187739
Iter 9500000 pBad 2.27443e-48 T 1.03454e-12 Obj 1.00815 Rho 0 GRdif 4.77558 success 1184594 failure 3833638 obj_new 1.00815 SA_pAcc 1 Delta 1.6409e-49 SA_r 0.449152 freedomratio 0.18816
Iter 10000000 pBad 1.57825e-167 T 3.12501e-13 Obj 1.00815 Rho 0 GRdif 4.77654 success 1184594 failure 4105942 obj_new 1.00816 SA_pAcc 0 Delta -6.3928e-170 SA_r 0.452469 freedomratio 0.174948
Cannot move further
iter 8.85673e+06 obj1.00815 rho 0 GRdif 4.77558
Training:
Lab Growth Rates:
0.3 0.45 0.41 0.32 0.19 0.377 0.45 0.6 0.42 0.59 0.23 0.56 0.41 0.6 0.41 0.54 0.1 0.54 0.43 0.09 0.465 0.54 0.41 0.5 0.46 0.48 0.4 0.5 0.4 0.68 0.4 0.37 0.47 0.58 0.637 0.65 0.59 0.65 1.483 0.25 0.36 1.4 0.53 0.37 1.38 0.481 0.41 0.4 1.483 1.483 0.52 0.54 0.3 0.56 0.36 0.636 0.58 0.45 0.43 0.6 0.23 0.42 0.46 0.42 1.345 0.56 0.41 0.1 0.54 0.4 0.42 0.377 0.55 0.52 0.55 0.58 0.37 0.58 0.4 0.46 0.54 0.1 0.22 0.58 0.5 1.483 0.4 0.68 0.59 0.25 0.45 0.56 0.43 0.47 0.3 0.27 0.33 1.248 0.25 0.31 0.27 0.38 0.5 0.46 1.05 0.42 0.38 0.11 0.59 0.4 0.65 0.46 0.58 0.45 0.36 1.43 0.48 0.47 0.4 0.39 0.5 0.686 0.42 0.48 0.56 0.58 0.4 0.46 0.54 0.55 0.45 0.3 0.42 0.54 0.48 0.37 0.58 0.1 0.33 0.37 0.65 0.54 0.42 0.43 0.301 0.22 1.345 1.483 0.45 0.43 0.54 0.47 0.4 0.47 0.46 0.32 0.65 0.38 0.54 1.483 0.39 0.59 0.48 0.42 0.54 0.17 0.23 0.41 0.4 1.248 0.54 0.53 0.1 0.377 1.483 1.05 1.483 0.4 0.14 0.41 0.47 1.03 1.248 0.5 0.3 0.43 0.5 0.46 0.45 0.648 0.25 0.36 0.58 0.45 0.31 0.51 0.901 0.43 0.4 0.25 0.45 0.54 0.55 0.36 0.38 0.27 0.5 0.3 1.46 0.762 0.4 0.637 0.47 0.43 0.58 0.33 0.46 0.485 0.54 0.59 0.65 0.43 1.05 0.19 0.4 0.5 0.42 0.36 0.59 0.5 0.59 0.39 0.485 0.37 0.58 0.301 0.52 1.345 0.45 0.4 0.42 1.46 0.48 0.4 0.65 0.39 0.58 0.3 0.3 0.59 0.1 0.39 0.762 0.4 0.4 0.4 0.33 1.05 0.37 0.47 0.56 0.4 0.635 0.37 0.27 0.36 0.11 0.55 0.4 0.47 0.27 0.4 0.648 0.42 0.4 0.53 0.476 0.47 0.54 0.52 0.4 0.5 0.476 0.54 0.5 1.44 1.46 0.45 0.5 0.5 1.483 0.52 0.5 0.37 0.26 0.54 0.43 0.2 0.23 0.45 0.39 0.58 0.53 0.56 0.58 0.7 0.46 0.22 0.4 0.46 0.54 0.46 0.25 0.686 1.345 0.47 1.248 0.53 0.5 0.47 0.636 0.47 0.724 0.51 0.53 0.46 0.43 0.901 0.2 0.4 0.5 0.46 0.47 0.37 0.65 0.37 0.68 0.45 0.5 0.37 0.47 0.5 1.345 0.617 0.45 0.54 0.59 0.58 0.27 0.46 0.4 0.4 0.58 0.47 1.483 0.4 0.4 1.345 1.66 0.47 0.23 1.35 0.46 0.4 0.4 0.42 0.3 0.42 0.7 0.56 1.345 0.5 0.26 0.25 0.53 0.5 0.45 1.345 0.635 1.483 0.47 0.46 0.34 0.4 0.3 0.25 0.4 0.901 0.68 0.4 0.22 0.46 1.345 0.648 0.55 0.09 0.5 0.59 0.22 0.33 0.55 0.55 0.38 0.58 0.636 0.4 0.46 0.1 0.56 0.58 0.59 0.4 0.41 0.1 0.5 0.3 0.47 0.56 0.465 0.4 0.47 1.67 0.53 0.4 0.36 0.56 0.2 0.5 0.4 0.55 0.17 0.4 0.5 0.4 0.481 0.4 0.5 0.37 0.4 0.3 0.5 0.762 0.481 0.4 0.26 0.53 0.5 0.4 0.49 0.37 0.52 0.52 0.34 1.345 0.56 0.6 0.71 0.724 0.1 0.56 0.54 1.05 0.49 0.23 0.42 0.45 0.55 0.59 0.476 0.54 0.4 0.59 0.37 0.52 0.7 0.47 0.485 0.465 1.49 0.33 0.59 0.71 0.23 0.48 0.56 0.3 1.66 0.637 0.32 0.47 0.635 0.47 0.52 0.48 0.53 0.901 0.4 0.53 0.901 0.37 0.4 0.36 0.54 0.4 0.42 0.59 0.22 0.4 0.23 0.45 0.56 0.42 0.49 0.5 0.4 0.4 0.56 0.48 0.23 1.43 0.55 0.17 0.09 0.724 0.58 0.4 1.345 0.43 0.4 0.4 0.5 0.5 1.42 0.4 1.248 0.31 0.45 0.54 0.52 0.54 0.42 0.68 0.55 0.5 0.58 0.901 0.34 0.46 1.345 0.7 0.53 0.14 0.33 0.22 0.65 0.46 0.4 0.5 0.52 0.71 0.54 0.4 0.19 0.52 0.4 0.3 1.483 0.53 0.686 0.11 0.51 0.58 0.33 0.301 0.56 1.46 0.47 0.22 0.33 0.53 0.54 0.762 0.485 0.53 0.56 0.5 0.4 0.54
Dot Production Prediction of Lab Growth Rates:
0.525495 0.325744 0.338158 0.309426 0.307677 0.57476 1.47493 0.546549 0.346119 0.545148 0.428633 0.532897 0.386169 0.534909 0.388438 0.336263 1.06564 0.392551 0.338043 0.388587 0.573314 0.542511 0.573589 0.532981 0.471029 0.308529 0.395143 0.690955 0.39835 0.43697 0.403358 0.413933 0.327767 0.465414 0.705127 0.649643 0.543775 0.666899 1.14412 0.350755 0.327126 1.4497 0.373045 0.29816 1.3579 0.570898 0.570655 0.403535 1.18616 1.18787 0.373739 0.360561 0.303866 0.533631 0.426816 0.710298 0.325047 0.42819 0.355291 0.531141 0.540378 0.312241 0.380499 0.328268 1.23338 0.466228 0.361005 0.459938 0.43925 0.398718 0.330111 0.570187 0.543056 0.328749 0.551383 0.470388 0.425632 0.462042 0.399965 0.321099 0.544513 1.0617 0.448667 0.46777 0.345773 1.23577 0.400786 0.435521 0.320862 0.570497 0.376575 0.46417 0.467518 0.42862 0.552611 0.385338 0.355709 1.19667 0.873289 0.613132 0.391978 0.381723 0.733038 0.435415 1.05 0.382714 0.315422 0.320034 0.540289 0.398249 0.670548 0.343772 0.470823 1.5067 0.38239 1.31374 0.325131 0.46474 0.402146 0.321697 0.713622 0.718905 0.291053 0.316733 0.54509 0.306456 0.39861 0.529052 0.389348 0.449914 0.336676 0.411696 0.345276 0.460557 0.32299 0.425014 0.469788 1.19712 0.459224 0.39848 0.631496 0.440891 0.343904 0.452881 0.567742 0.469493 1.20946 1.18356 0.335575 0.398484 0.395058 0.339418 0.393886 0.494768 0.458463 0.335118 0.649898 0.303782 0.286423 1.22242 0.337348 0.393737 0.276591 0.280562 0.537354 0.312702 0.538443 0.307143 0.396962 1.19282 0.38977 0.531712 1.33945 0.567817 1.19402 1.05399 1.20015 0.400942 0.139506 0.374454 0.415837 1.33747 1.20473 0.359563 0.357961 0.368871 0.298603 0.45999 1.49983 0.707582 0.350498 0.322211 0.471502 0.342523 0.604058 0.387974 0.895942 0.403061 0.401872 1.53869 0.407875 0.447305 0.449605 0.332766 0.306508 0.351333 0.311016 0.461125 1.04423 1.2966 0.401432 0.70376 0.388433 0.341257 0.332856 0.351058 0.288074 0.563347 0.31916 0.298151 0.627084 0.417504 1.03862 0.289223 0.39889 0.465319 0.620082 0.338876 0.306095 0.363968 0.535539 0.282534 0.574221 0.425629 0.346414 0.568902 0.349566 1.20095 0.363104 0.31219 0.318616 1.04123 0.271541 0.403061 0.637511 0.294381 0.373199 0.504627 0.560499 0.335949 0.889105 0.307302 1.29798 0.400011 0.400008 0.400561 0.30473 1.04526 0.564919 0.333682 0.538873 0.40019 0.709975 0.425953 0.600314 0.351333 0.370661 0.552183 0.397803 0.375828 0.361947 0.403602 0.703893 0.325735 0.397081 0.512523 0.578534 0.341741 0.376337 0.356402 0.393033 0.654652 0.57912 0.358226 0.463319 1.56907 1.03168 0.381591 0.309312 0.531766 1.18347 0.382234 0.47086 0.418234 0.3785 0.355346 0.362678 0.411317 0.542879 1.56789 0.285944 0.469612 0.552364 0.536668 0.466938 0.700012 0.497525 0.466405 0.401927 0.427002 0.377754 0.546242 0.296983 0.712868 1.24057 0.406457 1.19547 0.313493 0.779251 0.412728 0.712326 0.49294 0.712049 0.425774 0.414667 0.281143 0.417146 0.900999 0.418339 0.398594 0.328854 0.457282 0.396713 0.381159 0.657513 0.376548 0.440491 0.29449 0.464178 0.417901 0.372435 0.649645 1.25371 0.626149 1.52551 0.54368 0.539557 0.380609 0.290028 0.317872 0.401265 0.400095 0.347021 0.398922 1.19381 0.401614 0.399661 1.20767 1.66 0.40373 0.429596 1.18723 0.467449 0.40103 0.401767 0.638555 0.307128 0.387225 0.701702 0.542548 1.15325 0.311649 0.615252 0.532841 0.536361 0.546206 1.55867 1.1945 0.707363 1.15544 0.338423 0.463134 0.294098 0.403072 0.399382 0.35378 0.396178 1.1491 0.440303 0.396343 0.387953 0.451709 1.1966 0.710447 0.450745 0.463781 0.318895 0.544758 0.471393 0.300465 0.546589 0.54575 0.380054 0.467889 0.720504 0.399916 0.358366 0.347834 0.544152 0.356217 0.539909 0.40138 0.566871 1.47025 0.47255 0.528402 0.350777 0.464774 0.571505 0.401618 0.387173 1.41635 0.25779 0.404562 0.34681 0.467209 0.373934 0.537135 0.399902 0.448274 0.303301 0.388826 0.423079 0.400122 0.572915 0.387958 0.743432 0.416974 0.399217 0.298884 0.343369 1.30652 0.568106 0.390996 0.479742 0.534178 0.38572 0.400978 0.383492 0.450599 0.32992 0.341815 0.300891 1.20215 0.468831 0.549641 0.717254 0.716124 0.45268 0.538097 0.461169 1.54938 0.363084 0.537255 0.339893 0.320332 0.431891 0.312631 0.577735 0.532576 0.400065 0.381265 0.421217 0.364449 0.696458 0.368641 0.567137 0.575542 1.56789 0.336875 0.32381 0.714515 0.428116 0.338519 0.529914 0.510934 1.66 0.704553 0.297981 0.352397 0.709474 0.304843 0.365367 0.262136 0.354446 0.90104 0.402498 0.412512 0.902629 0.416262 0.391472 0.415864 0.295684 0.330378 0.611742 0.306883 0.353278 0.401894 0.534603 0.407474 0.463629 0.311161 0.361852 0.667991 0.392445 0.399265 0.533623 0.279454 0.540329 1.29705 0.549344 0.424797 0.329182 0.714141 0.460526 0.40216 1.25868 0.449842 0.399178 0.402572 0.640036 0.545787 1.55395 0.399727 1.19485 0.604302 1.5092 0.539999 0.349439 0.539868 0.293217 0.439282 0.443326 0.755435 0.463355 0.901 0.310296 0.452801 1.2555 0.699971 0.314732 0.140035 0.529853 0.461214 0.664259 0.448901 0.393945 0.46196 0.400702 0.710643 0.378906 0.397102 0.296733 0.380685 0.401665 0.312724 1.19134 0.530763 0.715817 0.363215 0.401291 0.277867 0.301363 0.568993 0.540328 1.59197 0.352347 0.46564 0.496965 0.530572 0.436489 1.3145 0.576652 0.52295 0.531875 0.72544 0.402029 0.374236
Testing:
Lab Growth Rates:
1.67
Dot Production Prediction of Lab Growth Rates:
1.53388
Best performance so far: 
Obj: 4.65286e-310Rho: 2.26291e-314Diff: 4.65286e-310
Anneal again with the best G and E so far as input
Cycle 2Round 1
Iter 500000 pBad 0.845684 T 0.0023599 Obj 1.08184 Rho 0 GRdif 46.2562 success 108614 failure 7679 obj_new 1.08184 SA_pAcc 1 Delta 0.019221 SA_r 0.289422 freedomratio 0.257105
Iter 1000000 pBad 0.779243 T 0.000712848 Obj 1.05467 Rho 0 GRdif 31.2971 success 214211 failure 21355 obj_new 1.05467 SA_pAcc 1 Delta 0.0268491 SA_r 0.830991 freedomratio 0.253776
Iter 1500000 pBad 0.714926 T 0.000215328 Obj 1.03088 Rho 0 GRdif 17.8827 success 316727 failure 43624 obj_new 1.03088 SA_pAcc 1.0546 Delta -0.0206173 SA_r 0.74276 freedomratio 0.248101
Iter 2000000 pBad 0.60782 T 6.50434e-05 Obj 1.02668 Rho 0 GRdif 15.4794 success 417413 failure 70541 obj_new 1.02668 SA_pAcc 1.64974 Delta -0.0356586 SA_r 0.475431 freedomratio 0.254215
Iter 2500000 pBad 0.542205 T 1.96474e-05 Obj 1.02069 Rho 0 GRdif 12.0425 success 515666 failure 103424 obj_new 1.02069 SA_pAcc 1.052 Delta -0.0282292 SA_r 0.582763 freedomratio 0.25543
Iter 3000000 pBad 0.405148 T 5.93484e-06 Obj 1.01772 Rho 0 GRdif 10.3282 success 611490 failure 143029 obj_new 1.01772 SA_pAcc 1 Delta 0.00545376 SA_r 0.796829 freedomratio 0.251282
Iter 3500000 pBad 0.233909 T 1.79272e-06 Obj 1.01403 Rho 0 GRdif 8.19386 success 692412 failure 212682 obj_new 1.01403 SA_pAcc 1 Delta -0.0175677 SA_r 0.507734 freedomratio 0.23445
Iter 4000000 pBad 0.245933 T 5.41521e-07 Obj 1.01122 Rho 0 GRdif 6.55957 success 764022 failure 308670 obj_new 1.01122 SA_pAcc 1 Delta -0.0117116 SA_r 0.502003 freedomratio 0.232227
Iter 4500000 pBad 0.115616 T 1.63575e-07 Obj 1.00997 Rho 0 GRdif 5.83507 success 824846 failure 433926 obj_new 1.00997 SA_pAcc 1 Delta 0.00773062 SA_r 0.708718 freedomratio 0.211131
Iter 5000000 pBad 0.0554109 T 4.94107e-08 Obj 1.00938 Rho 0 GRdif 5.49959 success 867214 failure 614727 obj_new 1.0094 SA_pAcc 4.68661e-114 Delta -0.00297955 SA_r 0.0957253 freedomratio 0.191656
Iter 5500000 pBad 0.0287891 T 1.49253e-08 Obj 1.00913 Rho 0 GRdif 5.34193 success 895173 failure 854807 obj_new 1.00913 SA_pAcc 1 Delta -0.00142592 SA_r 0.00394846 freedomratio 0.170781
Iter 6000000 pBad 0.018144 T 4.50845e-09 Obj 1.00897 Rho 0 GRdif 5.25211 success 915178 failure 1141564 obj_new 1.00897 SA_pAcc 2.6511e-217 Delta -0.000696828 SA_r 0.258074 freedomratio 0.155597
Iter 6500000 pBad 0.0098124 T 1.36185e-09 Obj 1.00893 Rho 0 GRdif 5.2248 success 926518 failure 1468769 obj_new 1.00893 SA_pAcc 1 Delta 0.000641135 SA_r 0.319345 freedomratio 0.146597
Iter 7000000 pBad 0.0043487 T 4.1137e-10 Obj 1.00891 Rho 0 GRdif 5.21773 success 932561 failure 1820142 obj_new 1.00891 SA_pAcc 1 Delta 0.00021264 SA_r 0.943429 freedomratio 0.1438
Iter 7500000 pBad 0.00111724 T 1.24261e-10 Obj 1.00891 Rho 0 GRdif 5.21307 success 938686 failure 2179942 obj_new 1.00891 SA_pAcc 1 Delta 5.86205e-05 SA_r 0.0394843 freedomratio 0.140636
Iter 8000000 pBad 0.00292894 T 3.75352e-11 Obj 1.0089 Rho 0 GRdif 5.20985 success 944870 failure 2549852 obj_new 1.0089 SA_pAcc 0 Delta 0.000107393 SA_r 0.299572 freedomratio 0.136364
Iter 8500000 pBad 0.00129618 T 1.13381e-11 Obj 1.00889 Rho 0 GRdif 5.20702 success 950859 failure 2934115 obj_new 1.00889 SA_pAcc 1 Delta -7.46582e-06 SA_r 0.276655 freedomratio 0.133333
Iter 9000000 pBad 0.00164158 T 3.42488e-12 Obj 1.00889 Rho 0 GRdif 5.20575 success 957395 failure 3327124 obj_new 1.00889 SA_pAcc 0 Delta -8.2334e-05 SA_r 0.48208 freedomratio 0.129658
Iter 9500000 pBad 0.000515081 T 1.03454e-12 Obj 1.00889 Rho 0 GRdif 5.20508 success 963391 failure 3725078 obj_new 1.00889 SA_pAcc 0 Delta 4.7215e-05 SA_r 0.0715258 freedomratio 0.128806
Good enough
iter 9.99976e+06 obj1.00889 rho 0 GRdif 5.20395
Training:
Lab Growth Rates:
0.3 0.45 0.41 0.32 0.19 0.377 0.45 0.6 0.42 0.59 0.23 0.56 0.41 0.6 0.41 0.54 0.1 0.54 0.43 0.09 0.465 0.54 0.41 0.5 0.46 0.48 0.4 0.5 0.4 0.68 0.4 0.37 0.47 0.58 0.637 0.65 0.59 0.65 1.483 0.25 0.36 1.4 0.53 0.37 1.38 0.481 0.41 0.4 1.483 1.483 0.52 0.54 0.3 0.56 0.36 0.636 0.58 0.45 0.43 0.6 0.23 0.42 0.46 0.42 1.345 0.56 0.41 0.1 0.54 0.4 0.42 0.377 0.55 0.52 0.55 0.58 0.37 0.58 0.4 0.46 0.54 0.1 0.22 0.58 0.5 1.483 0.4 0.68 0.59 0.25 0.45 0.56 0.43 0.47 0.3 0.27 0.33 1.248 0.25 0.31 0.27 0.38 0.5 0.46 1.05 0.42 0.38 0.11 0.59 0.4 0.65 0.46 0.58 0.45 0.36 1.43 0.48 0.47 0.4 0.39 0.5 0.686 0.42 0.48 0.56 0.58 0.4 0.46 0.54 0.55 0.45 0.3 0.42 0.54 0.48 0.37 0.58 0.1 0.33 0.37 0.65 0.54 0.42 0.43 0.301 0.22 1.345 1.483 0.45 0.43 0.54 0.47 0.4 0.47 0.46 0.32 0.65 0.38 0.54 1.483 0.39 0.59 0.48 0.42 0.54 0.17 0.23 0.41 0.4 1.248 0.54 0.53 0.1 0.377 1.483 1.05 1.483 0.4 0.14 0.41 0.47 1.03 1.248 0.5 0.3 0.43 0.5 0.46 0.45 0.648 0.25 0.36 0.58 0.45 0.31 0.51 0.901 0.43 0.4 0.25 0.45 0.54 0.55 0.36 0.38 0.27 0.5 0.3 1.46 0.762 0.4 0.637 0.47 0.43 0.58 0.33 0.46 0.485 0.54 0.59 0.65 0.43 1.05 0.19 0.4 0.5 0.42 0.36 0.59 0.5 0.59 0.39 0.485 0.37 0.58 0.301 0.52 1.345 0.45 0.4 0.42 1.46 0.48 0.4 0.65 0.39 0.58 0.3 0.3 0.59 0.1 0.39 0.762 0.4 0.4 0.4 0.33 1.05 0.37 0.47 0.56 0.4 0.635 0.37 0.27 0.36 0.11 0.55 0.4 0.47 0.27 0.4 0.648 0.42 0.4 0.53 0.476 0.47 0.54 0.52 0.4 0.5 0.476 0.54 0.5 1.44 1.46 0.45 0.5 0.5 1.483 0.52 0.5 0.37 0.26 0.54 0.43 0.2 0.23 0.45 0.39 0.58 0.53 0.56 0.58 0.7 0.46 0.22 0.4 0.46 0.54 0.46 0.25 0.686 1.345 0.47 1.248 0.53 0.5 0.47 0.636 0.47 0.724 0.51 0.53 0.46 0.43 0.901 0.2 0.4 0.5 0.46 0.47 0.37 0.65 0.37 0.68 0.45 0.5 0.37 0.47 0.5 1.345 0.617 0.45 0.54 0.59 0.58 0.27 0.46 0.4 0.4 0.58 0.47 1.483 0.4 0.4 1.345 1.66 0.47 0.23 1.35 0.46 0.4 0.4 0.42 0.3 0.42 0.7 0.56 1.345 0.5 0.26 0.25 0.53 0.5 0.45 1.345 0.635 1.483 0.47 0.46 0.34 0.4 0.3 0.25 0.4 0.901 0.68 0.4 0.22 0.46 1.345 0.648 0.55 0.09 0.5 0.59 0.22 0.33 0.55 0.55 0.38 0.58 0.636 0.4 0.46 0.1 0.56 0.58 0.59 0.4 0.41 0.1 0.5 0.3 0.47 0.56 0.465 0.4 0.47 1.67 0.53 0.4 0.36 0.56 0.2 0.5 0.4 0.55 0.17 0.4 0.5 0.4 0.481 0.4 0.5 0.37 0.4 0.3 0.5 0.762 0.481 0.4 0.26 0.53 0.5 0.4 0.49 0.37 0.52 0.52 0.34 1.345 0.56 0.6 0.71 0.724 0.1 0.56 0.54 1.05 0.49 0.23 0.42 0.45 0.55 0.59 0.476 0.54 0.4 0.59 0.37 0.52 0.7 0.47 0.485 0.465 1.49 0.33 0.59 0.71 0.23 0.48 0.56 0.3 1.66 0.637 0.32 0.47 0.635 0.47 0.52 0.48 0.53 0.901 0.4 0.53 0.901 0.37 0.4 0.36 0.54 0.4 0.42 0.59 0.22 0.4 0.23 0.45 0.56 0.42 0.49 0.5 0.4 0.4 0.56 0.48 0.23 1.43 0.55 0.17 0.09 0.724 0.58 0.4 1.345 0.43 0.4 0.4 0.5 0.5 1.42 0.4 1.248 0.31 0.45 0.54 0.52 0.54 0.42 0.68 0.55 0.5 0.58 0.901 0.34 0.46 1.345 0.7 0.53 0.14 0.33 0.22 0.65 0.46 0.4 0.5 0.52 0.71 0.54 0.4 0.19 0.52 0.4 0.3 1.483 0.53 0.686 0.11 0.51 0.58 0.33 0.301 0.56 1.46 0.47 0.22 0.33 0.53 0.54 0.762 0.485 0.53 0.56 0.5 0.4 0.54
Dot Production Prediction of Lab Growth Rates:
0.642225 0.327594 0.347874 0.324407 0.312392 0.576175 1.36904 0.677894 0.367916 0.553378 0.433087 0.548448 0.416296 0.644974 0.410555 0.326526 1.69732 0.379443 0.365291 0.397448 0.574066 0.537963 0.579387 0.531817 0.467941 0.29693 0.342782 0.77711 0.343373 0.376059 0.348751 0.413069 0.340802 0.463687 0.685634 0.653384 0.555224 0.656147 1.33428 0.35538 0.325826 1.40618 0.415054 0.267002 1.25749 0.564875 0.578893 0.392939 1.33368 1.34982 0.372796 0.384308 0.262544 0.54265 0.438716 0.703226 0.35991 0.453218 0.383002 0.651675 0.546843 0.323953 0.399669 0.338902 1.38848 0.482087 0.369128 0.480874 0.4574 0.341642 0.336539 0.573091 0.552263 0.33312 0.551538 0.481152 0.425805 0.483367 0.386202 0.357445 0.537505 1.68441 0.460243 0.473916 0.381288 1.35598 0.378023 0.372132 0.32881 0.567835 0.378584 0.47723 0.450614 0.429718 0.671564 0.39 0.380113 0.871607 1.03118 0.6405 0.388869 0.401487 0.791126 0.406738 1.07648 0.360127 0.279691 0.339899 0.543402 0.341402 0.653538 0.360552 0.478479 1.41078 0.371578 1.151 0.351518 0.459549 0.346753 0.360268 0.814407 0.699815 0.276108 0.339794 0.554761 0.312937 0.374986 0.540462 0.385038 0.476834 0.3474 0.524652 0.342257 0.47901 0.357571 0.427548 0.47429 1.91142 0.479336 0.408883 0.633124 0.467211 0.350646 0.435512 0.582031 0.480012 1.34324 1.3063 0.344254 0.380308 0.401995 0.343596 0.335539 0.477077 0.461312 0.350195 0.644373 0.297496 0.271473 1.31909 0.338539 0.405003 0.278377 0.306389 0.546756 0.316484 0.550175 0.328773 0.368726 0.864331 0.404891 0.548084 2.03874 0.576711 1.34447 1.07301 1.31627 0.345456 0.440392 0.386291 0.396666 1.23464 0.87458 0.39016 0.380204 0.372184 0.325909 0.4621 1.39261 0.690123 0.361076 0.321632 0.472472 0.374349 0.616516 0.398164 0.904751 0.422568 0.35 1.43885 0.432365 0.464548 0.479269 0.346829 0.281147 0.338586 0.324568 0.588758 1.05988 0.826118 0.350213 0.692132 0.405855 0.357637 0.351953 0.35772 0.288767 0.566857 0.344935 0.314943 0.62067 0.439759 1.05508 0.285976 0.384064 0.472314 0.60418 0.351279 0.307663 0.363121 0.551553 0.30446 0.572911 0.44154 0.399348 0.58662 0.381448 1.33195 0.368666 0.30569 0.306086 1.07043 0.279402 0.346251 0.641291 0.316405 0.405534 0.616537 0.687428 0.330502 1.01693 0.329408 0.827808 0.374528 0.373829 0.346879 0.320009 1.0544 0.561073 0.347903 0.553326 0.378036 0.689439 0.42549 0.598286 0.366776 0.398676 0.559058 0.374488 0.396026 0.374962 0.350007 0.681973 0.342123 0.338686 0.501832 0.57485 0.360355 0.359393 0.367113 0.34002 0.719622 0.575889 0.372313 0.488266 1.44826 1.08626 0.403389 0.323177 0.531738 1.33415 0.424793 0.489406 0.417195 0.394938 0.39349 0.336991 0.37461 0.547091 1.49583 0.320199 0.473122 0.559589 0.544867 0.475183 0.877263 0.545467 0.48712 0.347581 0.439705 0.357593 0.555841 0.301441 0.695415 1.3518 0.395885 0.866904 0.333976 0.85216 0.424989 0.696834 0.465383 0.695582 0.437792 0.455363 0.304835 0.389494 0.904807 0.390616 0.344741 0.33966 0.453998 0.410641 0.426223 0.654634 0.415848 0.38089 0.298269 0.483239 0.415723 0.389205 0.74444 1.3503 0.735737 1.42028 0.550389 0.542799 0.393162 0.274278 0.34532 0.344749 0.344619 0.391623 0.402043 1.35331 0.350167 0.34445 1.36458 1.51916 0.41112 0.434956 1.10318 0.466727 0.345527 0.391246 0.615201 0.268517 0.419469 0.869371 0.553045 1.35245 0.322907 0.613191 0.526964 0.535436 0.560854 1.47606 1.34205 0.691775 1.3271 0.347449 0.475374 0.291182 0.380706 0.418087 0.361422 0.33922 0.861887 0.376358 0.336244 0.405161 0.440858 1.34579 0.690132 0.480083 0.481894 0.335107 0.546566 0.476722 0.300093 0.549036 0.548971 0.385474 0.474558 0.70158 0.34292 0.355861 0.321891 0.557639 0.359521 0.540375 0.350028 0.577713 1.36788 0.47714 0.639807 0.361537 0.472033 0.57141 0.348154 0.374915 1.37877 0.255806 0.354979 0.361257 0.47371 0.351799 0.555472 0.34637 0.477527 0.310139 0.327433 0.457515 0.348518 0.572175 0.328223 0.835256 0.415609 0.384166 0.266087 0.360548 0.83595 0.566087 0.331935 0.469026 0.541373 0.418904 0.349986 0.407898 0.452316 0.346923 0.357886 0.316958 1.32825 0.474975 0.687306 0.697519 0.696872 0.46713 0.546971 0.472665 1.30152 0.393046 0.559548 0.353022 0.32318 0.457357 0.334169 0.571298 0.550967 0.345992 0.383345 0.42401 0.386543 0.859669 0.360287 0.565564 0.575256 1.49583 0.332684 0.331444 0.693357 0.433923 0.34329 0.533888 0.611246 1.49837 0.691789 0.308662 0.367084 0.693616 0.311739 0.394093 0.276959 0.38496 0.909899 0.388364 0.444248 0.905481 0.41816 0.379745 0.438907 0.311438 0.316599 0.583225 0.312418 0.361118 0.344892 0.553756 0.417299 0.480979 0.322842 0.404302 0.724571 0.341262 0.376262 0.532905 0.314702 0.550649 1.14323 0.548285 0.445749 0.355215 0.699542 0.450323 0.349182 1.37167 0.459466 0.340615 0.348422 0.747555 0.539062 1.48936 0.348276 0.867119 0.622583 1.42261 0.559244 0.356136 0.530239 0.287193 0.375915 0.47312 0.808506 0.483466 0.90473 0.333039 0.443441 1.36602 0.862337 0.325909 0.439909 0.540196 0.475363 0.653953 0.465441 0.331858 0.469095 0.402841 0.689809 0.404092 0.338436 0.299307 0.376658 0.347725 0.317267 1.31076 0.533875 0.69676 0.372737 0.431257 0.279332 0.323568 0.587055 0.546952 1.35448 0.37659 0.484662 0.516482 0.548564 0.463741 0.838607 0.575064 0.531979 0.54856 0.846911 0.348333 0.3919
Testing:
Lab Growth Rates:
1.67
Dot Production Prediction of Lab Growth Rates:
1.43351
Best performance so far: 
Obj: 4.65286e-310Rho: 6.5069e-314Diff: 4.65286e-310
Test:
 Lab Growth Rates:
1.67Dot Product Prediction of Growth Rate:
1.433508