seed =  5 traits =  1 
Training: part  38 
Training: part  38 
Round  1 
 Goal of obj  0.99 
Temperature range:  0.0078125 6.25e-14 
Cycle 1Round 1
Iter 500000 pBad 0.889248 T 0.00217744 Obj 1.12514 Rho 0 GRdif 69.3308 success 147700 failure 7304 obj_new 1.12514 SA_pAcc 0.837866 Delta 0.0882038 SA_r 0.24406 freedomratio 0.368652
Iter 1000000 pBad 0.81804 T 0.000606876 Obj 1.05349 Rho 0 GRdif 30.6407 success 292296 failure 22377 obj_new 1.05349 SA_pAcc 0.783836 Delta 0.0150566 SA_r 0.337844 freedomratio 0.361846
Iter 1500000 pBad 0.720278 T 0.000169143 Obj 1.03115 Rho 0 GRdif 18.0343 success 433471 failure 45123 obj_new 1.03115 SA_pAcc 1.09787 Delta -0.0108868 SA_r 0.899745 freedomratio 0.360736
Iter 2000000 pBad 0.708674 T 4.71421e-05 Obj 1.02124 Rho 0 GRdif 12.3592 success 571015 failure 76432 obj_new 1.02124 SA_pAcc 0.709487 Delta -0.0294123 SA_r 0.622428 freedomratio 0.363636
Iter 2500000 pBad 0.518605 T 1.3139e-05 Obj 1.01554 Rho 0 GRdif 9.07431 success 704439 failure 117658 obj_new 1.01555 SA_pAcc 0.417605 Delta -0.0340846 SA_r 0.816081 freedomratio 0.355932
Iter 3000000 pBad 0.380571 T 3.662e-06 Obj 1.01212 Rho 0 GRdif 7.08371 success 831310 failure 168557 obj_new 1.01212 SA_pAcc 0.541756 Delta 0.0361043 SA_r 0.344291 freedomratio 0.359413
Iter 3500000 pBad 0.256212 T 1.02064e-06 Obj 1.01008 Rho 0 GRdif 5.89934 success 937798 failure 258580 obj_new 1.01008 SA_pAcc 1 Delta -0.000123353 SA_r 0.95577 freedomratio 0.338905
Iter 4000000 pBad 0.138503 T 2.84464e-07 Obj 1.00947 Rho 0 GRdif 5.54451 success 1015855 failure 409142 obj_new 1.00947 SA_pAcc 1 Delta -0.000959884 SA_r 0.700277 freedomratio 0.303249
Iter 4500000 pBad 0.0490737 T 7.92833e-08 Obj 1.00915 Rho 0 GRdif 5.35413 success 1066225 failure 626511 obj_new 1.00915 SA_pAcc 0.0285093 Delta 0.00431443 SA_r 0.977094 freedomratio 0.26297
Iter 5000000 pBad 0.0338372 T 2.20971e-08 Obj 1.00898 Rho 0 GRdif 5.25458 success 1097762 failure 898682 obj_new 1.00898 SA_pAcc 1 Delta -0.00325582 SA_r 0.305799 freedomratio 0.233519
Iter 5500000 pBad 0.0135172 T 6.15872e-09 Obj 1.00891 Rho 0 GRdif 5.21489 success 1116157 failure 1216464 obj_new 1.00891 SA_pAcc 1 Delta -0.00096652 SA_r 0.23216 freedomratio 0.210075
Iter 6000000 pBad 0.0072148 T 1.71651e-09 Obj 1.00888 Rho 0 GRdif 5.19683 success 1127325 failure 1565841 obj_new 1.00888 SA_pAcc 0 Delta -0.000514046 SA_r 0.198152 freedomratio 0.199593
Iter 6500000 pBad 0.00355519 T 4.78409e-10 Obj 1.00886 Rho 0 GRdif 5.18892 success 1134057 failure 1933703 obj_new 1.00886 SA_pAcc 1.27243e-17 Delta 0.000247693 SA_r 0.315112 freedomratio 0.194444
Iter 7000000 pBad 0.000753 T 1.33338e-10 Obj 1.00886 Rho 0 GRdif 5.18533 success 1138702 failure 2313324 obj_new 1.00886 SA_pAcc 1.69659e-13 Delta -4.92592e-05 SA_r 0.726943 freedomratio 0.189555
Iter 7500000 pBad 0.000918183 T 3.71628e-11 Obj 1.00885 Rho 0 GRdif 5.22497 success 1142080 failure 2700759 obj_new 1.00893 SA_pAcc 0 Delta -2.88577e-05 SA_r 0.830951 freedomratio 0.185958
Iter 8000000 pBad 0.000614961 T 1.03577e-11 Obj 1.00885 Rho 0 GRdif 5.18332 success 1144004 failure 3093530 obj_new 1.00885 SA_pAcc 0 Delta -3.97465e-05 SA_r 0.434274 freedomratio 0.185139
Iter 8500000 pBad 0.000783574 T 2.88681e-12 Obj 1.00885 Rho 0 GRdif 5.18743 success 1146487 failure 3487326 obj_new 1.00886 SA_pAcc 0 Delta -5.22067e-05 SA_r 0.794503 freedomratio 0.182836
Iter 9000000 pBad 0.000192679 T 8.04585e-13 Obj 1.00885 Rho 0 GRdif 5.2563 success 1149305 failure 3883988 obj_new 1.00898 SA_pAcc 0 Delta 1.18278e-05 SA_r 0.654427 freedomratio 0.179542
Iter 9500000 pBad 1.79575e-38 T 2.24247e-13 Obj 1.00885 Rho 0 GRdif 5.18201 success 1152734 failure 4253338 obj_new 1.00885 SA_pAcc 1 Delta -8.90817e-40 SA_r 0.63821 freedomratio 0.171429
Iter 10000000 pBad 1.43282e-83 T 6.25002e-14 Obj 1.00885 Rho 0 GRdif 5.19171 success 1152734 failure 4570045 obj_new 1.00887 SA_pAcc 0 Delta -1.14477e-84 SA_r 0.708593 freedomratio 0.17004
Cannot move further
iter 9.42547e+06 obj1.00885 rho 0 GRdif 5.18201
Training:
Lab Growth Rates:
0.7 0.5 0.4 0.4 0.33 0.55 0.54 0.58 1.66 0.09 0.19 0.636 0.4 0.47 0.45 0.4 0.59 0.43 0.23 0.23 0.5 0.54 0.4 0.42 0.56 0.43 0.5 0.485 0.2 0.4 0.42 0.48 0.3 0.56 0.52 0.648 0.65 0.4 0.1 0.31 0.55 0.56 0.5 0.3 0.37 0.46 0.5 0.47 0.485 0.33 0.4 1.4 0.48 0.1 0.52 0.33 0.41 0.5 0.4 0.58 0.4 0.22 0.59 0.6 0.42 0.23 0.4 0.58 1.05 0.4 0.25 0.56 0.5 0.11 1.483 0.54 0.38 0.4 0.39 0.65 1.05 0.59 0.23 0.4 1.345 0.53 0.4 0.46 0.48 0.59 0.686 0.377 0.59 0.09 0.45 0.14 0.47 0.37 0.4 0.46 0.53 0.4 0.17 0.58 0.54 0.45 0.4 0.37 0.37 0.56 0.22 0.4 0.45 0.1 0.48 0.55 0.58 0.38 0.686 0.54 0.46 0.34 0.56 0.4 0.42 0.59 0.5 0.46 0.68 0.59 0.47 0.4 0.36 0.52 0.54 0.4 0.465 1.483 0.4 0.58 0.38 0.481 0.37 0.5 0.4 0.635 0.51 0.648 1.483 0.56 0.11 0.4 0.901 0.54 0.1 0.47 0.5 1.483 0.65 0.37 0.68 0.25 0.476 0.41 0.59 0.47 0.4 0.635 0.31 0.58 0.4 1.345 0.46 0.47 1.05 0.33 0.54 0.46 0.54 0.43 0.56 1.345 0.43 0.46 0.4 0.23 0.5 0.42 0.47 0.46 0.71 0.47 0.59 0.53 1.42 0.47 0.71 0.37 0.37 0.71 0.46 0.48 0.41 0.3 0.43 0.48 0.36 0.36 0.53 0.3 1.248 0.762 0.3 0.53 0.52 0.39 0.59 0.55 0.4 0.476 0.7 0.19 0.4 0.41 0.5 0.22 0.648 0.46 0.53 0.45 0.47 0.58 0.3 0.637 0.377 0.5 0.45 0.37 0.36 1.38 0.42 0.5 0.36 1.46 0.65 0.465 0.46 0.22 0.42 0.45 0.54 0.54 0.5 1.345 0.4 0.4 0.47 0.45 0.45 0.4 1.43 0.47 0.41 0.42 0.4 0.2 1.345 0.43 0.54 0.52 0.22 0.3 0.56 0.42 0.41 0.46 0.46 0.33 0.22 0.46 0.5 0.39 0.39 1.248 0.4 0.37 1.46 0.49 0.23 0.58 1.483 0.3 0.58 0.4 0.56 0.53 0.58 1.248 0.3 0.65 0.45 1.46 0.635 0.901 0.56 0.4 0.56 0.33 0.1 0.25 0.4 0.43 1.483 0.39 0.43 0.5 0.09 0.54 0.55 0.58 0.4 0.4 0.58 0.901 0.4 0.485 1.483 0.55 0.4 0.5 0.7 0.11 0.53 0.54 0.46 0.52 0.23 0.54 0.6 0.36 0.4 0.36 0.4 0.41 0.41 0.4 0.686 0.4 0.26 0.37 0.26 0.59 0.37 0.54 0.42 0.481 1.66 0.637 0.901 0.4 0.54 0.4 0.54 0.762 0.301 0.42 1.345 0.55 0.19 0.5 0.42 0.53 0.5 1.67 0.56 1.05 0.52 0.58 0.54 0.485 0.45 0.65 0.4 0.34 0.55 0.6 0.37 1.35 0.3 0.4 0.476 0.43 1.345 0.49 0.27 0.47 0.25 0.23 0.45 0.56 0.46 0.301 0.53 0.47 0.17 0.53 0.14 0.26 0.53 0.43 0.31 0.4 1.46 0.48 1.345 0.47 0.54 0.68 0.54 0.54 0.22 0.46 0.4 0.55 0.27 0.25 0.17 0.41 0.59 1.483 0.5 1.05 0.32 1.248 0.65 0.54 0.59 0.37 0.27 0.58 0.45 1.483 1.345 1.67 0.724 0.27 0.47 0.42 0.47 1.49 0.45 0.5 0.55 0.58 0.3 0.56 0.52 0.5 0.636 0.32 0.36 1.483 0.65 0.59 0.51 0.27 1.43 0.47 0.58 0.5 0.42 0.58 1.248 0.4 0.22 0.55 0.58 0.1 0.68 0.65 0.47 1.345 0.42 0.301 0.4 0.27 0.37 0.617 0.53 0.68 0.2 0.46 0.45 0.465 0.4 0.56 0.3 0.5 0.3 0.38 0.5 0.32 0.5 0.3 0.48 1.44 0.724 0.4 0.4 1.03 0.4 0.56 0.45 0.25 0.33 0.51 0.58 0.4 0.47 0.45 1.483 0.56 1.345 0.5 0.54 0.45 0.52 0.52 0.42 0.36 0.5 0.7 0.34 1.345 0.54 0.59 0.637 0.47 0.43 0.1 0.38 0.5 0.4 0.33 0.42 0.636 0.47 0.5 0.1 0.377 0.762 0.42 0.901 0.25 0.52 0.52 0.45 0.901 0.5 0.54 0.33 0.46 0.55 0.6 0.4 0.5 0.49 0.43 0.58 1.483 0.59 0.53 0.46 0.481 0.37 0.23 0.4 0.48 0.54 0.1 0.53 0.4 0.762 0.47 0.724 0.54 0.5 0.39
Dot Production Prediction of Lab Growth Rates:
0.61314 0.364742 0.401329 0.400361 0.455548 0.447878 0.436304 0.366406 1.63094 0.435911 0.358713 0.725869 0.40082 0.384902 0.338253 0.399752 0.347388 0.383731 0.534259 0.44074 0.335873 0.442882 0.401689 0.354662 0.537075 0.401908 0.473555 0.479915 0.411718 0.39928 0.369827 0.345092 0.349243 0.528854 0.385027 0.709397 0.675639 0.401858 0.917891 0.493505 0.426394 0.542232 0.530932 0.358003 0.422952 0.326395 0.573711 0.451808 0.47869 0.472351 0.401776 1.41056 0.323185 0.440639 0.357909 0.341514 0.360671 0.47812 0.390099 0.470989 0.398048 0.474184 0.40541 0.343416 0.345519 0.541105 0.398143 0.371163 1.05047 0.403712 0.492488 0.534196 0.382581 0.3838 0.794645 0.405662 0.337223 0.396867 0.346815 0.679709 1.69397 0.54051 0.539538 0.401779 0.835638 0.543198 0.391995 0.377971 0.346335 0.390472 0.725806 0.481081 0.330278 0.345804 0.365393 0.139853 0.348066 0.434301 0.398994 0.468052 0.35886 0.395207 0.338476 0.475652 0.407117 1.54814 0.400317 0.333818 0.436801 0.527873 0.475393 0.400501 0.333739 0.986924 0.336637 0.437047 0.473047 0.337524 0.724466 0.545576 0.379109 0.334094 0.536421 0.401761 0.383001 0.548392 0.341749 0.318793 0.466108 0.546817 0.383742 0.397139 0.425424 0.362349 0.387895 0.392271 0.486131 0.786118 0.403697 0.456696 0.363893 0.481878 0.427529 0.377086 0.399306 0.715335 0.392192 0.713148 0.810313 0.476447 0.378468 0.399989 0.821794 0.400244 0.444958 0.406958 0.545736 0.777749 0.652351 0.433327 0.468717 0.367275 0.488 0.341025 0.337554 0.414397 0.401519 0.71524 0.489689 0.468981 0.400575 0.82931 0.49602 0.36311 1.05018 0.373925 0.538976 0.408246 0.38279 0.387865 0.543597 0.811626 0.426392 0.467976 0.401692 0.440192 0.486355 0.349213 0.446471 0.485679 0.723137 0.354831 0.361507 0.529333 1.4972 0.381383 0.721492 0.42597 0.437869 0.725988 0.394976 0.312753 0.38359 0.344246 0.412093 0.366454 0.335114 0.370471 0.397073 0.299732 0.853171 0.789877 0.41164 0.307685 0.391309 0.315766 0.323148 0.550767 0.394309 0.487248 0.607777 0.345854 0.398343 0.38599 0.370927 0.391538 0.716572 0.476814 0.535117 0.400719 0.370337 0.351837 0.291151 0.709473 0.484334 0.330868 0.330706 0.496036 0.349054 1.33315 0.347899 0.549106 0.404194 1.02311 0.649958 0.486074 0.46001 0.425024 0.33757 1.49654 0.537687 0.353942 0.540508 0.793019 0.399949 0.40142 0.395048 0.376556 0.410455 0.396766 1.25543 0.351029 0.355429 0.35001 0.399751 0.371293 0.80264 0.414211 0.540039 0.403895 0.476218 0.378317 0.477619 0.372086 0.481514 0.425592 0.459931 0.372048 0.475144 0.345739 0.54249 0.333171 0.322763 0.848294 0.342286 0.429921 1.01709 0.397938 0.538598 0.468787 0.792041 0.361697 0.377694 0.395419 0.546116 0.356524 0.370591 0.851751 0.300072 0.642524 1.48822 1.66791 0.715143 0.900999 0.469456 0.396747 0.538609 0.427856 0.594324 0.473695 0.396814 0.377794 0.794967 0.345518 0.37453 0.541142 0.380841 0.338789 0.54771 0.471996 0.400933 0.400295 0.328475 0.904356 0.398492 0.484367 0.802318 0.437673 0.401947 0.465728 0.608032 0.342746 0.34635 0.436138 0.46601 0.387022 0.535756 0.322471 0.348257 0.361809 0.396765 0.3501 0.40156 0.474355 0.386095 0.400868 0.724105 0.399802 0.345255 0.385551 0.507318 0.540299 0.425241 0.349244 0.332302 0.482889 1.66 0.70956 0.900967 0.393301 0.390886 0.397274 0.441542 0.79933 0.484176 0.349471 0.806892 0.448727 0.352363 0.33428 0.522197 0.532659 0.469735 1.39205 0.471904 1.02221 0.372216 0.474613 0.449178 0.483158 1.48741 0.631687 0.397759 0.348548 0.543594 0.356063 0.397186 1.12852 0.343101 0.400738 0.48622 0.429824 0.783394 0.374097 0.351511 0.350347 0.369384 0.533965 1.48837 0.4722 0.456845 0.481059 0.498849 0.440706 0.343988 0.470856 0.140034 0.447797 0.424076 0.379779 0.495123 0.402039 1.01688 0.346228 0.809323 0.417837 0.34936 0.469878 0.403955 0.378774 0.366796 0.429164 0.404446 0.442964 0.382083 0.327797 0.419818 0.48242 0.550473 0.785012 0.529015 1.05001 0.317577 0.846245 0.641904 0.397834 0.335046 0.427055 0.537129 0.47517 1.54982 0.812645 0.820641 1.48579 0.722572 0.36984 0.363998 0.379461 0.371119 1.54814 0.339708 0.495588 0.543359 0.470046 0.338278 0.470747 0.368799 0.477642 0.711818 0.329993 0.335639 0.789736 0.651253 0.352184 0.414965 0.320535 1.27061 0.433152 0.345481 0.470845 0.368343 0.469773 0.848582 0.359064 0.478214 0.542235 0.333775 0.905819 0.470474 0.63188 0.371373 0.78626 0.361583 0.482288 0.402766 0.39047 0.412654 0.614747 0.383242 0.466886 0.412173 0.35487 0.408033 0.482226 0.40162 0.537107 0.307463 0.499638 0.31804 0.346241 0.344291 0.353253 0.346007 0.329851 0.352209 1.52152 0.723366 0.398406 0.398975 1.36742 0.396198 0.541179 0.352342 0.570442 0.331649 0.402032 0.396969 0.401931 0.457048 0.388321 0.812739 0.541779 0.815642 0.568984 0.545274 1.50668 0.373409 0.392967 0.328308 0.36271 0.470751 0.611954 0.330607 0.832286 0.536386 0.541143 0.709264 0.37016 0.360587 1.10313 0.373082 0.335078 0.4001 0.353905 0.520001 0.722827 0.386739 0.364245 0.374943 0.484001 0.798066 0.532994 0.901558 0.355024 0.391077 0.34411 0.35629 0.910042 0.568137 0.451375 0.37359 0.416931 0.551535 0.347468 0.400662 0.551294 0.374697 0.409138 0.472378 0.790511 0.550713 0.538206 0.433547 0.483399 0.385698 0.439943 0.401195 0.327327 0.356219 1.40685 0.534921 0.402773 0.792666 0.404069 0.723937 0.538919 0.495429 0.374366
Testing:
Lab Growth Rates:
0.25
Dot Production Prediction of Lab Growth Rates:
1.50431
Best performance so far: 
Obj: 4.65286e-310Rho: 2.26291e-314Diff: 4.65286e-310
Anneal again with the best G and E so far as input
Cycle 2Round 1
Iter 500000 pBad 0.834597 T 0.00217744 Obj 1.10471 Rho 0 GRdif 58.555 success 119206 failure 8415 obj_new 1.10471 SA_pAcc 1 Delta -0.00284881 SA_r 0.456189 freedomratio 0.28516
Iter 1000000 pBad 0.784649 T 0.000606876 Obj 1.04648 Rho 0 GRdif 26.7139 success 235301 failure 24084 obj_new 1.04648 SA_pAcc 1 Delta -0.0225524 SA_r 0.522726 freedomratio 0.287531
Iter 1500000 pBad 0.714117 T 0.000169143 Obj 1.03222 Rho 0 GRdif 18.6442 success 347737 failure 48619 obj_new 1.03222 SA_pAcc 1.00461 Delta -0.00104899 SA_r 0.127608 freedomratio 0.288802
Iter 2000000 pBad 0.591415 T 4.71421e-05 Obj 1.0255 Rho 0 GRdif 14.8086 success 457545 failure 79385 obj_new 1.0255 SA_pAcc 1 Delta -0.0420209 SA_r 0.314389 freedomratio 0.283647
Iter 2500000 pBad 0.442461 T 1.3139e-05 Obj 1.01961 Rho 0 GRdif 11.4178 success 564313 failure 117454 obj_new 1.01961 SA_pAcc 1 Delta 0.0268774 SA_r 0.0554837 freedomratio 0.27762
Iter 3000000 pBad 0.376864 T 3.662e-06 Obj 1.0157 Rho 0 GRdif 9.16221 success 665622 failure 165618 obj_new 1.0157 SA_pAcc 1 Delta -0.0121785 SA_r 0.39026 freedomratio 0.280668
Iter 3500000 pBad 0.261979 T 1.02064e-06 Obj 1.01152 Rho 0 GRdif 6.73447 success 752493 failure 245527 obj_new 1.01152 SA_pAcc 1.43636 Delta -0.0130159 SA_r 0.365424 freedomratio 0.262383
Iter 4000000 pBad 0.169165 T 2.84464e-07 Obj 1.00983 Rho 0 GRdif 5.7493 success 831170 failure 346232 obj_new 1.00983 SA_pAcc 1 Delta -0.0128403 SA_r 0.45118 freedomratio 0.248731
Iter 4500000 pBad 0.0850397 T 7.92833e-08 Obj 1.00904 Rho 0 GRdif 5.29057 success 884999 failure 508339 obj_new 1.00904 SA_pAcc 1 Delta -0.00550011 SA_r 0.235551 freedomratio 0.222812
Iter 5000000 pBad 0.0348273 T 2.20971e-08 Obj 1.00855 Rho 0 GRdif 5.07667 success 922312 failure 727575 obj_new 1.00867 SA_pAcc 0 Delta -0.000920567 SA_r 0.244142 freedomratio 0.195804
Iter 5500000 pBad 0.0216532 T 6.15872e-09 Obj 1.00843 Rho 0 GRdif 4.9353 success 942463 failure 1005699 obj_new 1.00843 SA_pAcc 1 Delta 0.00125111 SA_r 0.572149 freedomratio 0.179597
Iter 6000000 pBad 0.00876871 T 1.71651e-09 Obj 1.0084 Rho 0 GRdif 4.91745 success 952536 failure 1323809 obj_new 1.0084 SA_pAcc 0 Delta -0.000431688 SA_r 0.687738 freedomratio 0.16916
Iter 6500000 pBad 0.00435259 T 4.78409e-10 Obj 1.00838 Rho 0 GRdif 4.9171 success 958437 failure 1662784 obj_new 1.0084 SA_pAcc 0 Delta -0.000112474 SA_r 0.510076 freedomratio 0.164017
Iter 7000000 pBad 0.00190239 T 1.33338e-10 Obj 1.00837 Rho 0 GRdif 4.96268 success 962284 failure 2012406 obj_new 1.00848 SA_pAcc 0 Delta 6.02197e-05 SA_r 0.345857 freedomratio 0.161672
Iter 7500000 pBad 0.00196533 T 3.71628e-11 Obj 1.00836 Rho 0 GRdif 4.89689 success 965366 failure 2368477 obj_new 1.00836 SA_pAcc 0 Delta 2.52439e-05 SA_r 0.151103 freedomratio 0.159134
Iter 8000000 pBad 0.00111701 T 1.03577e-11 Obj 1.00836 Rho 0 GRdif 4.89695 success 967924 failure 2735086 obj_new 1.00836 SA_pAcc 0 Delta 1.24119e-05 SA_r 0.077677 freedomratio 0.155473
Iter 8500000 pBad 0.000308738 T 2.88681e-12 Obj 1.00836 Rho 0 GRdif 4.89365 success 969750 failure 3105051 obj_new 1.00836 SA_pAcc 1 Delta 1.61695e-05 SA_r 0.570553 freedomratio 0.154493
Iter 9000000 pBad 0.000367417 T 8.04585e-13 Obj 1.00836 Rho 0 GRdif 4.89293 success 972458 failure 3475959 obj_new 1.00836 SA_pAcc 0 Delta -1.8652e-05 SA_r 0.300382 freedomratio 0.153205
Iter 9500000 pBad 1.16214e-51 T 2.24247e-13 Obj 1.00836 Rho 0 GRdif 4.98665 success 973088 failure 3790882 obj_new 1.00852 SA_pAcc 0 Delta 6.55532e-53 SA_r 0.725035 freedomratio 0.146014
Good enough
iter 9.08792e+06 obj1.00836 rho 0 GRdif 4.89286
Training:
Lab Growth Rates:
0.7 0.5 0.4 0.4 0.33 0.55 0.54 0.58 1.66 0.09 0.19 0.636 0.4 0.47 0.45 0.4 0.59 0.43 0.23 0.23 0.5 0.54 0.4 0.42 0.56 0.43 0.5 0.485 0.2 0.4 0.42 0.48 0.3 0.56 0.52 0.648 0.65 0.4 0.1 0.31 0.55 0.56 0.5 0.3 0.37 0.46 0.5 0.47 0.485 0.33 0.4 1.4 0.48 0.1 0.52 0.33 0.41 0.5 0.4 0.58 0.4 0.22 0.59 0.6 0.42 0.23 0.4 0.58 1.05 0.4 0.25 0.56 0.5 0.11 1.483 0.54 0.38 0.4 0.39 0.65 1.05 0.59 0.23 0.4 1.345 0.53 0.4 0.46 0.48 0.59 0.686 0.377 0.59 0.09 0.45 0.14 0.47 0.37 0.4 0.46 0.53 0.4 0.17 0.58 0.54 0.45 0.4 0.37 0.37 0.56 0.22 0.4 0.45 0.1 0.48 0.55 0.58 0.38 0.686 0.54 0.46 0.34 0.56 0.4 0.42 0.59 0.5 0.46 0.68 0.59 0.47 0.4 0.36 0.52 0.54 0.4 0.465 1.483 0.4 0.58 0.38 0.481 0.37 0.5 0.4 0.635 0.51 0.648 1.483 0.56 0.11 0.4 0.901 0.54 0.1 0.47 0.5 1.483 0.65 0.37 0.68 0.25 0.476 0.41 0.59 0.47 0.4 0.635 0.31 0.58 0.4 1.345 0.46 0.47 1.05 0.33 0.54 0.46 0.54 0.43 0.56 1.345 0.43 0.46 0.4 0.23 0.5 0.42 0.47 0.46 0.71 0.47 0.59 0.53 1.42 0.47 0.71 0.37 0.37 0.71 0.46 0.48 0.41 0.3 0.43 0.48 0.36 0.36 0.53 0.3 1.248 0.762 0.3 0.53 0.52 0.39 0.59 0.55 0.4 0.476 0.7 0.19 0.4 0.41 0.5 0.22 0.648 0.46 0.53 0.45 0.47 0.58 0.3 0.637 0.377 0.5 0.45 0.37 0.36 1.38 0.42 0.5 0.36 1.46 0.65 0.465 0.46 0.22 0.42 0.45 0.54 0.54 0.5 1.345 0.4 0.4 0.47 0.45 0.45 0.4 1.43 0.47 0.41 0.42 0.4 0.2 1.345 0.43 0.54 0.52 0.22 0.3 0.56 0.42 0.41 0.46 0.46 0.33 0.22 0.46 0.5 0.39 0.39 1.248 0.4 0.37 1.46 0.49 0.23 0.58 1.483 0.3 0.58 0.4 0.56 0.53 0.58 1.248 0.3 0.65 0.45 1.46 0.635 0.901 0.56 0.4 0.56 0.33 0.1 0.25 0.4 0.43 1.483 0.39 0.43 0.5 0.09 0.54 0.55 0.58 0.4 0.4 0.58 0.901 0.4 0.485 1.483 0.55 0.4 0.5 0.7 0.11 0.53 0.54 0.46 0.52 0.23 0.54 0.6 0.36 0.4 0.36 0.4 0.41 0.41 0.4 0.686 0.4 0.26 0.37 0.26 0.59 0.37 0.54 0.42 0.481 1.66 0.637 0.901 0.4 0.54 0.4 0.54 0.762 0.301 0.42 1.345 0.55 0.19 0.5 0.42 0.53 0.5 1.67 0.56 1.05 0.52 0.58 0.54 0.485 0.45 0.65 0.4 0.34 0.55 0.6 0.37 1.35 0.3 0.4 0.476 0.43 1.345 0.49 0.27 0.47 0.25 0.23 0.45 0.56 0.46 0.301 0.53 0.47 0.17 0.53 0.14 0.26 0.53 0.43 0.31 0.4 1.46 0.48 1.345 0.47 0.54 0.68 0.54 0.54 0.22 0.46 0.4 0.55 0.27 0.25 0.17 0.41 0.59 1.483 0.5 1.05 0.32 1.248 0.65 0.54 0.59 0.37 0.27 0.58 0.45 1.483 1.345 1.67 0.724 0.27 0.47 0.42 0.47 1.49 0.45 0.5 0.55 0.58 0.3 0.56 0.52 0.5 0.636 0.32 0.36 1.483 0.65 0.59 0.51 0.27 1.43 0.47 0.58 0.5 0.42 0.58 1.248 0.4 0.22 0.55 0.58 0.1 0.68 0.65 0.47 1.345 0.42 0.301 0.4 0.27 0.37 0.617 0.53 0.68 0.2 0.46 0.45 0.465 0.4 0.56 0.3 0.5 0.3 0.38 0.5 0.32 0.5 0.3 0.48 1.44 0.724 0.4 0.4 1.03 0.4 0.56 0.45 0.25 0.33 0.51 0.58 0.4 0.47 0.45 1.483 0.56 1.345 0.5 0.54 0.45 0.52 0.52 0.42 0.36 0.5 0.7 0.34 1.345 0.54 0.59 0.637 0.47 0.43 0.1 0.38 0.5 0.4 0.33 0.42 0.636 0.47 0.5 0.1 0.377 0.762 0.42 0.901 0.25 0.52 0.52 0.45 0.901 0.5 0.54 0.33 0.46 0.55 0.6 0.4 0.5 0.49 0.43 0.58 1.483 0.59 0.53 0.46 0.481 0.37 0.23 0.4 0.48 0.54 0.1 0.53 0.4 0.762 0.47 0.724 0.54 0.5 0.39
Dot Production Prediction of Lab Growth Rates:
0.713006 0.371303 0.406288 0.400896 0.481209 0.483746 0.471886 0.356918 1.65547 0.449444 0.315707 0.709927 0.405582 0.407365 0.336758 0.400249 0.316435 0.362573 0.548644 0.443567 0.311229 0.476081 0.406959 0.297101 0.553157 0.397589 0.488795 0.57254 0.375893 0.400735 0.341887 0.311588 0.544975 0.523794 0.378894 0.694588 0.689946 0.404704 1.42878 0.544311 0.470974 0.546479 0.532028 0.565875 0.42766 0.301053 0.747605 0.436385 0.573917 0.498877 0.402355 1.4238 0.269356 0.437114 0.357654 0.306371 0.369839 0.493402 0.387662 0.475373 0.399998 0.487316 0.382943 0.540322 0.337239 0.541436 0.399933 0.349244 1.04974 0.408886 0.494086 0.550046 0.369769 0.391171 1.1264 0.385617 0.292867 0.397923 0.317111 0.685223 1.58676 0.545453 0.553182 0.403369 1.21519 0.548209 0.387263 0.357829 0.34007 0.366082 0.707604 0.58459 0.301985 0.340067 0.365965 0.282825 0.294898 0.434862 0.400736 0.466421 0.325994 0.392302 0.323837 0.492707 0.380851 1.52468 0.404289 0.284562 0.434269 0.529276 0.481228 0.403496 0.293667 1.58717 0.271331 0.490225 0.478334 0.302818 0.706275 0.554089 0.364812 0.298336 0.543612 0.405169 0.394809 0.55737 0.330486 0.27646 0.364991 0.558003 0.40816 0.400045 0.431044 0.37091 0.357639 0.390763 0.581031 1.1052 0.407359 0.452407 0.362042 0.577293 0.424179 0.414986 0.398615 0.701915 0.392583 0.700138 1.18347 0.486442 0.373545 0.398871 0.928922 0.390627 0.440327 0.396355 0.5523 1.1367 0.650064 0.452328 0.367243 0.363799 0.582742 0.318582 0.292252 0.399603 0.401686 0.702055 0.541788 0.47279 0.372428 1.1843 0.529984 0.337992 1.05269 0.36956 0.533556 0.402898 0.374816 0.367259 0.553765 1.15002 0.428292 0.47524 0.406809 0.442344 0.703077 0.327217 0.43205 0.506848 0.706041 0.358227 0.328554 0.527137 1.52037 0.371258 0.703614 0.42444 0.435173 0.7104 0.387933 0.269985 0.362682 0.515231 0.399338 0.369104 0.334135 0.370161 0.387727 0.277607 0.972761 0.94998 0.383294 0.253304 0.374844 0.29049 0.29786 0.556686 0.392455 0.583659 0.717437 0.302697 0.398873 0.399664 0.386027 0.395262 0.699265 0.514139 0.527588 0.403329 0.350737 0.366476 0.449363 0.697828 0.584218 0.311836 0.285031 0.537479 0.334135 1.32994 0.34204 0.74492 0.416821 1.02638 0.657088 0.58422 0.460019 0.441016 0.279797 1.46053 0.540044 0.335199 0.751664 1.15529 0.403479 0.407044 0.360994 0.379166 0.421057 0.397571 1.36265 0.351885 0.342583 0.335534 0.403276 0.342165 1.18825 0.404783 0.531839 0.379232 0.488409 0.352093 0.48753 0.348512 0.581225 0.406955 0.458048 0.363932 0.489892 0.337677 0.534263 0.307068 0.305725 0.967156 0.297259 0.429594 1.05257 0.3982 0.545763 0.472151 1.14806 0.563093 0.369068 0.395508 0.547238 0.368728 0.390198 0.966751 0.280789 0.649879 1.44932 1.59703 0.699562 0.903453 0.473927 0.395913 0.545545 0.443731 0.891191 0.474312 0.395801 0.356982 1.13817 0.309438 0.366258 0.558099 0.391329 0.321032 0.549308 0.478218 0.40745 0.404533 0.288488 0.90136 0.402929 0.580675 1.17565 0.486703 0.405989 0.683625 0.714132 0.333796 0.322984 0.470961 0.465547 0.392193 0.554787 0.281954 0.531107 0.34745 0.395614 0.360625 0.405434 0.572457 0.388706 0.407158 0.708998 0.402759 0.371047 0.392969 0.541378 0.546105 0.422104 0.330196 0.295673 0.577772 1.66008 0.695843 0.900887 0.389613 0.37707 0.399028 0.474899 0.958969 0.591995 0.340974 1.10678 0.481392 0.301311 0.311569 0.53146 0.527886 0.475421 1.42291 0.477472 1.02003 0.362387 0.48937 0.481497 0.578339 1.47408 0.629048 0.399398 0.340039 0.542584 0.561102 0.405554 1.26426 0.31024 0.405341 0.580471 0.431317 1.14813 0.38462 0.328215 0.378403 0.369428 0.548962 1.45253 0.483688 0.448026 0.5889 0.512829 0.455026 0.323999 0.447493 0.284377 0.465047 0.42676 0.37066 0.554509 0.405536 1.03594 0.338269 1.15011 0.399557 0.361981 0.366969 0.401871 0.394477 0.363708 0.411353 0.411863 0.482401 0.367147 0.296829 0.42118 0.578341 0.548349 1.16265 0.531176 1.05005 0.318662 0.967102 0.645254 0.373138 0.324298 0.425957 0.56543 0.488549 1.54271 1.15943 1.21626 1.51801 0.707704 0.363203 0.341919 0.334502 0.361529 1.52468 0.33675 0.70944 0.547557 0.472833 0.522446 0.475762 0.343102 0.49201 0.710972 0.321716 0.336314 1.1798 0.655046 0.3231 0.416924 0.273322 1.38282 0.423084 0.344443 0.482068 0.339145 0.473332 0.966665 0.316447 0.484847 0.552213 0.314017 1.43983 0.368579 0.642667 0.38445 1.14868 0.35794 0.590221 0.404121 0.381796 0.416216 0.624996 0.412637 0.366108 0.363495 0.340506 0.409427 0.578091 0.40632 0.552961 0.28537 0.669275 0.494718 0.30254 0.327303 0.354865 0.34732 0.520036 0.346787 1.50863 0.709206 0.39952 0.402973 1.3518 0.396249 0.55233 0.311476 0.883473 0.320499 0.406884 0.394824 0.407379 0.449223 0.377197 1.19401 0.551258 1.14986 0.781922 0.5519 1.51766 0.372871 0.383963 0.302813 0.357096 0.477001 0.712422 0.321172 1.16385 0.543564 0.541856 0.694213 0.350814 0.346009 1.66107 0.377324 0.321669 0.401941 0.319554 0.553932 0.705651 0.367019 0.359279 0.316027 0.587399 0.959931 0.551002 0.897777 0.354304 0.388473 0.348561 0.380331 0.90086 0.778149 0.470826 0.339278 0.397641 0.554578 0.543926 0.40483 0.776034 0.374458 0.411044 0.489031 1.12463 0.549867 0.530668 0.444569 0.576964 0.397511 0.442137 0.405207 0.30042 0.359245 1.40115 0.547475 0.408161 0.952459 0.399083 0.70946 0.528684 0.665387 0.352808
Testing:
Lab Growth Rates:
0.25
Dot Production Prediction of Lab Growth Rates:
1.50259
Best performance so far: 
Obj: 4.65286e-310Rho: 6.5069e-314Diff: 4.65286e-310
Test:
 Lab Growth Rates:
0.25Dot Product Prediction of Growth Rate:
1.502589