seed =  5 traits =  1 
Training: part  3 
Training: part  3 
Round  1 
 Goal of obj  0.99 
Temperature range:  0.00390625 7.8125e-15 
Cycle 1Round 1
Iter 500000 pBad 0.837705 T 0.00101581 Obj 1.06252 Rho 0 GRdif 35.5384 success 145662 failure 11331 obj_new 1.06252 SA_pAcc 0.877874 Delta 0.0805742 SA_r 0.71898 freedomratio 0.369018
Iter 1000000 pBad 0.797993 T 0.000264158 Obj 1.03656 Rho 0 GRdif 21.1108 success 288823 failure 29221 obj_new 1.03668 SA_pAcc 0.625582 Delta 0.0706838 SA_r 0.90075 freedomratio 0.3754
Iter 1500000 pBad 0.711509 T 6.86935e-05 Obj 1.02415 Rho 0 GRdif 13.9862 success 429277 failure 53040 obj_new 1.02415 SA_pAcc 1 Delta -0.0206993 SA_r 0.941755 freedomratio 0.36809
Iter 2000000 pBad 0.609532 T 1.78635e-05 Obj 1.01748 Rho 0 GRdif 10.1521 success 565685 failure 86469 obj_new 1.01748 SA_pAcc 1.15179 Delta -0.0211462 SA_r 0.849534 freedomratio 0.359951
Iter 2500000 pBad 0.466715 T 4.64535e-06 Obj 1.01297 Rho 0 GRdif 7.55206 success 697231 failure 128135 obj_new 1.01297 SA_pAcc 0.867519 Delta 0.0288548 SA_r 0.686902 freedomratio 0.360394
Iter 3000000 pBad 0.276632 T 1.20801e-06 Obj 1.00979 Rho 0 GRdif 5.70671 success 808973 failure 208142 obj_new 1.00979 SA_pAcc 1 Delta 0.000595522 SA_r 0.320382 freedomratio 0.327192
Iter 3500000 pBad 0.131827 T 3.14139e-07 Obj 1.00893 Rho 0 GRdif 5.20904 success 891560 failure 348997 obj_new 1.00893 SA_pAcc 1 Delta -0.0100512 SA_r 0.306807 freedomratio 0.306005
Iter 4000000 pBad 0.0699315 T 8.16908e-08 Obj 1.00869 Rho 0 GRdif 5.07058 success 941803 failure 566222 obj_new 1.00869 SA_pAcc 0.626719 Delta -0.00203373 SA_r 0.274449 freedomratio 0.259292
Iter 4500000 pBad 0.0215013 T 2.12434e-08 Obj 1.0086 Rho 0 GRdif 5.02103 success 970608 failure 844556 obj_new 1.00861 SA_pAcc 1.83234e-07 Delta -0.000969175 SA_r 0.246556 freedomratio 0.225385
Iter 5000000 pBad 0.0149579 T 5.52429e-09 Obj 1.00856 Rho 0 GRdif 4.99717 success 987204 failure 1165302 obj_new 1.00856 SA_pAcc 1 Delta 0.000189182 SA_r 0.455985 freedomratio 0.213479
Iter 5500000 pBad 0.0113218 T 1.43657e-09 Obj 1.00855 Rho 0 GRdif 4.99115 success 995834 failure 1512764 obj_new 1.00855 SA_pAcc 3.21524e-16 Delta 0.000751999 SA_r 0.145146 freedomratio 0.204967
Iter 6000000 pBad 0.00480567 T 3.73576e-10 Obj 1.00855 Rho 0 GRdif 4.9866 success 1001441 failure 1874065 obj_new 1.00855 SA_pAcc 1 Delta -0.00030406 SA_r 0.664394 freedomratio 0.198711
Iter 6500000 pBad 0.00282539 T 9.71473e-11 Obj 1.00854 Rho 0 GRdif 4.99412 success 1004374 failure 2247849 obj_new 1.00856 SA_pAcc 0 Delta 3.81948e-05 SA_r 0.446939 freedomratio 0.195725
Iter 7000000 pBad 0.00119583 T 2.52628e-11 Obj 1.00854 Rho 0 GRdif 4.98393 success 1006268 failure 2627228 obj_new 1.00854 SA_pAcc 1.80194e-09 Delta -1.0376e-05 SA_r 0.0612249 freedomratio 0.193655
Iter 7500000 pBad 0.000990985 T 6.56952e-12 Obj 1.00854 Rho 0 GRdif 4.98331 success 1007936 failure 3010758 obj_new 1.00854 SA_pAcc 1 Delta -5.63155e-05 SA_r 0.739956 freedomratio 0.190631
Iter 8000000 pBad 0.000878496 T 1.70838e-12 Obj 1.00854 Rho 0 GRdif 4.98299 success 1010082 failure 3395931 obj_new 1.00854 SA_pAcc 0 Delta -5.44182e-05 SA_r 0.884216 freedomratio 0.189521
Iter 8500000 pBad 0.000270249 T 4.44259e-13 Obj 1.00854 Rho 0 GRdif 4.98271 success 1013084 failure 3775237 obj_new 1.00854 SA_pAcc 0 Delta 1.40924e-05 SA_r 0.929992 freedomratio 0.187941
Iter 9000000 pBad 2.00462e-56 T 1.15528e-13 Obj 1.00854 Rho 0 GRdif 4.98262 success 1015907 failure 4103888 obj_new 1.00854 SA_pAcc 1 Delta 7.85602e-58 SA_r 0.635099 freedomratio 0.175818
Iter 9500000 pBad 0 T 3.00428e-14 Obj 1.00854 Rho 0 GRdif 4.98382 success 1015907 failure 4412002 obj_new 1.00854 SA_pAcc 0 Delta -0 SA_r 0.25135 freedomratio 0.126293
Iter 10000000 pBad 0 T 7.81252e-15 Obj 1.00854 Rho 0 GRdif 4.98262 success 1015907 failure 4748564 obj_new 1.00854 SA_pAcc 1 Delta -0 SA_r 0.770137 freedomratio 0.0575525
Cannot move further
iter 8.74296e+06 obj1.00854 rho 0 GRdif 4.98262
Training:
Lab Growth Rates:
1.46 0.42 0.09 0.4 0.36 0.42 0.3 0.5 0.5 0.485 0.481 0.59 0.1 0.59 0.762 0.5 0.3 0.53 0.6 0.23 0.65 0.5 0.23 0.41 0.58 1.483 0.65 0.301 0.53 0.54 0.42 0.43 0.46 0.4 0.46 0.56 0.4 0.56 0.59 0.4 0.34 0.4 0.43 0.41 0.22 0.31 0.686 0.33 0.58 0.51 1.03 0.46 1.05 0.27 0.5 0.4 0.48 1.483 0.59 0.47 0.4 0.47 0.4 0.46 0.53 0.36 0.4 0.59 0.4 0.5 0.45 0.47 0.58 0.56 0.485 0.901 0.5 0.4 0.47 0.36 1.345 0.51 0.38 0.27 1.46 0.5 0.52 0.47 0.65 0.55 0.43 0.4 0.47 0.49 0.09 0.23 0.38 0.54 0.45 0.33 0.5 0.54 0.46 0.55 0.4 0.4 0.5 0.724 0.3 0.56 0.25 0.22 0.42 0.56 0.17 0.47 1.38 0.5 0.4 0.54 0.65 0.4 0.54 0.301 0.47 0.901 0.48 0.4 1.345 0.46 0.5 1.49 0.17 0.636 0.55 0.58 0.17 0.46 0.47 0.59 0.55 0.46 0.37 1.483 0.3 0.65 0.22 0.465 1.345 0.6 0.1 0.22 0.1 1.483 0.55 0.3 0.4 0.55 0.58 0.4 0.45 0.4 0.23 0.42 0.45 0.635 0.11 0.4 0.481 0.58 0.46 0.42 0.54 0.2 0.4 0.4 1.345 0.41 0.48 0.54 0.45 0.46 0.301 0.1 0.45 0.4 0.25 0.39 1.42 0.27 0.56 0.53 0.47 0.54 1.43 0.7 1.483 0.58 0.23 0.25 0.42 0.37 0.59 0.27 0.4 0.53 0.1 0.52 0.54 0.4 0.48 0.59 0.22 0.485 0.762 0.14 0.46 0.5 0.1 0.45 0.37 0.27 0.25 0.47 0.19 0.58 0.4 0.54 0.43 0.58 1.66 0.648 0.5 0.52 0.49 0.37 0.37 0.4 1.483 0.37 1.248 0.55 0.4 0.41 0.47 0.43 0.637 0.4 0.5 1.345 0.4 0.58 0.55 0.33 0.33 0.58 0.41 0.54 0.11 0.42 0.46 0.56 0.3 0.68 0.476 0.56 0.4 0.1 0.617 0.762 0.43 0.32 0.47 0.53 0.54 0.53 0.56 0.42 0.5 0.56 0.19 0.46 0.58 0.58 0.42 0.901 0.34 0.42 0.68 0.46 0.901 0.5 0.4 0.42 1.345 0.42 0.55 0.5 0.42 0.4 0.4 0.47 0.55 0.4 0.23 0.5 0.23 1.248 0.54 0.43 0.4 0.4 0.485 0.33 0.36 0.52 0.52 0.47 0.58 0.465 0.54 0.58 0.53 0.45 0.5 0.41 0.49 0.55 0.4 1.46 0.5 0.32 0.2 0.59 0.37 0.11 0.47 0.4 0.52 0.686 0.25 0.54 0.5 0.53 0.54 0.1 0.4 0.53 0.3 0.45 0.37 0.37 0.39 0.33 0.3 0.3 0.648 1.248 0.34 0.36 0.52 0.42 0.7 0.4 0.31 0.26 0.59 0.3 0.58 0.47 0.5 0.5 0.25 0.54 0.45 0.4 0.36 0.3 0.4 0.4 0.38 0.4 0.56 0.47 1.43 0.45 0.54 0.09 0.59 0.52 1.345 0.22 1.483 0.7 1.248 0.56 0.47 0.54 0.46 0.14 0.39 0.23 1.345 0.45 0.53 0.4 0.54 0.37 0.637 1.4 0.54 0.52 1.66 0.55 0.5 0.71 0.68 0.48 0.26 0.65 0.45 1.05 0.68 0.46 0.4 0.46 0.4 0.45 0.901 0.762 0.4 0.635 0.5 0.37 1.345 0.38 0.52 0.23 0.5 1.345 0.36 0.46 0.48 0.58 1.05 0.43 0.56 0.3 0.4 0.46 0.65 0.45 1.248 0.31 0.53 0.648 0.4 0.5 0.42 0.4 0.52 0.45 0.51 0.59 0.4 0.37 1.483 0.25 0.59 0.65 0.22 1.67 0.5 0.5 0.45 0.47 0.54 0.5 0.6 0.54 0.45 0.46 0.33 1.483 0.56 0.4 1.46 0.59 0.636 1.483 0.476 0.4 0.686 0.43 0.59 0.53 0.37 0.47 0.724 0.58 0.5 0.4 1.483 0.33 0.38 0.465 0.54 0.3 0.37 0.54 0.53 0.42 0.56 0.47 0.1 0.71 0.58 0.48 0.54 0.37 0.724 0.27 0.637 0.4 0.42 0.6 1.05 0.3 0.4 1.35 1.44 0.54 0.4 0.39 0.39 0.7 0.56 0.5 0.43 1.05 0.37 0.32 0.58 0.54 0.68 0.22 0.47 0.46 0.635 0.65 0.47 0.36 0.56 0.59 0.45 1.345 0.4 0.43 0.4 0.19 0.36 0.901 0.52 0.4 1.483 0.33 1.67 0.41 0.481 0.25 0.41 0.41 0.2 0.53 0.48 0.48 0.26 1.345 0.43 0.5 0.476 0.39 0.56 0.636 0.71 0.58
Dot Production Prediction of Lab Growth Rates:
1.02267 0.59163 0.33625 0.406865 0.328523 0.358855 0.396144 0.369621 0.380764 0.4638 0.469376 0.401859 0.927259 0.339558 0.761877 0.525334 0.281721 0.423707 0.506516 0.431322 0.649995 0.467011 0.430667 0.46474 0.463358 0.93209 0.637148 0.461939 0.399136 0.54709 0.599287 0.355012 0.467748 0.409085 0.302356 0.4743 0.404928 0.543423 0.545064 0.400348 0.322105 0.40627 0.41926 0.372732 0.454659 0.579765 0.727687 0.362133 0.470849 0.41436 1.37777 0.460338 1.05 0.351924 0.361282 0.406113 0.313134 0.939399 0.333567 0.433227 0.409035 0.509947 0.409693 0.348678 0.533007 0.348579 0.398541 0.545101 0.408227 0.464993 0.378273 0.358546 0.358164 0.465484 0.4728 0.901009 0.468287 0.400003 0.351444 0.355224 1.01102 0.391248 0.328335 0.387866 1.02962 0.329651 0.391516 0.359846 0.692402 0.548245 0.3651 0.398263 0.392789 0.378302 0.37623 0.540105 0.323897 0.401014 0.424484 0.321786 0.349897 0.352677 0.430477 0.548704 0.407754 0.407425 0.581906 0.723391 0.274633 0.537866 0.367538 0.386253 0.336169 0.539191 0.420526 0.501022 1.35155 0.581712 0.398283 0.324373 0.678878 0.401738 0.302802 0.461049 0.354602 0.783704 0.342676 0.401061 0.957269 0.447928 0.367897 1.56003 0.340269 0.727226 0.549078 0.361451 0.334177 0.572855 0.392262 0.337674 0.548895 0.452453 0.424337 0.969156 0.504212 0.644224 0.459009 0.475014 0.990552 0.522359 0.472436 0.462245 0.384592 0.987927 0.412823 0.484205 0.402251 0.429068 0.35039 0.40032 0.424596 0.401212 0.534489 0.368595 1.47496 0.716078 0.336594 0.40924 0.468256 0.468296 0.429505 0.358299 0.379707 0.382707 0.395418 0.405385 1.00365 0.319849 0.308411 0.425447 0.375336 0.359771 0.460732 0.477275 1.44609 0.401932 0.702052 0.343982 1.5291 0.611393 0.467855 0.567613 0.336483 0.426725 1.40621 0.700203 0.985875 0.463576 0.432704 0.384362 0.353008 0.409299 0.341533 0.363158 0.406096 0.397598 0.736587 0.352766 0.541801 0.39417 0.339426 0.302737 0.461001 0.471799 0.768881 0.139981 0.537855 0.517653 0.848177 0.397863 0.423327 0.402889 0.535505 0.362901 0.322052 0.347597 0.408498 0.379136 0.351672 0.473401 1.619 0.708245 0.607322 0.349693 0.360128 0.413559 0.410116 0.410685 0.98251 0.420225 0.833256 0.430843 0.404483 0.457857 0.420728 0.425615 0.708047 0.404042 0.472195 0.949607 0.400134 0.467544 0.428095 0.370811 0.32476 0.471216 0.3543 0.332939 0.373428 0.371734 0.453562 0.466196 0.427684 0.404174 0.47695 0.539286 0.401843 1.06565 0.483249 0.768428 0.459475 0.321568 0.351924 0.355116 0.538167 0.531813 0.547115 0.383984 0.323715 0.553277 0.337396 0.454986 0.325592 0.368569 0.613876 0.902409 0.305908 0.343104 0.403804 0.466264 0.940424 0.62213 0.405312 0.311729 0.973335 0.329371 0.545785 0.608286 0.363639 0.41829 0.409524 0.352187 0.549949 0.401965 0.530551 0.527861 0.540764 0.833423 0.444732 0.44654 0.408082 0.395911 0.463645 0.327869 0.360857 0.377618 0.397623 0.422075 0.463433 0.471441 0.37712 0.388456 0.530828 0.356617 0.509867 0.389599 0.367845 0.428797 0.350642 1.57457 0.534248 0.308925 0.422734 0.543972 0.390863 0.381702 0.43182 0.405264 0.373237 0.727031 0.301852 0.39682 0.349018 0.546042 0.428096 0.859236 0.407528 0.297842 0.528121 0.328577 0.394887 0.321858 0.342915 0.367914 0.446821 0.354292 0.714402 0.833198 0.308328 0.406443 0.371115 0.324035 0.699999 0.409347 0.577125 0.366141 0.550548 0.535588 0.330555 0.403493 0.532471 0.463552 0.556705 0.389972 1.50592 0.407811 0.343539 0.486542 0.398627 0.409351 0.337478 0.397266 0.5274 0.395825 1.40641 0.396381 0.540444 0.438541 0.318057 0.378359 0.993089 0.346366 0.936923 0.708512 0.841104 0.466386 0.47721 0.444985 0.374524 0.140246 0.326997 0.542367 0.971911 1.55985 0.530717 0.40577 0.530975 0.426325 0.705245 1.46002 0.533139 0.343318 1.66 0.429068 0.543399 0.723346 0.403076 0.309797 0.579273 0.656925 0.365047 1.03144 0.406286 0.558509 0.410267 0.459995 0.408184 0.353054 0.900987 0.767654 0.408547 0.714111 0.468108 0.41441 1.02425 0.366967 0.365892 0.535397 0.505308 1.00031 0.41623 0.401578 0.335519 0.448962 1.05126 0.436781 0.542566 0.391905 0.402795 0.458889 0.649953 1.51147 0.835737 0.573968 0.342396 0.713687 0.40883 0.406823 0.353607 0.398336 0.404681 0.336498 0.408271 0.387216 0.400002 0.417742 0.972664 0.377581 0.551372 0.639955 0.46163 1.43758 0.530302 0.316125 1.56003 0.401337 0.352415 0.316087 0.502145 0.424157 1.46923 0.325988 0.529316 0.981628 0.536294 0.403086 1.02217 0.316471 0.716913 0.971759 0.476906 0.401287 0.7246 0.384946 0.543598 0.531452 0.417399 0.43826 0.723978 0.302534 0.582272 0.410756 0.98851 0.44636 0.373498 0.475699 0.354271 0.493375 0.580217 0.36565 0.336284 0.398312 0.468836 0.370134 1.42292 0.72753 0.468123 0.311198 0.437257 0.450771 0.722998 0.302551 0.703923 0.406998 0.359393 0.509788 1.61628 0.276942 0.349981 1.24685 1.53735 0.544724 0.399577 0.317452 0.309547 0.698161 0.536714 0.326008 0.382486 1.04999 0.390667 0.34641 0.468238 0.424574 0.404166 0.436401 0.357499 0.307063 0.711593 0.661538 0.376328 0.324997 0.537587 0.548904 0.323088 0.994253 0.398311 0.467918 0.41 0.318922 0.375923 0.906061 0.361456 0.397494 0.964325 0.483699 1.48893 0.370235 0.468607 1.50327 0.379028 0.464616 0.422618 0.507645 0.353519 0.342151 0.491511 0.922064 0.404359 0.533516 0.47496 0.318902 0.540929 0.723086 0.723933 0.470615
Testing:
Lab Growth Rates:
0.377 0.377 0.377
Dot Production Prediction of Lab Growth Rates:
0.468492 0.465055 0.464851
Best performance so far: 
Obj: 4.67679e-310Rho: 2.26291e-314Diff: 4.67679e-310
Anneal again with the best G and E so far as input
Cycle 2Round 1
Iter 500000 pBad 0.802123 T 0.00101581 Obj 1.05918 Rho 0 GRdif 33.6938 success 109449 failure 11682 obj_new 1.05918 SA_pAcc 1 Delta 0.0215984 SA_r 0.763471 freedomratio 0.263964
Iter 1000000 pBad 0.721394 T 0.000264158 Obj 1.03538 Rho 0 GRdif 20.3762 success 215412 failure 30943 obj_new 1.03538 SA_pAcc 1 Delta -7.14547e-05 SA_r 0.96223 freedomratio 0.266485
Iter 1500000 pBad 0.658629 T 6.86935e-05 Obj 1.02924 Rho 0 GRdif 16.8863 success 319116 failure 56192 obj_new 1.02924 SA_pAcc 1 Delta 0.0218406 SA_r 0.804279 freedomratio 0.261025
Iter 2000000 pBad 0.540577 T 1.78635e-05 Obj 1.0205 Rho 0 GRdif 11.8905 success 419551 failure 90739 obj_new 1.0205 SA_pAcc 1 Delta -0.0509379 SA_r 0.720847 freedomratio 0.257018
Iter 2500000 pBad 0.433486 T 4.64535e-06 Obj 1.01689 Rho 0 GRdif 9.81237 success 516645 failure 132108 obj_new 1.01689 SA_pAcc 0.964693 Delta -0.0126969 SA_r 0.109348 freedomratio 0.254561
Iter 3000000 pBad 0.259196 T 1.20801e-06 Obj 1.01163 Rho 0 GRdif 6.77733 success 603316 failure 198104 obj_new 1.01163 SA_pAcc 1.13998 Delta -0.0236542 SA_r 0.259153 freedomratio 0.236576
Iter 3500000 pBad 0.156483 T 3.14139e-07 Obj 1.00964 Rho 0 GRdif 5.62352 success 678317 failure 291771 obj_new 1.00964 SA_pAcc 1 Delta -0.0152317 SA_r 0.762237 freedomratio 0.229624
Iter 4000000 pBad 0.0763784 T 8.16908e-08 Obj 1.00872 Rho 0 GRdif 5.08502 success 731909 failure 442331 obj_new 1.00872 SA_pAcc 1 Delta -0.00512631 SA_r 0.768883 freedomratio 0.206848
Iter 4500000 pBad 0.0412596 T 2.12434e-08 Obj 1.00823 Rho 0 GRdif 4.80142 success 767244 failure 655078 obj_new 1.00823 SA_pAcc 0.0945239 Delta -0.00143416 SA_r 0.881381 freedomratio 0.184858
Iter 5000000 pBad 0.0169059 T 5.52429e-09 Obj 1.00809 Rho 0 GRdif 4.72211 success 787607 failure 927870 obj_new 1.00809 SA_pAcc 4.68031e-126 Delta 0.000988575 SA_r 0.0222012 freedomratio 0.16563
Iter 5500000 pBad 0.00917103 T 1.43657e-09 Obj 1.00804 Rho 0 GRdif 4.69188 success 801892 failure 1237463 obj_new 1.00804 SA_pAcc 0 Delta -0.000427519 SA_r 0.622312 freedomratio 0.155314
Iter 6000000 pBad 0.00448332 T 3.73576e-10 Obj 1.00801 Rho 0 GRdif 4.68887 success 810538 failure 1576235 obj_new 1.00803 SA_pAcc 0 Delta -0.000158735 SA_r 0.291343 freedomratio 0.147719
Iter 6500000 pBad 0.0025801 T 9.71473e-11 Obj 1.008 Rho 0 GRdif 4.66955 success 817381 failure 1933199 obj_new 1.008 SA_pAcc 1 Delta -1.72785e-05 SA_r 0.50451 freedomratio 0.143663
Iter 7000000 pBad 0.000746227 T 2.52628e-11 Obj 1.00799 Rho 0 GRdif 4.666 success 822873 failure 2301252 obj_new 1.00799 SA_pAcc 0 Delta 5.56865e-05 SA_r 0.138255 freedomratio 0.14046
Iter 7500000 pBad 0.00178316 T 6.56952e-12 Obj 1.00799 Rho 0 GRdif 4.66564 success 828088 failure 2681285 obj_new 1.00799 SA_pAcc 0 Delta -0.000163112 SA_r 0.386973 freedomratio 0.137365
Iter 8000000 pBad 0.000994543 T 1.70838e-12 Obj 1.00799 Rho 0 GRdif 4.66214 success 833795 failure 3070449 obj_new 1.00799 SA_pAcc 9.14343e-138 Delta -6.69664e-06 SA_r 0.424445 freedomratio 0.13297
Iter 8500000 pBad 9.6267e-45 T 4.44259e-13 Obj 1.00799 Rho 0 GRdif 4.66576 success 838105 failure 3450788 obj_new 1.00799 SA_pAcc 0 Delta -5.28704e-46 SA_r 0.590847 freedomratio 0.13028
Iter 9000000 pBad 2.47065e-101 T 1.15528e-13 Obj 1.00799 Rho 0 GRdif 4.66578 success 838105 failure 3786681 obj_new 1.00799 SA_pAcc 0 Delta -3.35856e-103 SA_r 0.184837 freedomratio 0.129991
Iter 9500000 pBad 0 T 3.00428e-14 Obj 1.00799 Rho 0 GRdif 4.78901 success 838105 failure 4126127 obj_new 1.00821 SA_pAcc 0 Delta -0 SA_r 0.180378 freedomratio 0.0985205
Good enough
iter 8.44055e+06 obj1.00799 rho 0 GRdif 4.66166
Training:
Lab Growth Rates:
1.46 0.42 0.09 0.4 0.36 0.42 0.3 0.5 0.5 0.485 0.481 0.59 0.1 0.59 0.762 0.5 0.3 0.53 0.6 0.23 0.65 0.5 0.23 0.41 0.58 1.483 0.65 0.301 0.53 0.54 0.42 0.43 0.46 0.4 0.46 0.56 0.4 0.56 0.59 0.4 0.34 0.4 0.43 0.41 0.22 0.31 0.686 0.33 0.58 0.51 1.03 0.46 1.05 0.27 0.5 0.4 0.48 1.483 0.59 0.47 0.4 0.47 0.4 0.46 0.53 0.36 0.4 0.59 0.4 0.5 0.45 0.47 0.58 0.56 0.485 0.901 0.5 0.4 0.47 0.36 1.345 0.51 0.38 0.27 1.46 0.5 0.52 0.47 0.65 0.55 0.43 0.4 0.47 0.49 0.09 0.23 0.38 0.54 0.45 0.33 0.5 0.54 0.46 0.55 0.4 0.4 0.5 0.724 0.3 0.56 0.25 0.22 0.42 0.56 0.17 0.47 1.38 0.5 0.4 0.54 0.65 0.4 0.54 0.301 0.47 0.901 0.48 0.4 1.345 0.46 0.5 1.49 0.17 0.636 0.55 0.58 0.17 0.46 0.47 0.59 0.55 0.46 0.37 1.483 0.3 0.65 0.22 0.465 1.345 0.6 0.1 0.22 0.1 1.483 0.55 0.3 0.4 0.55 0.58 0.4 0.45 0.4 0.23 0.42 0.45 0.635 0.11 0.4 0.481 0.58 0.46 0.42 0.54 0.2 0.4 0.4 1.345 0.41 0.48 0.54 0.45 0.46 0.301 0.1 0.45 0.4 0.25 0.39 1.42 0.27 0.56 0.53 0.47 0.54 1.43 0.7 1.483 0.58 0.23 0.25 0.42 0.37 0.59 0.27 0.4 0.53 0.1 0.52 0.54 0.4 0.48 0.59 0.22 0.485 0.762 0.14 0.46 0.5 0.1 0.45 0.37 0.27 0.25 0.47 0.19 0.58 0.4 0.54 0.43 0.58 1.66 0.648 0.5 0.52 0.49 0.37 0.37 0.4 1.483 0.37 1.248 0.55 0.4 0.41 0.47 0.43 0.637 0.4 0.5 1.345 0.4 0.58 0.55 0.33 0.33 0.58 0.41 0.54 0.11 0.42 0.46 0.56 0.3 0.68 0.476 0.56 0.4 0.1 0.617 0.762 0.43 0.32 0.47 0.53 0.54 0.53 0.56 0.42 0.5 0.56 0.19 0.46 0.58 0.58 0.42 0.901 0.34 0.42 0.68 0.46 0.901 0.5 0.4 0.42 1.345 0.42 0.55 0.5 0.42 0.4 0.4 0.47 0.55 0.4 0.23 0.5 0.23 1.248 0.54 0.43 0.4 0.4 0.485 0.33 0.36 0.52 0.52 0.47 0.58 0.465 0.54 0.58 0.53 0.45 0.5 0.41 0.49 0.55 0.4 1.46 0.5 0.32 0.2 0.59 0.37 0.11 0.47 0.4 0.52 0.686 0.25 0.54 0.5 0.53 0.54 0.1 0.4 0.53 0.3 0.45 0.37 0.37 0.39 0.33 0.3 0.3 0.648 1.248 0.34 0.36 0.52 0.42 0.7 0.4 0.31 0.26 0.59 0.3 0.58 0.47 0.5 0.5 0.25 0.54 0.45 0.4 0.36 0.3 0.4 0.4 0.38 0.4 0.56 0.47 1.43 0.45 0.54 0.09 0.59 0.52 1.345 0.22 1.483 0.7 1.248 0.56 0.47 0.54 0.46 0.14 0.39 0.23 1.345 0.45 0.53 0.4 0.54 0.37 0.637 1.4 0.54 0.52 1.66 0.55 0.5 0.71 0.68 0.48 0.26 0.65 0.45 1.05 0.68 0.46 0.4 0.46 0.4 0.45 0.901 0.762 0.4 0.635 0.5 0.37 1.345 0.38 0.52 0.23 0.5 1.345 0.36 0.46 0.48 0.58 1.05 0.43 0.56 0.3 0.4 0.46 0.65 0.45 1.248 0.31 0.53 0.648 0.4 0.5 0.42 0.4 0.52 0.45 0.51 0.59 0.4 0.37 1.483 0.25 0.59 0.65 0.22 1.67 0.5 0.5 0.45 0.47 0.54 0.5 0.6 0.54 0.45 0.46 0.33 1.483 0.56 0.4 1.46 0.59 0.636 1.483 0.476 0.4 0.686 0.43 0.59 0.53 0.37 0.47 0.724 0.58 0.5 0.4 1.483 0.33 0.38 0.465 0.54 0.3 0.37 0.54 0.53 0.42 0.56 0.47 0.1 0.71 0.58 0.48 0.54 0.37 0.724 0.27 0.637 0.4 0.42 0.6 1.05 0.3 0.4 1.35 1.44 0.54 0.4 0.39 0.39 0.7 0.56 0.5 0.43 1.05 0.37 0.32 0.58 0.54 0.68 0.22 0.47 0.46 0.635 0.65 0.47 0.36 0.56 0.59 0.45 1.345 0.4 0.43 0.4 0.19 0.36 0.901 0.52 0.4 1.483 0.33 1.67 0.41 0.481 0.25 0.41 0.41 0.2 0.53 0.48 0.48 0.26 1.345 0.43 0.5 0.476 0.39 0.56 0.636 0.71 0.58
Dot Production Prediction of Lab Growth Rates:
1.03181 0.592261 0.343916 0.400106 0.320766 0.305381 0.350154 0.383462 0.379691 0.453283 0.457994 0.3515 1.46655 0.306108 0.759111 0.766069 0.304227 0.440715 0.624674 0.434656 0.64592 0.477658 0.432864 0.461564 0.469297 1.30315 0.629068 0.46772 0.416134 0.555851 0.603474 0.35402 0.465136 0.402843 0.287504 0.478113 0.399645 0.551656 0.553552 0.389313 0.335112 0.400477 0.402767 0.371322 0.465814 0.575213 0.712423 0.362933 0.480261 0.425466 1.30613 0.418891 1.05954 0.323125 0.35644 0.397152 0.271032 1.31398 0.302546 0.428546 0.402535 0.475055 0.404868 0.330659 0.532165 0.36 0.394683 0.551688 0.400895 0.48217 0.378236 0.341936 0.352311 0.468141 0.465662 0.905354 0.481437 0.393875 0.350013 0.312504 1.35634 0.399198 0.275152 0.359992 1.056 0.323697 0.389026 0.359854 0.672057 0.54963 0.367505 0.395181 0.358606 0.409255 0.38493 0.5523 0.301997 0.359833 0.421903 0.30664 0.340416 0.314905 0.400685 0.55119 0.403226 0.400341 0.872717 0.709247 0.299982 0.552538 0.343669 0.398752 0.285246 0.537853 0.445426 0.467788 1.28257 0.848626 0.398107 0.305992 0.671106 0.402376 0.276664 0.468864 0.362436 0.778603 0.325344 0.399006 1.32777 0.465569 0.369197 1.46033 0.312096 0.707551 0.55996 0.396096 0.297472 0.548813 0.392382 0.315426 0.561435 0.446568 0.429261 1.28499 0.638258 0.649481 0.469998 0.466953 1.33423 0.677014 0.430358 0.47384 0.325217 1.36225 0.453608 0.59536 0.393444 0.459826 0.353382 0.39787 0.406386 0.391034 0.549692 0.343946 1.4199 0.697722 0.327765 0.401993 0.458157 0.481156 0.373849 0.330722 0.38619 0.33355 0.393004 0.399269 1.34641 0.333664 0.265821 0.462337 0.298147 0.3544 0.468791 0.442387 1.40809 0.400802 1.03806 0.323095 1.47923 0.596741 0.472244 0.545666 0.291257 0.378701 1.26782 0.809417 1.29857 0.470482 0.434313 0.345506 0.345118 0.413407 0.342757 0.354907 0.399687 0.390315 1.03315 0.33719 0.54417 0.382465 0.308045 0.291472 0.471461 0.466281 0.766588 0.179412 0.511982 0.769539 1.30088 0.351506 0.428021 0.362734 0.501462 0.349631 0.291444 0.374399 0.402682 0.385405 0.352 0.482827 1.55593 0.686953 0.877833 0.359804 0.398043 0.415384 0.437051 0.403273 1.34842 0.427324 0.836914 0.467737 0.405216 0.453305 0.40541 0.385864 0.688273 0.395021 0.482569 1.31539 0.401121 0.479554 0.465647 0.347779 0.313133 0.472082 0.3251 0.339135 0.375115 0.347619 0.452261 0.476389 0.394276 0.42077 0.46949 0.551611 0.401692 1.55751 0.598194 0.761999 0.429791 0.320651 0.343618 0.373743 0.537537 0.533196 0.54999 0.387141 0.307569 0.551646 0.311996 0.454789 0.302105 0.366901 0.613731 0.902107 0.31409 0.303116 0.41946 0.467569 0.94571 0.897459 0.395088 0.30161 1.29372 0.324959 0.551953 0.850721 0.323371 0.362533 0.401415 0.325623 0.55475 0.39122 0.540098 0.54038 0.542996 0.834756 0.455838 0.393651 0.402651 0.383412 0.453501 0.320751 0.33469 0.377997 0.368839 0.423969 0.471087 0.465729 0.385462 0.401685 0.527246 0.359214 0.816181 0.387465 0.380175 0.46553 0.284803 1.50262 0.557829 0.309091 0.379205 0.554161 0.3795 0.392556 0.380515 0.396219 0.374175 0.714371 0.302653 0.404977 0.30256 0.549825 0.463589 1.31838 0.40054 0.270993 0.666214 0.344031 0.412811 0.279802 0.351195 0.365896 0.570249 0.302553 0.694432 0.83983 0.309254 0.410763 0.353746 0.294602 0.803054 0.402018 0.561895 0.360171 0.558692 0.66824 0.355722 0.402448 0.546725 0.476556 0.531829 0.36338 1.41003 0.400019 0.361668 0.616179 0.398874 0.401004 0.291531 0.399984 0.544097 0.390036 1.27642 0.406115 0.545705 0.459095 0.331741 0.368787 1.31247 0.365006 1.30596 0.808022 0.844712 0.473199 0.46258 0.46936 0.359889 0.179345 0.309274 0.548272 1.35182 1.44732 0.537933 0.400246 0.537333 0.43132 0.687237 1.39994 0.535614 0.338426 1.55817 0.46406 0.547877 0.703827 0.418132 0.298643 0.580786 0.659355 0.346322 1.05002 0.424494 0.520567 0.405937 0.467473 0.399685 0.32986 0.900999 0.77004 0.402998 0.697238 0.483494 0.416468 1.37424 0.345019 0.372608 0.544354 0.81175 1.38065 0.4287 0.390179 0.334102 0.453789 1.06397 0.402205 0.546232 0.50942 0.404301 0.406057 0.649874 1.4564 0.837627 0.55395 0.328791 0.694652 0.403666 0.4184 0.328391 0.384023 0.359871 0.286295 0.41341 0.335049 0.398829 0.423634 1.31064 0.346762 0.552401 0.636627 0.470179 1.38342 0.5413 0.31833 1.46033 0.349122 0.379868 0.321164 0.642974 0.372495 1.40785 0.33514 0.521876 1.31001 0.548774 0.394125 1.04233 0.32026 0.688222 1.35168 0.469318 0.40361 0.712169 0.350183 0.551359 0.541854 0.422889 0.398336 0.709908 0.273163 0.841175 0.402928 1.32708 0.447689 0.353784 0.46956 0.369179 0.594054 0.549844 0.375129 0.30195 0.33659 0.4771 0.373396 1.4064 0.709985 0.478383 0.290477 0.455937 0.470868 0.710821 0.274752 0.684991 0.3992 0.354981 0.639317 1.48392 0.300023 0.307462 1.2161 1.45623 0.542442 0.395681 0.305764 0.287121 0.807545 0.551034 0.326558 0.362599 1.04989 0.390802 0.349786 0.476315 0.461472 0.423692 0.470675 0.354122 0.300898 0.696248 0.651189 0.378758 0.341052 0.538784 0.553309 0.345034 1.32082 0.386614 0.423863 0.400754 0.302838 0.358419 0.908747 0.383428 0.384273 1.31692 0.495742 1.47693 0.352167 0.461987 1.44589 0.3942 0.461374 0.382868 0.474528 0.369951 0.342629 0.454284 1.30174 0.347964 0.835603 0.46835 0.313838 0.55313 0.706727 0.707555 0.481581
Testing:
Lab Growth Rates:
0.377 0.377 0.377
Dot Production Prediction of Lab Growth Rates:
0.469121 0.471181 0.469926
Best performance so far: 
Obj: 4.67679e-310Rho: 6.5069e-314Diff: 4.67679e-310
Test:
 Lab Growth Rates:
0.377 0.377 0.377Dot Product Prediction of Growth Rate:
0.4691209 0.4711811 0.4699264