seed =  5 traits =  1 
Training: part  132 
Training: part  132 
Round  1 
 Goal of obj  0.99 
Temperature range:  0.0078125 1.5625e-15 
Cycle 1Round 1
Iter 500000 pBad 0.879914 T 0.00181068 Obj 1.07475 Rho 0 GRdif 42.2426 success 146722 failure 9319 obj_new 1.07475 SA_pAcc 1.04897 Delta -0.0664566 SA_r 0.828942 freedomratio 0.369716
Iter 1000000 pBad 0.797875 T 0.000419657 Obj 1.04135 Rho 0 GRdif 23.7411 success 289858 failure 26700 obj_new 1.04135 SA_pAcc 0.805721 Delta 0.0640292 SA_r 0.75239 freedomratio 0.360837
Iter 1500000 pBad 0.678936 T 9.72626e-05 Obj 1.02791 Rho 0 GRdif 16.1314 success 430087 failure 51717 obj_new 1.02791 SA_pAcc 1.02951 Delta -0.0463216 SA_r 0.322066 freedomratio 0.36925
Iter 2000000 pBad 0.610748 T 2.25423e-05 Obj 1.01964 Rho 0 GRdif 11.398 success 565180 failure 86666 obj_new 1.01964 SA_pAcc 1.06328 Delta -0.0264317 SA_r 0.243936 freedomratio 0.361282
Iter 2500000 pBad 0.47283 T 5.22455e-06 Obj 1.01476 Rho 0 GRdif 8.58843 success 694947 failure 131344 obj_new 1.01476 SA_pAcc 1.00793 Delta -0.00185633 SA_r 0.184955 freedomratio 0.353865
Iter 3000000 pBad 0.226218 T 1.21088e-06 Obj 1.01068 Rho 0 GRdif 6.22586 success 809010 failure 208002 obj_new 1.01068 SA_pAcc 0.340489 Delta -0.0171921 SA_r 0.269566 freedomratio 0.330887
Iter 3500000 pBad 0.115626 T 2.80641e-07 Obj 1.00964 Rho 0 GRdif 5.62488 success 886310 failure 359530 obj_new 1.00964 SA_pAcc 0.690317 Delta -0.00791774 SA_r 0.184981 freedomratio 0.301595
Iter 4000000 pBad 0.0491086 T 6.50434e-08 Obj 1.0092 Rho 0 GRdif 5.36692 success 933250 failure 584775 obj_new 1.0092 SA_pAcc 1.23038e-13 Delta -0.0026415 SA_r 0.0221786 freedomratio 0.252695
Iter 4500000 pBad 0.018102 T 1.50749e-08 Obj 1.00911 Rho 0 GRdif 5.31369 success 957709 failure 874030 obj_new 1.00911 SA_pAcc 1.01959e-39 Delta 0.00138826 SA_r 0.70312 freedomratio 0.231438
Iter 5000000 pBad 0.011811 T 3.49387e-09 Obj 1.00909 Rho 0 GRdif 5.30185 success 969543 failure 1204114 obj_new 1.00909 SA_pAcc 1 Delta -0.000846773 SA_r 0.65368 freedomratio 0.214181
Iter 5500000 pBad 0.00369046 T 8.09763e-10 Obj 1.00908 Rho 0 GRdif 5.29986 success 975924 failure 1554476 obj_new 1.00909 SA_pAcc 0 Delta -0.000229893 SA_r 0.456391 freedomratio 0.207067
Iter 6000000 pBad 0.00240751 T 1.87676e-10 Obj 1.00908 Rho 0 GRdif 5.2976 success 979371 failure 1916683 obj_new 1.00908 SA_pAcc 0 Delta 9.0395e-05 SA_r 0.830907 freedomratio 0.203402
Iter 6500000 pBad 0.000981864 T 4.34971e-11 Obj 1.00908 Rho 0 GRdif 5.29485 success 981569 failure 2285558 obj_new 1.00908 SA_pAcc 0 Delta 4.42336e-05 SA_r 0.531277 freedomratio 0.200548
Iter 7000000 pBad 0.00144704 T 1.00812e-11 Obj 1.00908 Rho 0 GRdif 5.29717 success 982848 failure 2658746 obj_new 1.00908 SA_pAcc 0 Delta 5.04523e-05 SA_r 0.909506 freedomratio 0.198509
Iter 7500000 pBad 0.00116911 T 2.33649e-12 Obj 1.00907 Rho 0 GRdif 5.29396 success 984418 failure 3034949 obj_new 1.00907 SA_pAcc 0 Delta 9.11587e-05 SA_r 0.876677 freedomratio 0.195008
Iter 8000000 pBad 3.20625e-13 T 5.41521e-13 Obj 1.00907 Rho 0 GRdif 5.29369 success 991190 failure 3395975 obj_new 1.00907 SA_pAcc 0 Delta 2.00234e-14 SA_r 0.872881 freedomratio 0.181705
Iter 8500000 pBad 5.0915e-40 T 1.25507e-13 Obj 1.00907 Rho 0 GRdif 5.29368 success 992234 failure 3685392 obj_new 1.00907 SA_pAcc 1 Delta 4.89634e-41 SA_r 0.244102 freedomratio 0.181424
Iter 9000000 pBad 6.80662e-129 T 2.90883e-14 Obj 1.00907 Rho 0 GRdif 5.29369 success 992234 failure 3978895 obj_new 1.00907 SA_pAcc 0 Delta -4.72437e-130 SA_r 0.66386 freedomratio 0.144051
Iter 9500000 pBad 0 T 6.74171e-15 Obj 1.00907 Rho 0 GRdif 5.29581 success 992234 failure 4297220 obj_new 1.00908 SA_pAcc 0 Delta -0 SA_r 0.548235 freedomratio 0.0559855
Iter 10000000 pBad 0 T 1.5625e-15 Obj 1.00907 Rho 0 GRdif 5.29368 success 992234 failure 4635648 obj_new 1.00907 SA_pAcc 1 Delta -0 SA_r 0.164068 freedomratio 0.0349329
Cannot move further
iter 8.09014e+06 obj1.00907 rho 0 GRdif 5.29368
Training:
Lab Growth Rates:
0.25 0.485 0.55 0.1 0.46 0.09 0.59 0.476 0.58 0.54 1.05 0.4 0.4 0.52 0.45 0.65 0.42 0.47 0.4 0.6 1.49 0.26 0.4 0.3 0.54 1.67 0.45 0.65 0.47 0.43 0.33 0.5 0.22 0.47 0.46 0.52 0.59 1.483 0.54 0.33 0.17 0.56 0.3 0.46 0.724 0.54 1.483 0.58 0.3 0.59 0.4 0.58 0.11 0.45 0.47 0.47 0.34 0.6 0.4 0.4 0.45 0.4 0.47 0.53 0.42 0.42 0.65 0.46 0.4 1.345 0.59 0.5 0.4 0.46 0.53 0.17 0.4 0.3 0.23 0.31 0.4 0.5 0.2 0.33 0.47 0.49 0.724 0.46 0.48 0.23 0.5 0.22 0.52 0.42 0.45 0.48 0.27 0.42 0.5 1.345 1.345 1.345 0.724 1.483 0.39 0.1 0.23 0.45 1.248 0.22 0.39 0.45 0.59 0.53 0.59 0.45 0.56 0.901 0.54 0.54 0.27 0.6 1.483 0.55 0.4 0.36 0.1 0.42 0.46 0.56 0.4 0.4 0.27 0.53 0.3 0.4 1.05 0.37 0.47 0.48 0.52 1.483 1.35 0.45 0.4 0.42 0.14 0.34 0.39 0.47 0.3 0.636 0.49 0.301 0.46 0.46 0.56 0.4 0.1 0.55 0.53 0.476 0.39 0.43 0.48 0.25 0.19 0.42 1.46 0.37 0.41 0.54 0.53 0.465 0.4 0.58 0.4 0.47 0.58 0.31 0.5 0.4 0.4 0.27 0.59 0.09 0.301 0.51 0.4 1.43 0.33 0.54 0.45 0.48 0.5 0.47 1.483 1.345 0.37 0.481 0.36 1.46 0.901 0.5 0.4 0.55 0.3 1.248 0.58 0.4 0.59 0.48 0.5 0.45 0.5 0.635 0.65 0.68 0.54 0.39 0.4 0.41 0.42 0.55 0.377 0.58 0.54 0.762 0.762 0.5 0.3 0.4 0.465 0.55 0.1 0.54 1.66 0.37 0.4 0.45 0.43 0.53 0.37 0.56 0.7 0.617 0.37 0.58 0.4 0.5 0.47 0.38 0.32 0.637 0.47 1.483 0.37 0.37 1.345 0.38 0.52 0.5 0.22 0.32 0.5 0.26 0.41 0.33 0.4 0.53 0.38 0.37 0.762 0.45 0.54 0.59 0.41 0.43 0.58 0.51 0.25 0.59 0.485 0.46 0.32 0.65 0.4 0.36 0.42 0.52 0.46 0.4 0.38 0.46 0.635 0.53 0.47 0.25 0.4 0.4 0.59 0.59 0.4 0.4 0.4 0.58 0.53 0.42 0.31 0.648 0.46 0.47 0.4 0.47 0.54 0.54 0.37 1.483 0.59 0.52 0.26 1.483 0.45 0.5 0.47 0.4 0.47 0.71 0.33 0.23 0.4 0.56 0.25 1.483 0.23 0.54 0.7 0.45 0.52 0.55 0.34 0.37 0.23 0.648 0.47 0.7 0.5 0.51 0.36 0.22 0.5 0.5 0.762 0.5 0.47 1.43 0.48 0.56 1.483 1.67 0.25 1.05 1.345 0.56 0.56 0.4 0.4 0.54 1.345 0.5 0.5 0.42 0.56 0.27 0.45 0.11 0.5 0.485 0.68 0.4 0.17 0.4 1.42 0.54 0.43 0.37 0.47 0.54 0.37 0.14 1.05 0.33 0.3 0.47 0.71 0.19 0.43 0.2 0.48 0.4 0.3 0.377 1.44 0.4 0.55 0.42 0.41 1.483 0.65 0.5 1.345 0.58 1.38 1.05 1.4 0.465 0.22 0.5 0.43 0.65 0.43 0.39 0.33 1.248 0.45 1.248 0.58 0.43 0.54 0.5 0.41 0.5 0.56 0.42 0.37 0.53 0.1 0.2 0.58 0.33 0.5 0.52 0.71 0.49 0.485 0.43 0.481 0.56 0.37 0.3 0.42 0.56 0.46 0.38 0.46 0.53 0.23 0.6 1.66 0.4 0.7 0.43 0.54 0.5 0.58 0.41 0.54 0.45 0.58 0.54 0.686 0.901 0.3 1.46 0.5 0.4 0.52 0.5 0.55 0.37 0.4 0.46 0.43 0.59 0.54 0.4 0.1 0.901 0.901 0.58 0.4 0.65 0.42 0.52 0.3 0.54 0.56 0.686 0.25 0.59 0.68 0.11 0.377 0.54 0.637 0.5 0.58 0.56 1.345 1.345 1.345 0.4 0.5 0.56 0.36 0.42 0.53 0.3 0.56 0.22 0.1 0.648 0.5 0.25 0.48 0.41 0.41 0.637 1.248 0.42 0.53 0.46 0.36 0.481 0.56 0.53 0.59 1.03 0.65 0.68 0.58 0.55 0.45 0.55 0.46 0.636 0.09 0.58 0.301 0.46 0.68 0.36 0.4 0.23 0.54 0.19 1.46 0.4 0.54 0.47 0.58 0.27 0.476 0.4 0.22 0.636 0.5 0.4 0.46 0.4 0.55 0.47 0.635 0.52 0.686 0.4 0.901 0.36 0.23 0.58 0.4 0.4 0.1 0.54 0.36 0.46
Dot Production Prediction of Lab Growth Rates:
0.35141 0.527703 0.556239 0.424185 0.480084 0.364407 0.53991 0.52621 0.323031 0.463614 1.05 0.40269 0.405758 0.351476 0.327107 0.639496 0.513857 0.366524 0.397097 0.588634 1.53252 0.440847 0.399162 0.233418 0.468868 1.50581 0.350589 0.658024 0.430002 0.379767 0.330477 0.372363 0.365828 0.387076 0.477023 0.372727 0.330853 0.953311 0.482386 0.460972 0.32412 0.527479 0.333757 0.456277 0.67641 0.546233 1.00325 0.472458 0.239089 0.544523 0.399896 0.472061 0.390049 1.43989 0.440133 0.370214 0.311981 0.573346 0.400834 0.401878 1.48048 0.400005 0.346101 0.518163 0.310668 0.326328 0.649662 0.393778 0.406488 0.999168 0.546465 0.480397 0.400755 0.486878 0.402188 0.436122 0.39854 0.571114 0.542202 0.521201 0.404394 0.390573 0.385053 0.380411 0.38766 0.390337 0.677884 0.301803 0.349454 0.464559 0.480624 0.484306 0.390429 0.340669 0.378897 0.309861 0.368539 0.344851 0.333746 0.977162 1.01441 0.98821 0.674245 0.934278 0.328974 1.26411 0.463853 0.345355 1.25066 0.479817 0.363229 0.353087 0.548488 0.473469 0.344454 0.38546 0.539273 0.901 0.31894 0.541058 0.378043 0.589757 0.991539 0.549062 0.403503 0.328598 1.25336 0.333493 0.468753 0.547794 0.405065 0.40394 0.534466 0.300811 0.233201 0.402632 1.05176 0.449554 0.368093 0.31077 0.343495 0.978724 1.3716 0.411608 0.404011 0.336663 0.139992 0.308855 0.307693 0.324971 0.395942 0.672964 0.378607 0.544985 0.404673 0.377472 0.538568 0.393477 0.418499 0.548098 0.524578 0.522499 0.322555 0.409862 0.343126 0.348006 0.333712 0.323485 1.68058 0.44779 0.396196 0.369347 0.543235 0.528068 0.402166 0.403467 0.400487 0.391121 0.482478 0.532948 0.538798 0.405418 0.40144 0.312166 0.328811 0.450137 0.541134 0.427852 0.401527 1.43001 0.493021 0.535992 1.49004 0.309745 0.625846 0.417342 0.993716 1.02707 0.44921 0.525242 0.432387 1.03388 0.898239 0.333457 0.401956 0.475127 0.557463 1.25464 0.480652 0.401985 0.544514 0.332489 0.711645 0.375848 0.335323 0.670303 0.63367 0.470851 0.369641 0.336266 0.392082 0.536856 0.359425 0.486621 0.534953 0.479844 0.408109 1.45986 1.45877 0.556597 0.564272 0.404676 0.521962 0.552221 0.363821 0.371722 1.66 0.311254 0.404508 0.4006 0.375762 0.435658 0.375862 0.540025 0.706439 0.527809 0.396335 0.482581 0.402863 0.339325 0.362124 0.314519 0.331149 0.668624 0.37657 0.971802 0.439484 0.442021 1.01846 0.315639 0.359421 0.631228 0.485929 0.339739 0.535815 0.506025 0.37054 0.356973 0.40428 0.353795 0.382399 0.454946 1.46753 1.45115 0.4787 0.404809 0.532857 0.375802 0.472263 0.399106 0.324006 0.319712 0.528417 0.500265 0.311821 0.63873 0.404015 0.327259 0.307723 0.368277 0.395939 0.328017 0.364576 0.329631 0.672602 0.532925 0.348303 1.5096 0.403741 0.394421 0.32982 0.319377 0.397647 0.388507 0.402077 0.475011 0.529994 0.338908 0.505499 0.668808 0.467654 0.373683 0.392222 0.429238 0.380985 0.339711 0.421421 1.00696 0.390672 0.382267 0.349353 0.996672 0.353462 0.693202 0.401496 0.39862 0.360179 0.680506 0.319967 0.546856 0.405136 0.478662 0.803144 0.967724 0.538818 0.461628 0.702805 1.53252 0.375728 0.558018 0.329338 0.437334 0.54663 0.669489 0.355815 0.699099 0.378647 0.416954 0.336298 0.455871 0.372608 0.481458 1.47762 0.619156 0.363621 1.42585 0.368722 0.537417 0.949551 1.39083 0.353828 1.00229 0.993218 0.480127 0.532236 0.404643 0.370013 0.40153 0.9958 0.411044 0.324178 0.320597 0.531454 0.339575 1.46013 0.379665 0.644641 0.526298 0.467794 0.403501 0.323965 0.403757 1.55486 0.34866 0.366058 0.514985 0.38498 0.543834 0.374895 0.141026 1.05003 0.378098 0.560922 0.425376 0.674566 0.348634 0.367408 0.383784 0.311621 0.401249 0.582258 0.538445 1.50103 0.403653 0.482179 0.333862 0.325972 0.999474 0.654488 0.685016 0.958545 0.344115 1.34467 1.67107 1.40016 0.526505 0.479574 0.320864 0.385887 0.660788 0.396197 0.342483 0.312812 1.2544 0.335129 1.24798 0.474745 0.403628 0.37654 0.480422 0.388166 0.473703 0.481377 0.398853 0.454617 0.439514 1.46958 0.36082 0.362992 0.488415 0.686037 0.394739 0.671931 0.3736 0.529431 0.382722 0.527349 0.540795 0.454735 0.520367 0.332304 0.539129 0.474154 0.324516 0.47096 0.536723 0.548041 0.575891 1.6389 0.404858 0.699998 0.423038 0.404537 0.543443 0.478569 0.536394 0.535097 1.51307 0.47362 0.476779 0.675512 0.898598 0.477064 1.00304 0.677252 0.314676 0.398909 0.538019 0.548238 0.437167 0.399105 0.308701 0.402395 0.552193 0.547613 0.393197 1.38062 0.901 0.893223 0.36822 0.405021 0.650005 0.33033 0.371181 0.600948 0.357949 0.473443 0.676245 0.499696 0.547311 0.46983 0.341118 0.535989 0.372021 0.667442 0.692748 0.371738 0.474139 0.984641 1.00161 0.990489 0.397941 0.473031 0.539867 0.368081 0.515961 0.400041 0.362959 0.543801 0.490793 0.819567 0.665135 0.611808 0.467912 0.317624 0.399222 0.343496 0.669686 1.24727 0.51026 0.331256 0.377022 0.366829 0.525216 0.476238 0.372507 0.31259 1.37288 0.650006 0.469825 0.328375 0.484365 0.386877 0.483293 0.360838 0.676494 0.345058 0.352658 0.538631 0.402636 0.466937 0.350277 0.403373 0.549262 0.372285 0.32807 1.03162 0.404902 0.309794 0.37833 0.479231 0.36702 0.527225 0.397264 0.40706 0.666186 0.328888 0.405095 0.413306 0.396366 0.475887 0.355343 0.673101 0.362185 0.676305 0.401379 1.28442 0.422533 0.464938 0.379339 0.396225 0.404341 1.45811 0.539306 0.362689 0.476669
Testing:
Lab Growth Rates:
0.4 0.4 0.4
Dot Production Prediction of Lab Growth Rates:
0.405548 0.404532 0.400188
Best performance so far: 
Obj: 4.65791e-310Rho: 2.26291e-314Diff: 4.65791e-310
Anneal again with the best G and E so far as input
Cycle 2Round 1
Iter 500000 pBad 0.822658 T 0.00181068 Obj 1.08019 Rho 0 GRdif 45.2024 success 106251 failure 8522 obj_new 1.08019 SA_pAcc 1 Delta 0.075715 SA_r 0.203231 freedomratio 0.25032
Iter 1000000 pBad 0.745746 T 0.000419657 Obj 1.04822 Rho 0 GRdif 27.598 success 208888 failure 25384 obj_new 1.04822 SA_pAcc 1 Delta -0.00591784 SA_r 0.913843 freedomratio 0.249574
Iter 1500000 pBad 0.641687 T 9.72626e-05 Obj 1.02878 Rho 0 GRdif 16.6271 success 308047 failure 51521 obj_new 1.02878 SA_pAcc 0.932139 Delta -0.0551942 SA_r 0.033478 freedomratio 0.246945
Iter 2000000 pBad 0.491517 T 2.25423e-05 Obj 1.02201 Rho 0 GRdif 12.7588 success 403713 failure 87104 obj_new 1.02201 SA_pAcc 1 Delta 0.0434338 SA_r 0.617935 freedomratio 0.244472
Iter 2500000 pBad 0.369071 T 5.22455e-06 Obj 1.01833 Rho 0 GRdif 10.6449 success 496696 failure 128858 obj_new 1.01833 SA_pAcc 1.04011 Delta -0.0349521 SA_r 0.956262 freedomratio 0.244881
Iter 3000000 pBad 0.197698 T 1.21088e-06 Obj 1.01375 Rho 0 GRdif 8.00375 success 572466 failure 208365 obj_new 1.01375 SA_pAcc 1 Delta 0.0035855 SA_r 0.0233097 freedomratio 0.221802
Iter 3500000 pBad 0.161465 T 2.80641e-07 Obj 1.01083 Rho 0 GRdif 6.31069 success 635623 failure 325412 obj_new 1.01083 SA_pAcc 5.70147 Delta -0.0120547 SA_r 0.155411 freedomratio 0.218087
Iter 4000000 pBad 0.0665455 T 6.50434e-08 Obj 1.00968 Rho 0 GRdif 5.64449 success 689111 failure 473813 obj_new 1.00968 SA_pAcc 1 Delta 0.00639271 SA_r 0.949891 freedomratio 0.191879
Iter 4500000 pBad 0.0313015 T 1.50749e-08 Obj 1.00933 Rho 0 GRdif 5.4436 success 719493 failure 700094 obj_new 1.00933 SA_pAcc 1.08462e-155 Delta 0.000178883 SA_r 0.210394 freedomratio 0.167956
Iter 5000000 pBad 0.00990674 T 3.49387e-09 Obj 1.00923 Rho 0 GRdif 5.38229 success 736631 failure 985543 obj_new 1.00923 SA_pAcc 1 Delta 0.00017643 SA_r 0.120608 freedomratio 0.155851
Iter 5500000 pBad 0.00932486 T 8.09763e-10 Obj 1.00918 Rho 0 GRdif 5.3753 success 748032 failure 1304694 obj_new 1.00922 SA_pAcc 0 Delta 0.000389968 SA_r 0.721164 freedomratio 0.148693
Iter 6000000 pBad 0.00424022 T 1.87676e-10 Obj 1.00916 Rho 0 GRdif 5.34361 success 756136 failure 1645302 obj_new 1.00916 SA_pAcc 9.71457e-54 Delta -0.000169879 SA_r 0.0370651 freedomratio 0.142683
Iter 6500000 pBad 0.00115248 T 4.34971e-11 Obj 1.00915 Rho 0 GRdif 5.33785 success 762362 failure 2003343 obj_new 1.00915 SA_pAcc 1 Delta -3.88121e-05 SA_r 0.911779 freedomratio 0.137397
Iter 7000000 pBad 0.00141924 T 1.00812e-11 Obj 1.00915 Rho 0 GRdif 5.33532 success 767934 failure 2375896 obj_new 1.00915 SA_pAcc 0 Delta 2.85624e-06 SA_r 0.36423 freedomratio 0.134219
Iter 7500000 pBad 0.000795594 T 2.33649e-12 Obj 1.00914 Rho 0 GRdif 5.33371 success 773864 failure 2763156 obj_new 1.00914 SA_pAcc 1 Delta 5.04942e-05 SA_r 0.175017 freedomratio 0.129417
Iter 8000000 pBad 1.1316e-25 T 5.41521e-13 Obj 1.00914 Rho 0 GRdif 5.3336 success 775927 failure 3108841 obj_new 1.00914 SA_pAcc 1 Delta 5.33071e-27 SA_r 0.956419 freedomratio 0.125401
Iter 8500000 pBad 1.32922e-144 T 1.25507e-13 Obj 1.00914 Rho 0 GRdif 5.3336 success 775927 failure 3449310 obj_new 1.00914 SA_pAcc 1 Delta -5.6448e-146 SA_r 0.513262 freedomratio 0.122774
Iter 9000000 pBad 0 T 2.90883e-14 Obj 1.00914 Rho 0 GRdif 5.33361 success 775927 failure 3797854 obj_new 1.00914 SA_pAcc 0 Delta -0 SA_r 0.335343 freedomratio 0.0692999
Iter 9500000 pBad 0 T 6.74171e-15 Obj 1.00914 Rho 0 GRdif 5.33416 success 775927 failure 4166273 obj_new 1.00914 SA_pAcc 0 Delta -0 SA_r 0.0679106 freedomratio 0.0411257
Good enough
iter 7.68859e+06 obj1.00914 rho 0 GRdif 5.3336
Training:
Lab Growth Rates:
0.25 0.485 0.55 0.1 0.46 0.09 0.59 0.476 0.58 0.54 1.05 0.4 0.4 0.52 0.45 0.65 0.42 0.47 0.4 0.6 1.49 0.26 0.4 0.3 0.54 1.67 0.45 0.65 0.47 0.43 0.33 0.5 0.22 0.47 0.46 0.52 0.59 1.483 0.54 0.33 0.17 0.56 0.3 0.46 0.724 0.54 1.483 0.58 0.3 0.59 0.4 0.58 0.11 0.45 0.47 0.47 0.34 0.6 0.4 0.4 0.45 0.4 0.47 0.53 0.42 0.42 0.65 0.46 0.4 1.345 0.59 0.5 0.4 0.46 0.53 0.17 0.4 0.3 0.23 0.31 0.4 0.5 0.2 0.33 0.47 0.49 0.724 0.46 0.48 0.23 0.5 0.22 0.52 0.42 0.45 0.48 0.27 0.42 0.5 1.345 1.345 1.345 0.724 1.483 0.39 0.1 0.23 0.45 1.248 0.22 0.39 0.45 0.59 0.53 0.59 0.45 0.56 0.901 0.54 0.54 0.27 0.6 1.483 0.55 0.4 0.36 0.1 0.42 0.46 0.56 0.4 0.4 0.27 0.53 0.3 0.4 1.05 0.37 0.47 0.48 0.52 1.483 1.35 0.45 0.4 0.42 0.14 0.34 0.39 0.47 0.3 0.636 0.49 0.301 0.46 0.46 0.56 0.4 0.1 0.55 0.53 0.476 0.39 0.43 0.48 0.25 0.19 0.42 1.46 0.37 0.41 0.54 0.53 0.465 0.4 0.58 0.4 0.47 0.58 0.31 0.5 0.4 0.4 0.27 0.59 0.09 0.301 0.51 0.4 1.43 0.33 0.54 0.45 0.48 0.5 0.47 1.483 1.345 0.37 0.481 0.36 1.46 0.901 0.5 0.4 0.55 0.3 1.248 0.58 0.4 0.59 0.48 0.5 0.45 0.5 0.635 0.65 0.68 0.54 0.39 0.4 0.41 0.42 0.55 0.377 0.58 0.54 0.762 0.762 0.5 0.3 0.4 0.465 0.55 0.1 0.54 1.66 0.37 0.4 0.45 0.43 0.53 0.37 0.56 0.7 0.617 0.37 0.58 0.4 0.5 0.47 0.38 0.32 0.637 0.47 1.483 0.37 0.37 1.345 0.38 0.52 0.5 0.22 0.32 0.5 0.26 0.41 0.33 0.4 0.53 0.38 0.37 0.762 0.45 0.54 0.59 0.41 0.43 0.58 0.51 0.25 0.59 0.485 0.46 0.32 0.65 0.4 0.36 0.42 0.52 0.46 0.4 0.38 0.46 0.635 0.53 0.47 0.25 0.4 0.4 0.59 0.59 0.4 0.4 0.4 0.58 0.53 0.42 0.31 0.648 0.46 0.47 0.4 0.47 0.54 0.54 0.37 1.483 0.59 0.52 0.26 1.483 0.45 0.5 0.47 0.4 0.47 0.71 0.33 0.23 0.4 0.56 0.25 1.483 0.23 0.54 0.7 0.45 0.52 0.55 0.34 0.37 0.23 0.648 0.47 0.7 0.5 0.51 0.36 0.22 0.5 0.5 0.762 0.5 0.47 1.43 0.48 0.56 1.483 1.67 0.25 1.05 1.345 0.56 0.56 0.4 0.4 0.54 1.345 0.5 0.5 0.42 0.56 0.27 0.45 0.11 0.5 0.485 0.68 0.4 0.17 0.4 1.42 0.54 0.43 0.37 0.47 0.54 0.37 0.14 1.05 0.33 0.3 0.47 0.71 0.19 0.43 0.2 0.48 0.4 0.3 0.377 1.44 0.4 0.55 0.42 0.41 1.483 0.65 0.5 1.345 0.58 1.38 1.05 1.4 0.465 0.22 0.5 0.43 0.65 0.43 0.39 0.33 1.248 0.45 1.248 0.58 0.43 0.54 0.5 0.41 0.5 0.56 0.42 0.37 0.53 0.1 0.2 0.58 0.33 0.5 0.52 0.71 0.49 0.485 0.43 0.481 0.56 0.37 0.3 0.42 0.56 0.46 0.38 0.46 0.53 0.23 0.6 1.66 0.4 0.7 0.43 0.54 0.5 0.58 0.41 0.54 0.45 0.58 0.54 0.686 0.901 0.3 1.46 0.5 0.4 0.52 0.5 0.55 0.37 0.4 0.46 0.43 0.59 0.54 0.4 0.1 0.901 0.901 0.58 0.4 0.65 0.42 0.52 0.3 0.54 0.56 0.686 0.25 0.59 0.68 0.11 0.377 0.54 0.637 0.5 0.58 0.56 1.345 1.345 1.345 0.4 0.5 0.56 0.36 0.42 0.53 0.3 0.56 0.22 0.1 0.648 0.5 0.25 0.48 0.41 0.41 0.637 1.248 0.42 0.53 0.46 0.36 0.481 0.56 0.53 0.59 1.03 0.65 0.68 0.58 0.55 0.45 0.55 0.46 0.636 0.09 0.58 0.301 0.46 0.68 0.36 0.4 0.23 0.54 0.19 1.46 0.4 0.54 0.47 0.58 0.27 0.476 0.4 0.22 0.636 0.5 0.4 0.46 0.4 0.55 0.47 0.635 0.52 0.686 0.4 0.901 0.36 0.23 0.58 0.4 0.4 0.1 0.54 0.36 0.46
Dot Production Prediction of Lab Growth Rates:
0.352528 0.531138 0.558045 0.480559 0.566063 0.386922 0.553046 0.533979 0.27343 0.468391 1.07869 0.339187 0.341711 0.345757 0.302437 0.642684 0.643817 0.358728 0.326048 0.716327 1.34514 0.501101 0.329838 0.224375 0.482804 1.29813 0.353419 0.661784 0.453912 0.356811 0.327238 0.362842 0.360826 0.397318 0.487244 0.386706 0.321999 1.30798 0.481653 0.481825 0.306237 0.531382 0.333058 0.497643 0.704575 0.553402 1.33534 0.488542 0.226689 0.548835 0.330262 0.479251 0.410063 1.2265 0.451505 0.361582 0.292292 0.689723 0.33567 0.333704 1.2767 0.352943 0.342431 0.525104 0.291539 0.31095 0.661987 0.415276 0.342215 1.32926 0.550054 0.499392 0.355993 0.59231 0.415347 0.468909 0.353516 0.706385 0.542599 0.617043 0.339081 0.420456 0.39718 0.393112 0.399449 0.416093 0.70293 0.279165 0.334366 0.460881 0.499324 0.486373 0.382643 0.361107 0.367693 0.277792 0.388678 0.349753 0.332604 1.34133 1.38456 1.36976 0.701355 1.29006 0.325277 1.3972 0.461014 0.342358 0.938488 0.494916 0.349054 0.353076 0.553521 0.596955 0.320575 0.397848 0.546816 0.904142 0.31315 0.533002 0.378601 0.679451 1.30848 0.548396 0.337821 0.318531 1.42038 0.307079 0.474698 0.558546 0.339242 0.339221 0.66852 0.26732 0.221971 0.336463 1.0973 0.451062 0.371353 0.287562 0.345115 1.28728 1.06241 0.430381 0.336569 0.324764 0.275481 0.265237 0.286632 0.287749 0.436696 0.701673 0.390077 0.533289 0.447601 0.372428 0.547253 0.322788 0.471194 0.550303 0.530016 0.528225 0.328765 0.462455 0.345675 0.348782 0.31479 0.325057 1.3005 0.447209 0.415586 0.370225 0.546564 0.533848 0.337421 0.416408 0.333758 0.400885 0.496128 0.64363 0.532573 0.338458 0.334212 0.275388 0.313407 0.49188 0.53396 0.457148 0.355559 1.14035 0.574283 0.533269 1.27942 0.27442 0.715608 0.485387 1.32865 1.37422 0.446701 0.521355 0.453717 1.05497 0.901004 0.3169 0.332662 0.463939 0.636946 0.942489 0.493683 0.35544 0.549143 0.338172 0.878871 0.364157 0.325552 0.692562 0.622169 0.413948 0.379293 0.296164 0.31945 0.528243 0.370694 0.481098 0.52847 0.490902 0.434328 0.905141 0.899551 0.554048 0.629356 0.339466 0.528588 0.554799 0.366824 0.384039 1.3178 0.266742 0.339394 0.446639 0.361488 0.469334 0.41261 0.550335 0.864016 0.609133 0.426621 0.497173 0.336992 0.344712 0.365218 0.283501 0.324411 0.692684 0.401008 1.33669 0.440961 0.443271 1.34811 0.259896 0.377796 0.720429 0.492595 0.343068 0.547579 0.6388 0.381079 0.357147 0.338343 0.331289 0.380008 0.456374 0.90931 1.2653 0.482872 0.401214 0.524042 0.372146 0.490675 0.407446 0.28512 0.308505 0.519671 0.610799 0.300711 0.623523 0.338827 0.3177 0.28001 0.381099 0.406288 0.307106 0.376792 0.329602 0.696931 0.531264 0.369899 1.30571 0.359302 0.323011 0.31968 0.300171 0.35455 0.320224 0.359196 0.487806 0.527072 0.353455 0.620505 0.693975 0.480544 0.377453 0.32484 0.495909 0.387777 0.319041 0.459534 1.35863 0.379684 0.392439 0.370638 1.34364 0.359036 0.857032 0.415043 0.354797 0.391735 0.705204 0.310989 0.549988 0.339329 0.492159 1.01552 1.3162 0.544359 0.477023 0.867561 1.34514 0.379544 0.562909 0.302861 0.482875 0.546149 0.696832 0.380753 0.859068 0.38873 0.447807 0.339338 0.483257 0.380503 0.495958 0.91973 0.73662 0.372478 1.12842 0.34971 0.542464 1.30308 1.35771 0.354829 1.05 1.34727 0.490531 0.544584 0.338778 0.383671 0.406874 1.3583 0.462718 0.313922 0.289192 0.533465 0.339808 1.24913 0.384206 0.74978 0.528845 0.411393 0.336195 0.300974 0.336606 1.36825 0.346529 0.35833 0.620137 0.37618 0.53833 0.39557 0.276924 1.10173 0.378387 0.65218 0.487926 0.696149 0.328897 0.382827 0.385258 0.283062 0.333221 0.681053 0.529943 1.34195 0.338215 0.486737 0.327568 0.322832 1.31019 0.641862 0.83838 1.31953 0.347614 1.20092 1.30012 1.39986 0.531179 0.496357 0.306249 0.377007 0.6505 0.421044 0.299652 0.293098 0.935901 0.330094 0.932673 0.489937 0.413099 0.388416 0.492919 0.385388 0.491886 0.493645 0.41758 0.457115 0.515986 1.70423 0.343583 0.383722 0.528349 0.812527 0.387548 0.696301 0.408995 0.51844 0.409159 0.521011 0.544913 0.454653 0.607178 0.342463 0.552866 0.486445 0.285938 0.482606 0.539969 0.546167 0.664224 1.32044 0.340082 0.858526 0.476157 0.404404 0.544297 0.492641 0.529541 0.538316 1.31726 0.482567 0.474486 0.700364 0.899892 0.510021 1.04732 0.806369 0.295534 0.418944 0.535243 0.550451 0.436697 0.33133 0.282561 0.445655 0.551229 0.554324 0.324607 1.65408 0.90431 0.912996 0.38273 0.340614 0.650765 0.350526 0.400046 0.71623 0.40268 0.487153 0.704875 0.616772 0.548099 0.412801 0.342426 0.532703 0.395335 0.688221 0.838303 0.355061 0.489006 1.35995 1.32443 1.31531 0.352322 0.489654 0.54389 0.3585 0.647273 0.452848 0.384256 0.558529 0.491458 1.03607 0.688638 0.693153 0.563166 0.298023 0.421947 0.345503 0.692855 0.934042 0.616602 0.339547 0.369386 0.360626 0.524993 0.488766 0.387102 0.300389 1.22323 0.649951 0.415647 0.325749 0.487299 0.411656 0.48936 0.357059 0.705508 0.350303 0.385345 0.535618 0.437895 0.409924 0.359184 0.336713 0.543201 0.388551 0.302205 1.06771 0.337487 0.284301 0.416113 0.49411 0.385775 0.531656 0.327501 0.416233 0.695276 0.320305 0.338523 0.455397 0.348272 0.483844 0.345259 0.697219 0.389055 0.704393 0.357124 0.897244 0.445186 0.459851 0.365263 0.327976 0.338969 1.23051 0.539704 0.363026 0.484284
Testing:
Lab Growth Rates:
0.4 0.4 0.4
Dot Production Prediction of Lab Growth Rates:
0.361029 0.358223 0.35331
Best performance so far: 
Obj: 4.65791e-310Rho: 6.5069e-314Diff: 4.65791e-310
Test:
 Lab Growth Rates:
0.4 0.4 0.4Dot Product Prediction of Growth Rate:
0.361029 0.3582226 0.3533105