seed =  5 traits =  1 
Training: part  146 
Training: part  146 
Round  1 
 Goal of obj  0.99 
Temperature range:  0.0078125 3.125e-13 
Cycle 1Round 1
Iter 500000 pBad 0.896461 T 0.0023599 Obj 1.10377 Rho 0 GRdif 57.8579 success 147535 failure 6945 obj_new 1.10377 SA_pAcc 1 Delta -0.019644 SA_r 0.612579 freedomratio 0.38731
Iter 1000000 pBad 0.824339 T 0.000712848 Obj 1.07576 Rho 0 GRdif 42.7919 success 292771 failure 19919 obj_new 1.07576 SA_pAcc 0.874449 Delta 0.0653529 SA_r 0.427308 freedomratio 0.356665
Iter 1500000 pBad 0.770597 T 0.000215328 Obj 1.03686 Rho 0 GRdif 21.214 success 434752 failure 40602 obj_new 1.03686 SA_pAcc 1 Delta 0.049812 SA_r 0.760836 freedomratio 0.364428
Iter 2000000 pBad 0.659168 T 6.50434e-05 Obj 1.02688 Rho 0 GRdif 15.5418 success 573559 failure 68042 obj_new 1.02688 SA_pAcc 0.932053 Delta 0.00770058 SA_r 0.414588 freedomratio 0.364882
Iter 2500000 pBad 0.508289 T 1.96474e-05 Obj 1.01992 Rho 0 GRdif 11.5577 success 709398 failure 101158 obj_new 1.01992 SA_pAcc 1 Delta 0.0474151 SA_r 0.698431 freedomratio 0.360615
Iter 3000000 pBad 0.488967 T 5.93484e-06 Obj 1.0153 Rho 0 GRdif 8.90381 success 840093 failure 143513 obj_new 1.01531 SA_pAcc 0.331899 Delta 0.0447924 SA_r 0.800243 freedomratio 0.347981
Iter 3500000 pBad 0.308033 T 1.79272e-06 Obj 1.011 Rho 0 GRdif 6.41168 success 956404 failure 214094 obj_new 1.011 SA_pAcc 1 Delta -0.00871566 SA_r 0.373178 freedomratio 0.345112
Iter 4000000 pBad 0.216818 T 5.41521e-07 Obj 1.00959 Rho 0 GRdif 5.5958 success 1052337 failure 327229 obj_new 1.00959 SA_pAcc 1 Delta 0.0129212 SA_r 0.430425 freedomratio 0.31952
Iter 4500000 pBad 0.0864444 T 1.63575e-07 Obj 1.0092 Rho 0 GRdif 5.36724 success 1118152 failure 505456 obj_new 1.0092 SA_pAcc 0.0662069 Delta -0.00533194 SA_r 0.497564 freedomratio 0.277594
Iter 5000000 pBad 0.0559132 T 4.94107e-08 Obj 1.00901 Rho 0 GRdif 5.25736 success 1157919 failure 751931 obj_new 1.00901 SA_pAcc 1 Delta -0.00435854 SA_r 0.0692654 freedomratio 0.251179
Iter 5500000 pBad 0.0275621 T 1.49253e-08 Obj 1.00893 Rho 0 GRdif 5.20847 success 1183098 failure 1042805 obj_new 1.00893 SA_pAcc 0.000152682 Delta 0.000968438 SA_r 0.40025 freedomratio 0.225819
Iter 6000000 pBad 0.0135044 T 4.50845e-09 Obj 1.0089 Rho 0 GRdif 5.2342 success 1197652 failure 1369456 obj_new 1.00897 SA_pAcc 0 Delta 0.00114373 SA_r 0.0526869 freedomratio 0.211095
Iter 6500000 pBad 0.0113647 T 1.36185e-09 Obj 1.00888 Rho 0 GRdif 5.18206 success 1206257 failure 1719697 obj_new 1.00888 SA_pAcc 2.17808e-06 Delta -0.000381135 SA_r 0.775402 freedomratio 0.202768
Iter 7000000 pBad 0.00708435 T 4.1137e-10 Obj 1.00888 Rho 0 GRdif 5.17844 success 1211624 failure 2085247 obj_new 1.00888 SA_pAcc 0.000191735 Delta 7.9663e-05 SA_r 0.596833 freedomratio 0.197174
Iter 7500000 pBad 0.00276352 T 1.24261e-10 Obj 1.00887 Rho 0 GRdif 5.17656 success 1215389 failure 2460285 obj_new 1.00887 SA_pAcc 0 Delta -0.000256876 SA_r 0.75702 freedomratio 0.192447
Iter 8000000 pBad 0.00246457 T 3.75352e-11 Obj 1.00887 Rho 0 GRdif 5.17483 success 1218151 failure 2844950 obj_new 1.00887 SA_pAcc 1 Delta 0.000149803 SA_r 0.179221 freedomratio 0.186862
Iter 8500000 pBad 0.00137599 T 1.13381e-11 Obj 1.00887 Rho 0 GRdif 5.17435 success 1220024 failure 3236628 obj_new 1.00887 SA_pAcc 0 Delta 1.40456e-05 SA_r 0.639312 freedomratio 0.183297
Iter 9000000 pBad 0.000234673 T 3.42488e-12 Obj 1.00887 Rho 0 GRdif 5.1738 success 1221446 failure 3634352 obj_new 1.00887 SA_pAcc 1 Delta 3.11558e-06 SA_r 0.359428 freedomratio 0.180976
Iter 9500000 pBad 9.9436e-10 T 1.03454e-12 Obj 1.00887 Rho 0 GRdif 5.17347 success 1226423 failure 4025121 obj_new 1.00887 SA_pAcc 0 Delta 2.11605e-11 SA_r 0.795974 freedomratio 0.173475
Iter 10000000 pBad 1.36647e-22 T 3.12501e-13 Obj 1.00887 Rho 0 GRdif 5.17335 success 1231183 failure 4371700 obj_new 1.00887 SA_pAcc 1 Delta 3.62334e-24 SA_r 0.250269 freedomratio 0.168488
Cannot move further
iter 9.83826e+06 obj1.00887 rho 0 GRdif 5.17335
Training:
Lab Growth Rates:
0.43 0.34 0.19 0.377 0.45 0.6 0.45 0.56 0.23 0.55 0.43 0.6 0.41 0.42 0.1 0.54 0.43 0.11 0.465 0.54 0.41 0.5 0.22 0.42 0.4 0.5 0.4 0.68 0.4 0.37 0.41 0.58 0.637 0.65 0.59 0.65 1.483 0.42 0.47 1.67 0.46 0.42 1.46 0.481 0.41 0.4 1.483 1.483 0.46 0.52 1.46 0.56 0.36 0.636 0.58 0.27 0.46 0.6 0.23 0.42 0.46 0.42 1.345 0.56 0.45 0.52 0.54 0.4 0.33 0.377 0.55 0.32 0.55 0.58 0.37 0.58 0.4 0.41 0.54 0.1 0.43 0.58 0.5 1.483 0.4 0.68 0.48 0.59 0.25 0.56 0.36 0.41 0.3 0.45 0.5 1.248 1.43 0.31 0.43 0.38 0.5 0.1 1.05 0.42 0.37 0.36 0.59 0.4 0.65 0.46 0.46 0.45 0.36 1.43 0.36 0.5 0.4 0.53 0.6 0.686 0.53 0.42 0.56 0.39 0.4 0.3 0.4 0.55 0.54 0.3 0.42 0.54 0.36 0.37 0.58 0.1 0.46 0.09 0.65 0.23 0.33 0.43 0.301 0.5 1.345 1.483 0.54 0.36 0.52 0.19 0.4 0.47 0.46 0.34 0.65 0.27 0.58 1.483 0.39 0.59 0.54 0.39 0.54 0.17 0.23 0.45 0.4 1.248 0.54 0.53 1.05 0.377 1.483 1.05 1.483 0.4 0.25 0.41 0.5 1.38 1.248 0.37 0.58 0.43 0.47 0.46 0.45 0.648 0.25 0.58 0.58 0.25 0.17 0.51 0.901 0.43 0.4 0.1 0.45 0.54 0.54 0.36 0.42 0.27 0.5 0.3 1.05 0.762 0.4 0.637 0.19 0.46 0.46 0.33 0.47 0.485 0.52 0.54 0.46 0.37 0.1 0.51 0.4 0.5 0.42 0.33 0.59 0.33 0.59 0.47 0.485 0.09 0.53 0.301 0.47 1.345 0.45 0.45 0.53 1.46 0.48 0.4 0.65 0.39 0.58 0.3 0.3 0.47 0.25 0.47 0.762 0.4 0.4 0.4 0.33 1.05 0.59 0.48 0.56 0.4 0.635 1.4 0.43 0.47 0.36 0.55 0.4 0.47 0.27 0.4 0.648 0.3 0.4 0.53 0.476 0.47 0.4 0.52 0.4 0.5 0.476 0.42 0.5 1.44 0.7 0.27 0.5 0.5 1.483 0.47 0.5 0.37 0.31 0.54 0.42 0.2 0.23 0.45 0.53 0.58 0.48 0.14 0.58 0.7 0.46 0.22 0.4 0.41 0.52 0.3 0.25 0.686 1.345 0.47 1.248 0.46 0.5 0.47 0.636 0.5 0.724 0.59 0.53 0.47 0.42 0.901 0.38 0.4 0.37 0.46 0.47 0.37 0.65 0.59 0.68 0.25 0.58 0.37 0.43 0.5 1.345 0.23 0.45 0.53 0.59 0.39 0.45 0.46 0.4 0.4 0.58 0.38 1.483 0.4 0.4 1.345 0.1 0.47 0.23 0.65 0.46 0.4 0.4 0.2 0.3 0.54 0.7 0.56 1.345 0.47 0.26 0.59 0.53 0.59 0.45 1.345 0.635 1.483 0.48 0.58 0.47 0.4 0.58 0.42 0.4 0.901 0.68 0.5 0.43 0.1 1.345 0.648 0.55 0.11 0.33 0.59 0.22 0.5 0.55 0.55 0.27 0.58 0.636 0.4 0.26 0.52 0.56 0.58 0.59 0.4 0.41 1.67 0.5 0.3 0.52 0.56 0.465 0.4 0.5 1.66 0.48 0.4 0.58 0.56 0.38 0.5 0.4 0.55 0.22 0.4 0.47 0.4 0.481 0.4 0.5 0.37 0.4 0.3 0.5 0.762 0.481 0.4 0.31 0.53 0.47 0.4 0.45 0.37 0.52 0.52 0.47 1.345 0.56 0.3 0.71 0.724 0.1 0.56 0.54 1.03 0.49 0.5 0.54 0.25 0.55 0.48 0.476 0.54 0.4 0.47 0.37 0.49 0.7 0.47 0.485 0.465 1.49 0.5 0.54 0.71 0.37 0.48 0.56 0.3 1.66 0.637 0.32 0.38 0.635 0.43 0.52 0.54 0.53 0.901 0.4 0.53 0.901 0.37 0.45 0.33 0.42 0.4 0.2 0.59 0.22 0.4 0.23 0.45 0.55 0.42 0.45 0.5 0.4 0.4 0.56 0.48 0.23 1.35 0.54 0.22 0.09 0.724 0.58 0.4 1.345 0.37 0.4 0.4 0.5 0.5 1.42 0.4 1.248 0.17 0.45 0.54 0.46 0.54 0.39 0.68 0.55 0.5 0.56 0.901 0.34 0.46 1.345 0.617 0.4 0.14 0.46 0.22 0.65 0.26 0.4 0.5 0.49 0.71 0.42 0.4 0.51 0.32 0.4 0.3 1.483 0.53 0.686 0.11 0.59 0.46 0.5 0.301 0.56 1.46 0.52 0.22 0.33 0.56 0.54 0.762 0.485 0.53 0.56 0.5 0.4 0.54
Dot Production Prediction of Lab Growth Rates:
0.360454 0.324054 0.334101 0.480212 1.49713 0.343266 0.356983 0.540391 0.455466 0.54231 0.368905 0.349275 0.373664 0.541102 0.923706 0.384728 0.372372 0.345797 0.482044 0.532508 0.483072 0.537189 0.477541 0.325954 0.399309 0.574539 0.401763 0.495082 0.401439 0.434834 0.39648 0.468618 0.715442 0.685634 0.546139 0.644772 0.931251 0.346581 0.415221 1.46871 0.505437 0.341706 1.61753 0.479383 0.482787 0.396196 0.897934 0.930696 0.324642 0.373957 0.97204 0.536603 0.367657 0.710686 0.357436 0.572677 0.377398 0.343685 0.539618 0.395491 0.425917 0.335082 0.979354 0.469344 0.388631 0.40362 0.455481 0.393159 0.489412 0.483432 0.551022 0.310197 0.549398 0.467788 0.454877 0.468478 0.400175 0.384198 0.544204 0.853475 0.433513 0.458176 0.373232 0.951109 0.399168 0.495031 0.307131 0.398773 0.526297 0.466742 0.338655 0.312734 0.300081 0.365057 0.407763 1.24826 1.43411 0.535642 0.363493 0.359706 0.634374 0.438352 1.05 0.358409 0.315278 0.334484 0.55437 0.405357 0.667765 0.451617 0.459238 1.4764 0.361915 1.42367 0.422204 0.343023 0.4002 0.308299 0.335438 0.723023 0.431383 0.305309 0.534351 0.341159 0.400748 0.345681 0.339071 0.448731 0.367446 0.326453 0.335037 0.443089 0.41658 0.451624 0.473049 1.03387 0.400895 0.344273 0.649892 0.545955 0.449267 0.456669 0.483689 0.469265 0.958729 0.917923 0.368787 0.35887 0.357744 0.332723 0.397652 0.450657 0.459288 0.340406 0.651962 0.3421 0.366345 0.930097 0.3058 0.383116 0.402342 0.339114 0.533557 0.432784 0.536188 0.404783 0.398749 1.24764 0.384221 0.540645 1.68693 0.482028 0.926112 1.05343 0.923807 0.39767 1.51104 0.389959 0.32508 1.32036 1.25749 0.403679 0.368751 0.410905 0.373463 0.460005 1.48023 0.718675 0.354016 0.374991 0.46806 0.311252 0.326858 0.418258 0.898627 0.424589 0.401405 1.41968 0.379976 0.443786 0.459102 0.354093 0.379972 0.313643 0.327525 0.328129 1.05278 1.39549 0.400306 0.715226 0.347376 0.370788 0.436063 0.371976 0.357868 0.477498 0.385994 0.374295 0.465829 0.386199 0.754593 0.421066 0.400788 0.465137 0.533241 0.327872 0.323048 0.366311 0.547499 0.368205 0.479597 0.448091 0.373054 0.484068 0.346889 0.961266 0.346765 0.389146 0.361425 1.015 0.317598 0.402433 0.658139 0.364177 0.34483 0.340401 0.326096 0.375022 0.72969 0.365986 1.39954 0.401922 0.397535 0.400015 0.314267 0.986818 0.356535 0.358133 0.542326 0.401354 0.72174 1.47158 0.369837 0.407673 0.334701 0.552167 0.401678 0.351722 0.379654 0.401054 0.716809 0.352197 0.395525 0.494822 0.483682 0.358595 0.348428 0.397866 0.389801 0.567231 0.482237 0.332346 0.468984 1.51154 0.655363 0.367957 0.375578 0.545607 0.947401 0.396562 0.465626 0.444479 0.544728 0.360814 0.323468 0.36886 0.535262 1.53644 0.46811 0.472746 0.324319 0.140007 0.462878 0.65695 0.51976 0.469508 0.402692 0.352414 0.350998 0.401404 0.491762 0.72081 0.962829 0.406175 1.24795 0.485399 0.628482 0.450621 0.719662 0.36868 0.722436 0.317809 0.410847 0.353063 0.355447 0.900593 0.332396 0.394386 0.445771 0.460376 0.356765 0.530688 0.649926 0.337194 0.49551 0.347461 0.472674 0.454057 0.404627 0.650952 0.95809 0.457224 1.50107 0.53316 0.545521 0.321923 0.340626 0.297652 0.400797 0.3979 0.312448 0.369935 0.955469 0.401871 0.401533 0.948861 0.854902 0.380505 0.455752 0.634511 0.464258 0.39834 0.39798 0.391283 0.300245 0.323179 0.647655 0.54071 0.918446 0.398483 0.443915 0.345958 0.550443 0.550261 1.54546 0.927171 0.722122 0.921613 0.324112 0.457594 0.445023 0.401015 0.369572 0.335499 0.400651 1.23039 0.497376 0.537931 0.39707 0.428217 0.91163 0.720806 0.454124 0.380091 0.31918 0.545521 0.465778 0.328185 0.547433 0.550004 0.371748 0.457065 0.720831 0.393914 0.519665 0.394499 0.538145 0.397977 0.546629 0.404188 0.477077 1.50801 0.472753 0.30696 0.36573 0.471826 0.48196 0.402669 0.316616 1.66 0.321059 0.399173 0.327896 0.461207 0.324187 0.539603 0.399877 0.453219 0.369627 0.398526 0.444384 0.400014 0.480121 0.392259 0.654874 0.434399 0.39857 0.306998 0.392659 1.40557 0.478601 0.390462 0.533808 0.537596 0.355652 0.40191 0.341717 0.427696 0.380993 0.399174 0.451308 0.933631 0.46225 0.276315 0.720816 0.723949 0.389855 0.529819 0.439601 1.39568 0.391395 0.537596 0.422807 0.35262 0.447224 0.323973 0.481739 0.539255 0.395677 0.383392 0.44087 0.37564 0.65693 0.355705 0.477039 0.482523 1.53644 0.341746 0.38695 0.719885 0.435746 0.337325 0.537315 0.352637 1.65277 0.716593 0.331344 0.319604 0.721888 0.394383 0.386221 0.391461 0.409141 0.900997 0.401927 0.348261 0.901113 0.441187 0.36712 0.369483 0.337092 0.388863 0.400338 0.318168 0.397894 0.402168 0.547761 0.40928 0.450836 0.313578 0.349715 0.573986 0.402286 0.400531 0.54006 0.334863 0.535684 1.28528 0.541262 0.44289 0.370316 0.721954 0.465471 0.4029 0.983645 0.382075 0.397795 0.403661 0.63196 0.537176 1.54631 0.401802 1.24696 0.318764 1.4749 0.546628 0.304256 0.547698 0.338582 0.493968 0.451318 0.659444 0.461503 0.89534 0.315923 0.424033 0.95313 0.616936 0.39998 0.139325 0.356974 0.466951 0.630036 0.366135 0.399122 0.473314 0.367933 0.717822 0.531672 0.401996 0.394685 0.338466 0.401974 0.375371 0.921041 0.526254 0.722894 0.389075 0.337561 0.426504 0.338081 0.484008 0.539181 1.01738 0.394966 0.476525 0.499347 0.535516 0.453302 1.4152 0.48144 0.527333 0.536875 0.554895 0.402065 0.339371
Testing:
Lab Growth Rates:
0.54 0.54 0.54
Dot Production Prediction of Lab Growth Rates:
0.37213 0.343696 0.319193
Best performance so far: 
Obj: 4.66422e-310Rho: 2.26291e-314Diff: 4.66422e-310
Anneal again with the best G and E so far as input
Cycle 2Round 1
Iter 500000 pBad 0.868453 T 0.0023599 Obj 1.10347 Rho 0 GRdif 57.6989 success 120668 failure 8243 obj_new 1.10347 SA_pAcc 1.28242 Delta -0.0843545 SA_r 0.968946 freedomratio 0.289526
Iter 1000000 pBad 0.767295 T 0.000712848 Obj 1.06697 Rho 0 GRdif 37.9866 success 238058 failure 22879 obj_new 1.06697 SA_pAcc 1 Delta 0.0744948 SA_r 0.622177 freedomratio 0.284328
Iter 1500000 pBad 0.719782 T 0.000215328 Obj 1.0331 Rho 0 GRdif 19.0845 success 352395 failure 46082 obj_new 1.0331 SA_pAcc 1.1855 Delta -0.0308644 SA_r 0.816018 freedomratio 0.286133
Iter 2000000 pBad 0.674944 T 6.50434e-05 Obj 1.02559 Rho 0 GRdif 14.807 success 464224 failure 75541 obj_new 1.02559 SA_pAcc 1.71359 Delta 0.0224966 SA_r 0.22203 freedomratio 0.289812
Iter 2500000 pBad 0.498981 T 1.96474e-05 Obj 1.02032 Rho 0 GRdif 11.7949 success 572749 failure 112146 obj_new 1.02033 SA_pAcc 0.641537 Delta 0.024909 SA_r 0.820383 freedomratio 0.28419
Iter 3000000 pBad 0.417312 T 5.93484e-06 Obj 1.01677 Rho 0 GRdif 9.7451 success 677691 failure 156840 obj_new 1.01677 SA_pAcc 1 Delta -0.0277161 SA_r 0.890354 freedomratio 0.282002
Iter 3500000 pBad 0.275197 T 1.79272e-06 Obj 1.01253 Rho 0 GRdif 7.29853 success 769454 failure 227409 obj_new 1.01253 SA_pAcc 1 Delta 0.0239387 SA_r 0.737881 freedomratio 0.260908
Iter 4000000 pBad 0.20514 T 5.41521e-07 Obj 1.01034 Rho 0 GRdif 6.02915 success 847095 failure 331125 obj_new 1.01034 SA_pAcc 1 Delta -0.00135347 SA_r 0.18402 freedomratio 0.250534
Iter 4500000 pBad 0.0841115 T 1.63575e-07 Obj 1.00953 Rho 0 GRdif 5.55642 success 906771 failure 478992 obj_new 1.00953 SA_pAcc 1 Delta -0.00277701 SA_r 0.256958 freedomratio 0.229085
Iter 5000000 pBad 0.0398873 T 4.94107e-08 Obj 1.00921 Rho 0 GRdif 5.37683 success 943617 failure 694764 obj_new 1.00922 SA_pAcc 7.85631e-32 Delta 0.00389765 SA_r 0.965497 freedomratio 0.202979
Iter 5500000 pBad 0.035691 T 1.49253e-08 Obj 1.00904 Rho 0 GRdif 5.27262 success 970673 failure 951450 obj_new 1.00904 SA_pAcc 7.50665e-91 Delta -0.00324365 SA_r 0.286514 freedomratio 0.185033
Iter 6000000 pBad 0.0164331 T 4.50845e-09 Obj 1.00891 Rho 0 GRdif 5.19919 success 990431 failure 1254139 obj_new 1.00891 SA_pAcc 1 Delta -0.000400115 SA_r 0.474116 freedomratio 0.166525
Iter 6500000 pBad 0.00714506 T 1.36185e-09 Obj 1.00888 Rho 0 GRdif 21.5624 success 1002324 failure 1592796 obj_new 1.03748 SA_pAcc 0 Delta -0.000264267 SA_r 0.158941 freedomratio 0.159023
Iter 7000000 pBad 0.004006 T 4.1137e-10 Obj 1.00887 Rho 0 GRdif 5.17265 success 1010208 failure 1949156 obj_new 1.00887 SA_pAcc 0 Delta -0.000375966 SA_r 0.427652 freedomratio 0.156392
Iter 7500000 pBad 0.00416625 T 1.24261e-10 Obj 1.00886 Rho 0 GRdif 5.2024 success 1016493 failure 2315988 obj_new 1.00892 SA_pAcc 0 Delta -0.000370324 SA_r 0.402586 freedomratio 0.152963
Iter 8000000 pBad 0.00135719 T 3.75352e-11 Obj 1.00885 Rho 0 GRdif 5.16651 success 1022483 failure 2692018 obj_new 1.00886 SA_pAcc 0 Delta 4.9437e-05 SA_r 0.182359 freedomratio 0.149071
Iter 8500000 pBad 0.000884906 T 1.13381e-11 Obj 1.00885 Rho 0 GRdif 5.16258 success 1027060 failure 3078822 obj_new 1.00885 SA_pAcc 9.43227e-105 Delta -6.2844e-05 SA_r 0.164257 freedomratio 0.146757
Iter 9000000 pBad 0.000212177 T 3.42488e-12 Obj 1.00885 Rho 0 GRdif 5.16185 success 1031818 failure 3473084 obj_new 1.00885 SA_pAcc 0 Delta -2.85562e-07 SA_r 0.12761 freedomratio 0.144157
Iter 9500000 pBad 2.43277e-15 T 1.03454e-12 Obj 1.00885 Rho 0 GRdif 5.1614 success 1038070 failure 3859224 obj_new 1.00885 SA_pAcc 0 Delta -1.55641e-16 SA_r 0.0569116 freedomratio 0.137753
Good enough
iter 9.5234e+06 obj1.00885 rho 0 GRdif 5.16122
Training:
Lab Growth Rates:
0.43 0.34 0.19 0.377 0.45 0.6 0.45 0.56 0.23 0.55 0.43 0.6 0.41 0.42 0.1 0.54 0.43 0.11 0.465 0.54 0.41 0.5 0.22 0.42 0.4 0.5 0.4 0.68 0.4 0.37 0.41 0.58 0.637 0.65 0.59 0.65 1.483 0.42 0.47 1.67 0.46 0.42 1.46 0.481 0.41 0.4 1.483 1.483 0.46 0.52 1.46 0.56 0.36 0.636 0.58 0.27 0.46 0.6 0.23 0.42 0.46 0.42 1.345 0.56 0.45 0.52 0.54 0.4 0.33 0.377 0.55 0.32 0.55 0.58 0.37 0.58 0.4 0.41 0.54 0.1 0.43 0.58 0.5 1.483 0.4 0.68 0.48 0.59 0.25 0.56 0.36 0.41 0.3 0.45 0.5 1.248 1.43 0.31 0.43 0.38 0.5 0.1 1.05 0.42 0.37 0.36 0.59 0.4 0.65 0.46 0.46 0.45 0.36 1.43 0.36 0.5 0.4 0.53 0.6 0.686 0.53 0.42 0.56 0.39 0.4 0.3 0.4 0.55 0.54 0.3 0.42 0.54 0.36 0.37 0.58 0.1 0.46 0.09 0.65 0.23 0.33 0.43 0.301 0.5 1.345 1.483 0.54 0.36 0.52 0.19 0.4 0.47 0.46 0.34 0.65 0.27 0.58 1.483 0.39 0.59 0.54 0.39 0.54 0.17 0.23 0.45 0.4 1.248 0.54 0.53 1.05 0.377 1.483 1.05 1.483 0.4 0.25 0.41 0.5 1.38 1.248 0.37 0.58 0.43 0.47 0.46 0.45 0.648 0.25 0.58 0.58 0.25 0.17 0.51 0.901 0.43 0.4 0.1 0.45 0.54 0.54 0.36 0.42 0.27 0.5 0.3 1.05 0.762 0.4 0.637 0.19 0.46 0.46 0.33 0.47 0.485 0.52 0.54 0.46 0.37 0.1 0.51 0.4 0.5 0.42 0.33 0.59 0.33 0.59 0.47 0.485 0.09 0.53 0.301 0.47 1.345 0.45 0.45 0.53 1.46 0.48 0.4 0.65 0.39 0.58 0.3 0.3 0.47 0.25 0.47 0.762 0.4 0.4 0.4 0.33 1.05 0.59 0.48 0.56 0.4 0.635 1.4 0.43 0.47 0.36 0.55 0.4 0.47 0.27 0.4 0.648 0.3 0.4 0.53 0.476 0.47 0.4 0.52 0.4 0.5 0.476 0.42 0.5 1.44 0.7 0.27 0.5 0.5 1.483 0.47 0.5 0.37 0.31 0.54 0.42 0.2 0.23 0.45 0.53 0.58 0.48 0.14 0.58 0.7 0.46 0.22 0.4 0.41 0.52 0.3 0.25 0.686 1.345 0.47 1.248 0.46 0.5 0.47 0.636 0.5 0.724 0.59 0.53 0.47 0.42 0.901 0.38 0.4 0.37 0.46 0.47 0.37 0.65 0.59 0.68 0.25 0.58 0.37 0.43 0.5 1.345 0.23 0.45 0.53 0.59 0.39 0.45 0.46 0.4 0.4 0.58 0.38 1.483 0.4 0.4 1.345 0.1 0.47 0.23 0.65 0.46 0.4 0.4 0.2 0.3 0.54 0.7 0.56 1.345 0.47 0.26 0.59 0.53 0.59 0.45 1.345 0.635 1.483 0.48 0.58 0.47 0.4 0.58 0.42 0.4 0.901 0.68 0.5 0.43 0.1 1.345 0.648 0.55 0.11 0.33 0.59 0.22 0.5 0.55 0.55 0.27 0.58 0.636 0.4 0.26 0.52 0.56 0.58 0.59 0.4 0.41 1.67 0.5 0.3 0.52 0.56 0.465 0.4 0.5 1.66 0.48 0.4 0.58 0.56 0.38 0.5 0.4 0.55 0.22 0.4 0.47 0.4 0.481 0.4 0.5 0.37 0.4 0.3 0.5 0.762 0.481 0.4 0.31 0.53 0.47 0.4 0.45 0.37 0.52 0.52 0.47 1.345 0.56 0.3 0.71 0.724 0.1 0.56 0.54 1.03 0.49 0.5 0.54 0.25 0.55 0.48 0.476 0.54 0.4 0.47 0.37 0.49 0.7 0.47 0.485 0.465 1.49 0.5 0.54 0.71 0.37 0.48 0.56 0.3 1.66 0.637 0.32 0.38 0.635 0.43 0.52 0.54 0.53 0.901 0.4 0.53 0.901 0.37 0.45 0.33 0.42 0.4 0.2 0.59 0.22 0.4 0.23 0.45 0.55 0.42 0.45 0.5 0.4 0.4 0.56 0.48 0.23 1.35 0.54 0.22 0.09 0.724 0.58 0.4 1.345 0.37 0.4 0.4 0.5 0.5 1.42 0.4 1.248 0.17 0.45 0.54 0.46 0.54 0.39 0.68 0.55 0.5 0.56 0.901 0.34 0.46 1.345 0.617 0.4 0.14 0.46 0.22 0.65 0.26 0.4 0.5 0.49 0.71 0.42 0.4 0.51 0.32 0.4 0.3 1.483 0.53 0.686 0.11 0.59 0.46 0.5 0.301 0.56 1.46 0.52 0.22 0.33 0.56 0.54 0.762 0.485 0.53 0.56 0.5 0.4 0.54
Dot Production Prediction of Lab Growth Rates:
0.336052 0.279891 0.30951 0.503554 1.38846 0.573221 0.360445 0.548566 0.429787 0.553061 0.34005 0.606344 0.369086 0.605644 1.20314 0.398259 0.355007 0.333317 0.503312 0.536402 0.501821 0.54287 0.463294 0.312091 0.392914 0.584604 0.403482 0.363474 0.400297 0.415834 0.399412 0.468076 0.709332 0.658034 0.549765 0.649705 1.09715 0.368306 0.40515 1.34371 0.54395 0.318052 1.46984 0.498896 0.501204 0.396233 1.1218 1.14827 0.33114 0.362996 1.06064 0.541162 0.342046 0.712877 0.362938 0.602514 0.345567 0.572044 0.541819 0.388083 0.434936 0.343398 1.1584 0.47006 0.382514 0.374459 0.463355 0.387522 0.481188 0.500641 0.544292 0.30453 0.545374 0.473222 0.425773 0.474171 0.40003 0.352679 0.539897 1.02851 0.439568 0.469609 0.3666 1.16636 0.399908 0.36184 0.301981 0.393008 0.566429 0.467822 0.341484 0.322948 0.209954 0.352136 0.41856 1.24871 1.14674 0.590794 0.359922 0.380107 0.651664 0.476132 1.07485 0.335653 0.29591 0.328405 0.541934 0.404126 0.652233 0.447093 0.459846 1.41877 0.355794 1.13706 0.406214 0.350894 0.398379 0.289607 0.591079 0.72344 0.428793 0.298184 0.541194 0.32684 0.400558 0.351553 0.321562 0.447519 0.397792 0.538297 0.354996 0.455474 0.412893 0.426366 0.468971 1.28405 0.386103 0.33718 0.649728 0.54479 0.447232 0.449405 0.501484 0.466386 1.15913 1.11787 0.362557 0.382086 0.355537 0.306765 0.392991 0.466415 0.450808 0.318453 0.652336 0.354834 0.371913 1.13007 0.300865 0.370225 0.384787 0.304481 0.539824 0.418687 0.544414 0.397149 0.397882 1.24066 0.372353 0.533682 1.43787 0.499972 1.13803 1.07168 1.12822 0.3938 1.45186 0.391123 0.323376 1.28994 1.25406 0.384854 0.339001 0.387528 0.35088 0.46406 1.40112 0.713523 0.358452 0.341933 0.462483 0.301617 0.312056 0.410944 0.899662 0.448521 0.40266 1.37385 0.37623 0.459353 0.470328 0.348533 0.387647 0.288147 0.316451 0.552957 1.06996 1.37774 0.399562 0.712356 0.317732 0.343437 0.444396 0.357261 0.369346 0.499286 0.403955 0.379511 0.460755 0.406728 0.800645 0.4184 0.401806 0.467023 0.583746 0.32055 0.316539 0.338489 0.542642 0.335353 0.503593 0.448023 0.355591 0.503997 0.308583 1.15804 0.33262 0.40963 0.335541 1.05901 0.299415 0.403323 0.67 0.332219 0.333909 0.564443 0.538412 0.387792 0.786681 0.338783 1.3888 0.404185 0.398313 0.398705 0.3003 1.03351 0.319615 0.324387 0.548317 0.402433 0.712762 1.39954 0.368675 0.401941 0.327845 0.547873 0.402546 0.364836 0.388578 0.40119 0.707862 0.612048 0.392655 0.555758 0.503467 0.328598 0.334628 0.38726 0.384572 0.593838 0.505185 0.340918 0.478074 1.48522 0.736447 0.358382 0.345048 0.545209 1.1525 0.39728 0.472093 0.421391 0.60613 0.361236 0.334634 0.36623 0.539709 1.49333 0.493074 0.471232 0.295275 0.139954 0.450124 0.732986 0.553945 0.462759 0.404059 0.348373 0.348309 0.417155 0.525076 0.719305 1.161 0.387102 1.24659 0.523376 0.654802 0.42119 0.715855 0.360129 0.719145 0.314878 0.396794 0.388312 0.365924 0.900405 0.319497 0.392291 0.430214 0.458757 0.35423 0.565857 0.622832 0.302812 0.366886 0.36414 0.469322 0.427037 0.421992 0.694966 1.15855 0.429556 1.44245 0.533928 0.543427 0.324519 0.334407 0.299524 0.401377 0.397763 0.292517 0.385225 1.14041 0.402889 0.403952 1.14639 1.01076 0.387001 0.428929 0.645295 0.46169 0.39794 0.396913 0.390031 0.210187 0.319555 0.734574 0.547538 1.12 0.387085 0.474874 0.342845 0.541023 0.547817 1.49543 1.12743 0.714411 1.10833 0.312476 0.468413 0.481643 0.401172 0.369064 0.346859 0.39975 1.21137 0.365771 0.567576 0.395673 0.462857 1.13494 0.71457 0.460268 0.353078 0.314291 0.549659 0.468492 0.308939 0.548653 0.546712 0.386076 0.466631 0.72365 0.391273 0.59742 0.401294 0.543859 0.365572 0.541025 0.405017 0.4981 1.4499 0.472334 0.504037 0.345777 0.471743 0.503137 0.403168 0.313734 1.50967 0.297482 0.399643 0.3058 0.46875 0.307222 0.546899 0.398614 0.459264 0.342004 0.396499 0.410284 0.398241 0.500881 0.388222 0.664072 0.411297 0.399869 0.214401 0.383384 1.391 0.496546 0.383281 0.589791 0.534779 0.350631 0.403618 0.32919 0.409057 0.399362 0.336362 0.481415 1.13711 0.469369 0.457375 0.722212 0.720292 0.382158 0.539781 0.455085 1.299 0.383568 0.526446 0.396213 0.361789 0.455222 0.341746 0.500398 0.547384 0.395673 0.383341 0.4152 0.377741 0.731231 0.339453 0.497803 0.504361 1.49333 0.314116 0.398631 0.716026 0.415656 0.318783 0.544917 0.601792 1.48567 0.713843 0.319605 0.303858 0.716152 0.414118 0.37635 0.383505 0.422904 0.901265 0.402636 0.333246 0.900708 0.417388 0.360837 0.342737 0.354559 0.395878 0.400502 0.307837 0.381627 0.403854 0.539197 0.433468 0.456875 0.298206 0.353039 0.618693 0.395357 0.400571 0.548445 0.342655 0.535877 1.08784 0.538252 0.431758 0.388817 0.723751 0.470048 0.402084 1.18177 0.387289 0.396247 0.405741 0.683225 0.527162 1.48863 0.401742 1.24558 0.328976 1.41028 0.549289 0.293284 0.534526 0.305142 0.365029 0.454361 0.690108 0.468606 0.899768 0.30556 0.417297 1.163 0.426287 0.390869 0.140955 0.341563 0.473346 0.614353 0.377824 0.399755 0.477434 0.36045 0.711282 0.589113 0.401047 0.38379 0.332983 0.398186 0.390436 1.12693 0.534712 0.721071 0.378654 0.315845 0.439651 0.354853 0.504471 0.547843 1.05068 0.373469 0.466218 0.518554 0.536955 0.457634 1.40158 0.506079 0.538112 0.542706 0.603981 0.401921 0.355667
Testing:
Lab Growth Rates:
0.54 0.54 0.54
Dot Production Prediction of Lab Growth Rates:
0.371847 0.328255 0.276768
Best performance so far: 
Obj: 4.66422e-310Rho: 6.5069e-314Diff: 4.66422e-310
Test:
 Lab Growth Rates:
0.54 0.54 0.54Dot Product Prediction of Growth Rate:
0.3718472 0.3282549 0.2767676