seed =  5 traits =  1 
Training: part  107 
Training: part  107 
Round  1 
 Goal of obj  0.99 
Temperature range:  0.00390625 1.5625e-14 
Cycle 1Round 1
Iter 500000 pBad 0.81994 T 0.00105163 Obj 1.07494 Rho 0 GRdif 42.4899 success 146010 failure 10838 obj_new 1.07494 SA_pAcc 1 Delta 0.0605296 SA_r 0.577181 freedomratio 0.363412
Iter 1000000 pBad 0.774242 T 0.000283118 Obj 1.04163 Rho 0 GRdif 23.982 success 288976 failure 29573 obj_new 1.04163 SA_pAcc 1.17087 Delta -0.0637985 SA_r 0.763287 freedomratio 0.374046
Iter 1500000 pBad 0.661579 T 7.62202e-05 Obj 1.02281 Rho 0 GRdif 13.263 success 427947 failure 57583 obj_new 1.02281 SA_pAcc 1 Delta 0.0548175 SA_r 0.800486 freedomratio 0.365899
Iter 2000000 pBad 0.515417 T 2.05198e-05 Obj 1.01727 Rho 0 GRdif 10.0698 success 563452 failure 92904 obj_new 1.01727 SA_pAcc 1 Delta 0.0260359 SA_r 0.456268 freedomratio 0.354644
Iter 2500000 pBad 0.412953 T 5.52429e-06 Obj 1.01426 Rho 0 GRdif 8.32416 success 691000 failure 142086 obj_new 1.01426 SA_pAcc 1 Delta -0.00799713 SA_r 0.54237 freedomratio 0.359853
Iter 3000000 pBad 0.262254 T 1.48723e-06 Obj 1.01077 Rho 0 GRdif 6.3006 success 798216 failure 231127 obj_new 1.01077 SA_pAcc 0.1583 Delta 0.0168199 SA_r 0.465214 freedomratio 0.334852
Iter 3500000 pBad 0.166376 T 4.00389e-07 Obj 1.00923 Rho 0 GRdif 5.40075 success 886606 failure 360927 obj_new 1.00923 SA_pAcc 0.216763 Delta 0.00553431 SA_r 0.606114 freedomratio 0.312268
Iter 4000000 pBad 0.0591124 T 1.07792e-07 Obj 1.00872 Rho 0 GRdif 5.1087 success 942533 failure 562787 obj_new 1.00873 SA_pAcc 6.32405e-06 Delta 0.00333932 SA_r 0.657928 freedomratio 0.268126
Iter 4500000 pBad 0.0325014 T 2.90194e-08 Obj 1.00859 Rho 0 GRdif 5.02772 success 975283 failure 829152 obj_new 1.00859 SA_pAcc 1 Delta -0.000704796 SA_r 0.0707766 freedomratio 0.237001
Iter 5000000 pBad 0.0125171 T 7.81252e-09 Obj 1.00854 Rho 0 GRdif 5.00543 success 993005 failure 1144073 obj_new 1.00855 SA_pAcc 0 Delta 0.000630793 SA_r 0.178665 freedomratio 0.215543
Iter 5500000 pBad 0.0074383 T 2.10327e-09 Obj 1.00853 Rho 0 GRdif 4.99269 success 1003155 failure 1486108 obj_new 1.00853 SA_pAcc 1 Delta -0.000715115 SA_r 0.863688 freedomratio 0.207042
Iter 6000000 pBad 0.00470815 T 5.66236e-10 Obj 1.00852 Rho 0 GRdif 4.98837 success 1009293 failure 1847536 obj_new 1.00852 SA_pAcc 1 Delta -0.000338602 SA_r 0.464339 freedomratio 0.19818
Iter 6500000 pBad 0.00300832 T 1.5244e-10 Obj 1.00852 Rho 0 GRdif 4.98601 success 1013089 failure 2221265 obj_new 1.00852 SA_pAcc 1 Delta 0.000258215 SA_r 0.0885693 freedomratio 0.195025
Iter 7000000 pBad 0.00119684 T 4.10396e-11 Obj 1.00851 Rho 0 GRdif 4.98462 success 1016022 failure 2602025 obj_new 1.00851 SA_pAcc 1 Delta -2.80151e-05 SA_r 0.580488 freedomratio 0.190168
Iter 7500000 pBad 0.000337217 T 1.10486e-11 Obj 1.00851 Rho 0 GRdif 4.98624 success 1018474 failure 2990688 obj_new 1.00852 SA_pAcc 0 Delta 2.88973e-05 SA_r 0.889677 freedomratio 0.186785
Iter 8000000 pBad 0.00013718 T 2.97447e-12 Obj 1.00851 Rho 0 GRdif 4.98372 success 1020571 failure 3380750 obj_new 1.00851 SA_pAcc 0 Delta 7.94513e-06 SA_r 0.369128 freedomratio 0.185139
Iter 8500000 pBad 6.18589e-22 T 8.00778e-13 Obj 1.00851 Rho 0 GRdif 4.98405 success 1021616 failure 3725361 obj_new 1.00851 SA_pAcc 0 Delta 5.57246e-23 SA_r 0.579587 freedomratio 0.174792
Iter 9000000 pBad 1.74867e-164 T 2.15583e-13 Obj 1.00851 Rho 0 GRdif 4.98341 success 1021616 failure 4033822 obj_new 1.00851 SA_pAcc 0 Delta 8.78002e-166 SA_r 0.929665 freedomratio 0.171079
Iter 9500000 pBad 0 T 5.80388e-14 Obj 1.00851 Rho 0 GRdif 5.09529 success 1021616 failure 4364589 obj_new 1.0087 SA_pAcc 0 Delta -0 SA_r 0.708769 freedomratio 0.0743363
Iter 10000000 pBad 0 T 1.5625e-14 Obj 1.00851 Rho 0 GRdif 4.98574 success 1021616 failure 4718244 obj_new 1.00852 SA_pAcc 0 Delta -0 SA_r 0.101172 freedomratio 0.0412024
Cannot move further
iter 8.23212e+06 obj1.00851 rho 0 GRdif 4.98338
Training:
Lab Growth Rates:
1.42 0.55 0.45 0.47 0.39 0.56 0.59 0.4 0.59 0.45 0.47 0.51 0.52 0.54 1.345 0.377 0.71 0.4 0.68 0.42 0.26 0.1 1.66 0.37 1.345 0.47 0.58 0.5 0.635 0.7 1.46 0.37 0.54 0.55 0.4 0.19 0.33 0.56 0.32 0.301 0.485 0.3 0.5 0.7 0.47 0.4 1.03 0.09 0.4 0.686 0.55 0.19 0.45 0.5 0.4 0.4 0.4 0.901 0.485 0.56 0.1 0.2 0.686 1.345 0.38 0.56 0.4 0.25 0.65 0.47 0.4 0.71 0.11 0.23 0.4 0.58 1.4 0.22 0.54 0.33 0.43 0.37 0.56 1.67 0.59 0.54 0.46 0.901 0.14 0.724 0.52 0.34 0.56 0.41 0.56 0.59 0.34 0.4 0.43 0.5 0.2 0.58 0.5 0.31 0.3 0.901 0.4 0.47 0.48 0.54 0.56 0.5 0.46 0.4 1.483 0.58 0.46 1.38 0.4 0.46 1.483 0.58 0.27 1.483 0.45 0.23 0.37 0.45 0.31 0.4 0.5 0.55 0.6 1.05 0.54 0.47 0.5 0.476 0.55 0.6 1.49 0.4 0.5 0.47 0.53 0.4 0.4 0.5 0.45 0.481 0.58 1.46 0.47 0.46 0.48 0.46 0.52 0.36 0.36 0.4 0.68 0.1 0.42 0.37 0.59 0.1 0.648 0.49 0.42 0.42 0.23 0.4 1.345 0.54 0.4 0.4 0.4 0.47 0.45 0.54 0.45 0.25 0.65 0.53 0.56 0.4 0.65 0.53 1.345 0.4 0.5 0.4 1.44 0.45 0.38 1.483 0.47 0.377 0.4 0.43 0.4 0.46 0.762 0.58 0.59 0.42 0.54 0.5 0.33 1.46 0.54 0.47 0.53 0.4 0.45 0.42 0.485 0.4 1.345 1.483 0.58 0.59 0.43 0.33 0.3 0.45 0.43 0.34 0.58 0.23 0.4 0.636 1.483 0.39 0.65 0.4 0.37 1.345 0.23 0.48 0.47 0.37 0.43 0.4 0.19 0.686 0.53 0.55 0.5 0.46 0.53 1.345 0.33 0.41 0.38 0.32 0.1 0.36 0.33 0.53 0.3 0.45 0.47 0.52 0.724 0.4 0.59 0.4 0.52 0.56 0.42 0.43 0.22 0.4 0.42 0.48 0.42 1.483 0.41 0.4 0.3 0.22 0.46 0.68 0.37 0.54 0.4 0.3 0.4 0.27 1.248 0.54 0.42 0.762 0.5 1.05 0.53 0.4 0.09 0.26 0.23 0.41 0.27 0.11 0.48 0.58 0.42 1.345 0.39 0.39 0.53 1.483 1.248 0.41 0.481 0.54 0.54 0.32 0.41 0.42 0.42 0.43 0.27 0.635 0.47 0.45 0.3 0.51 0.648 1.67 0.31 0.54 0.36 0.476 0.55 0.5 1.248 0.17 0.59 0.5 0.4 1.05 0.36 0.53 0.481 0.46 0.5 0.45 0.46 0.59 0.25 0.45 1.483 0.25 0.7 0.5 0.56 0.17 0.5 0.43 0.43 0.59 0.54 0.901 0.901 1.483 0.25 0.47 0.52 0.25 0.42 0.53 0.42 1.43 0.2 0.59 0.901 0.56 0.56 0.45 0.14 0.65 0.48 0.11 0.59 0.37 0.47 0.46 0.54 0.5 1.345 0.37 0.4 0.54 0.37 0.56 0.52 1.345 0.46 0.4 0.52 0.4 0.301 0.46 0.46 0.59 0.22 1.483 0.36 0.47 0.54 0.4 0.39 0.41 0.65 0.47 0.5 0.724 0.52 0.47 0.46 0.56 0.27 0.1 0.68 0.71 0.52 0.55 0.55 0.46 1.483 0.56 0.53 0.68 0.23 0.65 1.05 0.53 0.58 0.41 0.4 1.66 0.5 0.58 0.27 0.65 0.5 0.33 0.54 0.37 0.37 0.43 0.648 0.762 0.1 0.59 0.4 0.58 0.48 0.49 1.345 0.52 0.4 0.5 0.47 0.5 0.4 0.42 0.54 0.17 0.42 0.38 0.46 0.465 0.476 0.4 0.3 1.248 0.637 0.4 0.4 0.5 1.35 0.1 0.5 0.37 0.46 0.53 0.26 0.6 0.56 0.48 0.3 0.4 0.52 1.05 0.47 0.36 0.36 0.58 0.53 0.4 0.47 0.55 0.3 0.43 0.39 0.45 0.58 0.54 0.762 0.637 0.635 0.301 0.3 0.37 0.58 0.49 0.55 0.617 0.22 0.54 0.45 0.45 0.33 0.54 0.636 0.465 0.47 0.5 0.54 0.636 0.58 0.3 0.58 0.25 0.4 0.22 0.4 0.5 0.377 0.7 0.41 0.5 0.5 0.5 0.54 0.46 0.23 0.4 0.4 0.09 0.37 0.54 0.48 0.465 0.58 1.43 0.56 0.4 0.58 0.46 0.65 0.4 0.4 0.58 0.3 0.23 0.5 0.51 0.22 0.637 0.36 0.33 0.6 0.38 1.248 0.22 0.55 1.46 0.1 0.42 0.485 0.4 0.5 0.59 0.25 0.54
Dot Production Prediction of Lab Growth Rates:
1.50134 0.5444 0.361916 0.355145 0.293141 0.53898 0.320514 0.418824 0.540538 0.379641 0.352648 0.420653 0.36155 0.437196 0.942364 0.391412 0.71935 0.407766 0.471346 0.371966 0.560151 0.445885 1.66 0.431017 0.956889 0.36202 0.463152 0.359525 0.710305 0.668056 1.02935 0.307947 0.300058 0.545489 0.404333 0.330384 0.373298 0.531187 0.307101 0.390756 0.394903 0.449621 0.542692 0.66954 0.384836 0.408139 1.33075 0.371874 0.40985 0.720826 0.544544 0.353871 0.31295 0.650034 0.419006 0.419327 0.413554 0.902693 0.39389 0.542825 1.40741 0.419903 0.718734 0.968387 0.361133 0.463939 0.406828 0.511481 0.66766 0.477239 0.40861 0.721264 0.378293 0.434038 0.348336 0.359748 1.44836 0.470169 0.539472 0.507524 0.376987 0.421294 0.547863 1.47934 0.40883 0.388301 0.459897 0.905003 0.140043 0.723933 0.378564 0.306037 0.464231 0.348028 0.53384 0.322882 0.340052 0.41887 0.419854 0.46987 0.421819 0.472411 0.463524 0.55018 0.377444 0.901 0.406793 0.415727 0.345633 0.353593 0.539313 0.369228 0.470924 0.418743 0.934804 0.471677 0.368257 1.31289 0.419276 0.45076 0.928962 0.469373 0.306234 0.936141 1.52743 0.53452 0.422453 1.50843 0.556925 0.401042 0.601652 0.545618 0.447313 1.05 0.544995 0.454059 0.333558 0.394701 0.441467 0.437313 1.52743 0.418974 0.371259 0.416058 0.534992 0.41055 0.41985 0.330824 0.345451 0.393121 0.465776 1.01667 0.339727 0.459992 0.317804 0.423629 0.388346 0.319283 0.366057 0.415917 0.466986 0.707616 0.304933 0.416258 0.348553 1.04975 0.7058 0.389919 0.320685 0.34321 0.434733 0.415417 0.935319 0.548852 0.420061 0.418057 0.402321 0.381935 1.45133 0.453892 1.48551 0.550577 0.665435 0.435034 0.541422 0.415982 0.630453 0.39147 0.98595 0.418601 0.46849 0.419534 1.5292 1.4585 0.31651 0.917127 0.432961 0.392511 0.421178 0.408201 0.422238 0.447008 0.905732 0.395911 0.338593 0.586384 0.441207 0.379868 0.373464 1.60648 0.321944 0.381537 0.534147 0.417266 1.44894 0.33796 0.393577 0.413617 0.958967 0.953365 0.464915 0.344133 0.378356 0.308339 0.30842 0.331971 0.360291 0.315164 0.312246 0.531204 0.419281 0.719409 0.924824 0.335302 0.62929 0.401848 0.407728 0.952 0.434633 0.33449 0.349609 0.414971 0.397145 0.420898 0.345072 0.72059 0.542744 0.452129 0.310587 0.37212 0.498251 0.954796 0.369453 0.391891 0.315738 0.328079 1.25172 0.32922 0.317147 0.405152 0.300086 1.44838 0.378211 0.370342 0.719247 0.403965 0.549736 0.419787 0.355512 0.470475 0.341346 0.423938 0.471113 0.419242 0.305492 0.339048 0.344299 0.918764 0.393267 0.40323 0.42222 0.392908 0.501725 0.471606 0.41513 0.400627 0.409819 0.431696 0.416954 0.363826 0.919889 0.377165 0.337465 0.900884 0.39884 1.05005 0.531887 0.410967 0.445056 0.464658 0.541097 0.389189 0.381347 0.370471 0.307933 0.45462 0.334762 0.920461 0.313022 0.36732 0.343548 0.910578 0.920611 0.363484 0.392554 0.402547 0.349224 0.339465 0.321138 0.341342 0.340052 0.443549 0.379114 0.711512 0.36465 0.403558 0.452119 0.412776 0.708663 1.42784 0.558948 0.541764 0.353742 0.395484 0.443429 0.53215 0.927353 0.443244 0.324933 0.560549 0.420084 1.05483 0.42689 0.530397 0.393981 0.402744 0.313723 0.40889 0.441399 0.545582 0.368363 0.335596 0.931835 0.686696 0.669446 0.469403 0.537599 0.329165 0.472543 0.467319 0.369668 0.394039 0.392139 0.901021 0.900957 0.936463 0.355686 0.36333 0.373322 1.48051 0.574258 0.334109 0.353507 1.32523 0.365412 0.547426 0.900217 0.53994 0.534592 0.396539 0.139997 0.649996 0.295304 0.335913 0.539694 0.430559 0.356171 0.468779 0.453709 0.542476 0.974109 0.442834 0.412768 0.397917 0.417575 0.471885 0.387854 0.904526 0.534077 0.402718 0.391136 0.330673 0.390766 0.520376 0.361149 0.294384 0.475892 0.954993 0.365067 0.400126 0.388821 0.404362 0.316102 0.386658 0.65348 0.45165 0.52806 0.719638 0.356108 0.402525 0.466769 0.462689 0.592503 1.11798 0.468868 0.72102 0.396085 0.545124 0.444522 0.45773 0.948397 0.466173 0.534048 0.468401 0.539967 0.645414 1.02365 0.535949 0.470803 0.392669 0.417991 1.65667 0.625212 0.342361 0.347248 0.639314 0.466111 0.339108 0.54446 0.397127 0.428575 0.36848 0.70967 0.915387 0.451889 0.549834 0.419198 0.355192 0.316107 0.371432 0.933067 0.388462 0.406924 0.594067 0.37235 0.621529 0.420957 0.397956 0.358129 0.327017 0.574501 0.33116 0.325972 0.396164 0.396284 0.405631 0.334724 0.920297 0.706458 0.418117 0.398178 0.332412 1.21533 1.05606 0.556434 0.546133 0.287946 0.364623 0.355144 0.43643 0.544344 0.315471 0.419289 0.406392 0.390034 1.63149 0.478866 0.408313 0.332904 0.367604 0.284176 0.40713 0.344671 0.549922 0.291801 0.439179 0.338339 0.380295 0.36304 0.539913 0.917011 0.706068 0.712132 0.390951 0.383761 0.392785 0.467374 0.368844 0.446658 0.598961 0.437907 0.372342 0.345116 0.331078 0.437857 0.434777 0.710341 0.395573 0.389992 0.627824 0.345749 0.718346 0.46954 0.417826 0.367791 0.362291 0.402308 0.475389 0.40186 0.53233 0.390262 0.66849 0.382147 0.547309 0.320848 0.540049 0.398266 0.305228 0.540744 0.401807 0.413321 0.339308 0.421224 0.44305 0.359621 0.394204 0.463252 1.31064 0.545881 0.419427 0.309869 0.431948 0.650184 0.417361 0.415234 0.468109 0.336949 0.536885 0.327837 0.394521 0.474796 0.703622 0.351537 0.471578 0.433017 0.37327 0.921679 0.356523 0.431284 1.01786 0.374268 0.336449 0.394977 0.417653 0.52762 0.540543 0.309834 0.539971
Testing:
Lab Growth Rates:
0.3
Dot Production Prediction of Lab Growth Rates:
0.413353
Best performance so far: 
Obj: 4.64818e-310Rho: 2.26291e-314Diff: 4.64818e-310
Anneal again with the best G and E so far as input
Cycle 2Round 1
Iter 500000 pBad 0.803415 T 0.00105163 Obj 1.0548 Rho 0 GRdif 31.3715 success 110393 failure 11266 obj_new 1.0548 SA_pAcc 1 Delta 0.0695711 SA_r 0.738406 freedomratio 0.265104
Iter 1000000 pBad 0.74496 T 0.000283118 Obj 1.03617 Rho 0 GRdif 20.8937 success 217539 failure 30789 obj_new 1.03617 SA_pAcc 0.970149 Delta 0.0650114 SA_r 0.96307 freedomratio 0.260062
Iter 1500000 pBad 0.615534 T 7.62202e-05 Obj 1.02839 Rho 0 GRdif 16.4599 success 321646 failure 57233 obj_new 1.02839 SA_pAcc 1 Delta 0.00951245 SA_r 0.495633 freedomratio 0.259031
Iter 2000000 pBad 0.569002 T 2.05198e-05 Obj 1.02144 Rho 0 GRdif 12.4722 success 422196 failure 92274 obj_new 1.02144 SA_pAcc 0.794036 Delta -0.0274585 SA_r 0.58464 freedomratio 0.259145
Iter 2500000 pBad 0.451972 T 5.52429e-06 Obj 1.01715 Rho 0 GRdif 10.0001 success 520858 failure 132605 obj_new 1.01715 SA_pAcc 1.0652 Delta 0.00675668 SA_r 0.0758235 freedomratio 0.256881
Iter 3000000 pBad 0.292634 T 1.48723e-06 Obj 1.01226 Rho 0 GRdif 7.16729 success 614566 failure 184040 obj_new 1.01226 SA_pAcc 1 Delta -0.0208464 SA_r 0.928128 freedomratio 0.244085
Iter 3500000 pBad 0.204991 T 4.00389e-07 Obj 1.00973 Rho 0 GRdif 5.69124 success 697113 failure 262735 obj_new 1.00973 SA_pAcc 0.417328 Delta -0.0178296 SA_r 0.478586 freedomratio 0.238636
Iter 4000000 pBad 0.104883 T 1.07792e-07 Obj 1.0086 Rho 0 GRdif 5.03547 success 759117 failure 391676 obj_new 1.0086 SA_pAcc 0.324418 Delta -0.0037557 SA_r 0.0677499 freedomratio 0.214599
Iter 4500000 pBad 0.056289 T 2.90194e-08 Obj 1.0081 Rho 0 GRdif 4.74187 success 801967 failure 584108 obj_new 1.0081 SA_pAcc 1 Delta -0.00132667 SA_r 0.306003 freedomratio 0.186548
Iter 5000000 pBad 0.0185644 T 7.81252e-09 Obj 1.00784 Rho 0 GRdif 4.59446 success 833286 failure 834755 obj_new 1.00784 SA_pAcc 1.54401e-182 Delta 0.000746604 SA_r 0.273056 freedomratio 0.165494
Iter 5500000 pBad 0.0125033 T 2.10327e-09 Obj 1.00776 Rho 0 GRdif 4.57167 success 851056 failure 1142507 obj_new 1.00781 SA_pAcc 0 Delta 0.000873937 SA_r 0.397016 freedomratio 0.152886
Iter 6000000 pBad 0.00544015 T 5.66236e-10 Obj 1.00773 Rho 0 GRdif 4.52816 success 862299 failure 1484381 obj_new 1.00773 SA_pAcc 1.47726e-321 Delta 0.000291891 SA_r 0.495685 freedomratio 0.146927
Iter 6500000 pBad 0.00390274 T 1.5244e-10 Obj 1.00772 Rho 0 GRdif 4.52077 success 869928 failure 1845589 obj_new 1.00772 SA_pAcc 0 Delta -0.000376166 SA_r 0.94024 freedomratio 0.14227
Iter 7000000 pBad 0.00218715 T 4.10396e-11 Obj 1.00771 Rho 0 GRdif 4.51626 success 876451 failure 2224367 obj_new 1.00771 SA_pAcc 0 Delta -3.33323e-05 SA_r 0.889131 freedomratio 0.137769
Iter 7500000 pBad 0.00125648 T 1.10486e-11 Obj 1.00771 Rho 0 GRdif 4.57172 success 881178 failure 2613290 obj_new 1.00781 SA_pAcc 0 Delta 3.20763e-05 SA_r 0.0236491 freedomratio 0.135797
Iter 8000000 pBad 0.000632853 T 2.97447e-12 Obj 1.0077 Rho 0 GRdif 4.51176 success 889057 failure 3006834 obj_new 1.0077 SA_pAcc 1 Delta -5.90826e-05 SA_r 0.2279 freedomratio 0.132403
Iter 8500000 pBad 0.000712889 T 8.00778e-13 Obj 1.0077 Rho 0 GRdif 4.5107 success 898626 failure 3410342 obj_new 1.0077 SA_pAcc 0 Delta 3.74659e-05 SA_r 0.170744 freedomratio 0.130088
Iter 9000000 pBad 6.63209e-35 T 2.15583e-13 Obj 1.0077 Rho 0 GRdif 4.5113 success 900056 failure 3774437 obj_new 1.0077 SA_pAcc 0 Delta 4.47782e-36 SA_r 0.0635332 freedomratio 0.12816
Iter 9500000 pBad 2.30641e-119 T 5.80388e-14 Obj 1.0077 Rho 0 GRdif 4.56539 success 900056 failure 4127371 obj_new 1.00779 SA_pAcc 0 Delta 3.62841e-121 SA_r 0.184455 freedomratio 0.126452
Good enough
iter 8.62897e+06 obj1.0077 rho 0 GRdif 4.51053
Training:
Lab Growth Rates:
1.42 0.55 0.45 0.47 0.39 0.56 0.59 0.4 0.59 0.45 0.47 0.51 0.52 0.54 1.345 0.377 0.71 0.4 0.68 0.42 0.26 0.1 1.66 0.37 1.345 0.47 0.58 0.5 0.635 0.7 1.46 0.37 0.54 0.55 0.4 0.19 0.33 0.56 0.32 0.301 0.485 0.3 0.5 0.7 0.47 0.4 1.03 0.09 0.4 0.686 0.55 0.19 0.45 0.5 0.4 0.4 0.4 0.901 0.485 0.56 0.1 0.2 0.686 1.345 0.38 0.56 0.4 0.25 0.65 0.47 0.4 0.71 0.11 0.23 0.4 0.58 1.4 0.22 0.54 0.33 0.43 0.37 0.56 1.67 0.59 0.54 0.46 0.901 0.14 0.724 0.52 0.34 0.56 0.41 0.56 0.59 0.34 0.4 0.43 0.5 0.2 0.58 0.5 0.31 0.3 0.901 0.4 0.47 0.48 0.54 0.56 0.5 0.46 0.4 1.483 0.58 0.46 1.38 0.4 0.46 1.483 0.58 0.27 1.483 0.45 0.23 0.37 0.45 0.31 0.4 0.5 0.55 0.6 1.05 0.54 0.47 0.5 0.476 0.55 0.6 1.49 0.4 0.5 0.47 0.53 0.4 0.4 0.5 0.45 0.481 0.58 1.46 0.47 0.46 0.48 0.46 0.52 0.36 0.36 0.4 0.68 0.1 0.42 0.37 0.59 0.1 0.648 0.49 0.42 0.42 0.23 0.4 1.345 0.54 0.4 0.4 0.4 0.47 0.45 0.54 0.45 0.25 0.65 0.53 0.56 0.4 0.65 0.53 1.345 0.4 0.5 0.4 1.44 0.45 0.38 1.483 0.47 0.377 0.4 0.43 0.4 0.46 0.762 0.58 0.59 0.42 0.54 0.5 0.33 1.46 0.54 0.47 0.53 0.4 0.45 0.42 0.485 0.4 1.345 1.483 0.58 0.59 0.43 0.33 0.3 0.45 0.43 0.34 0.58 0.23 0.4 0.636 1.483 0.39 0.65 0.4 0.37 1.345 0.23 0.48 0.47 0.37 0.43 0.4 0.19 0.686 0.53 0.55 0.5 0.46 0.53 1.345 0.33 0.41 0.38 0.32 0.1 0.36 0.33 0.53 0.3 0.45 0.47 0.52 0.724 0.4 0.59 0.4 0.52 0.56 0.42 0.43 0.22 0.4 0.42 0.48 0.42 1.483 0.41 0.4 0.3 0.22 0.46 0.68 0.37 0.54 0.4 0.3 0.4 0.27 1.248 0.54 0.42 0.762 0.5 1.05 0.53 0.4 0.09 0.26 0.23 0.41 0.27 0.11 0.48 0.58 0.42 1.345 0.39 0.39 0.53 1.483 1.248 0.41 0.481 0.54 0.54 0.32 0.41 0.42 0.42 0.43 0.27 0.635 0.47 0.45 0.3 0.51 0.648 1.67 0.31 0.54 0.36 0.476 0.55 0.5 1.248 0.17 0.59 0.5 0.4 1.05 0.36 0.53 0.481 0.46 0.5 0.45 0.46 0.59 0.25 0.45 1.483 0.25 0.7 0.5 0.56 0.17 0.5 0.43 0.43 0.59 0.54 0.901 0.901 1.483 0.25 0.47 0.52 0.25 0.42 0.53 0.42 1.43 0.2 0.59 0.901 0.56 0.56 0.45 0.14 0.65 0.48 0.11 0.59 0.37 0.47 0.46 0.54 0.5 1.345 0.37 0.4 0.54 0.37 0.56 0.52 1.345 0.46 0.4 0.52 0.4 0.301 0.46 0.46 0.59 0.22 1.483 0.36 0.47 0.54 0.4 0.39 0.41 0.65 0.47 0.5 0.724 0.52 0.47 0.46 0.56 0.27 0.1 0.68 0.71 0.52 0.55 0.55 0.46 1.483 0.56 0.53 0.68 0.23 0.65 1.05 0.53 0.58 0.41 0.4 1.66 0.5 0.58 0.27 0.65 0.5 0.33 0.54 0.37 0.37 0.43 0.648 0.762 0.1 0.59 0.4 0.58 0.48 0.49 1.345 0.52 0.4 0.5 0.47 0.5 0.4 0.42 0.54 0.17 0.42 0.38 0.46 0.465 0.476 0.4 0.3 1.248 0.637 0.4 0.4 0.5 1.35 0.1 0.5 0.37 0.46 0.53 0.26 0.6 0.56 0.48 0.3 0.4 0.52 1.05 0.47 0.36 0.36 0.58 0.53 0.4 0.47 0.55 0.3 0.43 0.39 0.45 0.58 0.54 0.762 0.637 0.635 0.301 0.3 0.37 0.58 0.49 0.55 0.617 0.22 0.54 0.45 0.45 0.33 0.54 0.636 0.465 0.47 0.5 0.54 0.636 0.58 0.3 0.58 0.25 0.4 0.22 0.4 0.5 0.377 0.7 0.41 0.5 0.5 0.5 0.54 0.46 0.23 0.4 0.4 0.09 0.37 0.54 0.48 0.465 0.58 1.43 0.56 0.4 0.58 0.46 0.65 0.4 0.4 0.58 0.3 0.23 0.5 0.51 0.22 0.637 0.36 0.33 0.6 0.38 1.248 0.22 0.55 1.46 0.1 0.42 0.485 0.4 0.5 0.59 0.25 0.54
Dot Production Prediction of Lab Growth Rates:
1.49663 0.549774 0.350476 0.382695 0.300114 0.532607 0.320941 0.40045 0.545046 0.381642 0.334758 0.418397 0.349212 0.452378 1.28945 0.460699 0.710221 0.389659 0.415205 0.364984 0.54597 0.436192 1.56914 0.421754 1.30028 0.337808 0.47577 0.361959 0.706765 0.766528 1.03 0.291915 0.288384 0.546484 0.404792 0.295242 0.363608 0.538424 0.292564 0.461942 0.454468 0.619292 0.549613 0.771953 0.373084 0.389501 1.26221 0.374863 0.397165 0.719058 0.546318 0.307262 0.302521 0.784586 0.398718 0.401874 0.392239 0.947353 0.466788 0.546301 1.39404 0.378661 0.718732 1.3276 0.372458 0.477203 0.400603 0.462089 0.705769 0.491428 0.389699 0.719653 0.377629 0.422471 0.310189 0.372981 1.39955 0.463706 0.545303 0.489398 0.368016 0.417524 0.545697 1.46465 0.339698 0.369117 0.459775 0.944763 0.140168 0.714851 0.375213 0.314875 0.475415 0.356992 0.540039 0.308214 0.334253 0.401491 0.407124 0.47531 0.389916 0.487607 0.474469 0.520456 0.373236 1.03062 0.401504 0.378395 0.337177 0.378472 0.533699 0.369067 0.476323 0.401889 1.33327 0.482808 0.350378 1.26329 0.404237 0.418215 1.28222 0.483977 0.269605 1.29788 1.49333 0.535775 0.419201 1.49734 0.528406 0.399357 0.775139 0.552236 0.618029 1.04961 0.529155 0.453769 0.331468 0.470472 0.452415 0.604214 1.49333 0.401309 0.360316 0.378625 0.528874 0.374301 0.402449 0.326273 0.376199 0.462397 0.473612 1.04719 0.307907 0.456502 0.299722 0.402319 0.391107 0.340498 0.388117 0.398694 0.410999 0.927044 0.313878 0.40686 0.314309 1.11087 0.696488 0.399718 0.276783 0.338419 0.423127 0.396888 1.27603 0.544597 0.402857 0.40392 0.397756 0.406643 1.39732 0.472519 1.48893 0.506105 0.696747 0.408451 0.538558 0.39607 0.619715 0.372533 1.35052 0.400308 0.483672 0.403199 1.47608 1.43636 0.29778 1.26092 0.390774 0.457566 0.404155 0.395417 0.406919 0.427803 0.756617 0.37087 0.298261 0.627629 0.45117 0.402114 0.319544 1.44478 0.302528 0.403626 0.526135 0.39799 1.41845 0.315684 0.455292 0.395188 1.34456 1.30032 0.486085 0.318639 0.352227 0.29817 0.288799 0.351583 0.341603 0.345024 0.316154 0.526599 0.403184 0.718231 1.32143 0.307506 0.630263 0.399855 0.39867 1.32688 0.423239 0.334455 0.38357 0.408101 0.351838 0.405067 0.307169 0.721874 0.548079 0.445217 0.31232 0.346118 0.468421 1.34462 0.359704 0.385607 0.317046 0.332248 1.37501 0.352073 0.329654 0.420127 0.286313 1.45148 0.354384 0.367756 0.7162 0.403329 0.549383 0.40188 0.345941 0.48183 0.343788 0.391233 0.460902 0.401549 0.296704 0.356092 0.347702 1.24123 0.463909 0.400429 0.560993 0.383021 0.483456 0.415317 0.403592 0.36729 0.404184 0.591105 0.401281 0.361872 0.858945 0.353795 0.301599 0.752249 0.424499 1.04953 0.533856 0.392762 0.442016 0.420305 0.536388 0.456877 0.35556 0.353612 0.286307 0.460218 0.308024 1.28341 0.301785 0.335708 0.323285 1.27014 0.857995 0.36537 0.462597 0.381689 0.333513 0.327414 0.309075 0.336237 0.327879 0.428352 0.367448 0.705059 0.338028 0.399631 0.623365 0.392098 0.702719 1.35326 0.529738 0.545338 0.359544 0.473859 0.457028 0.528363 0.869481 0.39516 0.325978 0.750352 0.403413 1.05033 0.413477 0.531338 0.462406 0.379521 0.328952 0.390629 0.411656 0.548568 0.357307 0.354563 1.28714 0.944448 0.782364 0.485507 0.53195 0.264105 0.490016 0.390233 0.346159 0.325537 0.350042 0.943496 0.766826 1.33467 0.371849 0.368371 0.357923 1.4695 0.601965 0.32497 0.368927 1.24048 0.358673 0.549828 0.938662 0.541115 0.525301 0.401625 0.139945 0.671995 0.295367 0.338386 0.548649 0.419775 0.342659 0.476263 0.460147 0.536024 1.34462 0.425854 0.395004 0.36967 0.411473 0.482009 0.341197 1.25794 0.510914 0.394726 0.382625 0.300432 0.461358 0.508336 0.317614 0.31772 0.472697 1.314 0.36221 0.386439 0.359441 0.398396 0.323191 0.385951 0.649451 0.405224 0.730239 0.716963 0.351595 0.381521 0.467164 0.47676 0.556934 1.26441 0.416808 0.715 0.367509 0.545824 0.44491 0.45367 1.31725 0.474492 0.528392 0.412921 0.543544 0.65189 1.04962 0.505461 0.485487 0.46342 0.399699 1.61468 0.752025 0.35819 0.33478 0.640014 0.481516 0.307847 0.553396 0.390354 0.420609 0.360025 0.700713 0.76176 0.445957 0.546957 0.402388 0.393106 0.281608 0.382281 1.32654 0.35472 0.393526 0.760539 0.3481 0.743013 0.404621 0.400427 0.381515 0.280697 0.601387 0.302945 0.320051 0.47215 0.47231 0.385683 0.474908 0.863027 0.700796 0.401187 0.393197 0.342819 1.12436 1.10407 0.701946 0.49913 0.277078 0.362748 0.403398 0.597373 0.543836 0.305769 0.552901 0.388239 0.37738 1.41038 0.477139 0.407177 0.321686 0.375586 0.274973 0.394964 0.373165 0.554537 0.284549 0.383383 0.303011 0.376406 0.347877 0.543367 0.762263 0.700487 0.707685 0.459802 0.528166 0.401743 0.483371 0.379235 0.450331 0.534949 0.413106 0.382735 0.330786 0.31595 0.429096 0.449138 0.704395 0.470906 0.369494 0.787241 0.34324 0.714452 0.483959 0.394777 0.333598 0.367518 0.401555 0.47351 0.394599 0.529722 0.461111 0.768808 0.359396 0.680059 0.32619 0.551238 0.366124 0.29908 0.537832 0.399158 0.395013 0.349289 0.411616 0.467559 0.356692 0.468983 0.47448 1.21317 0.548132 0.402369 0.290961 0.377596 0.649649 0.400261 0.395901 0.47942 0.326327 0.529814 0.334819 0.38296 0.465461 0.696504 0.347874 0.455001 0.590671 0.371679 0.86481 0.342814 0.440099 1.04041 0.315179 0.347347 0.468203 0.398378 0.731987 0.545648 0.305672 0.534573
Testing:
Lab Growth Rates:
0.3
Dot Production Prediction of Lab Growth Rates:
0.55652
Best performance so far: 
Obj: 4.64818e-310Rho: 6.5069e-314Diff: 4.64818e-310
Test:
 Lab Growth Rates:
0.3Dot Product Prediction of Growth Rate:
0.5565202