seed =  5 traits =  1 
Training: part  144 
Training: part  144 
Round  1 
 Goal of obj  0.99 
Temperature range:  0.0078125 1.5625e-13 
Cycle 1Round 1
Iter 500000 pBad 0.912386 T 0.00227952 Obj 1.15671 Rho 0 GRdif 85.3105 success 144901 failure 4596 obj_new 1.15671 SA_pAcc 1.13482 Delta 0.0233786 SA_r 0.46888 freedomratio 0.370886
Iter 1000000 pBad 0.806196 T 0.000665111 Obj 1.06245 Rho 0 GRdif 35.4992 success 288756 failure 20102 obj_new 1.06245 SA_pAcc 1 Delta 0.0470716 SA_r 0.48956 freedomratio 0.362848
Iter 1500000 pBad 0.737052 T 0.000194064 Obj 1.03262 Rho 0 GRdif 18.8088 success 429861 failure 43408 obj_new 1.03262 SA_pAcc 0.811443 Delta 0.0693779 SA_r 0.683704 freedomratio 0.363298
Iter 2000000 pBad 0.6511 T 5.66236e-05 Obj 1.02176 Rho 0 GRdif 12.614 success 567969 failure 72473 obj_new 1.02176 SA_pAcc 1 Delta -0.00632431 SA_r 0.409792 freedomratio 0.3528
Iter 2500000 pBad 0.580691 T 1.65215e-05 Obj 1.01697 Rho 0 GRdif 9.85866 success 702396 failure 108036 obj_new 1.01697 SA_pAcc 1 Delta 0.00963137 SA_r 0.660572 freedomratio 0.358191
Iter 3000000 pBad 0.475337 T 4.82059e-06 Obj 1.01383 Rho 0 GRdif 8.0494 success 832450 failure 151129 obj_new 1.01383 SA_pAcc 0.986195 Delta -0.0456787 SA_r 0.705154 freedomratio 0.357535
Iter 3500000 pBad 0.306243 T 1.40654e-06 Obj 1.01166 Rho 0 GRdif 6.79035 success 946126 failure 227158 obj_new 1.01166 SA_pAcc 1 Delta -0.010498 SA_r 0.455396 freedomratio 0.34269
Iter 4000000 pBad 0.139877 T 4.10396e-07 Obj 1.01064 Rho 0 GRdif 6.20501 success 1030140 failure 365087 obj_new 1.01065 SA_pAcc 0.142679 Delta 0.00806408 SA_r 0.868317 freedomratio 0.316415
Iter 4500000 pBad 0.0612404 T 1.19744e-07 Obj 1.00999 Rho 0 GRdif 5.82738 success 1086341 failure 566162 obj_new 1.00999 SA_pAcc 0.0371274 Delta 0.000528025 SA_r 0.590977 freedomratio 0.26758
Iter 5000000 pBad 0.0475053 T 3.49386e-08 Obj 1.00978 Rho 0 GRdif 5.70312 success 1121761 failure 825834 obj_new 1.00978 SA_pAcc 0.498388 Delta 0.00209094 SA_r 0.872526 freedomratio 0.239673
Iter 5500000 pBad 0.0163201 T 1.01943e-08 Obj 1.00965 Rho 0 GRdif 5.62805 success 1142683 failure 1130992 obj_new 1.00965 SA_pAcc 5.20983e-14 Delta -0.000892733 SA_r 0.361189 freedomratio 0.216876
Iter 6000000 pBad 0.00802264 T 2.97447e-09 Obj 1.00959 Rho 0 GRdif 5.59422 success 1153251 failure 1471559 obj_new 1.00959 SA_pAcc 1.44345e-18 Delta 0.000673901 SA_r 0.208997 freedomratio 0.209211
Iter 6500000 pBad 0.00653187 T 8.67882e-10 Obj 1.00957 Rho 0 GRdif 5.58351 success 1159806 failure 1826940 obj_new 1.00957 SA_pAcc 0 Delta -0.000582037 SA_r 0.200828 freedomratio 0.204752
Iter 7000000 pBad 0.00177369 T 2.53228e-10 Obj 1.00955 Rho 0 GRdif 5.57496 success 1163811 failure 2192593 obj_new 1.00956 SA_pAcc 0 Delta -0.000149222 SA_r 0.42546 freedomratio 0.200479
Iter 7500000 pBad 0.00122427 T 7.38862e-11 Obj 1.00955 Rho 0 GRdif 5.57874 success 1166907 failure 2565046 obj_new 1.00957 SA_pAcc 0 Delta -7.69884e-05 SA_r 0.697446 freedomratio 0.19579
Iter 8000000 pBad 0.000391796 T 2.15583e-11 Obj 1.00954 Rho 0 GRdif 5.5662 success 1168799 failure 2943864 obj_new 1.00954 SA_pAcc 1 Delta -3.14621e-05 SA_r 0.198314 freedomratio 0.193976
Iter 8500000 pBad 0.000764072 T 6.29023e-12 Obj 1.00954 Rho 0 GRdif 5.60983 success 1170469 failure 3325734 obj_new 1.00962 SA_pAcc 0 Delta 4.68319e-06 SA_r 0.309545 freedomratio 0.190507
Iter 9000000 pBad 0.000265412 T 1.83535e-12 Obj 1.00954 Rho 0 GRdif 5.56481 success 1172574 failure 3711528 obj_new 1.00954 SA_pAcc 0 Delta -2.40347e-05 SA_r 0.638986 freedomratio 0.188971
Iter 9500000 pBad 5.70145e-57 T 5.35512e-13 Obj 1.00954 Rho 0 GRdif 5.58141 success 1175670 failure 4051702 obj_new 1.00957 SA_pAcc 0 Delta 8.0971e-59 SA_r 0.234279 freedomratio 0.177253
Iter 10000000 pBad 8.24559e-53 T 1.5625e-13 Obj 1.00954 Rho 0 GRdif 5.56336 success 1175670 failure 4353769 obj_new 1.00954 SA_pAcc 1 Delta -6.32608e-54 SA_r 0.737 freedomratio 0.176879
Cannot move further
iter 9.34683e+06 obj1.00954 rho 0 GRdif 5.56336
Training:
Lab Growth Rates:
0.4 0.33 0.5 0.43 0.48 0.31 0.46 0.56 0.465 0.37 0.4 0.36 0.5 0.65 0.45 0.54 0.41 0.48 0.1 0.4 0.53 0.22 0.59 0.23 0.25 0.901 0.46 0.47 0.54 0.53 0.648 0.901 0.59 0.5 0.19 0.42 0.11 0.1 0.724 1.345 0.46 0.4 0.54 0.54 1.345 0.4 0.4 0.39 0.5 0.54 0.485 0.4 0.7 0.37 0.59 0.4 1.03 1.345 0.25 0.58 1.345 0.47 0.4 0.54 0.52 0.27 0.46 0.4 0.45 0.52 0.49 0.54 0.47 0.637 0.48 0.4 0.1 0.4 0.58 0.45 0.55 0.3 0.45 0.41 0.42 1.483 1.43 0.901 0.6 0.23 0.301 0.52 0.65 0.648 0.25 0.41 1.42 0.45 0.4 0.485 0.68 0.43 0.65 0.4 0.65 0.54 0.55 0.3 0.4 1.4 0.3 0.42 0.4 0.33 0.59 0.39 0.58 0.36 0.55 0.56 0.36 0.43 0.3 0.4 0.46 0.5 0.4 0.38 1.345 0.47 1.483 0.46 0.37 0.301 0.4 0.37 0.686 0.4 0.4 0.37 0.58 0.58 0.55 0.54 0.476 0.45 0.4 0.33 0.26 0.27 0.377 0.56 0.33 0.5 0.43 0.42 1.345 0.42 0.636 0.485 0.22 0.42 0.4 0.26 0.42 1.05 0.4 0.2 0.33 0.53 0.485 0.3 0.56 0.27 0.5 0.46 0.17 1.35 0.22 0.53 0.3 0.5 0.39 0.68 0.36 0.58 0.54 0.47 0.637 0.59 0.901 0.54 0.43 0.47 0.4 0.25 0.1 0.19 0.54 0.46 0.686 0.43 0.58 0.11 0.37 0.4 0.56 0.47 1.46 0.4 0.14 0.5 0.42 0.19 0.2 0.4 0.39 0.23 0.09 1.483 0.59 0.54 0.3 0.42 0.17 0.41 0.25 0.4 0.4 0.55 0.37 0.42 1.483 0.4 0.39 0.3 0.37 0.42 0.54 0.56 0.4 0.47 0.65 0.45 0.4 0.45 0.5 0.5 0.56 0.52 0.5 0.617 1.483 0.635 0.37 0.59 0.54 0.22 0.58 0.52 0.5 1.46 0.23 0.45 0.46 0.68 0.4 0.52 0.3 0.6 0.42 0.59 0.22 0.46 0.38 0.636 0.58 0.42 0.58 0.31 1.05 0.6 0.22 0.6 0.4 0.45 0.762 0.47 0.46 0.46 0.56 0.4 0.762 0.481 0.53 0.11 0.46 0.47 0.47 0.53 0.58 0.32 0.54 0.5 0.45 0.37 0.4 0.56 0.58 0.45 0.48 0.3 0.37 0.46 0.3 0.53 0.5 0.4 0.58 0.4 0.476 0.55 0.59 0.45 0.47 1.483 0.45 0.55 0.5 0.56 0.54 0.636 0.41 0.25 0.3 0.56 0.377 0.46 0.58 0.58 0.37 0.59 0.5 0.301 1.49 0.5 0.59 0.56 0.58 0.4 0.58 0.4 1.248 0.55 0.56 0.47 0.762 0.25 0.41 0.476 0.5 0.51 0.1 0.36 1.05 0.46 0.56 0.686 0.56 0.54 0.4 0.33 0.901 0.45 0.42 0.42 0.55 0.648 0.22 0.54 0.52 0.53 0.65 0.635 0.27 1.38 1.67 0.52 0.17 0.09 1.46 0.27 0.46 0.47 0.42 0.38 0.48 0.58 0.25 0.465 1.05 0.37 0.3 0.47 0.54 1.248 0.5 0.5 0.56 0.36 1.248 0.481 0.901 0.23 1.345 0.14 0.4 0.58 0.33 0.65 0.53 1.345 0.3 0.71 0.45 0.34 0.23 0.1 0.7 0.762 0.52 0.4 0.5 0.43 0.68 0.53 0.58 1.345 1.44 0.1 0.1 0.51 0.37 0.34 0.33 0.37 0.36 1.66 0.36 0.31 0.4 0.46 0.71 0.26 0.22 0.34 0.27 0.23 0.49 0.38 0.4 0.46 0.4 0.43 0.635 0.48 0.5 0.4 0.65 0.54 0.4 0.4 1.248 0.49 0.54 0.47 0.5 0.5 0.55 0.5 1.483 0.56 0.5 0.47 0.5 0.724 0.53 0.32 1.43 0.47 0.45 0.56 0.46 0.09 1.46 0.4 1.05 0.59 0.43 0.52 0.47 0.32 0.59 1.66 0.637 0.36 0.54 1.483 0.59 0.481 0.42 0.724 0.43 0.52 0.54 0.4 0.4 0.47 0.5 0.4 0.4 0.45 0.47 0.58 0.43 0.47 0.48 0.54 0.45 0.2 0.43 0.48 0.7 0.54 0.37 0.41 1.345 0.41 0.54 1.483 0.59 0.33 0.23 0.4 0.4 1.483 0.5 0.54 0.5 0.5 0.48 0.4 0.55 0.51 0.71 0.65 0.47 1.67 1.248 1.483 1.345 0.23 0.52 0.377 0.4 0.7 0.53 0.59 0.46 0.5 0.68 0.39 0.1 1.345 0.4 0.38 0.465 0.4 1.483 0.41 0.47 0.42 0.4 0.4 0.5 0.55
Dot Production Prediction of Lab Growth Rates:
0.412543 0.327025 0.555093 0.366289 0.301666 0.506952 0.358805 0.53127 0.57655 0.432106 0.416349 0.368641 0.475827 0.649998 0.415505 0.389143 0.354342 0.347061 0.426075 0.414121 0.548055 0.477548 0.333334 0.547993 0.313272 1.25419 0.496118 0.374735 0.318738 0.454971 0.682458 0.901 0.344667 0.402261 0.343936 0.326165 0.351697 0.693662 0.688902 0.916784 0.419162 0.416064 0.394859 0.368701 0.859442 0.416306 0.403159 0.317079 0.598406 0.331077 0.580225 0.397715 0.635615 0.510752 0.325669 0.416285 1.36989 0.87746 0.370634 0.328795 0.886778 0.357974 0.417203 0.378334 0.365476 0.552762 0.435749 0.399537 1.48891 0.386592 0.368871 0.356296 0.396486 0.684355 0.324346 0.341802 1.27172 0.416339 0.474798 1.55346 0.548359 0.374768 0.350734 0.58868 0.350349 0.890118 1.34157 0.903891 0.390113 0.448392 0.599217 0.374651 0.632654 0.680525 0.370042 0.368805 1.54024 1.54586 0.394208 0.576935 0.394131 0.375009 0.652569 0.416434 0.637648 0.458931 0.445427 0.289719 0.417949 1.44319 0.368672 0.537411 0.40608 0.340105 0.367357 0.36216 0.461157 0.359317 0.551952 0.541591 0.374389 0.406763 0.296965 0.408001 0.402817 0.524892 0.420071 0.381185 0.891738 0.438237 0.864545 0.33713 0.381248 0.59761 0.403865 0.404011 0.688237 0.411961 0.412914 0.379921 0.369742 0.461143 0.55518 0.438694 0.583546 0.349966 0.402538 0.374701 0.521065 0.307849 0.592127 0.539483 0.330761 0.339998 0.398421 0.518063 0.885479 0.347097 0.690022 0.577499 0.486544 0.338816 0.402862 0.343312 0.53183 1.65218 0.399991 0.410274 0.375414 0.495308 0.577971 0.347065 0.47286 0.346611 0.593837 0.295768 0.33099 1.26024 0.423845 0.295973 0.350139 0.47208 0.323864 0.389908 0.350891 0.469794 0.459209 0.367818 0.680837 0.342166 0.90061 0.359385 0.410376 0.436707 0.411899 0.486841 0.355581 0.357338 0.536159 0.457923 0.68967 0.378189 0.472866 0.386118 0.440471 0.41462 0.542821 0.364999 1.60083 0.416286 0.177931 0.541412 0.345166 0.347681 0.355653 0.416394 0.3451 0.447138 0.346643 0.854589 0.546977 0.393511 0.367339 0.362282 0.421189 0.587708 0.514622 0.39947 0.406943 0.457998 0.430216 0.354474 0.858509 0.402521 0.29901 0.295698 0.422514 0.306764 0.439807 0.461345 0.414055 0.441912 0.636849 0.420336 0.410058 0.335036 0.326839 0.332332 0.462017 0.395428 0.543582 0.652633 0.86684 0.683153 0.436277 0.55103 0.40116 0.486204 0.351099 0.399229 0.500188 1.00837 0.544536 0.339361 0.3651 0.39168 0.416845 0.355769 0.361927 0.373102 0.32012 0.542575 0.48826 0.300906 0.337148 0.684388 0.471647 0.367232 0.377373 0.501527 1.05244 0.376881 0.392379 0.380135 0.403231 0.388305 1.42179 0.341139 0.41677 0.404026 0.547687 0.386962 1.42928 0.578844 0.35439 0.390477 0.506289 0.427001 0.397286 0.416686 0.350754 0.336749 0.532789 0.366101 0.3235 0.437079 0.400283 0.544325 0.364727 0.393343 0.331885 0.390503 0.422331 0.464026 0.413451 0.527266 0.481018 0.400357 0.369263 0.415937 0.581456 0.459062 0.551123 0.384557 0.377834 0.844826 1.47822 0.550005 0.545993 0.538123 0.362915 0.689923 0.396481 1.51821 0.38403 0.527313 0.591367 0.460012 0.461976 0.458271 0.433319 0.31253 0.475198 0.597039 1.55346 0.514317 0.340974 0.543949 0.474368 0.415443 0.393062 0.400011 1.25219 0.455811 0.475102 0.374931 1.4073 0.669594 0.389398 0.58328 0.537497 0.412374 1.15984 0.362577 1.05 0.389691 0.471972 0.688943 0.538165 0.537706 0.419029 0.478071 0.896221 1.47866 0.357891 0.345205 0.551012 0.677796 0.476229 0.384435 0.392811 0.522277 0.64907 0.684611 0.366926 1.31377 1.44528 0.39529 0.36346 0.375336 0.990821 0.385043 0.389076 0.442514 0.314522 0.318003 0.366619 0.461986 0.362084 0.583954 1.05004 0.441022 0.289171 0.365936 0.451577 1.24206 0.575447 0.312433 0.462705 0.339575 1.25494 0.576488 0.900327 0.54243 0.886464 0.176638 0.417511 0.474307 0.459599 0.658361 0.521208 0.857689 0.387217 0.684909 0.364909 0.30976 0.44635 0.422398 0.62822 1.40997 0.390753 0.415142 0.55452 0.424712 0.391099 0.550729 0.333578 0.915762 1.53856 1.40195 1.43247 0.400057 0.30955 0.316513 0.382227 0.41908 0.401841 1.66 0.409748 0.508367 0.416575 0.482812 0.687649 0.458156 0.370094 0.32714 0.385132 0.547557 0.38975 0.364501 0.329803 0.469986 0.411566 0.378981 0.684105 0.317556 0.338198 0.414578 0.662483 0.54384 0.414657 0.420218 1.24776 0.375311 0.540877 0.449684 0.570623 0.338244 0.457342 0.38266 0.877469 0.541896 0.335691 0.364969 0.466324 0.689971 0.539825 0.31181 1.36026 0.372245 1.4785 0.544749 0.456358 0.433816 1.00737 0.412784 0.992937 0.315613 0.364804 0.368415 0.389793 0.352332 0.55511 1.63597 0.683698 0.343996 0.34769 0.86465 0.544945 0.576561 0.354021 0.686879 0.409445 0.368987 0.537238 0.408045 0.399233 0.377094 0.49506 0.398424 0.405973 1.50673 0.401262 0.470707 0.379606 0.372078 0.33623 0.442088 0.39478 0.4031 0.426137 0.327911 0.628197 0.386407 0.418951 0.332575 0.864714 0.585075 0.544914 0.882021 0.550545 0.426363 0.54448 0.417927 0.415914 0.894283 0.359955 0.414761 0.467947 0.599467 0.301272 0.403856 0.550908 0.39347 0.692332 0.65852 0.398389 1.49616 1.24584 0.892905 0.892563 0.54568 0.362156 0.594444 0.399935 0.631659 0.405543 0.386875 0.467288 0.469997 0.393306 0.338515 1.14599 0.898649 0.413238 0.334769 0.581962 0.416379 0.874543 0.387979 0.387096 0.376068 0.41576 0.402636 0.378946 0.451148
Testing:
Lab Growth Rates:
0.53 0.53 0.53
Dot Production Prediction of Lab Growth Rates:
0.394035 0.369381 0.339411
Best performance so far: 
Obj: 4.66422e-310Rho: 2.26291e-314Diff: 4.66422e-310
Anneal again with the best G and E so far as input
Cycle 2Round 1
Iter 500000 pBad 0.852754 T 0.00227952 Obj 1.09071 Rho 0 GRdif 50.8842 success 115115 failure 8141 obj_new 1.09071 SA_pAcc 1 Delta 0.0500943 SA_r 0.694296 freedomratio 0.276676
Iter 1000000 pBad 0.770706 T 0.000665111 Obj 1.05303 Rho 0 GRdif 30.2823 success 227363 failure 23158 obj_new 1.05303 SA_pAcc 0.928734 Delta 0.021224 SA_r 0.722066 freedomratio 0.279314
Iter 1500000 pBad 0.720509 T 0.000194064 Obj 1.03282 Rho 0 GRdif 18.9209 success 335611 failure 46477 obj_new 1.03282 SA_pAcc 1 Delta -0.0219735 SA_r 0.186385 freedomratio 0.275895
Iter 2000000 pBad 0.577391 T 5.66236e-05 Obj 1.02595 Rho 0 GRdif 15.0139 success 442040 failure 76260 obj_new 1.02595 SA_pAcc 1.12972 Delta -0.0111095 SA_r 0.392607 freedomratio 0.266606
Iter 2500000 pBad 0.481882 T 1.65215e-05 Obj 1.02042 Rho 0 GRdif 11.8464 success 544956 failure 114482 obj_new 1.02042 SA_pAcc 1.87848 Delta -0.0260862 SA_r 0.434649 freedomratio 0.27067
Iter 3000000 pBad 0.380703 T 4.82059e-06 Obj 1.01646 Rho 0 GRdif 9.57017 success 643145 failure 159918 obj_new 1.01647 SA_pAcc 0.439129 Delta 0.0190706 SA_r 0.669189 freedomratio 0.26149
Iter 3500000 pBad 0.229882 T 1.40654e-06 Obj 1.01261 Rho 0 GRdif 7.34246 success 725893 failure 238700 obj_new 1.01261 SA_pAcc 1.28826 Delta -0.0152804 SA_r 0.482139 freedomratio 0.246945
Iter 4000000 pBad 0.191789 T 4.10396e-07 Obj 1.01041 Rho 0 GRdif 6.07128 success 796776 failure 347155 obj_new 1.01041 SA_pAcc 0.363588 Delta -0.0162343 SA_r 0.895944 freedomratio 0.245805
Iter 4500000 pBad 0.0958012 T 1.19744e-07 Obj 1.00919 Rho 0 GRdif 5.35843 success 853479 failure 493884 obj_new 1.00919 SA_pAcc 0.108533 Delta 0.00305753 SA_r 0.626496 freedomratio 0.219229
Iter 5000000 pBad 0.0621637 T 3.49386e-08 Obj 1.0084 Rho 0 GRdif 4.90255 success 904277 failure 677310 obj_new 1.0084 SA_pAcc 5.71735e-15 Delta 0.00448131 SA_r 0.705844 freedomratio 0.195398
Iter 5500000 pBad 0.016924 T 1.01943e-08 Obj 1.00814 Rho 0 GRdif 4.75179 success 933056 failure 936619 obj_new 1.00814 SA_pAcc 0.0412124 Delta -0.00105968 SA_r 0.975262 freedomratio 0.169364
Iter 6000000 pBad 0.00991418 T 2.97447e-09 Obj 1.00802 Rho 0 GRdif 4.70465 success 956902 failure 1238825 obj_new 1.00806 SA_pAcc 0 Delta 0.0006536 SA_r 0.824585 freedomratio 0.153846
Iter 6500000 pBad 0.00928468 T 8.67882e-10 Obj 1.00799 Rho 0 GRdif 4.66082 success 969698 failure 1587807 obj_new 1.00799 SA_pAcc 1 Delta -0.000871202 SA_r 0.936982 freedomratio 0.147347
Iter 7000000 pBad 0.00349176 T 2.53228e-10 Obj 1.00796 Rho 0 GRdif 4.64754 success 979952 failure 1955545 obj_new 1.00796 SA_pAcc 1.30883e-109 Delta 0.00026218 SA_r 0.417498 freedomratio 0.142788
Iter 7500000 pBad 0.000792056 T 7.38862e-11 Obj 1.00795 Rho 0 GRdif 4.63778 success 989723 failure 2336962 obj_new 1.00795 SA_pAcc 1.27079e-54 Delta -2.92291e-05 SA_r 0.0753117 freedomratio 0.139924
Iter 8000000 pBad 0.000666751 T 2.15583e-11 Obj 1.00794 Rho 0 GRdif 4.63662 success 996521 failure 2732987 obj_new 1.00794 SA_pAcc 0 Delta 2.28546e-05 SA_r 0.027274 freedomratio 0.135585
Iter 8500000 pBad 0.000768561 T 6.29023e-12 Obj 1.00794 Rho 0 GRdif 4.63222 success 1003434 failure 3135554 obj_new 1.00794 SA_pAcc 0 Delta -5.32807e-07 SA_r 0.820176 freedomratio 0.133943
Iter 9000000 pBad 3.24329e-31 T 1.83535e-12 Obj 1.00793 Rho 0 GRdif 4.63172 success 1010694 failure 3540560 obj_new 1.00794 SA_pAcc 0 Delta 1.28469e-32 SA_r 0.962403 freedomratio 0.129732
Iter 9500000 pBad 3.1321e-39 T 5.35512e-13 Obj 1.00793 Rho 0 GRdif 4.63108 success 1011974 failure 3899297 obj_new 1.00793 SA_pAcc 0 Delta 2.67221e-40 SA_r 0.907654 freedomratio 0.129761
Good enough
iter 9.13272e+06 obj1.00793 rho 0 GRdif 4.63107
Training:
Lab Growth Rates:
0.4 0.33 0.5 0.43 0.48 0.31 0.46 0.56 0.465 0.37 0.4 0.36 0.5 0.65 0.45 0.54 0.41 0.48 0.1 0.4 0.53 0.22 0.59 0.23 0.25 0.901 0.46 0.47 0.54 0.53 0.648 0.901 0.59 0.5 0.19 0.42 0.11 0.1 0.724 1.345 0.46 0.4 0.54 0.54 1.345 0.4 0.4 0.39 0.5 0.54 0.485 0.4 0.7 0.37 0.59 0.4 1.03 1.345 0.25 0.58 1.345 0.47 0.4 0.54 0.52 0.27 0.46 0.4 0.45 0.52 0.49 0.54 0.47 0.637 0.48 0.4 0.1 0.4 0.58 0.45 0.55 0.3 0.45 0.41 0.42 1.483 1.43 0.901 0.6 0.23 0.301 0.52 0.65 0.648 0.25 0.41 1.42 0.45 0.4 0.485 0.68 0.43 0.65 0.4 0.65 0.54 0.55 0.3 0.4 1.4 0.3 0.42 0.4 0.33 0.59 0.39 0.58 0.36 0.55 0.56 0.36 0.43 0.3 0.4 0.46 0.5 0.4 0.38 1.345 0.47 1.483 0.46 0.37 0.301 0.4 0.37 0.686 0.4 0.4 0.37 0.58 0.58 0.55 0.54 0.476 0.45 0.4 0.33 0.26 0.27 0.377 0.56 0.33 0.5 0.43 0.42 1.345 0.42 0.636 0.485 0.22 0.42 0.4 0.26 0.42 1.05 0.4 0.2 0.33 0.53 0.485 0.3 0.56 0.27 0.5 0.46 0.17 1.35 0.22 0.53 0.3 0.5 0.39 0.68 0.36 0.58 0.54 0.47 0.637 0.59 0.901 0.54 0.43 0.47 0.4 0.25 0.1 0.19 0.54 0.46 0.686 0.43 0.58 0.11 0.37 0.4 0.56 0.47 1.46 0.4 0.14 0.5 0.42 0.19 0.2 0.4 0.39 0.23 0.09 1.483 0.59 0.54 0.3 0.42 0.17 0.41 0.25 0.4 0.4 0.55 0.37 0.42 1.483 0.4 0.39 0.3 0.37 0.42 0.54 0.56 0.4 0.47 0.65 0.45 0.4 0.45 0.5 0.5 0.56 0.52 0.5 0.617 1.483 0.635 0.37 0.59 0.54 0.22 0.58 0.52 0.5 1.46 0.23 0.45 0.46 0.68 0.4 0.52 0.3 0.6 0.42 0.59 0.22 0.46 0.38 0.636 0.58 0.42 0.58 0.31 1.05 0.6 0.22 0.6 0.4 0.45 0.762 0.47 0.46 0.46 0.56 0.4 0.762 0.481 0.53 0.11 0.46 0.47 0.47 0.53 0.58 0.32 0.54 0.5 0.45 0.37 0.4 0.56 0.58 0.45 0.48 0.3 0.37 0.46 0.3 0.53 0.5 0.4 0.58 0.4 0.476 0.55 0.59 0.45 0.47 1.483 0.45 0.55 0.5 0.56 0.54 0.636 0.41 0.25 0.3 0.56 0.377 0.46 0.58 0.58 0.37 0.59 0.5 0.301 1.49 0.5 0.59 0.56 0.58 0.4 0.58 0.4 1.248 0.55 0.56 0.47 0.762 0.25 0.41 0.476 0.5 0.51 0.1 0.36 1.05 0.46 0.56 0.686 0.56 0.54 0.4 0.33 0.901 0.45 0.42 0.42 0.55 0.648 0.22 0.54 0.52 0.53 0.65 0.635 0.27 1.38 1.67 0.52 0.17 0.09 1.46 0.27 0.46 0.47 0.42 0.38 0.48 0.58 0.25 0.465 1.05 0.37 0.3 0.47 0.54 1.248 0.5 0.5 0.56 0.36 1.248 0.481 0.901 0.23 1.345 0.14 0.4 0.58 0.33 0.65 0.53 1.345 0.3 0.71 0.45 0.34 0.23 0.1 0.7 0.762 0.52 0.4 0.5 0.43 0.68 0.53 0.58 1.345 1.44 0.1 0.1 0.51 0.37 0.34 0.33 0.37 0.36 1.66 0.36 0.31 0.4 0.46 0.71 0.26 0.22 0.34 0.27 0.23 0.49 0.38 0.4 0.46 0.4 0.43 0.635 0.48 0.5 0.4 0.65 0.54 0.4 0.4 1.248 0.49 0.54 0.47 0.5 0.5 0.55 0.5 1.483 0.56 0.5 0.47 0.5 0.724 0.53 0.32 1.43 0.47 0.45 0.56 0.46 0.09 1.46 0.4 1.05 0.59 0.43 0.52 0.47 0.32 0.59 1.66 0.637 0.36 0.54 1.483 0.59 0.481 0.42 0.724 0.43 0.52 0.54 0.4 0.4 0.47 0.5 0.4 0.4 0.45 0.47 0.58 0.43 0.47 0.48 0.54 0.45 0.2 0.43 0.48 0.7 0.54 0.37 0.41 1.345 0.41 0.54 1.483 0.59 0.33 0.23 0.4 0.4 1.483 0.5 0.54 0.5 0.5 0.48 0.4 0.55 0.51 0.71 0.65 0.47 1.67 1.248 1.483 1.345 0.23 0.52 0.377 0.4 0.7 0.53 0.59 0.46 0.5 0.68 0.39 0.1 1.345 0.4 0.38 0.465 0.4 1.483 0.41 0.47 0.42 0.4 0.4 0.5 0.55
Dot Production Prediction of Lab Growth Rates:
0.382305 0.302561 0.553938 0.34593 0.28533 0.523103 0.335851 0.537641 0.471063 0.431166 0.384709 0.376921 0.496899 0.648993 0.392993 0.380706 0.333413 0.338918 0.456296 0.382919 0.539245 0.486049 0.313782 0.542499 0.319539 1.02862 0.48652 0.337879 0.280163 0.443823 0.713125 0.902174 0.322076 0.435449 0.308085 0.334491 0.331822 0.931213 0.722879 1.3118 0.403715 0.384385 0.375325 0.406268 1.23074 0.38666 0.383163 0.335596 0.786044 0.322007 0.480729 0.365538 0.787969 0.517639 0.34708 0.387314 1.28548 1.28622 0.364629 0.287715 1.25847 0.34428 0.387315 0.361735 0.36613 0.569269 0.442679 0.38145 1.41884 0.375244 0.398507 0.344088 0.388748 0.710752 0.271719 0.292439 1.34324 0.385665 0.485694 1.5035 0.557282 0.601088 0.366187 0.475444 0.299229 1.24982 1.30172 0.901709 0.61468 0.449061 0.480048 0.373585 0.6116 0.715741 0.35823 0.370777 1.50318 1.49824 0.402718 0.462604 0.374882 0.371683 0.642505 0.384548 0.635669 0.49754 0.476095 0.243086 0.38803 1.40637 0.580615 0.568042 0.407578 0.325868 0.338397 0.345046 0.477812 0.360907 0.56868 0.551038 0.33771 0.38993 0.509573 0.410961 0.362411 0.695262 0.390703 0.367808 1.26844 0.42993 1.21288 0.345231 0.413377 0.479066 0.401568 0.396214 0.723702 0.373963 0.378816 0.39554 0.346548 0.478418 0.566914 0.490115 0.477046 0.363875 0.364985 0.321619 0.539714 0.281249 0.475603 0.540021 0.312064 0.329771 0.397564 0.545826 1.22838 0.345959 0.718028 0.46398 0.479402 0.323101 0.414781 0.380537 0.565734 1.46644 0.408947 0.367504 0.363107 0.496401 0.477269 0.551461 0.481944 0.337632 0.827206 0.302212 0.320187 1.23127 0.425468 0.282976 0.312259 0.490775 0.331202 0.373199 0.328251 0.488629 0.478518 0.3384 0.70989 0.328596 0.90082 0.386352 0.393914 0.41346 0.380477 0.488388 0.341948 0.318857 0.541168 0.460041 0.724719 0.356504 0.484239 0.352682 0.444734 0.383948 0.551918 0.371794 1.51493 0.386634 0.140725 0.5503 0.34259 0.289759 0.352495 0.383399 0.310221 0.44654 0.347712 1.23691 0.549838 0.351373 0.558263 0.370009 0.417071 0.474715 0.534867 0.409844 0.370883 0.487124 0.431103 0.35611 1.22637 0.412926 0.314425 0.242804 0.426519 0.314647 0.491387 0.483535 0.384634 0.444997 0.64924 0.411401 0.377054 0.339586 0.33905 0.324335 0.483216 0.362667 0.531851 0.492551 1.21643 0.714821 0.44796 0.561885 0.3668 0.477443 0.349583 0.37387 0.700755 1.03276 0.545909 0.32197 0.349716 0.364278 0.387076 0.349998 0.565057 0.595759 0.275742 0.552805 0.480978 0.315902 0.304862 0.708961 0.489264 0.343047 0.350827 0.530361 1.05221 0.581491 0.382704 0.604985 0.3669 0.347061 1.12602 0.304016 0.396718 0.401744 0.560663 0.354888 1.14465 0.472101 0.336752 0.381206 0.499899 0.38415 0.400363 0.432391 0.395845 0.322883 0.549815 0.371969 0.304621 0.431462 0.410725 0.558878 0.379336 0.349624 0.298003 0.621902 0.423983 0.475047 0.380564 0.528571 0.763275 0.398485 0.397903 0.384778 0.475773 0.48849 0.563185 0.376292 0.336101 1.20905 1.40611 0.558069 0.532052 0.557182 0.388777 0.725405 0.355101 1.44049 0.355766 0.544477 0.472253 0.458021 0.481851 0.463734 0.438247 0.326425 0.499881 0.481371 1.5035 0.750141 0.307456 0.560445 0.489407 0.38376 0.379254 0.380637 1.1013 0.48628 0.48825 0.362012 1.10734 0.93884 0.401995 0.484116 0.557837 0.424897 1.17184 0.367863 1.05006 0.346615 0.486649 0.726667 0.544421 0.541826 0.386062 0.492295 0.901053 1.39945 0.353646 0.342938 0.556258 0.704539 0.486147 0.383655 0.377413 0.532707 0.63704 0.715156 0.366903 1.2871 1.37616 0.35165 0.302427 0.380605 1.02505 0.367475 0.380954 0.443684 0.300958 0.293992 0.34224 0.481552 0.357407 0.476698 1.05347 0.447741 0.239272 0.372091 0.485909 1.08494 0.805505 0.327785 0.482448 0.33319 1.11061 0.468906 0.89611 0.539117 1.26095 0.139908 0.387737 0.498395 0.470502 0.657551 0.529284 1.23798 0.625738 0.713473 0.369686 0.330737 0.448044 0.436365 0.781659 1.11984 0.401983 0.387003 0.778284 0.430612 0.369427 0.558294 0.317354 1.31437 1.47499 1.37227 1.40002 0.402093 0.291538 0.300942 0.37185 0.422647 0.418546 1.59924 0.412231 0.542361 0.386351 0.476116 0.718947 0.431909 0.355048 0.336592 0.363193 0.546186 0.414202 0.374114 0.294388 0.472824 0.37865 0.344353 0.709779 0.283429 0.354266 0.378101 0.683509 0.536082 0.383806 0.387353 1.09197 0.395344 0.56425 0.442632 0.734064 0.329505 0.48984 0.360235 1.19895 0.553094 0.320367 0.330624 0.477195 0.724087 0.537 0.335068 1.29423 0.345871 1.40013 0.548693 0.453261 0.437204 1.02736 0.378394 1.02522 0.326205 0.353774 0.359457 0.368684 0.348333 0.557418 1.63533 0.714183 0.349084 0.326978 1.20602 0.551128 0.465973 0.346972 0.718937 0.405639 0.339972 0.541271 0.374128 0.396239 0.394544 0.741018 0.409851 0.405472 1.47584 0.375773 0.485412 0.362036 0.341154 0.364438 0.498336 0.407662 0.36782 0.407721 0.352244 0.780487 0.348531 0.421368 0.334864 1.22717 0.468018 0.559175 1.26873 0.558294 0.445405 0.5422 0.386707 0.384476 1.28612 0.358024 0.383196 0.480528 0.777346 0.324215 0.367533 0.55819 0.380162 0.726727 0.665153 0.408036 1.49626 1.09457 1.25147 1.27861 0.553182 0.384241 0.473903 0.409826 0.782647 0.395218 0.350759 0.47097 0.492271 0.371438 0.318464 1.17078 1.27449 0.381149 0.289235 0.472993 0.385458 1.23584 0.39108 0.36625 0.403854 0.385892 0.411729 0.39823 0.493558
Testing:
Lab Growth Rates:
0.53 0.53 0.53
Dot Production Prediction of Lab Growth Rates:
0.414059 0.375175 0.306574
Best performance so far: 
Obj: 4.66422e-310Rho: 6.5069e-314Diff: 4.66422e-310
Test:
 Lab Growth Rates:
0.53 0.53 0.53Dot Product Prediction of Growth Rate:
0.414059 0.3751747 0.3065739