seed =  5 traits =  1 
Training: part  164 
Training: part  164 
Round  1 
 Goal of obj  0.99 
Temperature range:  0.00390625 1.25e-14 
Cycle 1Round 1
Iter 500000 pBad 0.853505 T 0.00103996 Obj 1.0465 Rho 0 GRdif 26.6371 success 146301 failure 10426 obj_new 1.0465 SA_pAcc 1.04242 Delta 0.0573075 SA_r 0.447958 freedomratio 0.364882
Iter 1000000 pBad 0.778276 T 0.00027687 Obj 1.0355 Rho 0 GRdif 20.4412 success 289995 failure 26826 obj_new 1.0355 SA_pAcc 1 Delta 0.0525533 SA_r 0.554879 freedomratio 0.371356
Iter 1500000 pBad 0.669877 T 7.37112e-05 Obj 1.02517 Rho 0 GRdif 14.5667 success 431060 failure 49250 obj_new 1.02517 SA_pAcc 1 Delta 0.0655731 SA_r 0.911404 freedomratio 0.359509
Iter 2000000 pBad 0.532989 T 1.96242e-05 Obj 1.02128 Rho 0 GRdif 12.3372 success 566619 failure 80894 obj_new 1.02128 SA_pAcc 1 Delta 0.0177606 SA_r 0.662362 freedomratio 0.357099
Iter 2500000 pBad 0.400991 T 5.22455e-06 Obj 1.01676 Rho 0 GRdif 9.74138 success 693548 failure 128519 obj_new 1.01676 SA_pAcc 1 Delta 0.0284851 SA_r 0.437529 freedomratio 0.3528
Iter 3000000 pBad 0.258264 T 1.39093e-06 Obj 1.01237 Rho 0 GRdif 7.20606 success 806928 failure 204729 obj_new 1.01237 SA_pAcc 1 Delta -0.00564594 SA_r 0.521694 freedomratio 0.334666
Iter 3500000 pBad 0.153935 T 3.70308e-07 Obj 1.01068 Rho 0 GRdif 6.22663 success 900703 failure 322392 obj_new 1.01068 SA_pAcc 1 Delta 0.0141123 SA_r 0.0923281 freedomratio 0.314209
Iter 4000000 pBad 0.0800318 T 9.85873e-08 Obj 1.00999 Rho 0 GRdif 5.82248 success 964662 failure 507405 obj_new 1.00999 SA_pAcc 1 Delta -0.00646491 SA_r 0.924994 freedomratio 0.273832
Iter 4500000 pBad 0.0324655 T 2.62469e-08 Obj 1.00979 Rho 0 GRdif 5.70977 success 996457 failure 773759 obj_new 1.00979 SA_pAcc 1 Delta -0.00084955 SA_r 0.35098 freedomratio 0.237535
Iter 5000000 pBad 0.0158015 T 6.98773e-09 Obj 1.00974 Rho 0 GRdif 5.68394 success 1013505 failure 1088192 obj_new 1.00975 SA_pAcc 7.84862e-218 Delta 0.000677054 SA_r 0.796102 freedomratio 0.219558
Iter 5500000 pBad 0.0100038 T 1.86035e-09 Obj 1.00972 Rho 0 GRdif 5.66697 success 1023774 failure 1427194 obj_new 1.00972 SA_pAcc 0.00264849 Delta 0.000887642 SA_r 0.287595 freedomratio 0.20936
Iter 6000000 pBad 0.00369207 T 4.9528e-10 Obj 1.00971 Rho 0 GRdif 5.66105 success 1029471 failure 1784303 obj_new 1.00971 SA_pAcc 1 Delta -1.92014e-05 SA_r 0.978104 freedomratio 0.202979
Iter 6500000 pBad 0.00292098 T 1.31859e-10 Obj 1.0097 Rho 0 GRdif 5.66036 success 1032866 failure 2151338 obj_new 1.00971 SA_pAcc 0 Delta -0.000291789 SA_r 0.527351 freedomratio 0.200273
Iter 7000000 pBad 0.000670227 T 3.51048e-11 Obj 1.0097 Rho 0 GRdif 5.65662 success 1035437 failure 2522975 obj_new 1.0097 SA_pAcc 1 Delta 3.22748e-05 SA_r 0.310836 freedomratio 0.198107
Iter 7500000 pBad 0.000838801 T 9.34595e-12 Obj 1.0097 Rho 0 GRdif 5.65555 success 1037614 failure 2899938 obj_new 1.0097 SA_pAcc 1 Delta 6.42314e-06 SA_r 0.609722 freedomratio 0.194426
Iter 8000000 pBad 0.00062914 T 2.48818e-12 Obj 1.0097 Rho 0 GRdif 5.65494 success 1039405 failure 3281673 obj_new 1.0097 SA_pAcc 1 Delta -3.76052e-05 SA_r 0.779719 freedomratio 0.191441
Iter 8500000 pBad 7.1262e-05 T 6.62428e-13 Obj 1.0097 Rho 0 GRdif 5.65462 success 1042835 failure 3662034 obj_new 1.0097 SA_pAcc 0 Delta 2.56826e-06 SA_r 0.356088 freedomratio 0.18776
Iter 9000000 pBad 0.00010694 T 1.76358e-13 Obj 1.0097 Rho 0 GRdif 5.65434 success 1046429 failure 4031256 obj_new 1.0097 SA_pAcc 0 Delta -7.59053e-06 SA_r 0.435639 freedomratio 0.182725
Iter 9500000 pBad 2.74537e-54 T 4.6952e-14 Obj 1.0097 Rho 0 GRdif 5.65598 success 1047825 failure 4335842 obj_new 1.0097 SA_pAcc 0 Delta -9.16321e-56 SA_r 0.647461 freedomratio 0.163641
Iter 10000000 pBad 6.77439e-78 T 1.25e-14 Obj 1.0097 Rho 0 GRdif 5.69718 success 1047825 failure 4649538 obj_new 1.00977 SA_pAcc 0 Delta -2.86935e-79 SA_r 0.896915 freedomratio 0.101683
Cannot move further
iter 9.20453e+06 obj1.0097 rho 0 GRdif 5.6543
Training:
Lab Growth Rates:
0.4 0.33 0.5 0.43 0.48 0.31 0.46 0.56 0.465 0.37 0.4 0.36 0.5 0.65 0.45 0.54 0.41 0.48 0.1 0.4 0.53 0.22 0.59 0.23 0.25 0.901 0.46 0.47 0.58 0.53 0.648 0.901 0.59 0.5 0.19 0.42 0.09 0.1 0.724 1.345 0.46 0.4 0.54 0.45 1.345 0.4 0.4 0.39 0.5 0.54 0.485 0.4 0.7 0.37 0.59 0.4 1.03 1.345 0.25 0.58 1.345 0.46 0.4 0.54 0.52 0.27 0.46 0.4 0.45 0.54 0.52 0.58 0.47 0.637 0.48 0.4 0.1 0.4 0.58 0.45 0.55 0.3 0.49 0.41 0.42 1.483 1.43 0.901 0.6 0.23 0.301 0.54 0.65 0.648 0.25 0.41 1.42 0.45 0.4 0.485 0.68 0.43 0.65 0.4 0.65 0.54 0.55 0.3 0.4 1.4 0.3 0.42 0.4 0.33 0.59 0.39 0.58 0.11 0.55 0.56 0.36 0.43 0.3 0.4 0.46 0.5 0.4 0.38 1.345 0.47 1.483 0.52 0.37 0.301 0.4 0.5 0.686 0.4 0.4 0.37 0.58 0.58 0.55 0.54 0.476 0.49 0.4 0.33 0.26 0.27 0.377 0.56 0.33 0.5 0.43 0.42 1.345 0.42 0.636 0.485 0.22 0.42 0.4 0.26 0.42 1.05 0.4 0.2 0.33 0.53 0.485 0.3 0.56 0.27 0.5 0.52 0.17 1.35 0.22 0.53 0.3 0.5 0.39 0.68 0.36 0.58 0.54 0.47 0.637 0.59 0.901 0.45 0.43 0.47 0.4 0.25 0.1 0.19 0.54 0.46 0.686 0.43 0.58 0.09 0.37 0.4 0.56 0.46 1.46 0.4 0.14 0.5 0.42 0.19 0.2 0.4 0.39 0.23 0.37 1.483 0.59 0.58 0.3 0.42 0.17 0.41 0.25 0.4 0.4 0.55 0.37 0.42 1.483 0.4 0.39 0.3 0.37 0.42 0.54 0.56 0.4 0.34 0.65 0.45 0.4 0.45 0.47 0.5 0.56 0.47 0.5 0.617 1.483 0.635 0.37 0.59 0.54 0.22 0.53 0.47 0.5 1.46 0.23 0.45 0.46 0.68 0.4 0.54 0.3 0.6 0.42 0.59 0.22 0.52 0.38 0.636 0.58 0.42 0.58 0.31 1.05 0.6 0.22 0.6 0.4 0.45 0.762 0.47 0.46 0.46 0.56 0.4 0.762 0.481 0.53 0.09 0.46 0.47 0.47 0.53 0.53 0.52 0.54 0.47 0.45 0.5 0.4 0.56 0.58 0.45 0.48 0.3 0.37 0.46 0.3 0.53 0.5 0.4 0.53 0.4 0.476 0.55 0.59 0.45 0.47 1.483 0.45 0.55 0.5 0.56 0.45 0.636 0.41 0.25 0.3 0.56 0.377 0.46 0.58 0.58 0.37 0.59 0.5 0.301 1.49 0.5 0.59 0.56 0.58 0.4 0.58 0.4 1.248 0.55 0.56 0.47 0.762 0.25 0.41 0.476 0.5 0.51 0.1 0.36 1.05 0.46 0.56 0.686 0.56 0.54 0.4 0.33 0.901 0.45 0.42 0.42 0.55 0.648 0.22 0.54 0.52 0.53 0.65 0.635 0.27 1.38 1.67 0.54 0.17 0.37 1.46 0.27 0.46 0.34 0.42 0.38 0.48 0.58 0.25 0.465 1.05 0.37 0.3 0.47 0.54 1.248 0.5 0.47 0.56 0.11 1.248 0.481 0.901 0.23 1.345 0.14 0.4 0.58 0.33 0.65 0.53 1.345 0.3 0.71 0.49 0.32 0.23 0.1 0.7 0.762 0.52 0.4 0.5 0.43 0.68 0.53 0.58 1.345 1.44 0.1 0.1 0.51 0.37 0.32 0.33 0.5 0.36 1.66 0.36 0.31 0.4 0.46 0.71 0.26 0.22 0.32 0.27 0.23 0.52 0.38 0.4 0.46 0.4 0.43 0.635 0.48 0.5 0.4 0.65 0.54 0.4 0.4 1.248 0.52 0.54 0.34 0.5 0.47 0.55 0.47 1.483 0.56 0.5 0.47 0.5 0.724 0.53 0.52 1.43 0.36 0.45 0.56 0.46 0.37 1.46 0.4 1.05 0.59 0.43 0.54 0.47 0.52 0.59 1.66 0.637 0.11 0.54 1.483 0.59 0.481 0.42 0.724 0.43 0.47 0.54 0.4 0.4 0.46 0.5 0.4 0.4 0.45 0.36 0.58 0.43 0.47 0.48 0.54 0.45 0.2 0.43 0.48 0.7 0.54 0.37 0.41 1.345 0.41 0.54 1.483 0.59 0.33 0.23 0.4 0.4 1.483 0.47 0.54 0.5 0.5 0.48 0.4 0.55 0.51 0.71 0.65 0.47 1.67 1.248 1.483 1.345 0.23 0.54 0.377 0.4 0.7 0.53 0.59 0.46 0.5 0.68 0.39 0.1 1.345 0.4 0.38 0.465 0.4 1.483 0.41 0.36 0.42 0.4 0.4 0.5 0.55
Dot Production Prediction of Lab Growth Rates:
0.403914 0.317269 0.55021 0.359855 0.292081 0.515318 0.362394 0.537704 0.621026 0.433417 0.406087 0.369157 0.487284 0.643658 0.398421 0.395626 0.339094 0.345256 0.430672 0.404265 0.548707 0.483788 0.344596 0.538699 0.311499 0.899269 0.488016 0.370594 0.368505 0.440062 0.68217 0.902965 0.345104 0.41418 0.336776 0.333074 0.450892 0.816768 0.690704 1.11916 0.422924 0.406442 0.380002 0.33353 1.05051 0.407208 0.399663 0.313241 0.687757 0.314077 0.622126 0.394348 0.69942 0.506619 0.319129 0.407836 1.45669 1.05007 0.338946 0.314042 1.04987 0.290257 0.408702 0.388453 0.375759 0.563466 0.45935 0.397969 1.56091 0.358254 0.364473 0.365684 0.414391 0.678136 0.308234 0.31963 2.80629 0.406643 0.476442 1.59038 0.542809 0.559375 0.367856 0.620914 0.329305 1.05478 1.4204 0.901894 0.56056 0.464901 0.631298 0.364188 0.626674 0.680813 0.343238 0.367321 1.60958 1.60069 0.393934 0.615478 0.67995 0.375681 0.646623 0.408164 0.637967 0.463459 0.462283 0.292671 0.408842 1.83322 0.521113 0.537404 0.405663 0.334104 0.341512 0.374337 0.478904 0.387582 0.558447 0.552901 0.372253 0.394477 0.45642 0.408424 0.388284 0.633428 0.411401 0.353192 1.06796 0.4595 1.03269 0.357584 0.381908 0.62737 0.399931 0.326648 0.689606 0.400256 0.401298 0.384039 0.383612 0.473433 0.556511 0.467084 0.630197 0.393166 0.394611 0.35887 0.498188 0.297548 0.625625 0.541637 0.32187 0.338166 0.382124 0.526986 1.07612 0.3501 0.688005 0.617351 0.482146 0.322628 0.401572 0.358305 0.540799 1.61454 0.398823 0.379234 0.371021 0.477432 0.619268 0.504946 0.478621 0.326001 0.68979 0.418028 0.313633 1.30456 0.448165 0.277891 0.318777 0.482423 0.332687 0.67583 0.331469 0.478987 0.45466 0.354086 0.677828 0.346875 0.900979 0.340076 0.402607 0.466722 0.402807 0.464074 0.345705 0.34621 0.535957 0.462807 0.692588 0.372316 0.475701 0.344605 0.457194 0.406922 0.541865 0.313292 1.54231 0.407077 0.943681 0.54108 0.339194 0.341009 0.337866 0.405917 0.346182 0.465541 0.444177 1.0212 0.541068 0.347801 0.541198 0.330258 0.434783 0.620362 0.495815 0.39969 0.396676 0.473843 0.432571 0.345519 1.02189 0.402374 0.295809 0.300417 0.429204 0.30985 0.470262 0.473128 0.407226 0.33007 0.649995 0.409472 0.401037 0.325528 0.337145 0.325551 0.473571 0.347516 0.531001 1.36694 1.01286 0.681212 0.454928 0.558633 0.376816 0.47566 0.400991 0.354408 0.628916 0.99214 0.542457 0.326434 0.372613 0.66835 0.406944 0.312999 0.527787 0.561132 0.321444 0.541203 0.483908 0.36675 0.314659 0.680865 0.477308 0.347417 0.388554 0.507236 1.05637 0.54682 0.3911 0.535782 0.397033 0.369299 0.915171 0.348998 0.410175 0.414927 0.54689 0.365042 0.911077 0.620204 0.369157 0.361418 0.508239 0.403715 0.374443 0.426857 0.338316 0.397478 0.538604 0.433843 0.306845 0.364635 0.399913 0.543461 0.361722 0.366777 0.330555 0.563874 0.430787 0.473299 0.382574 0.533675 0.63518 0.396414 0.368651 0.40707 0.628129 0.473147 0.550619 0.381656 0.369135 1.00259 1.55204 0.552611 0.529489 0.550943 0.334175 0.694543 0.393605 1.57497 0.358313 0.536046 0.624751 0.467009 0.473316 0.457349 0.439378 0.312984 0.488669 0.628467 1.59038 0.65067 0.311072 0.551994 0.477643 0.407593 0.398693 0.397361 0.929566 0.480894 0.481368 0.395786 0.905619 0.80393 0.397613 0.630473 0.547569 0.417686 2.60586 0.36017 1.04998 0.386162 0.481944 0.691256 0.541383 0.536184 0.40782 0.484625 0.902893 1.56754 0.3242 0.341125 0.544877 0.678109 0.481727 0.382236 0.421216 0.529987 0.654652 0.681799 0.359596 1.37188 1.82057 0.360912 0.338337 0.419574 0.963331 0.363142 0.399386 0.337907 0.310098 0.305061 0.378751 0.475092 0.34151 0.62411 1.05 0.457252 0.294751 0.349375 0.457328 0.928695 0.664455 0.396613 0.471666 0.337588 0.938598 0.61996 0.898537 0.538813 1.05444 0.93461 0.406782 0.485582 0.483199 0.653724 0.530804 1.02598 0.569644 0.685767 0.381889 0.320463 0.464078 0.42685 0.701654 0.90633 0.386605 0.406821 0.673085 0.407677 0.672989 0.550503 0.332548 1.10143 1.56874 3.05736 1.4886 0.411239 0.307779 0.347576 0.376077 0.368423 0.417588 1.64861 0.438033 0.530615 0.407903 0.486972 0.687196 0.426813 0.382711 0.302485 0.362879 0.543429 0.365285 0.344111 0.315857 0.471205 0.403604 0.353491 0.684053 0.298038 0.328347 0.402884 0.676585 0.534676 0.404731 0.409957 0.930815 0.336467 0.543793 0.313934 0.713321 0.42032 0.476366 0.385444 1.05789 0.550222 0.315614 0.34618 0.476953 0.691472 0.539562 0.402361 1.43632 0.33041 1.54959 0.542443 0.456762 0.3984 0.986393 0.402976 0.972253 0.311007 0.38496 0.365258 0.354592 0.365261 0.553936 1.66 0.674638 0.385702 0.32282 1.05759 0.542283 0.616903 0.323281 0.688788 0.392217 0.35407 0.538172 0.399933 0.397427 0.321819 0.666004 0.399982 0.404153 1.57294 0.339074 0.473477 0.367929 0.366583 0.340455 0.478808 0.406715 0.374755 0.421797 0.327944 0.69998 0.372072 0.427684 0.315859 1.04187 0.614439 0.55022 1.06218 0.548856 0.440491 0.535892 0.407781 0.406085 1.05516 0.434257 0.426843 0.476472 0.727038 0.316428 0.396917 0.548343 0.396974 0.689929 0.684587 0.368651 1.57083 0.93154 1.08242 1.07765 0.544576 0.337651 0.624715 0.399287 0.700731 0.415661 0.355256 0.468862 0.486288 0.678116 0.342826 2.52519 1.08772 0.405364 0.310598 0.624213 0.406724 1.03987 0.401081 0.353186 0.397069 0.406973 0.400909 0.391509 0.477783
Testing:
Lab Growth Rates:
0.5 0.5 0.5
Dot Production Prediction of Lab Growth Rates:
0.319218 0.390177 0.317206
Best performance so far: 
Obj: 4.68392e-310Rho: 2.26291e-314Diff: 4.68392e-310
Anneal again with the best G and E so far as input
Cycle 2Round 1
Iter 500000 pBad 0.817094 T 0.00103996 Obj 1.05854 Rho 0 GRdif 33.3406 success 111222 failure 11233 obj_new 1.05854 SA_pAcc 1.2889 Delta -0.0542147 SA_r 0.761549 freedomratio 0.270295
Iter 1000000 pBad 0.734945 T 0.00027687 Obj 1.03336 Rho 0 GRdif 19.2281 success 218426 failure 30539 obj_new 1.03336 SA_pAcc 1 Delta 0.00558681 SA_r 0.692341 freedomratio 0.264679
Iter 1500000 pBad 0.649204 T 7.37112e-05 Obj 1.02671 Rho 0 GRdif 15.4456 success 323977 failure 54275 obj_new 1.02671 SA_pAcc 1 Delta -0.0250092 SA_r 0.472321 freedomratio 0.265038
Iter 2000000 pBad 0.522844 T 1.96242e-05 Obj 1.02082 Rho 0 GRdif 12.0732 success 425710 failure 87867 obj_new 1.02082 SA_pAcc 1.10335 Delta 0.0374076 SA_r 0.650621 freedomratio 0.262662
Iter 2500000 pBad 0.390914 T 5.22455e-06 Obj 1.01702 Rho 0 GRdif 9.88733 success 525271 failure 126304 obj_new 1.01702 SA_pAcc 1.84407 Delta -0.0287991 SA_r 0.576512 freedomratio 0.259637
Iter 3000000 pBad 0.252088 T 1.39093e-06 Obj 1.01212 Rho 0 GRdif 7.05901 success 609158 failure 199146 obj_new 1.01212 SA_pAcc 1.16717 Delta -0.0200195 SA_r 0.3559 freedomratio 0.240066
Iter 3500000 pBad 0.189941 T 3.70308e-07 Obj 1.01006 Rho 0 GRdif 5.86548 success 680752 failure 301430 obj_new 1.01006 SA_pAcc 0.718412 Delta -0.00719007 SA_r 0.405132 freedomratio 0.235815
Iter 4000000 pBad 0.0597558 T 9.85873e-08 Obj 1.00918 Rho 0 GRdif 5.37914 success 734828 failure 452363 obj_new 1.00922 SA_pAcc 1.18325e-168 Delta 2.95431e-05 SA_r 0.0569744 freedomratio 0.202069
Iter 4500000 pBad 0.0305077 T 2.62469e-08 Obj 1.00882 Rho 0 GRdif 5.1451 success 767305 failure 674524 obj_new 1.00882 SA_pAcc 0.00497798 Delta 0.00285987 SA_r 0.389238 freedomratio 0.180697
Iter 5000000 pBad 0.011227 T 6.98773e-09 Obj 1.00864 Rho 0 GRdif 5.04098 success 789877 failure 950054 obj_new 1.00864 SA_pAcc 1.59598e-08 Delta 0.000748853 SA_r 0.0866358 freedomratio 0.160812
Iter 5500000 pBad 0.0163378 T 1.86035e-09 Obj 1.00858 Rho 0 GRdif 5.00386 success 803085 failure 1267740 obj_new 1.00858 SA_pAcc 5.59681e-55 Delta -0.000431863 SA_r 0.875335 freedomratio 0.153806
Iter 6000000 pBad 0.00592253 T 4.9528e-10 Obj 1.00854 Rho 0 GRdif 4.98309 success 814565 failure 1610222 obj_new 1.00854 SA_pAcc 1.03184e-13 Delta 0.000478388 SA_r 0.640262 freedomratio 0.146244
Iter 6500000 pBad 0.00445007 T 1.31859e-10 Obj 1.00852 Rho 0 GRdif 4.99687 success 823074 failure 1973213 obj_new 1.00856 SA_pAcc 0 Delta -0.000411424 SA_r 0.588981 freedomratio 0.140865
Iter 7000000 pBad 0.00280209 T 3.51048e-11 Obj 1.00852 Rho 0 GRdif 4.96904 success 830407 failure 2352946 obj_new 1.00852 SA_pAcc 0 Delta -0.000151676 SA_r 0.541291 freedomratio 0.137076
Iter 7500000 pBad 0.00242509 T 9.34595e-12 Obj 1.00851 Rho 0 GRdif 4.96625 success 838029 failure 2745122 obj_new 1.00851 SA_pAcc 3.31721e-07 Delta -1.58927e-05 SA_r 0.250252 freedomratio 0.133455
Iter 8000000 pBad 8.3627e-05 T 2.48818e-12 Obj 1.00851 Rho 0 GRdif 4.96584 success 845872 failure 3144931 obj_new 1.00851 SA_pAcc 0 Delta 1.20478e-06 SA_r 0.0223595 freedomratio 0.131715
Iter 8500000 pBad 0.000398854 T 6.62428e-13 Obj 1.00851 Rho 0 GRdif 4.97563 success 853388 failure 3548689 obj_new 1.00853 SA_pAcc 0 Delta -7.46005e-06 SA_r 0.0650167 freedomratio 0.130338
Iter 9000000 pBad 8.98283e-47 T 1.76358e-13 Obj 1.00851 Rho 0 GRdif 4.96381 success 860767 failure 3941976 obj_new 1.00851 SA_pAcc 0 Delta -7.85086e-48 SA_r 0.638377 freedomratio 0.12673
Iter 9500000 pBad 7.49796e-169 T 4.6952e-14 Obj 1.00851 Rho 0 GRdif 4.97076 success 860767 failure 4300716 obj_new 1.00852 SA_pAcc 0 Delta 7.38045e-170 SA_r 0.579116 freedomratio 0.125133
Good enough
iter 8.87999e+06 obj1.00851 rho 0 GRdif 4.96315
Training:
Lab Growth Rates:
0.4 0.33 0.5 0.43 0.48 0.31 0.46 0.56 0.465 0.37 0.4 0.36 0.5 0.65 0.45 0.54 0.41 0.48 0.1 0.4 0.53 0.22 0.59 0.23 0.25 0.901 0.46 0.47 0.58 0.53 0.648 0.901 0.59 0.5 0.19 0.42 0.09 0.1 0.724 1.345 0.46 0.4 0.54 0.45 1.345 0.4 0.4 0.39 0.5 0.54 0.485 0.4 0.7 0.37 0.59 0.4 1.03 1.345 0.25 0.58 1.345 0.46 0.4 0.54 0.52 0.27 0.46 0.4 0.45 0.54 0.52 0.58 0.47 0.637 0.48 0.4 0.1 0.4 0.58 0.45 0.55 0.3 0.49 0.41 0.42 1.483 1.43 0.901 0.6 0.23 0.301 0.54 0.65 0.648 0.25 0.41 1.42 0.45 0.4 0.485 0.68 0.43 0.65 0.4 0.65 0.54 0.55 0.3 0.4 1.4 0.3 0.42 0.4 0.33 0.59 0.39 0.58 0.11 0.55 0.56 0.36 0.43 0.3 0.4 0.46 0.5 0.4 0.38 1.345 0.47 1.483 0.52 0.37 0.301 0.4 0.5 0.686 0.4 0.4 0.37 0.58 0.58 0.55 0.54 0.476 0.49 0.4 0.33 0.26 0.27 0.377 0.56 0.33 0.5 0.43 0.42 1.345 0.42 0.636 0.485 0.22 0.42 0.4 0.26 0.42 1.05 0.4 0.2 0.33 0.53 0.485 0.3 0.56 0.27 0.5 0.52 0.17 1.35 0.22 0.53 0.3 0.5 0.39 0.68 0.36 0.58 0.54 0.47 0.637 0.59 0.901 0.45 0.43 0.47 0.4 0.25 0.1 0.19 0.54 0.46 0.686 0.43 0.58 0.09 0.37 0.4 0.56 0.46 1.46 0.4 0.14 0.5 0.42 0.19 0.2 0.4 0.39 0.23 0.37 1.483 0.59 0.58 0.3 0.42 0.17 0.41 0.25 0.4 0.4 0.55 0.37 0.42 1.483 0.4 0.39 0.3 0.37 0.42 0.54 0.56 0.4 0.34 0.65 0.45 0.4 0.45 0.47 0.5 0.56 0.47 0.5 0.617 1.483 0.635 0.37 0.59 0.54 0.22 0.53 0.47 0.5 1.46 0.23 0.45 0.46 0.68 0.4 0.54 0.3 0.6 0.42 0.59 0.22 0.52 0.38 0.636 0.58 0.42 0.58 0.31 1.05 0.6 0.22 0.6 0.4 0.45 0.762 0.47 0.46 0.46 0.56 0.4 0.762 0.481 0.53 0.09 0.46 0.47 0.47 0.53 0.53 0.52 0.54 0.47 0.45 0.5 0.4 0.56 0.58 0.45 0.48 0.3 0.37 0.46 0.3 0.53 0.5 0.4 0.53 0.4 0.476 0.55 0.59 0.45 0.47 1.483 0.45 0.55 0.5 0.56 0.45 0.636 0.41 0.25 0.3 0.56 0.377 0.46 0.58 0.58 0.37 0.59 0.5 0.301 1.49 0.5 0.59 0.56 0.58 0.4 0.58 0.4 1.248 0.55 0.56 0.47 0.762 0.25 0.41 0.476 0.5 0.51 0.1 0.36 1.05 0.46 0.56 0.686 0.56 0.54 0.4 0.33 0.901 0.45 0.42 0.42 0.55 0.648 0.22 0.54 0.52 0.53 0.65 0.635 0.27 1.38 1.67 0.54 0.17 0.37 1.46 0.27 0.46 0.34 0.42 0.38 0.48 0.58 0.25 0.465 1.05 0.37 0.3 0.47 0.54 1.248 0.5 0.47 0.56 0.11 1.248 0.481 0.901 0.23 1.345 0.14 0.4 0.58 0.33 0.65 0.53 1.345 0.3 0.71 0.49 0.32 0.23 0.1 0.7 0.762 0.52 0.4 0.5 0.43 0.68 0.53 0.58 1.345 1.44 0.1 0.1 0.51 0.37 0.32 0.33 0.5 0.36 1.66 0.36 0.31 0.4 0.46 0.71 0.26 0.22 0.32 0.27 0.23 0.52 0.38 0.4 0.46 0.4 0.43 0.635 0.48 0.5 0.4 0.65 0.54 0.4 0.4 1.248 0.52 0.54 0.34 0.5 0.47 0.55 0.47 1.483 0.56 0.5 0.47 0.5 0.724 0.53 0.52 1.43 0.36 0.45 0.56 0.46 0.37 1.46 0.4 1.05 0.59 0.43 0.54 0.47 0.52 0.59 1.66 0.637 0.11 0.54 1.483 0.59 0.481 0.42 0.724 0.43 0.47 0.54 0.4 0.4 0.46 0.5 0.4 0.4 0.45 0.36 0.58 0.43 0.47 0.48 0.54 0.45 0.2 0.43 0.48 0.7 0.54 0.37 0.41 1.345 0.41 0.54 1.483 0.59 0.33 0.23 0.4 0.4 1.483 0.47 0.54 0.5 0.5 0.48 0.4 0.55 0.51 0.71 0.65 0.47 1.67 1.248 1.483 1.345 0.23 0.54 0.377 0.4 0.7 0.53 0.59 0.46 0.5 0.68 0.39 0.1 1.345 0.4 0.38 0.465 0.4 1.483 0.41 0.36 0.42 0.4 0.4 0.5 0.55
Dot Production Prediction of Lab Growth Rates:
0.39807 0.306162 0.565413 0.348875 0.288915 0.583516 0.334602 0.526029 0.504832 0.417975 0.401023 0.392888 0.475626 0.64988 0.405845 0.379937 0.349696 0.33876 0.463437 0.399623 0.54674 0.49347 0.292742 0.548299 0.303186 0.813549 0.536077 0.352805 0.390459 0.469154 0.692933 0.905391 0.321619 0.44888 0.29962 0.315092 0.46969 0.985913 0.704479 1.3795 0.431574 0.401446 0.390916 0.352359 1.29327 0.403423 0.390999 0.315434 0.826745 0.299006 0.508056 0.376294 0.772581 0.586049 0.320799 0.404021 1.28259 1.32321 0.363268 0.280921 1.30752 0.281684 0.404324 0.358494 0.373686 0.61594 0.462354 0.387814 1.41997 0.396936 0.399527 0.387747 0.382858 0.690964 0.267999 0.308272 1.74647 0.402131 0.468438 1.47511 0.543198 0.623364 0.396215 0.508724 0.298739 1.31247 1.21574 0.905179 0.658793 0.434927 0.518396 0.363644 0.624322 0.69236 0.36802 0.368777 1.46658 1.46801 0.391641 0.50527 0.411286 0.373451 0.649964 0.40036 0.640669 0.47095 0.459486 0.257437 0.40428 1.39999 0.604594 0.588246 0.404084 0.31521 0.36391 0.337425 0.457559 0.389353 0.554849 0.547772 0.355108 0.431276 0.501206 0.406151 0.404199 0.69273 0.409564 0.391907 1.31418 0.454171 1.28511 0.344319 0.41871 0.516123 0.399942 0.33594 0.701746 0.392232 0.396775 0.405563 0.337793 0.461334 0.562901 0.462358 0.510157 0.422969 0.378498 0.322522 0.586885 0.269992 0.508937 0.551217 0.304384 0.325217 0.401762 0.571419 1.32034 0.327873 0.70172 0.505672 0.486954 0.316175 0.40436 0.395623 0.59976 1.43245 0.400632 0.384236 0.356972 0.531135 0.506183 0.574476 0.471828 0.332683 0.868645 0.346167 0.306359 1.10219 0.452214 0.262911 0.314957 0.468518 0.340558 0.408888 0.333147 0.473432 0.470087 0.346657 0.686172 0.333999 0.900878 0.373378 0.396332 0.430731 0.394784 0.52883 0.341953 0.31106 0.541671 0.46085 0.702676 0.347544 0.4686 0.342718 0.423632 0.399687 0.552065 0.292594 1.45392 0.402406 0.315665 0.539811 0.337846 0.302403 0.356258 0.400071 0.303175 0.43187 0.457741 1.26502 0.54434 0.354184 0.592582 0.368381 0.43121 0.508577 0.572152 0.398824 0.38529 0.478689 0.41905 0.338135 1.29374 0.40268 0.294673 0.26033 0.411298 0.301656 0.46676 0.462993 0.400008 0.293341 0.643024 0.432273 0.391995 0.326355 0.373503 0.317901 0.463137 0.357702 0.535387 0.652843 1.27078 0.695785 0.423612 0.553888 0.379679 0.484324 0.433928 0.383029 0.691354 1.03571 0.554082 0.319202 0.354793 0.407172 0.403489 0.283931 0.590006 0.619912 0.273116 0.540352 0.485871 0.371298 0.290472 0.708928 0.475099 0.36169 0.362851 0.592116 1.07323 0.614573 0.403229 0.637793 0.381098 0.349503 0.77547 0.29972 0.437135 0.433721 0.559995 0.38345 0.771194 0.504331 0.313996 0.386449 0.549276 0.414357 0.409018 0.431754 0.31052 0.394026 0.54511 0.467941 0.296904 0.373015 0.39998 0.55652 0.374763 0.371007 0.29339 0.654103 0.410619 0.47325 0.39814 0.521812 0.732546 0.396745 0.372817 0.401202 0.505988 0.477295 0.553216 0.395574 0.354759 1.24977 1.39943 0.550217 0.535181 0.543878 0.351459 0.707767 0.377281 1.43684 0.373689 0.520231 0.507241 0.459892 0.461493 0.441648 0.420965 0.305916 0.478668 0.516541 1.47511 0.75409 0.308248 0.54778 0.478597 0.399701 0.394578 0.38697 0.835257 0.475534 0.476823 0.35687 0.767532 0.993991 0.41202 0.507852 0.558856 0.433268 1.49179 0.373498 1.04999 0.36946 0.474667 0.704111 0.551101 0.534771 0.402077 0.532633 0.901126 1.38068 0.340974 0.353126 0.544991 0.685849 0.493476 0.381018 0.362441 0.517357 0.65913 0.698693 0.371066 1.27065 1.35892 0.375333 0.303189 0.437679 1.0637 0.378668 0.394546 0.322421 0.294353 0.292744 0.345163 0.46268 0.363626 0.510327 1.07174 0.423122 0.257378 0.371855 0.455914 0.831072 0.821111 0.406973 0.461298 0.326468 0.839215 0.500762 0.900994 0.550305 1.33439 0.314934 0.403376 0.476756 0.506903 0.654183 0.521307 1.2701 0.6399 0.697084 0.396513 0.321477 0.432643 0.461351 0.774087 0.767273 0.402885 0.400194 0.802787 0.440016 0.40707 0.543192 0.317068 1.37184 1.4745 1.75293 1.39813 0.420179 0.269279 0.354733 0.367776 0.380953 0.436953 1.49144 0.425473 0.592876 0.404361 0.537552 0.701929 0.4744 0.345618 0.305987 0.382985 0.54298 0.385825 0.374063 0.290614 0.462078 0.394491 0.380789 0.695082 0.273921 0.361838 0.39469 0.667996 0.530779 0.402582 0.405537 0.834155 0.352198 0.557556 0.317028 0.808373 0.454919 0.472993 0.394834 1.30146 0.547309 0.303678 0.344078 0.465888 0.706325 0.532495 0.396558 1.21523 0.330751 1.41798 0.551011 0.449897 0.4049 1.03126 0.393652 1.04756 0.297206 0.352405 0.382046 0.377945 0.352854 0.549546 1.49822 0.69318 0.374705 0.342209 1.30325 0.54499 0.500998 0.347221 0.70135 0.415236 0.377269 0.531593 0.389189 0.396166 0.323434 0.757724 0.398889 0.40473 1.45222 0.334268 0.465308 0.370802 0.357179 0.353283 0.470227 0.421229 0.38437 0.45096 0.341476 0.774601 0.358907 0.406504 0.326125 1.30774 0.506506 0.552006 1.32521 0.555749 0.472045 0.546742 0.402154 0.401711 1.33853 0.469475 0.402317 0.465643 0.855525 0.301485 0.380021 0.54869 0.403004 0.705261 0.674932 0.413934 1.46655 0.830391 1.34325 1.33408 0.547922 0.335248 0.511442 0.398802 0.771209 0.402816 0.391488 0.460052 0.478331 0.409823 0.303553 1.53005 1.3326 0.397907 0.307996 0.507749 0.403356 1.30737 0.404871 0.363329 0.406964 0.40325 0.402464 0.405445 0.47117
Testing:
Lab Growth Rates:
0.5 0.5 0.5
Dot Production Prediction of Lab Growth Rates:
0.326534 0.359669 0.316617
Best performance so far: 
Obj: 4.68392e-310Rho: 6.5069e-314Diff: 4.68392e-310
Test:
 Lab Growth Rates:
0.5 0.5 0.5Dot Product Prediction of Growth Rate:
0.3265342 0.3596694 0.316617