seed =  5 traits =  1 
Training: part  129 
Training: part  129 
Round  1 
 Goal of obj  0.99 
Temperature range:  0.00390625 1e-13 
Cycle 1Round 1
Iter 500000 pBad 0.85077 T 0.00115391 Obj 1.06075 Rho 0 GRdif 34.5586 success 145679 failure 11503 obj_new 1.06075 SA_pAcc 1.0648 Delta 0.0192171 SA_r 0.30069 freedomratio 0.370886
Iter 1000000 pBad 0.778165 T 0.000340867 Obj 1.03582 Rho 0 GRdif 20.6248 success 289034 failure 29326 obj_new 1.03582 SA_pAcc 1 Delta -0.0246083 SA_r 0.294175 freedomratio 0.373011
Iter 1500000 pBad 0.696139 T 0.000100692 Obj 1.02751 Rho 0 GRdif 15.9024 success 430684 failure 51926 obj_new 1.02751 SA_pAcc 1.2988 Delta 0.0385838 SA_r 0.617579 freedomratio 0.363298
Iter 2000000 pBad 0.613084 T 2.97447e-05 Obj 1.02011 Rho 0 GRdif 11.6669 success 569866 failure 79490 obj_new 1.02011 SA_pAcc 1.26035 Delta 0.0320348 SA_r 0.781512 freedomratio 0.362848
Iter 2500000 pBad 0.511407 T 8.7866e-06 Obj 1.01476 Rho 0 GRdif 8.58834 success 704443 failure 116537 obj_new 1.01476 SA_pAcc 0.375537 Delta -0.0318299 SA_r 0.634789 freedomratio 0.356882
Iter 3000000 pBad 0.303487 T 2.59557e-06 Obj 1.01055 Rho 0 GRdif 6.14974 success 823129 failure 182224 obj_new 1.01055 SA_pAcc 1 Delta 0.00662081 SA_r 0.634346 freedomratio 0.348395
Iter 3500000 pBad 0.197901 T 7.66735e-07 Obj 1.00856 Rho 0 GRdif 4.99355 success 921438 failure 290382 obj_new 1.00856 SA_pAcc 1 Delta 0.0126488 SA_r 0.00657067 freedomratio 0.328844
Iter 4000000 pBad 0.125786 T 2.26494e-07 Obj 1.00783 Rho 0 GRdif 4.56971 success 996927 failure 448170 obj_new 1.00783 SA_pAcc 1 Delta 0.00782191 SA_r 0.532852 freedomratio 0.288955
Iter 4500000 pBad 0.047016 T 6.69066e-08 Obj 1.00759 Rho 0 GRdif 4.42962 success 1041896 failure 680840 obj_new 1.00759 SA_pAcc 0.025154 Delta -0.0036627 SA_r 0.557125 freedomratio 0.247153
Iter 5000000 pBad 0.0249565 T 1.97643e-08 Obj 1.00752 Rho 0 GRdif 4.39006 success 1067724 failure 970688 obj_new 1.00752 SA_pAcc 0.993192 Delta -0.000256405 SA_r 0.171615 freedomratio 0.227661
Iter 5500000 pBad 0.0129037 T 5.83839e-09 Obj 1.00749 Rho 0 GRdif 4.37479 success 1082722 failure 1297929 obj_new 1.00749 SA_pAcc 1.25428e-10 Delta -0.000629628 SA_r 0.907137 freedomratio 0.20936
Iter 6000000 pBad 0.00858684 T 1.72467e-09 Obj 1.00749 Rho 0 GRdif 4.37157 success 1090922 failure 1649536 obj_new 1.00749 SA_pAcc 0 Delta 0.000296595 SA_r 0.561589 freedomratio 0.202139
Iter 6500000 pBad 0.00219404 T 5.09468e-10 Obj 1.00748 Rho 0 GRdif 4.36752 success 1096596 failure 2011656 obj_new 1.00748 SA_pAcc 3.46711e-20 Delta -0.000114294 SA_r 0.66586 freedomratio 0.199117
Iter 7000000 pBad 0.00185593 T 1.50497e-10 Obj 1.00748 Rho 0 GRdif 4.36654 success 1099453 failure 2383886 obj_new 1.00748 SA_pAcc 4.03426e-82 Delta 0.000145461 SA_r 0.328023 freedomratio 0.196975
Iter 7500000 pBad 0.000619133 T 4.44571e-11 Obj 1.00748 Rho 0 GRdif 4.36711 success 1101207 failure 2760751 obj_new 1.00748 SA_pAcc 0 Delta -3.56388e-05 SA_r 0.371994 freedomratio 0.195659
Iter 8000000 pBad 0.0010701 T 1.31327e-11 Obj 1.00748 Rho 0 GRdif 4.36542 success 1103022 failure 3140583 obj_new 1.00748 SA_pAcc 1 Delta -6.296e-06 SA_r 0.848645 freedomratio 0.192068
Iter 8500000 pBad 0.000850655 T 3.8794e-12 Obj 1.00748 Rho 0 GRdif 4.36548 success 1104380 failure 3523343 obj_new 1.00748 SA_pAcc 0 Delta -5.84686e-05 SA_r 0.832071 freedomratio 0.190507
Iter 9000000 pBad 0.00163877 T 1.14598e-12 Obj 1.00748 Rho 0 GRdif 4.36502 success 1105876 failure 3907864 obj_new 1.00748 SA_pAcc 1 Delta 4.33443e-05 SA_r 0.754952 freedomratio 0.188728
Iter 9500000 pBad 6.80315e-05 T 3.38524e-13 Obj 1.00748 Rho 0 GRdif 4.36493 success 1109190 failure 4280252 obj_new 1.00748 SA_pAcc 3.62297e-109 Delta -1.43586e-06 SA_r 0.958143 freedomratio 0.188849
Iter 10000000 pBad 3.79934e-24 T 1e-13 Obj 1.00748 Rho 0 GRdif 4.36491 success 1111128 failure 4593921 obj_new 1.00748 SA_pAcc 1 Delta -8.10726e-26 SA_r 0.794923 freedomratio 0.178713
Cannot move further
iter 9.7272e+06 obj1.00748 rho 0 GRdif 4.36491
Training:
Lab Growth Rates:
0.1 0.301 0.58 0.71 0.37 0.47 0.19 0.22 0.6 0.635 0.47 0.53 0.53 0.56 0.5 0.5 0.37 0.4 0.724 0.3 0.54 0.42 0.2 1.345 0.901 0.56 0.686 0.59 0.54 0.3 0.33 0.5 0.617 0.47 1.483 0.53 0.37 0.58 0.5 0.23 0.36 0.65 0.46 0.52 1.248 0.4 0.49 0.39 0.4 0.42 0.52 0.36 0.22 0.46 0.42 0.47 0.1 0.58 0.4 0.32 1.483 0.648 0.54 0.52 0.1 0.25 1.483 0.55 0.52 0.56 1.66 0.5 0.1 0.5 0.485 0.17 0.4 0.46 0.51 0.52 1.43 0.22 0.4 1.35 1.42 0.42 0.48 0.4 1.03 0.47 0.59 0.56 0.53 0.5 0.23 0.26 0.5 0.56 0.58 0.25 0.46 0.48 0.54 0.4 1.483 0.686 0.11 0.31 0.65 0.42 0.45 0.42 0.47 0.36 0.48 0.47 1.345 0.54 0.4 0.27 0.465 0.762 0.3 0.4 0.37 1.44 0.55 0.1 0.54 0.4 0.4 0.45 0.39 0.901 0.43 0.3 0.52 0.48 1.483 0.481 0.42 0.54 0.59 0.59 0.45 0.43 0.47 0.4 0.48 0.47 0.485 0.46 0.4 0.54 1.345 0.648 0.52 0.37 0.26 0.38 0.47 0.58 0.25 0.43 0.45 0.56 0.58 0.3 0.52 0.56 0.637 0.25 0.4 0.42 0.45 0.39 0.42 0.59 0.4 0.53 0.4 0.53 0.56 0.4 0.481 1.46 0.37 0.55 0.48 0.39 0.54 0.4 0.4 0.32 0.47 0.42 0.54 0.68 0.58 1.46 0.4 0.41 1.248 1.483 0.4 1.05 0.58 0.25 0.41 0.3 0.53 0.65 0.1 0.4 0.37 0.46 0.41 0.54 1.248 0.42 0.4 0.476 0.55 0.59 1.345 0.23 0.46 0.34 0.4 1.345 0.46 0.47 0.59 0.4 0.5 0.49 0.4 0.54 0.46 0.38 0.54 0.17 0.5 0.43 0.47 0.48 0.636 0.17 0.5 0.23 0.5 0.4 0.36 0.762 0.33 0.59 0.45 0.4 0.4 1.05 0.4 0.4 0.46 0.53 0.5 0.55 0.58 0.4 1.67 0.637 0.27 0.37 0.33 0.56 0.54 1.46 0.68 0.26 0.5 0.5 0.46 0.45 0.38 0.53 0.41 0.2 0.52 0.46 0.37 0.301 0.3 0.59 0.4 0.41 0.54 0.09 0.55 0.46 0.54 0.485 0.19 0.43 0.59 0.38 1.248 0.635 1.05 0.51 0.5 0.5 0.46 0.43 0.45 0.47 1.483 0.724 0.54 0.901 0.47 0.58 0.4 0.59 0.5 0.4 0.4 1.38 0.42 0.4 0.56 1.46 0.27 0.56 0.53 0.54 0.47 1.345 0.33 0.47 0.476 0.5 0.5 1.43 0.25 0.58 0.46 0.3 0.5 0.377 0.09 0.1 0.37 0.4 0.5 0.68 0.4 0.4 0.65 0.3 0.47 0.4 0.3 0.34 0.68 1.66 0.42 0.485 0.65 0.45 0.23 0.901 0.648 0.56 0.45 0.46 0.42 0.45 0.23 0.23 1.345 0.3 0.37 0.37 0.47 0.4 0.52 0.4 0.59 1.483 0.5 0.65 0.43 0.19 0.6 0.52 0.54 0.33 0.55 0.686 0.45 0.635 0.4 0.54 0.33 0.6 0.36 0.41 0.59 0.762 0.32 0.14 0.52 0.5 0.42 0.09 0.31 0.58 0.54 0.4 0.7 0.4 0.55 0.4 0.56 0.1 0.5 0.377 0.46 0.56 0.4 0.55 0.58 0.6 0.51 0.68 0.56 0.47 0.3 0.3 0.54 0.1 0.46 0.41 0.54 0.37 1.4 0.27 0.56 0.65 0.58 0.45 0.5 0.637 0.5 0.55 0.45 0.71 0.4 0.22 0.4 0.23 0.58 1.67 0.37 0.23 0.4 0.4 0.54 1.345 1.345 0.27 0.54 0.55 0.45 0.11 0.636 0.36 0.58 0.14 0.3 0.33 0.71 0.27 0.56 0.5 0.5 1.483 0.53 0.724 0.55 0.48 0.53 0.465 1.49 0.39 0.4 0.47 0.7 0.58 0.4 0.39 0.4 0.48 0.58 0.25 0.22 0.33 1.345 0.41 0.59 0.33 0.45 0.54 0.37 0.7 0.481 0.38 0.47 1.248 0.34 0.41 0.22 0.54 0.42 0.43 0.59 0.42 0.5 1.483 0.58 0.36 1.483 1.05 1.05 0.5 1.345 0.45 0.636 0.11 0.53 0.43 0.46 0.58 0.43 0.53 0.7 0.43 0.65 0.65 0.762 0.4 0.301 0.25 0.42 0.4 0.43 0.476 0.47 0.2 0.31 0.901 0.5 0.58 0.56 0.36 0.46 0.53 0.47 0.4 0.22 0.45 0.22 0.465 0.49 0.5 0.54 1.345 0.5 0.59 0.4 1.483 0.36 0.377 0.46 0.901 0.37 0.45
Dot Production Prediction of Lab Growth Rates:
0.99186 0.473253 0.369142 0.713568 0.413114 0.433471 0.322528 0.432641 0.507128 0.709635 0.396451 0.520366 0.526472 0.54385 0.479401 0.350352 0.392229 0.399659 0.722905 0.475773 0.462801 0.344178 0.429551 1.33104 0.901445 0.53186 0.723503 0.544992 0.400928 0.306815 0.311101 0.46928 0.563998 0.389083 1.29899 0.569577 0.403645 0.472733 0.53806 0.53414 0.397443 0.64998 0.273123 0.350298 0.839597 0.410434 0.36699 0.297805 0.409014 0.617764 0.419797 0.337167 0.379346 0.334418 0.338195 0.324033 0.856137 0.48065 0.397632 0.334251 1.2756 0.705199 0.309013 0.359918 1.10436 0.371187 1.21767 0.547515 0.337083 0.543738 1.635 0.349063 0.340697 0.663724 0.481352 0.308641 0.403514 0.559841 0.382068 0.347812 1.2674 0.465295 0.406127 1.18947 1.54666 0.639828 0.33367 0.407905 1.31071 0.402278 0.345072 0.473564 0.308802 0.549925 0.527885 0.605173 0.719493 0.538881 0.476991 0.369838 0.345403 0.294201 0.440644 0.392681 1.26163 0.718957 0.317722 0.618305 0.653266 0.380113 0.363918 0.332257 0.402965 0.354673 0.336231 0.505849 1.3019 0.365919 0.41838 0.648972 0.481194 0.768656 0.42493 0.404611 0.440689 1.52051 0.547115 0.467989 0.398946 0.394816 0.408541 0.382943 0.333798 0.901 0.446048 0.425133 0.354755 0.323206 1.22308 0.476449 0.305311 0.543113 0.298245 0.318349 0.334039 0.372173 0.502749 0.408115 0.334997 0.332694 0.469517 0.464446 0.406811 0.399453 1.30374 0.70915 0.396698 0.420202 0.378243 0.335583 0.401176 0.47976 0.609759 0.403555 1.44633 0.536799 0.472546 0.303683 0.347883 0.539987 0.709809 0.373905 0.406039 0.308021 1.47327 0.300057 0.396688 0.309357 0.401329 0.314884 0.333581 0.537529 0.546367 0.395775 0.475675 1.5778 0.403257 0.555383 0.283522 0.293699 0.528799 0.401761 0.406204 0.313602 0.307649 0.347392 0.370215 0.623781 0.478146 1.02935 0.404926 0.390632 0.843201 1.24479 0.400023 1.05 0.465363 1.49783 0.352969 0.46365 0.377175 0.661706 0.879993 0.400417 0.406316 0.460006 0.475422 0.444825 0.839424 0.341978 0.399019 0.481542 0.452566 0.400961 1.31116 0.535344 0.472731 0.290991 0.405071 1.2777 0.548021 0.389813 0.541788 0.407582 0.305188 0.369552 0.399975 0.387396 0.458085 0.378692 0.535699 0.32239 0.348646 0.414417 0.361577 0.282855 0.715205 0.410341 0.770085 0.539201 0.317047 0.410007 0.346387 0.771558 0.355242 0.551979 1.46875 0.401776 0.397676 1.05 0.404349 0.4058 0.428441 0.542135 0.539244 0.552789 0.351784 0.40724 1.47807 0.706497 0.358704 0.413155 0.448298 0.540544 0.547482 1.03332 0.621702 0.473051 0.372098 0.73645 0.436224 1.47563 0.386065 0.532739 0.478382 0.407601 0.403299 0.444863 0.569814 0.471807 0.461188 0.315002 0.408018 0.376191 0.456051 0.316847 0.450042 0.318809 0.329916 0.48117 0.316816 0.331291 0.550447 0.30565 0.836565 0.709476 1.59007 0.423625 0.672067 0.676591 0.529165 0.417391 0.341703 0.363494 1.28641 0.720731 0.530536 0.795846 0.350035 0.47056 0.404469 0.540065 0.465708 0.405291 0.406191 1.32136 0.321827 0.398154 0.539517 1.04055 0.388059 0.471941 0.413806 0.35863 0.340834 1.22162 0.36373 0.339998 0.483599 0.659124 0.47688 1.25518 0.863902 0.329905 0.458519 0.512386 0.32682 0.470774 0.440363 0.890531 0.421545 0.402298 0.72761 0.61705 0.406 0.40746 0.650043 0.47637 0.480265 0.400979 0.338997 0.304379 0.618588 1.66 0.619825 0.471753 0.622192 0.329691 0.424334 0.902098 0.70998 0.472596 0.412605 0.452464 0.357109 0.355578 0.424524 0.424043 1.23934 0.396019 0.408967 0.42238 0.367345 0.404132 0.383145 0.396118 0.302585 1.26951 0.306781 0.64823 0.37867 0.304472 0.507837 0.416395 0.375999 0.495793 0.555649 0.726009 0.383623 0.713388 0.397249 0.409452 0.30019 0.490488 0.320184 0.359823 0.389578 0.76107 0.300268 0.140379 0.371439 0.413932 0.368434 0.375757 0.611642 0.374707 0.543361 0.404261 0.703617 0.401643 0.435325 0.399058 0.47139 1.4476 0.338568 0.471759 0.285888 0.471144 0.403894 0.444998 0.471539 0.490536 0.397849 0.619728 0.531247 0.459525 0.300454 0.511259 0.45961 0.486342 0.33964 0.313523 0.379735 0.316449 1.4 0.383412 0.539986 0.626884 0.276777 0.323874 0.47486 0.703233 0.773108 0.546169 0.395398 0.720058 0.404779 0.47024 0.393542 0.542781 0.357317 1.34858 0.399873 0.535809 0.398741 0.40686 0.537392 1.30981 1.33379 0.351041 0.448607 0.45137 1.54006 0.347719 0.72491 0.346225 0.377322 0.139998 0.391657 0.321972 0.718586 0.286026 0.534044 0.73212 0.525123 1.26708 0.530791 0.723999 0.443769 0.313279 0.431126 0.483575 1.53242 0.282597 0.395693 0.42351 0.700339 0.471179 0.405589 0.323395 0.347059 0.280697 0.476585 0.301917 0.467269 0.353715 1.23338 0.47803 0.547235 0.536451 0.355173 0.27859 0.389017 0.706032 0.479933 0.331607 0.408617 0.837164 0.331466 0.349742 0.334271 0.35861 0.327765 0.405982 0.316684 0.289748 0.301463 1.2591 0.320445 0.321047 1.24073 1.05104 1.02007 0.749699 1.30924 1.50528 0.721376 0.363441 0.53002 0.33362 0.392419 0.306224 0.476023 0.278194 0.702785 0.343545 0.65017 0.640077 0.764444 0.399792 0.467736 0.542982 0.294547 0.407276 0.449021 0.483018 0.384806 0.395498 0.599377 0.901001 0.307959 0.470411 0.46814 0.403331 0.474685 0.352927 0.357959 0.402853 0.46341 1.53242 0.46934 0.483654 0.38525 0.527217 0.380454 1.28035 0.467009 0.549141 0.394375 1.25687 0.40812 0.471748 0.45657 0.91565 0.409529 0.411369
Testing:
Lab Growth Rates:
0.4 0.4 0.4
Dot Production Prediction of Lab Growth Rates:
0.406868 0.405511 0.407826
Best performance so far: 
Obj: 4.66627e-310Rho: 2.26291e-314Diff: 4.66627e-310
Anneal again with the best G and E so far as input
Cycle 2Round 1
Iter 500000 pBad 0.840685 T 0.00115391 Obj 1.05105 Rho 0 GRdif 29.1756 success 113792 failure 10392 obj_new 1.05105 SA_pAcc 1.04753 Delta -0.0344681 SA_r 0.745465 freedomratio 0.277462
Iter 1000000 pBad 0.754748 T 0.000340867 Obj 1.02825 Rho 0 GRdif 16.3263 success 224143 failure 27809 obj_new 1.02825 SA_pAcc 1 Delta -0.018187 SA_r 0.358518 freedomratio 0.269178
Iter 1500000 pBad 0.710825 T 0.000100692 Obj 1.02646 Rho 0 GRdif 15.3034 success 332891 failure 49491 obj_new 1.02646 SA_pAcc 1 Delta 0.0550548 SA_r 0.444642 freedomratio 0.272939
Iter 2000000 pBad 0.645067 T 2.97447e-05 Obj 1.02177 Rho 0 GRdif 12.6209 success 440414 failure 74540 obj_new 1.02177 SA_pAcc 1 Delta 0.009386 SA_r 0.520743 freedomratio 0.271548
Iter 2500000 pBad 0.504265 T 8.7866e-06 Obj 1.01731 Rho 0 GRdif 10.0545 success 543864 failure 109520 obj_new 1.01731 SA_pAcc 1 Delta -0.0125606 SA_r 0.0541908 freedomratio 0.26576
Iter 3000000 pBad 0.28898 T 2.59557e-06 Obj 1.01184 Rho 0 GRdif 6.89562 success 641647 failure 158663 obj_new 1.01184 SA_pAcc 1 Delta 0.00134435 SA_r 0.438753 freedomratio 0.246945
Iter 3500000 pBad 0.232108 T 7.66735e-07 Obj 1.00919 Rho 0 GRdif 5.35926 success 724166 failure 240270 obj_new 1.00919 SA_pAcc 1 Delta -0.0147633 SA_r 0.876349 freedomratio 0.249893
Iter 4000000 pBad 0.138882 T 2.26494e-07 Obj 1.00842 Rho 0 GRdif 4.91591 success 786878 failure 365842 obj_new 1.00842 SA_pAcc 1.29768 Delta -0.00431027 SA_r 0.654013 freedomratio 0.22775
Iter 4500000 pBad 0.0579071 T 6.69066e-08 Obj 1.00804 Rho 0 GRdif 4.69126 success 829132 failure 550837 obj_new 1.00804 SA_pAcc 1 Delta -0.00239348 SA_r 0.735213 freedomratio 0.20319
Iter 5000000 pBad 0.0244131 T 1.97643e-08 Obj 1.00787 Rho 0 GRdif 4.59393 success 855669 failure 793718 obj_new 1.00787 SA_pAcc 0.00554266 Delta -0.0017264 SA_r 0.024155 freedomratio 0.183526
Iter 5500000 pBad 0.0139303 T 5.83839e-09 Obj 1.00783 Rho 0 GRdif 4.56893 success 870450 failure 1081782 obj_new 1.00783 SA_pAcc 1 Delta 0.00021171 SA_r 0.295097 freedomratio 0.171345
Iter 6000000 pBad 0.00627834 T 1.72467e-09 Obj 1.00782 Rho 0 GRdif 4.56193 success 879098 failure 1396221 obj_new 1.00782 SA_pAcc 1 Delta -0.000394355 SA_r 0.00423444 freedomratio 0.165024
Iter 6500000 pBad 0.0022697 T 5.09468e-10 Obj 1.00781 Rho 0 GRdif 4.5589 success 884820 failure 1723857 obj_new 1.00781 SA_pAcc 0 Delta -0.000118562 SA_r 0.348404 freedomratio 0.162192
Iter 7000000 pBad 0.00219301 T 1.50497e-10 Obj 1.0078 Rho 0 GRdif 4.55508 success 888828 failure 2063508 obj_new 1.0078 SA_pAcc 4.65823e-16 Delta -6.42372e-06 SA_r 0.364993 freedomratio 0.158507
Iter 7500000 pBad 0.00109024 T 4.44571e-11 Obj 1.0078 Rho 0 GRdif 4.55347 success 892478 failure 2414807 obj_new 1.0078 SA_pAcc 0 Delta 8.75538e-05 SA_r 0.683274 freedomratio 0.152564
Iter 8000000 pBad 0.00174777 T 1.31327e-11 Obj 1.0078 Rho 0 GRdif 4.55245 success 895474 failure 2777417 obj_new 1.0078 SA_pAcc 0 Delta -0.00017365 SA_r 0.60375 freedomratio 0.148656
Iter 8500000 pBad 0.000926977 T 3.8794e-12 Obj 1.0078 Rho 0 GRdif 4.55153 success 900534 failure 3152115 obj_new 1.0078 SA_pAcc 1 Delta 3.08317e-05 SA_r 0.542471 freedomratio 0.140191
Iter 9000000 pBad 0.000307109 T 1.14598e-12 Obj 1.0078 Rho 0 GRdif 4.55106 success 905068 failure 3542978 obj_new 1.0078 SA_pAcc 1 Delta -1.78658e-05 SA_r 0.0603062 freedomratio 0.138371
Iter 9500000 pBad 3.17541e-67 T 3.38524e-13 Obj 1.0078 Rho 0 GRdif 4.55098 success 907528 failure 3886160 obj_new 1.0078 SA_pAcc 1 Delta 2.71153e-68 SA_r 0.456646 freedomratio 0.134558
Good enough
iter 9.28743e+06 obj1.0078 rho 0 GRdif 4.55098
Training:
Lab Growth Rates:
0.1 0.301 0.58 0.71 0.37 0.47 0.19 0.22 0.6 0.635 0.47 0.53 0.53 0.56 0.5 0.5 0.37 0.4 0.724 0.3 0.54 0.42 0.2 1.345 0.901 0.56 0.686 0.59 0.54 0.3 0.33 0.5 0.617 0.47 1.483 0.53 0.37 0.58 0.5 0.23 0.36 0.65 0.46 0.52 1.248 0.4 0.49 0.39 0.4 0.42 0.52 0.36 0.22 0.46 0.42 0.47 0.1 0.58 0.4 0.32 1.483 0.648 0.54 0.52 0.1 0.25 1.483 0.55 0.52 0.56 1.66 0.5 0.1 0.5 0.485 0.17 0.4 0.46 0.51 0.52 1.43 0.22 0.4 1.35 1.42 0.42 0.48 0.4 1.03 0.47 0.59 0.56 0.53 0.5 0.23 0.26 0.5 0.56 0.58 0.25 0.46 0.48 0.54 0.4 1.483 0.686 0.11 0.31 0.65 0.42 0.45 0.42 0.47 0.36 0.48 0.47 1.345 0.54 0.4 0.27 0.465 0.762 0.3 0.4 0.37 1.44 0.55 0.1 0.54 0.4 0.4 0.45 0.39 0.901 0.43 0.3 0.52 0.48 1.483 0.481 0.42 0.54 0.59 0.59 0.45 0.43 0.47 0.4 0.48 0.47 0.485 0.46 0.4 0.54 1.345 0.648 0.52 0.37 0.26 0.38 0.47 0.58 0.25 0.43 0.45 0.56 0.58 0.3 0.52 0.56 0.637 0.25 0.4 0.42 0.45 0.39 0.42 0.59 0.4 0.53 0.4 0.53 0.56 0.4 0.481 1.46 0.37 0.55 0.48 0.39 0.54 0.4 0.4 0.32 0.47 0.42 0.54 0.68 0.58 1.46 0.4 0.41 1.248 1.483 0.4 1.05 0.58 0.25 0.41 0.3 0.53 0.65 0.1 0.4 0.37 0.46 0.41 0.54 1.248 0.42 0.4 0.476 0.55 0.59 1.345 0.23 0.46 0.34 0.4 1.345 0.46 0.47 0.59 0.4 0.5 0.49 0.4 0.54 0.46 0.38 0.54 0.17 0.5 0.43 0.47 0.48 0.636 0.17 0.5 0.23 0.5 0.4 0.36 0.762 0.33 0.59 0.45 0.4 0.4 1.05 0.4 0.4 0.46 0.53 0.5 0.55 0.58 0.4 1.67 0.637 0.27 0.37 0.33 0.56 0.54 1.46 0.68 0.26 0.5 0.5 0.46 0.45 0.38 0.53 0.41 0.2 0.52 0.46 0.37 0.301 0.3 0.59 0.4 0.41 0.54 0.09 0.55 0.46 0.54 0.485 0.19 0.43 0.59 0.38 1.248 0.635 1.05 0.51 0.5 0.5 0.46 0.43 0.45 0.47 1.483 0.724 0.54 0.901 0.47 0.58 0.4 0.59 0.5 0.4 0.4 1.38 0.42 0.4 0.56 1.46 0.27 0.56 0.53 0.54 0.47 1.345 0.33 0.47 0.476 0.5 0.5 1.43 0.25 0.58 0.46 0.3 0.5 0.377 0.09 0.1 0.37 0.4 0.5 0.68 0.4 0.4 0.65 0.3 0.47 0.4 0.3 0.34 0.68 1.66 0.42 0.485 0.65 0.45 0.23 0.901 0.648 0.56 0.45 0.46 0.42 0.45 0.23 0.23 1.345 0.3 0.37 0.37 0.47 0.4 0.52 0.4 0.59 1.483 0.5 0.65 0.43 0.19 0.6 0.52 0.54 0.33 0.55 0.686 0.45 0.635 0.4 0.54 0.33 0.6 0.36 0.41 0.59 0.762 0.32 0.14 0.52 0.5 0.42 0.09 0.31 0.58 0.54 0.4 0.7 0.4 0.55 0.4 0.56 0.1 0.5 0.377 0.46 0.56 0.4 0.55 0.58 0.6 0.51 0.68 0.56 0.47 0.3 0.3 0.54 0.1 0.46 0.41 0.54 0.37 1.4 0.27 0.56 0.65 0.58 0.45 0.5 0.637 0.5 0.55 0.45 0.71 0.4 0.22 0.4 0.23 0.58 1.67 0.37 0.23 0.4 0.4 0.54 1.345 1.345 0.27 0.54 0.55 0.45 0.11 0.636 0.36 0.58 0.14 0.3 0.33 0.71 0.27 0.56 0.5 0.5 1.483 0.53 0.724 0.55 0.48 0.53 0.465 1.49 0.39 0.4 0.47 0.7 0.58 0.4 0.39 0.4 0.48 0.58 0.25 0.22 0.33 1.345 0.41 0.59 0.33 0.45 0.54 0.37 0.7 0.481 0.38 0.47 1.248 0.34 0.41 0.22 0.54 0.42 0.43 0.59 0.42 0.5 1.483 0.58 0.36 1.483 1.05 1.05 0.5 1.345 0.45 0.636 0.11 0.53 0.43 0.46 0.58 0.43 0.53 0.7 0.43 0.65 0.65 0.762 0.4 0.301 0.25 0.42 0.4 0.43 0.476 0.47 0.2 0.31 0.901 0.5 0.58 0.56 0.36 0.46 0.53 0.47 0.4 0.22 0.45 0.22 0.465 0.49 0.5 0.54 1.345 0.5 0.59 0.4 1.483 0.36 0.377 0.46 0.901 0.37 0.45
Dot Production Prediction of Lab Growth Rates:
1.1923 0.476364 0.385569 0.706407 0.416276 0.387135 0.277917 0.459847 0.665925 0.706894 0.347621 0.477859 0.532318 0.552 0.469086 0.390078 0.380804 0.399267 0.714 0.653301 0.463094 0.326412 0.367836 1.35964 0.906476 0.532664 0.714376 0.543513 0.387423 0.301645 0.327848 0.452675 0.539193 0.405241 1.34537 0.539422 0.413265 0.453895 0.554856 0.54572 0.351905 1.77907 0.292548 0.384032 0.829105 0.409202 0.38595 0.305622 0.405155 0.56937 0.382374 0.348598 0.397832 0.342523 0.330113 0.348812 1.10348 0.4723 0.394814 0.331733 1.32901 0.69978 0.315897 0.305526 1.20488 0.343734 1.34838 0.546412 0.364344 0.55485 1.63665 0.35396 0.309499 0.796689 0.473015 0.282022 0.398597 0.590677 0.380382 0.347097 1.19477 0.462196 0.403495 1.11894 1.49039 0.579858 0.331833 0.403853 1.31763 0.401168 0.342327 0.454692 0.335136 0.546824 0.546925 0.600094 0.836379 0.546531 0.471317 0.339661 0.351453 0.291975 0.442698 0.389164 1.36788 0.712618 0.34256 0.607327 1.77907 0.410357 0.369065 0.321676 0.399583 0.347532 0.339862 0.470792 1.35419 0.384345 0.372135 0.555108 0.470229 0.762878 0.570112 0.39821 0.435321 1.47936 0.547076 0.449464 0.370031 0.392977 0.40357 0.39504 0.350608 0.905163 0.428295 0.42949 0.378655 0.335312 1.35478 0.471726 0.344814 0.545417 0.308167 0.322445 0.357929 0.335666 0.458321 0.401669 0.358892 0.344481 0.467705 0.451701 0.401793 0.391823 1.35952 0.70112 0.39556 0.416183 0.386271 0.283599 0.351068 0.472215 0.48522 0.359666 1.36019 0.533903 0.460537 0.300036 0.35568 0.552302 0.703329 0.33859 0.40249 0.316841 1.40222 0.333321 0.357395 0.329294 0.395868 0.369692 0.296234 0.526191 0.546477 0.38961 0.469681 1.51888 0.411033 0.544944 0.291886 0.298439 0.533854 0.400799 0.403832 0.327579 0.311307 0.312523 0.381177 0.405692 0.468945 1.06957 0.397618 0.409135 0.831894 1.31915 0.396227 1.05119 0.452054 1.44589 0.360414 0.59698 0.409966 0.656901 1.05894 0.400717 0.415015 0.461436 0.469373 0.449141 0.827078 0.317679 0.399861 0.472863 0.453149 0.395 1.35129 0.547737 0.469762 0.297692 0.403905 1.33695 0.559695 0.355324 0.540329 0.403175 0.323379 0.392327 0.393956 0.349129 0.451893 0.377392 0.534429 0.294706 0.352167 0.410105 0.379526 0.292973 0.709893 0.410315 0.953011 0.543045 0.323137 0.403344 0.360198 0.76942 0.358098 0.546058 1.37741 0.38911 0.391115 1.04647 0.400041 0.400113 0.412616 0.540786 0.558607 0.541362 0.36018 0.403647 1.43575 0.701685 0.327288 0.406442 0.457225 0.54722 0.558107 1.04384 0.404786 0.467591 0.417209 0.89376 0.41173 1.40459 0.375962 0.533122 0.477554 0.400862 0.320647 0.466929 0.541784 0.477485 0.607635 0.321929 0.40345 0.397167 0.465486 0.339986 0.459457 0.330907 0.330352 0.473126 0.276126 0.350033 0.545426 0.293054 0.823311 0.706154 1.48686 0.424381 0.7785 0.843042 0.540346 0.390466 0.35382 0.365431 1.34647 0.712 0.535639 0.786174 0.364012 0.458443 0.401899 0.538692 0.461447 0.400462 0.399274 1.29009 0.320271 0.387647 0.53329 1.05558 0.354113 0.4625 0.429838 0.39064 0.368145 1.31421 0.37132 0.327495 0.474588 0.858575 0.474106 1.19352 1.11742 0.347723 0.459365 0.673268 0.33486 0.468655 0.440392 1.07395 0.417488 0.399972 0.892701 0.403892 0.402159 0.405038 0.646279 0.61326 0.466629 0.395061 0.331753 0.317429 0.403609 1.58948 0.563336 0.467551 1.71071 0.308329 0.428783 0.906807 0.703021 0.45675 0.422495 0.412835 0.358242 0.348613 0.428862 0.427638 1.34292 0.368564 0.378008 0.41517 0.313213 0.397204 0.398888 0.38691 0.304005 1.35804 0.311595 0.638129 0.357507 0.262646 0.636228 0.325137 0.403967 0.511134 0.545179 0.715145 0.371842 0.710003 0.394985 0.392496 0.293898 0.617985 0.338098 0.397013 0.385252 0.760796 0.313878 0.140014 0.365433 0.437912 0.340513 0.365494 0.589403 0.378052 0.542534 0.397789 0.722576 0.397115 0.443602 0.400236 0.461827 1.38731 0.372173 0.470848 0.303254 0.461163 0.402949 0.451869 0.457068 0.654533 0.41283 0.405632 0.541188 0.393647 0.2996 0.667928 0.452268 0.462291 0.363284 0.331031 0.397514 0.284055 1.40014 0.358393 0.54099 0.628567 0.289875 0.370003 0.456424 0.699692 0.908852 0.55178 0.404558 0.712846 0.406831 0.46829 0.384388 0.55126 0.373811 1.38962 0.408147 0.554862 0.393112 0.409607 0.540992 1.34276 1.34999 0.358878 0.44839 0.453394 1.45237 0.361233 0.716406 0.313639 0.388544 0.140018 0.495871 0.323628 0.710617 0.270119 0.542041 0.896093 0.535288 1.34055 0.530274 0.716063 0.451533 0.307472 0.452153 0.471153 1.49106 0.30532 0.387159 0.38899 0.719641 0.462111 0.403681 0.334041 0.313002 0.307911 0.462531 0.28084 0.460932 0.334447 1.32967 0.477324 0.556092 0.539762 0.332919 0.28275 0.376489 0.721059 0.470207 0.307884 0.400892 0.824612 0.338661 0.339121 0.366688 0.356836 0.319375 0.393203 0.324771 0.318192 0.317365 1.34185 0.349258 0.326063 1.33117 1.05003 1.05009 0.913338 1.35006 1.43183 0.709899 0.384509 0.533491 0.339192 0.37518 0.319401 0.437545 0.282007 0.723303 0.368625 0.658522 0.650052 0.762067 0.393227 0.470893 0.4705 0.312279 0.40326 0.41979 0.475497 0.363497 0.358369 0.580047 0.901086 0.316352 0.457958 0.460932 0.416301 0.469049 0.374324 0.354811 0.400041 0.453619 1.49106 0.468665 0.471954 0.399176 0.537732 0.378692 1.33315 0.458992 0.543289 0.389415 1.32836 0.438924 0.470252 0.442159 0.938553 0.415569 0.396169
Testing:
Lab Growth Rates:
0.4 0.4 0.4
Dot Production Prediction of Lab Growth Rates:
0.401686 0.402029 0.400789
Best performance so far: 
Obj: 4.66627e-310Rho: 6.5069e-314Diff: 4.66627e-310
Test:
 Lab Growth Rates:
0.4 0.4 0.4Dot Product Prediction of Growth Rate:
0.4016857 0.4020288 0.4007891