seed =  5 traits =  1 
Training: part  120 
Training: part  120 
Round  1 
 Goal of obj  0.99 
Temperature range:  0.0078125 3.125e-10 
Cycle 1Round 1
Iter 500000 pBad 0.890704 T 0.00333345 Obj 1.12443 Rho 0 GRdif 68.9578 success 148137 failure 6943 obj_new 1.12443 SA_pAcc 1.0324 Delta -0.0450361 SA_r 0.272648 freedomratio 0.365444
Iter 1000000 pBad 0.840667 T 0.00142232 Obj 1.07809 Rho 0 GRdif 44.342 success 293705 failure 19322 obj_new 1.07833 SA_pAcc 0.848149 Delta 0.0672632 SA_r 0.934245 freedomratio 0.375479
Iter 1500000 pBad 0.817598 T 0.000606876 Obj 1.03907 Rho 0 GRdif 22.5334 success 437092 failure 36807 obj_new 1.03907 SA_pAcc 1 Delta -0.0714659 SA_r 0.6975 freedomratio 0.365217
Iter 2000000 pBad 0.759925 T 0.000258942 Obj 1.03233 Rho 0 GRdif 18.7104 success 578867 failure 58418 obj_new 1.03233 SA_pAcc 0.983563 Delta 0.00866385 SA_r 0.0912552 freedomratio 0.363412
Iter 2500000 pBad 0.709605 T 0.000110486 Obj 1.02577 Rho 0 GRdif 14.96 success 719101 failure 83844 obj_new 1.02577 SA_pAcc 0.842695 Delta 0.060282 SA_r 0.284675 freedomratio 0.361401
Iter 3000000 pBad 0.623318 T 4.71421e-05 Obj 1.0214 Rho 0 GRdif 12.4496 success 856553 failure 113914 obj_new 1.0214 SA_pAcc 1.10151 Delta -0.02928 SA_r 0.876872 freedomratio 0.364312
Iter 3500000 pBad 0.556786 T 2.01146e-05 Obj 1.01724 Rho 0 GRdif 10.0505 success 992102 failure 149151 obj_new 1.01724 SA_pAcc 1.25751 Delta -0.0023574 SA_r 0.281789 freedomratio 0.355287
Iter 4000000 pBad 0.483555 T 8.58252e-06 Obj 1.01454 Rho 0 GRdif 8.48812 success 1119230 failure 197410 obj_new 1.01454 SA_pAcc 1 Delta -0.00168868 SA_r 0.4892 freedomratio 0.35723
Iter 4500000 pBad 0.37178 T 3.662e-06 Obj 1.01086 Rho 0 GRdif 6.3521 success 1237495 failure 264372 obj_new 1.01086 SA_pAcc 1 Delta 0.00690181 SA_r 0.7049 freedomratio 0.347929
Iter 5000000 pBad 0.317461 T 1.5625e-06 Obj 1.0094 Rho 0 GRdif 5.50321 success 1345891 failure 350552 obj_new 1.0094 SA_pAcc 1 Delta -0.0100938 SA_r 0.258906 freedomratio 0.352941
Iter 5500000 pBad 0.214414 T 6.6669e-07 Obj 1.00855 Rho 0 GRdif 5.00443 success 1444058 failure 457997 obj_new 1.00855 SA_pAcc 1 Delta -0.00176924 SA_r 0.171932 freedomratio 0.329781
Iter 6000000 pBad 0.113314 T 2.84464e-07 Obj 1.00804 Rho 0 GRdif 4.70785 success 1516796 failure 620481 obj_new 1.00804 SA_pAcc 0.138197 Delta 0.00716382 SA_r 0.8126 freedomratio 0.289798
Iter 6500000 pBad 0.0574089 T 1.21375e-07 Obj 1.00784 Rho 0 GRdif 4.59292 success 1565175 failure 840804 obj_new 1.00784 SA_pAcc 1.05047 Delta 0.00056489 SA_r 0.863609 freedomratio 0.265703
Iter 7000000 pBad 0.0349614 T 5.17884e-08 Obj 1.00777 Rho 0 GRdif 4.55097 success 1597168 failure 1106331 obj_new 1.00777 SA_pAcc 7.87779e-40 Delta -0.000595665 SA_r 0.111658 freedomratio 0.243176
Iter 7500000 pBad 0.0231543 T 2.20971e-08 Obj 1.00772 Rho 0 GRdif 4.52147 success 1619599 failure 1403863 obj_new 1.00772 SA_pAcc 1 Delta -0.000126754 SA_r 0.463186 freedomratio 0.228084
Iter 8000000 pBad 0.0154265 T 9.42842e-09 Obj 1.00769 Rho 0 GRdif 4.50619 success 1634655 failure 1729919 obj_new 1.00769 SA_pAcc 1.66583e-08 Delta 0.00105817 SA_r 0.26192 freedomratio 0.21452
Iter 8500000 pBad 0.0117926 T 4.02292e-09 Obj 1.00768 Rho 0 GRdif 4.50582 success 1644788 failure 2072103 obj_new 1.00769 SA_pAcc 0 Delta -0.00107645 SA_r 0.958132 freedomratio 0.209178
Iter 9000000 pBad 0.00481598 T 1.7165e-09 Obj 1.00768 Rho 0 GRdif 4.49851 success 1651598 failure 2428089 obj_new 1.00768 SA_pAcc 0 Delta -0.000215021 SA_r 0.218767 freedomratio 0.202759
Iter 9500000 pBad 0.00452712 T 7.32399e-10 Obj 1.00767 Rho 0 GRdif 4.49621 success 1655958 failure 2793250 obj_new 1.00768 SA_pAcc 0 Delta -5.55424e-05 SA_r 0.435631 freedomratio 0.20137
Iter 10000000 pBad 0.0020732 T 3.12501e-10 Obj 1.00767 Rho 0 GRdif 4.52555 success 1659208 failure 3162495 obj_new 1.00773 SA_pAcc 0 Delta 7.71927e-05 SA_r 0.687637 freedomratio 0.198515
Cannot move further
iter 9.99996e+06 obj1.00767 rho 0 GRdif 4.49336
Training:
Lab Growth Rates:
0.42 1.345 0.3 0.4 0.48 0.45 0.59 0.377 0.27 0.54 1.43 0.47 0.4 0.42 0.47 0.56 0.56 0.33 0.41 0.23 0.45 0.55 1.345 0.4 0.47 0.4 1.483 0.37 0.32 0.49 0.46 0.45 0.68 0.58 0.47 0.09 0.56 1.05 0.46 0.46 0.5 0.26 0.5 0.19 0.47 0.637 0.762 0.54 0.37 0.4 0.52 0.46 0.26 0.4 0.42 0.53 0.56 0.45 0.55 0.4 0.45 1.248 0.53 0.43 0.55 0.52 0.23 0.46 1.67 0.48 0.47 0.3 0.724 0.53 0.56 0.7 0.34 0.48 0.59 0.48 0.46 0.5 0.636 0.3 0.33 0.686 0.43 0.47 0.4 0.53 0.59 0.43 1.248 0.58 0.4 0.42 0.52 0.37 0.22 0.5 0.53 0.901 0.4 0.49 0.43 0.36 0.5 0.648 0.5 0.6 0.45 0.6 0.4 0.1 0.53 0.37 0.4 0.1 0.36 0.47 1.345 0.65 0.56 0.55 0.37 0.54 0.43 0.68 0.33 0.25 0.48 0.38 0.47 0.37 0.45 0.5 1.248 0.3 1.483 0.4 0.1 0.39 1.248 0.36 0.54 1.483 1.44 0.56 0.43 0.7 0.52 0.1 0.65 0.4 0.5 0.55 0.3 0.58 0.4 0.5 1.483 0.25 0.465 0.25 1.05 0.58 0.45 0.37 0.42 0.52 0.56 0.3 0.481 0.4 0.39 0.55 0.46 0.54 0.27 0.31 0.19 0.5 0.686 0.36 1.483 0.4 0.43 0.58 0.5 0.54 0.5 0.41 0.54 0.22 0.58 0.43 0.481 0.39 0.485 0.47 0.5 0.45 0.65 1.49 0.42 0.51 0.5 0.47 0.42 0.56 0.54 0.6 0.22 0.54 0.22 0.42 0.22 0.4 0.45 0.43 0.23 0.47 1.05 0.1 0.49 0.58 0.54 0.32 0.47 0.54 0.59 0.4 0.47 0.648 0.901 0.465 0.37 0.5 0.5 0.4 0.48 0.42 0.4 0.37 0.23 0.3 0.56 0.53 1.46 0.53 0.22 1.345 0.1 0.31 0.54 0.52 0.53 0.27 0.635 1.46 0.47 0.14 0.5 0.4 0.46 1.42 0.4 0.4 0.31 0.4 0.42 0.45 0.1 1.38 0.41 0.485 0.37 0.58 0.5 0.52 1.483 0.5 0.33 0.54 0.4 0.36 0.54 0.54 1.345 0.42 0.724 0.42 0.65 0.53 0.7 0.52 0.3 0.4 0.5 0.5 0.2 0.59 0.485 0.301 0.59 0.36 0.47 0.11 0.4 0.4 0.25 0.52 0.45 0.41 0.762 0.762 0.59 0.42 0.54 0.4 0.43 0.46 1.67 0.4 0.901 1.483 1.345 0.4 0.45 0.65 0.4 0.724 0.36 0.26 0.637 0.901 0.54 0.47 0.54 0.4 0.4 0.53 0.55 0.41 0.37 0.55 1.05 1.05 0.58 0.17 0.68 0.68 0.5 0.4 0.59 0.34 0.377 0.4 0.4 0.36 0.54 0.4 0.4 0.46 0.45 0.65 0.4 0.617 0.377 0.476 0.4 0.59 0.56 0.58 0.25 0.23 1.03 0.37 0.71 0.5 0.58 0.37 0.46 0.4 0.53 0.301 0.58 0.59 0.25 0.481 0.4 0.5 0.41 0.47 0.27 1.66 0.42 0.58 0.42 0.301 0.5 0.5 1.345 0.53 0.48 0.58 0.7 0.3 0.465 0.22 0.56 0.55 0.54 0.762 0.39 0.476 0.476 0.65 0.5 0.42 0.4 0.58 0.39 0.27 0.2 0.4 0.17 0.14 0.37 0.51 0.53 0.23 0.56 0.59 0.59 0.54 0.59 0.4 1.345 0.59 0.1 0.4 0.68 0.54 0.3 0.45 0.33 0.47 0.43 0.5 0.4 1.46 1.483 0.5 0.19 0.51 0.09 0.47 0.33 0.48 0.25 0.4 0.23 0.38 0.54 0.54 0.59 0.55 0.3 0.11 0.58 0.3 0.41 0.4 0.33 0.4 0.5 0.47 0.65 0.33 0.4 0.56 0.43 0.54 0.4 0.4 1.4 0.901 0.635 0.46 0.56 0.33 0.648 0.46 0.41 0.55 0.58 0.47 0.46 0.39 0.637 0.4 0.47 0.22 0.686 0.636 0.6 0.4 1.483 0.09 0.52 0.36 0.58 1.248 0.42 0.32 0.59 0.25 0.46 0.34 0.5 0.46 0.56 0.27 1.345 0.37 0.45 0.46 0.4 0.45 1.43 0.485 0.65 0.56 0.48 0.45 0.4 1.345 0.901 0.5 0.41 0.54 0.45 0.52 0.54 0.37 0.46 0.46 0.636 0.3 0.71 0.46 0.38 0.47 1.66 0.54 0.4 0.1 0.42 0.53 1.345 1.483 0.4 0.23 1.483 0.55 0.17 0.56 1.46 1.35 0.71 0.23 0.4 0.52 0.2 0.38 0.635 0.58 0.58 0.38 0.11 1.483 0.4 0.46 1.345 0.3 0.58 0.5
Dot Production Prediction of Lab Growth Rates:
0.364303 1.18031 0.410729 0.399128 0.32586 1.62811 0.391077 0.459568 0.380577 0.355111 1.31098 0.363705 0.407672 0.342882 0.405244 0.55391 0.546407 0.418952 0.361913 0.553875 0.416128 0.454907 1.29146 0.39672 0.322088 0.400825 1.20167 0.400203 0.323815 0.348407 0.405996 0.348358 0.462751 0.469889 0.385187 0.378878 0.552054 1.49154 0.446357 0.407546 0.412336 0.440413 0.390112 0.303 0.374065 0.714677 1.12466 0.551768 0.409826 0.406231 0.346945 0.441635 0.557557 0.391323 0.568018 0.524941 0.528028 1.53242 0.563135 0.40543 0.373319 1.09617 0.535036 0.366813 0.460893 0.334316 0.546076 0.503004 1.61613 0.284493 0.373762 0.544308 0.724005 0.528316 0.557557 0.706616 0.329362 0.32175 0.305618 0.318601 0.408239 0.482273 0.741129 0.500383 0.327949 0.718322 0.343489 0.359187 0.328787 0.546751 0.560774 0.393181 1.09727 0.461557 0.384962 0.333531 0.348585 0.390809 0.463016 0.360975 0.52995 0.901 0.40811 0.366103 0.415297 0.382887 0.564995 0.71038 0.765794 0.537744 1.58119 0.517617 0.395707 0.956222 0.318448 0.399328 0.400943 1.03719 0.395219 0.411467 1.27158 0.671752 0.470199 0.458787 0.404864 0.403346 0.39703 0.459571 0.347093 0.364732 0.314183 0.323594 0.397761 0.37735 0.355966 0.750235 1.10179 0.551749 1.22964 0.384844 1.13253 0.3327 1.09231 0.331309 0.567981 1.1725 1.60348 0.486328 0.448195 0.710341 0.33386 0.449661 0.647196 0.399195 0.482245 0.436778 0.497399 0.314593 0.398041 0.335424 1.22804 1.60875 0.474108 0.511987 1.05125 0.28759 0.369908 0.392582 0.368667 0.393813 0.548138 0.414533 0.466916 0.391439 0.293506 0.550591 0.465275 0.461785 0.290923 0.575914 0.310907 0.687353 0.722863 0.334648 1.25837 0.405959 0.353634 0.348059 0.559123 0.360258 0.783779 0.374275 0.469183 0.463237 0.487303 0.325395 0.470103 0.31002 0.469207 0.429193 0.322645 0.398854 0.647423 1.62811 0.341267 0.363962 0.520604 0.397213 0.566057 0.482921 0.528751 0.541906 0.400055 0.472148 0.328343 0.353627 0.472778 0.395901 1.53047 0.429741 0.418503 0.33624 1.0451 0.354623 0.363931 0.362271 0.392932 0.312419 0.315065 0.373838 0.331896 0.391477 0.344755 0.710226 0.901386 0.473964 0.313081 0.476742 0.749234 0.405353 0.320052 0.35421 0.406371 0.415132 0.535353 0.474533 0.529124 0.542357 1.54546 0.293122 0.461156 1.23854 0.965091 0.579453 0.45582 0.357034 0.474425 0.56668 0.71546 1.0503 0.400155 0.140166 0.490347 0.411877 0.477329 1.61234 0.398517 0.402829 0.575321 0.405357 0.311487 0.33842 0.446025 1.35611 0.385915 0.460776 0.494277 0.372944 0.698385 0.354788 1.18271 0.773952 0.321752 0.353301 0.400383 0.342398 0.545628 0.535489 1.25483 0.377709 0.719298 0.353481 0.651836 0.365554 0.703361 0.361545 0.382297 0.402324 0.337875 0.345886 0.38786 0.54258 0.462261 0.464246 0.354106 0.348065 0.408425 0.319051 0.396072 0.406458 0.497282 0.398211 1.63606 0.321531 1.11457 1.13163 0.347494 0.589986 0.357289 0.406027 0.449463 0.345861 1.44652 0.397132 0.903549 1.25415 1.25185 0.403824 1.56673 0.649794 0.402448 0.718061 0.393053 0.400344 0.715319 0.90032 0.36493 0.411227 0.359758 0.394841 0.404338 0.328216 0.563251 0.462036 0.410624 0.54197 1.04991 1.05 0.488073 0.30813 0.464992 0.459903 0.302487 0.399072 0.54355 0.340422 0.457854 0.403199 0.387941 0.327946 0.369213 0.403126 0.400014 0.459592 0.337786 0.629509 0.405354 0.551571 0.456438 0.470838 0.405971 0.545282 0.540857 0.449734 0.293622 0.420941 1.3595 0.402379 0.718724 0.537164 0.47442 0.415258 0.363587 0.409135 0.5271 0.459997 0.323132 0.544624 0.844111 0.466185 0.389022 0.340072 0.351225 0.354907 0.340968 1.66 0.315708 0.480044 0.344671 0.462529 0.728238 0.360268 1.23245 0.402547 0.349973 0.486858 0.70042 0.300503 0.469708 0.357608 0.469601 0.449068 0.31611 1.12175 0.320726 0.471723 0.467775 0.649955 0.349316 0.374761 0.400957 0.309987 0.362188 0.342709 0.394382 0.40466 0.329539 0.139981 0.396663 0.389594 0.398057 0.54877 0.545558 0.547017 0.560159 0.459524 0.340674 0.399956 1.17742 0.374694 0.838034 0.393565 0.464818 0.463513 0.509257 0.332646 0.320738 0.471503 0.334215 0.477352 0.405892 1.05969 1.22419 0.525572 0.302312 0.377516 0.431173 0.330491 0.441871 0.289145 0.363337 0.404005 0.419767 0.311342 0.530388 0.308876 0.328578 0.549946 0.311124 0.325652 0.486169 0.340842 0.462968 0.404098 0.333754 0.394534 0.783871 0.392475 0.65629 0.469258 0.408614 0.473402 0.417298 0.545491 0.410618 0.404781 1.49391 0.9009 0.715702 0.462227 0.483077 0.321773 0.708785 0.30832 0.362197 0.544472 0.4734 0.330397 0.329262 0.293787 0.716888 0.405031 0.473472 0.473036 0.721829 0.723862 0.534539 0.330744 1.17458 0.328426 0.377712 0.344845 0.47472 1.09183 0.34538 0.339778 0.349272 0.371002 0.460108 0.31523 0.307556 0.507927 0.55012 0.388644 1.25229 0.411855 0.339972 0.334117 0.408465 0.358706 1.29072 0.470692 0.666815 0.544854 0.357526 1.64576 0.396618 1.16921 1.03643 0.472463 0.46406 0.35171 0.379292 0.385555 0.327842 0.395654 0.4511 0.298358 0.721204 0.509719 0.722684 0.459991 0.326515 0.311855 1.66 0.390831 0.408851 1.54666 0.322174 0.352651 1.21165 1.18961 0.39996 0.540855 1.25966 0.459124 0.368893 0.542746 1.03577 1.20524 0.717689 0.548236 0.404939 0.407343 0.390358 0.373582 0.71231 0.375251 0.323365 0.367652 0.353158 1.21762 0.401419 0.317152 1.23824 0.30586 0.479194 0.764857
Testing:
Lab Growth Rates:
0.5
Dot Production Prediction of Lab Growth Rates:
0.698599
Best performance so far: 
Obj: 4.65801e-310Rho: 2.26291e-314Diff: 4.65801e-310
Anneal again with the best G and E so far as input
Cycle 2Round 1
Iter 500000 pBad 0.876717 T 0.00333345 Obj 1.11903 Rho 0 GRdif 66.1276 success 106026 failure 6610 obj_new 1.11903 SA_pAcc 0.869296 Delta 0.0648907 SA_r 0.82054 freedomratio 0.249788
Iter 1000000 pBad 0.844474 T 0.00142232 Obj 1.09556 Rho 0 GRdif 53.6644 success 209806 failure 16717 obj_new 1.09556 SA_pAcc 1 Delta 0.019672 SA_r 0.38106 freedomratio 0.249682
Iter 1500000 pBad 0.799522 T 0.000606876 Obj 1.07906 Rho 0 GRdif 44.7393 success 312625 failure 30782 obj_new 1.07906 SA_pAcc 1.19569 Delta -0.0514187 SA_r 0.185427 freedomratio 0.243579
Iter 2000000 pBad 0.704231 T 0.000258942 Obj 1.05063 Rho 0 GRdif 29.0402 success 412551 failure 51433 obj_new 1.05063 SA_pAcc 1.72158 Delta 0.0299724 SA_r 0.289608 freedomratio 0.25
Iter 2500000 pBad 0.621604 T 0.000110486 Obj 1.0383 Rho 0 GRdif 22.102 success 510095 failure 78681 obj_new 1.0383 SA_pAcc 1 Delta -0.0136378 SA_r 0.566918 freedomratio 0.245717
Iter 3000000 pBad 0.551247 T 4.71421e-05 Obj 1.02958 Rho 0 GRdif 17.1386 success 606281 failure 109840 obj_new 1.02958 SA_pAcc 1 Delta 0.00704488 SA_r 0.617876 freedomratio 0.240885
Iter 3500000 pBad 0.517997 T 2.01146e-05 Obj 1.02329 Rho 0 GRdif 13.5373 success 699662 failure 147855 obj_new 1.02329 SA_pAcc 1 Delta 0.0212457 SA_r 0.110285 freedomratio 0.240688
Iter 4000000 pBad 0.512607 T 8.58252e-06 Obj 1.01936 Rho 0 GRdif 11.2723 success 791303 failure 189863 obj_new 1.01936 SA_pAcc 0.511706 Delta 0.0426956 SA_r 0.343608 freedomratio 0.242775
Iter 4500000 pBad 0.436439 T 3.662e-06 Obj 1.01514 Rho 0 GRdif 8.83818 success 883583 failure 230721 obj_new 1.01514 SA_pAcc 1 Delta 0.0126681 SA_r 0.0430355 freedomratio 0.236525
Iter 5000000 pBad 0.357915 T 1.5625e-06 Obj 1.01156 Rho 0 GRdif 6.75788 success 971938 failure 279889 obj_new 1.01156 SA_pAcc 0.808078 Delta 0.0180795 SA_r 0.772406 freedomratio 0.236715
Iter 5500000 pBad 0.222376 T 6.6669e-07 Obj 1.0103 Rho 0 GRdif 6.02288 success 1048117 failure 355557 obj_new 1.0103 SA_pAcc 0.591562 Delta 0.00241814 SA_r 0.134199 freedomratio 0.227554
Iter 6000000 pBad 0.148298 T 2.84464e-07 Obj 1.00975 Rho 0 GRdif 5.70401 success 1111228 failure 460567 obj_new 1.00975 SA_pAcc 0.32573 Delta -0.00732806 SA_r 0.0807766 freedomratio 0.22659
Iter 6500000 pBad 0.0856007 T 1.21375e-07 Obj 1.00933 Rho 0 GRdif 5.46187 success 1166182 failure 589498 obj_new 1.00933 SA_pAcc 1 Delta -0.00342514 SA_r 0.817263 freedomratio 0.206461
Iter 7000000 pBad 0.0411481 T 5.17884e-08 Obj 1.00922 Rho 0 GRdif 5.39733 success 1197165 failure 786965 obj_new 1.00922 SA_pAcc 4.71766 Delta -0.00076941 SA_r 0.978955 freedomratio 0.18738
Iter 7500000 pBad 0.0235105 T 2.20971e-08 Obj 1.00917 Rho 0 GRdif 5.36905 success 1217050 failure 1023549 obj_new 1.00917 SA_pAcc 1 Delta 0.00101743 SA_r 0.706948 freedomratio 0.177269
Iter 8000000 pBad 0.0151433 T 9.42842e-09 Obj 1.00914 Rho 0 GRdif 5.37453 success 1231012 failure 1287122 obj_new 1.00918 SA_pAcc 0 Delta -0.000288822 SA_r 0.331474 freedomratio 0.169306
Iter 8500000 pBad 0.0128701 T 4.02292e-09 Obj 1.00912 Rho 0 GRdif 5.33937 success 1241325 failure 1569032 obj_new 1.00912 SA_pAcc 9.36261e-15 Delta 0.000897856 SA_r 0.478582 freedomratio 0.166243
Iter 9000000 pBad 0.00609332 T 1.7165e-09 Obj 1.00911 Rho 0 GRdif 5.43009 success 1248237 failure 1865799 obj_new 1.00928 SA_pAcc 0 Delta -3.48516e-05 SA_r 0.435388 freedomratio 0.160393
Iter 9500000 pBad 0.0063289 T 7.32399e-10 Obj 1.00911 Rho 0 GRdif 5.32965 success 1253394 failure 2173236 obj_new 1.00911 SA_pAcc 1.25831e-35 Delta 0.000550356 SA_r 0.960981 freedomratio 0.156758
Good enough
iter 9.99996e+06 obj1.00909 rho 0 GRdif 5.32133
Training:
Lab Growth Rates:
0.42 1.345 0.3 0.4 0.48 0.45 0.59 0.377 0.27 0.54 1.43 0.47 0.4 0.42 0.47 0.56 0.56 0.33 0.41 0.23 0.45 0.55 1.345 0.4 0.47 0.4 1.483 0.37 0.32 0.49 0.46 0.45 0.68 0.58 0.47 0.09 0.56 1.05 0.46 0.46 0.5 0.26 0.5 0.19 0.47 0.637 0.762 0.54 0.37 0.4 0.52 0.46 0.26 0.4 0.42 0.53 0.56 0.45 0.55 0.4 0.45 1.248 0.53 0.43 0.55 0.52 0.23 0.46 1.67 0.48 0.47 0.3 0.724 0.53 0.56 0.7 0.34 0.48 0.59 0.48 0.46 0.5 0.636 0.3 0.33 0.686 0.43 0.47 0.4 0.53 0.59 0.43 1.248 0.58 0.4 0.42 0.52 0.37 0.22 0.5 0.53 0.901 0.4 0.49 0.43 0.36 0.5 0.648 0.5 0.6 0.45 0.6 0.4 0.1 0.53 0.37 0.4 0.1 0.36 0.47 1.345 0.65 0.56 0.55 0.37 0.54 0.43 0.68 0.33 0.25 0.48 0.38 0.47 0.37 0.45 0.5 1.248 0.3 1.483 0.4 0.1 0.39 1.248 0.36 0.54 1.483 1.44 0.56 0.43 0.7 0.52 0.1 0.65 0.4 0.5 0.55 0.3 0.58 0.4 0.5 1.483 0.25 0.465 0.25 1.05 0.58 0.45 0.37 0.42 0.52 0.56 0.3 0.481 0.4 0.39 0.55 0.46 0.54 0.27 0.31 0.19 0.5 0.686 0.36 1.483 0.4 0.43 0.58 0.5 0.54 0.5 0.41 0.54 0.22 0.58 0.43 0.481 0.39 0.485 0.47 0.5 0.45 0.65 1.49 0.42 0.51 0.5 0.47 0.42 0.56 0.54 0.6 0.22 0.54 0.22 0.42 0.22 0.4 0.45 0.43 0.23 0.47 1.05 0.1 0.49 0.58 0.54 0.32 0.47 0.54 0.59 0.4 0.47 0.648 0.901 0.465 0.37 0.5 0.5 0.4 0.48 0.42 0.4 0.37 0.23 0.3 0.56 0.53 1.46 0.53 0.22 1.345 0.1 0.31 0.54 0.52 0.53 0.27 0.635 1.46 0.47 0.14 0.5 0.4 0.46 1.42 0.4 0.4 0.31 0.4 0.42 0.45 0.1 1.38 0.41 0.485 0.37 0.58 0.5 0.52 1.483 0.5 0.33 0.54 0.4 0.36 0.54 0.54 1.345 0.42 0.724 0.42 0.65 0.53 0.7 0.52 0.3 0.4 0.5 0.5 0.2 0.59 0.485 0.301 0.59 0.36 0.47 0.11 0.4 0.4 0.25 0.52 0.45 0.41 0.762 0.762 0.59 0.42 0.54 0.4 0.43 0.46 1.67 0.4 0.901 1.483 1.345 0.4 0.45 0.65 0.4 0.724 0.36 0.26 0.637 0.901 0.54 0.47 0.54 0.4 0.4 0.53 0.55 0.41 0.37 0.55 1.05 1.05 0.58 0.17 0.68 0.68 0.5 0.4 0.59 0.34 0.377 0.4 0.4 0.36 0.54 0.4 0.4 0.46 0.45 0.65 0.4 0.617 0.377 0.476 0.4 0.59 0.56 0.58 0.25 0.23 1.03 0.37 0.71 0.5 0.58 0.37 0.46 0.4 0.53 0.301 0.58 0.59 0.25 0.481 0.4 0.5 0.41 0.47 0.27 1.66 0.42 0.58 0.42 0.301 0.5 0.5 1.345 0.53 0.48 0.58 0.7 0.3 0.465 0.22 0.56 0.55 0.54 0.762 0.39 0.476 0.476 0.65 0.5 0.42 0.4 0.58 0.39 0.27 0.2 0.4 0.17 0.14 0.37 0.51 0.53 0.23 0.56 0.59 0.59 0.54 0.59 0.4 1.345 0.59 0.1 0.4 0.68 0.54 0.3 0.45 0.33 0.47 0.43 0.5 0.4 1.46 1.483 0.5 0.19 0.51 0.09 0.47 0.33 0.48 0.25 0.4 0.23 0.38 0.54 0.54 0.59 0.55 0.3 0.11 0.58 0.3 0.41 0.4 0.33 0.4 0.5 0.47 0.65 0.33 0.4 0.56 0.43 0.54 0.4 0.4 1.4 0.901 0.635 0.46 0.56 0.33 0.648 0.46 0.41 0.55 0.58 0.47 0.46 0.39 0.637 0.4 0.47 0.22 0.686 0.636 0.6 0.4 1.483 0.09 0.52 0.36 0.58 1.248 0.42 0.32 0.59 0.25 0.46 0.34 0.5 0.46 0.56 0.27 1.345 0.37 0.45 0.46 0.4 0.45 1.43 0.485 0.65 0.56 0.48 0.45 0.4 1.345 0.901 0.5 0.41 0.54 0.45 0.52 0.54 0.37 0.46 0.46 0.636 0.3 0.71 0.46 0.38 0.47 1.66 0.54 0.4 0.1 0.42 0.53 1.345 1.483 0.4 0.23 1.483 0.55 0.17 0.56 1.46 1.35 0.71 0.23 0.4 0.52 0.2 0.38 0.635 0.58 0.58 0.38 0.11 1.483 0.4 0.46 1.345 0.3 0.58 0.5
Dot Production Prediction of Lab Growth Rates:
0.335641 0.903225 0.37194 0.401053 0.332879 1.59757 0.379944 0.506549 0.369644 0.337694 1.28809 0.344332 0.403372 0.329404 0.36438 0.528264 0.518869 0.423958 0.355549 0.522548 0.39271 0.450317 0.961304 0.400413 0.363801 0.399816 0.898547 0.409352 0.318066 0.378959 0.385062 0.325246 0.419571 0.451708 0.351006 0.361573 0.520228 1.6581 0.44186 0.389191 0.382365 0.397474 0.371491 0.341606 0.351665 0.687578 1.46296 0.529194 0.420288 0.400993 0.367538 0.387042 0.458972 0.397327 0.45632 0.519025 0.514551 1.55966 0.539921 0.401752 0.384675 1.24215 0.520332 0.374406 0.45138 0.395018 0.518288 0.456518 1.58889 0.321279 0.385925 0.328165 0.708253 0.427663 0.530206 0.573248 0.345815 0.362366 0.326479 0.316467 0.42113 0.465897 0.687987 0.316465 0.330064 0.704332 0.371546 0.356272 0.320081 0.528489 0.525609 0.365066 1.24803 0.450006 0.358951 0.33578 0.372844 0.412574 0.466099 0.357374 0.508796 0.893384 0.401784 0.3955 0.354384 0.358251 0.52959 0.692805 0.658257 0.312698 1.55181 0.316226 0.397407 0.757365 0.354781 0.409746 0.398376 0.81316 0.394764 0.383092 0.911458 0.656629 0.459879 0.449561 0.362954 0.361973 0.387866 0.417049 0.365562 0.343359 0.317719 0.322498 0.359623 0.397503 0.374193 0.603923 1.2629 0.32291 0.885749 0.397818 0.860775 0.31134 1.24052 0.360637 0.530234 0.888742 1.56368 0.446858 0.41419 0.57529 0.360185 0.397463 0.648683 0.39961 0.45949 0.438858 0.31173 0.334041 0.398315 0.337378 0.931911 1.57049 0.50156 0.455825 1.05154 0.327573 0.364079 0.408097 0.338114 0.365021 0.518609 0.280451 0.498451 0.399587 0.35173 0.5381 0.454271 0.434185 0.309428 0.483549 0.351917 0.567854 0.707184 0.344488 0.925543 0.402648 0.360015 0.388607 0.520689 0.358965 0.662099 0.377773 0.443626 0.461773 0.448087 0.359148 0.49736 0.367683 0.496908 0.415081 0.341747 0.373443 0.645412 1.59757 0.330941 0.380365 0.521814 0.429205 0.458323 0.448851 0.522326 0.322422 0.404908 0.438666 0.371725 0.341732 0.457371 0.399596 1.55242 0.39104 0.427531 0.333303 1.04998 0.339611 0.366093 0.358203 0.353809 0.340458 0.362746 0.354636 0.340985 0.398899 0.350462 0.692119 0.897742 0.500988 0.309466 0.455937 0.639027 0.40158 0.347256 0.339702 0.401592 0.422883 0.528831 0.301366 0.513593 0.506511 1.5784 0.316228 0.465489 0.968412 0.762643 0.480653 0.432033 0.350867 0.404927 0.498915 0.699667 1.00479 0.371361 0.140145 0.459925 0.403278 0.455058 1.6327 0.400405 0.400867 0.471589 0.402419 0.324918 0.337564 0.390561 1.32062 0.373721 0.502461 0.463776 0.358005 0.580697 0.388745 0.908198 0.633173 0.327204 0.382138 0.39947 0.360305 0.519431 0.526853 0.944155 0.343756 0.706932 0.329437 0.642409 0.386197 0.577823 0.371211 0.346214 0.400583 0.327727 0.32869 0.331905 0.529464 0.502041 0.515013 0.34668 0.368825 0.431037 0.343051 0.40093 0.401554 0.445052 0.387778 1.57994 0.331618 1.44275 1.48026 0.343945 0.461602 0.372177 0.401671 0.378949 0.339854 1.42126 0.399709 0.900988 0.91882 0.913737 0.40208 1.55116 0.643063 0.400981 0.70424 0.401242 0.341908 0.692681 0.897039 0.352514 0.37814 0.369882 0.399295 0.402507 0.328096 0.541973 0.516692 0.423746 0.532748 0.972905 1.05001 0.448144 0.33249 0.421381 0.414195 0.327612 0.399909 0.534535 0.334879 0.503016 0.401852 0.397346 0.340443 0.393117 0.401231 0.399984 0.449333 0.360922 0.635494 0.40056 0.616738 0.50589 0.502357 0.401796 0.530229 0.515838 0.44292 0.324979 0.427762 1.3987 0.41229 0.704098 0.52918 0.455823 0.423218 0.382046 0.402138 0.519057 0.517931 0.360759 0.535952 0.72108 0.49899 0.39517 0.373007 0.351583 0.359529 0.357202 1.66 0.317133 0.452641 0.338312 0.515506 0.603396 0.327643 0.889766 0.380047 0.3377 0.447398 0.579216 0.299435 0.498494 0.386874 0.454336 0.4452 0.321134 1.44212 0.306064 0.500299 0.501399 0.651092 0.353803 0.36992 0.399373 0.373618 0.322085 0.326613 0.356021 0.402413 0.315145 0.139728 0.408031 0.399505 0.402765 0.514204 0.519237 0.526188 0.526167 0.443583 0.326425 0.400166 0.922885 0.370597 0.76225 0.398448 0.419391 0.432473 0.30829 0.31291 0.353624 0.403899 0.368636 0.458402 0.403259 0.955426 0.869892 0.520469 0.346736 0.391696 0.421205 0.370307 0.449472 0.329524 0.344545 0.401553 0.429093 0.324818 0.518208 0.33078 0.322675 0.53527 0.30791 0.373388 0.453912 0.322773 0.515441 0.401345 0.365184 0.398773 0.65845 0.371804 0.65323 0.448676 0.402962 0.461902 0.368945 0.522768 0.401916 0.401839 1.42271 0.903167 0.701037 0.450343 0.449227 0.331049 0.685038 0.327107 0.381546 0.533015 0.453883 0.357115 0.367788 0.350643 0.692485 0.400473 0.399731 0.457239 0.705024 0.708587 0.326188 0.334251 0.912051 0.352557 0.397365 0.343176 0.453864 1.24903 0.33818 0.352472 0.341534 0.339443 0.44647 0.340801 0.346683 0.471215 0.523214 0.348438 0.916139 0.370247 0.340963 0.374219 0.402831 0.320746 1.29489 0.500402 0.650423 0.519537 0.331961 1.58344 0.400756 0.913255 1.28428 0.453704 0.510368 0.370631 0.347526 0.373204 0.346286 0.409862 0.392932 0.308596 0.702332 0.325592 0.710564 0.44843 0.312692 0.364589 1.66 0.354669 0.40294 1.5151 0.329735 0.358758 0.941754 0.895386 0.399195 0.529388 0.879347 0.454657 0.409113 0.522765 1.0032 1.14676 0.702481 0.519101 0.400522 0.372386 0.368965 0.338414 0.698115 0.370894 0.373313 0.353143 0.373293 0.936911 0.401191 0.349577 0.928478 0.30243 0.458555 0.642233
Testing:
Lab Growth Rates:
0.5
Dot Production Prediction of Lab Growth Rates:
0.592487
Best performance so far: 
Obj: 4.65801e-310Rho: 6.5069e-314Diff: 4.65801e-310
Test:
 Lab Growth Rates:
0.5Dot Product Prediction of Growth Rate:
0.5924875