seed =  5 traits =  1 
Training: part  11 
Training: part  11 
Round  1 
 Goal of obj  0.99 
Temperature range:  0.015625 3.125e-11 
Cycle 1Round 1
Iter 500000 pBad 0.980215 T 0.00573948 Obj 1.20077 Rho 0 GRdif 107.215 success 101459 failure 495 obj_new 1.20077 SA_pAcc 1 Delta 0.0262567 SA_r 0.742732 freedomratio 0.38502
Iter 1000000 pBad 0.848296 T 0.00210826 Obj 1.12044 Rho 0 GRdif 66.6401 success 217916 failure 5728 obj_new 1.12044 SA_pAcc 1.04565 Delta 0.050692 SA_r 0.42951 freedomratio 0.370183
Iter 1500000 pBad 0.824506 T 0.000774418 Obj 1.04962 Rho 0 GRdif 28.3806 success 361857 failure 21729 obj_new 1.04962 SA_pAcc 1.15581 Delta -0.0474461 SA_r 0.132672 freedomratio 0.357753
Iter 2000000 pBad 0.758866 T 0.000284464 Obj 1.03694 Rho 0 GRdif 21.2568 success 503721 failure 42535 obj_new 1.03694 SA_pAcc 0.803932 Delta 0.054265 SA_r 0.607896 freedomratio 0.365793
Iter 2500000 pBad 0.691155 T 0.000104491 Obj 1.02593 Rho 0 GRdif 14.9993 success 644119 failure 67133 obj_new 1.02593 SA_pAcc 1.15471 Delta -0.0370799 SA_r 0.71142 freedomratio 0.368785
Iter 3000000 pBad 0.610567 T 3.83822e-05 Obj 1.02118 Rho 0 GRdif 12.2828 success 780262 failure 98094 obj_new 1.02118 SA_pAcc 1 Delta -0.0354506 SA_r 0.897712 freedomratio 0.372537
Iter 3500000 pBad 0.55069 T 1.40988e-05 Obj 1.01642 Rho 0 GRdif 9.54373 success 912089 failure 137489 obj_new 1.01642 SA_pAcc 1.28315 Delta 0.0443925 SA_r 0.0475897 freedomratio 0.367859
Iter 4000000 pBad 0.431491 T 5.17884e-06 Obj 1.01386 Rho 0 GRdif 8.06852 success 1037490 failure 189497 obj_new 1.01386 SA_pAcc 1.00055 Delta 0.0135892 SA_r 0.246804 freedomratio 0.349851
Iter 4500000 pBad 0.310766 T 1.90232e-06 Obj 1.01136 Rho 0 GRdif 6.61839 success 1148570 failure 269614 obj_new 1.01136 SA_pAcc 1.03874 Delta 0.00176169 SA_r 0.492101 freedomratio 0.337169
Iter 5000000 pBad 0.19891 T 6.98773e-07 Obj 1.00974 Rho 0 GRdif 5.67835 success 1243429 failure 383248 obj_new 1.00974 SA_pAcc 0.478227 Delta 0.010437 SA_r 0.154748 freedomratio 0.330327
Iter 5500000 pBad 0.13062 T 2.56677e-07 Obj 1.00907 Rho 0 GRdif 5.29125 success 1316807 failure 543452 obj_new 1.00907 SA_pAcc 0.932506 Delta 0.000296466 SA_r 0.0889973 freedomratio 0.296559
Iter 6000000 pBad 0.0473601 T 9.42842e-08 Obj 1.00886 Rho 0 GRdif 5.17629 success 1363073 failure 770832 obj_new 1.00887 SA_pAcc 3.88926e-48 Delta -0.000735687 SA_r 0.872619 freedomratio 0.25346
Iter 6500000 pBad 0.030152 T 3.4633e-08 Obj 1.00879 Rho 0 GRdif 5.12831 success 1389954 failure 1053907 obj_new 1.00879 SA_pAcc 2.3292e-27 Delta -0.000455873 SA_r 0.661322 freedomratio 0.229175
Iter 7000000 pBad 0.0142583 T 1.27216e-08 Obj 1.00875 Rho 0 GRdif 5.10764 success 1406202 failure 1372372 obj_new 1.00875 SA_pAcc 1 Delta 0.00117014 SA_r 0.816756 freedomratio 0.216156
Iter 7500000 pBad 0.0106541 T 4.67297e-09 Obj 1.00874 Rho 0 GRdif 5.10162 success 1416268 failure 1713550 obj_new 1.00874 SA_pAcc 1 Delta -0.000466731 SA_r 0.355435 freedomratio 0.210564
Iter 8000000 pBad 0.00614757 T 1.7165e-09 Obj 1.00874 Rho 0 GRdif 5.09836 success 1423035 failure 2066963 obj_new 1.00874 SA_pAcc 1.14661 Delta -2.49193e-05 SA_r 0.532537 freedomratio 0.205614
Iter 8500000 pBad 0.00690336 T 6.30516e-10 Obj 1.00874 Rho 0 GRdif 5.09677 success 1427494 failure 2427800 obj_new 1.00874 SA_pAcc 4.74918e-47 Delta -0.000295728 SA_r 0.498601 freedomratio 0.203826
Iter 9000000 pBad 0.00237394 T 2.31605e-10 Obj 1.00873 Rho 0 GRdif 5.09572 success 1430185 failure 2794583 obj_new 1.00873 SA_pAcc 6.96635e-47 Delta 0.000171006 SA_r 0.375575 freedomratio 0.201791
Iter 9500000 pBad 0.00140108 T 8.50745e-11 Obj 1.00873 Rho 0 GRdif 5.09498 success 1432221 failure 3164575 obj_new 1.00873 SA_pAcc 8.99005e-85 Delta 0.00013473 SA_r 0.564149 freedomratio 0.199455
Iter 10000000 pBad 0.000701895 T 3.12501e-11 Obj 1.00873 Rho 0 GRdif 5.09458 success 1433545 failure 3537769 obj_new 1.00873 SA_pAcc 1 Delta 4.06852e-05 SA_r 0.10361 freedomratio 0.199659
Cannot move further
iter 9.9998e+06 obj1.00873 rho 0 GRdif 5.09458
Training:
Lab Growth Rates:
1.43 0.1 1.345 0.48 0.47 0.36 0.3 0.56 0.52 0.41 1.483 0.55 0.22 0.5 1.44 0.5 0.46 0.51 0.37 1.248 0.23 0.26 0.22 0.5 0.2 0.3 0.377 0.31 0.19 0.32 0.48 0.55 0.47 0.4 0.54 1.483 1.345 1.483 0.45 0.36 0.26 0.42 0.09 1.483 0.56 0.3 0.56 0.1 0.23 0.56 0.5 0.38 0.71 0.59 1.4 0.476 0.636 0.617 0.58 0.5 0.56 0.5 0.53 0.3 0.23 0.5 0.34 0.59 0.54 0.5 0.46 0.42 0.481 0.46 0.58 0.4 0.47 0.46 0.47 0.5 0.636 0.5 0.52 0.58 0.52 0.54 0.47 0.53 0.47 0.4 0.45 0.22 0.53 0.58 0.5 0.4 0.55 1.248 0.54 0.42 0.54 1.483 0.45 0.4 0.48 0.54 0.762 1.66 1.345 0.53 0.55 0.38 0.686 0.33 0.45 0.485 0.4 0.4 0.46 1.46 0.4 0.4 1.345 0.45 0.5 0.901 0.56 0.47 0.1 0.637 0.465 0.48 0.23 0.7 0.46 0.68 0.45 0.33 0.39 0.45 0.47 0.53 0.37 0.42 0.4 0.4 0.4 1.483 0.54 0.637 0.4 0.42 0.17 0.4 0.54 0.5 1.05 1.483 0.65 0.636 0.39 0.54 0.59 0.49 0.47 0.58 0.42 0.55 0.901 0.32 0.56 0.48 0.45 0.34 0.43 0.58 0.37 0.36 0.25 0.4 0.724 0.55 0.71 0.31 0.46 0.52 0.4 0.4 0.59 0.33 0.56 0.51 0.4 0.54 0.4 0.58 0.648 0.59 0.5 0.46 0.49 0.58 0.22 0.3 0.56 0.45 0.762 0.47 1.248 0.58 0.59 0.6 1.345 0.45 0.33 0.3 0.54 0.55 0.19 0.23 0.901 0.3 0.11 0.71 0.27 0.47 0.37 0.54 0.4 0.686 1.46 0.54 0.14 0.4 0.3 0.42 0.56 0.1 0.25 0.4 1.42 0.33 0.476 0.37 0.4 0.377 0.25 0.5 0.25 0.4 0.4 0.46 0.56 1.248 1.05 0.37 0.4 0.33 0.54 0.42 0.5 0.25 0.59 1.345 0.46 0.47 0.54 0.56 0.4 0.43 0.42 1.345 1.345 0.39 0.4 0.53 0.65 0.45 0.39 0.27 0.38 0.5 0.54 0.37 0.52 0.46 0.7 0.09 0.37 0.4 0.3 0.14 0.58 0.724 0.53 0.53 0.47 1.345 0.5 0.58 0.52 0.23 1.43 0.48 0.22 0.4 1.49 0.48 0.43 0.47 0.6 0.6 0.41 0.485 0.3 0.39 0.55 0.59 0.3 0.45 0.485 0.4 0.5 0.4 0.481 0.46 0.56 0.56 0.43 0.33 0.47 0.19 0.58 1.483 0.55 0.5 0.42 0.45 0.27 0.5 0.41 0.37 0.4 0.43 0.47 0.54 1.46 0.17 0.56 0.53 0.7 0.53 0.5 0.36 0.5 0.58 0.36 0.54 0.47 0.42 0.43 0.4 0.47 0.47 0.1 0.42 0.4 0.52 1.345 0.54 0.46 0.43 0.34 0.25 0.55 0.301 0.59 0.56 0.1 1.46 0.17 0.49 0.5 0.45 0.4 0.3 0.56 0.59 0.33 0.4 0.22 0.53 0.25 0.42 1.483 0.37 0.4 0.38 0.36 0.38 0.42 0.53 0.23 0.3 0.46 0.68 0.59 0.648 1.345 1.483 0.58 0.476 0.637 0.4 0.43 0.37 0.54 0.68 0.41 0.5 0.52 0.901 0.648 0.36 0.47 0.4 0.41 0.58 0.11 0.56 0.7 0.51 0.37 0.41 0.43 0.36 0.43 0.42 0.901 0.11 0.46 0.27 0.55 0.52 0.54 0.59 1.66 1.05 0.47 0.1 0.22 0.45 0.59 1.67 0.32 0.58 0.46 0.45 0.54 0.5 0.4 0.39 0.45 0.52 0.4 0.54 0.09 0.485 0.4 1.38 0.4 0.42 0.4 0.4 0.41 0.58 0.46 0.54 0.27 0.53 0.5 0.65 0.58 0.2 0.27 0.481 0.58 0.4 0.45 0.52 0.65 0.4 0.47 0.65 0.54 1.35 0.901 0.46 0.43 0.46 0.65 0.31 0.4 0.47 1.248 0.5 0.43 0.65 0.55 0.36 1.483 0.42 0.52 0.465 0.37 0.65 0.65 1.345 0.2 0.33 0.4 0.4 0.4 0.724 0.25 1.67 0.23 0.377 0.37 0.5 0.53 0.41 0.5 0.37 0.41 0.26 0.59 0.4 0.762 0.6 0.54 0.4 1.05 1.03 0.5 0.59 0.48 1.483 0.4 0.58 0.23 0.5 0.301 0.46 0.45 0.68 0.4 0.46 0.5 0.5 0.4 0.4 0.3 0.53 0.22 0.4 0.37 0.68 0.54 0.762 1.05 0.301 0.47 0.54 0.4 0.4 0.48 0.686 0.59 0.4 0.42 0.465 0.1 0.1 0.58 0.4
Dot Production Prediction of Lab Growth Rates:
1.35169 0.946045 1.0273 0.308634 0.365629 0.326608 0.408488 0.550205 0.401426 0.385942 0.998274 0.549983 0.439668 0.480312 1.53756 0.582424 0.446754 0.395006 0.415416 1.24825 0.553044 0.572678 0.469919 0.388096 0.381904 0.30305 0.464879 0.568114 0.350154 0.318999 0.353606 0.551729 0.375943 0.398278 0.432355 1.00503 1.05987 0.992997 0.403162 0.375456 0.471345 0.56892 0.446051 1.01293 0.548018 0.351676 0.544491 0.787553 0.546753 0.551172 0.557875 0.31192 0.72137 0.341536 1.4 0.474176 0.719043 0.551609 0.454686 0.346462 0.552087 0.460197 0.432112 0.363353 0.547527 0.635013 0.331732 0.54684 0.464151 0.363743 0.500832 0.349818 0.479727 0.461814 0.389873 0.40296 0.462968 0.369088 0.360674 0.550518 0.729948 0.408354 0.352925 0.373934 0.374901 0.3741 0.398525 0.41029 0.348573 0.404192 1.54573 0.466018 0.36979 0.373657 0.58309 0.401339 0.452633 1.24478 0.431905 0.346909 0.463882 1.03859 1.50602 0.400341 0.351337 0.354856 1.44262 1.66 1.0173 0.528276 0.45852 0.368591 0.716812 0.330181 1.48389 0.475308 0.402864 0.403469 0.30791 1.58717 0.386476 0.398225 1.02357 0.351248 0.66778 0.892368 0.4714 0.432813 0.953186 0.726647 0.470851 0.351105 0.435222 0.699052 0.459961 0.449087 1.58074 0.366319 0.361799 0.333526 0.382358 0.483356 0.30829 0.356286 0.398676 0.402622 0.399422 1.04888 0.389676 0.717722 0.400474 0.557712 0.335371 0.402305 0.538788 0.674992 1.05001 1.02638 0.63955 0.725028 0.362661 0.556479 0.349228 0.39167 0.357379 0.474215 0.346765 0.456207 1.27786 0.33337 0.471841 0.331165 0.353535 0.340583 0.392368 0.368965 0.413917 0.340603 0.330546 0.403043 0.717629 0.556184 0.718344 0.569991 0.34678 0.377985 0.40195 0.403063 0.353045 0.49084 0.467209 0.426587 0.39982 0.539318 0.399714 0.455815 0.709514 0.340647 0.475065 0.30026 0.37284 0.464385 0.467084 0.467291 0.54914 0.412989 1.4821 0.347527 1.24795 0.388072 0.554982 0.461189 1.01116 1.50562 0.377727 0.426966 0.374331 0.54859 0.331075 0.558685 0.895623 0.440692 0.329828 0.711589 0.379711 0.452577 0.419058 0.372862 0.402727 0.719678 1.03065 0.551206 0.140055 0.399569 0.427569 0.360599 0.535053 1.02858 0.354987 0.402596 1.55938 0.500716 0.471198 0.42515 0.404354 0.466616 0.353501 0.46222 0.35385 0.339989 0.401233 0.417915 0.463704 1.24732 1.05361 0.517149 0.399997 0.350077 0.313918 0.347132 0.477423 1.55098 0.323169 1.04445 0.446706 0.397123 0.387884 0.547578 0.398464 0.37919 0.392975 1.00833 1.03016 0.312441 0.403263 0.510297 0.649994 0.400955 0.350383 0.377501 0.313662 0.649737 0.446669 0.423277 0.412118 0.518287 0.691517 0.358302 0.434153 0.402088 0.29974 0.139918 0.461141 0.723021 0.336056 0.534512 0.351762 1.01209 0.33029 0.461185 0.375496 0.431153 1.33749 0.330053 0.471818 0.4033 1.58074 0.329834 0.424335 0.342225 0.445543 0.458298 0.484704 0.483697 0.310961 0.333352 0.433445 0.5553 0.436287 0.347051 0.482445 0.402261 0.330789 0.402253 0.47716 0.505034 0.466067 0.528359 0.452303 0.323314 0.415322 0.329134 0.47307 1.00138 0.548262 0.334394 0.342344 0.369181 0.327111 0.598091 0.365936 0.389581 0.401379 0.355488 0.369912 0.386174 1.03935 0.431108 0.543212 0.527315 0.695118 0.363398 0.557012 0.425257 0.32741 0.35866 0.43049 0.370855 0.385258 0.337352 0.391577 0.401727 0.468866 0.354822 0.368099 0.306197 0.401879 0.404689 1.00912 0.543131 0.461445 0.384256 0.335153 0.535544 0.447693 0.480211 0.392628 0.465234 1.11183 1.03432 0.343739 0.415515 0.33435 1.5254 0.399544 0.382572 0.554041 0.557349 0.444018 0.400967 0.35897 0.548835 0.778739 0.344945 0.986142 0.433605 0.402998 0.321007 0.335734 0.379046 0.34332 0.543494 0.431488 0.392921 0.382898 0.4528 0.551411 0.718195 1.04683 0.999455 0.470724 0.479126 0.72242 0.400664 0.398146 0.420906 0.546515 0.450195 0.485674 0.572702 0.406667 0.896187 0.715361 0.34353 0.395299 0.399161 0.369555 0.460718 0.360188 0.543151 0.705106 0.412864 0.417717 0.483323 0.433967 0.368587 0.399179 0.323989 0.904592 0.378341 0.404154 0.549005 0.547285 0.371867 0.34775 0.409889 1.66 1.57295 0.417422 1.46509 0.399001 0.346084 0.551313 1.52742 0.353622 0.464409 0.336498 0.383579 0.405023 0.70082 0.342436 0.334266 0.367514 0.377528 0.404234 0.3813 0.341235 0.480115 0.403496 1.35769 0.401895 0.55141 0.400102 0.403531 0.320833 0.308923 0.457296 0.36089 0.354515 0.412565 0.469746 0.629215 0.324431 0.362244 0.37114 0.477779 0.38879 0.399915 1.53522 0.347727 0.658572 0.403723 0.391922 0.651156 0.543055 1.26807 0.901 0.41134 0.36593 0.467311 0.628218 0.558837 0.402738 0.373285 1.2603 0.542622 0.364904 0.652285 0.447516 0.352092 1.02153 0.387835 0.388983 0.47379 0.427035 0.650303 0.645353 1.05763 0.389397 0.327139 0.403123 0.40253 0.400753 0.723951 0.495152 1.3393 0.543916 0.472331 0.397713 0.400589 0.316804 0.389975 0.343737 0.382296 0.348465 0.377392 0.359241 0.403638 1.45124 0.449556 0.370369 0.402436 1.03318 1.36696 0.587272 0.55084 0.317305 1.0301 0.403625 0.4602 0.555016 0.371337 0.482212 0.435247 0.362843 0.447716 0.402092 0.45268 0.680584 0.542 0.408228 0.405007 0.455454 0.526099 0.465824 0.401024 0.434113 0.447877 0.422995 1.43828 1.04178 0.476242 0.378785 0.326462 0.403488 0.40151 0.311992 0.718179 0.365898 0.395783 0.310228 0.470299 0.451559 0.440475 0.476746 0.401685
Testing:
Lab Growth Rates:
0.635 0.635 0.635
Dot Production Prediction of Lab Growth Rates:
0.716704 0.720828 0.716823
Best performance so far: 
Obj: 4.64642e-310Rho: 2.26291e-314Diff: 4.64642e-310
Anneal again with the best G and E so far as input
Cycle 2Round 1
Iter 500000 pBad 0.959067 T 0.00573948 Obj 1.20077 Rho 0 GRdif 107.215 success 49595 failure 550 obj_new 1.20077 SA_pAcc 1 Delta -0.0222293 SA_r 0.558736 freedomratio 0.249256
Iter 1000000 pBad 0.940998 T 0.00210826 Obj 1.19879 Rho 0 GRdif 106.249 success 104219 failure 1441 obj_new 1.19879 SA_pAcc 0.987939 Delta -0.0324895 SA_r 0.155659 freedomratio 0.246841
Iter 1500000 pBad 0.746022 T 0.000774418 Obj 1.09368 Rho 0 GRdif 52.4749 success 195873 failure 11917 obj_new 1.09368 SA_pAcc 1.28 Delta 0.0540639 SA_r 0.0276751 freedomratio 0.245496
Iter 2000000 pBad 0.663043 T 0.000284464 Obj 1.0481 Rho 0 GRdif 27.5301 success 294194 failure 36060 obj_new 1.0481 SA_pAcc 1.26113 Delta 0.0293904 SA_r 0.742228 freedomratio 0.245599
Iter 2500000 pBad 0.618654 T 0.000104491 Obj 1.03561 Rho 0 GRdif 20.5021 success 389119 failure 67020 obj_new 1.03561 SA_pAcc 1 Delta -0.0524925 SA_r 0.808016 freedomratio 0.244472
Iter 3000000 pBad 0.55022 T 3.83822e-05 Obj 1.02333 Rho 0 GRdif 13.5166 success 482027 failure 104785 obj_new 1.02333 SA_pAcc 0.997143 Delta -0.0395185 SA_r 0.318724 freedomratio 0.239869
Iter 3500000 pBad 0.533667 T 1.40988e-05 Obj 1.01812 Rho 0 GRdif 10.5234 success 574278 failure 144164 obj_new 1.01812 SA_pAcc 0.850992 Delta -0.0237418 SA_r 0.463042 freedomratio 0.238891
Iter 4000000 pBad 0.480463 T 5.17884e-06 Obj 1.01488 Rho 0 GRdif 8.6552 success 666414 failure 183038 obj_new 1.01488 SA_pAcc 1.01173 Delta -0.0141355 SA_r 0.29108 freedomratio 0.243053
Iter 4500000 pBad 0.402811 T 1.90232e-06 Obj 1.01229 Rho 0 GRdif 7.15598 success 755659 failure 226421 obj_new 1.01229 SA_pAcc 1.63994 Delta -0.0255463 SA_r 0.700442 freedomratio 0.239673
Iter 5000000 pBad 0.262114 T 6.98773e-07 Obj 1.01008 Rho 0 GRdif 5.87914 success 836464 failure 289436 obj_new 1.01008 SA_pAcc 0.914096 Delta 0.00114183 SA_r 0.512609 freedomratio 0.231621
Iter 5500000 pBad 0.169005 T 2.56677e-07 Obj 1.00927 Rho 0 GRdif 5.40768 success 904815 failure 382681 obj_new 1.00927 SA_pAcc 1 Delta 0.00888193 SA_r 0.683869 freedomratio 0.221718
Iter 6000000 pBad 0.0889398 T 9.42842e-08 Obj 1.00902 Rho 0 GRdif 5.26452 success 946979 failure 541422 obj_new 1.00902 SA_pAcc 9.59811 Delta -0.00286301 SA_r 0.113645 freedomratio 0.204395
Iter 6500000 pBad 0.0496799 T 3.4633e-08 Obj 1.00888 Rho 0 GRdif 5.18127 success 977414 failure 738797 obj_new 1.00888 SA_pAcc 1 Delta 0.00124501 SA_r 0.523084 freedomratio 0.186565
Iter 7000000 pBad 0.0223749 T 1.27216e-08 Obj 1.0088 Rho 0 GRdif 5.14462 success 997724 failure 978762 obj_new 1.00882 SA_pAcc 0 Delta -0.00194629 SA_r 0.265274 freedomratio 0.170052
Iter 7500000 pBad 0.00749199 T 4.67297e-09 Obj 1.00875 Rho 0 GRdif 5.10469 success 1011475 failure 1253107 obj_new 1.00875 SA_pAcc 7.10966e-158 Delta 0.000303031 SA_r 0.111652 freedomratio 0.160592
Iter 8000000 pBad 0.00799587 T 1.7165e-09 Obj 1.00873 Rho 0 GRdif 5.09428 success 1021100 failure 1552617 obj_new 1.00873 SA_pAcc 0 Delta -0.000474845 SA_r 0.669041 freedomratio 0.154211
Iter 8500000 pBad 0.00314167 T 6.30516e-10 Obj 1.00872 Rho 0 GRdif 5.08568 success 1027375 failure 1872653 obj_new 1.00872 SA_pAcc 1 Delta 4.38038e-05 SA_r 0.77392 freedomratio 0.149681
Iter 9000000 pBad 0.00359606 T 2.31605e-10 Obj 1.00871 Rho 0 GRdif 5.08277 success 1031360 failure 2204116 obj_new 1.00871 SA_pAcc 1 Delta 0.000223975 SA_r 0.971773 freedomratio 0.146537
Iter 9500000 pBad 0.00105972 T 8.50745e-11 Obj 1.00871 Rho 0 GRdif 5.08135 success 1034256 failure 2545126 obj_new 1.00871 SA_pAcc 0 Delta 3.20834e-06 SA_r 0.299201 freedomratio 0.143945
Good enough
iter 9.99978e+06 obj1.00871 rho 0 GRdif 5.08005
Training:
Lab Growth Rates:
1.43 0.1 1.345 0.48 0.47 0.36 0.3 0.56 0.52 0.41 1.483 0.55 0.22 0.5 1.44 0.5 0.46 0.51 0.37 1.248 0.23 0.26 0.22 0.5 0.2 0.3 0.377 0.31 0.19 0.32 0.48 0.55 0.47 0.4 0.54 1.483 1.345 1.483 0.45 0.36 0.26 0.42 0.09 1.483 0.56 0.3 0.56 0.1 0.23 0.56 0.5 0.38 0.71 0.59 1.4 0.476 0.636 0.617 0.58 0.5 0.56 0.5 0.53 0.3 0.23 0.5 0.34 0.59 0.54 0.5 0.46 0.42 0.481 0.46 0.58 0.4 0.47 0.46 0.47 0.5 0.636 0.5 0.52 0.58 0.52 0.54 0.47 0.53 0.47 0.4 0.45 0.22 0.53 0.58 0.5 0.4 0.55 1.248 0.54 0.42 0.54 1.483 0.45 0.4 0.48 0.54 0.762 1.66 1.345 0.53 0.55 0.38 0.686 0.33 0.45 0.485 0.4 0.4 0.46 1.46 0.4 0.4 1.345 0.45 0.5 0.901 0.56 0.47 0.1 0.637 0.465 0.48 0.23 0.7 0.46 0.68 0.45 0.33 0.39 0.45 0.47 0.53 0.37 0.42 0.4 0.4 0.4 1.483 0.54 0.637 0.4 0.42 0.17 0.4 0.54 0.5 1.05 1.483 0.65 0.636 0.39 0.54 0.59 0.49 0.47 0.58 0.42 0.55 0.901 0.32 0.56 0.48 0.45 0.34 0.43 0.58 0.37 0.36 0.25 0.4 0.724 0.55 0.71 0.31 0.46 0.52 0.4 0.4 0.59 0.33 0.56 0.51 0.4 0.54 0.4 0.58 0.648 0.59 0.5 0.46 0.49 0.58 0.22 0.3 0.56 0.45 0.762 0.47 1.248 0.58 0.59 0.6 1.345 0.45 0.33 0.3 0.54 0.55 0.19 0.23 0.901 0.3 0.11 0.71 0.27 0.47 0.37 0.54 0.4 0.686 1.46 0.54 0.14 0.4 0.3 0.42 0.56 0.1 0.25 0.4 1.42 0.33 0.476 0.37 0.4 0.377 0.25 0.5 0.25 0.4 0.4 0.46 0.56 1.248 1.05 0.37 0.4 0.33 0.54 0.42 0.5 0.25 0.59 1.345 0.46 0.47 0.54 0.56 0.4 0.43 0.42 1.345 1.345 0.39 0.4 0.53 0.65 0.45 0.39 0.27 0.38 0.5 0.54 0.37 0.52 0.46 0.7 0.09 0.37 0.4 0.3 0.14 0.58 0.724 0.53 0.53 0.47 1.345 0.5 0.58 0.52 0.23 1.43 0.48 0.22 0.4 1.49 0.48 0.43 0.47 0.6 0.6 0.41 0.485 0.3 0.39 0.55 0.59 0.3 0.45 0.485 0.4 0.5 0.4 0.481 0.46 0.56 0.56 0.43 0.33 0.47 0.19 0.58 1.483 0.55 0.5 0.42 0.45 0.27 0.5 0.41 0.37 0.4 0.43 0.47 0.54 1.46 0.17 0.56 0.53 0.7 0.53 0.5 0.36 0.5 0.58 0.36 0.54 0.47 0.42 0.43 0.4 0.47 0.47 0.1 0.42 0.4 0.52 1.345 0.54 0.46 0.43 0.34 0.25 0.55 0.301 0.59 0.56 0.1 1.46 0.17 0.49 0.5 0.45 0.4 0.3 0.56 0.59 0.33 0.4 0.22 0.53 0.25 0.42 1.483 0.37 0.4 0.38 0.36 0.38 0.42 0.53 0.23 0.3 0.46 0.68 0.59 0.648 1.345 1.483 0.58 0.476 0.637 0.4 0.43 0.37 0.54 0.68 0.41 0.5 0.52 0.901 0.648 0.36 0.47 0.4 0.41 0.58 0.11 0.56 0.7 0.51 0.37 0.41 0.43 0.36 0.43 0.42 0.901 0.11 0.46 0.27 0.55 0.52 0.54 0.59 1.66 1.05 0.47 0.1 0.22 0.45 0.59 1.67 0.32 0.58 0.46 0.45 0.54 0.5 0.4 0.39 0.45 0.52 0.4 0.54 0.09 0.485 0.4 1.38 0.4 0.42 0.4 0.4 0.41 0.58 0.46 0.54 0.27 0.53 0.5 0.65 0.58 0.2 0.27 0.481 0.58 0.4 0.45 0.52 0.65 0.4 0.47 0.65 0.54 1.35 0.901 0.46 0.43 0.46 0.65 0.31 0.4 0.47 1.248 0.5 0.43 0.65 0.55 0.36 1.483 0.42 0.52 0.465 0.37 0.65 0.65 1.345 0.2 0.33 0.4 0.4 0.4 0.724 0.25 1.67 0.23 0.377 0.37 0.5 0.53 0.41 0.5 0.37 0.41 0.26 0.59 0.4 0.762 0.6 0.54 0.4 1.05 1.03 0.5 0.59 0.48 1.483 0.4 0.58 0.23 0.5 0.301 0.46 0.45 0.68 0.4 0.46 0.5 0.5 0.4 0.4 0.3 0.53 0.22 0.4 0.37 0.68 0.54 0.762 1.05 0.301 0.47 0.54 0.4 0.4 0.48 0.686 0.59 0.4 0.42 0.465 0.1 0.1 0.58 0.4
Dot Production Prediction of Lab Growth Rates:
1.28454 0.957102 0.889807 0.303426 0.364512 0.328774 0.418912 0.541613 0.403183 0.377887 0.883563 0.548592 0.435294 0.469911 1.53276 0.506024 0.455824 0.401251 0.424266 0.830063 0.534206 0.545422 0.464771 0.389923 0.418546 0.299963 0.463936 0.544878 0.332766 0.301712 0.365882 0.547293 0.399256 0.390747 0.429191 0.859136 0.902219 0.878326 0.415798 0.366799 0.465303 0.573402 0.454582 0.8756 0.538208 0.340094 0.539387 0.664473 0.543457 0.530898 0.53376 0.326224 0.721889 0.322338 1.41287 0.468748 0.726005 0.596241 0.456442 0.3397 0.541003 0.464274 0.433346 0.296828 0.540856 0.538895 0.319036 0.547124 0.453936 0.363946 0.519874 0.346658 0.463129 0.459994 0.372661 0.402212 0.478917 0.377452 0.345618 0.544549 0.726105 0.39339 0.33947 0.371826 0.359796 0.403482 0.417436 0.404189 0.332254 0.401013 1.54527 0.464711 0.359829 0.350369 0.484002 0.396741 0.440686 0.830179 0.43076 0.34487 0.454341 0.87717 1.46039 0.401043 0.340903 0.346174 0.764122 1.64275 0.883858 0.535599 0.437899 0.370384 0.72291 0.33972 1.47005 0.465342 0.401021 0.401544 0.291862 1.59755 0.409796 0.399753 0.892409 0.341713 0.563093 0.941462 0.470809 0.440552 0.966427 0.721813 0.466681 0.339966 0.434795 0.698032 0.462088 0.423144 1.53853 0.371814 0.366283 0.311036 0.367435 0.486473 0.319173 0.363893 0.396845 0.401274 0.398596 0.881069 0.382944 0.719441 0.399994 0.568404 0.339682 0.400446 0.540271 0.528878 1.05 0.89823 0.632121 0.72669 0.335264 0.540992 0.346766 0.370858 0.368242 0.469969 0.350973 0.438523 0.788114 0.320941 0.468588 0.309669 0.360376 0.331265 0.423867 0.385009 0.44023 0.326029 0.31115 0.401141 0.721511 0.550025 0.723219 0.546348 0.350433 0.393108 0.395278 0.400313 0.344802 0.478758 0.468351 0.425436 0.399988 0.535481 0.399385 0.464716 0.720483 0.317256 0.469002 0.304182 0.372741 0.467824 0.466746 0.377524 0.540095 0.40593 0.770515 0.359561 0.83282 0.370575 0.539493 0.372816 0.864635 1.46769 0.367868 0.350077 0.395014 0.544483 0.321285 0.536067 0.901165 0.358162 0.335753 0.718643 0.366449 0.468964 0.427615 0.401462 0.40275 0.723637 1.05704 0.544964 0.140291 0.391574 0.352772 0.35542 0.539359 1.00902 0.359977 0.402361 1.49963 0.510522 0.46751 0.429013 0.402507 0.464439 0.368878 0.463773 0.370229 0.348559 0.400654 0.431777 0.465137 0.826211 1.0546 0.524658 0.399991 0.361997 0.313314 0.344787 0.467907 1.50906 0.310738 0.891602 0.459237 0.421014 0.374835 0.540991 0.400118 0.374971 0.396468 0.895025 0.91153 0.30355 0.396368 0.526278 0.649917 0.411459 0.339972 0.391724 0.330451 0.540937 0.449605 0.42841 0.377555 0.529802 0.694444 0.369878 0.433409 0.400825 0.301031 0.139975 0.468582 0.723965 0.338995 0.532443 0.36771 0.861703 0.333942 0.466443 0.366649 0.434306 1.28453 0.339269 0.464345 0.403517 1.53853 0.33622 0.439422 0.369434 0.363634 0.363768 0.469647 0.459849 0.306438 0.311979 0.424128 0.549071 0.356008 0.347668 0.461905 0.401549 0.337152 0.398567 0.462841 0.503494 0.468258 0.539286 0.45591 0.328087 0.416972 0.329546 0.466874 0.890291 0.544112 0.323482 0.333961 0.397492 0.301975 0.495846 0.366443 0.393658 0.397664 0.350299 0.351873 0.412376 1.05433 0.430002 0.542735 0.540621 0.696674 0.356704 0.532947 0.415753 0.317799 0.339277 0.431157 0.391685 0.395127 0.343631 0.413431 0.40079 0.478234 0.350506 0.354493 0.303855 0.400025 0.405903 0.837968 0.540647 0.461606 0.380037 0.32087 0.512395 0.436807 0.463272 0.385799 0.465711 1.14577 1.03738 0.330639 0.396437 0.322797 1.48689 0.396544 0.383062 0.539369 0.552624 0.436444 0.401128 0.36657 0.541622 0.66074 0.332648 0.894449 0.434806 0.396706 0.336758 0.346359 0.380416 0.351292 0.535522 0.433394 0.325137 0.386029 0.427717 0.545226 0.722428 0.873567 0.856237 0.463477 0.467406 0.720472 0.397971 0.426118 0.419162 0.539492 0.427312 0.464764 0.461124 0.398965 0.900984 0.72299 0.366122 0.419704 0.400029 0.384499 0.465904 0.383087 0.536957 0.696739 0.412214 0.427478 0.465292 0.437428 0.378684 0.403901 0.337889 0.904033 0.382775 0.408393 0.558667 0.547051 0.370553 0.334645 0.403769 1.66 1.57077 0.414651 1.40562 0.393858 0.328326 0.543319 1.46325 0.351307 0.466472 0.329935 0.381542 0.402819 0.564072 0.353062 0.339219 0.365939 0.38323 0.402146 0.35518 0.343664 0.464153 0.399703 1.31984 0.402296 0.572904 0.395577 0.399079 0.324965 0.309908 0.461937 0.378085 0.349082 0.409013 0.468238 0.64987 0.324248 0.369699 0.396435 0.462739 0.396789 0.398902 1.47911 0.345908 0.652637 0.402038 0.38582 0.675972 0.535575 1.1244 0.905914 0.421667 0.37321 0.458556 0.619534 0.542397 0.402094 0.396854 0.829759 0.534937 0.383274 0.65302 0.43054 0.346761 0.8561 0.386243 0.380583 0.466718 0.431335 0.640892 0.683538 0.883611 0.425673 0.3169 0.399907 0.402202 0.39901 0.722015 0.493927 1.39492 0.54021 0.4637 0.405204 0.385657 0.272856 0.394691 0.339498 0.39451 0.349986 0.362815 0.344765 0.402338 0.768508 0.357835 0.348835 0.400328 1.03609 1.32855 0.463173 0.545849 0.28675 0.874522 0.401944 0.467697 0.5398 0.370277 0.462604 0.456296 0.309921 0.422929 0.400977 0.454305 0.563437 0.534816 0.403853 0.401526 0.377556 0.530814 0.46502 0.394726 0.435203 0.424709 0.428467 0.76187 1.05609 0.463108 0.387641 0.316668 0.402081 0.394786 0.309516 0.721468 0.35682 0.39013 0.320629 0.46475 0.453241 0.446828 0.46527 0.402409
Testing:
Lab Growth Rates:
0.635 0.635 0.635
Dot Production Prediction of Lab Growth Rates:
0.724944 0.725022 0.722849
Best performance so far: 
Obj: 4.64642e-310Rho: 6.5069e-314Diff: 4.64642e-310
Test:
 Lab Growth Rates:
0.635 0.635 0.635Dot Product Prediction of Growth Rate:
0.7249444 0.7250223 0.7228487