seed =  5 traits =  1 
Training: part  119 
Training: part  119 
Round  1 
 Goal of obj  0.99 
Temperature range:  0.0078125 1.5625e-14 
Cycle 1Round 1
Iter 500000 pBad 0.879312 T 0.00203162 Obj 1.04913 Rho 0 GRdif 28.2008 success 147569 failure 7430 obj_new 1.04913 SA_pAcc 1 Delta -0.0350498 SA_r 0.705739 freedomratio 0.360294
Iter 1000000 pBad 0.846768 T 0.000528317 Obj 1.04189 Rho 0 GRdif 24.1297 success 292901 failure 19593 obj_new 1.04189 SA_pAcc 0.921797 Delta -0.0307838 SA_r 0.303646 freedomratio 0.375239
Iter 1500000 pBad 0.772237 T 0.000137387 Obj 1.03247 Rho 0 GRdif 18.7877 success 437041 failure 35111 obj_new 1.03247 SA_pAcc 1 Delta -0.0658324 SA_r 0.263033 freedomratio 0.361401
Iter 2000000 pBad 0.677923 T 3.57271e-05 Obj 1.02155 Rho 0 GRdif 12.5363 success 579165 failure 55996 obj_new 1.02155 SA_pAcc 1 Delta -0.0164761 SA_r 0.595316 freedomratio 0.365899
Iter 2500000 pBad 0.549458 T 9.29071e-06 Obj 1.01721 Rho 0 GRdif 10.0346 success 715504 failure 88920 obj_new 1.01721 SA_pAcc 0.306938 Delta 0.0217355 SA_r 0.0958869 freedomratio 0.351885
Iter 3000000 pBad 0.35647 T 2.41602e-06 Obj 1.01093 Rho 0 GRdif 6.39894 success 838486 failure 147444 obj_new 1.01094 SA_pAcc 0.00498047 Delta -0.0160265 SA_r 0.710612 freedomratio 0.351464
Iter 3500000 pBad 0.274259 T 6.28278e-07 Obj 1.00897 Rho 0 GRdif 5.25194 success 942876 failure 242678 obj_new 1.00897 SA_pAcc 0.0904461 Delta 0.00355593 SA_r 0.069149 freedomratio 0.334091
Iter 4000000 pBad 0.0900866 T 1.63382e-07 Obj 1.00793 Rho 0 GRdif 4.64259 success 1012637 failure 413801 obj_new 1.00793 SA_pAcc 0.982627 Delta 0.000702462 SA_r 0.218389 freedomratio 0.277489
Iter 4500000 pBad 0.038647 T 4.24869e-08 Obj 1.00775 Rho 0 GRdif 4.53967 success 1048955 failure 667375 obj_new 1.00775 SA_pAcc 8.16846e-09 Delta -0.00309608 SA_r 0.568972 freedomratio 0.244389
Iter 5000000 pBad 0.0142199 T 1.10486e-08 Obj 1.00765 Rho 0 GRdif 4.48375 success 1068559 failure 972654 obj_new 1.00765 SA_pAcc 0.0222293 Delta 0.000887861 SA_r 0.94991 freedomratio 0.224085
Iter 5500000 pBad 0.00756629 T 2.87315e-09 Obj 1.00762 Rho 0 GRdif 4.46499 success 1078728 failure 1309753 obj_new 1.00762 SA_pAcc 4.63328e-06 Delta -0.000453128 SA_r 0.237507 freedomratio 0.213663
Iter 6000000 pBad 0.00585769 T 7.47152e-10 Obj 1.00761 Rho 0 GRdif 4.45522 success 1085071 failure 1663139 obj_new 1.00761 SA_pAcc 0.122225 Delta -0.000393772 SA_r 0.535606 freedomratio 0.205236
Iter 6500000 pBad 0.00192083 T 1.94295e-10 Obj 1.0076 Rho 0 GRdif 4.45074 success 1088173 failure 2027609 obj_new 1.0076 SA_pAcc 0 Delta 4.72741e-05 SA_r 0.225267 freedomratio 0.20234
Iter 7000000 pBad 0.000802632 T 5.05257e-11 Obj 1.00759 Rho 0 GRdif 4.44657 success 1090277 failure 2397762 obj_new 1.00759 SA_pAcc 1 Delta -2.5733e-05 SA_r 0.956688 freedomratio 0.200957
Iter 7500000 pBad 0.0010334 T 1.3139e-11 Obj 1.00759 Rho 0 GRdif 4.45245 success 1091797 failure 2770953 obj_new 1.0076 SA_pAcc 0 Delta -8.48283e-05 SA_r 0.913384 freedomratio 0.198582
Iter 8000000 pBad 0.00133721 T 3.41677e-12 Obj 1.00759 Rho 0 GRdif 4.44691 success 1093260 failure 3146604 obj_new 1.00759 SA_pAcc 0 Delta 9.16308e-05 SA_r 0.719998 freedomratio 0.196656
Iter 8500000 pBad 8.02324e-05 T 8.88519e-13 Obj 1.00759 Rho 0 GRdif 4.44474 success 1095635 failure 3522127 obj_new 1.00759 SA_pAcc 5.92718e-24 Delta 1.71262e-06 SA_r 0.589499 freedomratio 0.195349
Iter 9000000 pBad 8.88609e-12 T 2.31057e-13 Obj 1.00759 Rho 0 GRdif 4.44446 success 1097972 failure 3894259 obj_new 1.00759 SA_pAcc 1 Delta 8.21323e-13 SA_r 0.358711 freedomratio 0.185255
Iter 9500000 pBad 5.33833e-14 T 6.00855e-14 Obj 1.00759 Rho 0 GRdif 4.44458 success 1099497 failure 4233059 obj_new 1.00759 SA_pAcc 0 Delta -4.21038e-15 SA_r 0.90033 freedomratio 0.179652
Iter 10000000 pBad 3.11168e-109 T 1.5625e-14 Obj 1.00759 Rho 0 GRdif 4.44471 success 1099497 failure 4529555 obj_new 1.00759 SA_pAcc 0 Delta -2.44133e-110 SA_r 0.186207 freedomratio 0.149201
Cannot move further
iter 9.43508e+06 obj1.00759 rho 0 GRdif 4.44438
Training:
Lab Growth Rates:
0.68 0.59 0.47 0.1 0.301 0.53 0.71 0.37 0.5 0.47 0.17 0.6 0.635 0.36 0.39 0.53 0.56 0.5 0.5 0.5 0.4 0.724 0.3 0.54 0.25 0.42 1.345 0.901 0.56 0.686 0.59 0.54 0.3 0.5 0.5 0.617 0.5 1.483 0.53 0.37 0.58 0.5 0.23 0.43 0.65 0.46 0.52 1.248 0.4 0.52 0.42 0.4 0.54 0.54 0.36 0.22 0.33 0.42 0.39 0.1 0.58 0.4 0.52 1.483 0.648 0.42 0.47 0.1 0.45 1.483 0.55 0.52 0.56 1.66 0.33 0.46 0.5 0.5 0.485 0.31 0.4 0.53 0.19 0.54 1.43 0.22 0.4 1.35 1.42 0.54 0.59 0.4 1.03 0.59 0.25 0.56 0.42 0.5 0.23 0.46 0.5 0.56 0.58 0.45 0.43 0.53 0.54 0.4 1.483 0.686 0.09 0.26 0.65 0.42 0.49 0.37 0.59 0.47 0.48 0.34 1.345 0.54 0.54 0.45 0.465 0.762 0.3 0.4 0.5 1.44 0.55 0.46 0.45 0.4 0.4 0.41 0.1 0.901 0.47 0.46 0.48 0.47 1.483 0.481 0.47 0.54 0.51 0.37 0.45 0.27 0.34 0.4 0.58 0.39 0.485 0.46 0.4 0.43 1.345 0.648 0.52 0.37 0.46 0.2 0.52 0.58 0.42 0.43 0.45 0.56 0.58 0.3 0.54 0.56 0.637 0.33 0.4 0.38 0.45 0.43 0.38 0.38 0.4 0.4 0.59 0.53 0.56 0.4 0.481 1.46 0.37 0.55 0.37 0.42 0.54 0.4 0.4 0.32 0.1 0.25 0.42 0.68 0.58 1.46 0.4 0.5 1.248 1.483 0.4 1.05 0.58 0.25 0.41 0.3 0.42 0.65 0.1 0.4 0.37 0.46 0.41 0.54 1.248 0.53 0.4 0.476 0.55 0.25 1.345 0.23 0.46 0.47 0.4 1.345 0.53 0.52 0.59 0.4 0.33 0.52 0.4 0.58 0.46 0.47 0.54 0.26 0.47 0.45 0.47 0.39 0.636 0.59 0.5 0.23 0.52 0.4 0.11 0.762 0.48 0.59 0.45 0.36 0.4 1.05 0.4 0.4 0.46 0.53 0.5 0.55 0.43 0.4 1.67 0.637 0.59 0.51 0.3 0.56 0.54 1.46 0.42 0.3 0.2 0.5 0.33 0.45 0.47 0.53 0.41 0.54 0.46 0.4 0.43 0.301 0.3 0.47 0.4 0.4 0.54 0.17 0.55 0.54 0.58 0.485 0.47 0.42 0.59 0.47 1.248 0.635 1.05 0.4 0.5 0.4 0.4 0.43 0.4 0.52 1.483 0.724 0.54 0.901 0.33 0.58 0.4 0.59 0.5 0.4 0.4 1.38 0.54 0.5 0.56 1.46 0.45 0.56 0.4 0.49 0.58 1.345 0.36 0.19 0.476 0.43 0.5 1.43 0.25 0.39 0.46 0.3 0.47 0.377 0.37 0.1 0.37 0.4 0.6 0.68 0.4 0.3 0.65 0.48 0.4 0.39 0.5 0.32 0.68 0.31 0.37 0.485 0.65 0.59 0.45 0.901 0.648 0.56 0.41 0.17 0.3 0.4 0.23 0.37 1.345 0.46 0.43 1.4 0.5 0.5 0.38 0.4 0.5 1.483 0.43 0.47 0.22 0.52 0.6 0.47 0.65 0.54 0.55 0.686 0.4 0.635 0.45 0.23 0.53 0.27 0.37 0.48 0.25 0.762 0.47 0.14 0.22 1.66 0.25 0.46 0.4 0.36 0.54 0.4 0.65 0.41 0.55 0.27 1.05 0.1 0.45 0.377 0.19 0.56 0.47 0.3 0.58 0.46 0.48 0.68 0.56 0.34 0.4 0.47 0.23 0.48 0.41 1.67 0.32 0.2 0.65 0.36 0.56 0.22 0.54 0.27 0.42 0.637 0.5 0.55 0.47 0.71 0.54 0.4 0.22 0.46 0.53 0.56 0.7 0.7 0.42 0.53 0.56 1.345 1.345 0.4 0.47 0.55 0.45 0.37 0.636 0.09 0.54 0.14 0.48 0.58 0.71 0.38 0.42 0.59 0.22 1.483 0.45 0.724 0.52 0.4 0.42 0.465 0.54 0.47 0.4 0.11 0.33 0.37 0.37 0.31 1.483 0.49 0.45 0.53 0.5 1.345 0.41 0.58 0.33 1.483 0.5 0.59 0.481 0.36 0.36 1.248 0.46 0.11 0.46 0.5 1.483 0.5 0.58 0.59 0.5 0.1 0.27 0.7 0.23 0.55 0.4 0.56 1.345 0.45 0.636 0.09 0.6 0.4 0.3 1.05 0.4 0.4 0.7 0.46 0.65 0.58 0.762 0.4 0.301 0.4 0.58 0.5 0.54 0.476 0.3 0.54 0.42 0.901 0.4 0.58 0.53 0.26 0.23 0.58 0.48 0.58 0.27 0.45 1.49 0.465 0.5 0.41 0.43 1.345 0.55 0.22 0.46 0.36 0.42 0.377 0.33 0.901 0.51 0.4
Dot Production Prediction of Lab Growth Rates:
0.37963 0.359296 0.334242 1.09543 0.480691 0.408753 0.707533 0.424203 0.417601 0.399115 0.409704 0.571578 0.706091 0.347243 0.329662 0.533051 0.550113 0.496339 0.348749 0.36305 0.398215 0.71351 0.550691 0.463231 0.339192 0.639693 1.34646 0.96609 0.539069 0.717911 0.549388 0.356432 0.303249 0.33113 0.489226 0.617146 0.304278 1.3019 0.478808 0.418056 0.490387 0.549149 0.53487 0.340209 0.645404 0.327227 0.393927 0.863853 0.40297 0.357653 0.314159 0.401236 0.378627 0.320859 0.440443 0.355531 0.496306 0.339111 0.30624 0.973385 0.473247 0.401602 0.373313 1.32314 0.695083 0.389078 0.354704 1.16109 0.311189 1.30269 0.545899 0.341239 0.557653 1.66 0.319677 0.389505 0.651263 0.670186 0.482235 0.549076 0.407173 0.390426 0.289525 0.344197 1.22691 0.464976 0.397867 1.18186 1.49125 0.364675 0.340988 0.403588 1.3533 0.363672 0.529624 0.486929 0.300988 0.545106 0.536566 0.367284 0.72771 0.543106 0.479208 0.296425 0.363324 0.289371 0.458225 0.386525 1.32726 0.713789 0.360493 0.388729 0.652297 0.328961 0.367835 0.302275 0.318469 0.325706 0.318696 0.338685 1.32946 0.362225 0.342461 0.393352 0.483497 0.762305 0.474165 0.404791 0.317827 1.52021 0.54204 0.436764 0.351193 0.40365 0.396358 0.350719 0.432468 0.957672 0.356611 0.503282 0.346764 0.345777 1.28635 0.475938 0.351025 0.554458 0.413439 0.388642 0.367882 0.341209 0.340814 0.402323 0.367085 0.308552 0.465752 0.473137 0.4066 0.392482 1.3825 0.701847 0.324813 0.423735 0.353793 0.38374 0.37861 0.485198 0.629995 0.352532 1.43839 0.538634 0.481305 0.300245 0.365346 0.544103 0.698925 0.3486 0.401206 0.318143 1.41895 0.343128 0.294191 0.344983 0.40559 0.392373 0.314656 0.526321 0.545313 0.394477 0.476099 1.55816 0.416649 0.569866 0.387304 0.334792 0.538563 0.393498 0.404492 0.316134 0.338047 0.350392 0.336056 0.377794 0.484122 1.01835 0.398656 0.39603 0.87406 1.28644 0.403595 1.05602 0.462588 1.44088 0.38073 0.511207 0.309188 0.663232 0.955919 0.396638 0.417461 0.460002 0.478556 0.449198 0.861332 0.420144 0.391717 0.486747 0.457708 0.309698 1.31353 0.543926 0.467995 0.399915 0.395577 1.32148 0.338303 0.347508 0.546675 0.403367 0.322494 0.357819 0.398793 0.382405 0.448404 0.387284 0.530247 0.41076 0.359157 0.393136 0.356948 0.36457 0.708297 0.3591 0.752676 0.530079 0.340787 0.399587 0.322539 0.765497 0.348308 0.553712 1.44055 0.379662 0.398955 1.05 0.401291 0.40431 0.401757 0.54493 0.555622 0.55587 0.42132 0.397662 1.4505 0.698189 0.327754 0.379197 0.339236 0.549282 0.556343 1.02103 0.321956 0.390486 0.394974 0.739337 0.437917 1.44838 0.36624 0.530874 0.481845 0.310777 0.291534 0.392002 0.410978 0.480618 0.504959 0.423121 0.401377 0.402429 0.458248 0.269938 0.464942 0.36534 0.357928 0.48059 0.364977 0.314667 0.543524 0.387958 0.859908 0.70268 1.5342 0.404851 0.707433 0.392522 0.3993 0.356325 0.299894 0.360226 1.3373 0.7108 0.540001 0.784411 0.308199 0.482571 0.401052 0.545697 0.478666 0.399823 0.396522 1.33206 0.400352 0.332978 0.535187 1.0306 0.361622 0.491102 0.390904 0.397 0.39005 1.28277 0.402306 0.299909 0.489063 0.382245 0.489979 1.21799 0.955581 0.342034 0.459584 0.585742 0.442979 0.474752 0.430643 0.939318 0.423706 0.40503 0.54082 0.371296 0.400877 0.294299 0.649981 0.336892 0.400791 0.32478 0.720368 0.342336 0.374875 0.556275 0.417422 0.469622 0.62483 0.349072 0.351558 0.966692 0.700701 0.486029 0.312558 0.264454 0.576979 0.401914 0.429411 0.414402 1.31241 0.532047 0.381986 1.4 0.345482 0.707148 0.314329 0.390331 0.31624 1.33828 0.354031 0.388612 0.466731 0.37878 0.54861 0.360518 0.634606 0.374625 0.566128 0.71534 0.366447 0.706777 0.326914 0.429733 0.362616 0.325005 0.378073 0.270347 0.475296 0.755348 0.450391 0.140118 0.381211 1.65805 0.333502 0.324299 0.400436 0.328151 0.533509 0.39588 0.674957 0.372345 0.435843 0.57491 1.02877 1.35885 0.354066 0.474518 0.282895 0.480313 0.429525 0.439277 0.47885 0.470087 0.288069 0.377746 0.542855 0.325134 0.39113 0.322967 0.537062 0.30165 0.370766 1.38564 0.320031 0.359825 0.662137 0.347287 0.543338 0.442254 0.308935 0.35762 0.330839 0.6951 0.748908 0.5435 0.425611 0.716362 0.459419 0.404373 0.478747 0.307232 0.521861 0.546362 0.709112 0.698514 0.656375 0.33014 0.480276 1.30734 1.35891 0.401891 0.357982 0.464996 1.48747 0.39604 0.713498 0.340154 0.460431 0.139997 0.338796 0.478352 0.708208 0.345479 0.330127 0.555 0.482051 1.34391 0.313431 0.714071 0.377624 0.399367 0.328872 0.488028 0.53331 0.417797 0.402783 0.364408 0.347272 0.532969 0.422883 0.548107 1.28652 0.381093 0.396365 0.53339 0.531846 1.32906 0.481046 0.284453 0.325294 1.30338 0.740796 0.358716 0.477759 0.33519 0.360287 0.860624 0.48671 0.347037 0.413008 0.528203 1.30898 0.331946 0.350474 0.554753 0.489052 0.440966 0.275422 0.709079 0.42979 0.464751 0.402162 0.481471 1.348 1.47595 0.71375 0.445432 0.545713 0.403222 0.29868 1.04917 0.394266 0.391975 0.699984 0.446232 0.643545 0.491348 0.759543 0.393077 0.483446 0.394649 0.319737 0.38305 0.341656 0.487299 0.513646 0.305454 0.325729 0.954982 0.400772 0.380303 0.530773 0.573325 0.545665 0.487196 0.379608 0.355862 0.344739 1.49655 1.49655 0.489269 0.482364 0.340492 0.3925 1.29947 0.452498 0.46412 0.375793 0.309196 0.314785 0.477982 0.488458 1.05309 0.39289 0.324493
Testing:
Lab Growth Rates:
0.5
Dot Production Prediction of Lab Growth Rates:
0.753298
Best performance so far: 
Obj: 4.65801e-310Rho: 2.26291e-314Diff: 4.65801e-310
Anneal again with the best G and E so far as input
Cycle 2Round 1
Iter 500000 pBad 0.862364 T 0.00203162 Obj 1.06004 Rho 0 GRdif 34.2845 success 113424 failure 7885 obj_new 1.06004 SA_pAcc 0.94786 Delta -0.0320732 SA_r 0.923705 freedomratio 0.269601
Iter 1000000 pBad 0.790781 T 0.000528317 Obj 1.04152 Rho 0 GRdif 23.9224 success 223982 failure 21575 obj_new 1.04152 SA_pAcc 1 Delta -0.0609722 SA_r 0.391982 freedomratio 0.268126
Iter 1500000 pBad 0.724809 T 0.000137387 Obj 1.03233 Rho 0 GRdif 18.7109 success 331566 failure 42412 obj_new 1.03233 SA_pAcc 0.83649 Delta -0.0333054 SA_r 0.31897 freedomratio 0.271719
Iter 2000000 pBad 0.625185 T 3.57271e-05 Obj 1.021 Rho 0 GRdif 12.2219 success 435817 failure 71436 obj_new 1.021 SA_pAcc 0.978839 Delta -0.0580023 SA_r 0.328589 freedomratio 0.260638
Iter 2500000 pBad 0.466803 T 9.29071e-06 Obj 1.01793 Rho 0 GRdif 10.4482 success 537681 failure 107887 obj_new 1.01793 SA_pAcc 1 Delta 0.0334958 SA_r 0.408302 freedomratio 0.263559
Iter 3000000 pBad 0.306634 T 2.41602e-06 Obj 1.01339 Rho 0 GRdif 7.82102 success 632057 failure 158988 obj_new 1.01339 SA_pAcc 1 Delta 0.00101607 SA_r 0.621365 freedomratio 0.248521
Iter 3500000 pBad 0.223728 T 6.28278e-07 Obj 1.0101 Rho 0 GRdif 5.90708 success 715881 failure 236331 obj_new 1.0101 SA_pAcc 1 Delta -0.0026651 SA_r 0.0330314 freedomratio 0.245204
Iter 4000000 pBad 0.120764 T 1.63382e-07 Obj 1.0091 Rho 0 GRdif 5.32632 success 775328 failure 370287 obj_new 1.0091 SA_pAcc 1.85577 Delta -0.0045691 SA_r 0.0328023 freedomratio 0.223574
Iter 4500000 pBad 0.0551514 T 4.24869e-08 Obj 1.00854 Rho 0 GRdif 5.00307 success 816080 failure 563302 obj_new 1.00854 SA_pAcc 1.55736e-07 Delta -0.00357434 SA_r 0.393642 freedomratio 0.193485
Iter 5000000 pBad 0.0180688 T 1.10486e-08 Obj 1.00842 Rho 0 GRdif 4.93074 success 835941 failure 828361 obj_new 1.00842 SA_pAcc 1 Delta 5.73483e-05 SA_r 0.48234 freedomratio 0.172485
Iter 5500000 pBad 0.00823536 T 2.87315e-09 Obj 1.00837 Rho 0 GRdif 4.90146 success 849359 failure 1128004 obj_new 1.00837 SA_pAcc 3.50822e-44 Delta -0.00026284 SA_r 0.553629 freedomratio 0.163062
Iter 6000000 pBad 0.00347788 T 7.47152e-10 Obj 1.00835 Rho 0 GRdif 4.89606 success 858237 failure 1456021 obj_new 1.00836 SA_pAcc 0 Delta 0.000315732 SA_r 0.625926 freedomratio 0.155968
Iter 6500000 pBad 0.00189674 T 1.94295e-10 Obj 1.00834 Rho 0 GRdif 4.88645 success 862467 failure 1802780 obj_new 1.00834 SA_pAcc 1 Delta -4.57891e-05 SA_r 0.232919 freedomratio 0.152926
Iter 7000000 pBad 0.0012304 T 5.05257e-11 Obj 1.00834 Rho 0 GRdif 4.88469 success 865546 failure 2156758 obj_new 1.00834 SA_pAcc 8.18963e-253 Delta 8.76954e-05 SA_r 0.98366 freedomratio 0.152135
Iter 7500000 pBad 0.00144163 T 1.3139e-11 Obj 1.00834 Rho 0 GRdif 4.88375 success 868193 failure 2515275 obj_new 1.00834 SA_pAcc 4.35586e-75 Delta 3.70719e-05 SA_r 0.0515005 freedomratio 0.149924
Iter 8000000 pBad 0.000353071 T 3.41677e-12 Obj 1.00834 Rho 0 GRdif 4.88306 success 870647 failure 2879742 obj_new 1.00834 SA_pAcc 1 Delta 2.91795e-05 SA_r 0.149197 freedomratio 0.146927
Iter 8500000 pBad 0.000243327 T 8.88519e-13 Obj 1.00834 Rho 0 GRdif 4.88265 success 874453 failure 3252341 obj_new 1.00834 SA_pAcc 0 Delta 1.1498e-05 SA_r 0.527859 freedomratio 0.141789
Iter 9000000 pBad 0.000983812 T 2.31057e-13 Obj 1.00834 Rho 0 GRdif 4.88227 success 879349 failure 3631227 obj_new 1.00834 SA_pAcc 0 Delta -1.26092e-05 SA_r 0.176119 freedomratio 0.137031
Iter 9500000 pBad 3.76832e-88 T 6.00855e-14 Obj 1.00834 Rho 0 GRdif 4.88227 success 879602 failure 3952548 obj_new 1.00834 SA_pAcc 1 Delta 6.99515e-90 SA_r 0.657398 freedomratio 0.13684
Good enough
iter 9.04945e+06 obj1.00834 rho 0 GRdif 4.88227
Training:
Lab Growth Rates:
0.68 0.59 0.47 0.1 0.301 0.53 0.71 0.37 0.5 0.47 0.17 0.6 0.635 0.36 0.39 0.53 0.56 0.5 0.5 0.5 0.4 0.724 0.3 0.54 0.25 0.42 1.345 0.901 0.56 0.686 0.59 0.54 0.3 0.5 0.5 0.617 0.5 1.483 0.53 0.37 0.58 0.5 0.23 0.43 0.65 0.46 0.52 1.248 0.4 0.52 0.42 0.4 0.54 0.54 0.36 0.22 0.33 0.42 0.39 0.1 0.58 0.4 0.52 1.483 0.648 0.42 0.47 0.1 0.45 1.483 0.55 0.52 0.56 1.66 0.33 0.46 0.5 0.5 0.485 0.31 0.4 0.53 0.19 0.54 1.43 0.22 0.4 1.35 1.42 0.54 0.59 0.4 1.03 0.59 0.25 0.56 0.42 0.5 0.23 0.46 0.5 0.56 0.58 0.45 0.43 0.53 0.54 0.4 1.483 0.686 0.09 0.26 0.65 0.42 0.49 0.37 0.59 0.47 0.48 0.34 1.345 0.54 0.54 0.45 0.465 0.762 0.3 0.4 0.5 1.44 0.55 0.46 0.45 0.4 0.4 0.41 0.1 0.901 0.47 0.46 0.48 0.47 1.483 0.481 0.47 0.54 0.51 0.37 0.45 0.27 0.34 0.4 0.58 0.39 0.485 0.46 0.4 0.43 1.345 0.648 0.52 0.37 0.46 0.2 0.52 0.58 0.42 0.43 0.45 0.56 0.58 0.3 0.54 0.56 0.637 0.33 0.4 0.38 0.45 0.43 0.38 0.38 0.4 0.4 0.59 0.53 0.56 0.4 0.481 1.46 0.37 0.55 0.37 0.42 0.54 0.4 0.4 0.32 0.1 0.25 0.42 0.68 0.58 1.46 0.4 0.5 1.248 1.483 0.4 1.05 0.58 0.25 0.41 0.3 0.42 0.65 0.1 0.4 0.37 0.46 0.41 0.54 1.248 0.53 0.4 0.476 0.55 0.25 1.345 0.23 0.46 0.47 0.4 1.345 0.53 0.52 0.59 0.4 0.33 0.52 0.4 0.58 0.46 0.47 0.54 0.26 0.47 0.45 0.47 0.39 0.636 0.59 0.5 0.23 0.52 0.4 0.11 0.762 0.48 0.59 0.45 0.36 0.4 1.05 0.4 0.4 0.46 0.53 0.5 0.55 0.43 0.4 1.67 0.637 0.59 0.51 0.3 0.56 0.54 1.46 0.42 0.3 0.2 0.5 0.33 0.45 0.47 0.53 0.41 0.54 0.46 0.4 0.43 0.301 0.3 0.47 0.4 0.4 0.54 0.17 0.55 0.54 0.58 0.485 0.47 0.42 0.59 0.47 1.248 0.635 1.05 0.4 0.5 0.4 0.4 0.43 0.4 0.52 1.483 0.724 0.54 0.901 0.33 0.58 0.4 0.59 0.5 0.4 0.4 1.38 0.54 0.5 0.56 1.46 0.45 0.56 0.4 0.49 0.58 1.345 0.36 0.19 0.476 0.43 0.5 1.43 0.25 0.39 0.46 0.3 0.47 0.377 0.37 0.1 0.37 0.4 0.6 0.68 0.4 0.3 0.65 0.48 0.4 0.39 0.5 0.32 0.68 0.31 0.37 0.485 0.65 0.59 0.45 0.901 0.648 0.56 0.41 0.17 0.3 0.4 0.23 0.37 1.345 0.46 0.43 1.4 0.5 0.5 0.38 0.4 0.5 1.483 0.43 0.47 0.22 0.52 0.6 0.47 0.65 0.54 0.55 0.686 0.4 0.635 0.45 0.23 0.53 0.27 0.37 0.48 0.25 0.762 0.47 0.14 0.22 1.66 0.25 0.46 0.4 0.36 0.54 0.4 0.65 0.41 0.55 0.27 1.05 0.1 0.45 0.377 0.19 0.56 0.47 0.3 0.58 0.46 0.48 0.68 0.56 0.34 0.4 0.47 0.23 0.48 0.41 1.67 0.32 0.2 0.65 0.36 0.56 0.22 0.54 0.27 0.42 0.637 0.5 0.55 0.47 0.71 0.54 0.4 0.22 0.46 0.53 0.56 0.7 0.7 0.42 0.53 0.56 1.345 1.345 0.4 0.47 0.55 0.45 0.37 0.636 0.09 0.54 0.14 0.48 0.58 0.71 0.38 0.42 0.59 0.22 1.483 0.45 0.724 0.52 0.4 0.42 0.465 0.54 0.47 0.4 0.11 0.33 0.37 0.37 0.31 1.483 0.49 0.45 0.53 0.5 1.345 0.41 0.58 0.33 1.483 0.5 0.59 0.481 0.36 0.36 1.248 0.46 0.11 0.46 0.5 1.483 0.5 0.58 0.59 0.5 0.1 0.27 0.7 0.23 0.55 0.4 0.56 1.345 0.45 0.636 0.09 0.6 0.4 0.3 1.05 0.4 0.4 0.7 0.46 0.65 0.58 0.762 0.4 0.301 0.4 0.58 0.5 0.54 0.476 0.3 0.54 0.42 0.901 0.4 0.58 0.53 0.26 0.23 0.58 0.48 0.58 0.27 0.45 1.49 0.465 0.5 0.41 0.43 1.345 0.55 0.22 0.46 0.36 0.42 0.377 0.33 0.901 0.51 0.4
Dot Production Prediction of Lab Growth Rates:
0.297875 0.330087 0.34549 1.43472 0.583801 0.38798 0.703163 0.437976 0.415873 0.397874 0.425741 0.725502 0.708248 0.353036 0.30538 0.533932 0.554113 0.494205 0.349677 0.362093 0.393981 0.711041 0.696816 0.48562 0.340287 0.598747 1.34916 0.901397 0.53518 0.710329 0.54743 0.379922 0.243794 0.329619 0.480903 0.486622 0.324325 1.33552 0.495441 0.432241 0.488021 0.540662 0.537007 0.363708 0.648839 0.329812 0.378717 0.831569 0.359062 0.381034 0.33122 0.360751 0.37698 0.326555 0.42971 0.344819 0.534376 0.347512 0.31709 1.00633 0.473268 0.361216 0.368081 1.32168 0.700351 0.390993 0.352081 1.48056 0.347932 1.27915 0.546603 0.338666 0.556552 1.47569 0.327058 0.39094 0.777382 0.757046 0.589476 0.572284 0.362759 0.393369 0.31248 0.354858 1.16889 0.474663 0.358003 1.13563 1.46204 0.368531 0.328866 0.360962 1.26056 0.363778 0.562553 0.475952 0.314909 0.539803 0.538767 0.362311 0.793314 0.540647 0.480727 0.329874 0.36942 0.310353 0.45943 0.342288 1.32774 0.710686 0.367876 0.354504 0.648317 0.315693 0.371732 0.295239 0.308199 0.319533 0.323508 0.334692 1.34837 0.37003 0.380159 0.396811 0.586836 0.760567 0.626154 0.361205 0.325754 1.44366 0.548488 0.434084 0.367889 0.396058 0.36608 0.343885 0.456714 0.899178 0.367768 0.540945 0.341406 0.346691 1.29644 0.582658 0.344502 0.551043 0.429955 0.374107 0.383791 0.367092 0.322838 0.395153 0.359913 0.334394 0.576597 0.471833 0.37634 0.40388 1.35568 0.702209 0.348053 0.441029 0.3554 0.397354 0.399001 0.480245 0.599071 0.350897 1.36837 0.541403 0.478162 0.24088 0.377717 0.54985 0.704569 0.369533 0.359076 0.307475 1.37535 0.347927 0.30446 0.367674 0.36244 0.354946 0.315025 0.52595 0.546044 0.352587 0.580784 1.41383 0.433135 0.552207 0.390489 0.329674 0.538607 0.350816 0.358341 0.309241 0.356055 0.352669 0.338394 0.299931 0.480271 1.04544 0.392633 0.382356 0.836966 1.28858 0.360309 1.0564 0.459272 1.40132 0.379011 0.648692 0.334108 0.659362 1.25416 0.354162 0.431786 0.460488 0.58031 0.467231 0.831449 0.427016 0.346484 0.59053 0.454436 0.311617 1.34241 0.534544 0.468317 0.408284 0.367086 1.3311 0.332857 0.359142 0.545183 0.358856 0.344589 0.374101 0.393259 0.394383 0.456668 0.408945 0.536003 0.450537 0.384043 0.404296 0.370115 0.33258 0.711218 0.343304 0.896666 0.538445 0.333114 0.393168 0.341276 0.768354 0.351454 0.551158 1.37186 0.372198 0.35553 1.06143 0.375161 0.358653 0.409451 0.543614 0.549164 0.549963 0.434575 0.355574 1.4277 0.702856 0.32581 0.386585 0.369809 0.549401 0.547185 1.05122 0.331959 0.393589 0.382527 0.867086 0.450876 1.37671 0.382847 0.529331 0.585843 0.326215 0.303524 0.352501 0.427673 0.588565 0.655399 0.475978 0.358308 0.359283 0.473349 0.306661 0.475545 0.365481 0.344036 0.588813 0.361511 0.330619 0.548271 0.399727 0.826006 0.705269 1.36022 0.359227 0.811591 0.348922 0.356805 0.353727 0.305029 0.360296 1.35277 0.709851 0.536259 0.769104 0.317965 0.485689 0.358211 0.544675 0.47547 0.356824 0.353288 1.28509 0.414089 0.334099 0.534327 1.06075 0.390562 0.475317 0.351925 0.397006 0.379282 1.30692 0.423746 0.319491 0.59331 0.411704 0.485074 1.17786 0.965738 0.335657 0.462471 0.72094 0.487382 0.581457 0.438676 1.26449 0.441892 0.398074 0.684226 0.295497 0.357112 0.242266 0.648364 0.342659 0.357442 0.303785 0.815951 0.336092 0.296462 0.583761 0.430882 0.576955 0.625242 0.347318 0.364236 0.90213 0.706952 0.482075 0.325611 0.308077 0.727271 0.359563 0.440964 0.429422 1.29351 0.556775 0.394477 1.39694 0.343465 0.847668 0.303685 0.346414 0.338699 1.31893 0.35019 0.391001 0.473448 0.361594 0.692356 0.369402 0.645224 0.376795 0.552197 0.712492 0.368999 0.708846 0.343946 0.439405 0.353255 0.336791 0.40319 0.302709 0.517613 0.754798 0.503711 0.139756 0.39303 1.47018 0.34198 0.335399 0.357717 0.321597 0.540379 0.352422 0.678187 0.373863 0.454723 0.605709 1.03971 1.36389 0.360358 0.583838 0.308978 0.480903 0.38911 0.549776 0.476217 0.468366 0.295182 0.29836 0.538718 0.324144 0.346809 0.353911 0.541523 0.331061 0.396899 1.35484 0.317411 0.36091 0.662427 0.337518 0.544285 0.439976 0.32399 0.356173 0.350062 0.700798 0.889166 0.549074 0.442764 0.710487 0.478869 0.359286 0.476935 0.322094 0.54589 0.536919 0.863273 0.855222 0.618266 0.313758 0.482201 1.34434 1.3583 0.370503 0.353139 0.466819 1.43185 0.421963 0.711295 0.348152 0.466177 0.140398 0.309135 0.480313 0.707112 0.36361 0.346045 0.548872 0.476409 1.32222 0.36414 0.712112 0.358917 0.36962 0.370886 0.586634 0.53653 0.410041 0.395487 0.384029 0.361929 0.55238 0.442858 0.56751 1.30758 0.372674 0.394064 0.527353 0.5298 1.32713 0.585836 0.283559 0.312664 1.29648 0.843038 0.320139 0.58299 0.352874 0.35945 0.828021 0.519053 0.36378 0.420608 0.529689 1.30601 0.332446 0.340434 0.543795 0.481322 0.470765 0.290978 0.859696 0.440052 0.463948 0.360689 0.482243 1.35588 1.40862 0.708618 0.454745 0.688313 0.357871 0.330335 1.06049 0.387626 0.347279 0.854953 0.475935 0.647223 0.483197 0.76063 0.351184 0.589035 0.351783 0.313058 0.369683 0.35705 0.593782 0.650777 0.295282 0.332862 0.899211 0.355333 0.368272 0.534107 0.578231 0.543357 0.482082 0.349306 0.371605 0.361217 1.46145 1.46145 0.592514 0.475052 0.34234 0.392171 1.30216 0.461837 0.467807 0.380336 0.319488 0.317794 0.58371 0.490958 0.963523 0.409096 0.307883
Testing:
Lab Growth Rates:
0.5
Dot Production Prediction of Lab Growth Rates:
0.88248
Best performance so far: 
Obj: 4.65801e-310Rho: 6.5069e-314Diff: 4.65801e-310
Test:
 Lab Growth Rates:
0.5Dot Product Prediction of Growth Rate:
0.8824805