seed =  5 traits =  1 
Training: part  10 
Training: part  10 
Round  1 
 Goal of obj  0.99 
Temperature range:  0.001953125 7.8125e-15 
Cycle 1Round 1
Iter 500000 pBad 0.813101 T 0.000525816 Obj 1.04157 Rho 0 GRdif 23.8654 success 146205 failure 12457 obj_new 1.04157 SA_pAcc 0.865692 Delta 0.0483684 SA_r 0.791975 freedomratio 0.3723
Iter 1000000 pBad 0.758375 T 0.000141559 Obj 1.0254 Rho 0 GRdif 14.6995 success 289012 failure 32021 obj_new 1.0254 SA_pAcc 0.946621 Delta 0.0118887 SA_r 0.252935 freedomratio 0.362176
Iter 1500000 pBad 0.63103 T 3.81101e-05 Obj 1.02018 Rho 0 GRdif 11.7064 success 427294 failure 58851 obj_new 1.02018 SA_pAcc 1.43584 Delta -0.0518706 SA_r 0.739628 freedomratio 0.365565
Iter 2000000 pBad 0.504246 T 1.02599e-05 Obj 1.01684 Rho 0 GRdif 9.7872 success 557819 failure 99772 obj_new 1.01684 SA_pAcc 1 Delta 0.0204892 SA_r 0.710619 freedomratio 0.359951
Iter 2500000 pBad 0.358572 T 2.76214e-06 Obj 1.01343 Rho 0 GRdif 7.81472 success 678337 failure 161243 obj_new 1.01343 SA_pAcc 3.59809 Delta 0.0329406 SA_r 0.692739 freedomratio 0.348602
Iter 3000000 pBad 0.202674 T 7.43617e-07 Obj 1.01102 Rho 0 GRdif 6.42466 success 780487 failure 262094 obj_new 1.01102 SA_pAcc 0.279465 Delta -0.0081264 SA_r 0.138046 freedomratio 0.331448
Iter 3500000 pBad 0.10866 T 2.00195e-07 Obj 1.01019 Rho 0 GRdif 5.94763 success 849712 failure 432797 obj_new 1.0102 SA_pAcc 6.15591e-26 Delta 0.00798685 SA_r 0.54608 freedomratio 0.282955
Iter 4000000 pBad 0.0608885 T 5.38958e-08 Obj 1.00993 Rho 0 GRdif 5.7896 success 890261 failure 674647 obj_new 1.00993 SA_pAcc 1 Delta -0.000506483 SA_r 0.52025 freedomratio 0.24968
Iter 4500000 pBad 0.0194788 T 1.45097e-08 Obj 1.00981 Rho 0 GRdif 5.72338 success 912856 failure 971586 obj_new 1.00981 SA_pAcc 0.00949457 Delta 0.000629787 SA_r 0.0366886 freedomratio 0.222898
Iter 5000000 pBad 0.0123576 T 3.90626e-09 Obj 1.00979 Rho 0 GRdif 5.7087 success 924203 failure 1307204 obj_new 1.00979 SA_pAcc 1.63652e-31 Delta 0.00108656 SA_r 0.200501 freedomratio 0.210943
Iter 5500000 pBad 0.00330267 T 1.05163e-09 Obj 1.00977 Rho 0 GRdif 5.70169 success 929912 failure 1663614 obj_new 1.00978 SA_pAcc 0 Delta -0.000150729 SA_r 0.259441 freedomratio 0.20312
Iter 6000000 pBad 0.00168923 T 2.83118e-10 Obj 1.00977 Rho 0 GRdif 5.69727 success 933123 failure 2028738 obj_new 1.00977 SA_pAcc 6.94099e-20 Delta -8.41163e-05 SA_r 0.434321 freedomratio 0.201791
Iter 6500000 pBad 0.00119293 T 7.62202e-11 Obj 1.00977 Rho 0 GRdif 5.69544 success 935042 failure 2399537 obj_new 1.00977 SA_pAcc 1 Delta 9.066e-05 SA_r 0.749085 freedomratio 0.200273
Iter 7000000 pBad 0.000954463 T 2.05198e-11 Obj 1.00977 Rho 0 GRdif 5.69838 success 936351 failure 2772145 obj_new 1.00977 SA_pAcc 0 Delta 5.25625e-05 SA_r 0.0562994 freedomratio 0.199252
Iter 7500000 pBad 0.000138403 T 5.52429e-12 Obj 1.00976 Rho 0 GRdif 5.69431 success 938194 failure 3145400 obj_new 1.00976 SA_pAcc 1 Delta 4.1669e-06 SA_r 0.349348 freedomratio 0.197773
Iter 8000000 pBad 8.81144e-18 T 1.48723e-12 Obj 1.00976 Rho 0 GRdif 5.69405 success 940186 failure 3490899 obj_new 1.00976 SA_pAcc 0 Delta -4.65128e-19 SA_r 0.289475 freedomratio 0.184103
Iter 8500000 pBad 7.43409e-81 T 4.00389e-13 Obj 1.00976 Rho 0 GRdif 5.694 success 940186 failure 3774219 obj_new 1.00976 SA_pAcc 1 Delta -1.67219e-82 SA_r 0.795328 freedomratio 0.182327
Iter 9000000 pBad 1.02428e-197 T 1.07792e-13 Obj 1.00976 Rho 0 GRdif 5.694 success 940186 failure 4062890 obj_new 1.00976 SA_pAcc 1 Delta 8.46021e-199 SA_r 0.886158 freedomratio 0.129905
Iter 9500000 pBad 0 T 2.90194e-14 Obj 1.00976 Rho 0 GRdif 5.69899 success 940186 failure 4383293 obj_new 1.00977 SA_pAcc 0 Delta -0 SA_r 0.312528 freedomratio 0.0456529
Iter 10000000 pBad 0 T 7.81252e-15 Obj 1.00976 Rho 0 GRdif 5.69445 success 940186 failure 4717517 obj_new 1.00976 SA_pAcc 0 Delta -0 SA_r 0.554663 freedomratio 0.0316603
Cannot move further
iter 7.88401e+06 obj1.00976 rho 0 GRdif 5.694
Training:
Lab Growth Rates:
0.4 0.42 0.45 0.59 0.377 0.43 0.42 1.05 0.38 0.4 0.53 0.38 0.59 0.56 0.46 0.45 0.23 0.27 0.56 1.345 0.4 0.47 0.4 1.42 0.37 0.32 0.49 0.1 0.25 0.901 0.5 0.47 0.11 0.56 0.1 0.58 0.41 0.47 0.31 0.47 0.51 0.43 0.724 0.45 0.54 0.37 0.4 0.46 0.1 0.26 0.4 0.42 0.53 0.53 1.345 0.56 0.4 0.45 0.762 0.53 0.43 0.55 0.46 0.54 0.3 0.14 0.48 0.19 0.3 0.68 0.48 0.59 0.3 0.34 0.48 0.54 0.48 0.26 0.5 0.636 0.3 0.33 0.635 0.46 0.52 0.45 0.53 0.59 0.36 0.762 0.58 0.45 0.39 0.32 0.09 0.22 0.37 0.54 1.248 0.4 0.45 0.37 0.36 0.5 0.637 0.5 0.5 0.45 0.5 0.4 1.66 0.46 0.37 0.53 1.66 0.33 0.47 1.345 0.65 0.56 0.55 0.59 0.52 0.42 0.68 0.5 0.42 0.54 0.42 0.27 0.09 0.27 0.5 0.901 0.3 1.483 0.4 0.1 0.47 1.248 0.33 0.54 1.49 1.67 0.58 0.58 0.3 0.52 0.52 0.65 0.4 0.5 0.56 0.6 0.39 0.4 0.33 1.44 0.56 0.465 0.59 1.46 0.42 0.48 0.23 1.483 0.49 0.56 0.6 0.481 0.4 0.53 0.56 0.46 0.54 0.46 0.17 0.19 0.5 0.635 0.36 1.483 0.4 0.46 0.39 0.5 0.52 0.5 0.43 0.55 0.46 0.46 0.5 0.481 0.53 0.485 0.5 0.47 0.25 1.35 0.25 0.54 0.5 0.23 0.41 0.2 0.58 0.55 0.6 0.43 0.54 0.43 0.33 0.46 0.4 1.345 0.39 0.617 0.51 1.46 0.37 0.45 0.46 0.31 0.2 0.09 0.46 0.11 0.4 0.52 0.637 0.901 0.465 0.54 0.22 0.5 0.4 0.42 0.33 0.4 0.37 0.23 0.3 0.53 0.54 1.05 0.38 0.65 1.345 1.67 0.45 0.55 0.49 0.42 0.4 0.648 1.03 0.5 0.56 0.5 0.4 0.3 0.1 0.4 0.4 0.17 0.4 0.39 0.54 0.46 0.1 0.54 0.485 0.59 0.54 0.4 0.47 1.483 0.5 0.47 0.4 0.42 0.59 0.54 0.55 1.345 0.53 0.68 0.54 0.65 0.42 1.46 0.47 0.58 0.4 0.41 0.25 0.37 0.59 0.485 0.301 0.48 0.58 0.33 0.36 0.4 0.4 0.25 0.45 0.45 0.45 0.45 0.762 0.54 0.47 0.4 0.4 0.46 0.47 0.37 0.4 1.248 1.483 1.345 0.47 1.345 1.43 0.46 0.68 0.17 0.39 0.724 1.248 0.43 0.5 0.52 0.22 0.4 0.58 0.56 0.41 0.37 0.55 1.05 1.46 0.46 0.22 0.901 0.68 0.34 0.5 0.59 0.47 0.377 0.27 0.4 0.5 0.33 0.4 0.59 0.65 0.4 0.65 0.4 0.7 0.377 0.476 0.58 0.5 0.56 0.58 0.46 0.7 0.42 0.23 0.71 0.23 0.58 0.4 0.47 0.47 0.54 0.301 0.54 0.5 1.05 0.481 0.2 0.27 0.42 0.43 0.41 0.53 0.37 0.5 0.58 0.4 0.301 0.4 0.7 1.345 0.42 0.43 0.46 0.58 0.3 0.465 0.36 0.56 0.56 0.42 0.45 0.52 0.476 0.476 0.25 0.4 0.54 0.4 0.46 0.47 0.38 0.4 0.4 0.53 0.56 0.37 0.59 0.4 0.54 0.56 0.5 0.59 0.55 0.4 0.4 1.345 0.36 0.4 0.4 0.901 0.54 0.65 0.25 0.5 0.65 0.48 0.22 0.48 0.3 1.483 0.23 0.43 0.59 0.52 0.4 0.26 0.54 0.34 0.4 1.38 0.53 0.55 0.25 0.48 0.55 0.3 0.36 0.58 0.4 0.41 0.4 0.23 0.4 0.37 0.47 0.4 0.3 0.5 0.56 0.43 0.54 1.43 0.4 0.52 0.901 0.648 0.65 0.58 0.46 0.637 0.52 0.3 0.55 0.5 0.37 0.5 0.53 0.724 0.36 0.58 0.22 0.635 0.636 0.43 0.4 1.483 0.11 0.47 0.58 0.5 1.248 0.58 0.7 0.47 0.42 0.58 0.37 0.47 0.41 0.59 1.05 1.345 0.59 0.54 0.5 0.4 0.1 0.45 0.485 0.4 0.53 0.36 0.45 0.33 1.483 0.762 0.22 0.41 0.42 0.4 0.47 0.52 0.5 0.4 0.54 0.636 0.3 0.71 0.58 0.19 0.32 0.45 0.4 0.4 0.14 0.27 1.4 1.483 1.483 0.6 0.54 1.483 0.55 0.22 0.56 0.37 0.1 0.71 0.23 0.4 0.42 0.38 0.47 0.648 0.54 0.31 0.45 0.51 1.483 0.1 0.47 1.345 0.41 0.58 0.5
Dot Production Prediction of Lab Growth Rates:
0.400498 0.319772 1.49841 0.363164 0.551668 0.347829 0.459319 0.974613 0.311986 0.395506 0.357508 0.376228 0.541872 0.537511 0.392188 0.388343 0.536201 0.520421 0.478036 0.977832 0.404178 0.356803 0.400082 1.51058 0.407224 0.335358 0.401956 0.414427 0.349988 0.899114 0.486776 0.351478 0.3527 0.529129 1.29835 0.474488 0.353083 0.442898 0.503395 0.366145 0.38638 0.410179 0.678454 1.52158 0.534331 0.405466 0.401285 0.335124 0.408597 0.415721 0.409603 0.453148 0.529232 0.544044 0.923427 0.537969 0.409259 0.400438 1.4812 0.53242 0.380542 0.459441 0.306887 0.452546 0.397988 0.398527 0.302252 0.347078 0.362994 0.493435 0.316834 0.548371 0.302279 0.312279 0.348366 0.368154 0.347298 0.357802 0.470078 0.670964 0.333583 0.311374 0.681137 0.365531 0.400336 0.356289 0.53643 0.535033 0.369447 1.43977 0.46318 0.355347 0.335563 0.32 0.432189 0.471837 0.392239 0.548569 1.26395 0.403319 0.370208 0.39425 0.362331 0.543196 0.678167 0.537462 0.585298 1.45864 0.561577 0.407127 1.66 0.453766 0.404269 0.341925 1.66 0.3607 0.375597 0.967248 0.661441 0.467601 0.480081 0.341659 0.364208 0.352071 0.497552 0.392828 0.335665 0.331787 0.364188 0.348044 0.34919 0.37349 0.503739 1.28483 0.355554 0.897536 0.387659 1.29699 0.353158 1.2444 0.335405 0.535142 1.52149 1.49829 0.480078 0.388226 0.307628 0.369428 0.400766 0.649934 0.392832 0.473933 0.477005 0.367337 0.322871 0.407473 0.323492 1.47955 0.543026 0.540775 0.344063 0.996382 0.348768 0.357231 0.433649 0.88241 0.385751 0.530488 0.358292 0.540316 0.398952 0.30435 0.535981 0.465849 0.467914 0.388894 0.332314 0.329117 0.529936 0.68202 0.36035 0.957791 0.40853 0.432911 0.313867 0.522598 0.373846 0.558034 0.374717 0.479808 0.458428 0.4789 0.377873 0.537949 0.449519 0.540045 0.338989 0.387643 0.323874 1.35069 1.50963 0.326307 0.324765 0.543765 0.380778 0.336536 0.458068 0.547478 0.3669 0.366314 0.455217 0.395505 0.453201 0.460014 0.392224 0.925322 0.325491 0.748028 0.415327 0.998543 0.467038 0.373458 0.402912 0.512016 0.361725 0.379777 0.462963 0.393313 0.389379 0.395327 0.677089 0.893571 0.541716 0.385423 0.488281 0.595234 0.40685 0.293274 0.450496 0.408176 0.417431 0.543634 0.302701 0.541133 0.546029 1.7405 0.296539 0.618412 0.96455 1.37856 0.373069 0.486105 0.373575 0.379457 0.321529 0.681291 1.31055 0.333109 0.544077 0.464896 0.406127 0.34015 1.41469 0.406897 0.409769 0.412282 0.406278 0.362083 0.379561 0.450701 1.58104 0.379283 0.543319 0.315976 0.30461 0.40374 0.371651 0.938109 0.507182 0.364422 0.401738 0.318192 0.315663 0.526436 0.54376 0.940386 0.421603 0.491264 0.398851 0.655987 0.331181 0.984138 0.37109 0.313684 0.397379 0.361884 0.443779 0.297533 0.555163 0.5429 0.551453 0.342835 0.362852 0.343974 0.342697 0.401236 0.40143 0.345763 0.335443 1.46334 0.364924 1.46743 1.43482 0.367037 0.400781 0.358646 0.400038 0.366929 0.373714 0.433296 0.388521 1.24258 0.9166 0.937167 0.391453 0.897079 1.42212 0.415104 0.495015 0.326781 0.323022 0.686985 1.248 0.364486 0.35847 0.373344 0.366026 0.402788 0.372756 0.535401 0.548397 0.413033 0.553339 1.05009 1.72232 0.456077 0.423247 0.902659 0.496583 0.330004 0.329028 0.536734 0.403867 0.5474 0.307603 0.396714 0.371673 0.372602 0.405988 0.37801 0.649939 0.407936 0.61845 0.405529 0.634108 0.552471 0.539651 0.381565 0.544509 0.544136 0.472768 0.3047 0.636208 0.465238 0.432949 0.681319 0.544575 0.465159 0.412337 0.390483 0.361489 0.540014 0.559131 0.359666 0.526676 1.05005 0.537855 0.355032 0.364704 0.337729 0.361012 0.323207 0.37159 0.434771 0.33247 0.47184 0.392511 0.553611 0.408889 0.639358 0.918185 0.30256 0.3632 0.463918 0.346844 0.339543 0.537824 0.330906 0.464049 0.471547 0.33983 1.52149 0.385014 0.54318 0.539941 0.669028 0.405626 0.373216 0.406164 0.390747 0.362688 0.374099 0.406509 0.406616 0.401191 0.54131 0.404717 0.333222 0.402252 0.477977 0.551921 0.55231 0.537882 0.475089 0.395284 0.402717 0.917358 0.353483 0.390848 0.399851 0.900999 0.468011 0.638638 0.351766 0.571447 0.648273 0.310999 0.481089 0.312816 0.367343 0.922749 0.534919 0.387824 0.33771 0.384148 0.39927 0.4881 0.397952 0.297216 0.393342 1.275 0.393999 0.548557 0.481528 0.309128 0.555262 0.382087 0.344867 0.472616 0.400915 0.551839 0.402588 0.435819 0.406039 0.436609 0.448452 0.396159 0.30157 0.558333 0.466932 0.38792 0.531454 1.40542 0.397998 0.334124 0.888927 0.679841 0.652606 0.470431 0.372814 0.678212 0.3905 0.352934 0.55098 0.478176 0.413903 0.333362 0.432741 0.686299 0.42096 0.364538 0.482804 0.679992 0.684846 0.410143 0.408323 0.920622 0.375487 0.372056 0.32928 0.475402 1.25086 0.368952 0.643237 0.391369 0.334557 0.466135 0.383306 0.372919 0.375556 0.5475 1.05 0.931381 0.329462 0.371925 0.367766 0.390841 1.46795 0.327614 0.540029 0.405893 0.537856 0.409514 1.45567 0.43049 0.874279 1.46093 0.475243 0.545757 0.343048 0.400507 0.33802 0.366532 0.342872 0.406555 0.362525 0.680632 0.377448 0.693841 0.451872 0.34039 0.345187 0.400515 0.320185 0.406824 0.398087 0.372383 1.39673 0.888802 0.934906 0.370319 0.480392 0.937575 0.469296 0.391126 0.534633 0.415413 0.66915 0.67751 0.536403 0.404168 0.337998 0.306948 0.374317 0.674154 0.355374 0.474288 0.353901 0.403551 0.923194 0.349312 0.348484 0.93187 0.400196 0.464014 0.519861
Testing:
Lab Growth Rates:
0.686 0.686 0.686
Dot Production Prediction of Lab Growth Rates:
0.687385 0.681469 0.687528
Best performance so far: 
Obj: 4.67679e-310Rho: 2.26291e-314Diff: 4.67679e-310
Anneal again with the best G and E so far as input
Cycle 2Round 1
Iter 500000 pBad 0.766395 T 0.000525816 Obj 1.03712 Rho 0 GRdif 21.3563 success 103021 failure 12964 obj_new 1.03712 SA_pAcc 0.869488 Delta 0.00283022 SA_r 0.653878 freedomratio 0.245188
Iter 1000000 pBad 0.693518 T 0.000141559 Obj 1.02171 Rho 0 GRdif 12.5852 success 202200 failure 34697 obj_new 1.02171 SA_pAcc 1 Delta -0.00386474 SA_r 0.58418 freedomratio 0.247571
Iter 1500000 pBad 0.532353 T 3.81101e-05 Obj 1.01872 Rho 0 GRdif 10.8684 success 297562 failure 64839 obj_new 1.01872 SA_pAcc 1.07465 Delta 0.0477727 SA_r 0.236489 freedomratio 0.246012
Iter 2000000 pBad 0.45433 T 1.02599e-05 Obj 1.01686 Rho 0 GRdif 9.79995 success 389241 failure 102602 obj_new 1.01686 SA_pAcc 0.97539 Delta 0.000956779 SA_r 0.710673 freedomratio 0.240855
Iter 2500000 pBad 0.311959 T 2.76214e-06 Obj 1.01415 Rho 0 GRdif 8.23379 success 474997 failure 154001 obj_new 1.01415 SA_pAcc 0.448443 Delta -0.0301947 SA_r 0.910098 freedomratio 0.2344
Iter 3000000 pBad 0.245877 T 7.43617e-07 Obj 1.01148 Rho 0 GRdif 6.68832 success 548905 failure 234223 obj_new 1.01148 SA_pAcc 1 Delta 0.0132087 SA_r 0.727547 freedomratio 0.226168
Iter 3500000 pBad 0.142759 T 2.00195e-07 Obj 1.01021 Rho 0 GRdif 5.95402 success 610653 failure 347646 obj_new 1.01021 SA_pAcc 1 Delta 0.00713157 SA_r 0.838577 freedomratio 0.214338
Iter 4000000 pBad 0.0624605 T 5.38958e-08 Obj 1.00988 Rho 0 GRdif 5.75904 success 647842 failure 529622 obj_new 1.00988 SA_pAcc 8.87802e-07 Delta 0.000645821 SA_r 0.407441 freedomratio 0.187881
Iter 4500000 pBad 0.0215476 T 1.45097e-08 Obj 1.00976 Rho 0 GRdif 5.69232 success 669126 failure 771955 obj_new 1.00976 SA_pAcc 1 Delta -0.00183719 SA_r 0.808751 freedomratio 0.169022
Iter 5000000 pBad 0.0158047 T 3.90626e-09 Obj 1.0097 Rho 0 GRdif 5.65682 success 684130 failure 1049895 obj_new 1.0097 SA_pAcc 0.000631948 Delta 0.00117982 SA_r 0.320993 freedomratio 0.156936
Iter 5500000 pBad 0.00575502 T 1.05163e-09 Obj 1.00967 Rho 0 GRdif 5.65453 success 693609 failure 1363352 obj_new 1.0097 SA_pAcc 0 Delta 0.000340759 SA_r 0.320493 freedomratio 0.148017
Iter 6000000 pBad 0.00278325 T 2.83118e-10 Obj 1.00967 Rho 0 GRdif 5.63664 success 699351 failure 1698938 obj_new 1.00967 SA_pAcc 1 Delta 0.000193245 SA_r 0.631166 freedomratio 0.143346
Iter 6500000 pBad 0.00151096 T 7.62202e-11 Obj 1.00966 Rho 0 GRdif 5.63512 success 702233 failure 2047554 obj_new 1.00966 SA_pAcc 0 Delta -5.49088e-05 SA_r 0.434825 freedomratio 0.141375
Iter 7000000 pBad 0.00100302 T 2.05198e-11 Obj 1.00966 Rho 0 GRdif 5.63402 success 704304 failure 2401771 obj_new 1.00966 SA_pAcc 1 Delta 9.53108e-05 SA_r 0.483136 freedomratio 0.140764
Iter 7500000 pBad 0.000908735 T 5.52429e-12 Obj 1.00966 Rho 0 GRdif 5.63334 success 707209 failure 2762814 obj_new 1.00966 SA_pAcc 1 Delta -5.82075e-05 SA_r 0.268677 freedomratio 0.136852
Iter 8000000 pBad 1.66615e-05 T 1.48723e-12 Obj 1.00966 Rho 0 GRdif 5.63273 success 710836 failure 3133139 obj_new 1.00966 SA_pAcc 1 Delta 1.88369e-07 SA_r 0.72199 freedomratio 0.13288
Iter 8500000 pBad 9.74447e-21 T 4.00389e-13 Obj 1.00966 Rho 0 GRdif 5.63259 success 713865 failure 3494756 obj_new 1.00966 SA_pAcc 0 Delta -6.43269e-22 SA_r 0.447051 freedomratio 0.127836
Iter 9000000 pBad 1.83662e-160 T 1.07792e-13 Obj 1.00966 Rho 0 GRdif 5.63255 success 713865 failure 3819224 obj_new 1.00966 SA_pAcc 0 Delta -2.34989e-162 SA_r 0.0850482 freedomratio 0.127419
Iter 9500000 pBad 0 T 2.90194e-14 Obj 1.00966 Rho 0 GRdif 5.63252 success 713865 failure 4146578 obj_new 1.00966 SA_pAcc 0 Delta -0 SA_r 0.210258 freedomratio 0.0978787
Good enough
iter 8.33276e+06 obj1.00966 rho 0 GRdif 5.63251
Training:
Lab Growth Rates:
0.4 0.42 0.45 0.59 0.377 0.43 0.42 1.05 0.38 0.4 0.53 0.38 0.59 0.56 0.46 0.45 0.23 0.27 0.56 1.345 0.4 0.47 0.4 1.42 0.37 0.32 0.49 0.1 0.25 0.901 0.5 0.47 0.11 0.56 0.1 0.58 0.41 0.47 0.31 0.47 0.51 0.43 0.724 0.45 0.54 0.37 0.4 0.46 0.1 0.26 0.4 0.42 0.53 0.53 1.345 0.56 0.4 0.45 0.762 0.53 0.43 0.55 0.46 0.54 0.3 0.14 0.48 0.19 0.3 0.68 0.48 0.59 0.3 0.34 0.48 0.54 0.48 0.26 0.5 0.636 0.3 0.33 0.635 0.46 0.52 0.45 0.53 0.59 0.36 0.762 0.58 0.45 0.39 0.32 0.09 0.22 0.37 0.54 1.248 0.4 0.45 0.37 0.36 0.5 0.637 0.5 0.5 0.45 0.5 0.4 1.66 0.46 0.37 0.53 1.66 0.33 0.47 1.345 0.65 0.56 0.55 0.59 0.52 0.42 0.68 0.5 0.42 0.54 0.42 0.27 0.09 0.27 0.5 0.901 0.3 1.483 0.4 0.1 0.47 1.248 0.33 0.54 1.49 1.67 0.58 0.58 0.3 0.52 0.52 0.65 0.4 0.5 0.56 0.6 0.39 0.4 0.33 1.44 0.56 0.465 0.59 1.46 0.42 0.48 0.23 1.483 0.49 0.56 0.6 0.481 0.4 0.53 0.56 0.46 0.54 0.46 0.17 0.19 0.5 0.635 0.36 1.483 0.4 0.46 0.39 0.5 0.52 0.5 0.43 0.55 0.46 0.46 0.5 0.481 0.53 0.485 0.5 0.47 0.25 1.35 0.25 0.54 0.5 0.23 0.41 0.2 0.58 0.55 0.6 0.43 0.54 0.43 0.33 0.46 0.4 1.345 0.39 0.617 0.51 1.46 0.37 0.45 0.46 0.31 0.2 0.09 0.46 0.11 0.4 0.52 0.637 0.901 0.465 0.54 0.22 0.5 0.4 0.42 0.33 0.4 0.37 0.23 0.3 0.53 0.54 1.05 0.38 0.65 1.345 1.67 0.45 0.55 0.49 0.42 0.4 0.648 1.03 0.5 0.56 0.5 0.4 0.3 0.1 0.4 0.4 0.17 0.4 0.39 0.54 0.46 0.1 0.54 0.485 0.59 0.54 0.4 0.47 1.483 0.5 0.47 0.4 0.42 0.59 0.54 0.55 1.345 0.53 0.68 0.54 0.65 0.42 1.46 0.47 0.58 0.4 0.41 0.25 0.37 0.59 0.485 0.301 0.48 0.58 0.33 0.36 0.4 0.4 0.25 0.45 0.45 0.45 0.45 0.762 0.54 0.47 0.4 0.4 0.46 0.47 0.37 0.4 1.248 1.483 1.345 0.47 1.345 1.43 0.46 0.68 0.17 0.39 0.724 1.248 0.43 0.5 0.52 0.22 0.4 0.58 0.56 0.41 0.37 0.55 1.05 1.46 0.46 0.22 0.901 0.68 0.34 0.5 0.59 0.47 0.377 0.27 0.4 0.5 0.33 0.4 0.59 0.65 0.4 0.65 0.4 0.7 0.377 0.476 0.58 0.5 0.56 0.58 0.46 0.7 0.42 0.23 0.71 0.23 0.58 0.4 0.47 0.47 0.54 0.301 0.54 0.5 1.05 0.481 0.2 0.27 0.42 0.43 0.41 0.53 0.37 0.5 0.58 0.4 0.301 0.4 0.7 1.345 0.42 0.43 0.46 0.58 0.3 0.465 0.36 0.56 0.56 0.42 0.45 0.52 0.476 0.476 0.25 0.4 0.54 0.4 0.46 0.47 0.38 0.4 0.4 0.53 0.56 0.37 0.59 0.4 0.54 0.56 0.5 0.59 0.55 0.4 0.4 1.345 0.36 0.4 0.4 0.901 0.54 0.65 0.25 0.5 0.65 0.48 0.22 0.48 0.3 1.483 0.23 0.43 0.59 0.52 0.4 0.26 0.54 0.34 0.4 1.38 0.53 0.55 0.25 0.48 0.55 0.3 0.36 0.58 0.4 0.41 0.4 0.23 0.4 0.37 0.47 0.4 0.3 0.5 0.56 0.43 0.54 1.43 0.4 0.52 0.901 0.648 0.65 0.58 0.46 0.637 0.52 0.3 0.55 0.5 0.37 0.5 0.53 0.724 0.36 0.58 0.22 0.635 0.636 0.43 0.4 1.483 0.11 0.47 0.58 0.5 1.248 0.58 0.7 0.47 0.42 0.58 0.37 0.47 0.41 0.59 1.05 1.345 0.59 0.54 0.5 0.4 0.1 0.45 0.485 0.4 0.53 0.36 0.45 0.33 1.483 0.762 0.22 0.41 0.42 0.4 0.47 0.52 0.5 0.4 0.54 0.636 0.3 0.71 0.58 0.19 0.32 0.45 0.4 0.4 0.14 0.27 1.4 1.483 1.483 0.6 0.54 1.483 0.55 0.22 0.56 0.37 0.1 0.71 0.23 0.4 0.42 0.38 0.47 0.648 0.54 0.31 0.45 0.51 1.483 0.1 0.47 1.345 0.41 0.58 0.5
Dot Production Prediction of Lab Growth Rates:
0.398681 0.328425 1.4676 0.38709 0.557988 0.368721 0.55407 1.03695 0.336875 0.400148 0.35513 0.391899 0.543419 0.54251 0.396092 0.385785 0.529361 0.533941 0.471756 0.967246 0.398296 0.348516 0.399329 1.5197 0.417132 0.32383 0.391315 0.43797 0.360979 0.9005 0.476013 0.348538 0.33689 0.536514 0.798622 0.468067 0.349757 0.42003 0.550847 0.347227 0.386626 0.43042 0.721338 1.52106 0.539556 0.418448 0.401279 0.339842 0.427432 0.449696 0.40131 0.548453 0.534423 0.527807 0.949311 0.52761 0.400117 0.427899 1.49985 0.532331 0.400655 0.448279 0.302613 0.457654 0.402691 0.140053 0.317776 0.333258 0.390575 0.300299 0.31442 0.541323 0.297671 0.317544 0.340736 0.374504 0.354113 0.381904 0.463952 0.722684 0.338831 0.325273 0.714621 0.365941 0.373017 0.361292 0.538347 0.54051 0.366857 1.46609 0.464137 0.369751 0.332406 0.322714 0.443958 0.466271 0.395627 0.551751 1.25955 0.400502 0.345432 0.400516 0.364522 0.546 0.726629 0.575214 0.627365 1.44634 0.590599 0.399718 1.49562 0.482339 0.410979 0.340894 1.45203 0.356763 0.401654 0.97733 0.670522 0.465807 0.468207 0.36468 0.355173 0.351522 0.30415 0.408435 0.341097 0.349347 0.379385 0.361297 0.348009 0.366644 0.577551 1.30055 0.384686 0.914489 0.396448 0.806119 0.355115 1.248 0.33 0.540643 1.5276 1.48555 0.476268 0.382567 0.310505 0.361153 0.410755 0.657489 0.399606 0.472748 0.468952 0.400451 0.324179 0.40286 0.329586 1.47707 0.530433 0.550037 0.353892 1.06993 0.355231 0.352729 0.428152 0.915107 0.375075 0.540391 0.394546 0.553951 0.398913 0.308685 0.537985 0.462383 0.468608 0.412353 0.339211 0.324448 0.545181 0.720631 0.359508 0.953692 0.397984 0.447796 0.307073 0.540058 0.370704 0.614341 0.375358 0.453539 0.462422 0.466521 0.389001 0.553598 0.490255 0.551588 0.34341 0.402323 0.327046 0.847845 1.48463 0.326122 0.32724 0.541233 0.390854 0.377452 0.459153 0.544704 0.40667 0.388037 0.464345 0.427463 0.4717 0.463951 0.402306 0.963855 0.335005 0.533717 0.414065 1.06601 0.489688 0.355645 0.434265 0.561759 0.401831 0.381392 0.493197 0.384923 0.400221 0.385776 0.722851 0.901 0.549264 0.387844 0.462856 0.6517 0.400745 0.309714 0.487664 0.399645 0.423839 0.53873 0.318564 0.536114 0.543471 1.31685 0.321783 0.630194 0.969029 1.32669 0.400062 0.46069 0.365684 0.393246 0.326176 0.715725 1.30907 0.333893 0.534702 0.458862 0.400169 0.344419 1.39356 0.400856 0.398971 0.420154 0.402311 0.358392 0.393326 0.481515 0.950109 0.37604 0.555874 0.331766 0.315855 0.400136 0.401956 0.956541 0.560774 0.361029 0.399098 0.320951 0.327444 0.529114 0.543595 0.938008 0.421096 0.29997 0.403759 0.649539 0.341527 1.05804 0.387902 0.317378 0.400615 0.366356 0.48373 0.318924 0.546487 0.558254 0.566393 0.348475 0.360702 0.355039 0.339378 0.400947 0.401047 0.360955 0.349144 1.43595 0.34235 1.44872 1.46761 0.371947 0.459674 0.382366 0.398106 0.356453 0.378958 0.433625 0.398949 1.24694 0.917603 0.958192 0.455071 0.961694 0.8686 0.42537 0.303726 0.334695 0.347881 0.726742 1.24712 0.359936 0.378235 0.397047 0.368768 0.399521 0.370687 0.535447 0.568114 0.424338 0.552709 1.05308 1.39371 0.456949 0.442945 0.909585 0.304607 0.338657 0.336178 0.539849 0.437398 0.550072 0.320326 0.404395 0.372964 0.370507 0.400027 0.407715 0.665294 0.398066 0.634057 0.400702 0.622814 0.555995 0.547836 0.375558 0.533958 0.545223 0.466099 0.30242 0.618559 0.526654 0.429225 0.718483 0.530666 0.46328 0.400953 0.385817 0.385193 0.543044 0.574209 0.378743 0.53637 1.05925 0.549167 0.390658 0.381984 0.352356 0.361058 0.316499 0.368715 0.432333 0.329401 0.464212 0.399994 0.560189 0.399302 0.609348 0.969116 0.306728 0.370813 0.458752 0.34766 0.374654 0.546773 0.32973 0.46568 0.472125 0.34412 1.5276 0.383024 0.553197 0.545545 0.71016 0.400053 0.366377 0.399922 0.430205 0.350214 0.383202 0.398278 0.397829 0.420935 0.53296 0.415162 0.356885 0.399489 0.445061 0.53011 0.548733 0.541378 0.460175 0.400409 0.39605 0.955189 0.3574 0.393911 0.398187 0.900913 0.439969 0.64349 0.358808 0.610936 0.650055 0.314105 0.466658 0.328306 0.403535 0.954607 0.534104 0.406158 0.337043 0.350575 0.401325 0.556711 0.398513 0.320885 0.399619 1.35746 0.406946 0.543955 0.51156 0.312909 0.553768 0.416243 0.34385 0.464838 0.400612 0.567345 0.399355 0.431946 0.399219 0.432454 0.423036 0.400036 0.301817 0.603971 0.466139 0.403191 0.539984 0.876022 0.398867 0.355561 0.895915 0.720034 0.670045 0.468891 0.357347 0.723408 0.402231 0.376465 0.547967 0.471205 0.43046 0.320144 0.471616 0.726873 0.423431 0.380026 0.471014 0.720524 0.726402 0.434741 0.401675 0.937012 0.371651 0.358225 0.325886 0.478192 1.25862 0.358428 0.609041 0.38396 0.342998 0.471094 0.394471 0.37483 0.380024 0.545075 1.05 0.95423 0.352834 0.375158 0.369004 0.402918 0.880383 0.338135 0.557966 0.397077 0.527268 0.417338 1.45917 0.438791 0.932408 1.48577 0.463092 0.569281 0.346735 0.401375 0.349009 0.385238 0.350242 0.402201 0.364182 0.721549 0.373442 0.724299 0.448477 0.325382 0.361265 0.399716 0.337689 0.401497 0.139818 0.38921 1.40573 0.955484 0.912355 0.404812 0.441488 0.975305 0.460938 0.395244 0.540253 0.420401 0.703997 0.712847 0.540066 0.399719 0.345029 0.322495 0.400744 0.70702 0.346063 0.541396 0.357193 0.405626 0.955125 0.37695 0.356315 0.935665 0.39312 0.466227 0.553745
Testing:
Lab Growth Rates:
0.686 0.686 0.686
Dot Production Prediction of Lab Growth Rates:
0.721357 0.719989 0.720259
Best performance so far: 
Obj: 4.67679e-310Rho: 6.5069e-314Diff: 4.67679e-310
Test:
 Lab Growth Rates:
0.686 0.686 0.686Dot Product Prediction of Growth Rate:
0.721357 0.7199895 0.7202594