seed =  5 traits =  1 
Training: part  207 
Training: part  207 
Round  1 
 Goal of obj  0.99 
Temperature range:  0.015625 3.125e-15 
Cycle 1Round 1
Iter 500000 pBad 0.934807 T 0.00362137 Obj 1.19853 Rho 0 GRdif 106.122 success 122302 failure 1831 obj_new 1.19853 SA_pAcc 1.00195 Delta 0.00587723 SA_r 0.724007 freedomratio 0.368785
Iter 1000000 pBad 0.813451 T 0.000839314 Obj 1.05598 Rho 0 GRdif 31.9165 success 260559 failure 13359 obj_new 1.05598 SA_pAcc 1.15545 Delta 0.0651634 SA_r 0.157113 freedomratio 0.366938
Iter 1500000 pBad 0.728549 T 0.000194525 Obj 1.03304 Rho 0 GRdif 19.0499 success 401575 failure 36599 obj_new 1.03304 SA_pAcc 1 Delta -0.053535 SA_r 0.59273 freedomratio 0.364201
Iter 2000000 pBad 0.626741 T 4.50845e-05 Obj 1.0227 Rho 0 GRdif 13.1519 success 539340 failure 67837 obj_new 1.0227 SA_pAcc 0.964741 Delta -0.0027298 SA_r 0.358605 freedomratio 0.362848
Iter 2500000 pBad 0.491424 T 1.04491e-05 Obj 1.01726 Rho 0 GRdif 10.0255 success 673952 failure 104900 obj_new 1.01726 SA_pAcc 0.748991 Delta 0.0332567 SA_r 0.220814 freedomratio 0.36106
Iter 3000000 pBad 0.310597 T 2.42176e-06 Obj 1.01276 Rho 0 GRdif 7.43249 success 790315 failure 174977 obj_new 1.01276 SA_pAcc 1 Delta 0.0292005 SA_r 0.3502 freedomratio 0.346541
Iter 3500000 pBad 0.173098 T 5.61283e-07 Obj 1.00895 Rho 0 GRdif 5.22192 success 889548 failure 282878 obj_new 1.00895 SA_pAcc 1 Delta 0.00448134 SA_r 0.575517 freedomratio 0.323936
Iter 4000000 pBad 0.0731656 T 1.30087e-07 Obj 1.00845 Rho 0 GRdif 4.93376 success 952086 failure 468082 obj_new 1.00845 SA_pAcc 1 Delta -0.00154919 SA_r 0.225885 freedomratio 0.277857
Iter 4500000 pBad 0.0391733 T 3.01498e-08 Obj 1.00831 Rho 0 GRdif 4.84915 success 989196 failure 720164 obj_new 1.00831 SA_pAcc 1 Delta 0.00233264 SA_r 0.978735 freedomratio 0.243154
Iter 5000000 pBad 0.0146977 T 6.98773e-09 Obj 1.00826 Rho 0 GRdif 4.81903 success 1007866 failure 1028950 obj_new 1.00826 SA_pAcc 1 Delta 9.3445e-05 SA_r 0.730072 freedomratio 0.218984
Iter 5500000 pBad 0.00606559 T 1.61953e-09 Obj 1.00825 Rho 0 GRdif 4.81271 success 1017099 failure 1371383 obj_new 1.00825 SA_pAcc 1.12157e-20 Delta -0.000463414 SA_r 0.145005 freedomratio 0.207801
Iter 6000000 pBad 0.00343225 T 3.75352e-10 Obj 1.00824 Rho 0 GRdif 4.81018 success 1021927 failure 1731594 obj_new 1.00824 SA_pAcc 1 Delta 0.000161126 SA_r 0.849537 freedomratio 0.201999
Iter 6500000 pBad 0.00219959 T 8.69943e-11 Obj 1.00824 Rho 0 GRdif 4.8087 success 1024855 failure 2101036 obj_new 1.00824 SA_pAcc 8.51859e-220 Delta -5.45617e-05 SA_r 0.53499 freedomratio 0.197373
Iter 7000000 pBad 0.000704296 T 2.01624e-11 Obj 1.00824 Rho 0 GRdif 4.8089 success 1026866 failure 2477853 obj_new 1.00824 SA_pAcc 0 Delta 1.04572e-05 SA_r 0.375824 freedomratio 0.194943
Iter 7500000 pBad 0.000206323 T 4.67298e-12 Obj 1.00824 Rho 0 GRdif 4.80809 success 1027814 failure 2858792 obj_new 1.00824 SA_pAcc 0 Delta 1.87843e-05 SA_r 0.981638 freedomratio 0.193336
Iter 8000000 pBad 0.000870595 T 1.08304e-12 Obj 1.00824 Rho 0 GRdif 4.80755 success 1030986 failure 3234744 obj_new 1.00824 SA_pAcc 1 Delta -3.47675e-05 SA_r 0.589056 freedomratio 0.191879
Iter 8500000 pBad 1.90815e-25 T 2.51013e-13 Obj 1.00824 Rho 0 GRdif 4.81119 success 1031566 failure 3556220 obj_new 1.00824 SA_pAcc 0 Delta -1.43291e-26 SA_r 0.746877 freedomratio 0.17817
Iter 9000000 pBad 3.61711e-244 T 5.81766e-14 Obj 1.00824 Rho 0 GRdif 4.80795 success 1031566 failure 3851072 obj_new 1.00824 SA_pAcc 0 Delta 1.70148e-245 SA_r 0.281149 freedomratio 0.175554
Iter 9500000 pBad 0 T 1.34834e-14 Obj 1.00824 Rho 0 GRdif 4.80749 success 1031566 failure 4165581 obj_new 1.00824 SA_pAcc 1 Delta -0 SA_r 0.604493 freedomratio 0.0663271
Iter 10000000 pBad 0 T 3.12501e-15 Obj 1.00824 Rho 0 GRdif 4.81306 success 1031566 failure 4507304 obj_new 1.00825 SA_pAcc 0 Delta -0 SA_r 0.0458264 freedomratio 0.0376704
Cannot move further
iter 8.18997e+06 obj1.00824 rho 0 GRdif 4.80749
Training:
Lab Growth Rates:
0.55 0.25 0.38 0.39 0.56 0.59 0.4 0.59 0.45 0.47 0.51 0.52 0.54 1.345 0.377 0.71 0.4 0.68 0.37 0.46 0.1 1.66 0.37 1.345 0.47 0.58 0.47 0.635 0.7 1.46 0.38 0.58 0.55 0.4 0.19 0.33 0.56 0.52 0.301 0.485 0.3 0.5 0.7 0.47 0.4 1.03 0.09 0.4 0.686 0.55 0.47 0.45 0.5 0.4 0.4 0.4 0.901 0.485 0.56 0.1 0.42 0.686 1.345 0.27 0.56 0.4 0.1 0.65 0.47 0.4 0.71 0.11 0.23 0.4 0.58 1.4 0.22 0.54 0.33 0.27 0.37 0.56 1.67 0.59 0.54 0.46 0.901 0.14 0.724 0.52 0.34 0.56 0.41 0.56 0.54 0.32 0.4 0.43 0.5 0.46 0.58 0.5 0.31 0.58 0.901 0.4 0.36 0.48 0.54 0.56 0.5 0.46 0.4 1.483 0.58 0.46 1.38 0.4 0.46 1.483 0.58 0.45 1.483 0.45 0.23 0.37 0.45 0.36 0.4 0.5 0.55 0.3 1.05 0.54 0.47 0.5 0.476 0.55 0.6 1.49 0.4 0.5 0.47 0.53 0.45 0.4 0.5 0.49 0.481 0.58 1.46 0.47 0.46 0.47 0.46 0.52 0.36 0.43 0.4 0.68 0.1 0.48 0.37 0.54 0.1 0.648 0.49 0.59 0.42 0.23 0.4 1.345 0.54 0.4 0.4 0.4 0.47 0.45 0.54 0.45 0.25 0.65 0.42 0.56 0.4 0.65 0.46 1.345 0.4 0.5 0.4 1.44 0.45 0.2 1.483 0.5 0.377 0.4 0.43 0.4 0.31 0.762 0.58 0.19 0.54 0.54 0.5 0.5 1.46 0.43 0.47 0.53 0.4 0.45 0.48 0.485 0.4 1.345 1.483 0.58 0.59 0.48 0.33 0.3 0.45 0.41 0.37 0.26 0.23 0.4 0.636 1.483 0.42 0.65 0.4 0.5 1.345 0.23 0.59 0.46 0.37 0.54 0.4 0.1 0.686 0.53 0.55 0.42 0.43 0.39 1.345 0.49 0.48 0.38 0.32 0.1 0.2 0.36 0.4 0.3 0.45 0.5 0.47 0.724 0.4 0.59 0.4 0.22 0.56 0.32 0.47 0.22 0.43 0.52 0.46 0.33 1.483 0.41 0.4 0.3 0.42 0.46 0.68 0.37 0.17 0.4 0.3 0.4 0.45 1.248 0.51 0.42 0.762 0.33 1.05 0.53 0.5 0.37 0.26 0.23 0.41 0.27 0.52 0.53 0.58 0.54 1.345 0.58 0.39 0.4 1.483 1.248 0.41 0.481 0.47 0.39 0.37 0.11 0.54 0.54 0.37 0.5 0.635 0.48 0.41 0.3 0.47 0.648 1.67 0.5 0.54 0.54 0.476 0.55 0.5 1.248 0.17 0.4 0.5 0.58 1.05 0.43 0.53 0.481 0.48 0.33 0.46 0.45 0.59 0.38 0.47 1.483 0.25 0.43 0.5 0.56 0.31 0.5 0.51 0.41 0.47 0.34 0.901 0.901 1.483 0.25 0.46 0.54 0.25 0.4 0.4 0.42 1.43 0.11 0.59 0.901 0.56 0.56 0.45 0.14 0.65 0.4 0.09 0.59 0.42 0.47 0.46 0.54 0.5 1.345 1.46 0.4 0.4 0.33 0.56 0.52 1.345 0.3 0.25 1.66 0.4 0.301 0.617 1.05 0.4 0.54 1.483 0.36 0.5 0.27 0.4 0.42 0.36 0.5 0.53 0.5 0.724 0.54 0.37 0.6 0.34 0.46 0.4 0.68 0.71 0.36 0.55 0.55 0.53 1.483 0.54 0.53 0.68 0.23 0.17 0.47 0.41 0.65 0.41 0.5 0.1 0.45 0.46 0.19 0.59 0.58 0.46 0.54 0.37 0.37 0.37 0.648 0.762 0.59 0.54 0.52 0.53 0.53 0.56 1.345 0.09 0.52 0.58 0.25 0.5 0.47 0.42 0.46 0.43 0.39 0.2 0.52 0.465 0.476 0.47 0.4 1.248 0.637 1.35 0.4 0.22 0.42 0.33 0.59 0.1 0.39 0.22 0.5 0.4 0.3 0.59 1.42 0.27 0.45 0.58 0.4 0.3 0.59 0.3 0.55 0.4 0.22 0.37 0.54 1.43 0.58 0.42 0.36 0.4 0.762 0.637 0.635 0.301 0.26 0.4 0.56 0.52 0.7 0.25 0.6 1.05 0.5 0.42 0.47 0.52 0.43 0.42 0.636 0.465 0.23 0.5 0.58 0.636 0.58 0.3 0.5 0.55 0.45 0.42 1.248 0.377 0.65 0.48 0.65 0.5 0.42 0.23 0.46 0.58 0.4 0.55 0.5 0.33 0.4 0.4 0.3 0.465 0.4 0.56 0.54 0.46 0.47 0.54 0.22 0.7 0.54 0.58 0.45 0.43 0.637 0.4 0.56 0.65 0.38 0.42 0.22 0.59 0.43 0.36 0.48 0.27 0.485 0.3 0.4 0.6 0.53
Dot Production Prediction of Lab Growth Rates:
0.547787 0.303276 0.30658 0.32005 0.536257 0.332126 0.399217 0.536924 0.405807 0.433609 0.397319 0.377227 0.433137 1.04372 0.469676 0.721729 0.392166 0.497375 0.290407 0.452426 0.362373 1.66 0.441976 1.08904 0.361895 0.464976 0.479496 0.71584 0.702495 1.02101 0.295648 0.385725 0.548674 0.400138 0.319843 0.322789 0.534707 0.385938 0.467405 0.467321 0.539482 0.54041 0.694786 0.423501 0.400928 1.39775 0.456744 0.396556 0.724947 0.547118 0.359036 0.340008 0.602886 0.39729 0.402482 0.402509 0.901 0.472213 0.545724 1.38381 0.598888 0.721896 1.07489 0.332564 0.466868 0.395621 0.472398 0.663131 0.508349 0.397082 0.727516 0.334745 0.449691 0.309375 0.353373 1.51108 0.466222 0.538993 0.441424 0.39076 0.413684 0.550392 1.48262 0.339669 0.295415 0.459282 0.901176 0.140667 0.723803 0.393939 0.331307 0.464821 0.382606 0.536757 0.406959 0.325057 0.399309 0.451438 0.466019 0.554268 0.469931 0.462319 0.578734 0.360631 0.909779 0.404471 0.3471 0.337749 0.377158 0.54002 0.322118 0.469012 0.402692 1.0653 0.470709 0.369209 1.3368 0.402025 0.446439 1.03326 0.470191 0.326404 1.04841 1.53482 0.534516 0.436046 1.51901 0.35648 0.399802 0.696994 0.550501 0.412255 1.05 0.539081 0.504956 0.352288 0.473639 0.446065 0.518694 1.53482 0.399252 0.332757 0.391189 0.537419 0.410816 0.400602 0.325344 0.404431 0.468374 0.465804 1.00154 0.381344 0.46 0.359088 0.404295 0.364526 0.3262 0.398723 0.395728 0.492269 0.819055 0.332756 0.433321 0.403385 1.05597 0.707121 0.381131 0.389867 0.358107 0.449452 0.402859 1.02786 0.545019 0.40122 0.401806 0.401234 0.385356 1.45831 0.448532 1.4679 0.540448 0.655368 0.310342 0.545806 0.393694 0.628142 0.524166 1.10341 0.39666 0.471455 0.401275 1.51121 1.44147 0.352228 1.02095 0.414909 0.466842 0.401569 0.427446 0.401305 0.57248 0.90777 0.371052 0.335028 0.338042 0.434713 0.3356 0.370551 1.6083 0.374481 0.351317 0.531435 0.402227 1.44781 0.312695 0.46621 0.398907 1.087 1.04944 0.464508 0.310764 0.306033 0.334284 0.310996 0.356218 0.34817 0.457763 0.477499 0.531094 0.40041 0.724199 1.0499 0.311385 0.643226 0.402127 0.364825 1.08304 0.448881 0.330248 0.294388 0.433016 0.358537 0.401841 0.462834 0.725015 0.541905 0.447995 0.333466 0.370844 0.324755 1.08479 0.37998 0.348414 0.363981 0.303565 1.2901 0.413425 0.356099 0.396457 0.300351 1.45471 0.327724 0.40977 0.720673 0.402741 0.546218 0.399735 0.403764 0.474647 0.345013 0.406226 0.461567 0.382399 0.355548 0.431851 0.479521 1.02445 0.4708 0.399132 0.502969 0.357785 0.546002 0.496571 0.430454 0.336291 0.396683 0.519691 0.394798 0.390314 0.931942 0.43005 0.371397 0.904006 0.378961 1.05003 0.532368 0.580212 0.435205 0.575258 0.539445 0.463159 0.370003 0.391699 0.278399 0.459487 0.40567 1.01971 0.393815 0.318905 0.399342 1.02674 0.926451 0.394698 0.468454 0.327691 0.350681 0.387295 0.391851 0.315035 0.372218 0.390504 0.392851 0.713719 0.316253 0.334808 0.549825 0.446527 0.712203 1.46905 0.691345 0.33859 0.539991 0.474364 0.444044 0.525843 0.936971 0.325627 0.402852 0.619289 0.344217 1.05117 0.439413 0.532586 0.470214 0.293553 0.320696 0.368828 0.338353 0.544495 0.370206 0.370526 1.04961 0.79617 0.468851 0.467727 0.53201 0.589267 0.472638 0.413284 0.402736 0.393294 0.317065 0.901148 0.89436 1.06517 0.362037 0.31133 0.360109 1.47827 0.403132 0.399264 0.342466 1.43106 0.373351 0.541346 0.897812 0.546549 0.534772 0.356319 0.139745 0.62784 0.403156 0.38062 0.539081 0.38936 0.369104 0.468403 0.449513 0.53893 1.10076 1.01637 0.400074 0.397157 0.526395 0.471485 0.353683 1.00913 0.33005 0.561266 1.64382 0.400986 0.467004 0.617003 0.988215 0.400008 0.391425 1.06804 0.359205 0.31777 0.623433 0.401746 0.330783 0.319632 0.335866 0.318985 0.603167 0.721997 0.38549 0.43417 0.52205 0.306247 0.457941 0.391962 0.498027 0.723682 0.417269 0.545662 0.444033 0.360844 1.06399 0.388919 0.532015 0.494843 0.541147 0.438819 0.347304 0.358391 0.661645 0.471155 0.614222 1.06182 0.335136 0.461413 0.322996 0.320311 0.47026 0.428238 0.547583 0.57217 0.44165 0.430306 0.713268 0.915101 0.408271 0.440023 0.385662 0.400135 0.561496 0.467172 1.06285 0.349261 0.381886 0.464147 0.364177 0.675947 0.350415 0.336507 0.362381 0.38327 0.318767 0.416435 0.369649 0.473696 0.475681 0.359001 0.402137 0.930167 0.710742 1.32865 0.401329 0.440018 0.334741 0.375396 0.328738 1.13133 0.307887 0.35948 0.728268 0.402454 0.411978 0.536832 1.53737 0.373192 0.42559 0.468935 0.398368 0.505768 0.30835 0.299815 0.44356 0.400864 0.467518 0.441983 0.538327 1.42034 0.316976 0.359318 0.335313 0.402775 0.917195 0.709614 0.717898 0.466748 0.337798 0.401646 0.46851 0.351878 0.700356 0.345289 0.522457 1.6693 0.711177 0.601333 0.362138 0.387303 0.426641 0.614863 0.714925 0.472991 0.536153 0.694769 0.471846 0.719582 0.470876 0.375382 0.466617 0.430544 0.315408 0.341063 0.932259 0.468135 0.649907 0.348857 0.651395 0.546848 0.30327 0.539119 0.340063 0.364727 0.402746 0.552199 0.527382 0.367252 0.394126 0.400807 0.499644 0.472083 0.404264 0.548249 0.382706 0.450253 0.400492 0.539206 0.468672 0.700888 0.434914 0.299821 0.381042 0.365792 0.70692 0.398924 0.542969 0.649998 0.314644 0.351625 0.472855 0.550857 0.411714 0.432397 0.30303 0.278373 0.473524 0.472496 0.333547 0.542651 0.505289
Testing:
Lab Growth Rates:
0.53 0.53 0.53
Dot Production Prediction of Lab Growth Rates:
0.395736 0.334634 0.432357
Best performance so far: 
Obj: 4.6618e-310Rho: 2.26291e-314Diff: 4.6618e-310
Anneal again with the best G and E so far as input
Cycle 2Round 1
Iter 500000 pBad 0.939621 T 0.00362137 Obj 1.19854 Rho 0 GRdif 106.125 success 54690 failure 828 obj_new 1.19854 SA_pAcc 0.997282 Delta 0.045011 SA_r 0.857746 freedomratio 0.26056
Iter 1000000 pBad 0.874957 T 0.000839314 Obj 1.16589 Rho 0 GRdif 89.9414 success 113946 failure 2305 obj_new 1.16589 SA_pAcc 0.969965 Delta -0.00382973 SA_r 0.375902 freedomratio 0.25815
Iter 1500000 pBad 0.649612 T 0.000194525 Obj 1.048 Rho 0 GRdif 27.4765 success 214123 failure 28134 obj_new 1.048 SA_pAcc 1 Delta -0.0121048 SA_r 0.704539 freedomratio 0.25032
Iter 2000000 pBad 0.557016 T 4.50845e-05 Obj 1.02735 Rho 0 GRdif 15.8094 success 309880 failure 65709 obj_new 1.02735 SA_pAcc 1 Delta -0.0341075 SA_r 0.858373 freedomratio 0.245909
Iter 2500000 pBad 0.441878 T 1.04491e-05 Obj 1.01827 Rho 0 GRdif 10.6101 success 404163 failure 108803 obj_new 1.01827 SA_pAcc 0.819211 Delta -0.0224371 SA_r 0.31067 freedomratio 0.243355
Iter 3000000 pBad 0.348555 T 2.42176e-06 Obj 1.01546 Rho 0 GRdif 8.99266 success 494310 failure 156446 obj_new 1.01546 SA_pAcc 1.13916 Delta 0.0250083 SA_r 0.234874 freedomratio 0.243558
Iter 3500000 pBad 0.227889 T 5.61283e-07 Obj 1.01221 Rho 0 GRdif 7.11345 success 575820 failure 226697 obj_new 1.01221 SA_pAcc 1 Delta 0.0127809 SA_r 0.34857 freedomratio 0.22775
Iter 4000000 pBad 0.0928518 T 1.30087e-07 Obj 1.00975 Rho 0 GRdif 5.68439 success 638898 failure 350016 obj_new 1.00975 SA_pAcc 0.000767172 Delta 0.00255425 SA_r 0.336645 freedomratio 0.20951
Iter 4500000 pBad 0.0545343 T 3.01498e-08 Obj 1.00938 Rho 0 GRdif 5.47337 success 672770 failure 548870 obj_new 1.00938 SA_pAcc 1 Delta -0.00485325 SA_r 0.462324 freedomratio 0.190942
Iter 5000000 pBad 0.0167887 T 6.98773e-09 Obj 1.00928 Rho 0 GRdif 5.41479 success 692048 failure 803160 obj_new 1.00928 SA_pAcc 1 Delta -0.000828034 SA_r 0.804706 freedomratio 0.169609
Iter 5500000 pBad 0.00654947 T 1.61953e-09 Obj 1.00924 Rho 0 GRdif 5.3894 success 702750 failure 1099777 obj_new 1.00924 SA_pAcc 1.45908e-209 Delta 0.00055605 SA_r 0.727264 freedomratio 0.157442
Iter 6000000 pBad 0.0058344 T 3.75352e-10 Obj 1.00922 Rho 0 GRdif 5.37737 success 709031 failure 1422420 obj_new 1.00922 SA_pAcc 1 Delta -0.000576941 SA_r 0.549038 freedomratio 0.152923
Iter 6500000 pBad 0.00321812 T 8.69943e-11 Obj 1.00921 Rho 0 GRdif 5.40585 success 712776 failure 1759876 obj_new 1.00927 SA_pAcc 0 Delta 0.000122563 SA_r 0.596156 freedomratio 0.147942
Iter 7000000 pBad 0.00211784 T 2.01624e-11 Obj 1.00921 Rho 0 GRdif 5.39334 success 716430 failure 2109961 obj_new 1.00925 SA_pAcc 0 Delta -8.75282e-05 SA_r 0.242929 freedomratio 0.143839
Iter 7500000 pBad 0.000632499 T 4.67298e-12 Obj 1.00921 Rho 0 GRdif 5.37412 success 718965 failure 2469331 obj_new 1.00921 SA_pAcc 0 Delta -3.68893e-05 SA_r 0.582304 freedomratio 0.142648
Iter 8000000 pBad 0.0010352 T 1.08304e-12 Obj 1.00921 Rho 0 GRdif 5.37226 success 722371 failure 2830070 obj_new 1.00921 SA_pAcc 0 Delta -5.21501e-05 SA_r 0.941348 freedomratio 0.139259
Iter 8500000 pBad 0.000719886 T 2.51013e-13 Obj 1.00921 Rho 0 GRdif 5.37189 success 726742 failure 3193048 obj_new 1.00921 SA_pAcc 0 Delta 6.06505e-05 SA_r 0.86142 freedomratio 0.139159
Iter 9000000 pBad 5.16151e-154 T 5.81766e-14 Obj 1.00921 Rho 0 GRdif 5.37164 success 730311 failure 3533351 obj_new 1.00921 SA_pAcc 0 Delta 4.90812e-155 SA_r 0.134794 freedomratio 0.131597
Iter 9500000 pBad 3.77116e-175 T 1.34834e-14 Obj 1.00921 Rho 0 GRdif 5.37428 success 730311 failure 3848691 obj_new 1.00921 SA_pAcc 0 Delta 1.24806e-176 SA_r 0.930277 freedomratio 0.117836
Good enough
iter 8.93587e+06 obj1.00921 rho 0 GRdif 5.37163
Training:
Lab Growth Rates:
0.55 0.25 0.38 0.39 0.56 0.59 0.4 0.59 0.45 0.47 0.51 0.52 0.54 1.345 0.377 0.71 0.4 0.68 0.37 0.46 0.1 1.66 0.37 1.345 0.47 0.58 0.47 0.635 0.7 1.46 0.38 0.58 0.55 0.4 0.19 0.33 0.56 0.52 0.301 0.485 0.3 0.5 0.7 0.47 0.4 1.03 0.09 0.4 0.686 0.55 0.47 0.45 0.5 0.4 0.4 0.4 0.901 0.485 0.56 0.1 0.42 0.686 1.345 0.27 0.56 0.4 0.1 0.65 0.47 0.4 0.71 0.11 0.23 0.4 0.58 1.4 0.22 0.54 0.33 0.27 0.37 0.56 1.67 0.59 0.54 0.46 0.901 0.14 0.724 0.52 0.34 0.56 0.41 0.56 0.54 0.32 0.4 0.43 0.5 0.46 0.58 0.5 0.31 0.58 0.901 0.4 0.36 0.48 0.54 0.56 0.5 0.46 0.4 1.483 0.58 0.46 1.38 0.4 0.46 1.483 0.58 0.45 1.483 0.45 0.23 0.37 0.45 0.36 0.4 0.5 0.55 0.3 1.05 0.54 0.47 0.5 0.476 0.55 0.6 1.49 0.4 0.5 0.47 0.53 0.45 0.4 0.5 0.49 0.481 0.58 1.46 0.47 0.46 0.47 0.46 0.52 0.36 0.43 0.4 0.68 0.1 0.48 0.37 0.54 0.1 0.648 0.49 0.59 0.42 0.23 0.4 1.345 0.54 0.4 0.4 0.4 0.47 0.45 0.54 0.45 0.25 0.65 0.42 0.56 0.4 0.65 0.46 1.345 0.4 0.5 0.4 1.44 0.45 0.2 1.483 0.5 0.377 0.4 0.43 0.4 0.31 0.762 0.58 0.19 0.54 0.54 0.5 0.5 1.46 0.43 0.47 0.53 0.4 0.45 0.48 0.485 0.4 1.345 1.483 0.58 0.59 0.48 0.33 0.3 0.45 0.41 0.37 0.26 0.23 0.4 0.636 1.483 0.42 0.65 0.4 0.5 1.345 0.23 0.59 0.46 0.37 0.54 0.4 0.1 0.686 0.53 0.55 0.42 0.43 0.39 1.345 0.49 0.48 0.38 0.32 0.1 0.2 0.36 0.4 0.3 0.45 0.5 0.47 0.724 0.4 0.59 0.4 0.22 0.56 0.32 0.47 0.22 0.43 0.52 0.46 0.33 1.483 0.41 0.4 0.3 0.42 0.46 0.68 0.37 0.17 0.4 0.3 0.4 0.45 1.248 0.51 0.42 0.762 0.33 1.05 0.53 0.5 0.37 0.26 0.23 0.41 0.27 0.52 0.53 0.58 0.54 1.345 0.58 0.39 0.4 1.483 1.248 0.41 0.481 0.47 0.39 0.37 0.11 0.54 0.54 0.37 0.5 0.635 0.48 0.41 0.3 0.47 0.648 1.67 0.5 0.54 0.54 0.476 0.55 0.5 1.248 0.17 0.4 0.5 0.58 1.05 0.43 0.53 0.481 0.48 0.33 0.46 0.45 0.59 0.38 0.47 1.483 0.25 0.43 0.5 0.56 0.31 0.5 0.51 0.41 0.47 0.34 0.901 0.901 1.483 0.25 0.46 0.54 0.25 0.4 0.4 0.42 1.43 0.11 0.59 0.901 0.56 0.56 0.45 0.14 0.65 0.4 0.09 0.59 0.42 0.47 0.46 0.54 0.5 1.345 1.46 0.4 0.4 0.33 0.56 0.52 1.345 0.3 0.25 1.66 0.4 0.301 0.617 1.05 0.4 0.54 1.483 0.36 0.5 0.27 0.4 0.42 0.36 0.5 0.53 0.5 0.724 0.54 0.37 0.6 0.34 0.46 0.4 0.68 0.71 0.36 0.55 0.55 0.53 1.483 0.54 0.53 0.68 0.23 0.17 0.47 0.41 0.65 0.41 0.5 0.1 0.45 0.46 0.19 0.59 0.58 0.46 0.54 0.37 0.37 0.37 0.648 0.762 0.59 0.54 0.52 0.53 0.53 0.56 1.345 0.09 0.52 0.58 0.25 0.5 0.47 0.42 0.46 0.43 0.39 0.2 0.52 0.465 0.476 0.47 0.4 1.248 0.637 1.35 0.4 0.22 0.42 0.33 0.59 0.1 0.39 0.22 0.5 0.4 0.3 0.59 1.42 0.27 0.45 0.58 0.4 0.3 0.59 0.3 0.55 0.4 0.22 0.37 0.54 1.43 0.58 0.42 0.36 0.4 0.762 0.637 0.635 0.301 0.26 0.4 0.56 0.52 0.7 0.25 0.6 1.05 0.5 0.42 0.47 0.52 0.43 0.42 0.636 0.465 0.23 0.5 0.58 0.636 0.58 0.3 0.5 0.55 0.45 0.42 1.248 0.377 0.65 0.48 0.65 0.5 0.42 0.23 0.46 0.58 0.4 0.55 0.5 0.33 0.4 0.4 0.3 0.465 0.4 0.56 0.54 0.46 0.47 0.54 0.22 0.7 0.54 0.58 0.45 0.43 0.637 0.4 0.56 0.65 0.38 0.42 0.22 0.59 0.43 0.36 0.48 0.27 0.485 0.3 0.4 0.6 0.53
Dot Production Prediction of Lab Growth Rates:
0.551173 0.320508 0.335592 0.316332 0.537735 0.335662 0.399244 0.547444 0.407005 0.447016 0.405655 0.398307 0.440406 0.869677 0.410875 0.722641 0.393667 0.455937 0.322209 0.457876 0.382914 1.66 0.454737 0.878 0.373869 0.46489 0.456233 0.718795 0.636867 1.01455 0.323581 0.366842 0.551482 0.400825 0.344111 0.331574 0.536208 0.413973 0.411914 0.402146 0.443118 0.543388 0.634686 0.429764 0.401977 1.37947 0.458648 0.399079 0.724985 0.551745 0.366716 0.3532 0.554692 0.397427 0.402841 0.40235 0.901 0.407076 0.546539 1.33655 0.541469 0.725387 0.884733 0.358672 0.464167 0.398877 0.451503 0.657148 0.458366 0.398782 0.727166 0.347528 0.457048 0.34652 0.382669 1.45238 0.46862 0.539679 0.44528 0.39613 0.418416 0.545034 1.40938 0.359261 0.319514 0.459896 0.901614 0.14048 0.723995 0.392172 0.332299 0.464403 0.389682 0.540207 0.397333 0.333409 0.399391 0.433624 0.468973 0.519819 0.468473 0.465435 0.540501 0.363536 0.933598 0.403311 0.353496 0.332612 0.374104 0.538382 0.344522 0.465083 0.402458 0.852315 0.472747 0.386226 1.32917 0.400991 0.439278 0.858672 0.469236 0.339212 0.86455 1.45966 0.537639 0.443448 1.43517 0.368254 0.399194 0.62295 0.549914 0.351414 1.05001 0.537268 0.455868 0.362501 0.408861 0.441935 0.421827 1.45966 0.399379 0.327086 0.393257 0.536054 0.413317 0.401486 0.314681 0.401014 0.40591 0.464533 0.9738 0.392563 0.462185 0.374983 0.414069 0.381271 0.334882 0.39889 0.397012 0.456403 0.715249 0.341811 0.440133 0.397543 1.11715 0.71364 0.375226 0.387098 0.363522 0.456821 0.40191 0.859658 0.542672 0.4022 0.402606 0.401078 0.38929 1.41011 0.456975 1.40456 0.498876 0.648274 0.342061 0.542623 0.394688 0.635671 0.491241 0.890978 0.397116 0.472507 0.401458 1.46569 1.41003 0.369289 0.851902 0.395123 0.410218 0.401517 0.418596 0.400571 0.534796 1.19496 0.385559 0.355756 0.353017 0.438534 0.339281 0.390675 1.69124 0.385033 0.361463 0.532013 0.402528 1.3963 0.339206 0.402237 0.399482 0.868263 0.869178 0.460372 0.326167 0.335431 0.342338 0.308638 0.364533 0.356711 0.452436 0.448299 0.531264 0.404241 0.721296 0.842324 0.31196 0.635507 0.402784 0.367114 0.86661 0.456758 0.314095 0.303989 0.439071 0.354601 0.401386 0.447659 0.725123 0.54343 0.451625 0.350097 0.384475 0.342627 0.867941 0.375966 0.367684 0.368028 0.303012 1.36493 0.410912 0.373292 0.399039 0.300668 1.40868 0.334483 0.430708 0.723136 0.402454 0.547507 0.400009 0.403683 0.468263 0.346307 0.419388 0.464762 0.38897 0.35405 0.431932 0.483196 0.843438 0.412145 0.398619 0.409922 0.356435 0.506015 0.455683 0.438114 0.356041 0.399496 0.428558 0.396096 0.392116 1.11694 0.43084 0.382461 1.19187 0.378522 1.05194 0.527663 0.517195 0.429342 0.531539 0.536371 0.405596 0.372827 0.39527 0.300551 0.460685 0.430789 0.856181 0.405908 0.345516 0.399999 0.847165 1.10922 0.393289 0.405328 0.35445 0.375468 0.382721 0.399096 0.33915 0.392676 0.378875 0.381476 0.71644 0.305802 0.326553 0.44473 0.450873 0.716292 1.43876 0.606769 0.347145 0.542381 0.409328 0.447189 0.537591 1.12326 0.342087 0.40157 0.549606 0.343098 1.05023 0.428962 0.530006 0.405214 0.309799 0.329451 0.389238 0.344383 0.549419 0.375066 0.376538 0.860859 0.690158 0.461793 0.468123 0.532214 0.528598 0.473764 0.418492 0.392062 0.387997 0.315551 0.89909 1.0608 0.842006 0.368236 0.309707 0.355227 1.43157 0.4032 0.39888 0.350351 1.37231 0.394556 0.54384 0.897366 0.542251 0.528536 0.381236 0.139671 0.631314 0.403102 0.3751 0.546399 0.39046 0.389178 0.465359 0.45558 0.535061 0.882666 1.00843 0.400096 0.397918 0.50782 0.466833 0.366694 0.842284 0.351614 0.528096 1.63724 0.404084 0.413361 0.617 0.988115 0.399761 0.412111 0.860644 0.374864 0.333019 0.565966 0.402073 0.363576 0.33597 0.350295 0.352988 0.550503 0.723477 0.39908 0.439533 0.418031 0.319287 0.460012 0.392466 0.458796 0.724028 0.413389 0.548587 0.449587 0.360073 0.856315 0.388765 0.536366 0.457297 0.544102 0.446628 0.360148 0.367539 0.660574 0.412076 0.546852 1.13694 0.336371 0.459234 0.348752 0.351116 0.473276 0.425255 0.546076 0.532833 0.452174 0.44024 0.716948 1.20007 0.401844 0.454185 0.37604 0.394297 0.516318 0.463397 0.858568 0.351209 0.405438 0.462526 0.372082 0.600738 0.359926 0.341993 0.36916 0.383185 0.324189 0.417922 0.385542 0.408837 0.409387 0.363508 0.404215 1.11429 0.713949 1.23837 0.401718 0.449342 0.340164 0.37739 0.357574 1.19651 0.301878 0.368018 0.629002 0.402536 0.422908 0.549344 1.46814 0.393738 0.418288 0.465522 0.399982 0.412845 0.314833 0.300644 0.448975 0.400946 0.464366 0.451799 0.538946 1.3715 0.336494 0.361258 0.358226 0.402263 1.19937 0.713749 0.719858 0.410232 0.351035 0.40149 0.463893 0.366747 0.636367 0.358349 0.424857 1.73407 0.62696 0.546624 0.379494 0.400664 0.422141 0.55404 0.704905 0.407936 0.537534 0.597643 0.465506 0.722209 0.472784 0.38894 0.46281 0.437048 0.333502 0.348537 1.11393 0.410827 0.649999 0.337766 0.649995 0.542723 0.322545 0.544171 0.331989 0.351035 0.401631 0.54977 0.53988 0.390056 0.394464 0.400114 0.410257 0.406924 0.404866 0.54879 0.397828 0.44288 0.413094 0.538217 0.4663 0.638129 0.440205 0.322047 0.393963 0.364241 0.712064 0.400337 0.544139 0.650583 0.338601 0.353039 0.472474 0.548641 0.408414 0.435652 0.319789 0.317426 0.408382 0.386586 0.359023 0.435662 0.48284
Testing:
Lab Growth Rates:
0.53 0.53 0.53
Dot Production Prediction of Lab Growth Rates:
0.412657 0.361171 0.440448
Best performance so far: 
Obj: 4.6618e-310Rho: 6.5069e-314Diff: 4.6618e-310
Test:
 Lab Growth Rates:
0.53 0.53 0.53Dot Product Prediction of Growth Rate:
0.4126569 0.3611706 0.4404481