seed =  5 traits =  1 
Training: part  32 
Training: part  32 
Round  1 
 Goal of obj  0.99 
Temperature range:  0.015625 6.25e-15 
Cycle 1Round 1
Iter 500000 pBad 0.94744 T 0.00374908 Obj 1.17622 Rho 0 GRdif 95.1126 success 115987 failure 1317 obj_new 1.17622 SA_pAcc 1.07299 Delta 0.0553004 SA_r 0.563772 freedomratio 0.377334
Iter 1000000 pBad 0.836312 T 0.000899554 Obj 1.07023 Rho 0 GRdif 39.7744 success 261318 failure 13558 obj_new 1.07023 SA_pAcc 1.20666 Delta 0.0112403 SA_r 0.0518464 freedomratio 0.361952
Iter 1500000 pBad 0.735799 T 0.000215839 Obj 1.03693 Rho 0 GRdif 21.2485 success 402506 failure 35804 obj_new 1.03693 SA_pAcc 1 Delta -0.0258039 SA_r 0.358157 freedomratio 0.37468
Iter 2000000 pBad 0.67478 T 5.17885e-05 Obj 1.0219 Rho 0 GRdif 12.697 success 539754 failure 67442 obj_new 1.0219 SA_pAcc 1 Delta 0.0405287 SA_r 0.796174 freedomratio 0.3723
Iter 2500000 pBad 0.587317 T 1.24261e-05 Obj 1.01699 Rho 0 GRdif 9.87373 success 674819 failure 103583 obj_new 1.01699 SA_pAcc 0.990009 Delta -0.00966518 SA_r 0.796297 freedomratio 0.361952
Iter 3000000 pBad 0.40392 T 2.98153e-06 Obj 1.01304 Rho 0 GRdif 7.59436 success 804627 failure 148715 obj_new 1.01304 SA_pAcc 1 Delta -0.0204069 SA_r 0.349048 freedomratio 0.367859
Iter 3500000 pBad 0.238757 T 7.15389e-07 Obj 1.01066 Rho 0 GRdif 6.2116 success 911608 failure 238815 obj_new 1.01066 SA_pAcc 0.146784 Delta 0.0168148 SA_r 0.419536 freedomratio 0.335624
Iter 4000000 pBad 0.0943707 T 1.71651e-07 Obj 1.0097 Rho 0 GRdif 5.66065 success 983185 failure 402424 obj_new 1.00971 SA_pAcc 9.62082e-13 Delta -0.00118567 SA_r 0.834704 freedomratio 0.292707
Iter 4500000 pBad 0.043553 T 4.11859e-08 Obj 1.0093 Rho 0 GRdif 5.42837 success 1024488 failure 643135 obj_new 1.00931 SA_pAcc 2.21122e-17 Delta -0.00128063 SA_r 0.783514 freedomratio 0.240954
Iter 5000000 pBad 0.014979 T 9.88215e-09 Obj 1.00913 Rho 0 GRdif 5.32725 success 1047181 failure 945205 obj_new 1.00913 SA_pAcc 6.44622e-08 Delta -0.000288097 SA_r 0.213878 freedomratio 0.215679
Iter 5500000 pBad 0.0100819 T 2.37112e-09 Obj 1.00907 Rho 0 GRdif 5.31615 success 1058702 failure 1287910 obj_new 1.00911 SA_pAcc 0 Delta -0.000849572 SA_r 0.761703 freedomratio 0.202418
Iter 6000000 pBad 0.00304163 T 5.68928e-10 Obj 1.00905 Rho 0 GRdif 5.27849 success 1065366 failure 1651329 obj_new 1.00905 SA_pAcc 0 Delta 7.48114e-05 SA_r 0.446653 freedomratio 0.195987
Iter 6500000 pBad 0.00153622 T 1.36509e-10 Obj 1.00903 Rho 0 GRdif 5.26889 success 1069369 failure 2028682 obj_new 1.00903 SA_pAcc 1.39794e-86 Delta 2.86017e-06 SA_r 0.718203 freedomratio 0.191817
Iter 7000000 pBad 0.00140858 T 3.27539e-11 Obj 1.00903 Rho 0 GRdif 5.26557 success 1071576 failure 2412596 obj_new 1.00903 SA_pAcc 8.12841e-125 Delta -0.000135015 SA_r 0.651993 freedomratio 0.188789
Iter 7500000 pBad 0.000961866 T 7.85898e-12 Obj 1.00902 Rho 0 GRdif 5.26521 success 1074235 failure 2803075 obj_new 1.00903 SA_pAcc 0 Delta -4.68709e-05 SA_r 0.0993155 freedomratio 0.184335
Iter 8000000 pBad 0.000694027 T 1.88569e-12 Obj 1.00902 Rho 0 GRdif 5.26208 success 1076670 failure 3198850 obj_new 1.00902 SA_pAcc 5.59079e-274 Delta -9.88321e-06 SA_r 0.602842 freedomratio 0.180753
Iter 8500000 pBad 0.000909401 T 4.52452e-13 Obj 1.00902 Rho 0 GRdif 5.26144 success 1079919 failure 3592946 obj_new 1.00902 SA_pAcc 0 Delta 4.3674e-05 SA_r 0.566031 freedomratio 0.179589
Iter 9000000 pBad 5.69234e-134 T 1.08561e-13 Obj 1.00902 Rho 0 GRdif 5.26131 success 1082668 failure 3918576 obj_new 1.00902 SA_pAcc 1 Delta 3.952e-136 SA_r 0.509203 freedomratio 0.170547
Iter 9500000 pBad 2.69485e-98 T 2.60482e-14 Obj 1.00902 Rho 0 GRdif 5.26214 success 1082668 failure 4236523 obj_new 1.00902 SA_pAcc 0 Delta 3.55195e-100 SA_r 0.676703 freedomratio 0.141375
Iter 10000000 pBad 0 T 6.25002e-15 Obj 1.00902 Rho 0 GRdif 5.26604 success 1082668 failure 4575041 obj_new 1.00903 SA_pAcc 0 Delta -0 SA_r 0.463628 freedomratio 0.077156
Cannot move further
iter 8.68691e+06 obj1.00902 rho 0 GRdif 5.26131
Training:
Lab Growth Rates:
0.25 0.485 0.56 0.1 0.46 0.09 0.59 0.476 0.58 0.55 1.46 0.4 0.4 0.52 0.45 1.43 0.42 0.47 0.4 0.6 0.25 0.26 0.4 0.3 0.54 0.14 0.45 1.43 0.47 0.43 0.33 0.5 0.22 0.47 0.65 0.52 0.59 1.483 0.55 0.33 0.17 0.53 0.3 0.46 0.724 0.54 1.483 0.46 0.3 0.59 0.4 0.58 0.11 0.45 0.47 0.47 0.34 0.5 0.4 0.4 0.45 0.4 0.47 0.54 0.42 0.42 0.65 0.46 0.4 1.345 0.5 0.5 0.4 0.46 0.53 0.17 0.4 0.3 0.23 0.31 0.4 0.5 0.2 0.33 0.47 0.49 0.724 0.46 0.48 0.617 0.22 0.46 0.52 0.42 0.45 0.48 0.27 0.42 0.5 1.345 1.345 1.345 0.724 1.483 0.39 1.67 0.7 0.45 1.248 0.22 0.39 0.45 0.59 0.53 0.59 0.45 0.56 0.901 0.54 0.55 0.27 0.5 1.483 0.55 0.4 0.36 1.66 0.42 0.58 0.59 0.4 0.4 0.27 0.53 0.3 0.4 1.46 0.37 0.47 0.48 0.52 1.483 0.25 0.45 0.4 0.42 0.56 0.34 0.39 0.47 0.3 0.636 0.49 0.301 0.46 0.46 0.56 0.4 0.1 0.55 0.54 0.476 0.39 0.43 0.48 0.25 0.19 0.42 1.05 0.37 0.41 0.54 0.53 0.465 0.4 0.58 0.4 0.47 0.5 0.31 0.23 0.4 0.4 0.27 0.59 0.09 0.301 0.51 0.4 1.05 0.33 0.55 0.45 0.48 0.5 0.47 1.42 1.345 0.37 0.481 0.36 1.38 0.901 0.5 0.4 0.56 0.6 1.248 0.58 0.4 0.5 0.48 0.5 0.45 0.5 0.635 0.65 0.68 0.54 0.39 0.4 0.41 0.42 0.55 0.377 0.58 0.54 0.762 0.762 0.5 0.3 0.4 0.465 0.56 0.1 0.54 0.37 0.37 0.4 0.45 0.43 0.53 0.37 0.56 1.46 0.7 0.37 0.5 0.4 0.5 0.47 0.38 0.32 0.637 0.47 1.483 0.23 0.23 1.345 0.38 0.52 0.4 0.22 0.32 0.5 0.26 0.41 0.33 0.4 0.53 0.38 0.37 0.762 0.45 0.55 0.59 0.41 0.43 0.46 0.51 0.25 0.59 0.485 0.46 0.32 0.65 0.4 0.36 0.42 0.52 0.46 0.4 0.38 0.46 0.635 0.53 0.47 0.56 0.4 0.4 0.59 0.59 0.4 0.4 0.4 0.58 0.54 0.42 0.31 0.648 0.58 0.47 0.4 0.47 0.54 0.54 0.37 1.44 0.59 0.52 0.26 1.483 0.45 0.5 0.47 0.4 0.47 0.71 0.33 0.23 0.4 0.56 1.05 1.483 0.54 0.54 0.7 0.45 0.52 0.56 0.34 0.37 0.54 0.648 0.47 0.3 0.5 0.51 0.36 0.22 0.5 0.5 0.762 0.5 0.47 0.1 0.48 0.53 1.483 0.37 0.25 1.05 1.345 0.56 0.56 0.4 0.4 0.54 1.345 0.5 0.5 0.42 0.53 0.27 0.45 0.11 0.4 0.485 0.68 0.4 0.17 0.4 0.1 0.54 0.43 0.37 0.47 0.55 0.37 0.56 1.46 0.33 0.3 0.47 0.71 0.19 0.43 0.2 0.48 0.4 0.6 0.377 1.67 0.4 0.56 0.42 0.41 1.49 0.65 0.5 1.345 0.58 0.1 0.1 0.37 0.465 0.46 0.5 0.43 0.65 0.43 0.39 0.33 1.248 0.45 1.248 0.46 0.43 0.54 0.5 0.41 0.22 0.56 0.42 0.37 0.53 0.1 0.2 0.58 0.33 0.5 0.52 0.71 0.49 0.485 0.43 0.481 0.56 0.37 0.3 0.42 0.59 0.46 0.38 0.58 0.53 0.54 0.5 1.4 0.4 0.3 0.43 0.54 0.23 0.58 0.41 0.54 0.45 0.58 0.54 0.686 0.901 0.6 0.3 0.5 0.4 0.52 0.23 0.55 0.23 0.4 0.46 0.43 0.5 0.54 0.4 1.66 0.901 0.901 0.58 0.4 0.65 0.42 0.52 0.3 0.54 0.58 0.686 0.25 0.59 0.68 0.11 0.377 0.54 0.637 0.5 0.58 0.58 1.345 1.345 1.345 0.4 0.22 0.56 0.36 0.42 0.53 0.3 0.59 0.65 1.05 0.648 0.4 0.25 0.48 0.41 0.41 0.637 1.248 0.42 0.53 0.46 0.36 0.481 0.58 0.53 0.59 0.1 1.35 0.68 0.58 0.55 0.45 0.56 0.46 0.636 0.09 0.58 0.301 0.46 0.68 0.36 0.4 0.23 0.54 0.19 1.03 0.4 0.54 0.47 0.5 0.27 0.476 0.4 0.22 0.636 0.5 0.4 0.46 0.4 0.55 0.47 0.635 0.52 0.686 0.4 0.901 0.36 0.7 0.58 0.4 0.4 0.14 0.54 0.36 0.65
Dot Production Prediction of Lab Growth Rates:
0.382802 0.487157 0.528937 0.444234 0.487263 0.369365 0.550446 0.495804 0.311417 0.437475 1.008 0.397268 0.404774 0.355153 0.329838 1.36429 0.58218 0.358283 0.401183 0.4058 1.50723 0.457146 0.398558 0.435934 0.461672 0.219567 0.33529 1.34849 0.430993 0.366997 0.32612 0.383373 0.366605 0.428176 0.649938 0.362655 0.35252 0.934171 0.438298 0.434021 0.334929 0.557109 0.358919 0.445789 0.696364 0.541922 0.934129 0.460012 0.403448 0.550173 0.39614 0.471476 0.379288 1.50082 0.444309 0.356885 0.317079 0.62296 0.402542 0.398435 1.49271 0.399196 0.347564 0.55101 0.316203 0.338534 0.6308 0.401623 0.400429 0.912586 0.531027 0.479601 0.40082 0.508737 0.396181 0.428055 0.400008 0.384848 0.526379 0.506127 0.402211 0.380378 0.425766 0.378392 0.402178 0.386595 0.693021 0.299047 0.335001 0.633317 0.47147 0.469941 0.390907 0.34978 0.4002 0.311346 0.39275 0.372046 0.337804 0.939993 0.961706 0.95673 0.696667 0.920461 0.32369 1.49379 0.687719 0.339171 0.847969 0.475664 0.356303 0.365002 0.553468 0.529564 0.341534 0.418989 0.54065 0.936463 0.331432 0.547532 0.370542 0.578986 0.897107 0.556741 0.39925 0.333622 1.66 0.373035 0.481562 0.549602 0.402089 0.402145 0.575383 0.291904 0.424157 0.400197 1.00672 0.437054 0.358685 0.330515 0.35559 0.887062 0.687989 0.406377 0.400832 0.355564 0.543105 0.315192 0.303192 0.344791 0.42804 0.698607 0.370307 0.489211 0.439246 0.366341 0.536286 0.392916 0.440168 0.559579 0.538204 0.491622 0.312486 0.439833 0.342577 0.369377 0.330633 0.339428 1.57761 0.43612 0.391207 0.396088 0.530017 0.495048 0.40249 0.392283 0.397429 0.41051 0.485809 0.506928 0.535173 0.403963 0.396476 0.319761 0.32583 0.439751 0.487098 0.424661 0.400682 1.02516 0.496828 0.540799 1.53178 0.30986 0.522573 0.480519 1.50359 0.956342 0.432583 0.478439 0.429715 1.30093 0.925275 0.320951 0.397855 0.479527 0.398162 0.857768 0.484699 0.403105 0.530947 0.337379 0.526728 0.367006 0.333022 0.683308 0.638564 0.420155 0.399871 0.328624 0.391547 0.486852 0.395135 0.423802 0.49163 0.471857 0.405598 0.761491 0.751821 0.5481 0.378678 0.398802 0.485892 0.535047 0.376012 0.38912 0.444286 0.328105 0.40291 0.402863 0.348228 0.429722 0.39399 0.537607 1.00664 0.685505 0.406725 0.488624 0.400395 0.340927 0.363362 0.326782 0.320327 0.685439 0.422931 0.923663 0.444368 0.443916 0.923675 0.339885 0.358548 0.401409 0.47391 0.335693 0.531907 0.54036 0.365217 0.375943 0.400486 0.349251 0.368129 0.442527 0.762029 1.50315 0.439862 0.371968 0.478036 0.374686 0.453516 0.401282 0.320513 0.325861 0.471746 0.520016 0.302874 0.649989 0.401903 0.343346 0.316351 0.393072 0.413012 0.365552 0.367507 0.325433 0.688099 0.522351 0.340803 0.540051 0.402188 0.39206 0.33277 0.343324 0.398962 0.390887 0.402502 0.473544 0.524956 0.351201 0.518784 0.689029 0.489087 0.400015 0.399614 0.460151 0.402094 0.346396 0.415557 1.53958 0.363636 0.378055 0.363158 0.941572 0.335849 0.557102 0.41383 0.397214 0.378033 0.702511 0.340058 0.521693 0.400499 0.477875 1.05 0.908907 0.446058 0.461462 0.688017 1.52828 0.381169 0.537308 0.341492 0.440082 0.445881 0.691046 0.345421 0.292885 0.365588 0.407866 0.335007 0.447508 0.358291 0.480546 0.762614 0.559331 0.384943 0.694017 0.360956 0.531502 0.94325 0.44441 0.382455 1.05456 0.943092 0.475682 0.541673 0.399884 0.410303 0.38252 0.963301 0.394574 0.325366 0.350128 0.533786 0.363571 1.49161 0.365657 0.39829 0.485604 0.417086 0.393442 0.342396 0.402492 1.40267 0.345356 0.389606 0.54213 0.388796 0.543684 0.395054 0.543102 1.55163 0.380987 0.395525 0.481794 0.696872 0.345039 0.38256 0.432809 0.314736 0.400379 0.42119 0.489782 1.50775 0.401211 0.483609 0.358096 0.327319 1.52828 0.65926 0.554747 0.938054 0.331255 1.33695 1.06714 0.446963 0.492742 0.471633 0.317939 0.365966 0.656212 0.418305 0.324976 0.321392 0.851781 0.36675 0.846995 0.468845 0.416379 0.401958 0.477352 0.368769 0.470283 0.475789 0.391568 0.436053 0.494174 1.06191 0.383296 0.364515 0.471045 0.588587 0.388852 0.693297 0.360273 0.472797 0.415066 0.476414 0.538504 0.440144 0.325461 0.347427 0.55241 0.456433 0.357703 0.471754 0.521449 0.436065 0.597905 1.4894 0.402363 0.309401 0.43092 0.396479 0.539243 0.486073 0.486073 0.540442 1.54418 0.480242 0.432513 0.698532 0.929091 0.406047 0.30054 0.617091 0.351089 0.388269 0.530695 0.562841 0.443646 0.404079 0.311614 0.406455 0.532842 0.534414 0.400014 1.65923 0.928891 1.02045 0.357551 0.403866 0.66303 0.351227 0.37888 0.412752 0.373313 0.462556 0.696681 0.528304 0.548542 0.42135 0.332076 0.489689 0.348977 0.6834 0.596875 0.363637 0.48004 0.942535 0.901774 0.885718 0.400889 0.472933 0.546801 0.357353 0.592253 0.393077 0.398114 0.551133 0.634004 1.04811 0.684416 0.392453 0.50392 0.318319 0.376341 0.340051 0.688825 0.847145 0.575493 0.333407 0.371108 0.354341 0.483509 0.481177 0.36014 0.314894 1.17291 1.19348 0.419239 0.317525 0.441794 0.371237 0.484531 0.352053 0.697434 0.336739 0.346924 0.492294 0.434287 0.418261 0.337814 0.396862 0.538791 0.354465 0.325355 1.3407 0.402036 0.304615 0.411502 0.4846 0.380361 0.493959 0.395371 0.390006 0.677333 0.315777 0.397729 0.410627 0.394823 0.442034 0.359956 0.684707 0.37967 0.695486 0.400686 0.764524 0.406678 0.68173 0.371696 0.402261 0.400805 0.215205 0.543726 0.380479 0.65013
Testing:
Lab Growth Rates:
1.483 1.483 1.483
Dot Production Prediction of Lab Growth Rates:
0.886867 0.93053 0.914317
Best performance so far: 
Obj: 4.65286e-310Rho: 2.26291e-314Diff: 4.65286e-310
Anneal again with the best G and E so far as input
Cycle 2Round 1
Iter 500000 pBad 0.874003 T 0.00374908 Obj 1.09978 Rho 0 GRdif 55.7332 success 113847 failure 5878 obj_new 1.09978 SA_pAcc 1 Delta 0.0831567 SA_r 0.324566 freedomratio 0.269301
Iter 1000000 pBad 0.80464 T 0.000899554 Obj 1.05784 Rho 0 GRdif 32.9483 success 224852 failure 18033 obj_new 1.05784 SA_pAcc 1 Delta -0.0578639 SA_r 0.598868 freedomratio 0.270545
Iter 1500000 pBad 0.709347 T 0.000215839 Obj 1.0334 Rho 0 GRdif 19.2528 success 331789 failure 39822 obj_new 1.0334 SA_pAcc 1 Delta -0.0541963 SA_r 0.0818008 freedomratio 0.260213
Iter 2000000 pBad 0.650129 T 5.17885e-05 Obj 1.02586 Rho 0 GRdif 14.9608 success 435365 failure 68622 obj_new 1.02586 SA_pAcc 1.27315 Delta 0.0616387 SA_r 0.84572 freedomratio 0.263608
Iter 2500000 pBad 0.437178 T 1.24261e-05 Obj 1.01841 Rho 0 GRdif 10.6896 success 536514 failure 106329 obj_new 1.01841 SA_pAcc 1 Delta 0.0145294 SA_r 0.64022 freedomratio 0.25872
Iter 3000000 pBad 0.346027 T 2.98153e-06 Obj 1.01538 Rho 0 GRdif 8.94323 success 631463 failure 155285 obj_new 1.01538 SA_pAcc 1.64524 Delta 0.0117551 SA_r 0.0657932 freedomratio 0.255449
Iter 3500000 pBad 0.175664 T 7.15389e-07 Obj 1.0105 Rho 0 GRdif 6.11978 success 714022 failure 236357 obj_new 1.0105 SA_pAcc 0.987494 Delta 0.00526167 SA_r 0.469097 freedomratio 0.240657
Iter 4000000 pBad 0.154672 T 1.71651e-07 Obj 1.00907 Rho 0 GRdif 5.29308 success 782356 failure 350803 obj_new 1.00907 SA_pAcc 0.177278 Delta 0.00993875 SA_r 0.826231 freedomratio 0.228282
Iter 4500000 pBad 0.0529959 T 4.11859e-08 Obj 1.00814 Rho 0 GRdif 4.75099 success 830078 failure 525568 obj_new 1.00814 SA_pAcc 1 Delta -0.00224382 SA_r 0.583783 freedomratio 0.196644
Iter 5000000 pBad 0.0194211 T 9.88215e-09 Obj 1.00792 Rho 0 GRdif 4.62568 success 858918 failure 769883 obj_new 1.00792 SA_pAcc 1.42118e-06 Delta 0.00187472 SA_r 0.0710801 freedomratio 0.170696
Iter 5500000 pBad 0.00931296 T 2.37112e-09 Obj 1.00785 Rho 0 GRdif 4.58405 success 876299 failure 1073346 obj_new 1.00785 SA_pAcc 1.11034 Delta -5.74021e-05 SA_r 0.445621 freedomratio 0.157147
Iter 6000000 pBad 0.00531305 T 5.68928e-10 Obj 1.00782 Rho 0 GRdif 4.56712 success 887717 failure 1410977 obj_new 1.00782 SA_pAcc 9.33061e-23 Delta -5.3203e-05 SA_r 0.710933 freedomratio 0.148354
Iter 6500000 pBad 0.00322514 T 1.36509e-10 Obj 1.00781 Rho 0 GRdif 4.56177 success 896198 failure 1773332 obj_new 1.00781 SA_pAcc 0 Delta -0.000158671 SA_r 0.963767 freedomratio 0.141069
Iter 7000000 pBad 0.00111718 T 3.27539e-11 Obj 1.00781 Rho 0 GRdif 4.56065 success 903083 failure 2162701 obj_new 1.00781 SA_pAcc 0 Delta 6.43409e-05 SA_r 0.203803 freedomratio 0.134496
Iter 7500000 pBad 0.00204933 T 7.85898e-12 Obj 1.00781 Rho 0 GRdif 4.55615 success 906717 failure 2567280 obj_new 1.00781 SA_pAcc 0 Delta 0.00011659 SA_r 0.825825 freedomratio 0.133152
Iter 8000000 pBad 0.000450749 T 1.88569e-12 Obj 1.0078 Rho 0 GRdif 4.55558 success 911580 failure 2975911 obj_new 1.0078 SA_pAcc 0 Delta -1.90811e-05 SA_r 0.144874 freedomratio 0.131096
Iter 8500000 pBad 0.000538086 T 4.52452e-13 Obj 1.0078 Rho 0 GRdif 4.55549 success 917488 failure 3386878 obj_new 1.0078 SA_pAcc 0 Delta -1.92172e-06 SA_r 0.263557 freedomratio 0.128256
Iter 9000000 pBad 6.88611e-38 T 1.08561e-13 Obj 1.0078 Rho 0 GRdif 4.55527 success 918130 failure 3751961 obj_new 1.0078 SA_pAcc 0 Delta 4.36969e-39 SA_r 0.487427 freedomratio 0.126648
Iter 9500000 pBad 1.43662e-146 T 2.60482e-14 Obj 1.0078 Rho 0 GRdif 4.55517 success 918130 failure 4114632 obj_new 1.0078 SA_pAcc 0 Delta -9.49296e-149 SA_r 0.514299 freedomratio 0.104401
Good enough
iter 8.57625e+06 obj1.0078 rho 0 GRdif 4.55516
Training:
Lab Growth Rates:
0.25 0.485 0.56 0.1 0.46 0.09 0.59 0.476 0.58 0.55 1.46 0.4 0.4 0.52 0.45 1.43 0.42 0.47 0.4 0.6 0.25 0.26 0.4 0.3 0.54 0.14 0.45 1.43 0.47 0.43 0.33 0.5 0.22 0.47 0.65 0.52 0.59 1.483 0.55 0.33 0.17 0.53 0.3 0.46 0.724 0.54 1.483 0.46 0.3 0.59 0.4 0.58 0.11 0.45 0.47 0.47 0.34 0.5 0.4 0.4 0.45 0.4 0.47 0.54 0.42 0.42 0.65 0.46 0.4 1.345 0.5 0.5 0.4 0.46 0.53 0.17 0.4 0.3 0.23 0.31 0.4 0.5 0.2 0.33 0.47 0.49 0.724 0.46 0.48 0.617 0.22 0.46 0.52 0.42 0.45 0.48 0.27 0.42 0.5 1.345 1.345 1.345 0.724 1.483 0.39 1.67 0.7 0.45 1.248 0.22 0.39 0.45 0.59 0.53 0.59 0.45 0.56 0.901 0.54 0.55 0.27 0.5 1.483 0.55 0.4 0.36 1.66 0.42 0.58 0.59 0.4 0.4 0.27 0.53 0.3 0.4 1.46 0.37 0.47 0.48 0.52 1.483 0.25 0.45 0.4 0.42 0.56 0.34 0.39 0.47 0.3 0.636 0.49 0.301 0.46 0.46 0.56 0.4 0.1 0.55 0.54 0.476 0.39 0.43 0.48 0.25 0.19 0.42 1.05 0.37 0.41 0.54 0.53 0.465 0.4 0.58 0.4 0.47 0.5 0.31 0.23 0.4 0.4 0.27 0.59 0.09 0.301 0.51 0.4 1.05 0.33 0.55 0.45 0.48 0.5 0.47 1.42 1.345 0.37 0.481 0.36 1.38 0.901 0.5 0.4 0.56 0.6 1.248 0.58 0.4 0.5 0.48 0.5 0.45 0.5 0.635 0.65 0.68 0.54 0.39 0.4 0.41 0.42 0.55 0.377 0.58 0.54 0.762 0.762 0.5 0.3 0.4 0.465 0.56 0.1 0.54 0.37 0.37 0.4 0.45 0.43 0.53 0.37 0.56 1.46 0.7 0.37 0.5 0.4 0.5 0.47 0.38 0.32 0.637 0.47 1.483 0.23 0.23 1.345 0.38 0.52 0.4 0.22 0.32 0.5 0.26 0.41 0.33 0.4 0.53 0.38 0.37 0.762 0.45 0.55 0.59 0.41 0.43 0.46 0.51 0.25 0.59 0.485 0.46 0.32 0.65 0.4 0.36 0.42 0.52 0.46 0.4 0.38 0.46 0.635 0.53 0.47 0.56 0.4 0.4 0.59 0.59 0.4 0.4 0.4 0.58 0.54 0.42 0.31 0.648 0.58 0.47 0.4 0.47 0.54 0.54 0.37 1.44 0.59 0.52 0.26 1.483 0.45 0.5 0.47 0.4 0.47 0.71 0.33 0.23 0.4 0.56 1.05 1.483 0.54 0.54 0.7 0.45 0.52 0.56 0.34 0.37 0.54 0.648 0.47 0.3 0.5 0.51 0.36 0.22 0.5 0.5 0.762 0.5 0.47 0.1 0.48 0.53 1.483 0.37 0.25 1.05 1.345 0.56 0.56 0.4 0.4 0.54 1.345 0.5 0.5 0.42 0.53 0.27 0.45 0.11 0.4 0.485 0.68 0.4 0.17 0.4 0.1 0.54 0.43 0.37 0.47 0.55 0.37 0.56 1.46 0.33 0.3 0.47 0.71 0.19 0.43 0.2 0.48 0.4 0.6 0.377 1.67 0.4 0.56 0.42 0.41 1.49 0.65 0.5 1.345 0.58 0.1 0.1 0.37 0.465 0.46 0.5 0.43 0.65 0.43 0.39 0.33 1.248 0.45 1.248 0.46 0.43 0.54 0.5 0.41 0.22 0.56 0.42 0.37 0.53 0.1 0.2 0.58 0.33 0.5 0.52 0.71 0.49 0.485 0.43 0.481 0.56 0.37 0.3 0.42 0.59 0.46 0.38 0.58 0.53 0.54 0.5 1.4 0.4 0.3 0.43 0.54 0.23 0.58 0.41 0.54 0.45 0.58 0.54 0.686 0.901 0.6 0.3 0.5 0.4 0.52 0.23 0.55 0.23 0.4 0.46 0.43 0.5 0.54 0.4 1.66 0.901 0.901 0.58 0.4 0.65 0.42 0.52 0.3 0.54 0.58 0.686 0.25 0.59 0.68 0.11 0.377 0.54 0.637 0.5 0.58 0.58 1.345 1.345 1.345 0.4 0.22 0.56 0.36 0.42 0.53 0.3 0.59 0.65 1.05 0.648 0.4 0.25 0.48 0.41 0.41 0.637 1.248 0.42 0.53 0.46 0.36 0.481 0.58 0.53 0.59 0.1 1.35 0.68 0.58 0.55 0.45 0.56 0.46 0.636 0.09 0.58 0.301 0.46 0.68 0.36 0.4 0.23 0.54 0.19 1.03 0.4 0.54 0.47 0.5 0.27 0.476 0.4 0.22 0.636 0.5 0.4 0.46 0.4 0.55 0.47 0.635 0.52 0.686 0.4 0.901 0.36 0.7 0.58 0.4 0.4 0.14 0.54 0.36 0.65
Dot Production Prediction of Lab Growth Rates:
0.361521 0.451048 0.534026 0.436864 0.511464 0.380446 0.542733 0.454643 0.292377 0.464673 1.02647 0.394587 0.389387 0.376328 0.292002 1.30467 0.601491 0.350791 0.389441 0.653051 1.46207 0.450943 0.38889 0.667014 0.459327 0.14018 0.351614 1.3021 0.423571 0.356349 0.322934 0.370603 0.34111 0.400334 0.657491 0.364499 0.339407 1.28732 0.462638 0.449574 0.313587 0.542433 0.304863 0.44434 0.721841 0.541035 1.31994 0.460006 0.613377 0.552549 0.382285 0.467642 0.385141 1.4264 0.454695 0.347044 0.338202 0.861061 0.389271 0.385112 1.43701 0.388797 0.34858 0.551232 0.313066 0.320006 0.634009 0.385976 0.390041 1.30089 0.544277 0.467277 0.389945 0.506561 0.385105 0.411995 0.388036 0.623193 0.53698 0.561515 0.389061 0.400163 0.377467 0.35985 0.410917 0.400659 0.721596 0.290848 0.360241 0.581308 0.469538 0.471253 0.349475 0.340364 0.373706 0.270444 0.385067 0.360908 0.326542 1.33297 1.36976 1.34185 0.718538 1.28429 0.34653 1.37347 0.817983 0.321684 0.841689 0.473846 0.339812 0.374889 0.542151 0.518544 0.315427 0.397804 0.549658 0.901 0.306008 0.549991 0.358481 0.83131 1.27759 0.553832 0.387838 0.340978 1.55748 0.297406 0.47472 0.552431 0.390144 0.389432 0.603767 0.285541 0.671297 0.385465 1.03558 0.419491 0.349861 0.305132 0.359667 1.28425 1.00877 0.401492 0.387753 0.343919 0.54784 0.31393 0.314558 0.300845 0.374742 0.718797 0.387613 0.451196 0.416533 0.336795 0.539329 0.378709 0.424301 0.55945 0.546866 0.452334 0.320168 0.42827 0.357318 0.357597 0.327239 0.31689 1.46967 0.420059 0.398531 0.350795 0.52951 0.449457 0.387995 0.378837 0.386232 0.412346 0.472032 0.566664 0.541926 0.401522 0.382621 0.308863 0.342241 0.457328 0.451292 0.423484 0.389561 1.02222 0.507562 0.549564 1.48042 0.293887 0.797608 0.468219 1.51541 1.36848 0.415389 0.444463 0.414978 1.32028 0.902602 0.325094 0.385203 0.471809 0.642751 0.84969 0.474425 0.388959 0.552944 0.343479 0.80033 0.346145 0.337217 0.712128 0.64994 0.396559 0.359457 0.311876 0.375992 0.44768 0.351627 0.443858 0.446164 0.465501 0.39599 0.76733 0.762888 0.548193 0.572808 0.395702 0.447275 0.539146 0.318874 0.340432 0.432931 0.300723 0.397259 0.418166 0.353858 0.423963 0.402784 0.535007 1.01766 0.824081 0.402631 0.476681 0.387127 0.345506 0.362872 0.320054 0.327967 0.708879 0.370995 1.31916 0.440809 0.441457 1.33318 0.306193 0.349017 0.386615 0.470166 0.360574 0.531792 0.578783 0.360023 0.329884 0.38863 0.320347 0.379506 0.424121 0.773143 1.44883 0.464202 0.376192 0.442186 0.369204 0.456087 0.383948 0.325717 0.331947 0.441832 0.522866 0.320624 0.641711 0.388379 0.326256 0.306062 0.408801 0.382097 0.312763 0.376399 0.345322 0.716547 0.526618 0.347657 0.543789 0.390706 0.378354 0.354463 0.319582 0.388187 0.377713 0.391611 0.46568 0.537302 0.349755 0.555452 0.714357 0.474405 0.372458 0.402515 0.458056 0.373899 0.322489 0.419766 1.46848 0.363075 0.369315 0.390631 1.334 0.350196 0.802486 0.390856 0.389041 0.384594 0.728438 0.309995 0.532086 0.387382 0.467525 1.05 1.28447 0.457391 0.459181 0.829954 1.49715 0.403905 0.533403 0.327771 0.438721 0.445307 0.712822 0.362258 0.276567 0.377883 0.404255 0.353105 0.432553 0.363872 0.469578 0.777131 0.743744 0.342609 0.986118 0.357474 0.530961 1.31155 0.433911 0.36272 1.05843 1.32969 0.464299 0.552002 0.389366 0.385615 0.377378 1.34845 0.437907 0.342752 0.275215 0.527558 0.341564 1.4365 0.372147 0.38696 0.448015 0.395524 0.380991 0.30864 0.400773 1.39141 0.346881 0.35286 0.539418 0.360215 0.549403 0.387224 0.548797 1.48835 0.356926 0.606384 0.468626 0.719273 0.330283 0.365574 0.381906 0.261843 0.386353 0.663742 0.446508 1.48162 0.387505 0.474389 0.347476 0.320626 1.49715 0.668657 0.7478 1.31533 0.354687 1.49134 1.25348 0.434973 0.449096 0.467914 0.339445 0.371774 0.650081 0.400312 0.31654 0.320203 0.844531 0.306539 0.84167 0.463625 0.405863 0.374933 0.479688 0.365075 0.464942 0.467973 0.402155 0.419793 0.457647 1.24589 0.35851 0.396821 0.482231 0.839592 0.365303 0.716484 0.384638 0.443211 0.393001 0.445597 0.537696 0.421069 0.530743 0.335487 0.545132 0.458156 0.293949 0.469772 0.526073 0.45107 0.820441 1.40621 0.390401 0.280441 0.421404 0.375918 0.541447 0.474031 0.447848 0.541696 1.50853 0.473962 0.450627 0.720332 0.899103 0.635972 0.276698 0.821857 0.306884 0.398159 0.538626 0.560912 0.440846 0.39194 0.309259 0.40906 0.533326 0.540414 0.4035 1.5745 0.902974 0.903679 0.368152 0.389661 0.668851 0.335427 0.390514 0.639626 0.399457 0.456361 0.725193 0.541788 0.542359 0.396854 0.330163 0.445282 0.377127 0.708989 0.848304 0.338066 0.473828 1.32496 1.29166 1.28959 0.388734 0.467657 0.552803 0.345989 0.612781 0.421822 0.351232 0.547167 0.632098 1.05497 0.706847 0.382412 0.490813 0.324615 0.382838 0.331254 0.709311 0.838478 0.586361 0.304203 0.354482 0.37043 0.448243 0.470013 0.380751 0.331778 1.36721 1.23772 0.397258 0.32248 0.457625 0.370449 0.473959 0.325334 0.723905 0.345169 0.382935 0.45051 0.422579 0.391804 0.360001 0.393102 0.543562 0.38415 0.323491 1.33315 0.386414 0.297739 0.364242 0.476866 0.376687 0.451921 0.383927 0.389656 0.709015 0.343634 0.385437 0.389104 0.387248 0.463399 0.343246 0.7151 0.386591 0.724101 0.391222 0.807975 0.416539 0.820414 0.355671 0.404212 0.389348 0.14 0.53884 0.375213 0.658332
Testing:
Lab Growth Rates:
1.483 1.483 1.483
Dot Production Prediction of Lab Growth Rates:
1.27998 1.31042 1.28954
Best performance so far: 
Obj: 4.65286e-310Rho: 6.5069e-314Diff: 4.65286e-310
Test:
 Lab Growth Rates:
1.483 1.483 1.483Dot Product Prediction of Growth Rate:
1.279985 1.310415 1.289538