seed =  5 traits =  1 
Training: part  125 
Training: part  125 
Round  1 
 Goal of obj  0.99 
Temperature range:  0.00390625 1e-12 
Cycle 1Round 1
Iter 500000 pBad 0.834176 T 0.00129471 Obj 1.04918 Rho 0 GRdif 28.133 success 146063 failure 11075 obj_new 1.04918 SA_pAcc 1.09913 Delta -0.0432833 SA_r 0.591283 freedomratio 0.376607
Iter 1000000 pBad 0.784856 T 0.000429126 Obj 1.03966 Rho 0 GRdif 22.79 success 288915 failure 29044 obj_new 1.03966 SA_pAcc 1 Delta -0.0301465 SA_r 0.731254 freedomratio 0.363975
Iter 1500000 pBad 0.720782 T 0.000142232 Obj 1.02789 Rho 0 GRdif 16.1212 success 429995 failure 52424 obj_new 1.02789 SA_pAcc 1 Delta -0.0573247 SA_r 0.854128 freedomratio 0.367168
Iter 2000000 pBad 0.647056 T 4.71421e-05 Obj 1.02187 Rho 0 GRdif 12.6776 success 567430 failure 81926 obj_new 1.02187 SA_pAcc 1.14288 Delta -0.0479159 SA_r 0.771539 freedomratio 0.353438
Iter 2500000 pBad 0.541842 T 1.5625e-05 Obj 1.01741 Rho 0 GRdif 10.1122 success 702563 failure 117983 obj_new 1.01741 SA_pAcc 1 Delta -0.00632603 SA_r 0.901336 freedomratio 0.35841
Iter 3000000 pBad 0.41961 T 5.17885e-06 Obj 1.01386 Rho 0 GRdif 8.06483 success 828011 failure 169226 obj_new 1.01386 SA_pAcc 1 Delta -0.0104285 SA_r 0.766449 freedomratio 0.346336
Iter 3500000 pBad 0.275531 T 1.7165e-06 Obj 1.01044 Rho 0 GRdif 6.08572 success 938033 failure 252541 obj_new 1.01044 SA_pAcc 6.16423 Delta 0.0253751 SA_r 0.851728 freedomratio 0.339513
Iter 4000000 pBad 0.17869 T 5.68928e-07 Obj 1.00926 Rho 0 GRdif 5.39894 success 1025804 failure 381432 obj_new 1.00926 SA_pAcc 1 Delta -0.0060913 SA_r 0.738639 freedomratio 0.31071
Iter 4500000 pBad 0.10046 T 1.88568e-07 Obj 1.00871 Rho 0 GRdif 5.08165 success 1092253 failure 559594 obj_new 1.00871 SA_pAcc 1.01655 Delta 0.00407406 SA_r 0.14818 freedomratio 0.282819
Iter 5000000 pBad 0.0455198 T 6.25001e-08 Obj 1.00843 Rho 0 GRdif 4.91926 success 1136690 failure 793745 obj_new 1.00843 SA_pAcc 1 Delta -0.00314993 SA_r 0.192793 freedomratio 0.249044
Iter 5500000 pBad 0.023964 T 2.07154e-08 Obj 1.00834 Rho 0 GRdif 4.86562 success 1162388 failure 1084616 obj_new 1.00834 SA_pAcc 1 Delta 0.000584464 SA_r 0.248702 freedomratio 0.225471
Iter 6000000 pBad 0.0132509 T 6.86602e-09 Obj 1.00831 Rho 0 GRdif 4.87909 success 1176815 failure 1414413 obj_new 1.00836 SA_pAcc 0 Delta 0.00112742 SA_r 0.526023 freedomratio 0.211705
Iter 6500000 pBad 0.00730705 T 2.27571e-09 Obj 1.0083 Rho 0 GRdif 4.84083 success 1185119 failure 1764466 obj_new 1.0083 SA_pAcc 1 Delta 0.000134649 SA_r 0.491706 freedomratio 0.204466
Iter 7000000 pBad 0.00616472 T 7.54274e-10 Obj 1.00829 Rho 0 GRdif 4.85833 success 1190875 failure 2126107 obj_new 1.00833 SA_pAcc 0 Delta 7.03597e-05 SA_r 0.414737 freedomratio 0.200891
Iter 7500000 pBad 0.00215638 T 2.50001e-10 Obj 1.00829 Rho 0 GRdif 4.83661 success 1194090 failure 2495324 obj_new 1.00829 SA_pAcc 0 Delta 6.79037e-05 SA_r 0.51491 freedomratio 0.197839
Iter 8000000 pBad 0.00201725 T 8.28615e-11 Obj 1.00829 Rho 0 GRdif 4.8354 success 1196205 failure 2869499 obj_new 1.00829 SA_pAcc 1.49699e-42 Delta 9.19922e-05 SA_r 0.281295 freedomratio 0.197973
Iter 8500000 pBad 0.00127321 T 2.74641e-11 Obj 1.00828 Rho 0 GRdif 4.83915 success 1197762 failure 3246608 obj_new 1.00829 SA_pAcc 0 Delta 4.12708e-05 SA_r 0.0106794 freedomratio 0.195268
Iter 9000000 pBad 0.000740542 T 9.10284e-12 Obj 1.00828 Rho 0 GRdif 4.83432 success 1198976 failure 3626296 obj_new 1.00828 SA_pAcc 2.00942e-104 Delta 2.07288e-05 SA_r 0.320891 freedomratio 0.193272
Iter 9500000 pBad 0.00132928 T 3.01709e-12 Obj 1.00828 Rho 0 GRdif 4.83406 success 1200162 failure 4009700 obj_new 1.00828 SA_pAcc 1 Delta 0.000117905 SA_r 0.519831 freedomratio 0.189215
Iter 10000000 pBad 0.000386814 T 1e-12 Obj 1.00828 Rho 0 GRdif 4.8349 success 1203162 failure 4387928 obj_new 1.00828 SA_pAcc 0 Delta 3.79563e-07 SA_r 0.277796 freedomratio 0.19026
Cannot move further
iter 9.99974e+06 obj1.00828 rho 0 GRdif 4.83385
Training:
Lab Growth Rates:
0.48 0.36 0.47 0.46 0.5 0.686 1.483 0.48 1.345 0.58 0.4 0.56 0.55 0.27 0.724 0.43 0.59 0.36 0.46 0.45 0.53 0.43 0.5 0.55 0.37 1.483 0.56 0.53 0.5 0.47 0.3 0.39 0.56 0.1 0.41 0.37 0.45 0.33 0.1 0.45 0.7 0.5 1.248 0.45 0.1 0.59 0.46 0.4 0.4 0.45 0.54 0.58 0.36 0.5 0.42 0.58 0.33 0.43 0.476 0.46 1.345 0.59 0.5 1.345 0.4 1.483 0.5 0.5 1.483 0.59 0.37 0.68 0.23 0.58 0.46 1.05 0.3 0.58 0.31 0.52 0.4 0.54 0.1 0.686 0.23 0.37 0.46 0.52 0.25 0.58 0.54 0.41 0.47 0.476 0.5 0.37 0.4 0.27 0.65 0.71 0.23 1.248 0.4 0.52 0.4 0.377 0.25 0.4 0.4 0.41 0.4 0.41 1.345 0.68 0.68 1.483 0.47 1.345 0.4 0.65 1.345 0.45 0.38 0.19 0.4 1.49 0.59 0.58 0.6 0.3 0.485 0.65 0.51 0.3 0.22 0.5 1.43 0.56 0.58 0.485 0.52 0.59 0.51 1.483 0.68 0.43 0.47 0.4 0.47 0.5 0.52 0.485 0.33 0.53 0.59 0.48 0.5 0.11 1.248 0.4 0.2 0.617 0.45 0.42 1.46 0.56 0.33 0.47 0.5 0.25 0.54 0.52 0.58 0.4 0.41 0.4 0.56 0.4 0.52 1.345 0.36 0.58 1.05 0.5 0.377 0.56 0.3 0.54 0.56 0.46 0.17 0.5 0.4 0.4 0.37 0.39 0.65 0.37 0.25 0.3 0.7 0.476 0.4 0.4 1.345 0.37 0.4 0.54 0.54 0.42 0.49 0.23 0.25 0.65 0.59 0.11 0.4 0.54 0.55 0.53 0.39 0.47 0.54 0.56 0.59 0.58 0.637 0.3 0.23 0.55 0.65 0.22 0.59 0.54 0.55 0.58 0.686 0.4 0.53 0.58 0.481 0.54 0.636 0.22 0.51 0.53 0.4 0.47 0.27 0.3 0.56 0.26 0.54 0.45 0.14 0.4 0.53 0.4 0.4 0.26 0.58 0.4 0.36 0.55 0.46 0.37 0.53 0.4 0.901 0.59 0.56 1.46 0.59 0.65 0.45 0.42 0.46 0.42 0.46 0.1 0.47 0.46 0.52 0.42 1.67 0.71 0.648 0.4 0.22 0.481 0.33 0.26 0.5 0.42 0.4 0.43 0.5 0.47 0.46 0.27 0.4 0.54 0.38 0.27 0.38 0.7 0.47 0.45 0.23 0.47 0.54 0.23 0.45 0.635 0.42 1.483 0.45 0.1 0.58 0.4 0.5 1.03 0.43 1.345 0.65 1.05 1.483 0.2 0.5 0.58 0.36 0.36 0.36 0.36 0.42 0.09 0.53 0.37 1.67 0.762 0.54 0.56 1.483 0.4 0.58 0.4 0.4 0.45 0.23 0.301 0.5 0.59 0.4 0.54 0.3 0.7 0.54 0.42 1.66 1.05 1.483 0.4 0.4 0.52 0.53 0.55 1.46 0.5 0.58 0.32 0.4 0.481 0.38 0.4 0.11 0.37 0.465 0.47 0.37 0.5 0.5 0.31 0.39 0.53 0.47 0.47 0.52 0.71 0.636 0.34 0.22 0.59 0.25 0.42 0.22 0.41 0.43 0.3 0.5 0.53 0.55 0.41 0.46 0.45 0.4 0.5 0.31 0.41 1.42 0.55 0.42 0.54 0.465 0.3 0.56 0.637 0.5 0.301 0.636 0.33 0.4 0.6 1.66 0.54 0.33 0.42 0.46 0.54 0.56 0.901 0.55 0.42 1.35 0.32 0.46 0.39 0.65 0.43 0.22 0.4 0.3 0.4 0.17 0.19 0.485 0.901 0.43 0.48 0.47 0.4 0.45 0.54 0.4 0.48 0.54 0.901 0.5 0.5 0.54 0.5 0.55 0.53 0.22 0.5 0.09 0.42 0.54 1.483 0.46 0.34 0.48 0.48 0.4 0.45 0.46 1.345 0.54 0.6 0.42 0.47 0.5 0.45 0.5 0.45 0.43 0.59 0.724 0.5 0.5 0.4 0.19 0.55 0.762 0.4 0.56 0.52 0.58 0.48 0.49 1.43 0.47 0.377 0.41 0.34 0.23 1.44 0.47 0.37 0.47 0.4 0.3 1.46 1.345 0.762 0.4 0.25 0.56 0.53 0.42 0.53 0.762 0.46 0.635 0.56 1.248 0.648 0.38 0.48 1.38 0.724 0.37 0.54 0.54 0.37 0.33 0.14 0.59 0.43 0.46 1.4 0.47 0.32 0.4 0.648 0.52 0.6 0.301 1.483 0.54 0.09 1.345 0.68 0.49 0.46 1.248 0.56 0.58 0.901 0.27 0.47 0.17 0.465 0.1 0.25 0.4 0.635 0.1 0.58 0.637 0.46 0.1 0.901 0.4 0.42 0.4 0.2 0.45 0.43 0.4 0.39 0.33 0.3 0.37 0.47 1.05 0.4
Dot Production Prediction of Lab Growth Rates:
0.306542 0.407013 0.37673 0.44992 0.645245 0.727146 1.11338 0.331072 1.15025 0.294565 0.402887 0.542513 0.45217 0.308638 0.719773 0.391611 0.546066 0.334583 0.413889 0.349178 0.526211 0.390512 0.703662 0.553212 0.405373 1.09548 0.550807 0.399712 0.330448 0.332756 0.296304 0.311426 0.472828 1.02889 0.338249 0.417151 0.427058 0.485463 1.14814 0.353338 0.703678 0.632666 1.16436 1.60112 1.48996 0.544524 0.326677 0.395324 0.401314 1.57866 0.541974 0.4724 0.397787 0.545225 0.314247 0.477928 0.416208 0.430693 0.488507 0.454076 1.10848 0.558776 0.355562 1.07746 0.402643 1.10575 0.47425 0.483033 1.11144 0.381873 0.414942 0.386456 0.543206 0.34006 0.395921 1.05 0.337135 0.478868 0.558493 0.379532 0.395091 0.371555 0.430547 0.726839 0.425356 0.381014 0.459049 0.326396 0.50059 0.479089 0.452865 0.386395 0.393705 0.48966 0.53192 0.410811 0.404495 0.336688 0.671099 0.722133 0.424257 1.17177 0.399512 0.34598 0.403076 0.478424 0.356004 0.398663 0.400893 0.359838 0.388533 0.474812 1.08296 0.381071 0.383793 1.07488 0.351277 1.11955 0.402997 0.656513 1.06328 0.355523 0.333609 0.297028 0.403413 1.60112 0.554537 0.477124 0.552216 0.306877 0.479808 0.623804 0.398259 0.571373 0.425384 0.543066 1.34076 0.481409 0.354671 0.484187 0.372544 0.542418 0.389561 1.11779 0.387963 0.365931 0.338211 0.398417 0.340918 0.548275 0.363814 0.480487 0.338908 0.386968 0.33107 0.336899 0.661638 0.309042 1.18256 0.400678 0.395334 0.453478 0.31814 0.375527 1.59939 0.47733 0.343565 0.340617 0.322438 0.795632 0.350928 0.388644 0.328401 0.406184 0.331732 0.404064 0.550827 0.401876 0.365164 1.1173 0.325948 0.365732 1.05001 0.301583 0.472902 0.53489 0.521478 0.465206 0.472063 0.33275 0.32751 0.529239 0.391364 0.393631 0.406595 0.298207 0.627097 0.409626 0.311388 0.529741 0.707308 0.490171 0.404399 0.401691 1.05339 0.392479 0.401627 0.468871 0.537524 0.340557 0.36701 0.541885 0.50832 0.650647 0.340994 0.3518 0.400021 0.550001 0.456987 0.545437 0.315225 0.32202 0.382269 0.546842 0.375743 0.357106 0.705104 0.454082 0.541194 0.547295 0.649988 0.472736 0.553196 0.542543 0.463072 0.47591 0.72107 0.402514 0.400014 0.478057 0.481421 0.307984 0.718931 0.464546 0.368469 0.334678 0.4032 0.409018 0.565321 0.586192 0.55195 0.466302 0.455115 0.37144 0.141246 0.39869 0.537417 0.397417 0.402942 0.556451 0.481084 0.333931 0.317957 0.549116 0.472143 0.3172 0.537204 0.402773 1.10201 0.343062 0.472659 1.04467 0.356324 0.64385 1.55873 0.374296 0.459989 0.350619 0.425755 0.96967 0.405036 0.369946 0.385016 0.58861 1.43732 0.726826 0.709201 0.401803 0.368365 0.483711 0.316244 0.379636 0.325396 0.324666 0.404101 0.413429 0.354734 0.477206 0.518839 0.381757 0.399827 0.384519 0.360016 0.380923 0.330482 0.697407 0.454803 1.56238 0.551229 0.397186 0.456127 0.538219 0.314602 0.714897 0.349381 1.07201 0.384446 0.43835 0.351608 0.402424 0.616883 1.40005 0.443035 1.13736 0.663225 1.61094 1.07024 0.369528 0.715362 0.471717 0.364074 0.3432 0.323338 0.35122 0.343562 0.363511 0.529996 0.402004 1.60014 1.2367 0.546237 0.540717 1.10325 0.403004 0.480123 0.406024 0.402957 1.60214 0.543253 0.467099 0.68682 0.354808 0.391661 0.303894 0.393518 0.709523 0.36665 0.32949 1.66 1.036 1.09781 0.397913 0.393132 0.334791 0.333439 0.549133 1.02764 0.692699 0.311625 0.304817 0.396437 0.479883 0.328986 0.400373 0.345784 0.416484 0.485896 0.339887 0.420659 0.614167 0.470058 0.546217 0.345604 0.346214 0.468363 0.423799 0.381757 0.7254 0.725642 0.341941 0.34534 0.545276 1.57975 0.339359 0.467247 0.474877 0.355466 0.301177 0.393789 0.533227 0.463051 0.362136 0.333779 0.337835 0.401521 0.366332 0.551636 0.465879 1.59351 0.455142 0.348657 0.395585 0.487565 0.533173 0.555077 0.706154 0.682307 0.469193 0.728067 0.330352 0.398055 0.551086 1.65434 0.376388 0.457464 0.363612 0.469298 0.538873 0.474293 0.89881 0.546537 0.325952 1.25358 0.351586 0.304581 0.349131 0.643694 0.346758 0.477588 0.399226 0.544369 0.399995 0.401772 0.311803 0.485287 0.901334 0.398229 0.33663 0.394364 0.401141 0.317287 0.446369 0.39934 0.346961 0.3385 0.901257 0.480142 0.386192 0.40637 0.636111 0.443003 0.525397 0.478435 0.350661 0.424241 0.348389 0.541707 1.11732 0.498052 0.31871 0.28558 0.29301 0.399784 0.351074 0.291316 1.12695 0.326569 0.546416 0.570304 0.339274 0.472895 0.416832 0.478548 1.6053 0.433586 0.324393 0.721511 0.333692 0.328496 0.399696 0.313404 0.546546 1.22136 0.40099 0.550744 0.348509 0.371508 0.298623 0.357677 1.36636 0.391868 0.476258 0.365194 0.323337 0.424428 1.59908 0.337207 0.527183 0.33808 0.391909 0.37383 1.0285 1.1391 1.23726 0.402881 0.367732 0.542901 0.470817 0.568487 0.290544 1.22729 0.491744 0.712064 0.533702 1.1596 0.70343 0.370077 0.351668 1.37341 0.724 0.397477 0.407076 0.344866 0.42419 0.353571 0.139896 0.326533 0.326634 0.35511 1.46694 0.375644 0.312656 0.402221 0.710883 0.361107 0.577303 0.469068 1.07642 0.358745 0.320472 1.13257 0.386795 0.355021 0.470092 1.16796 0.553959 0.459731 0.90091 0.342206 0.357877 0.322298 0.488917 0.338981 0.365254 0.40048 0.711725 0.80675 0.472938 0.704833 0.448674 0.962918 0.901 0.397716 0.354239 0.403924 0.39923 1.56613 0.339291 0.342016 0.311753 0.327865 0.486046 0.388598 0.384036 1.05 0.393936
Testing:
Lab Growth Rates:
0.4 0.4 0.4
Dot Production Prediction of Lab Growth Rates:
0.393751 0.395434 0.394727
Best performance so far: 
Obj: 4.66627e-310Rho: 2.26291e-314Diff: 4.66627e-310
Anneal again with the best G and E so far as input
Cycle 2Round 1
Iter 500000 pBad 0.839978 T 0.00129471 Obj 1.06201 Rho 0 GRdif 35.2566 success 107944 failure 10251 obj_new 1.06201 SA_pAcc 0.875013 Delta 0.0502291 SA_r 0.386583 freedomratio 0.257809
Iter 1000000 pBad 0.749729 T 0.000429126 Obj 1.04081 Rho 0 GRdif 23.4379 success 213105 failure 26993 obj_new 1.04081 SA_pAcc 0.967807 Delta 0.0727881 SA_r 0.26407 freedomratio 0.255449
Iter 1500000 pBad 0.682633 T 0.000142232 Obj 1.02836 Rho 0 GRdif 16.3871 success 315039 failure 50898 obj_new 1.02836 SA_pAcc 0.782293 Delta 0.0531696 SA_r 0.119087 freedomratio 0.255338
Iter 2000000 pBad 0.628159 T 4.71421e-05 Obj 1.02399 Rho 0 GRdif 13.8947 success 415602 failure 79688 obj_new 1.02399 SA_pAcc 1.15997 Delta 0.0320804 SA_r 0.0803321 freedomratio 0.252804
Iter 2500000 pBad 0.462449 T 1.5625e-05 Obj 1.02145 Rho 0 GRdif 12.4395 success 512657 failure 115496 obj_new 1.02145 SA_pAcc 0.336179 Delta -0.0383247 SA_r 0.129011 freedomratio 0.255783
Iter 3000000 pBad 0.413865 T 5.17885e-06 Obj 1.01801 Rho 0 GRdif 10.4581 success 606271 failure 157010 obj_new 1.01801 SA_pAcc 1.15033 Delta -0.0163996 SA_r 0.42119 freedomratio 0.25161
Iter 3500000 pBad 0.274434 T 1.7165e-06 Obj 1.01283 Rho 0 GRdif 7.47292 success 690425 failure 221757 obj_new 1.01283 SA_pAcc 0.0672748 Delta -0.0245258 SA_r 0.792358 freedomratio 0.24046
Iter 4000000 pBad 0.211263 T 5.68928e-07 Obj 1.01138 Rho 0 GRdif 6.63128 success 765841 failure 305355 obj_new 1.01138 SA_pAcc 1 Delta 0.0019385 SA_r 0.354875 freedomratio 0.233652
Iter 4500000 pBad 0.0950922 T 1.88568e-07 Obj 1.01039 Rho 0 GRdif 6.05684 success 822526 failure 436604 obj_new 1.01039 SA_pAcc 1 Delta 0.00576554 SA_r 0.734039 freedomratio 0.209435
Iter 5000000 pBad 0.0529678 T 6.25001e-08 Obj 1.01006 Rho 0 GRdif 5.86433 success 858057 failure 630182 obj_new 1.01006 SA_pAcc 0.000563778 Delta 0.0039522 SA_r 0.495379 freedomratio 0.190693
Iter 5500000 pBad 0.0227386 T 2.07154e-08 Obj 1.00988 Rho 0 GRdif 5.77575 success 881422 failure 872904 obj_new 1.0099 SA_pAcc 0 Delta -0.00176974 SA_r 0.0683478 freedomratio 0.173939
Iter 6000000 pBad 0.0152352 T 6.86602e-09 Obj 1.0098 Rho 0 GRdif 5.72796 success 896473 failure 1153031 obj_new 1.00982 SA_pAcc 0 Delta -0.00123153 SA_r 0.483351 freedomratio 0.16314
Iter 6500000 pBad 0.00535795 T 2.27571e-09 Obj 1.00976 Rho 0 GRdif 5.69126 success 907529 failure 1460864 obj_new 1.00976 SA_pAcc 9.74866e-66 Delta -0.000217732 SA_r 0.925729 freedomratio 0.156517
Iter 7000000 pBad 0.00582804 T 7.54274e-10 Obj 1.00974 Rho 0 GRdif 5.74753 success 914777 failure 1788067 obj_new 1.00986 SA_pAcc 0 Delta 0.000148537 SA_r 0.685512 freedomratio 0.150604
Iter 7500000 pBad 0.00420363 T 2.50001e-10 Obj 1.00973 Rho 0 GRdif 5.68858 success 920484 failure 2130152 obj_new 1.00975 SA_pAcc 0 Delta 0.000176367 SA_r 0.990185 freedomratio 0.147051
Iter 8000000 pBad 0.00145275 T 8.28615e-11 Obj 1.00973 Rho 0 GRdif 5.67199 success 925775 failure 2482118 obj_new 1.00973 SA_pAcc 1 Delta 8.87816e-05 SA_r 0.39243 freedomratio 0.143874
Iter 8500000 pBad 0.003127 T 2.74641e-11 Obj 1.00972 Rho 0 GRdif 5.67209 success 930042 failure 2842475 obj_new 1.00973 SA_pAcc 0 Delta -0.000236101 SA_r 0.942994 freedomratio 0.141957
Iter 9000000 pBad 0.000419209 T 9.10284e-12 Obj 1.00972 Rho 0 GRdif 5.66842 success 935210 failure 3209525 obj_new 1.00972 SA_pAcc 0 Delta 3.32067e-05 SA_r 0.588373 freedomratio 0.138961
Iter 9500000 pBad 0.000207906 T 3.01709e-12 Obj 1.00972 Rho 0 GRdif 5.66746 success 938959 failure 3581885 obj_new 1.00972 SA_pAcc 1 Delta 2.33816e-06 SA_r 0.128793 freedomratio 0.138175
Good enough
iter 9.95733e+06 obj1.00972 rho 0 GRdif 5.66691
Training:
Lab Growth Rates:
0.48 0.36 0.47 0.46 0.5 0.686 1.483 0.48 1.345 0.58 0.4 0.56 0.55 0.27 0.724 0.43 0.59 0.36 0.46 0.45 0.53 0.43 0.5 0.55 0.37 1.483 0.56 0.53 0.5 0.47 0.3 0.39 0.56 0.1 0.41 0.37 0.45 0.33 0.1 0.45 0.7 0.5 1.248 0.45 0.1 0.59 0.46 0.4 0.4 0.45 0.54 0.58 0.36 0.5 0.42 0.58 0.33 0.43 0.476 0.46 1.345 0.59 0.5 1.345 0.4 1.483 0.5 0.5 1.483 0.59 0.37 0.68 0.23 0.58 0.46 1.05 0.3 0.58 0.31 0.52 0.4 0.54 0.1 0.686 0.23 0.37 0.46 0.52 0.25 0.58 0.54 0.41 0.47 0.476 0.5 0.37 0.4 0.27 0.65 0.71 0.23 1.248 0.4 0.52 0.4 0.377 0.25 0.4 0.4 0.41 0.4 0.41 1.345 0.68 0.68 1.483 0.47 1.345 0.4 0.65 1.345 0.45 0.38 0.19 0.4 1.49 0.59 0.58 0.6 0.3 0.485 0.65 0.51 0.3 0.22 0.5 1.43 0.56 0.58 0.485 0.52 0.59 0.51 1.483 0.68 0.43 0.47 0.4 0.47 0.5 0.52 0.485 0.33 0.53 0.59 0.48 0.5 0.11 1.248 0.4 0.2 0.617 0.45 0.42 1.46 0.56 0.33 0.47 0.5 0.25 0.54 0.52 0.58 0.4 0.41 0.4 0.56 0.4 0.52 1.345 0.36 0.58 1.05 0.5 0.377 0.56 0.3 0.54 0.56 0.46 0.17 0.5 0.4 0.4 0.37 0.39 0.65 0.37 0.25 0.3 0.7 0.476 0.4 0.4 1.345 0.37 0.4 0.54 0.54 0.42 0.49 0.23 0.25 0.65 0.59 0.11 0.4 0.54 0.55 0.53 0.39 0.47 0.54 0.56 0.59 0.58 0.637 0.3 0.23 0.55 0.65 0.22 0.59 0.54 0.55 0.58 0.686 0.4 0.53 0.58 0.481 0.54 0.636 0.22 0.51 0.53 0.4 0.47 0.27 0.3 0.56 0.26 0.54 0.45 0.14 0.4 0.53 0.4 0.4 0.26 0.58 0.4 0.36 0.55 0.46 0.37 0.53 0.4 0.901 0.59 0.56 1.46 0.59 0.65 0.45 0.42 0.46 0.42 0.46 0.1 0.47 0.46 0.52 0.42 1.67 0.71 0.648 0.4 0.22 0.481 0.33 0.26 0.5 0.42 0.4 0.43 0.5 0.47 0.46 0.27 0.4 0.54 0.38 0.27 0.38 0.7 0.47 0.45 0.23 0.47 0.54 0.23 0.45 0.635 0.42 1.483 0.45 0.1 0.58 0.4 0.5 1.03 0.43 1.345 0.65 1.05 1.483 0.2 0.5 0.58 0.36 0.36 0.36 0.36 0.42 0.09 0.53 0.37 1.67 0.762 0.54 0.56 1.483 0.4 0.58 0.4 0.4 0.45 0.23 0.301 0.5 0.59 0.4 0.54 0.3 0.7 0.54 0.42 1.66 1.05 1.483 0.4 0.4 0.52 0.53 0.55 1.46 0.5 0.58 0.32 0.4 0.481 0.38 0.4 0.11 0.37 0.465 0.47 0.37 0.5 0.5 0.31 0.39 0.53 0.47 0.47 0.52 0.71 0.636 0.34 0.22 0.59 0.25 0.42 0.22 0.41 0.43 0.3 0.5 0.53 0.55 0.41 0.46 0.45 0.4 0.5 0.31 0.41 1.42 0.55 0.42 0.54 0.465 0.3 0.56 0.637 0.5 0.301 0.636 0.33 0.4 0.6 1.66 0.54 0.33 0.42 0.46 0.54 0.56 0.901 0.55 0.42 1.35 0.32 0.46 0.39 0.65 0.43 0.22 0.4 0.3 0.4 0.17 0.19 0.485 0.901 0.43 0.48 0.47 0.4 0.45 0.54 0.4 0.48 0.54 0.901 0.5 0.5 0.54 0.5 0.55 0.53 0.22 0.5 0.09 0.42 0.54 1.483 0.46 0.34 0.48 0.48 0.4 0.45 0.46 1.345 0.54 0.6 0.42 0.47 0.5 0.45 0.5 0.45 0.43 0.59 0.724 0.5 0.5 0.4 0.19 0.55 0.762 0.4 0.56 0.52 0.58 0.48 0.49 1.43 0.47 0.377 0.41 0.34 0.23 1.44 0.47 0.37 0.47 0.4 0.3 1.46 1.345 0.762 0.4 0.25 0.56 0.53 0.42 0.53 0.762 0.46 0.635 0.56 1.248 0.648 0.38 0.48 1.38 0.724 0.37 0.54 0.54 0.37 0.33 0.14 0.59 0.43 0.46 1.4 0.47 0.32 0.4 0.648 0.52 0.6 0.301 1.483 0.54 0.09 1.345 0.68 0.49 0.46 1.248 0.56 0.58 0.901 0.27 0.47 0.17 0.465 0.1 0.25 0.4 0.635 0.1 0.58 0.637 0.46 0.1 0.901 0.4 0.42 0.4 0.2 0.45 0.43 0.4 0.39 0.33 0.3 0.37 0.47 1.05 0.4
Dot Production Prediction of Lab Growth Rates:
0.297819 0.465402 0.356172 0.405331 0.724537 0.683232 1.28791 0.274775 1.34752 0.299321 0.344708 0.55575 0.527207 0.269521 0.678261 0.416024 0.547773 0.320917 0.376991 0.273309 0.533426 0.349931 0.809871 0.549839 0.446455 1.34303 0.552729 0.452604 0.313622 0.353781 0.201809 0.303287 0.510963 2.45758 0.309543 0.466568 0.422755 0.523811 2.45245 0.352101 0.800475 0.713618 1.24419 1.47576 1.36998 0.547897 0.359923 0.336385 0.342653 1.40713 0.540018 0.51729 0.458458 0.571613 0.284423 0.514374 0.48077 0.420904 0.531438 0.493395 1.21456 0.555118 0.401198 1.33654 0.344883 1.34412 0.523 0.530787 1.22883 0.394497 0.460948 0.561071 0.550442 0.377258 0.403579 1.08904 0.30473 0.518376 0.540459 0.420292 0.337019 0.358265 0.421823 0.682305 0.474767 0.410099 0.508075 0.332736 0.457099 0.515295 0.50681 0.429282 0.356767 0.532729 0.537612 0.455349 0.345785 0.319493 0.650021 0.674818 0.474739 1.24802 0.355506 0.339131 0.354501 0.542068 0.334267 0.339101 0.34511 0.401089 0.324556 0.545612 1.36148 0.55028 0.554879 1.29833 0.310371 1.26061 0.345285 0.665011 1.33037 0.413216 0.280501 0.309284 0.345586 1.47576 0.546832 0.514869 0.632303 0.2051 0.533727 0.632882 0.441165 0.661517 0.475921 0.539805 1.20106 0.519528 0.387556 0.532116 0.35552 0.552269 0.436727 1.33749 0.55619 0.352435 0.377311 0.339924 0.365678 0.563455 0.391382 0.533487 0.315929 0.411983 0.306919 0.321838 0.774385 0.335209 1.26621 0.344702 0.333905 0.929782 0.359305 0.431375 1.40462 0.524502 0.392695 0.367594 0.322632 0.998119 0.391331 0.366953 0.371389 0.349118 0.341804 0.346787 0.545665 0.341725 0.392257 1.28673 0.375691 0.419511 1.086 0.325515 0.547678 0.533081 0.589295 0.517117 0.512281 0.328559 0.293696 0.539018 0.324507 0.333678 0.452488 0.277047 0.600717 0.456896 0.317302 0.592963 0.790268 0.535427 0.354503 0.346068 1.29878 0.40371 0.341734 0.510562 0.536004 0.315629 0.415563 0.559915 0.501405 0.646026 0.30497 0.406543 0.353327 0.552574 0.530987 0.546813 0.337376 0.331679 0.379485 0.555709 0.370698 0.389422 0.672661 0.489695 0.556948 0.548278 0.65435 0.532972 0.559503 0.531356 0.52604 0.521718 0.680883 0.34345 0.439913 0.516755 0.527942 0.274516 0.679756 0.524046 0.413655 0.305627 0.345059 0.357099 0.554833 0.633261 0.554996 0.441889 0.512817 0.363333 0.652026 0.337307 0.545823 0.339621 0.344371 0.541624 0.506906 0.263734 0.339992 0.546529 0.508853 0.252003 0.555095 0.352028 1.23945 0.30897 0.514903 1.06001 0.324484 0.645798 1.34227 0.320412 0.504242 0.336686 0.479981 2.14548 0.447126 0.407465 0.376713 0.560372 1.40246 0.687568 0.674047 0.356361 0.425179 0.53008 0.332873 0.373721 0.341522 0.270549 0.344596 0.396873 0.395255 0.415987 0.526963 0.360506 0.354047 0.421688 0.360905 0.367936 0.265943 0.805062 0.454175 1.41174 0.553417 0.436556 0.501766 0.550074 0.265762 0.679108 0.320371 1.31743 0.443896 0.432 0.385588 0.344607 0.715279 1.2361 0.412903 1.28318 0.668592 1.36455 1.31318 0.300737 0.854286 0.513611 0.360702 0.374596 0.35552 0.382829 0.331379 0.37582 0.533369 0.44857 1.44374 1.42239 0.559155 0.553755 1.1932 0.344143 0.515892 0.357578 0.345153 1.4432 0.56556 0.561729 0.801667 0.30155 0.327537 0.291362 0.385584 0.792706 0.408943 0.309738 1.43662 1.04998 1.27528 0.345063 0.333772 0.370346 0.351808 0.552315 1.07929 0.784951 0.323978 0.335073 0.348004 0.525602 0.25756 0.35428 0.389641 0.466302 0.529021 0.295752 0.46984 0.706318 0.505741 0.537476 0.377629 0.398593 0.411896 0.367554 0.401813 0.680596 0.683775 0.335379 0.371764 0.537121 1.4417 0.266804 0.530351 0.543419 0.381461 0.203709 0.458557 0.529873 0.527526 0.424973 0.381543 0.290842 0.356655 0.378055 0.555322 0.542844 1.47724 0.524032 0.323387 0.347822 0.531462 0.602286 0.555759 0.675468 0.793093 0.555618 0.685491 0.29381 0.337725 0.633644 1.42305 0.413931 0.520973 0.343286 0.509105 0.546242 0.517088 0.898443 0.556192 0.248684 1.13897 0.358787 0.28795 0.297536 0.650029 0.400995 0.529726 0.340398 0.639953 0.348919 0.450634 0.329692 0.536179 0.898987 0.386153 0.355623 0.416313 0.340596 0.346061 0.504505 0.34191 0.349556 0.316979 0.903395 0.526059 0.425083 0.356716 0.656859 0.507099 0.490371 0.530594 0.337545 0.478845 0.318683 0.535692 1.22696 0.510093 0.301837 0.257625 0.277147 0.342619 0.371654 0.271141 1.38342 0.351032 0.606752 0.531503 0.373942 0.513789 0.392487 0.52106 1.4611 0.397275 0.332058 0.68332 0.319668 0.330312 0.355088 0.305542 0.544915 1.4043 0.344544 0.553294 0.394058 0.393446 0.253246 0.398963 1.20473 0.408202 0.545667 0.402039 0.282332 0.475836 1.4522 0.347001 0.517787 0.376459 0.328545 0.339664 1.06157 1.3016 1.43471 0.358119 0.344363 0.555138 0.414244 0.566544 0.244574 1.40624 0.519765 0.676458 0.529834 1.23976 0.668631 0.380017 0.36805 1.22921 0.685617 0.450423 0.369758 0.396836 0.452058 0.40511 0.661957 0.301667 0.38239 0.384175 1.40002 0.362717 0.308126 0.345523 0.675546 0.371403 0.641748 0.558525 1.32469 0.362997 0.358181 1.28753 0.555144 0.403016 0.509922 1.2505 0.557537 0.488123 0.901018 0.390738 0.390226 0.300668 0.533955 0.307114 0.339112 0.341617 0.680159 0.99101 0.511474 0.670062 0.411795 2.14054 0.901015 0.345119 0.342168 0.344453 0.338359 1.37585 0.380687 0.272474 0.341254 0.293769 0.566948 0.389718 0.403762 1.07143 0.334441
Testing:
Lab Growth Rates:
0.4 0.4 0.4
Dot Production Prediction of Lab Growth Rates:
0.330448 0.337603 0.334942
Best performance so far: 
Obj: 4.66627e-310Rho: 2.122e-314Diff: 4.66627e-310
Test:
 Lab Growth Rates:
0.4 0.4 0.4Dot Product Prediction of Growth Rate:
0.3304483 0.3376032 0.3349423