seed =  5 traits =  1 
Training: part  153 
Training: part  153 
Round  1 
 Goal of obj  0.99 
Temperature range:  0.00390625 1e-12 
Cycle 1Round 1
Iter 500000 pBad 0.848232 T 0.00129471 Obj 1.08047 Rho 0 GRdif 45.3561 success 146953 failure 9965 obj_new 1.08047 SA_pAcc 1.12457 Delta -0.0658215 SA_r 0.352874 freedomratio 0.370183
Iter 1000000 pBad 0.819646 T 0.000429126 Obj 1.04316 Rho 0 GRdif 24.7623 success 290437 failure 26360 obj_new 1.04316 SA_pAcc 1.2556 Delta -0.0245699 SA_r 0.044906 freedomratio 0.364428
Iter 1500000 pBad 0.725848 T 0.000142232 Obj 1.02658 Rho 0 GRdif 15.3727 success 431497 failure 49118 obj_new 1.02658 SA_pAcc 0.902092 Delta -0.0427296 SA_r 0.312155 freedomratio 0.370183
Iter 2000000 pBad 0.660231 T 4.71421e-05 Obj 1.02009 Rho 0 GRdif 11.6551 success 570704 failure 76243 obj_new 1.02009 SA_pAcc 1 Delta -0.0563941 SA_r 0.269439 freedomratio 0.366708
Iter 2500000 pBad 0.549709 T 1.5625e-05 Obj 1.01593 Rho 0 GRdif 9.2586 success 706554 failure 110293 obj_new 1.01593 SA_pAcc 1 Delta -0.04883 SA_r 0.953312 freedomratio 0.364201
Iter 3000000 pBad 0.466082 T 5.17885e-06 Obj 1.01293 Rho 0 GRdif 7.52733 success 835281 failure 156505 obj_new 1.01293 SA_pAcc 1 Delta -0.039975 SA_r 0.209086 freedomratio 0.357535
Iter 3500000 pBad 0.283726 T 1.7165e-06 Obj 1.01058 Rho 0 GRdif 6.16838 success 945990 failure 237571 obj_new 1.01058 SA_pAcc 0.921517 Delta 0.00579295 SA_r 0.342922 freedomratio 0.351952
Iter 4000000 pBad 0.195417 T 5.68928e-07 Obj 1.00947 Rho 0 GRdif 5.52329 success 1038396 failure 356916 obj_new 1.00947 SA_pAcc 1 Delta 0.00238583 SA_r 0.829064 freedomratio 0.327924
Iter 4500000 pBad 0.104463 T 1.88568e-07 Obj 1.00897 Rho 0 GRdif 5.2362 success 1106563 failure 529461 obj_new 1.00898 SA_pAcc 4.09927e-13 Delta 0.0103117 SA_r 0.756482 freedomratio 0.295512
Iter 5000000 pBad 0.0534483 T 6.25001e-08 Obj 1.00872 Rho 0 GRdif 5.08783 success 1149713 failure 763753 obj_new 1.00872 SA_pAcc 1.56526 Delta 0.000820508 SA_r 0.733456 freedomratio 0.249044
Iter 5500000 pBad 0.0250631 T 2.07154e-08 Obj 1.00861 Rho 0 GRdif 5.02399 success 1175813 failure 1050365 obj_new 1.00861 SA_pAcc 1 Delta 0.000764803 SA_r 0.298992 freedomratio 0.231073
Iter 6000000 pBad 0.0116744 T 6.86602e-09 Obj 1.00857 Rho 0 GRdif 4.99904 success 1191433 failure 1371427 obj_new 1.00857 SA_pAcc 2.4079 Delta 8.86539e-05 SA_r 0.422919 freedomratio 0.216236
Iter 6500000 pBad 0.00605107 T 2.27571e-09 Obj 1.00854 Rho 0 GRdif 4.98458 success 1200713 failure 1715892 obj_new 1.00854 SA_pAcc 3.03674e-166 Delta 0.000426277 SA_r 0.188599 freedomratio 0.206265
Iter 7000000 pBad 0.0049804 T 7.54274e-10 Obj 1.00852 Rho 0 GRdif 4.9748 success 1206306 failure 2073443 obj_new 1.00853 SA_pAcc 0 Delta -0.000329453 SA_r 0.600994 freedomratio 0.20319
Iter 7500000 pBad 0.00507732 T 2.50001e-10 Obj 1.00852 Rho 0 GRdif 4.97153 success 1210284 failure 2438702 obj_new 1.00852 SA_pAcc 1 Delta -0.000189146 SA_r 0.876963 freedomratio 0.201236
Iter 8000000 pBad 0.00253718 T 8.28615e-11 Obj 1.00852 Rho 0 GRdif 4.97199 success 1212690 failure 2808134 obj_new 1.00852 SA_pAcc 0 Delta 9.72362e-05 SA_r 0.155182 freedomratio 0.199455
Iter 8500000 pBad 0.000730968 T 2.74641e-11 Obj 1.00852 Rho 0 GRdif 4.96992 success 1214247 failure 3181865 obj_new 1.00852 SA_pAcc 0 Delta 6.43017e-05 SA_r 0.701403 freedomratio 0.197373
Iter 9000000 pBad 5.03154e-09 T 9.10284e-12 Obj 1.00852 Rho 0 GRdif 4.96937 success 1215427 failure 3557912 obj_new 1.00852 SA_pAcc 1 Delta -2.65364e-10 SA_r 0.640046 freedomratio 0.19671
Iter 9500000 pBad 0.000759432 T 3.01709e-12 Obj 1.00852 Rho 0 GRdif 4.96912 success 1217620 failure 3931858 obj_new 1.00852 SA_pAcc 1 Delta -2.49692e-05 SA_r 0.441432 freedomratio 0.196842
Iter 10000000 pBad 0.000241473 T 1e-12 Obj 1.00852 Rho 0 GRdif 4.969 success 1219711 failure 4304609 obj_new 1.00852 SA_pAcc 1 Delta -5.95669e-06 SA_r 0.680689 freedomratio 0.196447
Cannot move further
iter 9.99958e+06 obj1.00852 rho 0 GRdif 4.969
Training:
Lab Growth Rates:
1.05 0.42 0.09 0.4 0.36 0.42 0.3 0.5 0.5 0.465 0.301 0.59 1.03 0.59 0.762 0.5 0.7 0.53 0.3 0.37 0.65 0.5 0.37 0.377 0.58 1.483 0.22 0.41 0.4 0.53 0.42 0.43 0.22 0.4 0.52 0.55 0.4 0.14 0.59 0.5 0.34 0.4 0.43 0.41 0.5 0.31 0.636 0.33 0.58 0.51 1.46 0.46 0.1 0.27 0.5 0.5 0.48 1.483 0.59 0.47 0.4 0.47 0.4 0.46 0.56 0.36 0.4 0.59 0.4 0.58 0.45 0.47 0.58 0.56 0.465 0.68 0.5 0.4 0.47 0.36 1.345 0.51 0.38 0.27 0.7 0.5 0.52 0.47 0.65 0.54 0.43 0.4 0.47 0.52 0.09 0.5 0.38 0.54 0.45 0.33 0.5 0.54 0.46 0.54 0.4 0.4 0.5 0.637 1.46 0.56 0.25 0.22 0.42 0.56 0.17 0.47 1.46 0.6 0.4 0.54 0.65 0.4 0.58 0.41 0.46 1.248 0.48 0.4 1.345 0.46 0.5 1.483 0.17 0.485 0.55 0.53 0.17 0.46 0.47 0.59 0.55 0.58 1.67 1.345 0.3 0.65 0.5 0.481 0.45 0.3 0.1 0.22 0.1 1.483 0.55 0.3 0.4 0.54 0.58 0.4 0.45 0.4 0.5 0.42 0.45 0.686 0.11 0.4 0.301 0.56 0.46 0.42 0.45 0.2 0.4 0.4 0.45 0.41 0.48 0.54 0.45 0.46 0.41 0.1 0.45 0.4 1.35 0.39 1.483 0.27 0.56 0.53 0.47 0.54 0.65 0.23 1.345 0.58 0.37 0.25 0.42 0.37 0.59 0.27 0.4 0.53 1.43 0.52 0.53 0.4 0.48 0.59 0.22 0.485 0.901 1.67 0.46 0.5 0.1 0.45 1.66 0.27 0.25 0.47 0.19 0.53 0.4 0.54 0.43 0.46 0.1 0.635 0.5 0.54 0.52 0.37 0.37 0.4 1.483 0.37 0.901 0.55 0.4 0.377 0.47 0.43 0.648 0.4 0.58 1.345 0.4 0.46 0.54 0.33 0.33 0.46 0.41 0.58 0.11 0.42 0.46 0.55 0.3 0.724 0.476 0.55 0.4 1.38 0.23 1.248 0.43 0.32 0.46 0.4 0.54 0.53 0.25 0.42 0.5 0.14 0.19 0.58 0.58 0.58 0.42 0.901 0.34 0.42 0.724 0.22 0.901 0.6 0.4 0.42 0.45 0.42 0.54 0.5 0.42 0.4 0.4 0.47 0.55 0.4 0.23 0.5 0.5 0.901 0.54 0.43 0.4 0.4 0.465 0.33 0.36 0.52 0.54 0.47 0.58 0.481 0.54 0.58 0.53 0.49 0.5 0.41 0.52 0.54 0.4 1.05 0.59 0.32 0.2 0.59 0.37 0.11 0.47 0.4 0.52 0.636 0.25 0.54 0.5 0.56 0.23 1.05 0.4 0.53 0.3 0.49 0.37 0.37 0.39 0.33 0.3 0.3 0.635 1.248 0.34 0.36 0.52 0.42 0.617 0.4 0.31 0.26 0.56 0.3 0.53 0.47 0.59 0.5 0.25 0.58 0.762 0.4 0.36 0.3 0.4 0.4 0.38 0.4 0.55 0.47 0.65 0.45 0.54 0.09 0.59 0.54 1.345 0.22 1.483 0.7 0.901 0.56 0.47 0.54 0.46 0.1 0.39 0.23 1.345 0.762 0.53 0.5 0.54 1.4 0.648 1.66 0.53 0.54 0.1 0.55 0.5 0.71 0.724 0.48 0.26 0.65 0.45 1.43 0.68 0.46 0.4 0.58 0.4 0.45 0.68 1.248 0.4 0.686 0.58 0.37 1.345 0.38 0.54 0.23 0.5 1.345 0.36 0.46 0.48 0.56 1.05 0.43 0.56 0.3 0.4 0.46 0.46 0.45 1.248 0.31 0.53 0.635 0.4 0.5 0.42 0.4 0.52 0.45 0.51 0.59 0.4 0.37 1.483 0.25 0.56 0.65 0.5 0.1 0.59 0.5 0.762 0.47 0.45 0.5 0.3 0.54 0.45 0.52 0.33 1.345 0.56 0.4 1.05 0.59 0.485 1.483 0.476 0.4 0.636 0.43 0.59 0.56 0.37 0.47 0.637 0.58 0.6 0.4 1.483 0.33 0.38 0.481 0.45 0.3 0.37 0.54 0.4 0.42 0.55 0.47 1.42 0.71 0.58 0.48 0.23 0.37 0.637 0.27 0.648 0.4 0.42 0.6 1.46 0.7 0.4 0.65 1.483 0.54 0.4 0.39 0.39 0.23 0.55 0.5 0.43 0.25 0.37 0.32 0.56 0.23 0.68 0.22 0.47 0.52 0.686 0.46 0.46 0.36 0.56 0.56 0.49 1.345 0.4 0.43 0.4 0.19 0.36 0.68 0.54 0.4 1.483 0.33 1.44 0.41 0.301 1.49 0.41 0.377 0.2 0.53 0.48 0.48 0.26 1.345 0.43 0.5 0.476 0.39 0.56 0.485 0.71 0.58
Dot Production Prediction of Lab Growth Rates:
1.04763 0.539395 0.354783 0.405512 0.343232 0.354284 0.376052 0.382757 0.397181 0.436728 0.424923 0.389697 1.30172 0.343524 0.897156 0.493892 0.704976 0.438099 0.326117 0.414419 0.629086 0.481438 0.411338 0.42628 0.478805 0.8909 0.466036 0.425953 0.40332 0.5377 0.545118 0.382276 0.458421 0.412103 0.387428 0.454832 0.406874 0.140554 0.550503 0.509191 0.340671 0.402876 0.415091 0.396931 0.472565 0.547764 0.722872 0.378763 0.475713 0.429597 1.02161 0.453635 0.649112 0.354816 0.377441 0.518148 0.334726 0.878885 0.353463 0.434734 0.410348 0.452967 0.406082 0.367457 0.53801 0.363291 0.409644 0.549668 0.409032 0.470075 0.378266 0.366282 0.378845 0.473737 0.437875 0.467848 0.481521 0.400246 0.358078 0.333083 0.908432 0.401659 0.330362 0.38567 0.690102 0.353529 0.405092 0.377319 0.649965 0.543185 0.385408 0.407703 0.381845 0.388636 0.367798 0.540249 0.335066 0.379053 0.405338 0.330313 0.339781 0.344258 0.417053 0.540012 0.399948 0.398778 0.542952 0.70972 0.982511 0.541305 0.349833 0.398224 0.345921 0.54416 0.439048 0.45656 1.01245 0.406534 0.408918 0.323666 0.655336 0.411196 0.360279 0.430768 0.31779 0.934457 0.342667 0.402872 0.914481 0.461518 0.386493 0.860592 0.330899 0.430668 0.544463 0.366196 0.326017 0.498374 0.375601 0.366866 0.547393 0.469467 1.44744 0.85671 0.421583 0.649997 0.470476 0.433004 1.50413 0.403432 0.426761 0.465234 0.380199 0.904967 0.456952 0.391726 0.406457 0.432638 0.378633 0.410487 0.386533 0.401555 0.529199 0.349484 1.57412 0.722046 0.346535 0.404291 0.427455 0.466258 0.424071 0.337839 0.350128 0.375923 0.41076 0.406993 1.48919 0.32441 0.330434 0.447797 0.351911 0.381293 0.429958 0.433537 1.50062 0.408844 1.24004 0.346104 0.869517 0.545756 0.472 0.503142 0.354501 0.394772 0.658861 0.427439 0.880787 0.451839 0.414029 0.345958 0.349948 0.417769 0.350301 0.377148 0.400016 0.401414 1.37687 0.344357 0.524955 0.412172 0.332091 0.335992 0.459616 0.42918 0.890022 1.49266 0.477698 0.545717 0.986891 0.376935 1.66 0.372283 0.496966 0.376837 0.345857 0.355083 0.397855 0.409616 0.365268 0.46001 0.895576 0.713775 0.569529 0.367741 0.361934 0.421364 0.422981 0.403529 0.855943 0.426451 0.903735 0.454855 0.408171 0.427871 0.389994 0.392053 0.710049 0.40858 0.470651 0.862573 0.401905 0.458529 0.444983 0.371201 0.334335 0.459184 0.361593 0.359818 0.383687 0.35016 0.474227 0.434508 0.414484 0.721991 0.437215 0.556791 0.408778 1.26565 0.427114 0.926409 0.415306 0.335061 0.315806 0.400001 0.539055 0.537248 1.53305 0.407703 0.3455 0.139707 0.349529 0.468082 0.338104 0.375463 0.558359 0.903352 0.329136 0.340908 0.72401 0.466991 0.900999 0.40749 0.397417 0.319311 1.49052 0.333139 0.539785 0.560457 0.340106 0.411817 0.401547 0.345101 0.545775 0.403001 0.535665 0.539575 0.529886 0.904552 0.446781 0.436578 0.408783 0.403764 0.438119 0.329996 0.377611 0.403973 0.380908 0.420744 0.476709 0.432704 0.395318 0.398668 0.538376 0.369868 0.57183 0.399493 0.391605 0.44502 0.343402 1.05064 0.541516 0.31276 0.400932 0.538519 0.376785 0.391547 0.39879 0.41062 0.372259 0.72301 0.328233 0.407163 0.348741 0.532662 0.53743 1.56385 0.400011 0.315148 0.292886 0.398947 0.408396 0.327211 0.366337 0.381826 0.393914 0.352102 0.717071 0.92496 0.338259 0.424361 0.389288 0.318741 0.536681 0.411856 0.549329 0.372658 0.544944 0.292165 0.393586 0.410025 0.541209 0.479326 0.522864 0.350527 0.878284 0.39737 0.353047 0.424295 0.406654 0.410258 0.342381 0.406207 0.552065 0.386197 0.643222 0.412622 0.549772 0.449548 0.335855 0.351762 0.900402 0.366063 0.854666 0.694248 0.901 0.478747 0.430487 0.437446 0.383398 1.39364 0.333226 0.536546 0.895459 0.896265 0.548161 0.492174 0.547536 1.48282 0.706521 1.66 0.525687 0.337817 0.82009 0.454442 0.540166 0.719522 0.723326 0.328694 0.535168 0.67601 0.365717 1.38181 0.459553 0.488313 0.404294 0.470446 0.401861 0.358417 0.468022 0.925926 0.400766 0.723314 0.467285 0.416051 0.921605 0.372061 0.360405 0.539755 0.499632 0.921159 0.435293 0.403935 0.348836 0.470284 1.00421 0.400287 0.545236 0.351254 0.403111 0.451787 0.469081 1.56944 0.926838 0.547918 0.362051 0.716334 0.410353 0.423238 0.357149 0.400012 0.369871 0.338099 0.423535 0.379327 0.409836 0.424357 0.899938 0.351514 0.54978 0.68324 0.465563 0.834807 0.546946 0.33277 0.890947 0.390592 0.350569 0.342956 0.386713 0.396219 1.50396 0.351673 0.484719 0.856916 0.53967 0.407283 1.05004 0.328543 0.432498 0.90138 0.436204 0.406447 0.71998 0.373196 0.550785 0.534047 0.425397 0.407922 0.713881 0.335972 0.408802 0.402119 0.88506 0.434134 0.375655 0.432774 0.349722 0.302482 0.514799 0.365354 0.398875 0.382487 0.452286 0.388946 1.55453 0.725098 0.46735 0.320133 0.537411 0.424991 0.71223 0.326372 0.709039 0.403857 0.345303 0.415735 1.52191 0.700568 0.350689 0.646103 0.879521 0.542718 0.401384 0.349464 0.315307 0.42716 0.547665 0.330351 0.364597 0.624276 0.382354 0.353404 0.466485 0.532531 0.464574 0.442203 0.372211 0.381282 0.718396 0.469951 0.332307 0.353393 0.542831 0.546816 0.385711 0.907645 0.406282 0.459712 0.409603 0.342955 0.35923 0.467035 0.35957 0.406466 0.881622 0.47309 1.5154 0.379492 0.423046 1.56944 0.396382 0.426164 0.4112 0.467597 0.358925 0.346375 0.440236 0.896894 0.405001 0.551985 0.434863 0.345862 0.53925 0.434217 0.719626 0.478958
Testing:
Lab Growth Rates:
0.47 0.47 0.47
Dot Production Prediction of Lab Growth Rates:
0.353952 0.352061 0.351749
Best performance so far: 
Obj: 4.67799e-310Rho: 2.26291e-314Diff: 4.67799e-310
Anneal again with the best G and E so far as input
Cycle 2Round 1
Iter 500000 pBad 0.815661 T 0.00129471 Obj 1.04986 Rho 0 GRdif 28.5145 success 105262 failure 10833 obj_new 1.04986 SA_pAcc 1 Delta -0.0562845 SA_r 0.0509419 freedomratio 0.251179
Iter 1000000 pBad 0.759857 T 0.000429126 Obj 1.03438 Rho 0 GRdif 19.8054 success 207199 failure 27817 obj_new 1.03438 SA_pAcc 1 Delta -0.0751254 SA_r 0.743427 freedomratio 0.251071
Iter 1500000 pBad 0.686397 T 0.000142232 Obj 1.02837 Rho 0 GRdif 16.3941 success 307236 failure 50261 obj_new 1.02837 SA_pAcc 1.00448 Delta -0.00178297 SA_r 0.408377 freedomratio 0.244472
Iter 2000000 pBad 0.640119 T 4.71421e-05 Obj 1.02512 Rho 0 GRdif 14.537 success 405285 failure 77450 obj_new 1.02512 SA_pAcc 1 Delta -0.0494092 SA_r 0.359483 freedomratio 0.246841
Iter 2500000 pBad 0.575439 T 1.5625e-05 Obj 1.02034 Rho 0 GRdif 11.799 success 500274 failure 112920 obj_new 1.02034 SA_pAcc 0.992709 Delta -0.00969748 SA_r 0.53863 freedomratio 0.242449
Iter 3000000 pBad 0.393687 T 5.17885e-06 Obj 1.01697 Rho 0 GRdif 9.87005 success 593456 failure 152137 obj_new 1.01699 SA_pAcc 0.0248604 Delta 0.0381302 SA_r 0.639126 freedomratio 0.240066
Iter 3500000 pBad 0.259329 T 1.7165e-06 Obj 1.01164 Rho 0 GRdif 6.78454 success 675924 failure 216441 obj_new 1.01164 SA_pAcc 2.35451 Delta 0.013875 SA_r 0.147844 freedomratio 0.229984
Iter 4000000 pBad 0.222886 T 5.68928e-07 Obj 1.00927 Rho 0 GRdif 5.40834 success 753029 failure 293007 obj_new 1.00927 SA_pAcc 0.00485032 Delta -0.0108296 SA_r 0.88584 freedomratio 0.225906
Iter 4500000 pBad 0.124204 T 1.88568e-07 Obj 1.0085 Rho 0 GRdif 4.95833 success 810968 failure 414609 obj_new 1.0085 SA_pAcc 1 Delta 0.00260938 SA_r 0.838875 freedomratio 0.215917
Iter 5000000 pBad 0.0536458 T 6.25001e-08 Obj 1.00808 Rho 0 GRdif 4.71403 success 851911 failure 588941 obj_new 1.00808 SA_pAcc 1 Delta 0.00094902 SA_r 0.820316 freedomratio 0.190507
Iter 5500000 pBad 0.0381508 T 2.07154e-08 Obj 1.00792 Rho 0 GRdif 4.62742 success 877863 failure 818181 obj_new 1.00793 SA_pAcc 3.54587e-157 Delta -0.00247225 SA_r 0.780287 freedomratio 0.173527
Iter 6000000 pBad 0.0174 T 6.86602e-09 Obj 1.00786 Rho 0 GRdif 4.58793 success 894599 failure 1089250 obj_new 1.00786 SA_pAcc 9.87406e-09 Delta -0.000459786 SA_r 0.695234 freedomratio 0.162013
Iter 6500000 pBad 0.00653552 T 2.27571e-09 Obj 1.00784 Rho 0 GRdif 4.57459 success 905308 failure 1391500 obj_new 1.00784 SA_pAcc 1 Delta -0.000410676 SA_r 0.327561 freedomratio 0.153524
Iter 7000000 pBad 0.00563977 T 7.54274e-10 Obj 1.00783 Rho 0 GRdif 4.57154 success 912418 failure 1711457 obj_new 1.00783 SA_pAcc 0 Delta 0.000491713 SA_r 0.144102 freedomratio 0.150102
Iter 7500000 pBad 0.00435497 T 2.50001e-10 Obj 1.00781 Rho 0 GRdif 4.5628 success 919323 failure 2045526 obj_new 1.00782 SA_pAcc 0 Delta 0.000228156 SA_r 0.288153 freedomratio 0.144834
Iter 8000000 pBad 0.00121148 T 8.28615e-11 Obj 1.00781 Rho 0 GRdif 4.56011 success 923011 failure 2393435 obj_new 1.00781 SA_pAcc 4.36482e-134 Delta 4.27705e-05 SA_r 0.899038 freedomratio 0.142718
Iter 8500000 pBad 0.00125232 T 2.74641e-11 Obj 1.00781 Rho 0 GRdif 4.55931 success 925350 failure 2750049 obj_new 1.00781 SA_pAcc 1 Delta -3.47376e-06 SA_r 0.809602 freedomratio 0.141103
Iter 9000000 pBad 0.000135022 T 9.10284e-12 Obj 1.00781 Rho 0 GRdif 4.55869 success 928372 failure 3110993 obj_new 1.00781 SA_pAcc 0 Delta -9.88121e-06 SA_r 0.756481 freedomratio 0.138698
Iter 9500000 pBad 0.000133045 T 3.01709e-12 Obj 1.00781 Rho 0 GRdif 4.55856 success 930125 failure 3479298 obj_new 1.00781 SA_pAcc 0 Delta 1.31989e-05 SA_r 0.502689 freedomratio 0.13743
Good enough
iter 9.99986e+06 obj1.00781 rho 0 GRdif 4.55808
Training:
Lab Growth Rates:
1.05 0.42 0.09 0.4 0.36 0.42 0.3 0.5 0.5 0.465 0.301 0.59 1.03 0.59 0.762 0.5 0.7 0.53 0.3 0.37 0.65 0.5 0.37 0.377 0.58 1.483 0.22 0.41 0.4 0.53 0.42 0.43 0.22 0.4 0.52 0.55 0.4 0.14 0.59 0.5 0.34 0.4 0.43 0.41 0.5 0.31 0.636 0.33 0.58 0.51 1.46 0.46 0.1 0.27 0.5 0.5 0.48 1.483 0.59 0.47 0.4 0.47 0.4 0.46 0.56 0.36 0.4 0.59 0.4 0.58 0.45 0.47 0.58 0.56 0.465 0.68 0.5 0.4 0.47 0.36 1.345 0.51 0.38 0.27 0.7 0.5 0.52 0.47 0.65 0.54 0.43 0.4 0.47 0.52 0.09 0.5 0.38 0.54 0.45 0.33 0.5 0.54 0.46 0.54 0.4 0.4 0.5 0.637 1.46 0.56 0.25 0.22 0.42 0.56 0.17 0.47 1.46 0.6 0.4 0.54 0.65 0.4 0.58 0.41 0.46 1.248 0.48 0.4 1.345 0.46 0.5 1.483 0.17 0.485 0.55 0.53 0.17 0.46 0.47 0.59 0.55 0.58 1.67 1.345 0.3 0.65 0.5 0.481 0.45 0.3 0.1 0.22 0.1 1.483 0.55 0.3 0.4 0.54 0.58 0.4 0.45 0.4 0.5 0.42 0.45 0.686 0.11 0.4 0.301 0.56 0.46 0.42 0.45 0.2 0.4 0.4 0.45 0.41 0.48 0.54 0.45 0.46 0.41 0.1 0.45 0.4 1.35 0.39 1.483 0.27 0.56 0.53 0.47 0.54 0.65 0.23 1.345 0.58 0.37 0.25 0.42 0.37 0.59 0.27 0.4 0.53 1.43 0.52 0.53 0.4 0.48 0.59 0.22 0.485 0.901 1.67 0.46 0.5 0.1 0.45 1.66 0.27 0.25 0.47 0.19 0.53 0.4 0.54 0.43 0.46 0.1 0.635 0.5 0.54 0.52 0.37 0.37 0.4 1.483 0.37 0.901 0.55 0.4 0.377 0.47 0.43 0.648 0.4 0.58 1.345 0.4 0.46 0.54 0.33 0.33 0.46 0.41 0.58 0.11 0.42 0.46 0.55 0.3 0.724 0.476 0.55 0.4 1.38 0.23 1.248 0.43 0.32 0.46 0.4 0.54 0.53 0.25 0.42 0.5 0.14 0.19 0.58 0.58 0.58 0.42 0.901 0.34 0.42 0.724 0.22 0.901 0.6 0.4 0.42 0.45 0.42 0.54 0.5 0.42 0.4 0.4 0.47 0.55 0.4 0.23 0.5 0.5 0.901 0.54 0.43 0.4 0.4 0.465 0.33 0.36 0.52 0.54 0.47 0.58 0.481 0.54 0.58 0.53 0.49 0.5 0.41 0.52 0.54 0.4 1.05 0.59 0.32 0.2 0.59 0.37 0.11 0.47 0.4 0.52 0.636 0.25 0.54 0.5 0.56 0.23 1.05 0.4 0.53 0.3 0.49 0.37 0.37 0.39 0.33 0.3 0.3 0.635 1.248 0.34 0.36 0.52 0.42 0.617 0.4 0.31 0.26 0.56 0.3 0.53 0.47 0.59 0.5 0.25 0.58 0.762 0.4 0.36 0.3 0.4 0.4 0.38 0.4 0.55 0.47 0.65 0.45 0.54 0.09 0.59 0.54 1.345 0.22 1.483 0.7 0.901 0.56 0.47 0.54 0.46 0.1 0.39 0.23 1.345 0.762 0.53 0.5 0.54 1.4 0.648 1.66 0.53 0.54 0.1 0.55 0.5 0.71 0.724 0.48 0.26 0.65 0.45 1.43 0.68 0.46 0.4 0.58 0.4 0.45 0.68 1.248 0.4 0.686 0.58 0.37 1.345 0.38 0.54 0.23 0.5 1.345 0.36 0.46 0.48 0.56 1.05 0.43 0.56 0.3 0.4 0.46 0.46 0.45 1.248 0.31 0.53 0.635 0.4 0.5 0.42 0.4 0.52 0.45 0.51 0.59 0.4 0.37 1.483 0.25 0.56 0.65 0.5 0.1 0.59 0.5 0.762 0.47 0.45 0.5 0.3 0.54 0.45 0.52 0.33 1.345 0.56 0.4 1.05 0.59 0.485 1.483 0.476 0.4 0.636 0.43 0.59 0.56 0.37 0.47 0.637 0.58 0.6 0.4 1.483 0.33 0.38 0.481 0.45 0.3 0.37 0.54 0.4 0.42 0.55 0.47 1.42 0.71 0.58 0.48 0.23 0.37 0.637 0.27 0.648 0.4 0.42 0.6 1.46 0.7 0.4 0.65 1.483 0.54 0.4 0.39 0.39 0.23 0.55 0.5 0.43 0.25 0.37 0.32 0.56 0.23 0.68 0.22 0.47 0.52 0.686 0.46 0.46 0.36 0.56 0.56 0.49 1.345 0.4 0.43 0.4 0.19 0.36 0.68 0.54 0.4 1.483 0.33 1.44 0.41 0.301 1.49 0.41 0.377 0.2 0.53 0.48 0.48 0.26 1.345 0.43 0.5 0.476 0.39 0.56 0.485 0.71 0.58
Dot Production Prediction of Lab Growth Rates:
1.04928 0.617701 0.340619 0.397513 0.318476 0.316061 0.367729 0.367122 0.404214 0.483876 0.483266 0.385263 1.30126 0.327682 0.766794 0.777378 0.703281 0.436495 0.458975 0.409125 0.625098 0.465175 0.406247 0.484521 0.464245 1.33103 0.468139 0.469799 0.400273 0.519384 0.624635 0.343995 0.464891 0.404833 0.372297 0.452058 0.399493 0.139891 0.544366 0.729456 0.324552 0.40241 0.406118 0.373601 0.461558 0.619026 0.697323 0.345328 0.462852 0.431652 1.0557 0.442458 1.02872 0.332158 0.358249 0.803033 0.282097 1.31552 0.314337 0.403281 0.402665 0.496912 0.397412 0.343519 0.533449 0.357202 0.401642 0.548154 0.401575 0.471952 0.388099 0.349314 0.375102 0.459729 0.484067 0.360346 0.462484 0.393533 0.359251 0.323211 1.35589 0.39894 0.291105 0.362943 0.699397 0.332114 0.393347 0.358316 0.649453 0.543349 0.364703 0.40018 0.362549 0.388112 0.371852 0.54628 0.297308 0.368155 0.40907 0.299831 0.345721 0.327866 0.434223 0.540174 0.399695 0.398068 0.846939 0.676531 1.05443 0.539593 0.348526 0.392518 0.30476 0.540384 0.41507 0.495326 1.03844 0.5803 0.39856 0.309888 0.649761 0.401843 0.377673 0.48282 0.30912 0.834738 0.331592 0.393778 1.34594 0.462016 0.368718 1.3307 0.289708 0.478666 0.549007 0.364524 0.294278 0.58723 0.385636 0.324372 0.549586 0.4633 1.36913 1.30494 0.629649 0.628679 0.471968 0.480502 1.345 0.584965 0.454392 0.470237 0.333479 1.31786 0.450825 0.568645 0.397332 0.42591 0.353136 0.400402 0.405011 0.400061 0.539145 0.336658 1.45737 0.696987 0.324372 0.403713 0.481784 0.464666 0.411237 0.33068 0.34656 0.364582 0.40317 0.400036 1.35454 0.301064 0.272568 0.440437 0.325296 0.357943 0.482705 0.465892 1.40835 0.398819 1.11576 0.329552 1.32277 0.614877 0.465423 0.57202 0.310694 0.38089 0.659547 0.425821 1.34219 0.459341 0.408853 0.351383 0.333949 0.416966 0.330333 0.356701 0.39838 0.409692 1.18379 0.327187 0.526096 0.402728 0.307849 0.299414 0.465815 0.477701 0.782378 1.44239 0.549314 0.84728 1.29934 0.380464 1.53797 0.380366 0.52144 0.348171 0.292203 0.337702 0.398655 0.380447 0.346385 0.455949 1.23672 0.684013 0.851605 0.370247 0.349266 0.417338 0.424748 0.403742 1.29731 0.423838 0.900341 0.453242 0.401766 0.481457 0.385724 0.403254 0.678419 0.402209 0.473887 1.32265 0.396945 0.454883 0.456651 0.341659 0.30686 0.459691 0.35003 0.383238 0.362138 0.356457 0.46057 0.432302 0.406449 0.694704 0.484487 0.552673 0.401897 1.29403 0.42445 0.830758 0.43866 0.322001 0.283706 0.39974 0.535518 0.531317 1.43921 0.401957 0.321032 0.140469 0.29254 0.460552 0.310803 0.365457 0.644814 0.903031 0.330216 0.315876 0.697831 0.469792 0.905152 0.596881 0.398271 0.31111 1.39519 0.327233 0.533537 0.850296 0.32629 0.385652 0.397101 0.329865 0.546981 0.394908 0.545252 0.548245 0.537857 0.904748 0.427702 0.421832 0.398551 0.397113 0.483876 0.31835 0.344354 0.373203 0.360061 0.405387 0.455776 0.480081 0.373154 0.393716 0.530594 0.383756 0.911413 0.390952 0.398345 0.451736 0.29904 1.07022 0.542692 0.295255 0.387016 0.546468 0.389618 0.379395 0.412264 0.402433 0.369089 0.685867 0.291496 0.406522 0.328051 0.529168 0.541425 1.44886 0.399726 0.272059 0.299159 0.397375 0.387217 0.280624 0.336791 0.364094 0.543343 0.319112 0.689449 0.825256 0.312423 0.414966 0.36427 0.301202 0.587608 0.404596 0.591972 0.386187 0.549751 0.300622 0.424776 0.410371 0.548907 0.468476 0.551234 0.355182 0.75872 0.397254 0.352512 0.625548 0.399303 0.40245 0.28709 0.400913 0.550192 0.376196 0.645995 0.400855 0.546646 0.456776 0.321845 0.328343 1.33076 0.351873 1.31117 0.69613 0.944647 0.463122 0.469881 0.426038 0.362538 1.40027 0.317558 0.546672 1.36751 0.764015 0.542209 0.780277 0.551357 1.40037 0.672099 1.51871 0.529609 0.2838 1.10732 0.447878 0.555462 0.691279 0.698412 0.298048 0.586783 0.64437 0.34769 1.17798 0.358141 0.568778 0.394188 0.460446 0.400865 0.331532 0.358846 0.831955 0.40129 0.697181 0.474174 0.417582 1.35795 0.371058 0.384856 0.540568 0.744474 1.36711 0.434371 0.392939 0.337113 0.464181 1.04817 0.413684 0.543269 0.518127 0.396964 0.438627 0.470448 1.47377 0.826581 0.591343 0.332562 0.689136 0.400006 0.432359 0.351164 0.398466 0.370256 0.299398 0.414432 0.368956 0.400955 0.421829 1.3348 0.348405 0.556439 0.657447 0.461348 1.08203 0.550451 0.3307 0.761474 0.387211 0.342183 0.32197 0.561401 0.381899 1.42652 0.345492 0.546398 1.3206 0.544334 0.402398 1.0633 0.319356 0.483071 1.33708 0.486949 0.39969 0.692649 0.356124 0.547007 0.528646 0.424115 0.422141 0.680066 0.282086 0.595529 0.399984 1.30938 0.461168 0.376948 0.479117 0.355783 0.299727 0.569535 0.386539 0.39723 0.362173 0.448669 0.371471 1.48982 0.697595 0.467234 0.289629 0.543241 0.450993 0.682515 0.26917 0.679841 0.393948 0.343524 0.622582 1.47452 0.699363 0.315894 0.64943 1.34037 0.540308 0.39051 0.297558 0.301025 0.424503 0.547169 0.32429 0.376165 1.01674 0.393659 0.328142 0.466327 0.545832 0.357477 0.450946 0.355978 0.368093 0.692901 0.469844 0.328168 0.328014 0.544062 0.553575 0.385481 1.34404 0.397473 0.450229 0.400931 0.280774 0.375776 0.358547 0.375316 0.3977 1.32494 0.515078 1.4648 0.35845 0.480605 1.47377 0.394718 0.478902 0.379001 0.486067 0.354537 0.339421 0.451332 1.33335 0.371325 0.875784 0.48317 0.299699 0.540845 0.486179 0.694136 0.46474
Testing:
Lab Growth Rates:
0.47 0.47 0.47
Dot Production Prediction of Lab Growth Rates:
0.372008 0.366435 0.375281
Best performance so far: 
Obj: 4.67799e-310Rho: 6.5069e-314Diff: 4.67799e-310
Test:
 Lab Growth Rates:
0.47 0.47 0.47Dot Product Prediction of Growth Rate:
0.3720078 0.3664354 0.3752814