seed =  5 traits =  1 
Training: part  188 
Training: part  188 
Round  1 
 Goal of obj  0.99 
Temperature range:  0.00390625 3.125e-09 
Cycle 1Round 1
Iter 500000 pBad 0.856839 T 0.00193604 Obj 1.07234 Rho 0 GRdif 40.9306 success 146875 failure 10140 obj_new 1.07234 SA_pAcc 0.938514 Delta -0.0604391 SA_r 0.438216 freedomratio 0.368785
Iter 1000000 pBad 0.841034 T 0.000959554 Obj 1.04805 Rho 0 GRdif 27.501 success 291817 failure 24310 obj_new 1.04805 SA_pAcc 0.909951 Delta 0.077541 SA_r 0.899283 freedomratio 0.368322
Iter 1500000 pBad 0.798414 T 0.000475581 Obj 1.04073 Rho 0 GRdif 23.4669 success 434589 failure 42556 obj_new 1.04086 SA_pAcc 0.767081 Delta 0.033177 SA_r 0.959577 freedomratio 0.372537
Iter 2000000 pBad 0.748664 T 0.00023571 Obj 1.0337 Rho 0 GRdif 19.4467 success 576587 failure 63035 obj_new 1.03374 SA_pAcc 0.852732 Delta 0.0264214 SA_r 0.873619 freedomratio 0.364428
Iter 2500000 pBad 0.681515 T 0.000116824 Obj 1.02782 Rho 0 GRdif 16.0785 success 717280 failure 87024 obj_new 1.02782 SA_pAcc 1 Delta 0.0266118 SA_r 0.406564 freedomratio 0.35973
Iter 3000000 pBad 0.662812 T 5.79012e-05 Obj 1.022 Rho 0 GRdif 12.7546 success 855334 failure 113781 obj_new 1.022 SA_pAcc 1.007 Delta -0.0250875 SA_r 0.6981 freedomratio 0.368785
Iter 3500000 pBad 0.628613 T 2.86974e-05 Obj 1.01802 Rho 0 GRdif 10.4646 success 989657 failure 147920 obj_new 1.01802 SA_pAcc 1 Delta 0.0491228 SA_r 0.358591 freedomratio 0.356665
Iter 4000000 pBad 0.543683 T 1.42232e-05 Obj 1.01592 Rho 0 GRdif 9.25323 success 1119680 failure 191174 obj_new 1.01592 SA_pAcc 1 Delta -0.00614897 SA_r 0.798271 freedomratio 0.36625
Iter 4500000 pBad 0.408951 T 7.04938e-06 Obj 1.01335 Rho 0 GRdif 7.76999 success 1243191 failure 246614 obj_new 1.01335 SA_pAcc 0.774583 Delta -0.0313212 SA_r 0.810487 freedomratio 0.355367
Iter 5000000 pBad 0.31318 T 3.49386e-06 Obj 1.0111 Rho 0 GRdif 6.46807 success 1355175 failure 325178 obj_new 1.0111 SA_pAcc 0.982175 Delta 0.0295339 SA_r 0.415154 freedomratio 0.344909
Iter 5500000 pBad 0.256178 T 1.73165e-06 Obj 1.00972 Rho 0 GRdif 5.67031 success 1458608 failure 419774 obj_new 1.00972 SA_pAcc 1.49369 Delta -0.0181765 SA_r 0.387477 freedomratio 0.341293
Iter 6000000 pBad 0.174921 T 8.58252e-07 Obj 1.00903 Rho 0 GRdif 5.26795 success 1544049 failure 553411 obj_new 1.00903 SA_pAcc 1 Delta 0.0109487 SA_r 0.581862 freedomratio 0.319346
Iter 6500000 pBad 0.10835 T 4.25372e-07 Obj 1.00868 Rho 0 GRdif 5.06661 success 1614914 failure 719700 obj_new 1.00868 SA_pAcc 1.05332 Delta 0.000289925 SA_r 0.796649 freedomratio 0.29581
Iter 7000000 pBad 0.06881 T 2.10826e-07 Obj 1.00844 Rho 0 GRdif 4.9599 success 1669582 failure 925777 obj_new 1.0085 SA_pAcc 1.6146e-117 Delta 0.000270486 SA_r 0.562372 freedomratio 0.26697
Iter 7500000 pBad 0.0398939 T 1.04491e-07 Obj 1.00829 Rho 0 GRdif 4.89862 success 1709427 failure 1172038 obj_new 1.00839 SA_pAcc 0 Delta 0.000265726 SA_r 0.471832 freedomratio 0.246218
Iter 8000000 pBad 0.0351165 T 5.17884e-08 Obj 1.00824 Rho 0 GRdif 4.81101 success 1736143 failure 1458191 obj_new 1.00824 SA_pAcc 1 Delta 0.00264497 SA_r 0.235323 freedomratio 0.228728
Iter 8500000 pBad 0.0165854 T 2.56677e-08 Obj 1.00821 Rho 0 GRdif 4.83908 success 1754911 failure 1771266 obj_new 1.00829 SA_pAcc 0 Delta -0.000124373 SA_r 0.805405 freedomratio 0.219723
Iter 9000000 pBad 0.0131202 T 1.27216e-08 Obj 1.0082 Rho 0 GRdif 4.7844 success 1768810 failure 2102364 obj_new 1.0082 SA_pAcc 3.28451e-07 Delta 0.000697615 SA_r 0.99381 freedomratio 0.211858
Iter 9500000 pBad 0.00814464 T 6.30516e-09 Obj 1.00819 Rho 0 GRdif 4.77914 success 1778538 failure 2445877 obj_new 1.00819 SA_pAcc 0.673029 Delta -1.21662e-05 SA_r 0.143848 freedomratio 0.20981
Iter 10000000 pBad 0.00990595 T 3.125e-09 Obj 1.00818 Rho 0 GRdif 4.7753 success 1785803 failure 2797924 obj_new 1.00818 SA_pAcc 1 Delta -0.000763762 SA_r 0.314491 freedomratio 0.20547
Cannot move further
iter 9.99996e+06 obj1.00818 rho 0 GRdif 4.7753
Training:
Lab Growth Rates:
0.617 0.5 0.4 0.4 0.42 0.55 0.54 0.58 0.1 0.09 0.47 0.636 0.4 0.38 0.45 0.4 0.54 0.43 0.23 0.23 0.47 0.23 0.4 0.53 0.56 0.43 0.58 0.485 0.2 0.4 0.42 0.42 0.3 0.56 0.52 0.648 0.65 0.4 0.1 0.17 0.55 0.56 0.5 0.3 0.37 0.46 0.5 0.47 0.485 0.33 0.4 1.67 0.48 0.1 0.54 0.33 0.41 0.5 0.4 0.58 0.4 0.5 0.59 0.6 0.42 0.23 0.4 0.58 1.05 0.4 0.25 0.55 0.5 0.11 1.483 0.47 0.47 0.38 0.4 0.53 0.65 1.03 0.59 0.23 0.4 1.345 0.53 0.4 0.43 0.42 0.59 0.686 0.377 0.51 0.37 0.43 0.25 0.47 0.37 0.4 0.22 0.25 0.4 0.17 0.56 0.54 0.45 0.4 0.37 1.4 0.56 0.22 0.4 0.45 0.1 0.48 0.54 0.58 0.59 0.686 0.53 0.46 0.34 0.56 0.4 0.42 0.56 0.5 0.46 0.68 0.59 0.47 0.4 0.48 0.52 0.54 0.4 0.465 1.483 0.4 0.58 0.38 0.481 0.37 0.5 0.4 0.635 0.19 0.648 1.483 0.55 0.09 0.4 0.901 0.54 0.42 0.47 0.5 1.483 0.65 0.5 0.68 0.54 0.476 0.42 0.59 0.47 0.4 0.635 0.31 0.58 0.4 1.345 0.46 0.43 1.05 0.36 0.54 0.59 0.43 0.43 0.56 1.345 0.31 0.58 0.4 0.37 0.5 0.27 0.5 0.46 0.71 0.47 0.59 0.53 1.42 0.33 0.71 0.37 0.37 0.71 0.25 0.48 0.33 0.3 0.27 0.47 0.11 0.43 0.53 1.46 1.248 0.762 0.3 0.54 0.47 0.39 0.59 0.55 0.4 0.476 0.7 0.47 0.4 0.5 0.33 0.22 0.648 0.36 0.53 0.47 0.47 0.53 0.3 0.637 0.377 0.42 0.47 0.37 0.36 1.46 0.42 0.5 0.48 1.05 0.65 0.465 0.46 0.22 0.4 0.45 0.54 0.5 0.5 1.345 0.4 0.4 0.36 0.41 0.58 0.4 1.35 0.41 0.27 0.27 0.4 0.51 1.345 0.43 0.54 0.47 0.22 0.3 0.56 0.54 0.41 0.53 0.46 0.1 0.22 0.45 0.5 0.46 1.248 0.2 0.37 0.7 0.33 0.23 0.58 1.483 0.3 0.54 0.5 0.56 0.4 0.53 1.248 0.3 0.65 0.45 1.46 0.635 0.901 0.56 0.56 0.36 0.25 0.25 0.4 0.5 1.483 0.42 0.45 0.59 0.37 0.39 0.55 0.58 0.42 0.4 0.45 0.901 0.4 0.485 1.483 0.55 0.45 0.5 0.7 0.53 0.36 0.58 0.5 0.54 0.46 0.5 0.5 0.54 0.6 0.48 0.43 0.2 0.4 0.41 0.46 0.5 0.686 0.52 0.32 0.46 0.39 0.59 0.52 0.58 0.39 0.481 1.66 0.637 0.901 0.52 0.46 0.4 0.54 0.762 0.301 0.4 1.345 0.55 0.47 0.33 0.47 0.53 0.5 0.42 0.56 0.3 0.58 0.54 0.485 0.45 0.46 0.42 0.54 0.54 0.54 0.6 0.46 0.3 0.4 0.476 0.46 1.345 0.54 0.27 0.37 0.23 0.45 0.56 0.46 0.301 0.42 0.34 0.17 0.65 0.14 0.4 0.53 0.47 0.46 0.51 0.42 0.4 1.345 0.37 0.49 0.68 0.33 0.4 1.38 0.4 0.4 0.55 0.4 0.34 0.45 0.41 0.59 1.483 0.5 1.43 0.46 1.248 0.49 0.48 0.25 0.43 0.5 0.27 0.45 1.483 1.345 1.67 0.724 0.41 0.58 0.56 0.5 1.49 0.4 0.5 0.55 0.45 1.66 0.5 0.58 0.4 0.636 1.345 0.52 0.3 1.483 0.4 0.11 0.19 0.37 0.65 0.33 0.53 0.7 0.58 0.65 1.248 0.49 0.58 0.48 0.47 0.37 0.68 0.4 0.52 1.345 0.47 0.301 0.45 0.38 0.54 0.3 0.59 0.68 0.59 0.23 0.56 0.465 0.54 0.38 0.3 0.4 1.46 0.47 0.23 0.36 0.22 0.59 0.5 0.724 0.4 0.42 0.14 0.36 0.58 0.54 0.45 0.39 0.19 0.1 0.52 0.43 1.345 0.39 0.4 0.54 0.52 0.45 0.31 0.5 0.46 0.54 0.52 0.6 0.41 0.55 0.45 0.58 0.637 0.4 0.46 1.05 0.4 1.05 0.32 0.52 0.53 0.636 0.4 0.65 0.1 0.377 0.22 0.36 0.901 0.47 0.32 0.58 0.37 0.901 0.46 0.25 0.41 0.4 0.3 0.1 1.43 0.5 0.5 0.52 1.483 0.56 1.44 0.54 0.4 0.481 0.762 1.483 0.56 0.48 0.45 0.09 0.4 0.1 0.762 0.42 0.724 0.59 0.55 0.4
Dot Production Prediction of Lab Growth Rates:
0.553273 0.339811 0.404525 0.401027 0.336253 0.459606 0.456533 0.294153 0.874547 0.339561 0.33366 0.723758 0.398841 0.3693 0.333347 0.403004 0.355544 0.349791 0.539052 0.405248 0.386833 0.535569 0.400597 0.345504 0.539145 0.394232 0.460327 0.568643 0.39446 0.401107 0.347289 0.323685 0.367065 0.528793 0.348121 0.706681 0.627284 0.399359 0.863405 0.286434 0.475737 0.522816 0.545155 0.43506 0.405498 0.314356 0.690555 0.472832 0.569728 0.429736 0.407302 1.35485 0.33606 0.410399 0.356631 0.31702 0.311931 0.476848 0.397942 0.461932 0.401072 0.458123 0.393115 0.459035 0.3241 0.536877 0.402898 0.359776 1.05001 0.401647 0.527049 0.558436 0.321251 0.323564 1.21376 0.407959 0.367425 0.350392 0.399707 0.469082 0.653261 1.38638 0.540473 0.545238 0.400231 1.24378 0.528197 0.39886 0.368123 0.310499 0.374966 0.716581 0.553408 0.387747 0.402917 0.371445 1.64441 0.331245 0.41206 0.400372 0.464934 0.31494 0.398531 0.389383 0.466727 0.35665 1.68474 0.404715 0.333733 1.39998 0.523772 0.474759 0.400677 0.373335 1.03717 0.295398 0.456398 0.452284 0.324004 0.713011 0.526778 0.361509 0.331823 0.547126 0.39843 0.351806 0.551618 0.323648 0.30368 0.390414 0.546955 0.368111 0.400506 0.33365 0.385598 0.312736 0.399352 0.567066 1.17205 0.400663 0.470024 0.363995 0.563295 0.397048 0.334354 0.398867 0.712198 0.303706 0.709167 1.19643 0.472963 0.379777 0.400971 1.25884 0.355595 0.3266 0.376514 0.564539 1.146 0.650895 0.364204 0.393776 0.380089 0.568319 0.593522 0.322311 0.382853 0.398732 0.711044 0.576898 0.472031 0.389969 1.22746 0.511774 0.394358 1.05302 0.389636 0.544212 0.324165 0.351927 0.422724 0.528793 1.21724 0.573706 0.4667 0.401513 0.401694 0.656758 0.366628 0.413121 0.50698 0.716818 0.337253 0.349015 0.525007 1.67121 0.315491 0.709614 0.404006 0.413665 0.721785 0.350583 0.285316 0.465436 0.469781 0.553513 0.343585 0.360111 0.456579 0.40308 1.04273 1.26385 1.41266 0.389819 0.368736 0.350474 0.31357 0.296033 0.549654 0.398884 0.56672 0.696087 0.360344 0.398594 0.381437 0.308869 0.401079 0.71163 0.357495 0.537142 0.417045 0.346439 0.348619 0.428477 0.711661 0.55294 0.353908 0.353936 0.497786 0.379501 1.5541 0.326161 0.690459 0.306684 1.04992 0.646958 0.567494 0.467114 0.361167 0.331044 1.63793 0.544322 0.38836 0.671836 1.15598 0.401788 0.402788 0.33714 0.380041 0.370843 0.400615 1.23723 0.379413 0.359384 0.366891 0.400309 0.368387 1.20022 0.375018 0.541509 0.359409 0.465322 0.367837 0.475842 0.304586 0.567841 0.506875 0.447423 0.41361 0.465621 0.343885 0.53087 0.385688 1.24691 0.366468 0.405088 0.717788 0.464199 0.537049 0.466374 1.14359 0.304611 0.400442 0.622877 0.523329 0.403274 0.394171 1.25156 0.311756 0.657041 1.60716 1.04346 0.710749 0.901001 0.478424 0.533337 0.372658 0.796488 0.469375 0.399904 0.313784 1.14897 0.318361 0.402062 0.542153 0.382395 0.333944 0.554042 0.463556 0.326397 0.404516 0.341087 0.901016 0.400769 0.566073 1.18408 0.471811 0.381964 0.61864 0.708886 0.318149 0.330322 0.369856 0.33329 0.445071 0.462901 0.639914 0.534949 0.375356 0.47699 0.325384 0.34033 0.382598 0.400788 0.569532 0.351774 0.635039 0.716523 0.374984 0.29599 0.442279 0.318208 0.54421 0.325776 0.342312 0.326467 0.563921 1.66 0.710687 0.892694 0.385372 0.434403 0.400742 0.444176 1.44245 0.569691 0.402106 1.19103 0.474235 0.382641 0.326677 0.350162 0.528529 0.466472 0.353776 0.46828 0.477279 0.472706 0.44321 0.562351 1.59647 0.461577 0.576225 0.332331 0.533976 0.358791 0.456199 0.474694 0.32254 0.342481 0.560138 0.411429 1.1708 0.314127 0.337785 0.379062 0.535041 1.59317 0.473514 0.459557 0.57552 0.608567 0.340451 0.289993 0.665159 0.140381 0.401973 0.396448 0.402865 0.429751 0.408339 0.382943 0.396714 1.208 0.410454 0.378896 0.395894 0.34061 0.396534 1.36236 0.404106 0.399638 0.47501 0.400341 0.332034 0.344259 0.566186 0.54396 1.1688 0.547153 1.27167 0.366255 1.24801 0.369118 0.351319 0.358327 0.383208 0.481029 0.303254 1.728 1.18674 1.22214 1.65474 0.718658 0.357527 0.463098 0.467358 0.461662 1.68474 0.402703 0.597296 0.538429 0.38278 1.65999 0.705295 0.371599 0.402104 0.722681 1.19085 0.332281 0.299363 1.16467 0.398292 0.357688 0.30964 0.424224 0.644885 0.348062 0.325085 0.697705 0.367825 0.649967 1.24379 0.355899 0.477165 0.339987 0.420608 0.399136 0.397591 0.400911 0.370127 1.14365 0.475274 0.573934 0.402048 0.32926 0.557565 0.439486 0.324877 0.392248 0.545879 0.406028 0.530143 0.561912 0.542213 0.317281 0.447149 0.400256 1.03704 0.361403 0.407349 0.353122 0.47167 0.355069 0.476145 0.723064 0.399031 0.375678 0.139693 0.406517 0.309192 0.441727 0.34237 0.339234 0.29212 1.53548 0.367146 0.35042 1.18361 0.3082 0.403233 0.53969 0.346105 1.68849 0.565008 0.617307 0.291175 0.338274 0.394133 0.473333 0.384346 0.540593 0.358855 0.45478 0.707284 0.402491 0.424253 1.04777 0.404939 1.52848 0.336952 0.360976 0.532786 0.715367 0.400881 0.62094 0.343271 0.556787 0.373491 0.316961 0.898089 0.353887 0.319412 0.364356 0.402854 0.883327 0.459942 0.344379 0.361849 0.401241 0.351034 0.977411 1.2817 0.353827 0.329442 0.387226 1.1749 0.541724 1.63834 0.350759 0.40536 0.560768 1.42514 1.18484 0.536035 0.338606 0.329757 0.445699 0.402471 0.807229 1.4553 0.340948 0.723986 0.544417 0.53953 0.402236
Testing:
Lab Growth Rates:
0.26 0.26 0.26
Dot Production Prediction of Lab Growth Rates:
0.550825 0.382148 0.418478
Best performance so far: 
Obj: 4.67747e-310Rho: 2.26291e-314Diff: 4.67747e-310
Anneal again with the best G and E so far as input
Cycle 2Round 1
Iter 500000 pBad 0.838059 T 0.00193604 Obj 1.0498 Rho 0 GRdif 28.4795 success 101934 failure 9379 obj_new 1.0498 SA_pAcc 0.970913 Delta 0.0231499 SA_r 0.105292 freedomratio 0.238405
Iter 1000000 pBad 0.815133 T 0.000959554 Obj 1.04162 Rho 0 GRdif 23.8928 success 202561 failure 21544 obj_new 1.04162 SA_pAcc 1.02618 Delta -0.0166248 SA_r 0.89268 freedomratio 0.24155
Iter 1500000 pBad 0.764791 T 0.000475581 Obj 1.03536 Rho 0 GRdif 20.3637 success 301691 failure 37506 obj_new 1.03536 SA_pAcc 1 Delta 0.0308863 SA_r 0.812745 freedomratio 0.235531
Iter 2000000 pBad 0.729257 T 0.00023571 Obj 1.03006 Rho 0 GRdif 17.3547 success 398977 failure 57302 obj_new 1.03006 SA_pAcc 1 Delta 0.0380792 SA_r 0.576835 freedomratio 0.239477
Iter 2500000 pBad 0.64454 T 0.000116824 Obj 1.02827 Rho 0 GRdif 16.3385 success 495235 failure 80935 obj_new 1.02827 SA_pAcc 1 Delta -0.0124891 SA_r 0.304977 freedomratio 0.240855
Iter 3000000 pBad 0.606205 T 5.79012e-05 Obj 1.02396 Rho 0 GRdif 13.8724 success 590743 failure 104988 obj_new 1.02396 SA_pAcc 0.585002 Delta 0.0449894 SA_r 0.221964 freedomratio 0.238308
Iter 3500000 pBad 0.55064 T 2.86974e-05 Obj 1.02118 Rho 0 GRdif 12.2838 success 684102 failure 134830 obj_new 1.02118 SA_pAcc 1 Delta 0.0337863 SA_r 0.120234 freedomratio 0.235247
Iter 4000000 pBad 0.457257 T 1.42232e-05 Obj 1.01941 Rho 0 GRdif 11.2675 success 776233 failure 167872 obj_new 1.01941 SA_pAcc 1 Delta -0.0140462 SA_r 0.864479 freedomratio 0.23487
Iter 4500000 pBad 0.419543 T 7.04938e-06 Obj 1.01719 Rho 0 GRdif 9.99042 success 863467 failure 210416 obj_new 1.01719 SA_pAcc 1 Delta -0.00761573 SA_r 0.143214 freedomratio 0.236195
Iter 5000000 pBad 0.30367 T 3.49386e-06 Obj 1.01306 Rho 0 GRdif 7.60223 success 943069 failure 269720 obj_new 1.01306 SA_pAcc 0.772554 Delta 0.0241294 SA_r 0.906173 freedomratio 0.223494
Iter 5500000 pBad 0.271537 T 1.73165e-06 Obj 1.01043 Rho 0 GRdif 6.07882 success 1020239 failure 337225 obj_new 1.01043 SA_pAcc 3.11464 Delta 0.0170899 SA_r 0.922376 freedomratio 0.228817
Iter 6000000 pBad 0.236761 T 8.58252e-07 Obj 1.0092 Rho 0 GRdif 5.36462 success 1092927 failure 413305 obj_new 1.0092 SA_pAcc 1 Delta -0.0212761 SA_r 0.425987 freedomratio 0.22643
Iter 6500000 pBad 0.140857 T 4.25372e-07 Obj 1.00867 Rho 0 GRdif 5.05616 success 1150860 failure 525513 obj_new 1.00867 SA_pAcc 1 Delta -0.00502774 SA_r 0.361624 freedomratio 0.213168
Iter 7000000 pBad 0.0906365 T 2.10826e-07 Obj 1.0083 Rho 0 GRdif 4.84419 success 1199984 failure 664673 obj_new 1.0083 SA_pAcc 1 Delta -0.00110433 SA_r 0.809937 freedomratio 0.196975
Iter 7500000 pBad 0.0510006 T 1.04491e-07 Obj 1.00814 Rho 0 GRdif 4.74869 success 1232543 failure 852879 obj_new 1.00814 SA_pAcc 1.75604 Delta 0.000979371 SA_r 0.952818 freedomratio 0.184975
Iter 8000000 pBad 0.0295858 T 5.17884e-08 Obj 1.00806 Rho 0 GRdif 4.70138 success 1257730 failure 1069310 obj_new 1.00806 SA_pAcc 1 Delta -0.00150177 SA_r 0.514207 freedomratio 0.176347
Iter 8500000 pBad 0.0241479 T 2.56677e-08 Obj 1.00801 Rho 0 GRdif 4.67278 success 1276896 failure 1311244 obj_new 1.00801 SA_pAcc 0.974453 Delta 3.75672e-05 SA_r 0.276303 freedomratio 0.167572
Iter 9000000 pBad 0.021033 T 1.27216e-08 Obj 1.00796 Rho 0 GRdif 4.64573 success 1293069 failure 1572284 obj_new 1.00796 SA_pAcc 6.18915e-33 Delta 0.00111306 SA_r 0.0697833 freedomratio 0.163687
Iter 9500000 pBad 0.017975 T 6.30516e-09 Obj 1.00792 Rho 0 GRdif 4.62064 success 1306264 failure 1853336 obj_new 1.00792 SA_pAcc 1 Delta 0.00138691 SA_r 0.088289 freedomratio 0.154904
Good enough
iter 1e+07 obj1.00789 rho 0 GRdif 4.60653
Training:
Lab Growth Rates:
0.617 0.5 0.4 0.4 0.42 0.55 0.54 0.58 0.1 0.09 0.47 0.636 0.4 0.38 0.45 0.4 0.54 0.43 0.23 0.23 0.47 0.23 0.4 0.53 0.56 0.43 0.58 0.485 0.2 0.4 0.42 0.42 0.3 0.56 0.52 0.648 0.65 0.4 0.1 0.17 0.55 0.56 0.5 0.3 0.37 0.46 0.5 0.47 0.485 0.33 0.4 1.67 0.48 0.1 0.54 0.33 0.41 0.5 0.4 0.58 0.4 0.5 0.59 0.6 0.42 0.23 0.4 0.58 1.05 0.4 0.25 0.55 0.5 0.11 1.483 0.47 0.47 0.38 0.4 0.53 0.65 1.03 0.59 0.23 0.4 1.345 0.53 0.4 0.43 0.42 0.59 0.686 0.377 0.51 0.37 0.43 0.25 0.47 0.37 0.4 0.22 0.25 0.4 0.17 0.56 0.54 0.45 0.4 0.37 1.4 0.56 0.22 0.4 0.45 0.1 0.48 0.54 0.58 0.59 0.686 0.53 0.46 0.34 0.56 0.4 0.42 0.56 0.5 0.46 0.68 0.59 0.47 0.4 0.48 0.52 0.54 0.4 0.465 1.483 0.4 0.58 0.38 0.481 0.37 0.5 0.4 0.635 0.19 0.648 1.483 0.55 0.09 0.4 0.901 0.54 0.42 0.47 0.5 1.483 0.65 0.5 0.68 0.54 0.476 0.42 0.59 0.47 0.4 0.635 0.31 0.58 0.4 1.345 0.46 0.43 1.05 0.36 0.54 0.59 0.43 0.43 0.56 1.345 0.31 0.58 0.4 0.37 0.5 0.27 0.5 0.46 0.71 0.47 0.59 0.53 1.42 0.33 0.71 0.37 0.37 0.71 0.25 0.48 0.33 0.3 0.27 0.47 0.11 0.43 0.53 1.46 1.248 0.762 0.3 0.54 0.47 0.39 0.59 0.55 0.4 0.476 0.7 0.47 0.4 0.5 0.33 0.22 0.648 0.36 0.53 0.47 0.47 0.53 0.3 0.637 0.377 0.42 0.47 0.37 0.36 1.46 0.42 0.5 0.48 1.05 0.65 0.465 0.46 0.22 0.4 0.45 0.54 0.5 0.5 1.345 0.4 0.4 0.36 0.41 0.58 0.4 1.35 0.41 0.27 0.27 0.4 0.51 1.345 0.43 0.54 0.47 0.22 0.3 0.56 0.54 0.41 0.53 0.46 0.1 0.22 0.45 0.5 0.46 1.248 0.2 0.37 0.7 0.33 0.23 0.58 1.483 0.3 0.54 0.5 0.56 0.4 0.53 1.248 0.3 0.65 0.45 1.46 0.635 0.901 0.56 0.56 0.36 0.25 0.25 0.4 0.5 1.483 0.42 0.45 0.59 0.37 0.39 0.55 0.58 0.42 0.4 0.45 0.901 0.4 0.485 1.483 0.55 0.45 0.5 0.7 0.53 0.36 0.58 0.5 0.54 0.46 0.5 0.5 0.54 0.6 0.48 0.43 0.2 0.4 0.41 0.46 0.5 0.686 0.52 0.32 0.46 0.39 0.59 0.52 0.58 0.39 0.481 1.66 0.637 0.901 0.52 0.46 0.4 0.54 0.762 0.301 0.4 1.345 0.55 0.47 0.33 0.47 0.53 0.5 0.42 0.56 0.3 0.58 0.54 0.485 0.45 0.46 0.42 0.54 0.54 0.54 0.6 0.46 0.3 0.4 0.476 0.46 1.345 0.54 0.27 0.37 0.23 0.45 0.56 0.46 0.301 0.42 0.34 0.17 0.65 0.14 0.4 0.53 0.47 0.46 0.51 0.42 0.4 1.345 0.37 0.49 0.68 0.33 0.4 1.38 0.4 0.4 0.55 0.4 0.34 0.45 0.41 0.59 1.483 0.5 1.43 0.46 1.248 0.49 0.48 0.25 0.43 0.5 0.27 0.45 1.483 1.345 1.67 0.724 0.41 0.58 0.56 0.5 1.49 0.4 0.5 0.55 0.45 1.66 0.5 0.58 0.4 0.636 1.345 0.52 0.3 1.483 0.4 0.11 0.19 0.37 0.65 0.33 0.53 0.7 0.58 0.65 1.248 0.49 0.58 0.48 0.47 0.37 0.68 0.4 0.52 1.345 0.47 0.301 0.45 0.38 0.54 0.3 0.59 0.68 0.59 0.23 0.56 0.465 0.54 0.38 0.3 0.4 1.46 0.47 0.23 0.36 0.22 0.59 0.5 0.724 0.4 0.42 0.14 0.36 0.58 0.54 0.45 0.39 0.19 0.1 0.52 0.43 1.345 0.39 0.4 0.54 0.52 0.45 0.31 0.5 0.46 0.54 0.52 0.6 0.41 0.55 0.45 0.58 0.637 0.4 0.46 1.05 0.4 1.05 0.32 0.52 0.53 0.636 0.4 0.65 0.1 0.377 0.22 0.36 0.901 0.47 0.32 0.58 0.37 0.901 0.46 0.25 0.41 0.4 0.3 0.1 1.43 0.5 0.5 0.52 1.483 0.56 1.44 0.54 0.4 0.481 0.762 1.483 0.56 0.48 0.45 0.09 0.4 0.1 0.762 0.42 0.724 0.59 0.55 0.4
Dot Production Prediction of Lab Growth Rates:
0.587404 0.322489 0.403763 0.400482 0.360953 0.459894 0.466268 0.277135 0.98144 0.350921 0.332139 0.711035 0.399393 0.376993 0.376844 0.402539 0.394273 0.356077 0.553706 0.418469 0.404077 0.552625 0.397282 0.309442 0.548849 0.460398 0.466923 0.49637 0.342303 0.401097 0.358492 0.335729 0.470228 0.553803 0.359308 0.690539 0.607657 0.399798 1.02394 0.307407 0.466356 0.5336 0.551475 0.536453 0.412178 0.357984 0.844664 0.532709 0.497407 0.451317 0.402905 1.37932 0.28735 0.473373 0.382446 0.321434 0.341366 0.472477 0.388769 0.467811 0.389028 0.466654 0.419445 0.552695 0.315935 0.561566 0.40185 0.330618 1.04894 0.400966 0.538883 0.556946 0.352555 0.335186 1.32018 0.397791 0.414071 0.293272 0.39409 0.538871 0.640717 1.33106 0.543136 0.557742 0.393887 1.37107 0.538757 0.395599 0.371857 0.324646 0.389073 0.706046 0.487951 0.40327 0.434532 0.401994 1.47529 0.295143 0.406789 0.392647 0.466903 0.296841 0.398753 0.423782 0.464706 0.3942 1.50789 0.400764 0.28005 1.39992 0.54158 0.467629 0.397636 0.316192 1.22052 0.287329 0.477873 0.467966 0.319621 0.702584 0.524483 0.34226 0.33927 0.546163 0.399298 0.344088 0.549204 0.352571 0.324706 0.329246 0.553928 0.409893 0.390946 0.363269 0.406156 0.275397 0.396953 0.499589 1.31772 0.395131 0.472807 0.376501 0.497452 0.40175 0.34066 0.400763 0.700737 0.29579 0.697387 1.36111 0.462984 0.403313 0.400197 1.17924 0.373304 0.34064 0.392841 0.552876 1.28235 0.649564 0.363352 0.33369 0.367309 0.500897 0.641308 0.291945 0.38871 0.397053 0.699037 0.639132 0.474659 0.397759 1.34462 0.578807 0.392525 1.04903 0.414871 0.539045 0.34022 0.345314 0.451797 0.549518 1.3544 0.616602 0.461068 0.399902 0.40783 0.788143 0.381132 0.431048 0.56352 0.704888 0.391262 0.329462 0.526205 1.52431 0.316293 0.704155 0.41247 0.410291 0.708806 0.360759 0.282718 0.536135 0.593445 0.62024 0.338378 0.358628 0.467056 0.370197 1.09674 1.24537 1.3404 0.401359 0.362286 0.361411 0.330505 0.310741 0.549158 0.394045 0.50223 0.716405 0.357248 0.397884 0.379995 0.319066 0.441103 0.696322 0.35266 0.546457 0.399443 0.347391 0.368731 0.533962 0.696728 0.489924 0.286524 0.322028 0.581715 0.374619 1.51537 0.339213 0.788852 0.332094 1.04999 0.64836 0.500944 0.465604 0.350303 0.307122 1.44361 0.539896 0.358212 0.815641 1.30184 0.398574 0.4028 0.344698 0.376326 0.359079 0.398876 1.08882 0.36255 0.362176 0.40135 0.395446 0.398712 1.30777 0.416778 0.538269 0.374135 0.469091 0.362285 0.468829 0.310631 0.492909 0.586899 0.443381 0.478482 0.461235 0.297539 0.534808 0.37992 1.24257 0.376205 0.407531 0.729616 0.490972 0.549451 0.462362 1.28538 0.299629 0.390077 0.734869 0.550922 0.391782 0.412833 1.24057 0.306684 0.656027 1.4228 1.05094 0.696748 0.900579 0.470095 0.552707 0.349857 0.942995 0.523095 0.398759 0.312711 1.30177 0.315173 0.434006 0.546222 0.396419 0.335371 0.555144 0.470866 0.341768 0.400079 0.35431 0.900233 0.402909 0.499139 1.3247 0.467463 0.409356 0.705754 0.727819 0.268573 0.337153 0.3851 0.327669 0.470229 0.46259 0.776391 0.5328 0.405163 0.583453 0.346103 0.337719 0.390354 0.400108 0.488514 0.334506 0.762239 0.70787 0.372194 0.312825 0.448649 0.294897 0.544837 0.337998 0.344952 0.292728 0.499253 1.62952 0.693886 0.90051 0.385994 0.449563 0.39961 0.464377 1.34725 0.491285 0.397879 1.32664 0.467978 0.392739 0.324959 0.33665 0.529365 0.467924 0.306505 0.466872 0.593992 0.476722 0.463408 0.496431 1.45901 0.459763 0.644194 0.339407 0.536135 0.379823 0.546812 0.539839 0.309719 0.322885 0.498638 0.421155 1.28721 0.325372 0.338843 0.383775 0.545415 1.42545 0.472034 0.453269 0.490376 0.659443 0.31019 0.314349 0.659528 0.139881 0.401078 0.423276 0.421824 0.452592 0.426567 0.360806 0.38663 1.33949 0.409593 0.398798 0.332015 0.343476 0.38733 1.3582 0.402482 0.39109 0.476531 0.389102 0.3357 0.340346 0.49464 0.558727 1.31086 0.53872 1.1287 0.348413 1.24227 0.369845 0.338514 0.351538 0.389554 0.472556 0.268753 1.51219 1.33356 1.36514 1.50194 0.709558 0.345735 0.461123 0.465676 0.467576 1.50789 0.400366 0.708698 0.547071 0.386482 1.62603 0.80879 0.390731 0.399911 0.7204 1.34446 0.314262 0.293989 1.31043 0.399653 0.383514 0.297151 0.453456 0.647028 0.361644 0.292648 0.71507 0.347345 0.65271 1.23903 0.375891 0.473221 0.308447 0.478292 0.400116 0.331268 0.401195 0.35302 1.29663 0.520501 0.489598 0.416978 0.284089 0.551711 0.557205 0.328286 0.329914 0.545014 0.419224 0.534783 0.499313 0.550909 0.283254 0.544275 0.401373 1.04696 0.367497 0.419609 0.347801 0.474257 0.340716 0.475818 0.707596 0.396877 0.39552 0.141471 0.410567 0.317667 0.462161 0.325797 0.32309 0.293998 1.38271 0.391067 0.349658 1.33633 0.321872 0.402777 0.539628 0.359901 1.46973 0.633609 0.704598 0.304297 0.370474 0.354823 0.575942 0.391355 0.553272 0.368806 0.450898 0.693902 0.402828 0.433082 1.04905 0.401659 1.45262 0.346909 0.344072 0.545131 0.706248 0.395055 0.626594 0.347198 0.493935 0.395585 0.307317 0.896756 0.361933 0.327752 0.396535 0.408483 0.900337 0.453392 0.359795 0.337172 0.400827 0.452774 1.1446 1.10221 0.355106 0.32861 0.354649 1.31466 0.542007 1.49191 0.345236 0.402222 0.498144 1.34634 1.3363 0.545997 0.33004 0.350206 0.455129 0.39785 0.949598 1.32861 0.368711 0.708907 0.545519 0.549798 0.405154
Testing:
Lab Growth Rates:
0.26 0.26 0.26
Dot Production Prediction of Lab Growth Rates:
0.629003 0.385068 0.488054
Best performance so far: 
Obj: 4.67747e-310Rho: 6.5069e-314Diff: 4.67747e-310
Test:
 Lab Growth Rates:
0.26 0.26 0.26Dot Product Prediction of Growth Rate:
0.6290033 0.3850683 0.4880544