seed =  5 traits =  1 
Training: part  87 
Training: part  87 
Round  1 
 Goal of obj  0.99 
Temperature range:  0.0078125 1.5625e-09 
Cycle 1Round 1
Iter 500000 pBad 0.907768 T 0.00361279 Obj 1.11995 Rho 0 GRdif 66.4995 success 147392 failure 6494 obj_new 1.11995 SA_pAcc 1.08304 Delta 0.0829834 SA_r 0.782093 freedomratio 0.366417
Iter 1000000 pBad 0.877527 T 0.00167068 Obj 1.09921 Rho 0 GRdif 55.5233 success 293722 failure 16120 obj_new 1.09921 SA_pAcc 1.17421 Delta 0.0827801 SA_r 0.687646 freedomratio 0.366188
Iter 1500000 pBad 0.827083 T 0.000772583 Obj 1.07692 Rho 0 GRdif 43.4981 success 439105 failure 28739 obj_new 1.07692 SA_pAcc 0.75545 Delta -0.0810985 SA_r 0.124858 freedomratio 0.367564
Iter 2000000 pBad 0.791772 T 0.00035727 Obj 1.04513 Rho 0 GRdif 25.9096 success 582158 failure 47342 obj_new 1.04513 SA_pAcc 1.03314 Delta 0.0107478 SA_r 0.996559 freedomratio 0.369415
Iter 2500000 pBad 0.774573 T 0.000165215 Obj 1.02958 Rho 0 GRdif 17.112 success 723992 failure 68972 obj_new 1.02958 SA_pAcc 1.27765 Delta 0.0720924 SA_r 0.809482 freedomratio 0.362346
Iter 3000000 pBad 0.681038 T 7.64011e-05 Obj 1.02264 Rho 0 GRdif 13.1426 success 863825 failure 94706 obj_new 1.02264 SA_pAcc 1.17461 Delta 0.0672138 SA_r 0.494954 freedomratio 0.361453
Iter 3500000 pBad 0.621224 T 3.53306e-05 Obj 1.01806 Rho 0 GRdif 10.5089 success 1001318 failure 125666 obj_new 1.01806 SA_pAcc 0.882289 Delta -0.055451 SA_r 0.209523 freedomratio 0.359902
Iter 4000000 pBad 0.517429 T 1.63381e-05 Obj 1.01548 Rho 0 GRdif 9.01483 success 1136876 failure 160940 obj_new 1.01548 SA_pAcc 0.809423 Delta 0.0343121 SA_r 0.120903 freedomratio 0.364596
Iter 4500000 pBad 0.428018 T 7.55534e-06 Obj 1.01319 Rho 0 GRdif 7.69075 success 1262121 failure 213685 obj_new 1.01319 SA_pAcc 0.82224 Delta -0.030603 SA_r 0.0140723 freedomratio 0.363243
Iter 5000000 pBad 0.309129 T 3.49386e-06 Obj 1.01128 Rho 0 GRdif 6.58308 success 1376340 failure 287591 obj_new 1.01128 SA_pAcc 0.54007 Delta 0.0170167 SA_r 0.517373 freedomratio 0.343275
Iter 5500000 pBad 0.237653 T 1.61569e-06 Obj 1.00987 Rho 0 GRdif 5.76471 success 1478080 failure 387133 obj_new 1.00987 SA_pAcc 1 Delta 0.0153163 SA_r 0.557244 freedomratio 0.342075
Iter 6000000 pBad 0.166855 T 7.47152e-07 Obj 1.00931 Rho 0 GRdif 5.43973 success 1558353 failure 531447 obj_new 1.00931 SA_pAcc 0.398175 Delta 0.00276422 SA_r 0.559811 freedomratio 0.318848
Iter 6500000 pBad 0.109766 T 3.4551e-07 Obj 1.00904 Rho 0 GRdif 5.28115 success 1620863 failure 716279 obj_new 1.00904 SA_pAcc 0.0192232 Delta 0.000328788 SA_r 0.709205 freedomratio 0.289448
Iter 7000000 pBad 0.0533597 T 1.59776e-07 Obj 1.00886 Rho 0 GRdif 5.25214 success 1666066 failure 944956 obj_new 1.00899 SA_pAcc 0 Delta -0.00509079 SA_r 0.251358 freedomratio 0.263347
Iter 7500000 pBad 0.0480714 T 7.38862e-08 Obj 1.00879 Rho 0 GRdif 5.13671 success 1697273 failure 1213128 obj_new 1.00879 SA_pAcc 0.82796 Delta 0.000591139 SA_r 0.348964 freedomratio 0.244992
Iter 8000000 pBad 0.0202067 T 3.41676e-08 Obj 1.00874 Rho 0 GRdif 5.11019 success 1719247 failure 1511116 obj_new 1.00874 SA_pAcc 0.000168443 Delta -0.00193857 SA_r 0.101243 freedomratio 0.227079
Iter 8500000 pBad 0.0137255 T 1.58003e-08 Obj 1.00872 Rho 0 GRdif 5.09933 success 1734773 failure 1831987 obj_new 1.00872 SA_pAcc 1 Delta 0.00118497 SA_r 0.577838 freedomratio 0.217569
Iter 9000000 pBad 0.0105845 T 7.30664e-09 Obj 1.00871 Rho 0 GRdif 5.09339 success 1745302 failure 2172237 obj_new 1.00871 SA_pAcc 2.38454e-10 Delta 0.000771592 SA_r 0.394821 freedomratio 0.21199
Iter 9500000 pBad 0.00528585 T 3.37885e-09 Obj 1.00871 Rho 0 GRdif 5.08998 success 1752957 failure 2522558 obj_new 1.00871 SA_pAcc 1.37148e-80 Delta -0.000172 SA_r 0.850373 freedomratio 0.204887
Iter 10000000 pBad 0.0034275 T 1.5625e-09 Obj 1.0087 Rho 0 GRdif 5.09324 success 1757841 failure 2882472 obj_new 1.00871 SA_pAcc 0 Delta -9.90882e-05 SA_r 0.382915 freedomratio 0.204458
Cannot move further
iter 9.99989e+06 obj1.0087 rho 0 GRdif 5.08751
Training:
Lab Growth Rates:
1.42 0.55 0.45 0.38 0.47 0.56 0.48 0.4 0.59 0.45 0.47 0.51 0.52 0.54 1.345 0.377 0.71 0.4 0.68 0.42 0.26 0.1 1.66 0.37 1.345 0.48 0.58 0.5 0.635 0.7 1.46 0.42 0.54 0.55 0.4 0.51 0.5 0.56 0.32 0.301 0.485 0.3 0.5 1.46 0.47 0.4 1.03 0.11 0.4 0.686 0.55 0.19 0.45 0.5 0.4 0.4 0.4 0.901 0.485 0.56 0.1 0.2 0.686 1.345 0.38 0.56 0.4 0.1 0.65 0.47 0.4 0.71 0.36 0.617 0.4 0.58 0.37 0.22 0.54 0.46 0.43 0.09 0.56 1.67 0.59 0.54 0.46 0.901 0.14 0.724 0.49 0.34 0.56 0.41 0.56 0.59 0.34 0.4 0.43 0.5 0.46 0.58 0.5 0.31 0.3 0.901 0.4 0.47 0.36 0.52 0.56 0.37 0.46 0.4 1.483 0.58 0.46 1.38 0.4 0.46 1.483 0.58 0.27 1.483 0.45 0.23 0.37 0.45 0.58 0.4 0.5 0.55 0.6 1.05 0.54 0.5 0.5 0.476 0.55 0.5 1.49 0.4 0.33 0.5 0.53 0.4 0.4 0.5 0.45 0.481 0.58 0.3 0.47 0.46 0.48 0.46 0.52 0.36 0.36 0.4 0.68 0.1 0.42 0.23 0.54 0.1 0.648 0.45 0.59 0.42 0.7 0.4 1.345 0.54 0.4 0.4 0.4 0.47 0.45 0.54 0.45 0.25 0.65 0.53 0.56 0.4 0.65 0.53 1.345 0.4 0.5 0.4 1.44 0.45 0.38 1.483 0.47 0.377 0.4 0.43 0.4 0.17 0.762 0.58 0.19 0.42 0.54 0.5 0.33 1.46 0.43 0.47 0.53 0.4 0.45 0.42 0.485 0.4 1.345 1.483 0.58 0.59 0.54 0.33 0.3 0.45 0.43 0.37 0.31 0.23 0.4 0.636 1.483 0.39 0.65 0.4 0.37 1.345 0.23 0.48 0.47 0.37 0.54 0.4 0.46 0.686 0.53 0.55 0.54 0.46 0.53 1.345 0.49 0.48 0.38 0.32 0.1 0.2 0.33 0.53 0.3 0.45 0.47 0.52 0.724 0.4 0.59 0.4 0.43 0.56 0.34 0.5 0.22 0.42 0.52 0.41 0.33 1.483 0.41 0.4 0.3 0.33 0.46 0.68 0.23 0.22 0.4 0.3 0.4 0.27 1.248 0.59 0.42 0.762 0.5 1.05 0.53 0.4 0.09 0.26 0.23 0.41 0.27 0.52 0.48 0.58 0.54 1.345 0.39 0.39 0.4 1.483 1.248 0.41 0.481 0.47 0.53 0.37 0.36 0.42 0.42 0.43 0.47 0.635 0.48 0.45 0.3 0.41 0.648 0.37 0.5 0.52 0.54 0.476 0.55 0.5 1.248 0.17 0.4 0.5 0.54 1.05 0.43 0.53 0.481 0.54 0.5 0.26 0.54 0.59 0.47 0.47 1.483 0.25 0.36 0.5 0.56 0.17 0.5 0.59 0.43 0.59 0.47 0.901 0.901 1.483 0.25 0.47 0.52 0.25 0.4 0.53 0.42 1.43 0.11 0.59 0.901 0.56 0.56 0.45 0.14 0.65 0.4 0.11 0.59 0.54 0.47 0.46 0.54 0.5 1.345 1.46 0.4 0.4 0.46 0.56 0.52 1.345 0.46 0.25 1.66 0.4 0.301 0.7 1.05 0.4 0.42 1.483 0.36 0.47 0.43 0.4 0.53 0.47 0.5 0.53 0.5 0.724 0.52 0.37 0.5 0.47 0.46 0.4 0.68 0.71 0.33 0.55 0.55 0.58 1.483 0.54 0.53 0.68 0.23 0.22 0.41 0.45 0.65 0.41 0.4 0.1 0.54 0.46 0.51 0.37 0.58 0.46 0.54 0.37 0.37 0.37 0.648 0.762 0.25 0.54 0.49 0.58 0.48 0.56 1.345 0.09 0.1 0.58 0.25 0.5 0.52 0.42 0.41 0.46 0.39 0.38 0.46 0.465 0.476 0.52 0.4 1.248 0.637 1.35 0.4 0.43 0.42 0.33 0.59 0.1 0.47 0.22 0.5 0.4 0.3 0.59 0.42 0.27 0.27 0.58 0.4 0.3 0.59 0.3 0.55 0.4 0.22 0.37 0.54 1.43 0.39 0.42 0.58 0.4 0.762 0.637 0.635 0.301 0.31 0.4 0.56 0.32 0.3 0.45 0.6 1.05 0.5 0.42 0.47 0.46 0.42 0.2 0.636 0.465 0.23 0.5 0.58 0.636 0.58 0.3 0.5 0.55 0.45 0.25 1.248 0.377 0.65 0.36 0.65 0.5 0.39 0.23 0.46 0.58 0.4 0.55 0.5 0.5 0.4 0.4 0.6 0.465 0.4 0.56 0.54 0.58 0.19 0.54 0.22 0.7 0.54 0.58 0.45 0.43 0.637 0.4 0.56 0.65 0.37 0.33 0.22 0.59 0.47 0.36 0.48 0.27 0.485 0.3 0.54 0.6 0.53
Dot Production Prediction of Lab Growth Rates:
1.50316 0.550416 0.396627 0.379922 0.350113 0.541388 0.317647 0.40731 0.538029 0.420512 0.429794 0.398496 0.412909 0.436743 0.903564 0.471211 0.715826 0.395559 0.41092 0.354746 0.373196 0.469059 1.66 0.415569 0.966335 0.329769 0.467951 0.356351 0.713377 0.60904 1.02261 0.414555 0.393223 0.545094 0.400559 0.376463 0.35859 0.533952 0.344067 0.46755 0.475936 0.308505 0.54379 1.02161 0.425525 0.400683 1.36691 0.35564 0.402072 0.722045 0.543497 0.330031 0.361328 0.504369 0.4021 0.404237 0.403285 0.90673 0.484305 0.539027 1.44862 0.423233 0.722838 0.934053 0.378514 0.469119 0.405746 0.464556 0.651493 0.448296 0.403586 0.717862 0.331443 0.582105 0.35987 0.379742 0.424516 0.459418 0.542161 0.391631 0.370819 0.341993 0.548209 1.51606 0.397565 0.339267 0.456852 0.90541 0.140007 0.723982 0.3533 0.32864 0.469205 0.376077 0.538962 0.323914 0.32621 0.406403 0.434269 0.471763 0.515511 0.478453 0.468809 0.556525 0.409245 0.901 0.400153 0.429718 0.397346 0.348265 0.541497 0.430337 0.470484 0.403538 0.919173 0.475879 0.425195 1.34595 0.406836 0.451605 0.885888 0.475098 0.326891 0.910454 1.53195 0.536591 0.411915 1.57664 0.32864 0.40133 0.522705 0.551524 0.344023 1.05 0.532433 0.359393 0.36561 0.48491 0.438513 0.562281 1.53195 0.39846 0.329987 0.33101 0.528878 0.431099 0.404291 0.352636 0.365448 0.479946 0.46765 0.307496 0.353932 0.459884 0.333717 0.431262 0.395657 0.344776 0.382181 0.404707 0.403722 0.639318 0.318373 0.422008 0.398146 0.791683 0.709757 0.388082 0.349109 0.358341 0.60491 0.404901 0.872809 0.545814 0.409498 0.40079 0.405826 0.423593 1.49121 0.454876 1.52706 0.522099 0.644448 0.411823 0.546672 0.39949 2.02125 0.388798 0.97649 0.397723 0.475139 0.405156 1.54664 1.48626 0.32307 0.863905 0.413413 0.47013 0.400873 0.42559 0.405088 0.346897 0.827446 0.372282 0.323433 0.568459 0.442938 0.38253 0.37329 1.68441 0.403305 0.421148 0.533906 0.403997 1.49284 0.3265 0.47536 0.397969 0.936842 0.915439 0.479383 0.349459 0.382365 0.317668 0.358949 0.365531 0.346452 0.400385 0.544625 0.530608 0.403899 0.721944 0.924256 0.324113 0.647949 0.404933 0.387998 0.957878 0.422373 0.346479 0.366218 0.415445 0.355877 0.401694 0.426418 0.722235 0.547231 0.440344 0.377889 0.352229 0.494711 0.955674 0.382232 0.330975 0.330407 0.326428 0.958946 0.385484 0.334368 0.390077 0.327942 1.46049 0.353882 0.370514 0.718866 0.399922 0.554831 0.404449 0.414359 0.47719 0.336516 0.32976 0.453669 0.344107 0.394573 0.349363 0.495982 0.909895 0.476833 0.39806 0.339144 0.417656 0.492832 0.40936 0.419636 0.347142 0.406242 0.290988 0.407382 0.36659 0.889801 0.326372 0.372128 0.815814 0.399509 1.05 0.540495 0.402928 0.41974 0.457254 0.537287 0.471947 0.400921 0.370578 0.331531 0.459553 0.36198 0.872317 0.340304 0.339716 0.405032 0.863923 0.889879 0.36727 0.48045 0.411601 0.314622 0.398964 0.340567 0.364597 0.347595 0.451528 0.363056 0.71109 0.346819 0.392677 0.35365 0.322678 0.714437 0.424736 0.595133 0.409471 0.544021 0.48564 0.44831 0.526475 0.898994 0.402986 0.405532 0.517926 0.314831 1.05186 0.462616 0.529674 0.482155 0.375578 0.319357 0.54475 0.391364 0.54886 0.391256 0.357422 0.896966 0.641724 0.350354 0.476811 0.538982 0.341264 0.477592 0.341274 0.349293 0.387246 0.475526 0.90098 0.847107 0.951417 0.377024 0.3805 0.36546 1.49798 0.407573 0.340139 0.377759 1.19605 0.365432 0.550532 0.901498 0.544487 0.537731 0.405757 0.140104 0.618939 0.400051 0.336034 0.543159 0.33419 0.350982 0.470631 0.456605 0.53875 0.964506 1.02505 0.401493 0.397241 0.353344 0.466871 0.346378 0.875347 0.51824 0.328525 1.66 0.359204 0.465403 0.603983 1.0377 0.398863 0.545863 0.939286 0.351385 0.380853 0.370764 0.401815 0.342105 0.44446 0.326996 0.350775 0.492994 0.721016 0.357156 0.420547 0.564803 0.481507 0.458279 0.40689 0.410091 0.721631 0.355815 0.548208 0.442468 0.331749 0.952295 0.420601 0.52919 0.405021 0.538486 0.406016 0.385383 0.368999 0.667231 0.47816 0.398137 0.780669 0.363572 0.465444 0.410037 0.518613 0.473282 0.448023 0.548822 0.400019 0.423317 0.413284 0.711845 0.830683 0.501316 0.450878 0.373303 0.365103 0.326489 0.47134 0.942513 0.381961 0.39148 0.466864 0.38442 0.588463 0.363177 0.376343 0.36741 0.359908 0.321509 0.339954 0.333097 0.48557 0.487722 0.3938 0.405679 0.892938 0.715609 1.12217 0.394553 0.438287 0.324185 0.368765 0.340511 0.867557 0.340268 0.372497 0.517791 0.404867 0.371521 0.540704 0.362496 0.366498 0.576466 0.4763 0.404285 0.329629 0.331895 0.2986 0.443399 0.406254 0.465085 0.418392 0.533947 1.18639 0.357172 0.356494 0.350082 0.407556 0.840447 0.713398 0.713883 0.467015 0.549249 0.403178 0.474506 0.321177 0.300399 0.392487 0.349248 1.7166 0.588216 0.551606 0.35128 0.311995 0.367399 0.411968 0.720327 0.484158 0.535052 0.598092 0.469366 0.717646 0.476089 0.435143 0.471927 0.428267 0.378075 0.389616 0.892425 0.470174 0.653304 0.399403 2.09689 0.536884 0.318752 0.534415 0.313669 0.373218 0.407321 0.55078 0.525086 0.334106 0.40015 0.398002 0.357047 0.484072 0.404438 0.544546 0.349934 0.312959 0.34015 0.537475 0.458323 0.605446 0.443163 0.345691 0.370785 0.358091 0.70936 0.399571 0.537626 2.1143 0.321408 0.443434 0.45942 0.543855 0.405311 0.353804 0.327131 0.393237 0.485221 0.32712 0.422944 0.345603 0.531862
Testing:
Lab Growth Rates:
1.67 1.4
Dot Production Prediction of Lab Growth Rates:
1.46216 1.51314
Best performance so far: 
Obj: 4.6509e-310Rho: 2.26291e-314Diff: 4.6509e-310
Anneal again with the best G and E so far as input
Cycle 2Round 1
Iter 500000 pBad 0.892671 T 0.00361279 Obj 1.15011 Rho 0 GRdif 82.0953 success 103852 failure 6094 obj_new 1.15011 SA_pAcc 1 Delta 0.0666813 SA_r 0.0185293 freedomratio 0.241763
Iter 1000000 pBad 0.838609 T 0.00167068 Obj 1.10812 Rho 0 GRdif 60.2623 success 206303 failure 14956 obj_new 1.10812 SA_pAcc 1 Delta 0.00331356 SA_r 0.766847 freedomratio 0.242262
Iter 1500000 pBad 0.788851 T 0.000772583 Obj 1.09558 Rho 0 GRdif 53.585 success 307187 failure 27874 obj_new 1.09558 SA_pAcc 1 Delta 0.0316504 SA_r 0.0257831 freedomratio 0.241763
Iter 2000000 pBad 0.71194 T 0.00035727 Obj 1.05141 Rho 0 GRdif 29.4265 success 405236 failure 47991 obj_new 1.05141 SA_pAcc 1.49438 Delta 0.0673355 SA_r 0.477646 freedomratio 0.236694
Iter 2500000 pBad 0.667593 T 0.000165215 Obj 1.03592 Rho 0 GRdif 20.7142 success 500547 failure 74149 obj_new 1.03592 SA_pAcc 0.991816 Delta 0.0207943 SA_r 0.692591 freedomratio 0.241763
Iter 3000000 pBad 0.598705 T 7.64011e-05 Obj 1.0327 Rho 0 GRdif 18.886 success 594819 failure 104469 obj_new 1.0327 SA_pAcc 1 Delta -0.0360828 SA_r 0.388526 freedomratio 0.238618
Iter 3500000 pBad 0.573398 T 3.53306e-05 Obj 1.02825 Rho 0 GRdif 16.3541 success 687527 failure 138523 obj_new 1.02825 SA_pAcc 1 Delta 0.0394488 SA_r 0.0997325 freedomratio 0.240574
Iter 4000000 pBad 0.558634 T 1.63381e-05 Obj 1.0221 Rho 0 GRdif 12.8308 success 780259 failure 171874 obj_new 1.0221 SA_pAcc 1 Delta 0.0310033 SA_r 0.184053 freedomratio 0.236312
Iter 4500000 pBad 0.447311 T 7.55534e-06 Obj 1.01708 Rho 0 GRdif 9.93904 success 872129 failure 209306 obj_new 1.01708 SA_pAcc 1 Delta 0.0267832 SA_r 0.0486057 freedomratio 0.232937
Iter 5000000 pBad 0.39642 T 3.49386e-06 Obj 1.01326 Rho 0 GRdif 7.73031 success 962062 failure 249009 obj_new 1.01326 SA_pAcc 1.00108 Delta -0.000211246 SA_r 0.0357896 freedomratio 0.236885
Iter 5500000 pBad 0.234944 T 1.61569e-06 Obj 1.00981 Rho 0 GRdif 5.73011 success 1046777 failure 300803 obj_new 1.00981 SA_pAcc 1 Delta -0.0194298 SA_r 0.950029 freedomratio 0.224474
Iter 6000000 pBad 0.168144 T 7.47152e-07 Obj 1.00891 Rho 0 GRdif 5.20429 success 1111154 failure 396867 obj_new 1.00891 SA_pAcc 1 Delta -0.00139228 SA_r 0.0439107 freedomratio 0.219275
Iter 6500000 pBad 0.12926 T 3.4551e-07 Obj 1.00871 Rho 0 GRdif 5.09174 success 1161286 failure 527679 obj_new 1.00871 SA_pAcc 1 Delta -0.00300655 SA_r 0.820646 freedomratio 0.209269
Iter 7000000 pBad 0.0673361 T 1.59776e-07 Obj 1.00863 Rho 0 GRdif 5.04461 success 1198667 failure 694002 obj_new 1.00863 SA_pAcc 2.20283e-05 Delta 0.00574874 SA_r 0.330633 freedomratio 0.196848
Iter 7500000 pBad 0.0415376 T 7.38862e-08 Obj 1.00855 Rho 0 GRdif 4.99957 success 1227901 failure 890622 obj_new 1.00855 SA_pAcc 1 Delta -0.00275716 SA_r 0.277354 freedomratio 0.187301
Iter 8000000 pBad 0.0324553 T 3.41676e-08 Obj 1.00851 Rho 0 GRdif 4.97497 success 1249058 failure 1118199 obj_new 1.00851 SA_pAcc 1 Delta 0.00290179 SA_r 0.257384 freedomratio 0.17686
Iter 8500000 pBad 0.017013 T 1.58003e-08 Obj 1.00849 Rho 0 GRdif 4.9636 success 1263595 failure 1374469 obj_new 1.00849 SA_pAcc 2.92522e-59 Delta 0.00167711 SA_r 0.126544 freedomratio 0.168581
Iter 9000000 pBad 0.011523 T 7.30664e-09 Obj 1.00848 Rho 0 GRdif 4.95548 success 1273918 failure 1646873 obj_new 1.00848 SA_pAcc 1 Delta -0.000769003 SA_r 0.0714378 freedomratio 0.164841
Iter 9500000 pBad 0.00614473 T 3.37885e-09 Obj 1.00847 Rho 0 GRdif 4.95226 success 1281074 failure 1933874 obj_new 1.00847 SA_pAcc 1 Delta 0.000438896 SA_r 0.438769 freedomratio 0.159902
Good enough
iter 9.99995e+06 obj1.00847 rho 0 GRdif 4.94971
Training:
Lab Growth Rates:
1.42 0.55 0.45 0.38 0.47 0.56 0.48 0.4 0.59 0.45 0.47 0.51 0.52 0.54 1.345 0.377 0.71 0.4 0.68 0.42 0.26 0.1 1.66 0.37 1.345 0.48 0.58 0.5 0.635 0.7 1.46 0.42 0.54 0.55 0.4 0.51 0.5 0.56 0.32 0.301 0.485 0.3 0.5 1.46 0.47 0.4 1.03 0.11 0.4 0.686 0.55 0.19 0.45 0.5 0.4 0.4 0.4 0.901 0.485 0.56 0.1 0.2 0.686 1.345 0.38 0.56 0.4 0.1 0.65 0.47 0.4 0.71 0.36 0.617 0.4 0.58 0.37 0.22 0.54 0.46 0.43 0.09 0.56 1.67 0.59 0.54 0.46 0.901 0.14 0.724 0.49 0.34 0.56 0.41 0.56 0.59 0.34 0.4 0.43 0.5 0.46 0.58 0.5 0.31 0.3 0.901 0.4 0.47 0.36 0.52 0.56 0.37 0.46 0.4 1.483 0.58 0.46 1.38 0.4 0.46 1.483 0.58 0.27 1.483 0.45 0.23 0.37 0.45 0.58 0.4 0.5 0.55 0.6 1.05 0.54 0.5 0.5 0.476 0.55 0.5 1.49 0.4 0.33 0.5 0.53 0.4 0.4 0.5 0.45 0.481 0.58 0.3 0.47 0.46 0.48 0.46 0.52 0.36 0.36 0.4 0.68 0.1 0.42 0.23 0.54 0.1 0.648 0.45 0.59 0.42 0.7 0.4 1.345 0.54 0.4 0.4 0.4 0.47 0.45 0.54 0.45 0.25 0.65 0.53 0.56 0.4 0.65 0.53 1.345 0.4 0.5 0.4 1.44 0.45 0.38 1.483 0.47 0.377 0.4 0.43 0.4 0.17 0.762 0.58 0.19 0.42 0.54 0.5 0.33 1.46 0.43 0.47 0.53 0.4 0.45 0.42 0.485 0.4 1.345 1.483 0.58 0.59 0.54 0.33 0.3 0.45 0.43 0.37 0.31 0.23 0.4 0.636 1.483 0.39 0.65 0.4 0.37 1.345 0.23 0.48 0.47 0.37 0.54 0.4 0.46 0.686 0.53 0.55 0.54 0.46 0.53 1.345 0.49 0.48 0.38 0.32 0.1 0.2 0.33 0.53 0.3 0.45 0.47 0.52 0.724 0.4 0.59 0.4 0.43 0.56 0.34 0.5 0.22 0.42 0.52 0.41 0.33 1.483 0.41 0.4 0.3 0.33 0.46 0.68 0.23 0.22 0.4 0.3 0.4 0.27 1.248 0.59 0.42 0.762 0.5 1.05 0.53 0.4 0.09 0.26 0.23 0.41 0.27 0.52 0.48 0.58 0.54 1.345 0.39 0.39 0.4 1.483 1.248 0.41 0.481 0.47 0.53 0.37 0.36 0.42 0.42 0.43 0.47 0.635 0.48 0.45 0.3 0.41 0.648 0.37 0.5 0.52 0.54 0.476 0.55 0.5 1.248 0.17 0.4 0.5 0.54 1.05 0.43 0.53 0.481 0.54 0.5 0.26 0.54 0.59 0.47 0.47 1.483 0.25 0.36 0.5 0.56 0.17 0.5 0.59 0.43 0.59 0.47 0.901 0.901 1.483 0.25 0.47 0.52 0.25 0.4 0.53 0.42 1.43 0.11 0.59 0.901 0.56 0.56 0.45 0.14 0.65 0.4 0.11 0.59 0.54 0.47 0.46 0.54 0.5 1.345 1.46 0.4 0.4 0.46 0.56 0.52 1.345 0.46 0.25 1.66 0.4 0.301 0.7 1.05 0.4 0.42 1.483 0.36 0.47 0.43 0.4 0.53 0.47 0.5 0.53 0.5 0.724 0.52 0.37 0.5 0.47 0.46 0.4 0.68 0.71 0.33 0.55 0.55 0.58 1.483 0.54 0.53 0.68 0.23 0.22 0.41 0.45 0.65 0.41 0.4 0.1 0.54 0.46 0.51 0.37 0.58 0.46 0.54 0.37 0.37 0.37 0.648 0.762 0.25 0.54 0.49 0.58 0.48 0.56 1.345 0.09 0.1 0.58 0.25 0.5 0.52 0.42 0.41 0.46 0.39 0.38 0.46 0.465 0.476 0.52 0.4 1.248 0.637 1.35 0.4 0.43 0.42 0.33 0.59 0.1 0.47 0.22 0.5 0.4 0.3 0.59 0.42 0.27 0.27 0.58 0.4 0.3 0.59 0.3 0.55 0.4 0.22 0.37 0.54 1.43 0.39 0.42 0.58 0.4 0.762 0.637 0.635 0.301 0.31 0.4 0.56 0.32 0.3 0.45 0.6 1.05 0.5 0.42 0.47 0.46 0.42 0.2 0.636 0.465 0.23 0.5 0.58 0.636 0.58 0.3 0.5 0.55 0.45 0.25 1.248 0.377 0.65 0.36 0.65 0.5 0.39 0.23 0.46 0.58 0.4 0.55 0.5 0.5 0.4 0.4 0.6 0.465 0.4 0.56 0.54 0.58 0.19 0.54 0.22 0.7 0.54 0.58 0.45 0.43 0.637 0.4 0.56 0.65 0.37 0.33 0.22 0.59 0.47 0.36 0.48 0.27 0.485 0.3 0.54 0.6 0.53
Dot Production Prediction of Lab Growth Rates:
1.55875 0.545871 0.384808 0.375025 0.38557 0.541719 0.303353 0.403884 0.536597 0.418595 0.448445 0.42486 0.392206 0.440303 0.98045 0.457663 0.715906 0.393905 0.574427 0.334889 0.323701 0.45323 1.66 0.429303 1.00112 0.371709 0.46406 0.324225 0.720803 0.616107 1.0161 0.379787 0.392322 0.544413 0.398608 0.404998 0.320976 0.53339 0.349303 0.464255 0.466299 0.364613 0.542706 0.981799 0.4166 0.399568 1.48297 0.392917 0.396129 0.721303 0.544168 0.341066 0.324397 0.619066 0.400098 0.400623 0.400349 0.900999 0.464764 0.549059 1.41715 0.409969 0.720489 0.998401 0.360433 0.462564 0.40382 0.447416 0.656144 0.455498 0.401203 0.72447 0.333571 0.617028 0.346456 0.370358 0.438036 0.470904 0.536673 0.41771 0.37282 0.356498 0.545549 1.47207 0.410669 0.340653 0.460021 0.902742 0.139675 0.72324 0.376769 0.315496 0.462854 0.406303 0.532405 0.308579 0.326828 0.402996 0.40303 0.459491 0.533155 0.464082 0.459395 0.559931 0.379244 0.902309 0.398227 0.409017 0.439012 0.361116 0.54702 0.45826 0.462479 0.400819 0.963563 0.464649 0.468207 1.37993 0.40014 0.449886 0.96346 0.466673 0.302554 0.984238 1.51787 0.550388 0.425984 1.50804 0.328907 0.400399 0.626489 0.545582 0.416879 1.05006 0.542322 0.36029 0.363311 0.462392 0.459736 0.702138 1.51787 0.398717 0.342481 0.319173 0.534559 0.403787 0.402251 0.394029 0.346806 0.463469 0.462077 0.306948 0.350281 0.460863 0.332497 0.43383 0.398351 0.350569 0.350606 0.40051 0.571369 0.82774 0.315232 0.445459 0.391 0.800156 0.71099 0.357379 0.354477 0.364584 0.624038 0.400483 0.97285 0.54967 0.400154 0.401294 0.402078 0.36925 1.43964 0.461722 1.47528 0.553225 0.650151 0.437499 0.545783 0.399803 0.628198 0.418525 1.01121 0.398066 0.466649 0.402605 1.49637 1.46107 0.300946 0.96838 0.437049 0.458408 0.400195 0.384447 0.402584 0.322273 0.765066 0.409212 0.350275 0.582116 0.445298 0.375918 0.391052 1.6853 0.423859 0.371723 0.537461 0.401832 1.44987 0.344689 0.464166 0.394647 0.997126 0.987881 0.458499 0.34218 0.397934 0.326351 0.425741 0.348037 0.366879 0.440494 0.556859 0.550813 0.403017 0.721281 0.963308 0.351998 0.646662 0.401287 0.417412 1.00414 0.445645 0.322281 0.363447 0.426379 0.357858 0.400448 0.439582 0.722545 0.536565 0.45536 0.420062 0.398196 0.506817 0.997518 0.404843 0.345034 0.325632 0.33688 0.955539 0.336678 0.317425 0.39226 0.396427 1.45479 0.389017 0.376189 0.720337 0.398595 0.548054 0.40253 0.396121 0.463817 0.344039 0.32995 0.465711 0.331385 0.369382 0.362613 0.511702 0.969129 0.461513 0.395032 0.409389 0.450604 0.507824 0.576847 0.44415 0.377558 0.40364 0.334521 0.40525 0.378568 0.82673 0.313753 0.36135 0.764442 0.391526 1.05205 0.528608 0.401448 0.462155 0.452064 0.546516 0.460916 0.396267 0.407396 0.323272 0.455099 0.390051 0.966046 0.316361 0.379904 0.400781 0.959648 0.823038 0.35874 0.465894 0.411136 0.295153 0.371071 0.331547 0.359672 0.358421 0.420591 0.35688 0.718471 0.331519 0.407167 0.42935 0.326537 0.71676 0.437195 0.72803 0.395851 0.538851 0.464875 0.456723 0.532346 0.827424 0.451678 0.403544 0.613856 0.323581 1.05 0.46421 0.531875 0.465266 0.411181 0.337261 0.552925 0.364266 0.544997 0.342162 0.353464 0.96802 0.772897 0.327033 0.459615 0.541164 0.347421 0.465807 0.341521 0.382916 0.38576 0.466916 0.901822 0.807342 0.972875 0.334607 0.361037 0.383467 1.49137 0.403574 0.334849 0.33738 1.1907 0.393346 0.545637 0.898145 0.549227 0.548777 0.40951 0.140346 0.629472 0.399033 0.346081 0.538264 0.33128 0.367156 0.461203 0.462405 0.555244 1.00454 1.01206 0.399539 0.398058 0.372202 0.468959 0.406323 0.952478 0.545238 0.303548 1.66 0.329788 0.462735 0.623748 0.975108 0.40011 0.565797 0.985141 0.364337 0.409483 0.3771 0.39946 0.362462 0.429342 0.336736 0.355371 0.587351 0.721686 0.359527 0.433684 0.665641 0.484001 0.454808 0.397263 0.578037 0.718821 0.373511 0.546076 0.456295 0.35147 0.975516 0.397293 0.533784 0.573946 0.542397 0.448045 0.38116 0.39372 0.661534 0.463807 0.399394 0.815848 0.355027 0.459079 0.432937 0.546839 0.464497 0.437866 0.546675 0.366709 0.436759 0.427247 0.712966 0.766391 0.527158 0.456753 0.375177 0.349738 0.337693 0.461816 0.982453 0.380549 0.39466 0.459791 0.338387 0.698111 0.352187 0.387161 0.409455 0.396932 0.306441 0.318483 0.339119 0.463159 0.465847 0.391427 0.402235 0.826912 0.715848 1.1276 0.397836 0.427796 0.321653 0.380509 0.343571 0.886972 0.386292 0.409678 0.602842 0.404681 0.336812 0.537854 0.325262 0.337894 0.580261 0.463041 0.399971 0.403382 0.31456 0.298554 0.457914 0.400498 0.471892 0.432118 0.540635 1.19087 0.324433 0.326231 0.3863 0.403467 0.771649 0.715827 0.719415 0.463456 0.563938 0.402128 0.461595 0.296577 0.300174 0.3349 0.419206 1.77816 0.679571 0.571693 0.379991 0.318273 0.338044 0.408655 0.727833 0.461325 0.546788 0.712379 0.464181 0.717581 0.464652 0.426386 0.462735 0.446467 0.344223 0.338032 0.824534 0.455868 0.649833 0.416312 0.649118 0.559462 0.348174 0.540701 0.306227 0.376467 0.402903 0.548099 0.531999 0.359127 0.395516 0.396901 0.429472 0.46243 0.402582 0.551938 0.338143 0.328425 0.355804 0.546617 0.47447 0.617715 0.445816 0.382521 0.371371 0.387331 0.714058 0.398694 0.545387 0.652672 0.300983 0.484923 0.472151 0.544526 0.371544 0.37447 0.308313 0.370974 0.465413 0.399781 0.397519 0.415268 0.541928
Testing:
Lab Growth Rates:
1.67 1.4
Dot Production Prediction of Lab Growth Rates:
1.46578 1.48569
Best performance so far: 
Obj: 4.6509e-310Rho: 6.5069e-314Diff: 4.6509e-310
Test:
 Lab Growth Rates:
1.67 1.4Dot Product Prediction of Growth Rate:
1.465775 1.485687