seed =  5 traits =  1 
Training: part  75 
Training: part  75 
Round  1 
 Goal of obj  0.99 
Temperature range:  0.00390625 1.25e-14 
Cycle 1Round 1
Iter 500000 pBad 0.828178 T 0.00103996 Obj 1.06874 Rho 0 GRdif 39.0226 success 146133 failure 11894 obj_new 1.06874 SA_pAcc 1.08378 Delta -0.0459697 SA_r 0.413998 freedomratio 0.357709
Iter 1000000 pBad 0.759479 T 0.00027687 Obj 1.03203 Rho 0 GRdif 18.5053 success 287975 failure 33252 obj_new 1.03203 SA_pAcc 0.908674 Delta 0.0258435 SA_r 0.174959 freedomratio 0.378466
Iter 1500000 pBad 0.665246 T 7.37112e-05 Obj 1.02724 Rho 0 GRdif 15.7733 success 426888 failure 61011 obj_new 1.02724 SA_pAcc 1 Delta 0.0208855 SA_r 0.854933 freedomratio 0.366875
Iter 2000000 pBad 0.575699 T 1.96242e-05 Obj 1.01993 Rho 0 GRdif 11.5849 success 563495 failure 94368 obj_new 1.01993 SA_pAcc 1 Delta -0.0366974 SA_r 0.421191 freedomratio 0.356622
Iter 2500000 pBad 0.435893 T 5.22455e-06 Obj 1.01496 Rho 0 GRdif 8.71383 success 693623 failure 138742 obj_new 1.01496 SA_pAcc 1.12005 Delta -0.0174411 SA_r 0.316689 freedomratio 0.356406
Iter 3000000 pBad 0.267895 T 1.39093e-06 Obj 1.0097 Rho 0 GRdif 5.66709 success 805975 failure 218549 obj_new 1.0097 SA_pAcc 1.03057 Delta 0.0159922 SA_r 0.5255 freedomratio 0.328483
Iter 3500000 pBad 0.167742 T 3.70308e-07 Obj 1.00862 Rho 0 GRdif 5.03853 success 897694 failure 341225 obj_new 1.00862 SA_pAcc 5.40035 Delta -0.0156366 SA_r 0.361719 freedomratio 0.307652
Iter 4000000 pBad 0.072893 T 9.85873e-08 Obj 1.00829 Rho 0 GRdif 4.84742 success 954777 failure 540612 obj_new 1.00829 SA_pAcc 1 Delta -4.80011e-05 SA_r 0.927201 freedomratio 0.271132
Iter 4500000 pBad 0.0257956 T 2.62469e-08 Obj 1.00819 Rho 0 GRdif 4.78573 success 986824 failure 809269 obj_new 1.00819 SA_pAcc 0.164996 Delta -0.00224072 SA_r 0.52227 freedomratio 0.233865
Iter 5000000 pBad 0.0191014 T 6.98773e-09 Obj 1.00814 Rho 0 GRdif 4.75981 success 1006599 failure 1120921 obj_new 1.00814 SA_pAcc 1 Delta 0.00108747 SA_r 0.369152 freedomratio 0.216605
Iter 5500000 pBad 0.00566789 T 1.86035e-09 Obj 1.00813 Rho 0 GRdif 4.75155 success 1016231 failure 1467173 obj_new 1.00813 SA_pAcc 1 Delta 0.000120429 SA_r 0.351659 freedomratio 0.204032
Iter 6000000 pBad 0.00254457 T 4.9528e-10 Obj 1.00812 Rho 0 GRdif 4.75 success 1021728 failure 1829743 obj_new 1.00812 SA_pAcc 0 Delta -0.000164395 SA_r 0.430706 freedomratio 0.200068
Iter 6500000 pBad 0.00226581 T 1.31859e-10 Obj 1.00812 Rho 0 GRdif 4.74759 success 1024725 failure 2200481 obj_new 1.00812 SA_pAcc 0 Delta 3.9697e-05 SA_r 0.429136 freedomratio 0.198445
Iter 7000000 pBad 0.00185399 T 3.51048e-11 Obj 1.00812 Rho 0 GRdif 4.74722 success 1026675 failure 2575424 obj_new 1.00812 SA_pAcc 0 Delta 1.86874e-05 SA_r 0.854942 freedomratio 0.196584
Iter 7500000 pBad 0.000643911 T 9.34595e-12 Obj 1.00812 Rho 0 GRdif 4.75405 success 1028146 failure 2953039 obj_new 1.00813 SA_pAcc 0 Delta -3.54051e-05 SA_r 0.594331 freedomratio 0.195797
Iter 8000000 pBad 0.000232236 T 2.48818e-12 Obj 1.00812 Rho 0 GRdif 4.74538 success 1029202 failure 3331760 obj_new 1.00812 SA_pAcc 1 Delta -9.34486e-06 SA_r 0.264741 freedomratio 0.195406
Iter 8500000 pBad 0.000127365 T 6.62428e-13 Obj 1.00812 Rho 0 GRdif 4.75072 success 1032830 failure 3701057 obj_new 1.00813 SA_pAcc 0 Delta 3.91588e-06 SA_r 0.639726 freedomratio 0.192333
Iter 9000000 pBad 4.36518e-27 T 1.76358e-13 Obj 1.00812 Rho 0 GRdif 4.91883 success 1034501 failure 4013093 obj_new 1.00841 SA_pAcc 0 Delta -3.20583e-28 SA_r 0.38691 freedomratio 0.179018
Iter 9500000 pBad 3.04954e-198 T 4.6952e-14 Obj 1.00812 Rho 0 GRdif 4.74514 success 1034501 failure 4307621 obj_new 1.00812 SA_pAcc 1 Delta -1.04651e-199 SA_r 0.086377 freedomratio 0.178854
Iter 10000000 pBad 0 T 1.25e-14 Obj 1.00812 Rho 0 GRdif 4.74516 success 1034501 failure 4617135 obj_new 1.00812 SA_pAcc 0 Delta -0 SA_r 0.771596 freedomratio 0.092821
Cannot move further
iter 8.69681e+06 obj1.00812 rho 0 GRdif 4.74514
Training:
Lab Growth Rates:
0.59 0.48 0.47 0.46 0.4 0.686 1.483 0.48 1.345 0.58 0.4 0.56 0.55 0.27 0.724 0.43 0.59 0.36 0.46 0.45 0.53 0.43 0.5 0.55 0.23 1.483 0.56 0.42 0.47 0.47 0.3 0.39 0.56 0.1 0.41 0.37 0.45 0.33 0.1 0.49 0.7 0.5 1.248 0.45 0.1 0.59 0.46 0.4 0.4 0.45 0.54 0.58 0.36 0.5 0.42 0.58 0.33 0.43 0.476 0.46 1.345 0.59 0.5 1.345 0.4 1.483 0.5 0.5 1.483 0.59 0.37 0.68 0.23 0.38 0.46 1.46 0.3 0.58 0.31 0.52 0.4 0.54 0.1 0.686 0.7 0.37 0.46 0.52 0.25 0.58 0.54 0.47 0.36 0.476 0.5 0.37 0.4 0.27 0.65 0.71 0.617 1.248 0.4 0.54 0.53 0.377 0.25 0.4 0.4 0.46 0.4 0.41 1.345 0.68 0.68 1.483 0.47 1.345 0.4 0.65 1.345 0.45 0.42 0.19 0.4 1.49 0.59 0.58 0.5 0.3 0.485 0.65 0.51 0.3 0.22 0.5 0.25 0.56 0.58 0.485 0.52 0.59 0.51 1.483 0.68 0.43 0.47 0.4 0.47 0.5 0.52 0.485 0.33 0.53 0.59 0.48 0.5 0.11 1.248 0.4 0.43 0.7 0.45 0.42 1.03 0.56 0.36 0.43 0.5 1.05 0.45 0.52 0.58 0.4 0.41 0.4 0.56 0.4 0.52 1.345 0.36 0.58 1.46 0.5 0.377 0.56 0.6 0.54 0.56 0.52 0.17 0.5 0.4 0.4 0.37 0.39 0.65 0.37 0.25 0.3 1.46 0.476 0.4 0.4 1.345 0.37 0.4 0.54 0.54 0.42 0.49 0.23 0.25 0.65 0.59 0.11 0.4 0.54 0.55 0.53 0.39 0.54 0.54 0.56 0.46 0.37 0.637 0.6 0.23 0.55 0.65 0.22 0.59 0.54 0.55 0.58 0.686 0.4 0.53 0.58 0.481 0.58 0.636 0.22 0.47 0.4 0.4 0.4 0.27 0.3 0.56 0.26 0.54 0.45 0.14 0.4 0.53 0.4 0.4 0.59 0.58 0.5 0.19 0.55 0.46 0.37 0.53 0.4 0.901 0.4 0.56 0.3 0.11 0.65 0.45 0.42 0.46 0.42 0.43 1.66 0.4 0.54 0.52 0.42 0.37 0.71 0.648 0.34 0.22 0.481 0.33 0.37 0.33 0.42 0.4 0.43 0.5 0.47 0.46 0.4 0.4 0.54 0.38 0.33 0.38 0.7 0.47 0.45 0.23 0.47 0.54 0.23 0.48 0.635 0.54 1.483 0.58 0.1 0.48 0.59 0.5 0.1 0.52 1.345 0.65 0.1 1.483 0.2 0.4 0.58 0.4 0.47 0.36 0.36 0.4 0.09 0.53 0.23 1.67 0.762 0.54 0.56 1.483 0.47 0.58 0.4 0.27 0.45 0.23 0.301 0.43 0.59 0.5 0.58 0.3 0.4 0.4 0.37 1.4 1.05 1.483 0.54 0.41 0.52 0.4 0.55 1.38 0.5 0.5 0.32 0.09 0.481 0.39 0.37 0.3 0.38 0.465 0.42 0.45 0.5 0.5 0.42 0.42 0.53 0.47 0.47 0.26 0.71 0.636 0.34 0.22 0.59 0.25 0.4 0.22 0.41 0.42 0.5 0.5 0.53 0.55 0.3 0.46 0.45 0.19 0.47 0.65 0.41 1.42 0.55 0.47 0.53 0.465 0.3 0.56 0.637 0.5 0.301 0.636 0.43 0.2 0.09 1.05 0.3 0.47 0.52 0.41 0.54 0.33 0.901 0.55 0.5 0.54 0.58 0.46 0.54 0.47 0.43 0.54 0.26 0.39 0.4 0.17 0.42 0.485 0.901 0.5 0.48 0.4 0.55 0.23 0.5 0.53 0.52 0.31 0.901 0.47 0.1 0.59 0.4 0.42 0.32 0.47 1.05 0.4 0.47 0.54 1.483 0.27 0.53 0.55 0.48 0.46 0.45 0.32 1.345 0.3 0.47 0.53 0.22 0.4 0.22 0.59 0.5 0.45 0.43 0.42 0.724 0.6 0.46 0.4 0.53 0.58 0.762 0.46 0.46 0.4 0.54 0.54 0.48 0.36 0.54 0.377 0.5 0.56 0.39 1.44 0.1 0.45 0.46 1.35 0.2 0.54 1.345 0.762 0.54 1.05 0.56 0.42 0.25 0.37 0.762 0.3 0.635 0.56 1.248 0.648 0.38 0.17 0.5 0.724 1.46 0.4 0.37 0.46 0.34 0.14 0.56 0.41 0.37 0.5 0.4 0.4 0.51 0.648 0.46 0.6 0.301 1.483 0.25 0.4 1.345 0.68 0.49 0.4 1.248 0.56 0.58 0.901 0.33 0.47 0.41 0.465 0.4 0.4 0.4 0.635 0.45 0.4 0.637 0.5 1.67 0.901 0.4 0.42 0.4 0.58 0.45 0.45 0.33 0.31 0.48 1.66 0.27 0.36 0.46 0.5
Dot Production Prediction of Lab Growth Rates:
0.334591 0.347447 0.334423 0.459956 0.396996 0.725612 1.12588 0.353578 1.17181 0.346488 0.405656 0.537146 0.430509 0.304975 0.721175 0.367046 0.545162 0.380548 0.45721 0.353637 0.527296 0.441328 0.606909 0.557871 0.443939 1.11698 0.548261 0.346098 0.405856 0.405603 0.247322 0.349541 0.467398 1.10576 0.395673 0.428278 0.378931 0.447093 1.10101 0.390189 0.700399 0.624904 0.892846 1.51466 1.37805 0.54475 0.386982 0.403392 0.403555 1.42988 0.540447 0.467008 0.426341 0.552133 0.326936 0.472855 0.497708 0.442002 0.569923 0.453322 1.11815 0.550291 0.334486 1.10641 0.400607 1.12638 0.469034 0.478195 1.11505 0.417071 0.419656 0.435476 0.544507 0.324496 0.31913 1.02 0.335119 0.473239 0.59173 0.395199 0.398882 0.302601 0.451488 0.72418 0.699935 0.464008 0.460239 0.389831 0.536652 0.47036 0.429162 0.444908 0.34941 0.573 0.534251 0.429803 0.405321 0.357701 0.689002 0.719218 0.547802 0.891604 0.400424 0.33305 0.425463 0.566459 0.368103 0.393405 0.398231 0.407642 0.398922 0.568385 1.10355 0.430571 0.433531 1.11007 0.409609 1.14156 0.40482 0.651457 1.08791 0.402684 0.305035 0.328796 0.405077 1.51466 0.549561 0.471322 0.675922 0.577533 0.560145 0.623259 0.392401 0.488004 0.445245 0.541815 0.800397 0.473643 0.36857 0.567468 0.358666 0.548827 0.423338 1.13682 0.435342 0.375696 0.345962 0.397285 0.378519 0.546268 0.368605 0.561315 0.328729 0.396716 0.312129 0.307418 0.713543 0.371898 0.896106 0.396712 0.396822 0.695975 0.33588 0.39017 1.39116 0.47655 0.355727 0.417894 0.331228 1.00448 0.340514 0.354518 0.359145 0.40159 0.342351 0.40411 0.54589 0.404273 0.370974 1.14685 0.332796 0.387363 1.01788 0.329224 0.566461 0.5315 0.579712 0.454715 0.467292 0.371894 0.337283 0.53423 0.39344 0.402508 0.422065 0.301864 0.649901 0.424524 0.312576 0.535847 1.00701 0.571355 0.397956 0.404408 1.0746 0.403493 0.394666 0.454432 0.539992 0.334711 0.368648 0.539656 0.549144 0.680732 0.345593 0.376948 0.399984 0.551593 0.43895 0.546737 0.317865 0.30796 0.364751 0.542511 0.432751 0.399834 0.714646 0.562186 0.538942 0.548566 0.646929 0.468028 0.546999 0.539778 0.436466 0.467291 0.723114 0.406339 0.334367 0.473712 0.566229 0.383413 0.721779 0.460406 0.352953 0.399988 0.403101 0.331716 0.61227 0.587331 0.543533 0.477016 0.435142 0.406534 0.139877 0.40421 0.530939 0.398687 0.407511 0.344758 0.469316 0.333031 0.32702 0.554538 0.463487 0.319596 0.534085 0.404959 0.860104 0.405625 0.46914 0.252752 0.326804 0.636997 1.4146 0.386691 0.458038 0.343039 0.471799 1.64962 0.402466 0.394787 0.391669 0.633642 0.435713 0.725393 0.718041 0.324751 0.384715 0.56772 0.361114 0.57356 0.329161 0.308675 0.405528 0.420685 0.355641 0.498076 0.561549 0.404215 0.400187 0.400807 0.380445 0.330623 0.334575 0.703311 0.481479 1.42119 0.539192 0.423987 0.445867 0.543163 0.329531 0.717856 0.389913 1.08781 0.332497 0.46105 0.341354 0.349484 0.334096 1.34232 0.381342 1.15506 0.659555 1.1965 1.07723 0.385353 0.399849 0.464583 0.401575 0.350506 0.337204 0.35816 0.391137 0.382844 0.525866 0.442277 1.44826 0.848014 0.546139 0.537418 1.09551 0.35375 0.467301 0.406929 0.39312 1.43939 0.542024 0.567045 0.411146 0.327077 0.374968 0.32353 0.410184 0.40148 0.401459 0.426853 1.44288 1.05 1.10689 0.362196 0.381261 0.34887 0.403776 0.549414 1.34173 0.640339 0.387558 0.320135 0.335426 0.565382 0.314075 0.433913 0.551623 0.322312 0.568891 0.34828 0.323182 0.589812 0.461726 0.371161 0.352942 0.357246 0.491657 0.423527 0.594152 0.721345 0.714839 0.340351 0.348721 0.544252 1.45252 0.420218 0.466739 0.567951 0.350099 0.368239 0.422935 0.525145 0.43864 0.534658 0.352004 0.329831 0.319209 0.354372 0.649765 0.564103 1.49177 0.444132 0.357978 0.552556 0.572222 0.530623 0.544701 0.717033 0.661323 0.569357 0.722596 0.341589 0.425584 0.462065 1.0501 0.244307 0.354016 0.405107 0.377119 0.534575 0.370324 0.901913 0.552315 0.471828 0.408829 0.456386 0.306974 0.386518 0.374884 0.368057 0.363991 0.388605 0.348455 0.402977 0.434594 0.608786 0.571595 0.904714 0.629187 0.327241 0.338083 0.420333 0.4432 0.320143 0.336961 0.411631 0.602701 0.903487 0.410941 0.344503 0.397967 0.398017 0.317357 0.355671 0.41583 1.62283 0.403287 0.392481 0.538496 1.1124 0.397806 0.498558 0.550622 0.29801 0.463482 0.386531 0.306666 1.14456 0.435441 0.364452 0.407503 0.476054 0.406086 0.473297 0.329417 0.476928 1.49749 0.352141 0.356469 0.723407 0.557149 0.29833 0.394854 0.286253 0.301107 0.839678 0.530689 0.540905 0.402745 0.381203 0.386097 0.299266 0.408063 0.352355 0.56557 0.705594 0.467892 0.309242 1.48974 0.818486 0.428469 0.37041 1.20858 0.415965 0.425456 1.15204 0.849834 0.405067 1.05 0.538955 0.615492 0.376125 0.408958 0.842143 0.380839 0.715699 0.530941 0.889267 0.708881 0.37754 0.330861 0.343662 0.723956 1.58022 0.397187 0.438732 0.336663 0.323376 0.140013 0.550236 0.3597 0.427586 0.68868 0.392238 0.400384 0.400672 0.714034 0.46001 0.559784 0.568197 1.09292 0.371962 0.402382 1.14774 0.43582 0.366571 0.404046 0.893098 0.545769 0.464855 0.9005 0.362667 0.371932 0.320945 0.573764 0.403719 0.402527 0.40001 0.716658 0.434507 0.39856 0.714099 0.46596 1.43371 0.900973 0.397975 0.350255 0.404793 0.36494 1.4027 0.371913 0.535896 0.598196 0.29583 1.66 0.366452 0.343156 0.448865 0.710407
Testing:
Lab Growth Rates:
1.43 1.43
Dot Production Prediction of Lab Growth Rates:
1.25579 1.28159
Best performance so far: 
Obj: 4.64041e-310Rho: 2.26291e-314Diff: 4.64041e-310
Anneal again with the best G and E so far as input
Cycle 2Round 1
Iter 500000 pBad 0.79774 T 0.00103996 Obj 1.05954 Rho 0 GRdif 33.951 success 108214 failure 11095 obj_new 1.05954 SA_pAcc 1 Delta 0.0131102 SA_r 0.831061 freedomratio 0.253345
Iter 1000000 pBad 0.74229 T 0.00027687 Obj 1.03488 Rho 0 GRdif 20.1249 success 212638 failure 29807 obj_new 1.03488 SA_pAcc 1 Delta 0.01426 SA_r 0.739595 freedomratio 0.254443
Iter 1500000 pBad 0.651569 T 7.37112e-05 Obj 1.02832 Rho 0 GRdif 16.395 success 315612 failure 52647 obj_new 1.02832 SA_pAcc 0.344173 Delta 0.0091421 SA_r 0.316116 freedomratio 0.259965
Iter 2000000 pBad 0.553977 T 1.96242e-05 Obj 1.02012 Rho 0 GRdif 11.6918 success 414936 failure 85045 obj_new 1.02012 SA_pAcc 1.96129 Delta 0.0509683 SA_r 0.858938 freedomratio 0.249575
Iter 2500000 pBad 0.401737 T 5.22455e-06 Obj 1.01672 Rho 0 GRdif 9.73074 success 510615 failure 125056 obj_new 1.01672 SA_pAcc 1.0568 Delta 0.040042 SA_r 0.607805 freedomratio 0.253564
Iter 3000000 pBad 0.242337 T 1.39093e-06 Obj 1.01138 Rho 0 GRdif 6.64178 success 593277 failure 195305 obj_new 1.01138 SA_pAcc 1 Delta -0.0221449 SA_r 0.60647 freedomratio 0.234612
Iter 3500000 pBad 0.158865 T 3.70308e-07 Obj 1.00976 Rho 0 GRdif 5.70173 success 661960 failure 298115 obj_new 1.00976 SA_pAcc 0.0281267 Delta -0.0027163 SA_r 0.628102 freedomratio 0.222686
Iter 4000000 pBad 0.0830062 T 9.85873e-08 Obj 1.00901 Rho 0 GRdif 5.27011 success 708921 failure 457246 obj_new 1.00902 SA_pAcc 5.8318e-59 Delta -0.00230269 SA_r 0.434277 freedomratio 0.202833
Iter 4500000 pBad 0.0417622 T 2.62469e-08 Obj 1.00858 Rho 0 GRdif 5.01558 success 742440 failure 669186 obj_new 1.00858 SA_pAcc 0.256682 Delta -0.00114077 SA_r 0.100285 freedomratio 0.179018
Iter 5000000 pBad 0.0130691 T 6.98773e-09 Obj 1.00843 Rho 0 GRdif 4.92933 success 761278 failure 941717 obj_new 1.00843 SA_pAcc 2.49044e-12 Delta 0.000178545 SA_r 0.0756012 freedomratio 0.163282
Iter 5500000 pBad 0.0093383 T 1.86035e-09 Obj 1.00838 Rho 0 GRdif 4.89841 success 772364 failure 1250483 obj_new 1.00838 SA_pAcc 4.64594e-97 Delta -0.000271026 SA_r 0.76163 freedomratio 0.156492
Iter 6000000 pBad 0.00367136 T 4.9528e-10 Obj 1.00836 Rho 0 GRdif 4.8854 success 779416 failure 1580242 obj_new 1.00836 SA_pAcc 1 Delta 0.000153595 SA_r 0.16465 freedomratio 0.15168
Iter 6500000 pBad 0.00229213 T 1.31859e-10 Obj 1.00834 Rho 0 GRdif 4.88711 success 785239 failure 1922509 obj_new 1.00836 SA_pAcc 0 Delta -0.000207112 SA_r 0.214956 freedomratio 0.14827
Iter 7000000 pBad 0.00104287 T 3.51048e-11 Obj 1.00834 Rho 0 GRdif 4.87449 success 789629 failure 2273970 obj_new 1.00834 SA_pAcc 0 Delta 6.08372e-05 SA_r 0.0395532 freedomratio 0.145549
Iter 7500000 pBad 0.000609993 T 9.34595e-12 Obj 1.00833 Rho 0 GRdif 4.87234 success 793633 failure 2635199 obj_new 1.00833 SA_pAcc 0 Delta -3.16927e-05 SA_r 0.275785 freedomratio 0.14258
Iter 8000000 pBad 0.000585106 T 2.48818e-12 Obj 1.00833 Rho 0 GRdif 4.87127 success 798058 failure 3004160 obj_new 1.00833 SA_pAcc 1.70363e+62 Delta 1.00253e-05 SA_r 0.121934 freedomratio 0.14033
Iter 8500000 pBad 0.000154713 T 6.62428e-13 Obj 1.00833 Rho 0 GRdif 4.87094 success 802198 failure 3380470 obj_new 1.00833 SA_pAcc 0 Delta -6.29899e-06 SA_r 0.492654 freedomratio 0.13715
Iter 9000000 pBad 8.28056e-34 T 1.76358e-13 Obj 1.00833 Rho 0 GRdif 4.87069 success 804064 failure 3703567 obj_new 1.00833 SA_pAcc 1 Delta -6.19047e-35 SA_r 0.377994 freedomratio 0.133258
Iter 9500000 pBad 8.72011e-117 T 4.6952e-14 Obj 1.00833 Rho 0 GRdif 4.87069 success 804064 failure 4020671 obj_new 1.00833 SA_pAcc 1 Delta -4.27439e-119 SA_r 0.0463224 freedomratio 0.122394
Good enough
iter 8.70973e+06 obj1.00833 rho 0 GRdif 4.87069
Training:
Lab Growth Rates:
0.59 0.48 0.47 0.46 0.4 0.686 1.483 0.48 1.345 0.58 0.4 0.56 0.55 0.27 0.724 0.43 0.59 0.36 0.46 0.45 0.53 0.43 0.5 0.55 0.23 1.483 0.56 0.42 0.47 0.47 0.3 0.39 0.56 0.1 0.41 0.37 0.45 0.33 0.1 0.49 0.7 0.5 1.248 0.45 0.1 0.59 0.46 0.4 0.4 0.45 0.54 0.58 0.36 0.5 0.42 0.58 0.33 0.43 0.476 0.46 1.345 0.59 0.5 1.345 0.4 1.483 0.5 0.5 1.483 0.59 0.37 0.68 0.23 0.38 0.46 1.46 0.3 0.58 0.31 0.52 0.4 0.54 0.1 0.686 0.7 0.37 0.46 0.52 0.25 0.58 0.54 0.47 0.36 0.476 0.5 0.37 0.4 0.27 0.65 0.71 0.617 1.248 0.4 0.54 0.53 0.377 0.25 0.4 0.4 0.46 0.4 0.41 1.345 0.68 0.68 1.483 0.47 1.345 0.4 0.65 1.345 0.45 0.42 0.19 0.4 1.49 0.59 0.58 0.5 0.3 0.485 0.65 0.51 0.3 0.22 0.5 0.25 0.56 0.58 0.485 0.52 0.59 0.51 1.483 0.68 0.43 0.47 0.4 0.47 0.5 0.52 0.485 0.33 0.53 0.59 0.48 0.5 0.11 1.248 0.4 0.43 0.7 0.45 0.42 1.03 0.56 0.36 0.43 0.5 1.05 0.45 0.52 0.58 0.4 0.41 0.4 0.56 0.4 0.52 1.345 0.36 0.58 1.46 0.5 0.377 0.56 0.6 0.54 0.56 0.52 0.17 0.5 0.4 0.4 0.37 0.39 0.65 0.37 0.25 0.3 1.46 0.476 0.4 0.4 1.345 0.37 0.4 0.54 0.54 0.42 0.49 0.23 0.25 0.65 0.59 0.11 0.4 0.54 0.55 0.53 0.39 0.54 0.54 0.56 0.46 0.37 0.637 0.6 0.23 0.55 0.65 0.22 0.59 0.54 0.55 0.58 0.686 0.4 0.53 0.58 0.481 0.58 0.636 0.22 0.47 0.4 0.4 0.4 0.27 0.3 0.56 0.26 0.54 0.45 0.14 0.4 0.53 0.4 0.4 0.59 0.58 0.5 0.19 0.55 0.46 0.37 0.53 0.4 0.901 0.4 0.56 0.3 0.11 0.65 0.45 0.42 0.46 0.42 0.43 1.66 0.4 0.54 0.52 0.42 0.37 0.71 0.648 0.34 0.22 0.481 0.33 0.37 0.33 0.42 0.4 0.43 0.5 0.47 0.46 0.4 0.4 0.54 0.38 0.33 0.38 0.7 0.47 0.45 0.23 0.47 0.54 0.23 0.48 0.635 0.54 1.483 0.58 0.1 0.48 0.59 0.5 0.1 0.52 1.345 0.65 0.1 1.483 0.2 0.4 0.58 0.4 0.47 0.36 0.36 0.4 0.09 0.53 0.23 1.67 0.762 0.54 0.56 1.483 0.47 0.58 0.4 0.27 0.45 0.23 0.301 0.43 0.59 0.5 0.58 0.3 0.4 0.4 0.37 1.4 1.05 1.483 0.54 0.41 0.52 0.4 0.55 1.38 0.5 0.5 0.32 0.09 0.481 0.39 0.37 0.3 0.38 0.465 0.42 0.45 0.5 0.5 0.42 0.42 0.53 0.47 0.47 0.26 0.71 0.636 0.34 0.22 0.59 0.25 0.4 0.22 0.41 0.42 0.5 0.5 0.53 0.55 0.3 0.46 0.45 0.19 0.47 0.65 0.41 1.42 0.55 0.47 0.53 0.465 0.3 0.56 0.637 0.5 0.301 0.636 0.43 0.2 0.09 1.05 0.3 0.47 0.52 0.41 0.54 0.33 0.901 0.55 0.5 0.54 0.58 0.46 0.54 0.47 0.43 0.54 0.26 0.39 0.4 0.17 0.42 0.485 0.901 0.5 0.48 0.4 0.55 0.23 0.5 0.53 0.52 0.31 0.901 0.47 0.1 0.59 0.4 0.42 0.32 0.47 1.05 0.4 0.47 0.54 1.483 0.27 0.53 0.55 0.48 0.46 0.45 0.32 1.345 0.3 0.47 0.53 0.22 0.4 0.22 0.59 0.5 0.45 0.43 0.42 0.724 0.6 0.46 0.4 0.53 0.58 0.762 0.46 0.46 0.4 0.54 0.54 0.48 0.36 0.54 0.377 0.5 0.56 0.39 1.44 0.1 0.45 0.46 1.35 0.2 0.54 1.345 0.762 0.54 1.05 0.56 0.42 0.25 0.37 0.762 0.3 0.635 0.56 1.248 0.648 0.38 0.17 0.5 0.724 1.46 0.4 0.37 0.46 0.34 0.14 0.56 0.41 0.37 0.5 0.4 0.4 0.51 0.648 0.46 0.6 0.301 1.483 0.25 0.4 1.345 0.68 0.49 0.4 1.248 0.56 0.58 0.901 0.33 0.47 0.41 0.465 0.4 0.4 0.4 0.635 0.45 0.4 0.637 0.5 1.67 0.901 0.4 0.42 0.4 0.58 0.45 0.45 0.33 0.31 0.48 1.66 0.27 0.36 0.46 0.5
Dot Production Prediction of Lab Growth Rates:
0.322481 0.337719 0.290058 0.423158 0.343937 0.681817 1.33347 0.323657 1.36296 0.323926 0.357335 0.542522 0.458045 0.269859 0.680382 0.359351 0.541869 0.36736 0.418293 0.323313 0.525301 0.410036 0.705308 0.551065 0.418541 1.32255 0.553098 0.30684 0.372257 0.368597 0.225693 0.321512 0.462778 1.24554 0.389142 0.403839 0.385323 0.44266 1.28897 0.378768 0.699914 0.663867 0.847868 1.44119 1.33678 0.542374 0.37086 0.356648 0.355961 1.38551 0.538328 0.46147 0.386292 0.554356 0.317785 0.465299 0.482673 0.435111 0.487445 0.444794 1.28568 0.548721 0.31336 1.30817 0.353994 1.33011 0.46455 0.467165 1.30869 0.399022 0.397676 0.325499 0.546471 0.302431 0.32593 1.03917 0.325479 0.464868 0.585711 0.400397 0.338042 0.274815 0.457641 0.679828 0.697183 0.455421 0.456119 0.362472 0.539923 0.464374 0.451972 0.398111 0.344914 0.488366 0.533721 0.40919 0.358191 0.331869 0.657211 0.676009 0.569924 0.846586 0.367845 0.329527 0.420985 0.487628 0.33587 0.337734 0.365307 0.421111 0.350024 0.488178 1.3223 0.321972 0.32309 1.30222 0.39697 1.32591 0.357429 0.649327 1.28939 0.387992 0.29709 0.295953 0.367185 1.44119 0.546416 0.46625 0.771461 0.651394 0.482222 0.608312 0.372182 0.54994 0.422342 0.539875 0.928849 0.463243 0.341592 0.487956 0.328892 0.546794 0.40668 1.34174 0.322665 0.371836 0.328621 0.346589 0.393325 0.547399 0.361821 0.48012 0.314683 0.386711 0.295301 0.292801 0.833113 0.355508 0.854671 0.346332 0.364946 0.697732 0.335206 0.366746 1.24533 0.460724 0.341969 0.404243 0.317282 1.02684 0.33913 0.34912 0.354552 0.353336 0.330273 0.355668 0.548817 0.358196 0.359202 1.33333 0.317437 0.369108 1.03867 0.315968 0.489199 0.526845 0.668736 0.462367 0.460367 0.328585 0.319853 0.530403 0.337003 0.353681 0.400886 0.290088 0.626153 0.402822 0.276248 0.604899 1.05252 0.488134 0.362128 0.357428 1.27817 0.385873 0.356157 0.456124 0.530727 0.317509 0.3703 0.5415 0.573913 0.65647 0.334961 0.378508 0.368014 0.549273 0.460439 0.547027 0.295778 0.317473 0.35475 0.545164 0.390228 0.36214 0.667887 0.618039 0.543337 0.542812 0.644145 0.468059 0.549484 0.534489 0.459932 0.464404 0.680519 0.358184 0.30302 0.467847 0.483302 0.394918 0.678652 0.461631 0.336547 0.337017 0.355249 0.304165 0.62243 0.646685 0.54334 0.479115 0.454132 0.383291 0.205594 0.35689 0.532839 0.351222 0.361596 0.318112 0.462788 0.320148 0.296011 0.548456 0.456836 0.265241 0.542863 0.357588 0.810539 0.360582 0.462888 0.22988 0.331341 0.641501 1.34449 0.363154 0.456755 0.337936 0.428417 1.42767 0.355572 0.370955 0.383614 0.606197 0.408883 0.683599 0.670194 0.318675 0.381572 0.485176 0.341138 0.592429 0.314949 0.30064 0.358535 0.397118 0.343512 0.486911 0.584827 0.366763 0.363303 0.403091 0.385411 0.316574 0.290007 0.695907 0.487048 1.37972 0.542997 0.40713 0.452374 0.542134 0.302574 0.6753 0.387931 1.30129 0.331465 0.469534 0.328389 0.333325 0.336407 1.54674 0.354921 1.34655 0.659277 1.48277 1.29015 0.336706 0.363844 0.458692 0.350711 0.332862 0.32345 0.353254 0.333126 0.38024 0.526603 0.420656 1.42082 0.792438 0.545361 0.54351 1.26943 0.332875 0.459944 0.370202 0.373464 1.40504 0.548491 0.49123 0.388053 0.279085 0.336734 0.30863 0.402499 0.371047 0.340591 0.403912 1.38901 1.04924 1.31442 0.339381 0.378801 0.346256 0.358042 0.543761 1.25087 0.697508 0.367404 0.314501 0.338597 0.482119 0.296709 0.410355 0.605687 0.271749 0.485587 0.335707 0.300493 0.687116 0.458733 0.357308 0.349371 0.342214 0.475557 0.40598 0.590123 0.680604 0.679458 0.327394 0.333635 0.541319 1.39519 0.381942 0.468388 0.487381 0.333741 0.347637 0.40629 0.517697 0.464289 0.5703 0.328358 0.320862 0.289824 0.332899 0.644447 0.482076 1.44659 0.46269 0.36351 0.569913 0.488701 0.573294 0.539908 0.668756 0.783261 0.488363 0.684915 0.331257 0.374889 0.436478 1.04456 0.226377 0.348566 0.375468 0.358452 0.535643 0.359635 0.894856 0.547355 0.461337 0.397191 0.442619 0.299325 0.371448 0.366395 0.350095 0.36279 0.353412 0.32862 0.355515 0.397967 0.581324 0.488229 0.897653 0.659776 0.32244 0.316382 0.441393 0.420365 0.302808 0.317208 0.388915 0.596674 0.896843 0.400226 0.348741 0.372903 0.347706 0.279122 0.351565 0.402927 1.39673 0.356133 0.3769 0.536822 1.28614 0.396588 0.481969 0.543671 0.277327 0.457926 0.356771 0.303896 1.34948 0.50889 0.348435 0.402789 0.479246 0.358369 0.475255 0.312994 0.466232 1.43021 0.320796 0.328671 0.68052 0.607208 0.2788 0.341163 0.270337 0.275519 0.789577 0.556092 0.56903 0.35628 0.380665 0.375546 0.286516 0.397091 0.357274 0.487735 0.805465 0.461906 0.310035 1.44643 0.93619 0.427386 0.340356 0.963603 0.379919 0.449302 1.34954 0.79358 0.393493 1.04284 0.541385 0.599403 0.347719 0.400445 0.794175 0.375336 0.671762 0.524597 0.842285 0.662734 0.386011 0.321632 0.325382 0.682401 1.41218 0.364659 0.413517 0.343153 0.296749 0.202854 0.557053 0.351284 0.426287 0.789755 0.333524 0.351064 0.391487 0.668986 0.462814 0.639971 0.490256 1.31135 0.345702 0.354825 1.34567 0.323944 0.368014 0.35297 0.84836 0.544226 0.459866 0.895142 0.344554 0.325679 0.314197 0.488279 0.354723 0.351712 0.366407 0.673828 0.405375 0.364087 0.663133 0.4587 1.3534 0.909011 0.36104 0.353563 0.359013 0.359215 1.35888 0.375001 0.548133 0.601549 0.273257 1.45045 0.34761 0.332057 0.436803 0.834975
Testing:
Lab Growth Rates:
1.43 1.43
Dot Production Prediction of Lab Growth Rates:
1.00682 1.02982
Best performance so far: 
Obj: 4.64041e-310Rho: 6.5069e-314Diff: 4.64041e-310
Test:
 Lab Growth Rates:
1.43 1.43Dot Product Prediction of Growth Rate:
1.006822 1.029822