seed =  5 traits =  1 
Training: part  158 
Training: part  158 
Round  1 
 Goal of obj  0.99 
Temperature range:  0.00390625 7.8125e-16 
Cycle 1Round 1
Iter 500000 pBad 0.830864 T 0.000905342 Obj 1.04573 Rho 0 GRdif 26.2022 success 145614 failure 11977 obj_new 1.04573 SA_pAcc 0.929555 Delta 0.030897 SA_r 0.782448 freedomratio 0.362624
Iter 1000000 pBad 0.737851 T 0.000209828 Obj 1.03027 Rho 0 GRdif 17.4744 success 286715 failure 33329 obj_new 1.03027 SA_pAcc 1.22464 Delta -0.0549176 SA_r 0.698912 freedomratio 0.378553
Iter 1500000 pBad 0.681841 T 4.86313e-05 Obj 1.02424 Rho 0 GRdif 14.0371 success 424779 failure 62984 obj_new 1.02424 SA_pAcc 1 Delta 1.05732e-05 SA_r 0.672546 freedomratio 0.351108
Iter 2000000 pBad 0.492966 T 1.12711e-05 Obj 1.01684 Rho 0 GRdif 9.78368 success 558788 failure 102480 obj_new 1.01684 SA_pAcc 1.08519 Delta -0.026435 SA_r 0.43576 freedomratio 0.36106
Iter 2500000 pBad 0.357722 T 2.61227e-06 Obj 1.01211 Rho 0 GRdif 7.05638 success 681005 failure 161810 obj_new 1.01211 SA_pAcc 1 Delta -0.00557114 SA_r 0.189283 freedomratio 0.340104
Iter 3000000 pBad 0.227271 T 6.05439e-07 Obj 1.00927 Rho 0 GRdif 5.44944 success 788061 failure 251809 obj_new 1.00934 SA_pAcc 1.42357e-54 Delta -0.00546167 SA_r 0.74466 freedomratio 0.331823
Iter 3500000 pBad 0.102171 T 1.40321e-07 Obj 1.00861 Rho 0 GRdif 5.0212 success 864166 failure 407624 obj_new 1.00861 SA_pAcc 0.102008 Delta 0.00565414 SA_r 0.0763287 freedomratio 0.285854
Iter 4000000 pBad 0.0298646 T 3.25217e-08 Obj 1.00842 Rho 0 GRdif 4.91213 success 903349 failure 653604 obj_new 1.00842 SA_pAcc 0.000727206 Delta -0.00207536 SA_r 0.49939 freedomratio 0.246529
Iter 4500000 pBad 0.0128512 T 7.53746e-09 Obj 1.00838 Rho 0 GRdif 4.89119 success 921626 failure 959599 obj_new 1.00838 SA_pAcc 5.08442e-12 Delta 6.58221e-05 SA_r 0.358528 freedomratio 0.224693
Iter 5000000 pBad 0.00976893 T 1.74693e-09 Obj 1.00837 Rho 0 GRdif 4.88402 success 931312 failure 1295464 obj_new 1.00837 SA_pAcc 5.3792e-56 Delta 0.000497814 SA_r 0.452772 freedomratio 0.214809
Iter 5500000 pBad 0.00382894 T 4.04881e-10 Obj 1.00836 Rho 0 GRdif 4.88061 success 937112 failure 1646970 obj_new 1.00836 SA_pAcc 2.34595e-17 Delta 0.000224605 SA_r 0.389149 freedomratio 0.207654
Iter 6000000 pBad 0.000952615 T 9.38381e-11 Obj 1.00836 Rho 0 GRdif 4.87941 success 940005 failure 2009980 obj_new 1.00836 SA_pAcc 2.88615e-25 Delta 4.27533e-05 SA_r 0.256208 freedomratio 0.203826
Iter 6500000 pBad 0.000517461 T 2.17486e-11 Obj 1.00836 Rho 0 GRdif 4.87958 success 941468 failure 2377984 obj_new 1.00836 SA_pAcc 0 Delta -2.11002e-05 SA_r 0.708668 freedomratio 0.203614
Iter 7000000 pBad 0.000589002 T 5.0406e-12 Obj 1.00836 Rho 0 GRdif 4.87822 success 942441 failure 2747588 obj_new 1.00836 SA_pAcc 0 Delta 4.9183e-05 SA_r 0.273309 freedomratio 0.202909
Iter 7500000 pBad 0.000418376 T 1.16824e-12 Obj 1.00836 Rho 0 GRdif 4.87797 success 943368 failure 3117130 obj_new 1.00836 SA_pAcc 0 Delta -1.59957e-05 SA_r 0.0934673 freedomratio 0.202069
Iter 8000000 pBad 0.00100456 T 2.7076e-13 Obj 1.00836 Rho 0 GRdif 4.87771 success 944819 failure 3485544 obj_new 1.00836 SA_pAcc 0 Delta -7.27805e-07 SA_r 0.468278 freedomratio 0.198914
Iter 8500000 pBad 9.17207e-158 T 6.27533e-14 Obj 1.00836 Rho 0 GRdif 4.88312 success 947050 failure 3791689 obj_new 1.00837 SA_pAcc 0 Delta -8.28193e-160 SA_r 0.522831 freedomratio 0.185326
Iter 9000000 pBad 0 T 1.45441e-14 Obj 1.00836 Rho 0 GRdif 4.87767 success 947050 failure 4073300 obj_new 1.00836 SA_pAcc 1 Delta -0 SA_r 0.37853 freedomratio 0.167956
Iter 9500000 pBad 0 T 3.37085e-15 Obj 1.00836 Rho 0 GRdif 4.87767 success 947050 failure 4380587 obj_new 1.00836 SA_pAcc 0 Delta -0 SA_r 0.513448 freedomratio 0.0628351
Iter 10000000 pBad 0 T 7.81252e-16 Obj 1.00836 Rho 0 GRdif 4.87835 success 947050 failure 4709029 obj_new 1.00836 SA_pAcc 0 Delta -0 SA_r 0.360503 freedomratio 0.0363411
Cannot move further
iter 8.3856e+06 obj1.00836 rho 0 GRdif 4.87767
Training:
Lab Growth Rates:
0.617 0.37 0.4 0.4 0.33 0.55 0.54 0.58 0.1 0.11 0.19 0.636 0.4 0.38 0.45 0.4 0.54 0.42 0.23 0.23 0.5 0.23 0.4 0.53 0.56 0.43 0.58 0.485 0.2 0.4 0.33 0.42 0.3 0.56 0.52 0.648 0.65 0.4 0.1 0.17 0.55 0.56 0.5 0.3 0.37 0.46 0.5 0.47 0.485 0.46 0.4 1.67 0.48 0.1 0.54 0.5 0.45 0.5 0.4 0.58 0.4 0.5 0.59 0.6 0.54 0.23 0.4 0.58 1.05 0.4 0.25 0.55 0.33 0.36 1.483 0.41 0.47 0.38 0.4 0.53 0.65 1.03 0.59 0.23 0.4 1.345 0.53 0.4 0.46 0.42 0.59 0.686 0.377 0.59 0.09 0.43 0.25 0.47 0.37 0.4 0.22 0.25 0.4 0.17 0.56 0.54 0.45 0.4 0.37 1.4 0.56 0.22 0.4 0.45 0.1 0.48 0.54 0.58 0.59 0.686 0.53 0.26 0.34 0.56 0.4 0.54 0.56 0.33 0.46 0.68 0.59 0.47 0.4 0.36 0.52 0.54 0.4 0.465 1.483 0.4 0.58 0.38 0.481 0.37 0.47 0.4 0.635 0.51 0.648 1.483 0.55 0.11 0.4 0.901 0.54 0.33 0.47 0.5 1.483 0.65 0.37 0.68 0.42 0.476 0.42 0.59 0.5 0.4 0.635 0.31 0.58 0.4 1.345 0.46 0.42 1.05 0.33 0.54 0.48 0.46 0.43 0.56 1.345 0.31 0.58 0.4 0.37 0.5 0.27 0.47 0.46 0.71 0.47 0.59 0.53 1.42 0.5 0.71 0.37 0.37 0.71 0.25 0.48 0.46 0.3 0.43 0.47 0.36 0.43 0.53 1.46 1.248 0.762 0.3 0.54 0.47 0.39 0.59 0.55 0.4 0.476 0.7 0.19 0.4 0.47 0.5 0.22 0.648 0.47 0.53 0.41 0.47 0.53 0.3 0.637 0.377 0.42 0.41 0.37 0.36 1.46 0.42 0.5 0.36 1.05 0.65 0.465 0.46 0.22 0.4 0.45 0.54 0.33 0.5 1.345 0.4 0.4 0.47 0.45 0.58 0.4 1.35 0.43 0.43 0.43 0.4 0.59 1.345 0.43 0.54 0.47 0.22 0.3 0.56 0.42 0.41 0.53 0.46 0.1 0.22 0.45 0.5 0.41 1.248 0.2 0.37 0.7 0.46 0.23 0.58 1.483 0.3 0.42 0.5 0.56 0.4 0.53 1.248 0.3 0.65 0.45 1.46 0.635 0.901 0.56 0.56 0.36 0.25 0.25 0.4 0.47 1.483 0.42 0.27 0.59 0.09 0.39 0.55 0.58 0.42 0.4 0.45 0.901 0.4 0.485 1.483 0.55 0.27 0.5 0.7 0.53 0.47 0.58 0.47 0.54 0.46 0.5 0.5 0.54 0.6 0.36 0.42 0.2 0.4 0.41 0.41 0.5 0.686 0.52 0.32 0.46 0.39 0.59 0.52 0.58 0.39 0.481 1.66 0.637 0.901 0.52 0.46 0.4 0.54 0.762 0.301 0.4 1.345 0.55 0.19 0.5 0.47 0.53 0.5 0.42 0.56 0.3 0.58 0.54 0.485 0.45 0.46 0.42 0.54 0.54 0.54 0.6 0.46 0.3 0.4 0.476 0.46 1.345 0.54 0.27 0.37 0.23 0.45 0.56 0.46 0.301 0.42 0.34 0.17 0.65 0.14 0.4 0.53 0.5 0.26 0.59 0.42 0.4 1.345 0.37 0.49 0.68 0.5 0.4 1.38 0.4 0.4 0.55 0.4 0.34 0.45 0.41 0.59 1.483 0.5 1.43 0.26 1.248 0.49 0.48 0.25 0.43 0.5 0.27 0.45 1.483 1.345 1.67 0.724 0.45 0.58 0.56 0.5 1.49 0.4 0.5 0.55 0.27 1.66 0.5 0.58 0.4 0.636 1.345 0.52 0.3 1.483 0.4 0.36 0.51 0.09 0.65 0.5 0.53 0.7 0.58 0.65 1.248 0.49 0.58 0.48 0.47 0.37 0.68 0.4 0.52 1.345 0.47 0.301 0.45 0.38 0.54 0.3 0.48 0.68 0.59 0.23 0.56 0.465 0.54 0.38 0.3 0.4 1.46 0.47 0.23 0.33 0.22 0.48 0.5 0.724 0.4 0.54 0.14 0.33 0.58 0.54 0.45 0.39 0.51 0.1 0.52 0.46 1.345 0.39 0.4 0.54 0.52 0.45 0.31 0.5 0.46 0.54 0.52 0.6 0.43 0.55 0.45 0.58 0.637 0.4 0.41 1.05 0.4 1.05 0.32 0.52 0.53 0.636 0.4 0.65 0.1 0.377 0.22 0.36 0.901 0.47 0.32 0.58 0.37 0.901 0.46 0.25 0.43 0.4 0.3 0.1 1.43 0.37 0.47 0.52 1.483 0.56 1.44 0.54 0.4 0.481 0.762 1.483 0.56 0.48 0.45 0.11 0.4 0.1 0.762 0.42 0.724 0.59 0.55 0.4
Dot Production Prediction of Lab Growth Rates:
0.545763 0.404365 0.404116 0.400364 0.514846 0.44034 0.462965 0.304846 0.761364 0.374053 0.324994 0.720149 0.399878 0.360638 0.344358 0.401669 0.401285 0.338911 0.527922 0.44979 0.377714 0.541693 0.39951 0.349557 0.529962 0.447946 0.47767 0.46278 0.359402 0.400404 0.486072 0.339438 0.402645 0.547332 0.368454 0.700506 0.636377 0.399817 0.749288 0.32436 0.457642 0.535487 0.543208 0.434515 0.43128 0.327 0.676203 0.471386 0.462378 0.353396 0.402522 1.48564 0.29661 0.446804 0.362682 0.320476 0.381563 0.484911 0.389869 0.478797 0.394012 0.475743 0.383368 0.448902 0.421185 0.537763 0.401724 0.366505 1.04859 0.400918 0.552452 0.55457 0.361731 0.330393 1.08274 0.392855 0.380632 0.292067 0.397384 0.479967 0.653519 1.46737 0.546418 0.53273 0.3965 1.14755 0.533644 0.39768 0.470348 0.310203 0.374697 0.72777 0.460229 0.322946 0.380352 0.409901 1.57276 0.329074 0.444656 0.395835 0.481885 0.293104 0.398759 0.451771 0.477391 0.395597 1.62646 0.401328 0.301587 1.51003 0.535679 0.47467 0.397365 0.341931 0.902339 0.30443 0.471637 0.485889 0.337052 0.722122 0.527141 0.564824 0.327902 0.546754 0.399298 0.329862 0.544952 0.338276 0.303969 0.546625 0.546921 0.379915 0.388956 0.355803 0.382211 0.298375 0.400127 0.465902 1.06718 0.395418 0.484912 0.354607 0.464062 0.421419 0.456232 0.401724 0.711665 0.423929 0.709825 1.11906 0.453544 0.387751 0.401037 1.18108 0.386511 0.4439 0.395457 0.54589 1.06391 0.649971 0.431176 0.554797 0.347061 0.475101 0.549046 0.330742 0.327523 0.399996 0.712332 0.569146 0.490878 0.381788 1.13622 0.549497 0.398988 1.05002 0.319648 0.534924 0.34842 0.375059 0.426119 0.54953 1.11472 0.563897 0.476389 0.400743 0.424227 0.643436 0.371621 0.351888 0.534429 0.718179 0.373475 0.325724 0.522054 1.62712 0.320616 0.716584 0.437169 0.443477 0.723668 0.356637 0.307039 0.427728 0.479831 0.363189 0.362788 0.339623 0.459926 0.397965 0.969101 1.25143 1.34052 0.417633 0.401318 0.342707 0.32587 0.307413 0.552217 0.397165 0.468094 0.702217 0.345931 0.397144 0.47394 0.414247 0.448809 0.705795 0.421981 0.546293 0.370546 0.369671 0.364649 0.433888 0.70598 0.464534 0.327493 0.323051 0.55456 0.360538 1.55031 0.335906 0.661393 0.44447 1.05 0.649882 0.468187 0.473269 0.366345 0.309784 1.55005 0.537947 0.309479 0.659083 1.08954 0.400872 0.400286 0.418149 0.413683 0.364013 0.398925 1.23457 0.356625 0.364033 0.402121 0.394786 0.311207 1.08886 0.429266 0.538462 0.353746 0.477851 0.37272 0.485501 0.352494 0.469365 0.52485 0.456437 0.455874 0.47157 0.320845 0.528803 0.383907 1.24219 0.394522 0.431045 0.69999 0.406193 0.530833 0.475627 1.07894 0.300986 0.348701 0.584251 0.540695 0.395903 0.408467 1.23963 0.310607 0.654098 1.55756 1.00572 0.708668 0.90061 0.489688 0.526615 0.348777 0.813355 0.507966 0.400404 0.351557 1.08181 0.305901 0.385376 0.554103 0.459761 0.328196 0.554683 0.476484 0.335948 0.4032 0.328577 0.902744 0.401529 0.468563 1.08328 0.456274 0.369853 0.588305 0.696742 0.282621 0.384592 0.407993 0.38963 0.461079 0.471988 0.630176 0.528074 0.373337 0.46905 0.426442 0.351883 0.38761 0.40016 0.453865 0.34571 0.615371 0.726973 0.407552 0.303158 0.442424 0.330429 0.554698 0.349737 0.341861 0.326032 0.465904 1.66 0.703363 0.901005 0.399094 0.427888 0.401334 0.457547 1.35496 0.468942 0.39858 1.09597 0.450506 0.337753 0.327638 0.36047 0.520314 0.483901 0.335827 0.477676 0.475574 0.486232 0.455893 0.466015 1.55545 0.469676 0.57488 0.324939 0.541296 0.364506 0.462296 0.519728 0.336303 0.322554 0.469174 0.410448 1.06678 0.337592 0.336888 0.397207 0.541808 1.5541 0.48508 0.458788 0.468354 0.566792 0.307555 0.317769 0.663571 0.140001 0.401036 0.438101 0.322986 0.467217 0.330748 0.368469 0.387248 1.1134 0.445352 0.400228 0.554941 0.341234 0.386184 1.37351 0.402138 0.391925 0.454509 0.392387 0.306725 0.363069 0.467971 0.53998 1.06083 0.544606 1.35364 0.358668 1.24019 0.373923 0.367526 0.345012 0.378889 0.48832 0.283971 1.62506 1.11093 1.12818 1.61534 0.718931 0.419612 0.472867 0.474008 0.475359 1.62646 0.399927 0.592139 0.549982 0.603846 1.66 0.694564 0.360837 0.400478 0.697635 1.12241 0.367199 0.302796 1.07269 0.401241 0.351835 0.399849 0.345918 0.639433 0.395409 0.343526 0.700118 0.377098 0.658689 1.23473 0.376878 0.483256 0.324123 0.454135 0.388397 0.554509 0.400118 0.39832 1.06228 0.458127 0.469745 0.407438 0.304441 0.552386 0.446655 0.30969 0.553801 0.54586 0.448837 0.531514 0.465929 0.554148 0.317063 0.458276 0.401859 1.00239 0.380458 0.449671 0.371635 0.474558 0.33826 0.487298 0.723604 0.397905 0.398094 0.138314 0.3681 0.329687 0.459327 0.344175 0.362236 0.43251 1.51884 0.373204 0.37656 1.12283 0.306167 0.403851 0.54382 0.346504 1.58125 0.56767 0.580578 0.293545 0.386134 0.404148 0.458265 0.381097 0.55009 0.381653 0.458033 0.703966 0.400819 0.397461 0.980691 0.400842 1.65057 0.346059 0.376905 0.525287 0.714106 0.395323 0.626729 0.374574 0.464076 0.394745 0.332728 0.894678 0.346518 0.329176 0.367755 0.427402 0.900942 0.459996 0.359258 0.374442 0.400651 0.353168 0.807148 1.35567 0.465184 0.416406 0.39741 1.07289 0.54056 1.60228 0.375289 0.401902 0.464402 1.34524 1.10618 0.537948 0.334611 0.336959 0.33451 0.4004 0.847974 1.35845 0.349939 0.723416 0.548039 0.548274 0.40301
Testing:
Lab Growth Rates:
0.5 0.5 0.5
Dot Production Prediction of Lab Growth Rates:
0.371466 0.338326 0.370449
Best performance so far: 
Obj: 4.67799e-310Rho: 2.26291e-314Diff: 4.67799e-310
Anneal again with the best G and E so far as input
Cycle 2Round 1
Iter 500000 pBad 0.80538 T 0.000905342 Obj 1.07284 Rho 0 GRdif 41.2034 success 102933 failure 11451 obj_new 1.07284 SA_pAcc 1.14348 Delta -0.035858 SA_r 0.243194 freedomratio 0.245394
Iter 1000000 pBad 0.683732 T 0.000209828 Obj 1.03672 Rho 0 GRdif 21.1616 success 201684 failure 32580 obj_new 1.03677 SA_pAcc 0.787708 Delta -0.0232134 SA_r 0.790817 freedomratio 0.243355
Iter 1500000 pBad 0.573604 T 4.86313e-05 Obj 1.02777 Rho 0 GRdif 16.0504 success 297758 failure 61770 obj_new 1.02777 SA_pAcc 1.01481 Delta 0.000603224 SA_r 0.0301986 freedomratio 0.236959
Iter 2000000 pBad 0.456885 T 1.12711e-05 Obj 1.02213 Rho 0 GRdif 12.8242 success 389313 failure 99996 obj_new 1.02213 SA_pAcc 1 Delta 0.0414413 SA_r 0.233971 freedomratio 0.236005
Iter 2500000 pBad 0.396564 T 2.61227e-06 Obj 1.01649 Rho 0 GRdif 9.58331 success 477652 failure 147095 obj_new 1.01649 SA_pAcc 0.331346 Delta 0.0391138 SA_r 0.612525 freedomratio 0.239184
Iter 3000000 pBad 0.214987 T 6.05439e-07 Obj 1.01114 Rho 0 GRdif 6.49199 success 560282 failure 216767 obj_new 1.01114 SA_pAcc 0.926122 Delta 0.00179196 SA_r 0.400334 freedomratio 0.215362
Iter 3500000 pBad 0.176345 T 1.40321e-07 Obj 1.00945 Rho 0 GRdif 5.51053 success 627846 failure 322385 obj_new 1.00945 SA_pAcc 1 Delta 0.0097585 SA_r 0.221019 freedomratio 0.206483
Iter 4000000 pBad 0.0546401 T 3.25217e-08 Obj 1.0088 Rho 0 GRdif 5.13551 success 675076 failure 491131 obj_new 1.0088 SA_pAcc 4.06066e-24 Delta 0.00429483 SA_r 0.594967 freedomratio 0.181649
Iter 4500000 pBad 0.0173184 T 7.53746e-09 Obj 1.00861 Rho 0 GRdif 5.03672 success 701435 failure 736338 obj_new 1.00863 SA_pAcc 0 Delta -0.00146759 SA_r 0.070495 freedomratio 0.160989
Iter 5000000 pBad 0.0108389 T 1.74693e-09 Obj 1.00856 Rho 0 GRdif 4.99586 success 716076 failure 1034001 obj_new 1.00856 SA_pAcc 0.00362207 Delta 0.000220994 SA_r 0.843379 freedomratio 0.14858
Iter 5500000 pBad 0.00598052 T 4.04881e-10 Obj 1.00853 Rho 0 GRdif 4.98288 success 727819 failure 1361335 obj_new 1.00854 SA_pAcc 0 Delta -0.000113391 SA_r 0.915123 freedomratio 0.141239
Iter 6000000 pBad 0.0046412 T 9.38381e-11 Obj 1.00852 Rho 0 GRdif 4.98001 success 736884 failure 1712745 obj_new 1.00853 SA_pAcc 0 Delta -0.000196958 SA_r 0.812795 freedomratio 0.136884
Iter 6500000 pBad 0.00136178 T 2.17486e-11 Obj 1.00851 Rho 0 GRdif 4.968 success 747953 failure 2078612 obj_new 1.00851 SA_pAcc 0 Delta -8.74772e-05 SA_r 0.244581 freedomratio 0.131626
Iter 7000000 pBad 0.000948743 T 5.0406e-12 Obj 1.00851 Rho 0 GRdif 4.96598 success 755801 failure 2459250 obj_new 1.00851 SA_pAcc 2.71086e-66 Delta -4.94693e-05 SA_r 0.686316 freedomratio 0.128961
Iter 7500000 pBad 0.000171812 T 1.16824e-12 Obj 1.00851 Rho 0 GRdif 4.96479 success 766083 failure 2844305 obj_new 1.00851 SA_pAcc 0 Delta 8.37906e-06 SA_r 0.334587 freedomratio 0.127225
Iter 8000000 pBad 0.000159559 T 2.7076e-13 Obj 1.00851 Rho 0 GRdif 4.964 success 777498 failure 3231767 obj_new 1.00851 SA_pAcc 1 Delta -1.79005e-06 SA_r 0.673447 freedomratio 0.12567
Iter 8500000 pBad 2.78251e-43 T 6.27533e-14 Obj 1.00851 Rho 0 GRdif 4.96493 success 779398 failure 3585387 obj_new 1.00851 SA_pAcc 0 Delta 1.81804e-44 SA_r 0.0925286 freedomratio 0.123265
Iter 9000000 pBad 0 T 1.45441e-14 Obj 1.00851 Rho 0 GRdif 4.96655 success 779398 failure 3933872 obj_new 1.00851 SA_pAcc 0 Delta -0 SA_r 0.179014 freedomratio 0.07949
Iter 9500000 pBad 0 T 3.37085e-15 Obj 1.00851 Rho 0 GRdif 4.96436 success 779398 failure 4302247 obj_new 1.00851 SA_pAcc 0 Delta -0 SA_r 0.0112489 freedomratio 0.0447875
Good enough
iter 8.13229e+06 obj1.00851 rho 0 GRdif 4.9639
Training:
Lab Growth Rates:
0.617 0.37 0.4 0.4 0.33 0.55 0.54 0.58 0.1 0.11 0.19 0.636 0.4 0.38 0.45 0.4 0.54 0.42 0.23 0.23 0.5 0.23 0.4 0.53 0.56 0.43 0.58 0.485 0.2 0.4 0.33 0.42 0.3 0.56 0.52 0.648 0.65 0.4 0.1 0.17 0.55 0.56 0.5 0.3 0.37 0.46 0.5 0.47 0.485 0.46 0.4 1.67 0.48 0.1 0.54 0.5 0.45 0.5 0.4 0.58 0.4 0.5 0.59 0.6 0.54 0.23 0.4 0.58 1.05 0.4 0.25 0.55 0.33 0.36 1.483 0.41 0.47 0.38 0.4 0.53 0.65 1.03 0.59 0.23 0.4 1.345 0.53 0.4 0.46 0.42 0.59 0.686 0.377 0.59 0.09 0.43 0.25 0.47 0.37 0.4 0.22 0.25 0.4 0.17 0.56 0.54 0.45 0.4 0.37 1.4 0.56 0.22 0.4 0.45 0.1 0.48 0.54 0.58 0.59 0.686 0.53 0.26 0.34 0.56 0.4 0.54 0.56 0.33 0.46 0.68 0.59 0.47 0.4 0.36 0.52 0.54 0.4 0.465 1.483 0.4 0.58 0.38 0.481 0.37 0.47 0.4 0.635 0.51 0.648 1.483 0.55 0.11 0.4 0.901 0.54 0.33 0.47 0.5 1.483 0.65 0.37 0.68 0.42 0.476 0.42 0.59 0.5 0.4 0.635 0.31 0.58 0.4 1.345 0.46 0.42 1.05 0.33 0.54 0.48 0.46 0.43 0.56 1.345 0.31 0.58 0.4 0.37 0.5 0.27 0.47 0.46 0.71 0.47 0.59 0.53 1.42 0.5 0.71 0.37 0.37 0.71 0.25 0.48 0.46 0.3 0.43 0.47 0.36 0.43 0.53 1.46 1.248 0.762 0.3 0.54 0.47 0.39 0.59 0.55 0.4 0.476 0.7 0.19 0.4 0.47 0.5 0.22 0.648 0.47 0.53 0.41 0.47 0.53 0.3 0.637 0.377 0.42 0.41 0.37 0.36 1.46 0.42 0.5 0.36 1.05 0.65 0.465 0.46 0.22 0.4 0.45 0.54 0.33 0.5 1.345 0.4 0.4 0.47 0.45 0.58 0.4 1.35 0.43 0.43 0.43 0.4 0.59 1.345 0.43 0.54 0.47 0.22 0.3 0.56 0.42 0.41 0.53 0.46 0.1 0.22 0.45 0.5 0.41 1.248 0.2 0.37 0.7 0.46 0.23 0.58 1.483 0.3 0.42 0.5 0.56 0.4 0.53 1.248 0.3 0.65 0.45 1.46 0.635 0.901 0.56 0.56 0.36 0.25 0.25 0.4 0.47 1.483 0.42 0.27 0.59 0.09 0.39 0.55 0.58 0.42 0.4 0.45 0.901 0.4 0.485 1.483 0.55 0.27 0.5 0.7 0.53 0.47 0.58 0.47 0.54 0.46 0.5 0.5 0.54 0.6 0.36 0.42 0.2 0.4 0.41 0.41 0.5 0.686 0.52 0.32 0.46 0.39 0.59 0.52 0.58 0.39 0.481 1.66 0.637 0.901 0.52 0.46 0.4 0.54 0.762 0.301 0.4 1.345 0.55 0.19 0.5 0.47 0.53 0.5 0.42 0.56 0.3 0.58 0.54 0.485 0.45 0.46 0.42 0.54 0.54 0.54 0.6 0.46 0.3 0.4 0.476 0.46 1.345 0.54 0.27 0.37 0.23 0.45 0.56 0.46 0.301 0.42 0.34 0.17 0.65 0.14 0.4 0.53 0.5 0.26 0.59 0.42 0.4 1.345 0.37 0.49 0.68 0.5 0.4 1.38 0.4 0.4 0.55 0.4 0.34 0.45 0.41 0.59 1.483 0.5 1.43 0.26 1.248 0.49 0.48 0.25 0.43 0.5 0.27 0.45 1.483 1.345 1.67 0.724 0.45 0.58 0.56 0.5 1.49 0.4 0.5 0.55 0.27 1.66 0.5 0.58 0.4 0.636 1.345 0.52 0.3 1.483 0.4 0.36 0.51 0.09 0.65 0.5 0.53 0.7 0.58 0.65 1.248 0.49 0.58 0.48 0.47 0.37 0.68 0.4 0.52 1.345 0.47 0.301 0.45 0.38 0.54 0.3 0.48 0.68 0.59 0.23 0.56 0.465 0.54 0.38 0.3 0.4 1.46 0.47 0.23 0.33 0.22 0.48 0.5 0.724 0.4 0.54 0.14 0.33 0.58 0.54 0.45 0.39 0.51 0.1 0.52 0.46 1.345 0.39 0.4 0.54 0.52 0.45 0.31 0.5 0.46 0.54 0.52 0.6 0.43 0.55 0.45 0.58 0.637 0.4 0.41 1.05 0.4 1.05 0.32 0.52 0.53 0.636 0.4 0.65 0.1 0.377 0.22 0.36 0.901 0.47 0.32 0.58 0.37 0.901 0.46 0.25 0.43 0.4 0.3 0.1 1.43 0.37 0.47 0.52 1.483 0.56 1.44 0.54 0.4 0.481 0.762 1.483 0.56 0.48 0.45 0.11 0.4 0.1 0.762 0.42 0.724 0.59 0.55 0.4
Dot Production Prediction of Lab Growth Rates:
0.57223 0.404148 0.40406 0.400051 0.563612 0.469989 0.46945 0.284413 1.22664 0.376531 0.28331 0.718949 0.398467 0.404806 0.348138 0.401958 0.376478 0.3035 0.5488 0.442296 0.35578 0.551178 0.399441 0.334907 0.547199 0.43199 0.461154 0.550356 0.342017 0.399269 0.55964 0.300584 0.546049 0.540449 0.37933 0.703451 0.640151 0.400234 1.23596 0.291369 0.471915 0.530809 0.548548 0.600652 0.421557 0.332044 0.902542 0.473692 0.552582 0.367064 0.40177 1.32285 0.293347 0.455958 0.383483 0.307748 0.405898 0.467206 0.388306 0.463562 0.395661 0.462583 0.422378 0.625795 0.41799 0.542759 0.400926 0.356625 1.07439 0.40136 0.619317 0.554286 0.326482 0.312414 1.27694 0.408698 0.38377 0.274615 0.394138 0.49899 0.655532 1.26763 0.539152 0.553864 0.397547 1.35942 0.538513 0.39783 0.486528 0.294738 0.403467 0.710755 0.552218 0.309321 0.389787 0.390784 1.4456 0.284756 0.432153 0.393294 0.481869 0.295198 0.399206 0.451825 0.456067 0.378007 1.49075 0.401399 0.262927 1.3664 0.535977 0.474893 0.398511 0.360615 1.44842 0.285355 0.469818 0.453698 0.302225 0.711224 0.533575 0.61052 0.309093 0.551541 0.399731 0.306362 0.552608 0.292779 0.285201 0.423993 0.543501 0.391207 0.38877 0.354181 0.404183 0.268306 0.398081 0.539107 1.26978 0.397572 0.468234 0.37284 0.54194 0.412592 0.44006 0.40151 0.71697 0.43675 0.708173 1.33854 0.475364 0.402221 0.401207 1.31292 0.417992 0.508136 0.384229 0.562847 1.322 0.649409 0.456688 0.428962 0.346989 0.542272 0.605061 0.292515 0.31614 0.399252 0.714646 0.661733 0.467973 0.370153 1.33816 0.581981 0.403213 1.08325 0.314791 0.535985 0.339386 0.358101 0.450139 0.53636 1.32948 0.637618 0.454532 0.39876 0.416395 0.840717 0.366143 0.339515 0.564064 0.712594 0.362977 0.336679 0.520228 1.4982 0.313226 0.708013 0.424631 0.430332 0.716764 0.342332 0.287391 0.458156 0.639681 0.341385 0.348437 0.32644 0.475071 0.411482 1.08675 1.25571 1.4777 0.409562 0.417132 0.355153 0.311746 0.295629 0.549193 0.394073 0.542989 0.739557 0.319052 0.396995 0.455913 0.433468 0.476966 0.707119 0.374644 0.544255 0.375758 0.356291 0.372368 0.603679 0.715154 0.549806 0.285531 0.314247 0.612334 0.359184 1.49856 0.315278 0.834072 0.445129 1.08972 0.649375 0.53942 0.468594 0.354017 0.291998 1.41719 0.543468 0.286791 0.848336 1.33898 0.400009 0.401297 0.387154 0.430165 0.370067 0.399399 1.25468 0.366422 0.381345 0.408713 0.396815 0.291219 1.35457 0.409511 0.537576 0.366844 0.485199 0.367555 0.464755 0.328431 0.56718 0.558251 0.455715 0.47319 0.478005 0.316158 0.540399 0.378223 1.24723 0.375648 0.424327 0.741712 0.407413 0.544561 0.456355 1.32494 0.296709 0.327907 0.735559 0.537415 0.39743 0.430089 1.24979 0.303455 0.652135 1.39022 1.07387 0.714446 0.904291 0.470578 0.544344 0.365521 1.0588 0.557566 0.398469 0.335289 1.30405 0.280998 0.379971 0.552918 0.487212 0.314055 0.549881 0.461681 0.31779 0.400923 0.346471 0.900417 0.401639 0.543986 1.3404 0.478585 0.381371 0.709127 0.74176 0.276615 0.375811 0.404374 0.361744 0.45279 0.459742 0.831739 0.541147 0.384812 0.662824 0.447484 0.333547 0.377614 0.401771 0.566032 0.336744 0.771793 0.712885 0.368378 0.290543 0.432249 0.314582 0.546193 0.357245 0.347837 0.309302 0.546007 1.54827 0.713352 0.899052 0.416051 0.419985 0.400752 0.45701 1.478 0.568918 0.39762 1.29844 0.47572 0.302135 0.313233 0.351601 0.529386 0.467024 0.310869 0.456137 0.667266 0.462961 0.456981 0.541881 1.41275 0.459628 0.600178 0.330049 0.530057 0.373959 0.642722 0.56854 0.312793 0.308129 0.538107 0.417001 1.33883 0.339478 0.324571 0.384501 0.550683 1.3784 0.46879 0.463857 0.577167 0.634269 0.27437 0.301468 0.661139 0.140413 0.401161 0.467885 0.309069 0.492342 0.306227 0.354701 0.387074 1.3367 0.432944 0.425496 0.426531 0.340165 0.384743 1.27076 0.401181 0.393204 0.478679 0.392894 0.306717 0.358767 0.566595 0.542689 1.32968 0.54182 1.38226 0.354444 1.24732 0.392725 0.339299 0.342928 0.387779 0.468136 0.269232 1.46236 1.32463 1.37492 1.44479 0.714509 0.434973 0.451681 0.455595 0.461819 1.49075 0.399356 0.728419 0.546062 0.640215 1.57496 0.877103 0.370363 0.400756 0.706945 1.32627 0.341755 0.299724 1.34112 0.401223 0.357102 0.398826 0.34069 0.640094 0.404834 0.301636 0.74123 0.363661 0.664689 1.24186 0.39575 0.468138 0.280857 0.483655 0.394887 0.430695 0.399825 0.361311 1.33337 0.469955 0.574708 0.402286 0.281566 0.551675 0.622934 0.30214 0.42643 0.544048 0.444304 0.531617 0.538835 0.546364 0.285148 0.629524 0.400226 1.07249 0.361897 0.4438 0.381719 0.477096 0.331167 0.468294 0.716232 0.397788 0.366025 0.139898 0.370926 0.293899 0.452197 0.329905 0.353582 0.451214 1.36747 0.378218 0.361301 1.32242 0.294438 0.404081 0.535964 0.345914 1.42375 0.626651 0.74561 0.274951 0.356835 0.391598 0.644853 0.379293 0.550733 0.361899 0.445759 0.708888 0.401105 0.425154 1.04857 0.400595 1.46438 0.326609 0.375929 0.544238 0.714965 0.397428 0.622719 0.353839 0.557317 0.418441 0.310618 0.899 0.357752 0.31903 0.387972 0.418143 0.882368 0.465821 0.338761 0.3595 0.400216 0.469591 1.42724 1.37598 0.467802 0.398234 0.370769 1.28628 0.547986 1.44117 0.357477 0.400562 0.542475 1.47324 1.36039 0.54744 0.335104 0.341991 0.330931 0.397 1.05357 1.48568 0.339443 0.718256 0.545517 0.546089 0.402425
Testing:
Lab Growth Rates:
0.5 0.5 0.5
Dot Production Prediction of Lab Growth Rates:
0.362959 0.323833 0.378383
Best performance so far: 
Obj: 4.67799e-310Rho: 6.5069e-314Diff: 4.67799e-310
Test:
 Lab Growth Rates:
0.5 0.5 0.5Dot Product Prediction of Growth Rate:
0.3629587 0.323833 0.3783831