seed =  5 traits =  1 
Training: part  190 
Training: part  190 
Round  1 
 Goal of obj  0.99 
Temperature range:  0.00390625 3.125e-14 
Cycle 1Round 1
Iter 500000 pBad 0.848797 T 0.00108872 Obj 1.06605 Rho 0 GRdif 37.4804 success 145581 failure 12216 obj_new 1.06605 SA_pAcc 1 Delta -0.043673 SA_r 0.0276661 freedomratio 0.365109
Iter 1000000 pBad 0.763304 T 0.000303438 Obj 1.03466 Rho 0 GRdif 19.9646 success 288181 failure 32311 obj_new 1.03466 SA_pAcc 1 Delta 0.0707391 SA_r 0.972627 freedomratio 0.375882
Iter 1500000 pBad 0.659131 T 8.45716e-05 Obj 1.02555 Rho 0 GRdif 14.7859 success 428103 failure 58230 obj_new 1.02555 SA_pAcc 1.13025 Delta 0.0164212 SA_r 0.710419 freedomratio 0.363975
Iter 2000000 pBad 0.572906 T 2.35711e-05 Obj 1.01945 Rho 0 GRdif 11.2885 success 562953 failure 91928 obj_new 1.01945 SA_pAcc 1 Delta -0.0311832 SA_r 0.139924 freedomratio 0.360837
Iter 2500000 pBad 0.497689 T 6.56952e-06 Obj 1.01533 Rho 0 GRdif 8.91532 success 692511 failure 136644 obj_new 1.01533 SA_pAcc 0.921432 Delta 0.0103157 SA_r 0.35824 freedomratio 0.347362
Iter 3000000 pBad 0.300785 T 1.831e-06 Obj 1.01007 Rho 0 GRdif 5.87155 success 812848 failure 200746 obj_new 1.01007 SA_pAcc 0.844387 Delta -0.0214429 SA_r 0.746885 freedomratio 0.34209
Iter 3500000 pBad 0.154486 T 5.1032e-07 Obj 1.00904 Rho 0 GRdif 5.27343 success 906552 failure 317308 obj_new 1.00904 SA_pAcc 2.81902 Delta 0.00308679 SA_r 0.47895 freedomratio 0.314378
Iter 4000000 pBad 0.0849632 T 1.42232e-07 Obj 1.00869 Rho 0 GRdif 5.06991 success 969631 failure 500918 obj_new 1.00869 SA_pAcc 1 Delta 0.00335676 SA_r 0.630431 freedomratio 0.274216
Iter 4500000 pBad 0.0434214 T 3.96416e-08 Obj 1.00849 Rho 0 GRdif 5.06851 success 1010865 failure 743796 obj_new 1.00869 SA_pAcc 0 Delta -0.000517814 SA_r 0.162862 freedomratio 0.248621
Iter 5000000 pBad 0.0134471 T 1.10486e-08 Obj 1.00843 Rho 0 GRdif 4.91888 success 1032056 failure 1047135 obj_new 1.00843 SA_pAcc 1 Delta 0.00073738 SA_r 0.147327 freedomratio 0.220218
Iter 5500000 pBad 0.00755213 T 3.07936e-09 Obj 1.00841 Rho 0 GRdif 4.90635 success 1044228 failure 1381498 obj_new 1.00841 SA_pAcc 1 Delta -0.000173669 SA_r 0.455772 freedomratio 0.209961
Iter 6000000 pBad 0.00462149 T 8.58253e-10 Obj 1.0084 Rho 0 GRdif 4.90042 success 1051732 failure 1734139 obj_new 1.0084 SA_pAcc 1.63726e-22 Delta 0.000336442 SA_r 0.736663 freedomratio 0.202418
Iter 6500000 pBad 0.00156559 T 2.39205e-10 Obj 1.00839 Rho 0 GRdif 4.89842 success 1056112 failure 2102339 obj_new 1.00839 SA_pAcc 0 Delta -0.000140947 SA_r 0.664965 freedomratio 0.195464
Iter 7000000 pBad 0.00147789 T 6.6669e-11 Obj 1.00839 Rho 0 GRdif 4.90434 success 1058617 failure 2479774 obj_new 1.0084 SA_pAcc 0 Delta -0.000145418 SA_r 0.184968 freedomratio 0.192763
Iter 7500000 pBad 0.000904095 T 1.85814e-11 Obj 1.00839 Rho 0 GRdif 4.89546 success 1060588 failure 2861347 obj_new 1.00839 SA_pAcc 0 Delta 3.20276e-05 SA_r 0.297759 freedomratio 0.191691
Iter 8000000 pBad 0.000370744 T 5.17885e-12 Obj 1.00839 Rho 0 GRdif 4.89553 success 1062475 failure 3247153 obj_new 1.00839 SA_pAcc 0 Delta -1.93969e-05 SA_r 0.177354 freedomratio 0.18891
Iter 8500000 pBad 0.000448447 T 1.4434e-12 Obj 1.00839 Rho 0 GRdif 4.89458 success 1064555 failure 3635112 obj_new 1.00839 SA_pAcc 0 Delta -1.26391e-05 SA_r 0.529022 freedomratio 0.184567
Iter 9000000 pBad 0.000261223 T 4.02293e-13 Obj 1.00839 Rho 0 GRdif 4.89439 success 1069286 failure 4014942 obj_new 1.00839 SA_pAcc 0 Delta 2.32092e-05 SA_r 0.11637 freedomratio 0.184451
Iter 9500000 pBad 3.11186e-19 T 1.12123e-13 Obj 1.00839 Rho 0 GRdif 4.90298 success 1072591 failure 4346104 obj_new 1.0084 SA_pAcc 0 Delta 1.28655e-20 SA_r 0.0742131 freedomratio 0.173939
Iter 10000000 pBad 2.08179e-297 T 3.12501e-14 Obj 1.00839 Rho 0 GRdif 4.89467 success 1072591 failure 4657787 obj_new 1.00839 SA_pAcc 0 Delta -1.0167e-298 SA_r 0.0826895 freedomratio 0.138338
Cannot move further
iter 9.37648e+06 obj1.00839 rho 0 GRdif 4.89432
Training:
Lab Growth Rates:
0.4 0.42 0.45 0.59 0.377 0.27 0.42 1.43 0.38 0.4 0.53 0.38 0.56 0.56 0.33 0.41 0.23 0.45 0.55 1.345 0.4 0.47 0.4 1.483 0.37 0.52 0.52 0.1 0.25 0.68 0.58 0.46 0.09 0.56 1.05 0.46 0.46 0.5 0.26 0.5 0.19 0.43 0.637 0.762 0.54 0.5 0.4 0.52 0.1 0.46 0.4 0.42 0.53 0.56 0.45 0.55 0.4 0.41 1.248 0.53 0.27 0.55 0.52 0.23 0.3 1.67 0.48 0.47 0.3 0.724 0.48 0.56 0.7 0.32 0.48 0.54 0.59 0.46 0.5 0.636 0.3 0.5 0.686 0.43 0.47 0.45 0.53 0.59 0.36 1.248 0.58 0.45 0.39 0.52 0.37 0.22 0.5 0.53 0.901 0.4 0.49 0.37 0.36 0.5 0.648 0.5 0.6 0.45 0.6 0.4 0.1 0.46 0.37 0.4 0.1 0.36 0.36 1.345 0.65 0.56 0.55 0.59 0.54 0.43 0.68 0.33 0.42 0.54 0.42 0.27 0.37 0.45 0.5 1.248 0.3 1.483 0.4 0.1 0.47 1.248 0.36 0.54 1.483 1.44 0.56 0.58 0.7 0.54 0.52 0.65 0.4 0.5 0.55 0.3 0.39 0.4 0.5 1.483 0.25 0.465 0.59 1.05 0.42 0.48 0.37 1.345 0.52 0.56 0.3 0.481 0.4 0.53 0.55 0.46 0.54 0.46 0.31 0.47 0.5 0.686 0.11 1.483 0.4 0.43 0.39 0.5 0.54 0.5 0.41 0.54 0.22 0.58 0.33 0.481 0.53 0.485 0.47 0.5 0.25 0.65 1.49 0.42 0.47 0.5 0.47 0.2 0.56 0.54 0.6 0.43 0.54 0.43 0.42 0.22 0.4 0.45 0.39 0.23 0.19 1.05 0.37 0.49 0.46 0.26 0.2 0.37 0.46 0.09 0.4 0.47 0.648 0.901 0.465 0.54 0.5 0.5 0.4 0.42 0.42 0.4 0.37 0.23 0.3 0.56 0.53 1.46 0.38 0.22 1.345 0.1 0.45 0.54 0.52 0.43 0.4 0.635 1.46 0.47 0.14 0.5 0.4 0.3 1.42 0.4 0.4 0.31 0.4 0.39 0.45 0.46 1.38 0.45 0.485 0.59 0.58 0.5 0.47 1.483 0.5 0.46 0.4 0.42 0.51 0.54 0.54 1.345 0.53 0.724 0.42 0.65 0.43 0.7 0.47 0.58 0.4 0.47 0.25 0.37 0.59 0.485 0.301 0.59 0.58 0.5 0.11 0.4 0.4 0.25 0.45 0.45 0.49 0.762 0.762 0.54 0.34 0.4 0.4 0.33 0.46 1.67 0.4 0.901 1.483 1.345 0.34 0.45 0.65 0.33 0.724 0.31 0.39 0.637 0.901 0.41 0.47 0.54 0.22 0.4 0.53 0.55 0.41 0.37 0.55 1.05 1.05 0.58 0.22 0.68 0.68 0.32 0.33 0.59 0.34 0.377 0.27 0.4 0.47 0.36 0.4 0.59 0.46 0.4 0.65 0.4 0.7 0.377 0.476 0.58 0.59 0.56 0.58 0.52 0.617 0.42 0.37 0.71 0.5 0.58 0.4 0.47 0.36 0.53 0.301 0.58 0.59 0.1 0.481 0.2 0.45 0.42 0.41 0.47 0.4 1.66 0.33 0.58 0.4 0.301 0.4 0.23 1.345 0.42 0.27 0.58 0.53 0.3 0.465 0.36 0.56 0.55 0.54 0.762 0.52 0.476 0.476 1.35 0.4 0.42 0.4 0.46 0.47 0.38 0.5 0.4 0.4 0.14 0.37 0.51 0.4 0.23 0.56 0.59 0.59 0.54 0.5 0.4 1.345 0.48 0.4 0.4 0.68 0.54 0.65 0.25 0.5 0.65 0.48 0.5 0.48 0.3 1.483 0.5 0.43 0.51 0.47 0.4 0.46 0.54 0.32 0.4 1.46 0.53 0.54 0.25 0.59 0.55 0.3 0.11 0.58 0.4 0.41 0.4 0.37 0.4 1.4 0.5 0.4 1.46 0.6 0.56 0.43 0.54 0.65 0.4 0.54 0.901 0.635 0.46 0.56 0.43 0.648 0.52 0.3 0.55 0.58 0.5 0.33 0.53 0.637 0.48 0.53 0.22 0.686 0.636 0.43 0.4 1.483 0.09 0.47 0.58 0.58 1.248 0.58 0.23 0.47 0.42 0.46 0.37 0.5 0.46 0.56 0.25 1.345 0.59 0.45 0.47 0.4 1.03 0.45 0.485 0.4 0.56 0.48 0.45 0.42 1.345 0.901 0.5 0.41 0.54 0.4 0.47 0.54 0.33 0.4 0.54 0.636 0.3 0.71 0.46 0.47 0.52 0.41 0.4 0.4 0.1 0.27 1.66 1.345 1.483 0.3 0.23 1.483 0.55 0.22 0.56 0.37 1.43 0.71 0.23 0.4 0.54 0.38 0.36 0.635 0.58 0.26 0.45 0.19 1.483 0.1 0.5 1.345 0.46 0.58 0.5
Dot Production Prediction of Lab Growth Rates:
0.4007 0.341717 1.54679 0.400415 0.538547 0.582162 0.570877 1.43035 0.324555 0.398846 0.348455 0.386463 0.544122 0.532871 0.510346 0.328151 0.541617 0.38852 0.467746 1.11313 0.401201 0.365686 0.401677 1.08502 0.431131 0.384406 0.374838 0.443515 0.350703 0.523744 0.463065 0.304756 0.463983 0.539567 1.60899 0.455803 0.344857 0.325638 0.335136 0.39249 0.310243 0.425966 0.71871 1.44297 0.546653 0.349347 0.397925 0.348715 0.437466 0.462603 0.397399 0.557723 0.532814 0.528628 1.44178 0.549248 0.400246 0.335691 1.24599 0.53201 0.393381 0.46552 0.367535 0.538669 0.403447 1.49018 0.30387 0.374993 0.59062 0.72401 0.310017 0.545989 0.700066 0.321456 0.333861 0.389906 0.32207 0.382018 0.472927 0.722681 0.549888 0.375434 0.722643 0.362958 0.383046 0.370183 0.539407 0.540832 0.35914 1.24855 0.457259 0.379559 0.336731 0.366034 0.399465 0.471769 0.31536 0.528578 0.887337 0.400925 0.379368 0.400381 0.356863 0.543165 0.721062 0.719993 0.5634 1.45788 0.570598 0.402805 1.08206 0.516116 0.429387 0.40002 1.1805 0.425829 0.354219 1.09215 0.652022 0.471532 0.457038 0.344581 0.353896 0.350775 0.519711 0.319342 0.333039 0.348915 0.364923 0.340213 0.4529 0.403175 0.618924 1.25695 0.568906 1.05048 0.400499 1.28491 0.369215 1.24092 0.409323 0.542117 1.05711 1.5008 0.46201 0.410859 0.7032 0.365902 0.375434 0.629619 0.39247 0.471447 0.460758 0.541784 0.326686 0.401437 0.322952 1.08926 1.4917 0.532971 0.345196 1.05066 0.354035 0.360517 0.42602 1.06825 0.397259 0.534692 0.450583 0.534542 0.399692 0.290965 0.549987 0.46003 0.449148 0.428492 0.59299 0.342605 0.613519 0.723755 0.387323 1.09971 0.400661 0.374734 0.311209 0.536849 0.392956 0.707379 0.406134 0.463156 0.461447 0.462027 0.363715 0.530929 0.536908 0.531184 0.441623 0.316374 0.309949 0.649953 1.54679 0.333045 0.423739 0.538444 0.431096 0.351659 0.460688 0.542697 0.573154 0.384471 0.45809 0.422413 0.345264 0.471797 0.400149 1.44301 0.329228 0.445744 0.307701 1.04982 0.552767 0.376407 0.439382 0.561652 0.402822 0.424907 0.54023 0.385352 0.399548 0.348627 0.721158 0.896816 0.531812 0.38619 0.463905 0.708546 0.400577 0.329663 0.359362 0.401692 0.437553 0.543536 0.49257 0.530694 0.530944 1.58008 0.305473 0.471661 1.10792 1.06491 0.428447 0.449063 0.350801 0.407254 0.338628 0.724272 1.03459 0.395472 0.139999 0.475111 0.397379 0.314734 1.55065 0.400659 0.398393 0.571752 0.402787 0.366661 0.359331 0.514952 1.33821 0.366773 0.538625 0.316529 0.362248 0.630476 0.42516 1.0748 0.683753 0.30925 0.393797 0.319657 0.395304 0.53926 0.541631 1.0844 0.443303 0.723859 0.324074 0.6398 0.375115 0.708828 0.374455 0.30871 0.40001 0.424155 0.5144 0.297584 0.541821 0.539895 0.547256 0.351002 0.383327 0.330588 0.337517 0.397145 0.401093 0.355456 0.335353 1.47601 0.399625 1.43563 1.44895 0.387315 0.346472 0.397034 0.400715 0.465192 0.337511 1.39082 0.398545 0.901 1.07225 1.07662 0.324473 1.47089 0.64549 0.52527 0.723788 0.579427 0.331253 0.723569 0.896148 0.392821 0.39767 0.366008 0.369471 0.403115 0.317534 0.55068 0.545455 0.436983 0.546308 1.01082 1.05077 0.461977 0.446829 0.522463 0.519178 0.306926 0.338952 0.546767 0.325607 0.535726 0.303276 0.394277 0.450566 0.359031 0.401391 0.423535 0.460524 0.399669 0.618349 0.399703 0.708412 0.538523 0.53682 0.35593 0.541877 0.533636 0.458097 0.379254 0.488029 0.570537 0.428923 0.723583 0.546343 0.470785 0.402124 0.400036 0.32586 0.527454 0.549373 0.341617 0.542793 0.845377 0.532826 0.389298 0.433534 0.339358 0.343154 0.338706 0.39705 1.66 0.35842 0.47039 0.395619 0.546393 0.399604 0.446618 1.05816 0.316274 0.36072 0.459837 0.39117 0.275134 0.526942 0.324535 0.463154 0.466692 0.330475 1.43455 0.353456 0.534723 0.533159 1.35362 0.398859 0.373709 0.398165 0.427144 0.368128 0.37315 0.602866 0.401974 0.400744 0.140507 0.430937 0.428376 0.398625 0.536926 0.538983 0.539864 0.53818 0.45962 0.634036 0.399145 1.06636 0.353739 0.402723 0.395588 0.521193 0.457252 0.65953 0.354952 0.676066 0.650854 0.301915 0.467221 0.332233 0.269143 1.03979 0.538618 0.400422 0.408186 0.356886 0.401556 0.374791 0.393017 0.359756 0.400028 1.0337 0.409281 0.541999 0.542311 0.313051 0.547671 0.269446 0.388895 0.46962 0.403345 0.545999 0.402302 0.429497 0.398115 1.4 0.35383 0.401929 1.01394 0.566525 0.468772 0.393421 0.536779 0.659122 0.401316 0.307523 0.901319 0.720139 0.460018 0.460209 0.355942 0.716589 0.388471 0.540572 0.545302 0.465108 0.340904 0.327514 0.48579 0.719945 0.316992 0.34931 0.470509 0.725054 0.729984 0.463376 0.400741 1.05755 0.339508 0.361179 0.327809 0.466034 1.24796 0.375006 0.447192 0.402639 0.345527 0.457502 0.380505 0.3279 0.395564 0.541459 0.821147 1.08361 0.324543 0.350406 0.455492 0.402732 1.36585 0.320056 0.534399 0.402056 0.533685 0.3436 1.51547 0.346016 1.05432 1.27015 0.4627 0.547005 0.391982 0.402097 0.328365 0.339381 0.363762 0.39556 0.380788 0.724566 0.366039 0.728144 0.460685 0.398914 0.343158 0.379825 0.347214 0.403773 1.39686 0.385436 1.60393 1.08828 1.05687 0.561951 0.543772 1.06399 0.464088 0.396269 0.536426 0.437055 1.42646 0.720144 0.535734 0.400984 0.43218 0.314079 0.330132 0.721328 0.384831 0.458507 0.337689 0.309135 1.08676 0.354861 0.317727 1.08166 0.417185 0.47167 0.719631
Testing:
Lab Growth Rates:
0.17 0.17 0.17
Dot Production Prediction of Lab Growth Rates:
0.452326 0.354543 0.337361
Best performance so far: 
Obj: 4.67747e-310Rho: 2.26291e-314Diff: 4.67747e-310
Anneal again with the best G and E so far as input
Cycle 2Round 1
Iter 500000 pBad 0.823144 T 0.00108872 Obj 1.05146 Rho 0 GRdif 29.4052 success 112276 failure 11074 obj_new 1.05146 SA_pAcc 1.0565 Delta -0.0335301 SA_r 0.353863 freedomratio 0.269797
Iter 1000000 pBad 0.742383 T 0.000303438 Obj 1.03453 Rho 0 GRdif 19.8951 success 221622 failure 28785 obj_new 1.03453 SA_pAcc 0.805429 Delta 0.0647961 SA_r 0.477088 freedomratio 0.274988
Iter 1500000 pBad 0.619022 T 8.45716e-05 Obj 1.02475 Rho 0 GRdif 14.3245 success 327185 failure 55075 obj_new 1.02475 SA_pAcc 1 Delta 0.02801 SA_r 0.947101 freedomratio 0.265519
Iter 2000000 pBad 0.488187 T 2.35711e-05 Obj 1.02178 Rho 0 GRdif 12.6277 success 428502 failure 89555 obj_new 1.02178 SA_pAcc 1 Delta 0.047771 SA_r 0.271072 freedomratio 0.264799
Iter 2500000 pBad 0.418305 T 6.56952e-06 Obj 1.01852 Rho 0 GRdif 10.7516 success 522966 failure 138055 obj_new 1.01852 SA_pAcc 1 Delta 0.0363602 SA_r 0.925618 freedomratio 0.260676
Iter 3000000 pBad 0.281113 T 1.831e-06 Obj 1.01311 Rho 0 GRdif 7.63432 success 613434 failure 199062 obj_new 1.01311 SA_pAcc 1 Delta -0.0235867 SA_r 0.038745 freedomratio 0.250107
Iter 3500000 pBad 0.138822 T 5.1032e-07 Obj 1.011 Rho 0 GRdif 6.41208 success 686705 failure 299018 obj_new 1.011 SA_pAcc 1 Delta 0.00464828 SA_r 0.762942 freedomratio 0.235058
Iter 4000000 pBad 0.0992696 T 1.42232e-07 Obj 1.01012 Rho 0 GRdif 5.91138 success 742410 failure 444084 obj_new 1.01014 SA_pAcc 3.32779e-73 Delta 0.00973722 SA_r 0.0188575 freedomratio 0.215679
Iter 4500000 pBad 0.0501579 T 3.96416e-08 Obj 1.00967 Rho 0 GRdif 5.6493 success 779100 failure 650804 obj_new 1.00969 SA_pAcc 2.97898e-200 Delta 0.00465677 SA_r 0.842273 freedomratio 0.193336
Iter 5000000 pBad 0.0171759 T 1.10486e-08 Obj 1.00949 Rho 0 GRdif 5.53558 success 801399 failure 915717 obj_new 1.00949 SA_pAcc 1 Delta -0.000526603 SA_r 0.0918195 freedomratio 0.171445
Iter 5500000 pBad 0.0120914 T 3.07936e-09 Obj 1.0094 Rho 0 GRdif 5.48026 success 817170 failure 1218957 obj_new 1.0094 SA_pAcc 1 Delta 0.0011177 SA_r 0.238942 freedomratio 0.160022
Iter 6000000 pBad 0.006636 T 8.58253e-10 Obj 1.00935 Rho 0 GRdif 5.45629 success 827855 failure 1552097 obj_new 1.00935 SA_pAcc 0 Delta 0.000484815 SA_r 0.441433 freedomratio 0.152089
Iter 6500000 pBad 0.00150619 T 2.39205e-10 Obj 1.00933 Rho 0 GRdif 5.44068 success 835576 failure 1903869 obj_new 1.00933 SA_pAcc 5.8538e-15 Delta -0.000111181 SA_r 0.196664 freedomratio 0.148354
Iter 7000000 pBad 0.00200621 T 6.6669e-11 Obj 1.00932 Rho 0 GRdif 5.43511 success 841476 failure 2268683 obj_new 1.00932 SA_pAcc 1 Delta -8.61507e-08 SA_r 0.339372 freedomratio 0.145373
Iter 7500000 pBad 0.00158682 T 1.85814e-11 Obj 1.00931 Rho 0 GRdif 5.43269 success 846751 failure 2641042 obj_new 1.00931 SA_pAcc 7.1902e-69 Delta -3.96103e-05 SA_r 0.283881 freedomratio 0.142614
Iter 8000000 pBad 0.000213237 T 5.17885e-12 Obj 1.00931 Rho 0 GRdif 5.43107 success 851681 failure 3021449 obj_new 1.00931 SA_pAcc 1 Delta 6.62882e-06 SA_r 0.175715 freedomratio 0.140494
Iter 8500000 pBad 2.72901e-11 T 1.4434e-12 Obj 1.00931 Rho 0 GRdif 5.42982 success 858923 failure 3396544 obj_new 1.00931 SA_pAcc 1 Delta -9.99091e-13 SA_r 0.139618 freedomratio 0.134589
Iter 9000000 pBad 1.3205e-30 T 4.02293e-13 Obj 1.00931 Rho 0 GRdif 5.43964 success 859286 failure 3723112 obj_new 1.00933 SA_pAcc 0 Delta 8.56807e-32 SA_r 0.732945 freedomratio 0.134651
Iter 9500000 pBad 3.108e-101 T 1.12123e-13 Obj 1.00931 Rho 0 GRdif 5.42982 success 859286 failure 4049198 obj_new 1.00931 SA_pAcc 1 Delta -3.06465e-102 SA_r 0.863921 freedomratio 0.134558
Good enough
iter 8.63418e+06 obj1.00931 rho 0 GRdif 5.42982
Training:
Lab Growth Rates:
0.4 0.42 0.45 0.59 0.377 0.27 0.42 1.43 0.38 0.4 0.53 0.38 0.56 0.56 0.33 0.41 0.23 0.45 0.55 1.345 0.4 0.47 0.4 1.483 0.37 0.52 0.52 0.1 0.25 0.68 0.58 0.46 0.09 0.56 1.05 0.46 0.46 0.5 0.26 0.5 0.19 0.43 0.637 0.762 0.54 0.5 0.4 0.52 0.1 0.46 0.4 0.42 0.53 0.56 0.45 0.55 0.4 0.41 1.248 0.53 0.27 0.55 0.52 0.23 0.3 1.67 0.48 0.47 0.3 0.724 0.48 0.56 0.7 0.32 0.48 0.54 0.59 0.46 0.5 0.636 0.3 0.5 0.686 0.43 0.47 0.45 0.53 0.59 0.36 1.248 0.58 0.45 0.39 0.52 0.37 0.22 0.5 0.53 0.901 0.4 0.49 0.37 0.36 0.5 0.648 0.5 0.6 0.45 0.6 0.4 0.1 0.46 0.37 0.4 0.1 0.36 0.36 1.345 0.65 0.56 0.55 0.59 0.54 0.43 0.68 0.33 0.42 0.54 0.42 0.27 0.37 0.45 0.5 1.248 0.3 1.483 0.4 0.1 0.47 1.248 0.36 0.54 1.483 1.44 0.56 0.58 0.7 0.54 0.52 0.65 0.4 0.5 0.55 0.3 0.39 0.4 0.5 1.483 0.25 0.465 0.59 1.05 0.42 0.48 0.37 1.345 0.52 0.56 0.3 0.481 0.4 0.53 0.55 0.46 0.54 0.46 0.31 0.47 0.5 0.686 0.11 1.483 0.4 0.43 0.39 0.5 0.54 0.5 0.41 0.54 0.22 0.58 0.33 0.481 0.53 0.485 0.47 0.5 0.25 0.65 1.49 0.42 0.47 0.5 0.47 0.2 0.56 0.54 0.6 0.43 0.54 0.43 0.42 0.22 0.4 0.45 0.39 0.23 0.19 1.05 0.37 0.49 0.46 0.26 0.2 0.37 0.46 0.09 0.4 0.47 0.648 0.901 0.465 0.54 0.5 0.5 0.4 0.42 0.42 0.4 0.37 0.23 0.3 0.56 0.53 1.46 0.38 0.22 1.345 0.1 0.45 0.54 0.52 0.43 0.4 0.635 1.46 0.47 0.14 0.5 0.4 0.3 1.42 0.4 0.4 0.31 0.4 0.39 0.45 0.46 1.38 0.45 0.485 0.59 0.58 0.5 0.47 1.483 0.5 0.46 0.4 0.42 0.51 0.54 0.54 1.345 0.53 0.724 0.42 0.65 0.43 0.7 0.47 0.58 0.4 0.47 0.25 0.37 0.59 0.485 0.301 0.59 0.58 0.5 0.11 0.4 0.4 0.25 0.45 0.45 0.49 0.762 0.762 0.54 0.34 0.4 0.4 0.33 0.46 1.67 0.4 0.901 1.483 1.345 0.34 0.45 0.65 0.33 0.724 0.31 0.39 0.637 0.901 0.41 0.47 0.54 0.22 0.4 0.53 0.55 0.41 0.37 0.55 1.05 1.05 0.58 0.22 0.68 0.68 0.32 0.33 0.59 0.34 0.377 0.27 0.4 0.47 0.36 0.4 0.59 0.46 0.4 0.65 0.4 0.7 0.377 0.476 0.58 0.59 0.56 0.58 0.52 0.617 0.42 0.37 0.71 0.5 0.58 0.4 0.47 0.36 0.53 0.301 0.58 0.59 0.1 0.481 0.2 0.45 0.42 0.41 0.47 0.4 1.66 0.33 0.58 0.4 0.301 0.4 0.23 1.345 0.42 0.27 0.58 0.53 0.3 0.465 0.36 0.56 0.55 0.54 0.762 0.52 0.476 0.476 1.35 0.4 0.42 0.4 0.46 0.47 0.38 0.5 0.4 0.4 0.14 0.37 0.51 0.4 0.23 0.56 0.59 0.59 0.54 0.5 0.4 1.345 0.48 0.4 0.4 0.68 0.54 0.65 0.25 0.5 0.65 0.48 0.5 0.48 0.3 1.483 0.5 0.43 0.51 0.47 0.4 0.46 0.54 0.32 0.4 1.46 0.53 0.54 0.25 0.59 0.55 0.3 0.11 0.58 0.4 0.41 0.4 0.37 0.4 1.4 0.5 0.4 1.46 0.6 0.56 0.43 0.54 0.65 0.4 0.54 0.901 0.635 0.46 0.56 0.43 0.648 0.52 0.3 0.55 0.58 0.5 0.33 0.53 0.637 0.48 0.53 0.22 0.686 0.636 0.43 0.4 1.483 0.09 0.47 0.58 0.58 1.248 0.58 0.23 0.47 0.42 0.46 0.37 0.5 0.46 0.56 0.25 1.345 0.59 0.45 0.47 0.4 1.03 0.45 0.485 0.4 0.56 0.48 0.45 0.42 1.345 0.901 0.5 0.41 0.54 0.4 0.47 0.54 0.33 0.4 0.54 0.636 0.3 0.71 0.46 0.47 0.52 0.41 0.4 0.4 0.1 0.27 1.66 1.345 1.483 0.3 0.23 1.483 0.55 0.22 0.56 0.37 1.43 0.71 0.23 0.4 0.54 0.38 0.36 0.635 0.58 0.26 0.45 0.19 1.483 0.1 0.5 1.345 0.46 0.58 0.5
Dot Production Prediction of Lab Growth Rates:
0.364353 0.333355 1.42592 0.408865 0.538345 0.62698 0.624831 1.17002 0.29724 0.366602 0.34965 0.402943 0.554666 0.550077 0.556616 0.336075 0.557985 0.398171 0.48006 1.35646 0.376419 0.35628 0.369367 1.32514 0.421247 0.346471 0.361975 0.472511 0.358681 0.393784 0.465074 0.273301 0.492081 0.543668 1.34128 0.451994 0.361938 0.354154 0.369887 0.443992 0.275075 0.454168 0.680595 1.47161 0.551574 0.373783 0.359372 0.366683 0.471746 0.492444 0.362695 0.594123 0.536453 0.524275 1.32739 0.555277 0.367277 0.389926 1.24243 0.548783 0.389648 0.48498 0.378216 0.547173 0.400732 1.40118 0.254305 0.381578 0.750503 0.696993 0.258887 0.557994 0.840436 0.317063 0.327648 0.388744 0.325825 0.373541 0.479256 0.682423 0.673858 0.371636 0.691131 0.372869 0.397818 0.386827 0.547331 0.547291 0.377655 1.24843 0.460768 0.388753 0.331467 0.351876 0.409382 0.486193 0.326776 0.524389 0.893244 0.368634 0.391669 0.422436 0.347404 0.567766 0.684637 0.872682 0.70467 1.35774 0.688253 0.377037 1.57628 0.567844 0.422153 0.354816 1.84961 0.469923 0.362369 1.33892 0.648004 0.475879 0.475927 0.339197 0.365824 0.355751 0.393899 0.304233 0.341701 0.335684 0.331144 0.331292 0.49594 0.431384 0.741341 1.25739 0.729804 1.29775 0.363225 1.82776 0.353584 1.24183 0.449928 0.553118 1.35008 1.42717 0.459181 0.420959 0.839256 0.375901 0.404795 0.627574 0.344729 0.473911 0.475022 0.666961 0.306546 0.377098 0.313736 1.35846 1.38332 0.521335 0.3409 1.07368 0.365417 0.367978 0.411033 1.34655 0.386327 0.542545 0.54379 0.523028 0.367281 0.246391 0.549983 0.472424 0.471303 0.399692 0.643402 0.327008 0.699983 0.693724 0.403036 1.36728 0.373101 0.378967 0.282564 0.546443 0.398602 0.820146 0.419398 0.482926 0.480365 0.45958 0.367794 0.522181 0.557082 0.521557 0.441421 0.314399 0.300379 0.649964 1.42592 0.342436 0.41002 0.544665 0.432251 0.338206 0.460443 0.534014 0.744293 0.355549 0.471914 0.433147 0.333395 0.487033 0.367392 1.33312 0.332133 0.438924 0.266931 1.05418 0.629085 0.408084 0.420182 0.624554 0.384069 0.450435 0.59975 0.396023 0.370751 0.345295 0.683954 0.899071 0.520639 0.408472 0.466113 0.832381 0.371783 0.285129 0.358377 0.370825 0.427695 0.548393 0.625408 0.530473 0.517925 1.37159 0.27443 0.482367 1.37933 1.57794 0.432213 0.472027 0.327741 0.409807 0.28814 0.690491 1.05996 0.356848 0.357548 0.477488 0.363071 0.296471 1.42549 0.370094 0.363141 0.617885 0.375108 0.385423 0.332353 0.572788 1.25943 0.356757 0.527256 0.30478 0.37972 0.750053 0.424786 1.34117 0.839643 0.297762 0.349379 0.276836 0.407622 0.544922 0.539808 1.33139 0.472417 0.693939 0.329481 0.64987 0.383238 0.844748 0.378218 0.284095 0.37446 0.439081 0.549199 0.264616 0.550499 0.528929 0.548646 0.32939 0.375432 0.330401 0.326334 0.359004 0.370511 0.373982 0.308674 1.38295 0.424351 1.45751 1.48156 0.392495 0.33998 0.358674 0.369735 0.512012 0.351071 1.37118 0.362937 0.900985 1.34016 1.3465 0.305332 1.34965 0.64437 0.573864 0.689928 0.62535 0.314892 0.684609 0.89591 0.393997 0.42191 0.35544 0.38074 0.37073 0.319805 0.561493 0.533798 0.425332 0.545694 1.04365 1.07276 0.460438 0.496882 0.397225 0.393712 0.31326 0.331254 0.543113 0.31222 0.533443 0.269971 0.348435 0.486651 0.352815 0.370063 0.427274 0.459985 0.37358 0.623441 0.371379 0.849085 0.537676 0.522678 0.351948 0.550697 0.544793 0.447705 0.404945 0.615519 0.620396 0.416989 0.691745 0.542318 0.47384 0.378844 0.416873 0.324687 0.525503 0.549305 0.342769 0.550235 1.02393 0.520774 0.398498 0.471054 0.288196 0.329813 0.298796 0.353951 1.42133 0.332346 0.473895 0.346209 0.548846 0.372429 0.43877 1.25726 0.295408 0.354654 0.45899 0.445514 0.209543 0.518195 0.317603 0.472139 0.479543 0.326578 1.46077 0.372691 0.521761 0.519353 1.14081 0.371097 0.411911 0.373611 0.40696 0.359695 0.372531 0.736717 0.3686 0.356608 0.361553 0.424661 0.447104 0.364225 0.545673 0.538867 0.542276 0.54374 0.476321 0.705587 0.364804 1.36053 0.352087 0.373295 0.356998 0.395796 0.468774 0.65019 0.372696 0.822253 0.659881 0.266876 0.472772 0.300548 0.20244 1.251 0.54449 0.42742 0.444233 0.355865 0.369332 0.366817 0.42005 0.36322 0.368461 1.04787 0.423413 0.53148 0.593397 0.295152 0.555551 0.205934 0.390806 0.477198 0.371058 0.533463 0.36789 0.415152 0.369651 1.39997 0.407882 0.371098 1.0567 0.722554 0.475339 0.415216 0.544041 0.664585 0.36952 0.279956 0.902547 0.687865 0.459209 0.457208 0.36097 0.676519 0.405595 0.687153 0.547049 0.466326 0.367608 0.30146 0.47935 0.684996 0.308012 0.385729 0.483487 0.694 0.693413 0.458593 0.3675 1.35238 0.34698 0.365977 0.309973 0.465183 1.24784 0.374142 0.437542 0.409021 0.351681 0.463149 0.428141 0.30589 0.408798 0.553314 1.02497 1.30514 0.312689 0.327117 0.448559 0.369744 1.24636 0.284579 0.522314 0.371225 0.545219 0.338799 1.38491 0.3539 1.31363 1.2823 0.464308 0.529301 0.414373 0.368833 0.306609 0.331104 0.36633 0.354325 0.378109 0.688178 0.351208 0.696272 0.466719 0.411838 0.313832 0.423784 0.295708 0.381862 1.3243 0.389667 1.42564 1.34847 1.32773 0.726678 0.550649 1.25861 0.48096 0.420766 0.552409 0.426369 1.1764 0.688812 0.544497 0.369199 0.458143 0.305881 0.333044 0.684658 0.406877 0.50552 0.306665 0.258398 1.34904 0.335926 0.29346 1.31567 0.441337 0.475422 0.874376
Testing:
Lab Growth Rates:
0.17 0.17 0.17
Dot Production Prediction of Lab Growth Rates:
0.485335 0.331071 0.316681
Best performance so far: 
Obj: 4.67747e-310Rho: 4.18174e-312Diff: 4.67747e-310
Test:
 Lab Growth Rates:
0.17 0.17 0.17Dot Product Prediction of Growth Rate:
0.4853354 0.3310707 0.316681