seed =  5 traits =  1 
Training: part  211 
Training: part  211 
Round  1 
 Goal of obj  0.99 
Temperature range:  0.0078125 1.5625e-14 
Cycle 1Round 1
Iter 500000 pBad 0.885295 T 0.00203162 Obj 1.0953 Rho 0 GRdif 53.3435 success 147683 failure 7883 obj_new 1.0953 SA_pAcc 1 Delta 0.0233535 SA_r 0.81073 freedomratio 0.377091
Iter 1000000 pBad 0.808942 T 0.000528317 Obj 1.04157 Rho 0 GRdif 23.8672 success 291464 failure 23466 obj_new 1.04157 SA_pAcc 0.912016 Delta 0.0658769 SA_r 0.324545 freedomratio 0.368553
Iter 1500000 pBad 0.773188 T 0.000137387 Obj 1.03194 Rho 0 GRdif 18.4245 success 433397 failure 44716 obj_new 1.03194 SA_pAcc 1.02105 Delta -0.0501494 SA_r 0.373097 freedomratio 0.357099
Iter 2000000 pBad 0.608395 T 3.57271e-05 Obj 1.02412 Rho 0 GRdif 13.9641 success 572343 failure 72154 obj_new 1.02412 SA_pAcc 0.858739 Delta 0.00277415 SA_r 0.712055 freedomratio 0.373248
Iter 2500000 pBad 0.457021 T 9.29071e-06 Obj 1.01722 Rho 0 GRdif 10.005 success 708439 failure 105497 obj_new 1.01722 SA_pAcc 1.01945 Delta 0.00695439 SA_r 0.0338575 freedomratio 0.357972
Iter 3000000 pBad 0.312336 T 2.41602e-06 Obj 1.01241 Rho 0 GRdif 7.22566 success 828666 failure 169284 obj_new 1.01241 SA_pAcc 1 Delta 0.0110844 SA_r 0.622001 freedomratio 0.34249
Iter 3500000 pBad 0.221425 T 6.28278e-07 Obj 1.00905 Rho 0 GRdif 5.27823 success 929986 failure 271872 obj_new 1.00905 SA_pAcc 0.0971852 Delta -0.0199488 SA_r 0.0876867 freedomratio 0.331448
Iter 4000000 pBad 0.106283 T 1.63382e-07 Obj 1.00856 Rho 0 GRdif 4.99215 success 999175 failure 442919 obj_new 1.00856 SA_pAcc 1 Delta -0.00426005 SA_r 0.311178 freedomratio 0.285575
Iter 4500000 pBad 0.04284 T 4.24869e-08 Obj 1.00833 Rho 0 GRdif 4.8623 success 1039058 failure 687568 obj_new 1.00833 SA_pAcc 1 Delta -0.00123765 SA_r 0.0834371 freedomratio 0.245702
Iter 5000000 pBad 0.0175252 T 1.10486e-08 Obj 1.00825 Rho 0 GRdif 4.81543 success 1061877 failure 985794 obj_new 1.00825 SA_pAcc 1.183e-185 Delta -0.00126535 SA_r 0.531465 freedomratio 0.217198
Iter 5500000 pBad 0.00969587 T 2.87315e-09 Obj 1.00822 Rho 0 GRdif 4.79547 success 1073001 failure 1323903 obj_new 1.00822 SA_pAcc 4.27734e-05 Delta 0.000269438 SA_r 0.726711 freedomratio 0.208689
Iter 6000000 pBad 0.00492778 T 7.47152e-10 Obj 1.00821 Rho 0 GRdif 4.79279 success 1078920 failure 1679484 obj_new 1.00821 SA_pAcc 4.61632e-103 Delta -0.000193798 SA_r 0.621782 freedomratio 0.205182
Iter 6500000 pBad 0.00311033 T 1.94295e-10 Obj 1.00821 Rho 0 GRdif 4.79151 success 1081803 failure 2045511 obj_new 1.00821 SA_pAcc 1.44074e-05 Delta 2.87591e-05 SA_r 0.722588 freedomratio 0.201375
Iter 7000000 pBad 0.000676165 T 5.05257e-11 Obj 1.00821 Rho 0 GRdif 4.79063 success 1083717 failure 2415872 obj_new 1.00821 SA_pAcc 7.15558e-44 Delta 5.69803e-05 SA_r 0.159152 freedomratio 0.201305
Iter 7500000 pBad 0.000851889 T 1.3139e-11 Obj 1.00821 Rho 0 GRdif 4.79022 success 1084769 failure 2788421 obj_new 1.00821 SA_pAcc 1 Delta -5.89265e-05 SA_r 0.194645 freedomratio 0.2
Iter 8000000 pBad 0.000577287 T 3.41677e-12 Obj 1.00821 Rho 0 GRdif 4.78989 success 1087124 failure 3155290 obj_new 1.00821 SA_pAcc 0 Delta -1.81872e-05 SA_r 0.10606 freedomratio 0.196183
Iter 8500000 pBad 0.000870367 T 8.88519e-13 Obj 1.00821 Rho 0 GRdif 4.79297 success 1089385 failure 3523746 obj_new 1.00821 SA_pAcc 0 Delta 3.50102e-05 SA_r 0.757253 freedomratio 0.197639
Iter 9000000 pBad 4.24964e-16 T 2.31057e-13 Obj 1.00821 Rho 0 GRdif 4.83587 success 1093815 failure 3867345 obj_new 1.00829 SA_pAcc 0 Delta -3.98398e-17 SA_r 0.426745 freedomratio 0.184741
Iter 9500000 pBad 0 T 6.00855e-14 Obj 1.00821 Rho 0 GRdif 4.7895 success 1093815 failure 4154607 obj_new 1.00821 SA_pAcc 1 Delta -0 SA_r 0.225302 freedomratio 0.153685
Iter 10000000 pBad 7.82323e-187 T 1.5625e-14 Obj 1.00821 Rho 0 GRdif 4.7895 success 1093815 failure 4459922 obj_new 1.00821 SA_pAcc 1 Delta -7.37404e-188 SA_r 0.588673 freedomratio 0.0830499
Cannot move further
iter 8.98505e+06 obj1.00821 rho 0 GRdif 4.7895
Training:
Lab Growth Rates:
0.65 1.05 1.345 0.53 0.5 0.11 0.46 0.56 0.52 0.46 1.483 0.55 0.17 0.58 1.483 0.5 0.43 0.19 0.37 1.248 0.23 0.46 0.22 0.47 0.42 1.46 0.377 0.26 0.47 0.52 0.47 0.55 0.47 0.4 0.23 1.483 1.345 1.345 0.45 0.43 0.46 0.54 0.37 1.483 0.55 0.46 0.25 1.43 0.23 0.55 0.59 0.2 0.71 0.51 1.66 0.476 0.636 0.23 0.56 0.33 0.56 0.5 0.42 0.3 0.5 0.6 0.32 0.59 0.54 0.47 0.53 0.54 0.481 0.46 0.53 0.4 0.34 0.43 0.46 0.5 0.636 0.33 0.47 0.3 0.54 0.54 0.47 0.4 0.5 0.4 0.762 0.5 0.4 0.53 0.5 0.5 0.55 0.901 0.54 0.43 0.54 1.483 0.762 0.4 0.59 0.48 1.248 0.1 0.45 0.53 0.54 0.38 0.686 0.5 0.45 0.485 0.4 0.4 0.52 1.05 0.4 0.4 0.45 0.49 0.5 0.901 0.55 0.5 0.1 0.648 0.465 0.59 0.37 0.617 0.22 0.724 0.762 0.36 0.42 0.45 0.46 0.39 0.2 0.42 0.4 0.4 0.4 1.483 0.48 0.648 0.4 0.54 0.31 0.4 0.54 0.6 1.05 1.345 0.65 0.636 0.58 0.53 0.51 0.52 0.39 0.46 0.42 0.54 1.248 0.52 0.55 0.53 0.49 0.32 0.43 0.36 0.5 0.11 0.25 0.5 0.637 0.55 0.71 0.26 0.33 0.54 0.4 0.4 0.59 0.42 0.55 0.19 0.4 0.54 0.4 0.46 0.635 0.51 0.58 0.52 0.52 0.58 0.5 0.3 0.55 0.41 1.248 0.47 1.248 0.3 0.59 0.3 1.345 0.45 0.36 0.3 0.58 0.54 0.47 0.5 0.901 0.3 0.09 0.71 0.45 0.34 0.37 0.54 0.4 0.686 1.05 0.53 1.67 0.4 0.3 0.37 0.56 1.03 0.25 0.4 1.483 0.42 0.476 0.37 0.4 0.377 0.25 0.5 0.25 0.4 0.4 0.58 0.56 0.901 0.1 0.37 0.4 0.5 0.58 0.54 0.58 1.49 0.59 1.345 0.58 0.36 0.45 0.56 0.4 0.41 0.43 0.45 1.345 0.58 0.4 0.39 0.46 0.41 0.42 0.27 0.2 0.5 0.23 0.37 0.54 0.53 0.23 0.37 1.66 0.4 0.7 0.1 0.58 0.637 0.4 0.56 0.39 1.345 0.47 0.58 0.47 0.37 0.65 0.47 0.5 0.4 1.483 0.47 0.43 0.39 0.3 0.6 0.41 0.485 0.7 0.58 0.55 0.56 0.3 0.45 0.485 0.4 0.33 0.4 0.481 0.53 0.56 0.56 0.22 0.5 0.5 0.47 0.56 1.483 0.54 0.33 0.43 0.45 0.27 0.5 0.47 0.37 0.4 0.41 0.46 0.42 1.05 0.31 0.14 0.53 0.23 0.42 0.59 0.48 0.33 0.53 0.48 0.54 0.47 0.54 0.43 0.4 0.34 0.47 0.1 0.48 0.4 0.52 1.345 0.54 0.22 0.27 0.32 0.25 0.55 0.301 0.59 0.56 1.38 0.7 0.31 0.52 0.47 0.45 0.4 0.46 0.14 0.56 0.42 0.4 0.17 0.56 1.35 0.38 1.345 1.67 0.4 0.38 0.43 0.38 0.42 0.56 0.37 0.3 0.43 0.68 0.59 0.635 1.345 1.483 0.46 0.476 0.648 0.4 0.27 0.5 0.54 0.68 0.41 0.5 0.54 0.68 0.635 0.48 0.36 0.4 0.46 0.58 0.09 0.56 0.7 0.19 0.37 0.41 0.22 0.43 0.22 0.48 0.68 0.09 0.33 0.45 0.54 0.54 0.58 0.59 0.1 1.46 0.5 1.42 0.17 0.49 0.59 1.44 0.52 0.58 0.52 0.41 0.48 0.5 0.4 0.42 0.45 0.47 0.4 0.45 0.37 0.485 0.4 1.46 0.4 0.54 0.4 0.4 0.47 0.3 0.58 0.42 0.27 0.42 0.5 0.65 0.36 0.42 0.45 0.481 0.36 0.4 0.45 0.54 0.65 0.4 0.36 0.65 0.53 0.65 0.68 0.33 0.41 0.58 0.22 0.26 0.4 0.47 0.901 0.5 0.27 0.46 0.54 0.11 1.483 0.38 0.52 0.465 0.37 0.65 0.65 1.345 0.42 0.36 0.5 0.4 0.4 0.637 0.25 0.1 0.5 0.377 0.5 0.33 0.39 0.47 0.47 0.37 0.46 0.46 0.59 0.4 0.901 0.3 0.45 0.4 1.43 1.46 0.5 0.56 0.53 1.483 0.4 0.58 0.23 0.47 0.301 0.58 0.45 0.724 0.4 0.58 0.6 0.59 0.4 0.4 0.3 0.53 0.22 0.4 1.4 0.724 0.23 0.762 0.25 0.301 0.5 0.42 0.4 0.4 0.59 0.686 0.59 0.4 0.48 0.465 0.1 0.1 0.56 0.4
Dot Production Prediction of Lab Growth Rates:
0.640443 1.7342 1.06231 0.46237 0.33024 0.335948 0.521501 0.544178 0.390644 0.415951 1.06555 0.548553 0.326576 0.471729 1.08823 0.608165 0.389072 0.350424 0.420243 0.855268 0.541106 0.378779 0.474419 0.393135 0.583611 0.957588 0.480198 0.340679 0.384129 0.387021 0.371003 0.552243 0.394459 0.404571 0.539212 1.07533 1.09499 1.05712 0.389495 0.439381 0.461287 0.39989 0.406523 1.10042 0.550951 0.509659 1.52656 1.40569 0.547974 0.554744 0.54654 0.387287 0.729554 0.425914 1.66 0.478079 0.721617 0.44247 0.459604 0.379712 0.540806 0.47045 0.358329 0.362031 0.53383 0.39768 0.338924 0.551362 0.457547 0.456534 0.350922 0.431384 0.469969 0.465839 0.365646 0.400056 0.310836 0.375329 0.304167 0.545512 0.705257 0.330309 0.356635 0.391334 0.300322 0.379361 0.397698 0.398457 0.423195 0.403317 0.80391 0.467216 0.39502 0.324817 0.669484 0.609094 0.459698 0.905275 0.449529 0.375248 0.454669 1.10618 0.794773 0.390223 0.335778 0.305302 0.860491 1.03723 1.51017 0.537498 0.450747 0.354773 0.725522 0.325213 1.52523 0.471499 0.400807 0.401945 0.391464 1.05178 0.380702 0.401871 1.49624 0.408165 0.679934 0.903826 0.459472 0.394242 1.14403 0.716219 0.478791 0.321312 0.418527 0.616942 0.467776 0.721901 0.797651 0.438987 0.303889 0.321968 0.334445 0.332707 0.352014 0.341628 0.400253 0.397503 0.399416 1.0619 0.30927 0.713249 0.40074 0.325069 0.540746 0.38976 0.53429 0.405503 0.959035 1.09307 0.679665 0.722678 0.377499 0.525375 0.433929 0.37039 0.333694 0.459998 0.33286 0.452153 0.864431 0.386012 0.450189 0.289788 0.391647 0.302811 0.396445 0.359503 0.360333 0.383261 0.309752 0.617601 0.707975 0.5529 0.722282 0.537302 0.454619 0.365613 0.401711 0.401713 0.310893 0.34561 0.45781 0.334122 0.403515 0.548627 0.389698 0.459579 0.714952 0.399334 0.470491 0.373487 0.335681 0.462754 0.473323 0.322715 0.552799 0.395042 0.85723 0.360297 0.857489 0.321834 0.544694 0.406 1.08212 1.50323 0.36389 0.39398 0.35027 0.538058 0.403063 0.53264 0.900891 0.421349 0.467637 0.720584 0.411384 0.309859 0.424357 0.372662 0.401944 0.727589 1.04998 0.527065 1.54189 0.396665 0.327799 0.309561 0.550325 1.45139 0.337798 0.399469 1.06152 0.348385 0.476987 0.435689 0.400108 0.478516 0.344164 0.47157 0.348819 0.315117 0.4 0.311979 0.469371 0.901 0.826205 0.565874 0.402989 0.327689 0.365298 0.388355 0.473028 1.5716 0.317422 1.08652 0.358436 0.333182 0.355704 0.547824 0.396637 0.404867 0.422564 1.49637 1.09572 0.406458 0.401079 0.361354 0.466892 0.360712 0.327529 0.369315 0.391874 0.661262 0.536956 0.435105 0.336991 0.407578 0.443689 0.437849 1.66 0.402262 0.661858 1.46421 0.464476 0.711491 0.395852 0.550529 0.311284 1.11047 0.367442 0.467267 0.353535 0.418157 0.668379 0.371473 0.464085 0.399982 1.04117 0.370383 0.419886 0.319517 0.321858 0.41395 0.46495 0.465525 0.660653 0.326177 0.459154 0.546227 0.421164 0.333024 0.465301 0.394332 0.329642 0.402423 0.470858 0.438469 0.469781 0.549746 0.39993 0.382102 0.340382 0.351009 0.458984 1.04576 0.538138 0.367255 0.375023 0.376141 0.297768 0.704372 0.462632 0.386474 0.393426 0.390855 0.314747 0.333808 1.05 0.543445 0.140001 0.54393 0.443237 0.316178 0.541764 0.328453 0.32758 0.400807 0.318669 0.363775 0.373206 0.313324 0.389172 0.402347 0.327425 0.332675 0.357861 0.307565 0.386467 0.390642 1.10169 0.540019 0.465094 0.373761 0.322952 0.558523 0.461915 0.47746 0.352564 0.469401 1.35305 0.662354 0.552921 0.363982 0.39848 1.5716 0.401366 0.537378 0.139897 0.546784 0.344483 0.402313 0.309696 0.534453 1.30212 0.308274 1.05457 1.48481 0.402491 0.311171 0.374171 0.366552 0.337297 0.533612 0.417026 0.389748 0.387714 0.444505 0.554469 0.718033 1.13371 1.06884 0.456273 0.47766 0.710593 0.393805 0.38182 0.366833 0.533692 0.441915 0.474524 0.617286 0.372837 0.445342 0.717606 0.339252 0.351428 0.400983 0.399431 0.463877 0.353893 0.547904 0.664025 0.345801 0.425286 0.474414 0.36742 0.413622 0.44814 0.365665 0.447355 0.37578 0.497236 0.387963 0.53775 0.368283 0.371216 0.374824 0.936619 1.62644 0.329948 1.60862 0.448191 0.378977 0.552713 1.56662 0.361001 0.459937 0.355701 0.324579 0.297654 0.692567 0.324337 0.311321 0.360181 0.343369 0.404936 0.361925 0.451345 0.473391 0.393988 0.992131 0.401722 0.384259 0.401655 0.396938 0.35364 0.360851 0.458426 0.40484 0.323911 0.326747 0.466114 0.628233 0.333414 0.567178 0.406332 0.470283 0.360452 0.398674 1.56565 0.35472 0.666124 0.392238 0.326072 0.656695 0.530006 0.65 0.445359 0.514562 0.342858 0.459617 0.475654 0.441655 0.395282 0.38782 0.911608 0.541394 0.609644 0.468396 0.456288 0.390434 1.08816 0.323385 0.369067 0.475987 0.437518 0.640593 0.648736 1.13583 0.586153 0.419176 0.643135 0.39665 0.40215 0.710766 0.521844 0.949949 0.540365 0.478892 0.316936 0.381822 0.337193 0.451104 0.453811 0.385048 0.363232 0.380512 0.325829 0.402516 0.827219 0.386715 0.35636 0.400596 1.42103 0.996217 0.710774 0.549435 0.525147 1.08487 0.405609 0.467161 0.542588 0.459433 0.476416 0.365481 0.343525 0.723823 0.399857 0.460821 0.402342 0.551537 0.396549 0.401875 0.317882 0.548898 0.464989 0.398865 1.48968 0.72398 0.547007 0.803424 0.793763 0.48249 0.352604 0.336866 0.398676 0.400115 0.32177 0.728195 0.333223 0.396759 0.344866 0.4734 0.434496 0.432451 0.460274 0.402091
Testing:
Lab Growth Rates:
0.46 0.46 0.46
Dot Production Prediction of Lab Growth Rates:
0.415834 0.424727 0.401422
Best performance so far: 
Obj: 4.64037e-310Rho: 2.26291e-314Diff: 4.64037e-310
Anneal again with the best G and E so far as input
Cycle 2Round 1
Iter 500000 pBad 0.864003 T 0.00203162 Obj 1.08142 Rho 0 GRdif 45.8698 success 107290 failure 7869 obj_new 1.08142 SA_pAcc 1 Delta 0.0816574 SA_r 0.669459 freedomratio 0.255004
Iter 1000000 pBad 0.740383 T 0.000528317 Obj 1.04395 Rho 0 GRdif 25.2066 success 211238 failure 22678 obj_new 1.04395 SA_pAcc 1 Delta -0.0564225 SA_r 0.568714 freedomratio 0.250427
Iter 1500000 pBad 0.715953 T 0.000137387 Obj 1.03154 Rho 0 GRdif 18.1971 success 312790 failure 44607 obj_new 1.03154 SA_pAcc 1 Delta 0.0101046 SA_r 0.735385 freedomratio 0.252369
Iter 2000000 pBad 0.572073 T 3.57271e-05 Obj 1.02333 Rho 0 GRdif 13.5163 success 411057 failure 73740 obj_new 1.02333 SA_pAcc 1 Delta -0.00620368 SA_r 0.218729 freedomratio 0.248516
Iter 2500000 pBad 0.508575 T 9.29071e-06 Obj 1.01804 Rho 0 GRdif 10.48 success 506004 failure 112682 obj_new 1.01804 SA_pAcc 2.23339 Delta -0.0485718 SA_r 0.44042 freedomratio 0.244268
Iter 3000000 pBad 0.357779 T 2.41602e-06 Obj 1.01426 Rho 0 GRdif 8.29867 success 597722 failure 158318 obj_new 1.01426 SA_pAcc 1 Delta 0.0224289 SA_r 0.25032 freedomratio 0.238794
Iter 3500000 pBad 0.278146 T 6.28278e-07 Obj 1.00973 Rho 0 GRdif 5.67433 success 679651 failure 230814 obj_new 1.00973 SA_pAcc 0.994839 Delta -0.00741953 SA_r 0.330875 freedomratio 0.235436
Iter 4000000 pBad 0.127637 T 1.63382e-07 Obj 1.0088 Rho 0 GRdif 5.13215 success 742857 failure 346210 obj_new 1.0088 SA_pAcc 1 Delta 0.00483137 SA_r 0.0872608 freedomratio 0.213401
Iter 4500000 pBad 0.0522345 T 4.24869e-08 Obj 1.00847 Rho 0 GRdif 4.94467 success 781883 failure 530563 obj_new 1.00847 SA_pAcc 0.226566 Delta -0.000698933 SA_r 0.867434 freedomratio 0.189644
Iter 5000000 pBad 0.0271455 T 1.10486e-08 Obj 1.00834 Rho 0 GRdif 4.86904 success 806514 failure 772924 obj_new 1.00834 SA_pAcc 3.85668e-123 Delta -0.000760837 SA_r 0.0306215 freedomratio 0.171395
Iter 5500000 pBad 0.00735021 T 2.87315e-09 Obj 1.00829 Rho 0 GRdif 4.8399 success 820839 failure 1063840 obj_new 1.00829 SA_pAcc 2.59302e-90 Delta 0.000152565 SA_r 0.462704 freedomratio 0.157696
Iter 6000000 pBad 0.00497978 T 7.47152e-10 Obj 1.00827 Rho 0 GRdif 4.8248 success 831407 failure 1381623 obj_new 1.00827 SA_pAcc 1 Delta 0.000156536 SA_r 0.00955316 freedomratio 0.150875
Iter 6500000 pBad 0.00242339 T 1.94295e-10 Obj 1.00825 Rho 0 GRdif 4.81765 success 838989 failure 1719818 obj_new 1.00826 SA_pAcc 0 Delta -0.000129864 SA_r 0.364015 freedomratio 0.145229
Iter 7000000 pBad 0.00235428 T 5.05257e-11 Obj 1.00825 Rho 0 GRdif 4.81425 success 845175 failure 2074472 obj_new 1.00825 SA_pAcc 9.65698e-211 Delta 6.07371e-05 SA_r 0.477711 freedomratio 0.140225
Iter 7500000 pBad 0.000892646 T 1.3139e-11 Obj 1.00825 Rho 0 GRdif 4.81374 success 850311 failure 2439304 obj_new 1.00825 SA_pAcc 0 Delta 3.54096e-05 SA_r 0.0491432 freedomratio 0.138961
Iter 8000000 pBad 0.00124364 T 3.41677e-12 Obj 1.00825 Rho 0 GRdif 4.81186 success 854391 failure 2813263 obj_new 1.00825 SA_pAcc 1 Delta 3.2145e-05 SA_r 0.615283 freedomratio 0.134992
Iter 8500000 pBad 0.000219181 T 8.88519e-13 Obj 1.00824 Rho 0 GRdif 4.81386 success 861741 failure 3201076 obj_new 1.00825 SA_pAcc 0 Delta -1.20153e-05 SA_r 0.191766 freedomratio 0.130687
Iter 9000000 pBad 4.27132e-46 T 2.31057e-13 Obj 1.00824 Rho 0 GRdif 4.81084 success 862662 failure 3542020 obj_new 1.00824 SA_pAcc 0 Delta -1.29423e-47 SA_r 0.253044 freedomratio 0.126895
Iter 9500000 pBad 0 T 6.00855e-14 Obj 1.00824 Rho 0 GRdif 4.81128 success 862662 failure 3877747 obj_new 1.00824 SA_pAcc 0 Delta -0 SA_r 0.319947 freedomratio 0.12085
Good enough
iter 8.57241e+06 obj1.00824 rho 0 GRdif 4.8108
Training:
Lab Growth Rates:
0.65 1.05 1.345 0.53 0.5 0.11 0.46 0.56 0.52 0.46 1.483 0.55 0.17 0.58 1.483 0.5 0.43 0.19 0.37 1.248 0.23 0.46 0.22 0.47 0.42 1.46 0.377 0.26 0.47 0.52 0.47 0.55 0.47 0.4 0.23 1.483 1.345 1.345 0.45 0.43 0.46 0.54 0.37 1.483 0.55 0.46 0.25 1.43 0.23 0.55 0.59 0.2 0.71 0.51 1.66 0.476 0.636 0.23 0.56 0.33 0.56 0.5 0.42 0.3 0.5 0.6 0.32 0.59 0.54 0.47 0.53 0.54 0.481 0.46 0.53 0.4 0.34 0.43 0.46 0.5 0.636 0.33 0.47 0.3 0.54 0.54 0.47 0.4 0.5 0.4 0.762 0.5 0.4 0.53 0.5 0.5 0.55 0.901 0.54 0.43 0.54 1.483 0.762 0.4 0.59 0.48 1.248 0.1 0.45 0.53 0.54 0.38 0.686 0.5 0.45 0.485 0.4 0.4 0.52 1.05 0.4 0.4 0.45 0.49 0.5 0.901 0.55 0.5 0.1 0.648 0.465 0.59 0.37 0.617 0.22 0.724 0.762 0.36 0.42 0.45 0.46 0.39 0.2 0.42 0.4 0.4 0.4 1.483 0.48 0.648 0.4 0.54 0.31 0.4 0.54 0.6 1.05 1.345 0.65 0.636 0.58 0.53 0.51 0.52 0.39 0.46 0.42 0.54 1.248 0.52 0.55 0.53 0.49 0.32 0.43 0.36 0.5 0.11 0.25 0.5 0.637 0.55 0.71 0.26 0.33 0.54 0.4 0.4 0.59 0.42 0.55 0.19 0.4 0.54 0.4 0.46 0.635 0.51 0.58 0.52 0.52 0.58 0.5 0.3 0.55 0.41 1.248 0.47 1.248 0.3 0.59 0.3 1.345 0.45 0.36 0.3 0.58 0.54 0.47 0.5 0.901 0.3 0.09 0.71 0.45 0.34 0.37 0.54 0.4 0.686 1.05 0.53 1.67 0.4 0.3 0.37 0.56 1.03 0.25 0.4 1.483 0.42 0.476 0.37 0.4 0.377 0.25 0.5 0.25 0.4 0.4 0.58 0.56 0.901 0.1 0.37 0.4 0.5 0.58 0.54 0.58 1.49 0.59 1.345 0.58 0.36 0.45 0.56 0.4 0.41 0.43 0.45 1.345 0.58 0.4 0.39 0.46 0.41 0.42 0.27 0.2 0.5 0.23 0.37 0.54 0.53 0.23 0.37 1.66 0.4 0.7 0.1 0.58 0.637 0.4 0.56 0.39 1.345 0.47 0.58 0.47 0.37 0.65 0.47 0.5 0.4 1.483 0.47 0.43 0.39 0.3 0.6 0.41 0.485 0.7 0.58 0.55 0.56 0.3 0.45 0.485 0.4 0.33 0.4 0.481 0.53 0.56 0.56 0.22 0.5 0.5 0.47 0.56 1.483 0.54 0.33 0.43 0.45 0.27 0.5 0.47 0.37 0.4 0.41 0.46 0.42 1.05 0.31 0.14 0.53 0.23 0.42 0.59 0.48 0.33 0.53 0.48 0.54 0.47 0.54 0.43 0.4 0.34 0.47 0.1 0.48 0.4 0.52 1.345 0.54 0.22 0.27 0.32 0.25 0.55 0.301 0.59 0.56 1.38 0.7 0.31 0.52 0.47 0.45 0.4 0.46 0.14 0.56 0.42 0.4 0.17 0.56 1.35 0.38 1.345 1.67 0.4 0.38 0.43 0.38 0.42 0.56 0.37 0.3 0.43 0.68 0.59 0.635 1.345 1.483 0.46 0.476 0.648 0.4 0.27 0.5 0.54 0.68 0.41 0.5 0.54 0.68 0.635 0.48 0.36 0.4 0.46 0.58 0.09 0.56 0.7 0.19 0.37 0.41 0.22 0.43 0.22 0.48 0.68 0.09 0.33 0.45 0.54 0.54 0.58 0.59 0.1 1.46 0.5 1.42 0.17 0.49 0.59 1.44 0.52 0.58 0.52 0.41 0.48 0.5 0.4 0.42 0.45 0.47 0.4 0.45 0.37 0.485 0.4 1.46 0.4 0.54 0.4 0.4 0.47 0.3 0.58 0.42 0.27 0.42 0.5 0.65 0.36 0.42 0.45 0.481 0.36 0.4 0.45 0.54 0.65 0.4 0.36 0.65 0.53 0.65 0.68 0.33 0.41 0.58 0.22 0.26 0.4 0.47 0.901 0.5 0.27 0.46 0.54 0.11 1.483 0.38 0.52 0.465 0.37 0.65 0.65 1.345 0.42 0.36 0.5 0.4 0.4 0.637 0.25 0.1 0.5 0.377 0.5 0.33 0.39 0.47 0.47 0.37 0.46 0.46 0.59 0.4 0.901 0.3 0.45 0.4 1.43 1.46 0.5 0.56 0.53 1.483 0.4 0.58 0.23 0.47 0.301 0.58 0.45 0.724 0.4 0.58 0.6 0.59 0.4 0.4 0.3 0.53 0.22 0.4 1.4 0.724 0.23 0.762 0.25 0.301 0.5 0.42 0.4 0.4 0.59 0.686 0.59 0.4 0.48 0.465 0.1 0.1 0.56 0.4
Dot Production Prediction of Lab Growth Rates:
0.639934 1.39074 1.32848 0.498251 0.324747 0.334117 0.562793 0.536889 0.375059 0.418233 1.28812 0.545646 0.296823 0.480748 1.3049 0.694052 0.364585 0.329282 0.424074 0.836118 0.546663 0.342106 0.468785 0.392444 0.632756 1.02407 0.477909 0.39568 0.358767 0.403031 0.345563 0.546516 0.418109 0.4043 0.538234 1.24334 1.34503 1.27698 0.422144 0.461757 0.459136 0.376932 0.400354 1.30939 0.553457 0.540936 1.45885 1.20608 0.535176 0.554789 0.547475 0.421669 0.722023 0.406935 1.4684 0.485925 0.718032 0.432157 0.474722 0.346128 0.542035 0.480241 0.387905 0.532771 0.529427 0.615015 0.343779 0.555127 0.441562 0.512054 0.325861 0.394653 0.475883 0.462198 0.351156 0.399937 0.307227 0.339567 0.305245 0.547566 0.719978 0.327928 0.377519 0.421301 0.289823 0.385847 0.397013 0.400098 0.424146 0.402807 0.763995 0.475689 0.39661 0.323943 0.766512 0.656013 0.449673 0.904534 0.452706 0.364154 0.435819 1.32006 0.755899 0.391245 0.33721 0.296673 0.839857 1.21429 1.42149 0.526308 0.455177 0.381624 0.722011 0.32391 1.44673 0.484488 0.40245 0.404074 0.331516 1.0531 0.415656 0.403014 1.40028 0.390818 0.763294 0.907328 0.44614 0.379575 1.33104 0.712399 0.484642 0.330495 0.418276 0.471025 0.469945 0.720794 0.762 0.414084 0.315134 0.318763 0.330196 0.300402 0.381689 0.376792 0.401332 0.401301 0.399951 1.32328 0.287527 0.714054 0.398934 0.352808 0.608522 0.388995 0.535219 0.61796 1.03777 1.30561 0.649955 0.720607 0.357147 0.531357 0.424096 0.405558 0.342225 0.457461 0.346536 0.440376 0.846209 0.416026 0.433378 0.279465 0.366905 0.308429 0.413993 0.390419 0.361928 0.358439 0.298567 0.688316 0.707331 0.549953 0.716593 0.610225 0.443202 0.372612 0.400948 0.402373 0.315665 0.359044 0.447932 0.320194 0.402543 0.547757 0.385126 0.459977 0.708868 0.386531 0.478046 0.36112 0.354903 0.480293 0.481654 0.23158 0.551961 0.39355 0.840229 0.377806 0.835612 0.340468 0.546558 0.610955 1.27072 1.4333 0.348177 0.597605 0.341177 0.542277 0.395158 0.529723 0.901125 0.654473 0.452153 0.711816 0.397053 0.334031 0.423838 0.386274 0.402338 0.72285 1.0505 0.529655 1.45256 0.395349 0.235145 0.300416 0.545685 1.29949 0.372259 0.399098 1.28117 0.361177 0.484143 0.433079 0.400834 0.474981 0.369399 0.486262 0.364484 0.33023 0.402544 0.285988 0.470886 0.901 0.909611 0.574521 0.403829 0.331118 0.373081 0.36124 0.478875 1.50781 0.302951 1.35042 0.367324 0.342696 0.360916 0.544224 0.39727 0.377916 0.4114 1.39752 1.32303 0.370332 0.400883 0.325254 0.469334 0.359026 0.32731 0.380068 0.397841 0.731491 0.538024 0.436529 0.325145 0.390311 0.431799 0.418891 1.47705 0.40266 0.843926 1.35557 0.473532 0.711451 0.396981 0.541821 0.307892 1.35097 0.379771 0.471205 0.384256 0.417918 0.663539 0.343232 0.472513 0.398789 1.25227 0.337866 0.440814 0.322974 0.48126 0.645928 0.475423 0.470686 0.854839 0.320501 0.452872 0.542526 0.640662 0.339323 0.470835 0.393509 0.320903 0.402021 0.475513 0.426823 0.476108 0.547742 0.379514 0.373535 0.32871 0.353304 0.473326 1.30846 0.535893 0.340675 0.364663 0.387019 0.280333 0.805771 0.456058 0.407868 0.393722 0.358758 0.30437 0.322083 1.04999 0.619989 0.140101 0.533625 0.43253 0.294089 0.55032 0.34131 0.316157 0.412809 0.306532 0.370092 0.385196 0.322977 0.406707 0.403344 0.323677 0.30917 0.35468 0.325782 0.388302 0.40224 1.34822 0.542168 0.458651 0.361693 0.318142 0.584402 0.450338 0.474597 0.348619 0.474066 1.28051 0.842941 0.618357 0.411578 0.410519 1.50781 0.402404 0.578735 0.13998 0.547327 0.345303 0.400592 0.314309 0.536065 1.11691 0.314712 1.26104 1.34335 0.402325 0.32078 0.393873 0.373955 0.348048 0.538132 0.413861 0.579304 0.350814 0.40221 0.560144 0.713639 1.32901 1.27803 0.45541 0.487644 0.708358 0.394934 0.388644 0.368721 0.525184 0.402513 0.479481 0.667644 0.377045 0.405608 0.715486 0.343217 0.346145 0.399788 0.387308 0.479079 0.345518 0.551349 0.84088 0.324856 0.427311 0.479219 0.335062 0.439611 0.429849 0.340664 0.406985 0.385427 0.491366 0.372606 0.534026 0.395855 0.382747 0.3652 1.05468 1.389 0.344518 1.50078 0.412958 0.380217 0.551344 1.48285 0.374562 0.465565 0.341937 0.305499 0.286084 0.741324 0.339438 0.313108 0.34952 0.371148 0.40705 0.391843 0.435422 0.484989 0.394669 1.02163 0.404091 0.373628 0.404879 0.397563 0.368722 0.39325 0.471356 0.394999 0.349182 0.330141 0.478465 1.18306 0.340056 0.635199 0.410384 0.479745 0.360331 0.398736 1.49691 0.369634 0.645073 0.390343 0.341392 1.23619 0.529935 0.652859 0.40739 0.549875 0.350527 0.474336 0.468646 0.472646 0.39631 0.418337 0.963884 0.541462 0.652153 0.466631 0.458567 0.377355 1.31525 0.311216 0.369681 0.48368 0.436029 0.622791 1.2341 1.3649 0.655732 0.413572 0.703486 0.396402 0.401528 0.714353 0.528264 1.05131 0.543983 0.475866 0.347379 0.357966 0.308213 0.422462 0.524287 0.391204 0.315889 0.362051 0.303122 0.403757 0.771479 0.575623 0.365056 0.399371 1.21847 1.02714 0.772244 0.547458 0.560578 1.26929 0.405209 0.481883 0.54448 0.49415 0.475391 0.330541 0.336568 0.723006 0.398833 0.473007 0.638733 0.547908 0.395531 0.404517 0.233775 0.544529 0.468994 0.39845 1.4 0.721361 0.540952 0.769512 0.887311 0.473001 0.336015 0.356932 0.39964 0.399694 0.331588 0.721594 0.325936 0.394981 0.337063 0.482862 0.471476 0.45591 0.473513 0.403395
Testing:
Lab Growth Rates:
0.46 0.46 0.46
Dot Production Prediction of Lab Growth Rates:
0.45565 0.464497 0.410483
Best performance so far: 
Obj: 4.64037e-310Rho: 6.5069e-314Diff: 4.64037e-310
Test:
 Lab Growth Rates:
0.46 0.46 0.46Dot Product Prediction of Growth Rate:
0.4556497 0.4644971 0.4104828