seed =  5 traits =  1 
Training: part  161 
Training: part  161 
Round  1 
 Goal of obj  0.99 
Temperature range:  0.0078125 1.25e-13 
Cycle 1Round 1
Iter 500000 pBad 0.886407 T 0.00225422 Obj 1.10194 Rho 0 GRdif 56.8821 success 147695 failure 7252 obj_new 1.10194 SA_pAcc 1 Delta -0.0704685 SA_r 0.472719 freedomratio 0.369483
Iter 1000000 pBad 0.788987 T 0.000650434 Obj 1.04947 Rho 0 GRdif 28.2961 success 292326 failure 21815 obj_new 1.04947 SA_pAcc 1 Delta -0.0670785 SA_r 0.581551 freedomratio 0.371356
Iter 1500000 pBad 0.743261 T 0.000187676 Obj 1.03199 Rho 0 GRdif 18.4525 success 433854 failure 43556 obj_new 1.03199 SA_pAcc 1 Delta 0.0076466 SA_r 0.0878659 freedomratio 0.373011
Iter 2000000 pBad 0.672797 T 5.41521e-05 Obj 1.02501 Rho 0 GRdif 14.4729 success 572870 failure 70552 obj_new 1.02501 SA_pAcc 0.990292 Delta 0.00336331 SA_r 0.786329 freedomratio 0.373486
Iter 2500000 pBad 0.578325 T 1.5625e-05 Obj 1.01929 Rho 0 GRdif 11.2031 success 709093 failure 104333 obj_new 1.0193 SA_pAcc 0.563477 Delta -0.0099144 SA_r 0.683231 freedomratio 0.359951
Iter 3000000 pBad 0.395396 T 4.50845e-06 Obj 1.01446 Rho 0 GRdif 8.41002 success 839636 failure 147924 obj_new 1.01446 SA_pAcc 1.23152 Delta 0.0351887 SA_r 0.854473 freedomratio 0.34249
Iter 3500000 pBad 0.264963 T 1.30087e-06 Obj 1.00979 Rho 0 GRdif 5.70853 success 950232 failure 231759 obj_new 1.00979 SA_pAcc 0.396175 Delta -0.0187925 SA_r 0.770625 freedomratio 0.334857
Iter 4000000 pBad 0.135594 T 3.75352e-07 Obj 1.00916 Rho 0 GRdif 5.34428 success 1033528 failure 371078 obj_new 1.00916 SA_pAcc 0.103958 Delta 0.0092206 SA_r 0.335858 freedomratio 0.307289
Iter 4500000 pBad 0.087639 T 1.08304e-07 Obj 1.00891 Rho 0 GRdif 5.19531 success 1087968 failure 575865 obj_new 1.00891 SA_pAcc 1 Delta -0.00197527 SA_r 0.0143395 freedomratio 0.274345
Iter 5000000 pBad 0.0315881 T 3.12501e-08 Obj 1.00876 Rho 0 GRdif 5.11811 success 1122023 failure 838975 obj_new 1.00877 SA_pAcc 3.79773e-161 Delta 0.000844366 SA_r 0.631783 freedomratio 0.233839
Iter 5500000 pBad 0.0154948 T 9.0169e-09 Obj 1.00871 Rho 0 GRdif 5.08168 success 1141645 failure 1149451 obj_new 1.00871 SA_pAcc 1 Delta 0.000846282 SA_r 0.745024 freedomratio 0.215204
Iter 6000000 pBad 0.0103816 T 2.60174e-09 Obj 1.00869 Rho 0 GRdif 5.07184 success 1153465 failure 1491590 obj_new 1.00869 SA_pAcc 0 Delta -0.000785842 SA_r 0.821666 freedomratio 0.204538
Iter 6500000 pBad 0.0086677 T 7.50705e-10 Obj 1.00868 Rho 0 GRdif 5.06546 success 1160656 failure 1850959 obj_new 1.00868 SA_pAcc 0 Delta -0.000188063 SA_r 0.0702205 freedomratio 0.199117
Iter 7000000 pBad 0.00534271 T 2.16608e-10 Obj 1.00867 Rho 0 GRdif 5.05994 success 1165983 failure 2220613 obj_new 1.00867 SA_pAcc 1.42501e-29 Delta 0.000443693 SA_r 0.0192007 freedomratio 0.193017
Iter 7500000 pBad 0.00109011 T 6.25002e-11 Obj 1.00867 Rho 0 GRdif 5.06018 success 1169571 failure 2602547 obj_new 1.00867 SA_pAcc 0 Delta -7.10279e-05 SA_r 0.24958 freedomratio 0.18758
Iter 8000000 pBad 0.00150615 T 1.80338e-11 Obj 1.00867 Rho 0 GRdif 5.05719 success 1172090 failure 2992831 obj_new 1.00867 SA_pAcc 0 Delta -0.000140006 SA_r 0.409155 freedomratio 0.184277
Iter 8500000 pBad 0.000631103 T 5.20347e-12 Obj 1.00867 Rho 0 GRdif 5.05652 success 1175778 failure 3388575 obj_new 1.00867 SA_pAcc 0 Delta 2.78621e-06 SA_r 0.464771 freedomratio 0.177683
Iter 9000000 pBad 2.34722e-19 T 1.50141e-12 Obj 1.00867 Rho 0 GRdif 5.05815 success 1179320 failure 3720366 obj_new 1.00867 SA_pAcc 0 Delta 2.12491e-20 SA_r 0.782421 freedomratio 0.168633
Iter 9500000 pBad 8.7636e-57 T 4.33217e-13 Obj 1.00867 Rho 0 GRdif 5.11515 success 1179320 failure 4043481 obj_new 1.00877 SA_pAcc 0 Delta 7.68771e-58 SA_r 0.201517 freedomratio 0.168246
Iter 10000000 pBad 6.00387e-189 T 1.25e-13 Obj 1.00867 Rho 0 GRdif 5.05663 success 1179320 failure 4367220 obj_new 1.00867 SA_pAcc 0 Delta 1.24565e-190 SA_r 0.83779 freedomratio 0.150798
Cannot move further
iter 8.85572e+06 obj1.00867 rho 0 GRdif 5.05649
Training:
Lab Growth Rates:
0.65 1.05 1.345 0.48 0.47 0.36 0.3 0.56 0.52 0.41 1.483 0.55 0.22 0.58 1.483 0.5 0.46 0.51 0.37 1.248 0.23 0.26 0.22 0.5 0.2 1.46 0.377 0.31 0.19 0.52 0.48 0.55 0.47 0.4 0.23 1.483 1.345 1.345 0.45 0.36 0.26 0.42 0.37 1.483 0.55 0.3 0.25 1.43 0.23 0.55 0.59 0.38 0.71 0.59 1.66 0.476 0.636 0.23 0.56 0.5 0.56 0.5 0.53 0.3 0.5 0.6 0.32 0.59 0.54 0.47 0.46 0.42 0.481 0.46 0.53 0.4 0.34 0.46 0.46 0.5 0.636 0.5 0.47 0.58 0.54 0.54 0.47 0.4 0.47 0.4 0.762 0.5 0.4 0.53 0.5 0.5 0.55 0.901 0.54 0.42 0.54 1.483 0.762 0.4 0.48 0.54 1.248 0.1 0.45 0.53 0.54 0.38 0.686 0.33 0.45 0.485 0.4 0.4 0.52 1.05 0.4 0.4 0.45 0.49 0.5 0.901 0.55 0.47 0.1 0.648 0.465 0.48 0.37 0.617 0.22 0.724 0.762 0.33 0.39 0.45 0.46 0.53 0.37 0.42 0.4 0.4 0.4 1.483 0.54 0.648 0.4 0.42 0.17 0.4 0.54 0.6 1.05 1.345 0.65 0.636 0.39 0.53 0.59 0.52 0.47 0.46 0.42 0.54 1.248 0.52 0.55 0.48 0.49 0.32 0.43 0.58 0.5 0.36 0.25 0.5 0.637 0.55 0.71 0.31 0.46 0.54 0.4 0.4 0.59 0.33 0.55 0.51 0.4 0.54 0.4 0.46 0.635 0.59 0.58 0.52 0.52 0.58 0.5 0.3 0.55 0.45 1.248 0.47 1.248 0.58 0.59 0.3 1.345 0.45 0.33 0.3 0.58 0.54 0.19 0.5 0.901 0.3 0.09 0.71 0.27 0.34 0.37 0.54 0.4 0.686 1.05 0.53 1.67 0.4 0.3 0.42 0.56 1.03 0.25 0.4 1.483 0.33 0.476 0.37 0.4 0.377 0.25 0.5 0.25 0.4 0.4 0.46 0.56 0.901 0.1 0.37 0.4 0.33 0.58 0.42 0.58 1.49 0.59 1.345 0.46 0.47 0.45 0.56 0.4 0.43 0.42 0.45 1.345 0.39 0.4 0.53 0.46 0.45 0.39 0.27 0.38 0.5 0.23 0.37 0.54 0.46 0.23 0.37 1.66 0.4 0.7 0.1 0.58 0.637 0.4 0.56 0.47 1.345 0.5 0.58 0.47 0.37 0.65 0.48 0.5 0.4 1.483 0.48 0.43 0.47 0.3 0.6 0.41 0.485 0.7 0.39 0.55 0.56 0.3 0.45 0.485 0.4 0.5 0.4 0.481 0.46 0.56 0.56 0.43 0.33 0.47 0.19 0.56 1.483 0.54 0.5 0.42 0.45 0.27 0.5 0.41 0.37 0.4 0.43 0.46 0.54 1.05 0.17 0.14 0.53 0.23 0.53 0.59 0.36 0.5 0.53 0.36 0.54 0.47 0.42 0.43 0.4 0.34 0.47 0.1 0.42 0.4 0.52 1.345 0.54 0.22 0.43 0.32 0.25 0.55 0.301 0.59 0.56 1.38 0.7 0.17 0.52 0.5 0.45 0.4 0.3 0.14 0.56 0.33 0.4 0.22 0.56 1.35 0.42 1.345 1.67 0.4 0.38 0.36 0.38 0.42 0.56 0.37 0.3 0.46 0.68 0.59 0.635 1.345 1.483 0.46 0.476 0.648 0.4 0.43 0.5 0.54 0.68 0.41 0.5 0.54 0.68 0.635 0.36 0.47 0.4 0.41 0.58 0.09 0.56 0.7 0.51 0.37 0.41 0.43 0.36 0.43 0.42 0.68 0.09 0.46 0.27 0.54 0.54 0.58 0.59 0.1 1.46 0.47 1.42 0.22 0.49 0.59 1.44 0.52 0.58 0.52 0.45 0.54 0.5 0.4 0.39 0.45 0.47 0.4 0.45 0.37 0.485 0.4 1.46 0.4 0.42 0.4 0.4 0.41 0.58 0.58 0.54 0.27 0.53 0.5 0.65 0.58 0.2 0.27 0.481 0.58 0.4 0.45 0.54 0.65 0.4 0.47 0.65 0.53 0.65 0.68 0.46 0.43 0.58 0.22 0.31 0.4 0.47 0.901 0.5 0.43 0.46 0.54 0.36 1.483 0.42 0.52 0.465 0.37 0.65 0.65 1.345 0.2 0.33 0.5 0.4 0.4 0.637 0.25 0.1 0.5 0.377 0.5 0.5 0.53 0.41 0.47 0.37 0.41 0.26 0.59 0.4 0.901 0.3 0.45 0.4 1.43 1.46 0.5 0.56 0.48 1.483 0.4 0.58 0.23 0.47 0.301 0.46 0.45 0.724 0.4 0.58 0.6 0.59 0.4 0.4 0.3 0.53 0.22 0.4 1.4 0.724 0.23 0.762 0.25 0.301 0.47 0.54 0.4 0.4 0.48 0.686 0.59 0.4 0.42 0.465 0.1 0.1 0.56 0.4
Dot Production Prediction of Lab Growth Rates:
0.644753 1.73103 1.20298 0.307516 0.358602 0.332968 0.386776 0.543278 0.39582 0.397324 1.18771 0.549952 0.450892 0.477193 1.17387 0.721907 0.465648 0.404523 0.422721 0.870478 0.540979 0.577676 0.474484 0.38175 0.394369 0.976552 0.420753 0.574085 0.339443 0.399474 0.372128 0.55093 0.372525 0.409476 0.536553 1.15743 1.21687 1.16092 0.391441 0.373935 0.459961 0.630352 0.431066 1.19239 0.547061 0.311335 1.51846 1.35467 0.544917 0.547685 0.549159 0.288184 0.722481 0.341692 1.65782 0.43424 0.714011 0.437304 0.469086 0.325857 0.539379 0.470718 0.440589 0.398279 0.539013 0.45952 0.351339 0.549745 0.448374 0.479869 0.530683 0.325637 0.429763 0.457471 0.36921 0.399221 0.313974 0.377768 0.296177 0.542566 0.704951 0.407356 0.35366 0.362069 0.306432 0.372495 0.39211 0.40035 0.340855 0.403423 0.828986 0.467621 0.397209 0.317571 0.773982 0.682009 0.458592 0.904633 0.446323 0.325471 0.445471 1.20258 0.816725 0.399715 0.329046 0.32702 0.87628 0.702436 1.48844 0.541818 0.449797 0.355457 0.717854 0.328537 1.51267 0.428176 0.407166 0.40882 0.396526 1.05001 0.405006 0.406922 1.47552 0.407776 0.765726 0.902136 0.455404 0.466799 0.789483 0.705561 0.431558 0.343269 0.420734 0.57883 0.471138 0.714417 0.822959 0.38233 0.359369 0.299709 0.345489 0.467769 0.2884 0.334571 0.405709 0.405436 0.406584 1.18954 0.391888 0.706985 0.407235 0.608082 0.320519 0.40045 0.536447 0.464627 0.975824 1.19087 0.662142 0.714476 0.329883 0.528495 0.342099 0.39652 0.374347 0.461596 0.319703 0.448335 0.882945 0.3919 0.449455 0.300815 0.385451 0.31205 0.383434 0.3819 0.368865 0.35074 0.321939 0.709046 0.699421 0.548366 0.717157 0.574115 0.34669 0.375527 0.401694 0.401949 0.324683 0.485196 0.453671 0.435727 0.40924 0.551783 0.3989 0.45873 0.706835 0.31696 0.474571 0.387442 0.373565 0.46644 0.472905 0.300946 0.552702 0.41533 0.875108 0.339627 0.876391 0.364757 0.549779 0.447986 1.17537 1.49367 0.385338 0.439798 0.354978 0.548403 0.339912 0.539727 0.902524 0.474069 0.460015 0.713302 0.370036 0.325298 0.423005 0.373818 0.401525 0.720409 1.05 0.529442 1.51564 0.403686 0.310457 0.310223 0.544037 1.38645 0.326714 0.399289 1.15298 0.51738 0.431312 0.436996 0.40627 0.423745 0.33035 0.472801 0.336819 0.308228 0.400004 0.420813 0.468635 0.900951 0.887828 0.579104 0.408842 0.36571 0.365187 0.328396 0.475859 1.53524 0.318661 1.2297 0.444731 0.382349 0.342009 0.543174 0.403742 0.382519 0.400566 1.48269 1.21406 0.302815 0.407332 0.539265 0.471976 0.390618 0.318327 0.354026 0.31003 0.7604 0.539735 0.434831 0.356322 0.546225 0.438168 0.445395 1.66 0.407543 0.695218 1.41998 0.469415 0.701237 0.400052 0.541265 0.358656 1.24416 0.337039 0.475635 0.359744 0.421417 0.667391 0.302852 0.467152 0.406872 1.12939 0.353942 0.409557 0.368645 0.355328 0.473141 0.42393 0.42674 0.704103 0.318392 0.462244 0.542392 0.466581 0.311359 0.426625 0.403287 0.349505 0.407157 0.428894 0.513421 0.469806 0.54515 0.45462 0.322228 0.404652 0.332312 0.464648 1.18734 0.549899 0.331775 0.313714 0.376078 0.300553 0.787627 0.368021 0.370445 0.403618 0.365634 0.306398 0.414215 1.05094 0.448731 0.139392 0.542414 0.437467 0.337566 0.546567 0.433354 0.33264 0.402048 0.432611 0.360122 0.368622 0.329568 0.366713 0.406871 0.341246 0.320377 0.358918 0.300795 0.400166 0.401988 1.2275 0.538529 0.468798 0.366083 0.338351 0.588966 0.461309 0.424277 0.370941 0.472199 1.31341 0.705588 0.316384 0.393776 0.322451 1.53524 0.405991 0.346129 0.140133 0.544574 0.442921 0.406807 0.356116 0.531725 1.27257 0.289074 1.15399 1.38177 0.408043 0.303619 0.319208 0.364469 0.316623 0.538978 0.417275 0.435617 0.370315 0.60888 0.552543 0.709551 1.22933 1.18835 0.456231 0.433842 0.699673 0.398228 0.425853 0.37719 0.534342 0.60858 0.429902 0.70107 0.381454 0.608082 0.710899 0.354473 0.37869 0.407232 0.380337 0.466767 0.348018 0.547908 0.700004 0.423466 0.426437 0.428992 0.43598 0.345613 0.388836 0.325241 0.610568 0.359762 0.399379 0.635077 0.548503 0.360064 0.378735 0.389788 0.624095 1.65007 0.445163 1.55609 0.413246 0.381237 0.556608 1.5128 0.377876 0.461114 0.352755 0.382831 0.400103 0.767224 0.329929 0.328002 0.371555 0.345948 0.40899 0.342088 0.45306 0.430815 0.403461 1.0052 0.40816 0.608882 0.408459 0.404257 0.319717 0.311228 0.462276 0.363346 0.324122 0.393184 0.470804 0.62289 0.323063 0.34 0.364336 0.429478 0.404504 0.406224 1.55265 0.373464 0.648326 0.40103 0.369197 0.649956 0.531981 0.650119 0.609437 0.399953 0.377645 0.463666 0.479826 0.585913 0.39634 0.36575 0.901 0.543919 0.376104 0.471934 0.452189 0.356877 1.21323 0.349144 0.372662 0.43069 0.437521 0.633785 0.650041 1.2509 0.385148 0.331517 0.734349 0.396324 0.407471 0.704112 0.529116 0.630672 0.548938 0.423237 0.323906 0.397318 0.286516 0.393625 0.492193 0.370083 0.335202 0.352149 0.319505 0.407284 0.838881 0.436941 0.345796 0.406337 1.36518 0.993292 0.801239 0.546729 0.302749 1.18939 0.404258 0.475948 0.546996 0.468185 0.424547 0.440465 0.3313 0.716267 0.400296 0.464332 0.458319 0.551574 0.403457 0.402825 0.305083 0.547583 0.469064 0.399725 1.39997 0.718189 0.54654 0.827229 0.868324 0.424734 0.382359 0.309959 0.399963 0.407135 0.325013 0.719529 0.334061 0.403326 0.302289 0.430371 0.431838 0.416755 0.463363 0.407755
Testing:
Lab Growth Rates:
0.11 0.11 0.11
Dot Production Prediction of Lab Growth Rates:
0.350643 0.388445 0.403431
Best performance so far: 
Obj: 4.68392e-310Rho: 2.26291e-314Diff: 4.68392e-310
Anneal again with the best G and E so far as input
Cycle 2Round 1
Iter 500000 pBad 0.878005 T 0.00225422 Obj 1.07113 Rho 0 GRdif 40.2661 success 118440 failure 7767 obj_new 1.07113 SA_pAcc 0.991184 Delta 0.00797857 SA_r 0.93497 freedomratio 0.286553
Iter 1000000 pBad 0.796445 T 0.000650434 Obj 1.04904 Rho 0 GRdif 28.0553 success 233800 failure 22200 obj_new 1.04904 SA_pAcc 1.03642 Delta -0.0156676 SA_r 0.875884 freedomratio 0.285993
Iter 1500000 pBad 0.739829 T 0.000187676 Obj 1.03601 Rho 0 GRdif 20.732 success 346908 failure 43095 obj_new 1.03601 SA_pAcc 1 Delta 0.00595987 SA_r 0.670719 freedomratio 0.277462
Iter 2000000 pBad 0.651721 T 5.41521e-05 Obj 1.02672 Rho 0 GRdif 15.4546 success 456911 failure 70647 obj_new 1.02672 SA_pAcc 1 Delta 0.0565156 SA_r 0.388181 freedomratio 0.279048
Iter 2500000 pBad 0.470558 T 1.5625e-05 Obj 1.02023 Rho 0 GRdif 11.7375 success 563006 failure 108427 obj_new 1.02023 SA_pAcc 0.883748 Delta -0.0118828 SA_r 0.217389 freedomratio 0.27092
Iter 3000000 pBad 0.400674 T 4.50845e-06 Obj 1.01708 Rho 0 GRdif 9.92443 success 664502 failure 154146 obj_new 1.01708 SA_pAcc 0.934257 Delta 0.00160773 SA_r 0.774032 freedomratio 0.274088
Iter 3500000 pBad 0.267003 T 1.30087e-06 Obj 1.01321 Rho 0 GRdif 7.69022 success 751017 failure 231717 obj_new 1.01321 SA_pAcc 1 Delta 0.00902369 SA_r 0.33985 freedomratio 0.258834
Iter 4000000 pBad 0.169384 T 3.75352e-07 Obj 1.01114 Rho 0 GRdif 6.49391 success 827249 failure 334271 obj_new 1.01114 SA_pAcc 0.140448 Delta -0.0110381 SA_r 0.760545 freedomratio 0.244779
Iter 4500000 pBad 0.073969 T 1.08304e-07 Obj 1.01043 Rho 0 GRdif 6.07799 success 883425 failure 487146 obj_new 1.01043 SA_pAcc 1 Delta 0.00254341 SA_r 0.735369 freedomratio 0.222391
Iter 5000000 pBad 0.0339248 T 3.12501e-08 Obj 1.01011 Rho 0 GRdif 5.89338 success 918198 failure 703618 obj_new 1.01011 SA_pAcc 1 Delta -0.000310266 SA_r 0.52353 freedomratio 0.201236
Iter 5500000 pBad 0.0170017 T 9.0169e-09 Obj 1.00999 Rho 0 GRdif 5.84427 success 938436 failure 969039 obj_new 1.01002 SA_pAcc 0 Delta -0.000519038 SA_r 0.580733 freedomratio 0.183526
Iter 6000000 pBad 0.0119292 T 2.60174e-09 Obj 1.00994 Rho 0 GRdif 5.79362 success 952054 failure 1269861 obj_new 1.00994 SA_pAcc 1 Delta -0.00102923 SA_r 0.939504 freedomratio 0.171395
Iter 6500000 pBad 0.00463747 T 7.50705e-10 Obj 1.00991 Rho 0 GRdif 5.77828 success 961346 failure 1597169 obj_new 1.00991 SA_pAcc 1 Delta 4.77646e-05 SA_r 0.547565 freedomratio 0.162507
Iter 7000000 pBad 0.00516444 T 2.16608e-10 Obj 1.0099 Rho 0 GRdif 5.77034 success 968781 failure 1938852 obj_new 1.0099 SA_pAcc 1 Delta 0.000181099 SA_r 0.764002 freedomratio 0.157739
Iter 7500000 pBad 0.0023878 T 6.25002e-11 Obj 1.00988 Rho 0 GRdif 5.77351 success 978094 failure 2302653 obj_new 1.0099 SA_pAcc 0 Delta -6.22159e-06 SA_r 0.17534 freedomratio 0.147384
Iter 8000000 pBad 0.00100826 T 1.80338e-11 Obj 1.00988 Rho 0 GRdif 5.7615 success 985026 failure 2686571 obj_new 1.00988 SA_pAcc 0 Delta -8.50846e-05 SA_r 0.543434 freedomratio 0.142997
Iter 8500000 pBad 0.000798069 T 5.20347e-12 Obj 1.00988 Rho 0 GRdif 5.76033 success 991667 failure 3081149 obj_new 1.00988 SA_pAcc 0 Delta 6.28494e-05 SA_r 0.61825 freedomratio 0.13989
Iter 9000000 pBad 9.36765e-10 T 1.50141e-12 Obj 1.00988 Rho 0 GRdif 5.75893 success 998993 failure 3483377 obj_new 1.00988 SA_pAcc 1 Delta -3.96771e-11 SA_r 0.0541874 freedomratio 0.132669
Iter 9500000 pBad 1.93949e-41 T 4.33217e-13 Obj 1.00988 Rho 0 GRdif 5.75893 success 999792 failure 3835982 obj_new 1.00988 SA_pAcc 1 Delta 6.80581e-43 SA_r 0.10382 freedomratio 0.133061
Good enough
iter 9.16727e+06 obj1.00988 rho 0 GRdif 5.75893
Training:
Lab Growth Rates:
0.65 1.05 1.345 0.48 0.47 0.36 0.3 0.56 0.52 0.41 1.483 0.55 0.22 0.58 1.483 0.5 0.46 0.51 0.37 1.248 0.23 0.26 0.22 0.5 0.2 1.46 0.377 0.31 0.19 0.52 0.48 0.55 0.47 0.4 0.23 1.483 1.345 1.345 0.45 0.36 0.26 0.42 0.37 1.483 0.55 0.3 0.25 1.43 0.23 0.55 0.59 0.38 0.71 0.59 1.66 0.476 0.636 0.23 0.56 0.5 0.56 0.5 0.53 0.3 0.5 0.6 0.32 0.59 0.54 0.47 0.46 0.42 0.481 0.46 0.53 0.4 0.34 0.46 0.46 0.5 0.636 0.5 0.47 0.58 0.54 0.54 0.47 0.4 0.47 0.4 0.762 0.5 0.4 0.53 0.5 0.5 0.55 0.901 0.54 0.42 0.54 1.483 0.762 0.4 0.48 0.54 1.248 0.1 0.45 0.53 0.54 0.38 0.686 0.33 0.45 0.485 0.4 0.4 0.52 1.05 0.4 0.4 0.45 0.49 0.5 0.901 0.55 0.47 0.1 0.648 0.465 0.48 0.37 0.617 0.22 0.724 0.762 0.33 0.39 0.45 0.46 0.53 0.37 0.42 0.4 0.4 0.4 1.483 0.54 0.648 0.4 0.42 0.17 0.4 0.54 0.6 1.05 1.345 0.65 0.636 0.39 0.53 0.59 0.52 0.47 0.46 0.42 0.54 1.248 0.52 0.55 0.48 0.49 0.32 0.43 0.58 0.5 0.36 0.25 0.5 0.637 0.55 0.71 0.31 0.46 0.54 0.4 0.4 0.59 0.33 0.55 0.51 0.4 0.54 0.4 0.46 0.635 0.59 0.58 0.52 0.52 0.58 0.5 0.3 0.55 0.45 1.248 0.47 1.248 0.58 0.59 0.3 1.345 0.45 0.33 0.3 0.58 0.54 0.19 0.5 0.901 0.3 0.09 0.71 0.27 0.34 0.37 0.54 0.4 0.686 1.05 0.53 1.67 0.4 0.3 0.42 0.56 1.03 0.25 0.4 1.483 0.33 0.476 0.37 0.4 0.377 0.25 0.5 0.25 0.4 0.4 0.46 0.56 0.901 0.1 0.37 0.4 0.33 0.58 0.42 0.58 1.49 0.59 1.345 0.46 0.47 0.45 0.56 0.4 0.43 0.42 0.45 1.345 0.39 0.4 0.53 0.46 0.45 0.39 0.27 0.38 0.5 0.23 0.37 0.54 0.46 0.23 0.37 1.66 0.4 0.7 0.1 0.58 0.637 0.4 0.56 0.47 1.345 0.5 0.58 0.47 0.37 0.65 0.48 0.5 0.4 1.483 0.48 0.43 0.47 0.3 0.6 0.41 0.485 0.7 0.39 0.55 0.56 0.3 0.45 0.485 0.4 0.5 0.4 0.481 0.46 0.56 0.56 0.43 0.33 0.47 0.19 0.56 1.483 0.54 0.5 0.42 0.45 0.27 0.5 0.41 0.37 0.4 0.43 0.46 0.54 1.05 0.17 0.14 0.53 0.23 0.53 0.59 0.36 0.5 0.53 0.36 0.54 0.47 0.42 0.43 0.4 0.34 0.47 0.1 0.42 0.4 0.52 1.345 0.54 0.22 0.43 0.32 0.25 0.55 0.301 0.59 0.56 1.38 0.7 0.17 0.52 0.5 0.45 0.4 0.3 0.14 0.56 0.33 0.4 0.22 0.56 1.35 0.42 1.345 1.67 0.4 0.38 0.36 0.38 0.42 0.56 0.37 0.3 0.46 0.68 0.59 0.635 1.345 1.483 0.46 0.476 0.648 0.4 0.43 0.5 0.54 0.68 0.41 0.5 0.54 0.68 0.635 0.36 0.47 0.4 0.41 0.58 0.09 0.56 0.7 0.51 0.37 0.41 0.43 0.36 0.43 0.42 0.68 0.09 0.46 0.27 0.54 0.54 0.58 0.59 0.1 1.46 0.47 1.42 0.22 0.49 0.59 1.44 0.52 0.58 0.52 0.45 0.54 0.5 0.4 0.39 0.45 0.47 0.4 0.45 0.37 0.485 0.4 1.46 0.4 0.42 0.4 0.4 0.41 0.58 0.58 0.54 0.27 0.53 0.5 0.65 0.58 0.2 0.27 0.481 0.58 0.4 0.45 0.54 0.65 0.4 0.47 0.65 0.53 0.65 0.68 0.46 0.43 0.58 0.22 0.31 0.4 0.47 0.901 0.5 0.43 0.46 0.54 0.36 1.483 0.42 0.52 0.465 0.37 0.65 0.65 1.345 0.2 0.33 0.5 0.4 0.4 0.637 0.25 0.1 0.5 0.377 0.5 0.5 0.53 0.41 0.47 0.37 0.41 0.26 0.59 0.4 0.901 0.3 0.45 0.4 1.43 1.46 0.5 0.56 0.48 1.483 0.4 0.58 0.23 0.47 0.301 0.46 0.45 0.724 0.4 0.58 0.6 0.59 0.4 0.4 0.3 0.53 0.22 0.4 1.4 0.724 0.23 0.762 0.25 0.301 0.47 0.54 0.4 0.4 0.48 0.686 0.59 0.4 0.42 0.465 0.1 0.1 0.56 0.4
Dot Production Prediction of Lab Growth Rates:
0.632356 1.5601 1.22775 0.291672 0.360829 0.337762 0.385607 0.548229 0.390497 0.409204 1.21221 0.544715 0.465501 0.484796 1.29665 0.62375 0.47587 0.415055 0.424706 0.817438 0.55029 0.565192 0.48703 0.395057 0.3793 1.0091 0.554905 0.572944 0.339649 0.418355 0.377623 0.547934 0.39597 0.408355 0.541323 1.27288 1.26654 1.27702 0.417582 0.379266 0.459662 0.606193 0.425299 1.30376 0.564241 0.308291 1.53195 1.4075 0.54214 0.56002 0.546393 0.289076 0.694846 0.332672 1.55134 0.555469 0.685181 0.440334 0.483019 0.333836 0.541768 0.496266 0.435706 0.510031 0.533607 0.581257 0.353977 0.549988 0.465611 0.464101 0.519439 0.347967 0.554979 0.487149 0.383791 0.39872 0.315473 0.371077 0.288642 0.565221 0.679468 0.430874 0.37015 0.357036 0.279263 0.380225 0.409912 0.400643 0.352913 0.403373 0.771675 0.48329 0.398224 0.302376 0.699298 0.596617 0.485772 0.903727 0.455663 0.334126 0.463581 1.28772 0.761989 0.394873 0.339831 0.337686 0.822689 1.98368 1.51592 0.535975 0.475876 0.364872 0.684276 0.317175 1.54426 0.552995 0.406513 0.407122 0.387106 1.05 0.371067 0.406539 1.49313 0.416964 0.698732 0.908589 0.480279 0.468849 2.20218 0.679138 0.553359 0.35832 0.422613 0.80493 0.496074 0.685357 0.765772 0.381254 0.35546 0.302885 0.348748 0.46229 0.278808 0.363672 0.404895 0.403175 0.405317 1.23021 0.39255 0.67888 0.404947 0.582017 0.31633 0.393595 0.54634 0.587149 0.995848 1.30507 0.651629 0.691161 0.312307 0.525977 0.336404 0.383743 0.37688 0.470384 0.341728 0.452509 0.831782 0.40334 0.456247 0.278674 0.401135 0.310392 0.409351 0.383881 0.374848 0.35492 0.326587 0.631338 0.675726 0.549962 0.687503 0.584239 0.345991 0.384376 0.401524 0.401409 0.315977 0.510642 0.478891 0.454372 0.408522 0.554252 0.392083 0.477071 0.679399 0.313694 0.482645 0.390186 0.347126 0.484473 0.492345 0.212863 0.550004 0.429833 0.820081 0.364819 0.822695 0.364936 0.544591 0.596281 1.29171 1.5193 0.380631 0.55669 0.365394 0.536239 0.325574 0.533646 0.900958 0.637043 0.485223 0.683165 0.375885 0.336563 0.425263 0.376758 0.402514 0.688576 1.05 0.525457 1.53752 0.400747 0.218686 0.296308 0.540241 1.36213 0.362627 0.399383 1.26965 0.533987 0.552871 0.43229 0.404345 0.554586 0.365901 0.498277 0.362966 0.285393 0.399372 0.395038 0.489297 0.901012 0.902746 0.573428 0.407268 0.344035 0.381132 0.363558 0.48263 1.59622 0.305209 1.25674 0.406714 0.391983 0.345665 0.546517 0.40298 0.387844 0.406062 1.48477 1.26618 0.301706 0.406347 0.526463 0.475651 0.421691 0.323394 0.366041 0.298828 0.696615 0.54119 0.433076 0.348166 0.538002 0.440981 0.456113 1.62178 0.40599 0.781297 1.44971 0.490584 0.677397 0.399997 0.540536 0.372376 1.28501 0.338897 0.472655 0.384411 0.422336 0.658873 0.307248 0.481099 0.405814 1.26892 0.361714 0.429769 0.373961 0.449789 0.616205 0.555019 0.555514 0.780117 0.316541 0.480433 0.549768 0.602512 0.313819 0.555322 0.401033 0.341474 0.407658 0.552296 0.526219 0.49307 0.545917 0.431131 0.318454 0.412781 0.324933 0.483736 1.19763 0.533871 0.335515 0.314391 0.378234 0.270759 0.713755 0.361536 0.411505 0.398374 0.364051 0.313494 0.421371 1.05516 0.454381 0.640808 0.536278 0.439914 0.330367 0.540884 0.437205 0.323291 0.42524 0.442554 0.359894 0.372458 0.354383 0.397793 0.406375 0.340001 0.30157 0.348233 0.317754 0.387804 0.398946 1.27712 0.55501 0.480809 0.371816 0.33463 0.554508 0.476681 0.567997 0.358862 0.494547 1.34877 0.792441 0.318936 0.365931 0.323765 1.59622 0.405941 0.358657 0.640788 0.553464 0.47667 0.405157 0.372755 0.524902 1.35907 0.269502 1.28999 1.42333 0.406564 0.310365 0.333613 0.3858 0.346618 0.527091 0.417963 0.558866 0.382093 0.547746 0.551401 0.680531 1.34784 1.24527 0.462399 0.557864 0.671293 0.395565 0.4106 0.385114 0.543993 0.542753 0.559464 0.598456 0.374771 0.55075 0.681522 0.356891 0.369639 0.405298 0.385846 0.491445 0.359933 0.544373 0.792638 0.427693 0.428912 0.558901 0.403667 0.385669 0.370335 0.329957 0.551923 0.390905 0.401195 0.609464 0.539293 0.39195 0.3982 0.385074 1.6869 1.58341 0.449075 1.58063 0.417685 0.387151 0.547559 1.56955 0.374981 0.460652 0.368213 0.39588 0.396601 0.703912 0.3027 0.332153 0.372878 0.362691 0.410179 0.360726 0.469129 0.558821 0.399517 1.01767 0.407343 0.596188 0.408042 0.403254 0.330115 0.296422 0.480781 0.374106 0.332947 0.394159 0.494784 0.620076 0.317019 0.345348 0.386889 0.553135 0.414533 0.40447 1.5666 0.372798 0.657202 0.397587 0.345336 0.655194 0.530314 0.649986 0.551182 0.411183 0.372485 0.477766 0.491175 0.572039 0.396799 0.400412 0.907199 0.552211 0.3607 0.4775 0.475257 0.371515 1.25693 0.34439 0.367217 0.556473 0.434705 0.618711 0.642855 1.31533 0.375723 0.326807 0.64975 0.396741 0.408648 0.680663 0.510994 1.68672 0.544154 0.560602 0.322132 0.389365 0.282804 0.395202 0.455516 0.39342 0.351129 0.366989 0.287232 0.40656 0.813715 0.562493 0.342141 0.405643 1.41511 1.01329 0.735127 0.558285 0.298127 1.2719 0.405029 0.490359 0.546354 0.46996 0.569643 0.412441 0.319445 0.690021 0.400196 0.484196 0.583265 0.551905 0.400755 0.402512 0.212655 0.543191 0.492833 0.400012 1.4 0.688326 0.54292 0.775702 0.856396 0.567664 0.383427 0.312901 0.399605 0.405833 0.317855 0.688543 0.309412 0.402539 0.305652 0.551245 0.455405 0.440417 0.478614 0.408041
Testing:
Lab Growth Rates:
0.11 0.11 0.11
Dot Production Prediction of Lab Growth Rates:
0.348154 0.393733 0.413928
Best performance so far: 
Obj: 4.68392e-310Rho: 6.5069e-314Diff: 4.68392e-310
Test:
 Lab Growth Rates:
0.11 0.11 0.11Dot Product Prediction of Growth Rate:
0.3481545 0.3937327 0.4139275