seed =  5 traits =  1 
Training: part  64 
Training: part  64 
Round  1 
 Goal of obj  0.99 
Temperature range:  0.00390625 6.25e-14 
Cycle 1Round 1
Iter 500000 pBad 0.834153 T 0.00112711 Obj 1.06919 Rho 0 GRdif 39.2054 success 146192 failure 11443 obj_new 1.06919 SA_pAcc 1.05291 Delta -0.0659159 SA_r 0.982248 freedomratio 0.367168
Iter 1000000 pBad 0.753239 T 0.000325217 Obj 1.03703 Rho 0 GRdif 21.3082 success 288222 failure 32617 obj_new 1.03703 SA_pAcc 0.770939 Delta -0.0657262 SA_r 0.324887 freedomratio 0.370886
Iter 1500000 pBad 0.671494 T 9.38381e-05 Obj 1.02416 Rho 0 GRdif 13.9881 success 427665 failure 59290 obj_new 1.02416 SA_pAcc 0.950934 Delta -0.00568526 SA_r 0.406381 freedomratio 0.361728
Iter 2000000 pBad 0.574113 T 2.7076e-05 Obj 1.01833 Rho 0 GRdif 10.6432 success 564406 failure 92387 obj_new 1.01833 SA_pAcc 1 Delta -0.0336167 SA_r 0.7416 freedomratio 0.357753
Iter 2500000 pBad 0.448971 T 7.81252e-06 Obj 1.01414 Rho 0 GRdif 8.22593 success 698104 failure 130512 obj_new 1.01414 SA_pAcc 1 Delta -0.0336645 SA_r 0.561704 freedomratio 0.362848
Iter 3000000 pBad 0.305828 T 2.25422e-06 Obj 1.01068 Rho 0 GRdif 6.22492 success 815890 failure 198332 obj_new 1.01068 SA_pAcc 1 Delta 0.0123221 SA_r 0.455359 freedomratio 0.344706
Iter 3500000 pBad 0.159356 T 6.50434e-07 Obj 1.00922 Rho 0 GRdif 5.37632 success 906837 failure 320407 obj_new 1.00922 SA_pAcc 0.582175 Delta -0.0154238 SA_r 0.862331 freedomratio 0.317787
Iter 4000000 pBad 0.097345 T 1.87676e-07 Obj 1.0088 Rho 0 GRdif 5.13415 success 972535 failure 499069 obj_new 1.0088 SA_pAcc 1 Delta -0.00807255 SA_r 0.00793681 freedomratio 0.286833
Iter 4500000 pBad 0.0324815 T 5.41521e-08 Obj 1.00866 Rho 0 GRdif 5.05195 success 1009150 failure 749543 obj_new 1.00866 SA_pAcc 0.0612197 Delta 0.00044014 SA_r 0.898865 freedomratio 0.242952
Iter 5000000 pBad 0.0201763 T 1.5625e-08 Obj 1.00861 Rho 0 GRdif 5.05547 success 1031114 failure 1046445 obj_new 1.00866 SA_pAcc 0 Delta 0.00103724 SA_r 0.93315 freedomratio 0.22608
Iter 5500000 pBad 0.016864 T 4.50845e-09 Obj 1.00859 Rho 0 GRdif 5.05854 success 1043634 failure 1376154 obj_new 1.00867 SA_pAcc 0 Delta -0.000822305 SA_r 0.752576 freedomratio 0.213168
Iter 6000000 pBad 0.0065977 T 1.30087e-09 Obj 1.00858 Rho 0 GRdif 5.0087 success 1050258 failure 1726476 obj_new 1.00858 SA_pAcc 1 Delta 0.000435465 SA_r 0.183931 freedomratio 0.207801
Iter 6500000 pBad 0.00328907 T 3.75352e-10 Obj 1.00858 Rho 0 GRdif 5.00655 success 1053992 failure 2087137 obj_new 1.00858 SA_pAcc 1 Delta -0.000187206 SA_r 0.0210306 freedomratio 0.204324
Iter 7000000 pBad 0.00170246 T 1.08304e-10 Obj 1.00858 Rho 0 GRdif 5.00566 success 1056116 failure 2452074 obj_new 1.00858 SA_pAcc 2.52827e-94 Delta 0.000162275 SA_r 0.153003 freedomratio 0.205182
Iter 7500000 pBad 0.00106481 T 3.12501e-11 Obj 1.00858 Rho 0 GRdif 5.00496 success 1057406 failure 2819849 obj_new 1.00858 SA_pAcc 1 Delta 6.84328e-05 SA_r 0.0433854 freedomratio 0.203684
Iter 8000000 pBad 0.000393398 T 9.0169e-12 Obj 1.00858 Rho 0 GRdif 5.00458 success 1058606 failure 3188365 obj_new 1.00858 SA_pAcc 1 Delta -1.36549e-05 SA_r 0.42294 freedomratio 0.203049
Iter 8500000 pBad 0.000768251 T 2.60174e-12 Obj 1.00858 Rho 0 GRdif 5.00437 success 1060686 failure 3555900 obj_new 1.00858 SA_pAcc 1 Delta -3.99456e-05 SA_r 0.749876 freedomratio 0.201999
Iter 9000000 pBad 9.33785e-22 T 7.50705e-13 Obj 1.00858 Rho 0 GRdif 5.00421 success 1064817 failure 3905947 obj_new 1.00858 SA_pAcc 1 Delta -1.13505e-23 SA_r 0.613789 freedomratio 0.190383
Iter 9500000 pBad 2.01832e-32 T 2.16608e-13 Obj 1.00858 Rho 0 GRdif 5.01435 success 1064988 failure 4182407 obj_new 1.00859 SA_pAcc 0 Delta -1.78491e-33 SA_r 0.00886608 freedomratio 0.18758
Iter 10000000 pBad 8.09283e-153 T 6.25002e-14 Obj 1.00858 Rho 0 GRdif 5.00421 success 1064988 failure 4465260 obj_new 1.00858 SA_pAcc 1 Delta 2.29995e-154 SA_r 0.202231 freedomratio 0.142233
Cannot move further
iter 9.08188e+06 obj1.00858 rho 0 GRdif 5.00421
Training:
Lab Growth Rates:
0.43 0.48 0.31 0.46 0.56 0.465 0.37 0.4 0.36 0.5 1.35 0.45 0.54 0.38 0.41 0.48 0.1 0.4 0.53 0.46 0.59 0.23 0.25 0.901 0.46 0.47 0.54 0.53 0.648 0.901 0.59 0.5 0.19 0.42 0.11 1.05 0.724 1.345 0.46 0.4 0.54 0.54 1.345 0.4 0.53 0.39 0.5 0.54 0.485 0.4 0.3 0.54 0.59 0.4 0.1 1.345 0.42 0.46 1.345 0.47 0.4 0.54 0.47 0.27 0.46 0.53 0.45 0.52 0.49 0.54 0.47 0.38 0.637 1.66 0.4 0.5 0.42 0.45 0.55 0.6 0.45 0.41 0.53 1.483 0.1 0.901 0.6 0.7 0.301 0.52 0.65 0.648 0.42 0.41 1.42 0.45 0.4 0.485 0.68 0.43 0.65 0.4 1.43 0.54 0.55 0.3 0.4 0.37 0.3 0.2 0.4 0.33 0.52 0.53 0.58 0.36 0.55 0.56 0.36 0.43 0.6 0.4 0.47 0.4 0.4 0.3 1.345 0.47 1.483 0.46 0.37 0.301 0.4 0.37 0.686 0.4 0.4 0.59 0.37 0.58 0.55 0.54 0.476 0.54 0.45 0.4 0.33 0.26 0.45 0.377 0.56 0.33 0.5 0.43 0.53 1.345 0.33 0.636 0.485 0.22 0.42 0.4 0.31 0.2 0.1 0.4 0.54 0.22 0.26 0.485 0.3 0.56 0.36 0.5 0.46 0.17 0.25 0.43 0.48 0.48 0.22 0.46 0.68 0.58 0.58 0.54 0.43 0.637 0.3 0.901 0.54 0.33 0.47 0.4 0.59 0.52 0.43 0.54 0.58 0.686 0.43 0.5 0.11 0.37 0.4 0.56 0.47 1.05 0.4 0.14 0.5 0.42 0.51 0.47 0.4 0.39 0.7 0.09 1.483 0.59 0.54 0.3 0.27 0.42 0.41 0.42 0.4 0.4 0.55 0.37 0.33 1.483 0.4 0.45 0.3 0.23 0.39 0.54 0.56 0.4 0.47 0.65 0.5 0.4 0.25 0.5 0.5 0.56 0.32 0.5 0.7 1.483 0.635 0.37 0.59 0.4 0.46 0.58 0.52 0.5 1.03 0.23 0.41 0.48 0.68 0.4 0.59 0.6 0.5 0.47 0.59 0.65 0.52 0.52 0.636 0.58 0.42 0.58 0.47 1.46 0.5 0.43 0.5 0.26 0.25 0.762 0.54 0.1 0.38 0.56 0.48 0.762 0.481 0.4 0.36 0.3 0.47 0.42 0.27 0.58 0.34 0.54 0.37 0.25 0.41 0.47 0.56 0.58 0.25 0.39 0.3 0.23 0.46 0.38 0.53 0.4 0.42 0.27 0.4 0.476 0.55 0.59 0.4 0.48 1.483 0.45 0.55 0.5 0.56 0.52 0.636 0.46 0.25 0.58 0.56 0.377 0.58 0.58 0.58 0.37 0.59 0.5 0.301 1.49 0.47 0.4 0.4 0.56 0.58 0.4 0.52 0.58 1.248 0.55 0.56 0.38 0.762 1.05 0.41 0.476 0.5 0.4 1.67 0.58 1.46 0.53 0.56 0.686 0.56 0.54 0.33 0.37 0.901 0.45 0.47 0.4 0.55 0.648 0.22 0.54 0.47 0.53 0.65 0.635 0.43 0.1 0.37 0.7 0.22 0.46 0.48 0.4 0.4 0.4 0.39 0.49 0.45 0.58 0.17 0.465 1.46 0.37 0.3 0.42 0.54 1.248 0.4 0.4 0.56 0.17 1.248 0.481 0.901 0.23 1.345 0.14 0.4 0.58 0.45 1.43 0.53 1.345 0.5 0.71 0.33 0.47 0.617 0.1 1.46 0.762 0.53 0.09 0.5 0.37 0.68 0.53 0.4 1.345 1.44 0.1 0.1 0.59 0.52 0.34 0.5 0.4 0.36 0.37 0.36 0.31 0.4 0.5 0.71 0.42 0.4 0.34 0.43 0.23 0.3 0.27 0.32 0.65 0.47 0.45 0.635 0.58 0.54 0.4 0.65 0.54 0.46 0.47 1.248 0.42 0.54 0.47 0.5 0.5 0.55 0.53 1.483 0.56 0.47 0.19 0.22 0.724 0.53 0.37 1.05 0.5 0.45 0.56 0.58 0.52 1.38 0.46 1.05 0.36 0.52 0.46 0.19 0.32 0.59 1.4 0.637 0.36 0.42 1.483 0.59 0.481 0.5 0.724 0.11 0.4 0.54 0.5 0.51 0.39 0.5 0.4 0.3 0.45 0.42 0.5 0.43 0.4 0.4 0.54 0.45 0.2 0.4 0.48 0.3 0.4 0.23 0.47 1.345 0.41 0.54 1.483 0.59 0.46 0.23 0.4 0.4 1.483 0.25 0.45 0.22 0.4 0.4 0.5 0.55 0.51 0.71 0.65 0.42 1.67 1.248 1.483 1.345 0.23 0.49 0.377 0.47 0.46 0.42 0.59 0.65 0.5 0.68 0.4 1.66 1.345 0.09 0.27 0.465 0.45 1.483 0.41 0.5 0.22 0.5 0.33 0.45 0.55
Dot Production Prediction of Lab Growth Rates:
0.344238 0.313895 0.524463 0.351791 0.537437 0.456014 0.419619 0.399531 0.365177 0.460624 1.25596 0.409453 0.386039 0.368129 0.344871 0.334844 0.443887 0.412174 0.531461 0.457603 0.347499 0.538269 0.505109 0.859659 0.501235 0.365066 0.322477 0.475324 0.718667 0.901132 0.346387 0.384832 0.32662 0.337181 0.332108 1.05081 0.724 0.92816 0.440667 0.411491 0.400226 0.372932 0.878442 0.406363 0.384751 0.333506 0.626113 0.336925 0.455437 0.400745 0.275887 0.401182 0.318959 0.410297 0.892053 0.941102 0.364295 0.429978 0.942852 0.348469 0.395625 0.387872 0.35414 0.55584 0.43288 0.351796 1.48429 0.360906 0.369929 0.338522 0.39235 0.346756 0.710751 1.66 0.40712 0.46445 0.562718 1.54915 0.54582 0.429671 0.325793 0.447106 0.351277 0.926096 0.691039 0.902879 0.411999 0.698572 0.446678 0.396443 0.635247 0.719604 0.351254 0.355514 1.53597 1.54352 0.408592 0.445795 0.467725 0.361395 0.669831 0.411262 1.32749 0.45573 0.424301 0.436407 0.401259 0.427053 0.399096 0.416204 0.410204 0.325618 0.39031 0.31618 0.462108 0.346397 0.552531 0.540445 0.357125 0.448921 0.416503 0.413104 0.385664 0.404497 0.412065 0.353461 0.945403 0.418032 0.904214 0.329284 0.526329 0.444027 0.410222 0.391962 0.725725 0.402043 0.41037 0.39337 0.371269 0.458193 0.553397 0.440482 0.45909 0.408781 0.329074 0.401027 0.36801 0.446648 0.36637 0.450605 0.53077 0.334099 0.338112 0.422288 0.513698 0.882738 0.456843 0.723532 0.44668 0.458552 0.331454 0.411926 0.525858 0.419074 0.854851 0.411816 0.385776 0.372668 0.351708 0.453038 0.347407 0.463128 0.359028 0.552873 0.311558 0.417856 0.663398 0.421423 0.327877 0.314653 0.457018 0.377633 0.466362 0.361883 0.462645 0.452106 0.360817 0.711462 0.393092 0.901071 0.34594 0.330951 0.35105 0.400646 0.348955 0.375259 0.409088 0.536572 0.464403 0.729915 0.411319 0.462803 0.367776 0.418633 0.403382 0.538787 0.349333 1.6971 0.412351 0.139908 0.541012 0.358553 0.377731 0.34813 0.413032 0.35709 0.700547 0.430281 0.916626 0.536564 0.400018 0.381394 0.357572 0.369181 0.446839 0.356895 0.412672 0.41186 0.436875 0.417926 0.420954 0.86679 0.411689 0.367308 0.398682 0.433447 0.335658 0.444467 0.458533 0.402097 0.452351 0.649991 0.321043 0.408452 0.355389 0.376626 0.328246 0.457876 0.310634 0.527202 0.700266 0.915509 0.717188 0.416691 0.54515 0.349224 0.460018 0.357683 0.345691 0.528849 1.41661 0.530326 0.37786 0.332491 0.462961 0.399762 0.316862 0.417513 0.621887 0.41481 0.540164 0.636511 0.390569 0.343486 0.714723 0.462953 0.362757 0.377816 0.430986 1.6057 0.597955 0.396852 0.62542 0.521534 0.316137 0.847837 0.343869 0.435494 0.338681 0.543086 0.354679 0.850801 0.4533 0.412533 0.326107 0.424505 0.393721 0.336388 0.388611 0.336838 0.33144 0.533536 0.434112 0.372365 0.371528 0.412183 0.540967 0.319173 0.51314 0.31701 0.417091 0.434153 0.462709 0.359604 0.528389 0.406458 0.354451 0.348946 0.400507 0.457958 0.438452 0.546564 0.412389 0.344946 0.909209 1.46751 0.548062 0.524798 0.547221 0.346406 0.727596 0.314607 1.49289 0.365931 0.537259 0.450895 0.463718 0.459903 0.447878 0.418374 0.343873 0.45884 0.444716 1.54915 0.470808 0.411692 0.411798 0.548163 0.462711 0.401563 0.357419 0.349351 0.900346 0.441673 0.468338 0.339574 0.839582 1.05 0.324743 0.460332 0.539673 0.404039 1.53075 0.325911 1.01978 0.418473 0.466774 0.728638 0.530274 0.539998 0.486397 0.401046 0.901 1.49073 0.41143 0.413961 0.547037 0.713445 0.460351 0.349161 0.361545 0.533689 0.651804 0.717533 0.398927 1.01121 0.425601 0.699979 0.356869 0.41863 0.334279 0.410766 0.409681 0.406655 0.334457 0.381413 0.386357 0.460253 0.333547 0.45627 1.02201 0.420455 0.399103 0.548521 0.453209 0.896939 0.40715 0.412989 0.458151 0.341764 0.903893 0.450872 0.900976 0.529877 0.93585 0.140607 0.412134 0.46203 0.343168 1.32419 0.53061 0.921554 0.553151 0.72352 0.360189 0.378623 0.500024 0.394881 1.00592 0.845176 0.349283 0.330243 0.344873 0.37234 0.46452 0.544191 0.397565 0.962182 1.54502 0.854518 1.4272 0.319792 0.381958 0.319781 0.336899 0.402136 0.34989 0.424521 0.388313 0.530531 0.39839 0.342739 0.722188 0.37682 0.40106 0.337055 0.368131 0.538587 0.27055 0.314194 0.346087 0.653031 0.36459 0.357455 0.715964 0.355073 0.391314 0.399822 0.643212 0.540732 0.482594 0.473188 0.899536 0.388385 0.539018 0.410445 0.601924 0.355129 0.443141 0.400639 0.874708 0.546606 0.36804 0.332237 0.456633 0.723761 0.530797 0.330134 0.995918 0.542384 1.4703 0.53341 0.463074 0.37658 1.34406 0.36082 1.0499 0.406346 0.374691 0.516154 0.333046 0.32309 0.547767 1.54703 0.711194 0.327764 0.555519 0.896474 0.538304 0.451888 0.543896 0.723572 0.366154 0.401473 0.542175 0.371835 0.391612 0.335981 0.554539 0.404812 0.42715 1.5079 0.349731 0.466605 0.382577 0.399732 0.409128 0.448945 0.366852 0.385364 0.400682 0.335527 0.273351 0.359131 0.434535 0.347217 0.868939 0.436392 0.549748 0.897227 0.546088 0.390671 0.530912 0.408052 0.406539 0.935169 0.369261 0.39033 0.456022 0.401986 0.411462 0.326122 0.546804 0.401148 0.727686 0.664701 0.319251 1.50687 0.898791 0.915002 0.899305 0.540109 0.363881 0.447959 0.364023 0.421812 0.352676 0.381719 0.649934 0.463935 0.465988 0.410341 1.66 0.949338 0.362612 0.379847 0.456303 0.40753 0.884085 0.38226 0.315778 0.418236 0.621085 0.365477 0.349908 0.435369
Testing:
Lab Growth Rates:
0.46 0.46 0.46
Dot Production Prediction of Lab Growth Rates:
0.453722 0.45006 0.448192
Best performance so far: 
Obj: 4.68461e-310Rho: 2.26291e-314Diff: 4.68461e-310
Anneal again with the best G and E so far as input
Cycle 2Round 1
Iter 500000 pBad 0.819115 T 0.00112711 Obj 1.05236 Rho 0 GRdif 29.908 success 107317 failure 11672 obj_new 1.05236 SA_pAcc 1.13978 Delta -0.0663996 SA_r 0.273824 freedomratio 0.25226
Iter 1000000 pBad 0.718301 T 0.000325217 Obj 1.03334 Rho 0 GRdif 19.2177 success 211678 failure 30574 obj_new 1.03334 SA_pAcc 1 Delta -0.0342116 SA_r 0.35066 freedomratio 0.258264
Iter 1500000 pBad 0.700675 T 9.38381e-05 Obj 1.02879 Rho 0 GRdif 16.6334 success 313389 failure 55170 obj_new 1.02879 SA_pAcc 0.97468 Delta 0.00465298 SA_r 0.97334 freedomratio 0.256567
Iter 2000000 pBad 0.599339 T 2.7076e-05 Obj 1.02242 Rho 0 GRdif 12.9917 success 413921 failure 83128 obj_new 1.02242 SA_pAcc 1.00748 Delta 0.0444535 SA_r 0.230572 freedomratio 0.251718
Iter 2500000 pBad 0.434067 T 7.81252e-06 Obj 1.01848 Rho 0 GRdif 10.7304 success 512019 failure 118092 obj_new 1.01848 SA_pAcc 1.45239 Delta 0.0153193 SA_r 0.227181 freedomratio 0.258948
Iter 3000000 pBad 0.292115 T 2.25422e-06 Obj 1.01478 Rho 0 GRdif 8.5969 success 599992 failure 172705 obj_new 1.01478 SA_pAcc 0.304039 Delta 0.0265718 SA_r 0.793549 freedomratio 0.239575
Iter 3500000 pBad 0.175211 T 6.50434e-07 Obj 1.0107 Rho 0 GRdif 6.23967 success 674190 failure 264295 obj_new 1.0107 SA_pAcc 0.71577 Delta 0.00197674 SA_r 0.636001 freedomratio 0.231255
Iter 4000000 pBad 0.148624 T 1.87676e-07 Obj 1.00954 Rho 0 GRdif 5.56385 success 741610 failure 373972 obj_new 1.00954 SA_pAcc 1 Delta 0.00235082 SA_r 0.708202 freedomratio 0.216077
Iter 4500000 pBad 0.0566863 T 5.41521e-08 Obj 1.00889 Rho 0 GRdif 5.18872 success 786956 failure 544997 obj_new 1.00889 SA_pAcc 0.0145283 Delta -0.00283683 SA_r 0.992938 freedomratio 0.19724
Iter 5000000 pBad 0.0247664 T 1.5625e-08 Obj 1.00863 Rho 0 GRdif 5.07408 success 814011 failure 778146 obj_new 1.0087 SA_pAcc 0 Delta 0.00158505 SA_r 0.629699 freedomratio 0.174353
Iter 5500000 pBad 0.0148446 T 4.50845e-09 Obj 1.00854 Rho 0 GRdif 4.98997 success 828664 failure 1060124 obj_new 1.00855 SA_pAcc 0 Delta 0.000354628 SA_r 0.640857 freedomratio 0.162417
Iter 6000000 pBad 0.0100138 T 1.30087e-09 Obj 1.00851 Rho 0 GRdif 4.96852 success 838613 failure 1370921 obj_new 1.00851 SA_pAcc 0 Delta -0.00018352 SA_r 0.429963 freedomratio 0.15635
Iter 6500000 pBad 0.00245958 T 3.75352e-10 Obj 1.0085 Rho 0 GRdif 4.96433 success 845507 failure 1699628 obj_new 1.00851 SA_pAcc 0 Delta 0.000126306 SA_r 0.200759 freedomratio 0.151813
Iter 7000000 pBad 0.00255763 T 1.08304e-10 Obj 1.00849 Rho 0 GRdif 4.95637 success 851339 failure 2040036 obj_new 1.00849 SA_pAcc 0 Delta 0.000116394 SA_r 0.182758 freedomratio 0.147347
Iter 7500000 pBad 0.00229425 T 3.12501e-11 Obj 1.00848 Rho 0 GRdif 4.9505 success 856033 failure 2390935 obj_new 1.00848 SA_pAcc 0 Delta 0.00014403 SA_r 0.641137 freedomratio 0.144193
Iter 8000000 pBad 0.00033947 T 9.0169e-12 Obj 1.00848 Rho 0 GRdif 4.94892 success 861421 failure 2766555 obj_new 1.00848 SA_pAcc 1.6186e-05 Delta 1.75025e-06 SA_r 0.779308 freedomratio 0.13568
Iter 8500000 pBad 0.000643862 T 2.60174e-12 Obj 1.00848 Rho 0 GRdif 4.94804 success 865994 failure 3153493 obj_new 1.00848 SA_pAcc 1 Delta 5.04917e-05 SA_r 0.924803 freedomratio 0.13234
Iter 9000000 pBad 0.00124045 T 7.50705e-13 Obj 1.00848 Rho 0 GRdif 4.9474 success 870987 failure 3550492 obj_new 1.00848 SA_pAcc 1 Delta 4.88126e-05 SA_r 0.029838 freedomratio 0.129818
Iter 9500000 pBad 1.56742e-09 T 2.16608e-13 Obj 1.00848 Rho 0 GRdif 4.94747 success 877150 failure 3945883 obj_new 1.00848 SA_pAcc 0 Delta 1.24448e-10 SA_r 0.0658056 freedomratio 0.129446
Good enough
iter 9.90885e+06 obj1.00848 rho 0 GRdif 4.94669
Training:
Lab Growth Rates:
0.43 0.48 0.31 0.46 0.56 0.465 0.37 0.4 0.36 0.5 1.35 0.45 0.54 0.38 0.41 0.48 0.1 0.4 0.53 0.46 0.59 0.23 0.25 0.901 0.46 0.47 0.54 0.53 0.648 0.901 0.59 0.5 0.19 0.42 0.11 1.05 0.724 1.345 0.46 0.4 0.54 0.54 1.345 0.4 0.53 0.39 0.5 0.54 0.485 0.4 0.3 0.54 0.59 0.4 0.1 1.345 0.42 0.46 1.345 0.47 0.4 0.54 0.47 0.27 0.46 0.53 0.45 0.52 0.49 0.54 0.47 0.38 0.637 1.66 0.4 0.5 0.42 0.45 0.55 0.6 0.45 0.41 0.53 1.483 0.1 0.901 0.6 0.7 0.301 0.52 0.65 0.648 0.42 0.41 1.42 0.45 0.4 0.485 0.68 0.43 0.65 0.4 1.43 0.54 0.55 0.3 0.4 0.37 0.3 0.2 0.4 0.33 0.52 0.53 0.58 0.36 0.55 0.56 0.36 0.43 0.6 0.4 0.47 0.4 0.4 0.3 1.345 0.47 1.483 0.46 0.37 0.301 0.4 0.37 0.686 0.4 0.4 0.59 0.37 0.58 0.55 0.54 0.476 0.54 0.45 0.4 0.33 0.26 0.45 0.377 0.56 0.33 0.5 0.43 0.53 1.345 0.33 0.636 0.485 0.22 0.42 0.4 0.31 0.2 0.1 0.4 0.54 0.22 0.26 0.485 0.3 0.56 0.36 0.5 0.46 0.17 0.25 0.43 0.48 0.48 0.22 0.46 0.68 0.58 0.58 0.54 0.43 0.637 0.3 0.901 0.54 0.33 0.47 0.4 0.59 0.52 0.43 0.54 0.58 0.686 0.43 0.5 0.11 0.37 0.4 0.56 0.47 1.05 0.4 0.14 0.5 0.42 0.51 0.47 0.4 0.39 0.7 0.09 1.483 0.59 0.54 0.3 0.27 0.42 0.41 0.42 0.4 0.4 0.55 0.37 0.33 1.483 0.4 0.45 0.3 0.23 0.39 0.54 0.56 0.4 0.47 0.65 0.5 0.4 0.25 0.5 0.5 0.56 0.32 0.5 0.7 1.483 0.635 0.37 0.59 0.4 0.46 0.58 0.52 0.5 1.03 0.23 0.41 0.48 0.68 0.4 0.59 0.6 0.5 0.47 0.59 0.65 0.52 0.52 0.636 0.58 0.42 0.58 0.47 1.46 0.5 0.43 0.5 0.26 0.25 0.762 0.54 0.1 0.38 0.56 0.48 0.762 0.481 0.4 0.36 0.3 0.47 0.42 0.27 0.58 0.34 0.54 0.37 0.25 0.41 0.47 0.56 0.58 0.25 0.39 0.3 0.23 0.46 0.38 0.53 0.4 0.42 0.27 0.4 0.476 0.55 0.59 0.4 0.48 1.483 0.45 0.55 0.5 0.56 0.52 0.636 0.46 0.25 0.58 0.56 0.377 0.58 0.58 0.58 0.37 0.59 0.5 0.301 1.49 0.47 0.4 0.4 0.56 0.58 0.4 0.52 0.58 1.248 0.55 0.56 0.38 0.762 1.05 0.41 0.476 0.5 0.4 1.67 0.58 1.46 0.53 0.56 0.686 0.56 0.54 0.33 0.37 0.901 0.45 0.47 0.4 0.55 0.648 0.22 0.54 0.47 0.53 0.65 0.635 0.43 0.1 0.37 0.7 0.22 0.46 0.48 0.4 0.4 0.4 0.39 0.49 0.45 0.58 0.17 0.465 1.46 0.37 0.3 0.42 0.54 1.248 0.4 0.4 0.56 0.17 1.248 0.481 0.901 0.23 1.345 0.14 0.4 0.58 0.45 1.43 0.53 1.345 0.5 0.71 0.33 0.47 0.617 0.1 1.46 0.762 0.53 0.09 0.5 0.37 0.68 0.53 0.4 1.345 1.44 0.1 0.1 0.59 0.52 0.34 0.5 0.4 0.36 0.37 0.36 0.31 0.4 0.5 0.71 0.42 0.4 0.34 0.43 0.23 0.3 0.27 0.32 0.65 0.47 0.45 0.635 0.58 0.54 0.4 0.65 0.54 0.46 0.47 1.248 0.42 0.54 0.47 0.5 0.5 0.55 0.53 1.483 0.56 0.47 0.19 0.22 0.724 0.53 0.37 1.05 0.5 0.45 0.56 0.58 0.52 1.38 0.46 1.05 0.36 0.52 0.46 0.19 0.32 0.59 1.4 0.637 0.36 0.42 1.483 0.59 0.481 0.5 0.724 0.11 0.4 0.54 0.5 0.51 0.39 0.5 0.4 0.3 0.45 0.42 0.5 0.43 0.4 0.4 0.54 0.45 0.2 0.4 0.48 0.3 0.4 0.23 0.47 1.345 0.41 0.54 1.483 0.59 0.46 0.23 0.4 0.4 1.483 0.25 0.45 0.22 0.4 0.4 0.5 0.55 0.51 0.71 0.65 0.42 1.67 1.248 1.483 1.345 0.23 0.49 0.377 0.47 0.46 0.42 0.59 0.65 0.5 0.68 0.4 1.66 1.345 0.09 0.27 0.465 0.45 1.483 0.41 0.5 0.22 0.5 0.33 0.45 0.55
Dot Production Prediction of Lab Growth Rates:
0.348047 0.282914 0.607673 0.328143 0.527053 0.532206 0.41037 0.399889 0.371665 0.46629 1.14771 0.42156 0.381882 0.383863 0.354342 0.334218 0.450202 0.403262 0.544077 0.458419 0.308317 0.549187 0.504475 0.847593 0.530761 0.35454 0.276828 0.483792 0.666684 0.904126 0.327357 0.434796 0.286521 0.30561 0.33207 1.06272 0.678766 1.39344 0.446559 0.400031 0.362937 0.397281 1.33605 0.405201 0.428905 0.304058 0.820275 0.29395 0.536292 0.392991 0.305925 0.362797 0.325126 0.399795 1.65066 1.34682 0.359364 0.434135 1.32821 0.368376 0.394854 0.373377 0.310353 0.586242 0.465924 0.321021 1.40193 0.368634 0.385899 0.331097 0.407959 0.288624 0.663596 1.48769 0.396086 0.4739 0.623632 1.4901 0.54516 0.612232 0.345923 0.533502 0.338425 1.33422 0.99759 0.903067 0.592545 0.73638 0.536736 0.390289 0.641537 0.667292 0.338846 0.368144 1.48061 1.46849 0.396398 0.529081 0.381193 0.369455 0.67105 0.398817 1.22085 0.461761 0.459744 0.596369 0.402138 0.416672 0.558669 0.361356 0.400921 0.312903 0.392395 0.259662 0.465211 0.357889 0.550909 0.542692 0.352208 0.470403 0.582133 0.401912 0.410796 0.391156 0.402946 0.315682 1.34094 0.412553 1.32177 0.31446 0.556495 0.536329 0.401244 0.417118 0.673345 0.402904 0.400851 0.381679 0.404953 0.460996 0.553031 0.45986 0.534323 0.41284 0.347804 0.393879 0.332131 0.455086 0.309914 0.530948 0.549104 0.301103 0.331429 0.429445 0.555073 1.33453 0.516515 0.67237 0.531479 0.472033 0.297881 0.402092 0.626032 0.388637 1.46065 0.399959 0.378475 0.399606 0.401001 0.534093 0.476594 0.471398 0.355605 0.72542 0.27791 0.442125 0.976817 0.434169 0.270669 0.289839 0.468344 0.370247 0.381761 0.366474 0.468935 0.460336 0.353092 0.66155 0.365062 0.900905 0.374802 0.300293 0.318784 0.399858 0.324807 0.400107 0.399832 0.538993 0.456322 0.676958 0.399924 0.478232 0.374215 0.413849 0.389233 0.548183 0.376644 1.46277 0.402116 0.374621 0.542285 0.328209 0.393917 0.339719 0.403771 0.34262 0.738561 0.471042 1.30062 0.549657 0.361993 0.51465 0.359947 0.340433 0.531962 0.347237 0.400137 0.402069 0.472264 0.406139 0.467435 1.32952 0.397972 0.363692 0.558203 0.416746 0.318062 0.456868 0.463322 0.401455 0.46298 0.64974 0.316712 0.397264 0.355088 0.384734 0.31178 0.462179 0.293325 0.53491 0.742556 1.31779 0.667355 0.413951 0.547484 0.294154 0.459883 0.385785 0.321052 0.752805 1.24809 0.552925 0.380176 0.273062 0.376712 0.39803 0.291824 0.589296 0.794076 0.410264 0.543359 0.626008 0.349741 0.362006 0.678065 0.467487 0.315899 0.39884 0.400804 1.5128 0.808108 0.378971 0.852857 0.59426 0.288098 0.822243 0.376559 0.43756 0.318231 0.552266 0.357416 0.828634 0.531849 0.402371 0.336785 0.398035 0.37291 0.310359 0.376727 0.342713 0.334759 0.537857 0.47186 0.352959 0.405827 0.405504 0.55088 0.274082 0.549559 0.294118 0.587443 0.418583 0.46225 0.377282 0.526769 0.391943 0.337004 0.331718 0.384905 0.531942 0.473711 0.551203 0.402495 0.314349 1.28175 1.39004 0.549867 0.536192 0.539791 0.353084 0.677173 0.291838 1.44695 0.346395 0.52616 0.527408 0.471647 0.463102 0.450341 0.408655 0.335247 0.463096 0.537221 1.4901 0.477723 0.399495 0.400115 0.545113 0.467367 0.401793 0.369474 0.384167 0.865098 0.473341 0.474208 0.295027 0.812442 1.04969 0.307447 0.537029 0.550133 0.402458 1.36921 0.313241 1.05065 0.443575 0.472166 0.678879 0.551235 0.541497 0.530103 0.437786 0.900745 1.36662 0.366543 0.405796 0.547782 0.658868 0.47083 0.323419 0.360613 0.529856 0.663621 0.667881 0.391482 1.70908 0.416678 0.740525 0.363791 0.408828 0.328049 0.401489 0.398722 0.39598 0.309652 0.406516 0.408384 0.463654 0.30051 0.534343 1.06246 0.416759 0.571335 0.611648 0.455907 0.861116 0.395395 0.402035 0.461638 0.301271 0.871835 0.528971 0.900465 0.550741 1.34466 0.371043 0.401303 0.476281 0.299962 1.21687 0.52848 1.30474 0.75224 0.670439 0.357095 0.409648 0.727596 0.340342 1.06288 0.818129 0.369989 0.339969 0.352165 0.386775 0.375915 0.546081 0.395208 1.37969 1.46602 1.43482 1.36116 0.302252 0.377354 0.313261 0.334172 0.398565 0.328209 0.415872 0.418492 0.608431 0.394917 0.330866 0.675979 0.400284 0.401314 0.309461 0.369577 0.541949 0.299909 0.271284 0.34581 0.658457 0.380896 0.322672 0.666155 0.366205 0.350153 0.384397 0.640583 0.534033 0.526162 0.468772 0.865259 0.347612 0.54728 0.386699 0.823959 0.371584 0.472161 0.411795 1.31963 0.543934 0.376178 0.299645 0.472603 0.680571 0.534912 0.285698 1.04243 0.732841 1.40296 0.548341 0.472204 0.391932 1.25077 0.351045 1.06426 0.432052 0.358806 0.552762 0.277478 0.323311 0.546164 1.39963 0.666957 0.328365 0.601814 1.30962 0.548488 0.526623 0.553311 0.676189 0.386784 0.387497 0.532056 0.388751 0.405797 0.320858 0.79023 0.394902 0.619988 1.44417 0.290341 0.475748 0.353759 0.399178 0.397137 0.467573 0.388489 0.348195 0.398753 0.339348 0.298954 0.318978 0.416298 0.368427 1.34275 0.528376 0.551311 1.37873 0.555374 0.398229 0.547869 0.396487 0.384149 1.36094 0.356482 0.360663 0.466177 0.38793 0.400467 0.320255 0.550023 0.437643 0.680135 0.662801 0.290962 1.45352 0.863 1.34459 1.36659 0.546893 0.38223 0.531998 0.352729 0.420384 0.321414 0.362599 0.649785 0.474352 0.381632 0.402708 1.5494 1.34927 0.380802 0.369624 0.533604 0.417895 1.3542 0.405917 0.314064 0.463858 0.833972 0.364027 0.366105 0.471751
Testing:
Lab Growth Rates:
0.46 0.46 0.46
Dot Production Prediction of Lab Growth Rates:
0.449869 0.4513 0.443493
Best performance so far: 
Obj: 4.68461e-310Rho: 6.5069e-314Diff: 4.68461e-310
Test:
 Lab Growth Rates:
0.46 0.46 0.46Dot Product Prediction of Growth Rate:
0.4498693 0.4513 0.4434931