seed =  5 traits =  1 
Training: part  166 
Training: part  166 
Round  1 
 Goal of obj  0.99 
Temperature range:  0.00390625 7.8125e-10 
Cycle 1Round 1
Iter 500000 pBad 0.854142 T 0.00180639 Obj 1.08033 Rho 0 GRdif 45.2763 success 146101 failure 10140 obj_new 1.08033 SA_pAcc 1.05122 Delta -0.036362 SA_r 0.768087 freedomratio 0.369716
Iter 1000000 pBad 0.802305 T 0.000835341 Obj 1.04964 Rho 0 GRdif 28.389 success 290106 failure 25784 obj_new 1.04964 SA_pAcc 1 Delta -0.0253087 SA_r 0.475534 freedomratio 0.370417
Iter 1500000 pBad 0.771685 T 0.000386292 Obj 1.0373 Rho 0 GRdif 21.4579 success 432526 failure 45697 obj_new 1.0373 SA_pAcc 1.14397 Delta 0.0423661 SA_r 0.483662 freedomratio 0.3723
Iter 2000000 pBad 0.735232 T 0.000178635 Obj 1.02532 Rho 0 GRdif 14.6512 success 573045 failure 69849 obj_new 1.02532 SA_pAcc 0.895544 Delta 0.02672 SA_r 0.511833 freedomratio 0.36809
Iter 2500000 pBad 0.679885 T 8.26073e-05 Obj 1.02126 Rho 0 GRdif 12.3305 success 712867 failure 96233 obj_new 1.02126 SA_pAcc 0.968424 Delta 0.0302327 SA_r 0.391031 freedomratio 0.371827
Iter 3000000 pBad 0.60302 T 3.82006e-05 Obj 1.01848 Rho 0 GRdif 10.7284 success 850346 failure 127183 obj_new 1.01848 SA_pAcc 1 Delta 0.0209836 SA_r 0.0236898 freedomratio 0.361282
Iter 3500000 pBad 0.536908 T 1.76653e-05 Obj 1.01654 Rho 0 GRdif 9.61334 success 983787 failure 164159 obj_new 1.01654 SA_pAcc 1 Delta -0.0257393 SA_r 0.179726 freedomratio 0.354293
Iter 4000000 pBad 0.443485 T 8.16907e-06 Obj 1.01428 Rho 0 GRdif 8.31038 success 1109968 failure 213481 obj_new 1.01428 SA_pAcc 1.14433 Delta -0.0288935 SA_r 0.616836 freedomratio 0.365337
Iter 4500000 pBad 0.414507 T 3.77767e-06 Obj 1.01141 Rho 0 GRdif 6.67657 success 1231392 failure 272441 obj_new 1.01146 SA_pAcc 2.77188e-06 Delta 0.014883 SA_r 0.30992 freedomratio 0.354079
Iter 5000000 pBad 0.31024 T 1.74693e-06 Obj 1.00954 Rho 0 GRdif 5.56676 success 1343702 failure 350345 obj_new 1.00954 SA_pAcc 0.206581 Delta -0.0267071 SA_r 0.295874 freedomratio 0.334857
Iter 5500000 pBad 0.282402 T 8.07843e-07 Obj 1.00858 Rho 0 GRdif 5.00361 success 1443832 failure 453821 obj_new 1.00858 SA_pAcc 0.859763 Delta -0.00191715 SA_r 0.468935 freedomratio 0.338924
Iter 6000000 pBad 0.138046 T 3.73576e-07 Obj 1.0078 Rho 0 GRdif 4.56337 success 1523381 failure 600644 obj_new 1.00782 SA_pAcc 9.17668e-18 Delta -0.00673516 SA_r 0.098582 freedomratio 0.306967
Iter 6500000 pBad 0.0696414 T 1.72755e-07 Obj 1.00753 Rho 0 GRdif 4.39886 success 1575329 failure 811892 obj_new 1.00753 SA_pAcc 1.79518 Delta 0.00326774 SA_r 0.763093 freedomratio 0.269425
Iter 7000000 pBad 0.0435379 T 7.9888e-08 Obj 1.00746 Rho 0 GRdif 4.35695 success 1609756 failure 1070216 obj_new 1.00746 SA_pAcc 0.20601 Delta -0.00259849 SA_r 0.0254315 freedomratio 0.24915
Iter 7500000 pBad 0.0252201 T 3.69431e-08 Obj 1.00742 Rho 0 GRdif 4.33187 success 1634498 failure 1359575 obj_new 1.00742 SA_pAcc 4.79643e-06 Delta 0.00208263 SA_r 0.4961 freedomratio 0.228549
Iter 8000000 pBad 0.0192287 T 1.70838e-08 Obj 1.0074 Rho 0 GRdif 4.34783 success 1651033 failure 1678580 obj_new 1.00745 SA_pAcc 0 Delta -0.0014273 SA_r 0.886794 freedomratio 0.218087
Iter 8500000 pBad 0.0094641 T 7.90017e-09 Obj 1.00738 Rho 0 GRdif 4.31834 success 1663517 failure 2011961 obj_new 1.0074 SA_pAcc 0 Delta 0.000885124 SA_r 0.374599 freedomratio 0.212704
Iter 9000000 pBad 0.0091337 T 3.65332e-09 Obj 1.00737 Rho 0 GRdif 4.30559 success 1673050 failure 2357026 obj_new 1.00737 SA_pAcc 5.20415e-09 Delta -0.000327735 SA_r 0.732241 freedomratio 0.206775
Iter 9500000 pBad 0.00395077 T 1.68943e-09 Obj 1.00737 Rho 0 GRdif 4.30563 success 1679618 failure 2713656 obj_new 1.00737 SA_pAcc 0 Delta 3.69622e-05 SA_r 0.952704 freedomratio 0.202069
Iter 10000000 pBad 0.00450975 T 7.81251e-10 Obj 1.00737 Rho 0 GRdif 4.30107 success 1684199 failure 3076922 obj_new 1.00737 SA_pAcc 2.1866e-40 Delta -0.000355843 SA_r 0.970323 freedomratio 0.201791
Cannot move further
iter 9.99986e+06 obj1.00737 rho 0 GRdif 4.30103
Training:
Lab Growth Rates:
0.43 0.32 0.19 0.377 0.45 0.6 0.45 0.56 0.23 0.55 0.43 0.6 0.41 0.42 0.1 0.54 0.43 0.09 0.465 0.54 0.41 0.5 0.22 0.42 0.4 0.5 0.4 0.68 0.4 0.37 0.41 0.58 0.637 0.65 0.59 0.65 1.483 0.42 0.36 1.67 0.46 0.42 1.46 0.481 0.41 0.4 1.483 1.483 0.52 0.54 1.46 0.56 0.36 0.636 0.58 0.27 0.46 0.6 0.23 0.42 0.46 0.42 1.345 0.56 0.45 0.52 0.54 0.4 0.33 0.377 0.55 0.52 0.55 0.58 0.37 0.58 0.4 0.41 0.54 0.1 0.43 0.58 0.47 1.483 0.4 0.68 0.48 0.59 0.25 0.56 0.36 0.41 0.3 0.45 0.5 1.248 1.43 0.31 0.43 0.38 0.5 0.1 1.05 0.42 0.37 0.11 0.59 0.4 0.65 0.46 0.46 0.45 0.36 1.43 0.36 0.47 0.4 0.53 0.6 0.686 0.53 0.42 0.56 0.39 0.4 0.3 0.4 0.55 0.45 0.3 0.42 0.54 0.36 0.37 0.58 0.1 0.46 0.37 0.65 0.23 0.33 0.43 0.301 0.5 1.345 1.483 0.45 0.36 0.54 0.19 0.4 0.34 0.46 0.32 0.65 0.27 0.58 1.483 0.39 0.59 0.54 0.39 0.54 0.17 0.23 0.45 0.4 1.248 0.54 0.53 1.05 0.377 1.483 1.05 1.483 0.4 0.25 0.41 0.47 1.38 1.248 0.5 0.58 0.43 0.47 0.46 0.45 0.648 0.25 0.58 0.58 0.25 0.17 0.51 0.901 0.43 0.4 0.1 0.45 0.54 0.54 0.11 0.42 0.27 0.33 0.3 1.05 0.762 0.4 0.637 0.19 0.46 0.46 0.33 0.46 0.485 0.54 0.54 0.46 0.37 0.1 0.51 0.4 0.5 0.42 0.33 0.59 0.5 0.59 0.47 0.485 0.37 0.53 0.301 0.47 1.345 0.49 0.45 0.53 1.46 0.48 0.4 0.65 0.39 0.58 0.3 0.3 0.47 0.25 0.47 0.762 0.4 0.4 0.4 0.5 1.05 0.59 0.48 0.56 0.4 0.635 1.4 0.43 0.36 0.11 0.55 0.4 0.46 0.27 0.4 0.648 0.3 0.4 0.53 0.476 0.47 0.4 0.47 0.4 0.5 0.476 0.42 0.5 1.44 0.7 0.27 0.47 0.5 1.483 0.47 0.5 0.37 0.31 0.45 0.42 0.2 0.23 0.45 0.53 0.58 0.48 0.14 0.58 0.7 0.46 0.22 0.4 0.41 0.54 0.3 0.25 0.686 1.345 0.36 1.248 0.46 0.5 0.47 0.636 0.47 0.724 0.59 0.53 0.46 0.42 0.901 0.38 0.4 0.5 0.46 0.47 0.37 0.65 0.59 0.68 0.25 0.58 0.37 0.43 0.5 1.345 0.23 0.45 0.53 0.59 0.39 0.45 0.52 0.4 0.4 0.58 0.38 1.483 0.4 0.4 1.345 0.1 0.47 0.23 0.65 0.46 0.4 0.4 0.2 0.3 0.54 0.7 0.56 1.345 0.47 0.26 0.59 0.53 0.59 0.45 1.345 0.635 1.483 0.48 0.58 0.34 0.4 0.58 0.42 0.4 0.901 0.68 0.5 0.43 0.1 1.345 0.648 0.55 0.09 0.5 0.59 0.22 0.33 0.55 0.55 0.27 0.58 0.636 0.4 0.26 0.52 0.56 0.58 0.59 0.4 0.41 1.67 0.5 0.3 0.47 0.56 0.465 0.4 0.47 1.66 0.48 0.4 0.58 0.56 0.38 0.5 0.4 0.55 0.22 0.4 0.47 0.4 0.481 0.4 0.5 0.37 0.4 0.3 0.5 0.762 0.481 0.4 0.31 0.53 0.47 0.4 0.49 0.5 0.54 0.54 0.34 1.345 0.56 0.3 0.71 0.724 0.1 0.56 0.54 1.03 0.52 0.5 0.54 0.25 0.55 0.48 0.476 0.54 0.4 0.47 0.37 0.52 0.7 0.47 0.485 0.465 1.49 0.33 0.54 0.71 0.37 0.48 0.56 0.3 1.66 0.637 0.52 0.38 0.635 0.43 0.52 0.54 0.53 0.901 0.4 0.53 0.901 0.37 0.45 0.33 0.42 0.4 0.2 0.59 0.22 0.4 0.23 0.45 0.55 0.42 0.49 0.5 0.4 0.4 0.56 0.48 0.23 1.35 0.54 0.22 0.37 0.724 0.58 0.4 1.345 0.37 0.4 0.4 0.5 0.5 1.42 0.4 1.248 0.17 0.45 0.54 0.52 0.54 0.39 0.68 0.55 0.5 0.56 0.901 0.32 0.46 1.345 0.617 0.4 0.14 0.46 0.22 0.65 0.26 0.4 0.5 0.52 0.71 0.42 0.4 0.51 0.52 0.4 0.3 1.483 0.53 0.686 0.09 0.59 0.46 0.5 0.301 0.56 1.46 0.47 0.22 0.33 0.56 0.54 0.762 0.485 0.53 0.56 0.5 0.4 0.54
Dot Production Prediction of Lab Growth Rates:
0.315144 0.345706 0.291441 0.560647 1.52876 0.555314 0.334856 0.564501 0.404767 0.556287 0.316086 0.583823 0.364174 0.589188 1.17701 0.382846 0.33339 0.406622 0.577502 0.541748 0.563604 0.561313 0.465362 0.324384 0.39158 0.64449 0.403988 0.443392 0.40136 0.400047 0.379237 0.488714 0.703877 0.673588 0.559563 0.638907 1.22252 0.367594 0.339783 1.45032 0.472011 0.306194 1.46038 0.570331 0.563218 0.395578 1.20195 1.26344 0.321441 0.393919 1.05932 0.527782 0.323759 0.728114 0.373174 0.55086 0.32888 0.55307 0.543491 0.364722 0.384582 0.362099 1.31472 0.488662 0.347232 0.335048 0.459135 0.392795 0.401279 0.558026 0.533092 0.392472 0.539047 0.499349 0.412228 0.492124 0.40173 0.34059 0.534434 0.995955 0.409163 0.475506 0.410046 1.33082 0.398751 0.442555 0.322744 0.36361 0.513848 0.48947 0.337889 0.314986 0.300291 0.345543 0.41707 0.954613 1.21215 0.541142 0.342449 0.365816 0.715749 0.427815 1.05512 0.306309 0.323453 0.31154 0.550003 0.40339 0.654742 0.388189 0.460095 1.55092 0.343233 1.19024 0.381381 0.466148 0.398584 0.286692 0.575241 0.721368 0.357397 0.322072 0.533997 0.350134 0.399983 0.323136 0.332337 0.455794 0.352587 0.513642 0.350039 0.468309 0.382596 0.413607 0.471467 1.23486 0.34677 0.400648 0.649931 0.535902 0.387902 0.424744 0.556445 0.476466 1.31325 1.27653 0.389293 0.388929 0.349235 0.305862 0.396397 0.338652 0.446642 0.320398 0.676877 0.339526 0.375918 1.30764 0.32749 0.360957 0.334557 0.284484 0.546225 0.359344 0.547079 0.373045 0.39808 0.950778 0.338128 0.526877 1.40112 0.560084 1.22281 1.05 1.27774 0.393626 1.57368 0.347573 0.370414 1.30602 0.962934 0.344411 0.291778 0.375476 0.334329 0.472247 1.52571 0.708593 0.37189 0.328144 0.483418 0.301384 0.286319 0.35719 0.893397 0.427428 0.402859 1.49806 0.350219 0.474371 0.474948 0.331637 0.348977 0.292425 0.325816 0.537858 1.04998 0.911975 0.400033 0.707764 0.305398 0.310503 0.425744 0.34271 0.313714 0.573006 0.345849 0.366422 0.461233 0.400815 0.792855 0.378287 0.402571 0.473134 0.56116 0.328979 0.342298 0.345195 0.543132 0.30099 0.573671 0.370217 0.340828 0.559104 0.299129 1.2908 0.363927 0.395256 0.297428 1.03051 0.304992 0.403114 0.65045 0.293791 0.338499 0.545036 0.523216 0.415264 0.834154 0.312243 0.91504 0.404161 0.399009 0.399934 0.349437 1.02693 0.337046 0.313045 0.541581 0.404321 0.71358 1.51277 0.338604 0.33628 0.310812 0.544285 0.402077 0.307245 0.367515 0.403027 0.69587 0.584603 0.396785 0.510322 0.583539 0.308714 0.322117 0.364464 0.392785 0.61535 0.582201 0.3326 0.495738 1.52809 0.74997 0.337654 0.404275 0.540113 1.29591 0.368546 0.493624 0.408325 0.542126 0.349641 0.332673 0.372216 0.528427 1.59343 0.444013 0.470016 0.260728 0.138648 0.450618 0.738923 0.47419 0.458922 0.4031 0.353286 0.301412 0.374562 0.508895 0.71606 1.32208 0.345764 0.957033 0.457239 0.690755 0.401874 0.715786 0.474145 0.717127 0.339842 0.337492 0.322727 0.358866 0.902631 0.332271 0.392761 0.331188 0.456268 0.376483 0.48983 0.611722 0.319426 0.447963 0.364715 0.47006 0.41227 0.399016 0.739547 1.31005 0.405683 1.64658 0.525129 0.539007 0.330193 0.318257 0.333912 0.402983 0.399703 0.266063 0.353295 1.2534 0.403905 0.401989 1.25366 0.972784 0.353907 0.404257 0.646785 0.465136 0.395698 0.395993 0.388958 0.299515 0.306528 0.729064 0.558137 1.21473 0.356528 0.416975 0.312806 0.537134 0.539069 1.65307 1.2142 0.710348 1.19288 0.335375 0.478716 0.319394 0.400418 0.347478 0.351403 0.403358 0.900962 0.452211 0.665416 0.367059 0.421128 1.21071 0.707278 0.491387 0.33113 0.335947 0.556291 0.484539 0.300994 0.549773 0.531233 0.357105 0.475353 0.727363 0.394114 0.53418 0.356762 0.551112 0.327645 0.540764 0.405875 0.565551 1.61539 0.491531 0.488964 0.378943 0.495293 0.574304 0.405121 0.388378 1.66 0.283065 0.400449 0.31502 0.478953 0.325302 0.562113 0.398991 0.468824 0.327911 0.395297 0.391633 0.40152 0.570912 0.392323 0.707324 0.39529 0.399881 0.304775 0.383088 0.930168 0.567438 0.389413 0.537844 0.537099 0.357833 0.403706 0.357915 0.342307 0.317253 0.361051 0.329704 1.28974 0.47657 0.456054 0.729556 0.722811 0.320903 0.549995 0.469763 1.27554 0.391375 0.513054 0.347537 0.376526 0.47844 0.360367 0.577385 0.560821 0.395831 0.413636 0.401475 0.395746 0.724776 0.323914 0.570983 0.581141 1.59343 0.327216 0.385935 0.719127 0.398878 0.325511 0.537956 0.580484 1.65999 0.708828 0.394892 0.329831 0.714975 0.391414 0.340693 0.32644 0.389593 0.901027 0.404864 0.311904 0.902123 0.403944 0.326616 0.330341 0.355754 0.386974 0.357941 0.306881 0.338826 0.402629 0.523974 0.395427 0.469408 0.320129 0.351815 0.67555 0.392418 0.402583 0.544168 0.35314 0.544872 1.16857 0.533829 0.348158 0.369952 0.723581 0.493639 0.403534 1.36253 0.384281 0.39486 0.406372 0.733577 0.514801 1.55313 0.403585 0.95215 0.303073 1.52452 0.553244 0.342436 0.529594 0.270625 0.454151 0.476682 0.721313 0.476962 0.900998 0.316171 0.390147 1.35301 0.469776 0.389682 0.140048 0.301056 0.486659 0.623228 0.421974 0.400135 0.483507 0.365076 0.712617 0.568371 0.400599 0.344042 0.349031 0.400033 0.353085 1.23636 0.540197 0.718426 0.376601 0.358998 0.420455 0.363104 0.558375 0.542812 1.0272 0.367657 0.466797 0.434266 0.523677 0.478727 0.938128 0.576553 0.526848 0.538295 0.676091 0.403432 0.348171
Testing:
Lab Growth Rates:
0.5 0.5 0.5
Dot Production Prediction of Lab Growth Rates:
0.327014 0.307344 0.31598
Best performance so far: 
Obj: 4.68392e-310Rho: 2.26291e-314Diff: 4.68392e-310
Anneal again with the best G and E so far as input
Cycle 2Round 1
Iter 500000 pBad 0.837778 T 0.00180639 Obj 1.0734 Rho 0 GRdif 41.5079 success 103847 failure 8916 obj_new 1.0734 SA_pAcc 1 Delta -0.071171 SA_r 0.00547287 freedomratio 0.244983
Iter 1000000 pBad 0.798944 T 0.000835341 Obj 1.05432 Rho 0 GRdif 30.9998 success 205574 failure 20993 obj_new 1.05432 SA_pAcc 1 Delta -0.00468213 SA_r 0.969633 freedomratio 0.244268
Iter 1500000 pBad 0.752991 T 0.000386292 Obj 1.03481 Rho 0 GRdif 20.0534 success 305165 failure 38516 obj_new 1.03481 SA_pAcc 1 Delta 0.00872209 SA_r 0.477201 freedomratio 0.245496
Iter 2000000 pBad 0.692367 T 0.000178635 Obj 1.02878 Rho 0 GRdif 16.6287 success 403403 failure 59829 obj_new 1.02878 SA_pAcc 1.17313 Delta -0.0545434 SA_r 0.0887226 freedomratio 0.245599
Iter 2500000 pBad 0.650453 T 8.26073e-05 Obj 1.0246 Rho 0 GRdif 14.2434 success 501054 failure 81903 obj_new 1.0246 SA_pAcc 1 Delta -0.0440309 SA_r 0.139357 freedomratio 0.244472
Iter 3000000 pBad 0.598248 T 3.82006e-05 Obj 1.02138 Rho 0 GRdif 12.3955 success 596582 failure 110110 obj_new 1.02138 SA_pAcc 1 Delta -0.0239332 SA_r 0.245168 freedomratio 0.237728
Iter 3500000 pBad 0.479538 T 1.76653e-05 Obj 1.01887 Rho 0 GRdif 10.9522 success 689346 failure 144367 obj_new 1.01887 SA_pAcc 1 Delta -0.0132177 SA_r 0.00172398 freedomratio 0.240657
Iter 4000000 pBad 0.423236 T 8.16907e-06 Obj 1.01735 Rho 0 GRdif 10.0774 success 776598 failure 188266 obj_new 1.01735 SA_pAcc 1 Delta -0.0241186 SA_r 0.95193 freedomratio 0.241152
Iter 4500000 pBad 0.294141 T 3.77767e-06 Obj 1.01296 Rho 0 GRdif 7.54627 success 856417 failure 249540 obj_new 1.01296 SA_pAcc 1 Delta 0.00129487 SA_r 0.721513 freedomratio 0.225211
Iter 5000000 pBad 0.283915 T 1.74693e-06 Obj 1.0107 Rho 0 GRdif 6.23541 success 932651 failure 321463 obj_new 1.0107 SA_pAcc 1 Delta -0.0131754 SA_r 0.943518 freedomratio 0.229085
Iter 5500000 pBad 0.193406 T 8.07843e-07 Obj 1.00991 Rho 0 GRdif 5.77828 success 1000365 failure 410191 obj_new 1.00991 SA_pAcc 0.156502 Delta 0.0147271 SA_r 0.149098 freedomratio 0.222814
Iter 6000000 pBad 0.0886098 T 3.73576e-07 Obj 1.00928 Rho 0 GRdif 5.41679 success 1055517 failure 533010 obj_new 1.00929 SA_pAcc 1.07793e-06 Delta -0.00391085 SA_r 0.746428 freedomratio 0.204181
Iter 6500000 pBad 0.0820003 T 1.72755e-07 Obj 1.0089 Rho 0 GRdif 5.19122 success 1097090 failure 696629 obj_new 1.0089 SA_pAcc 0.657957 Delta -0.00101737 SA_r 0.4495 freedomratio 0.195464
Iter 7000000 pBad 0.0415447 T 7.9888e-08 Obj 1.0087 Rho 0 GRdif 5.07602 success 1126724 failure 900417 obj_new 1.0087 SA_pAcc 1 Delta 0.00145136 SA_r 0.639756 freedomratio 0.182271
Iter 7500000 pBad 0.0343621 T 3.69431e-08 Obj 1.00858 Rho 0 GRdif 5.00727 success 1149798 failure 1131527 obj_new 1.00858 SA_pAcc 1 Delta 0.00241686 SA_r 0.898022 freedomratio 0.172505
Iter 8000000 pBad 0.0187946 T 1.70838e-08 Obj 1.00849 Rho 0 GRdif 4.9544 success 1166858 failure 1392674 obj_new 1.00849 SA_pAcc 5.92059e-07 Delta 0.00123119 SA_r 0.762409 freedomratio 0.162778
Iter 8500000 pBad 0.0132956 T 7.90017e-09 Obj 1.00843 Rho 0 GRdif 4.91781 success 1181106 failure 1673214 obj_new 1.00843 SA_pAcc 0.196307 Delta -0.000808762 SA_r 0.549765 freedomratio 0.157781
Iter 9000000 pBad 0.00822343 T 3.65332e-09 Obj 1.00839 Rho 0 GRdif 4.89898 success 1191695 failure 1973523 obj_new 1.0084 SA_pAcc 0 Delta 0.000809536 SA_r 0.574346 freedomratio 0.151696
Iter 9500000 pBad 0.0079066 T 1.68943e-09 Obj 1.00836 Rho 0 GRdif 4.88069 success 1199240 failure 2289792 obj_new 1.00836 SA_pAcc 1 Delta 0.000314205 SA_r 0.424091 freedomratio 0.148656
Good enough
iter 9.99994e+06 obj1.00835 rho 0 GRdif 4.8731
Training:
Lab Growth Rates:
0.43 0.32 0.19 0.377 0.45 0.6 0.45 0.56 0.23 0.55 0.43 0.6 0.41 0.42 0.1 0.54 0.43 0.09 0.465 0.54 0.41 0.5 0.22 0.42 0.4 0.5 0.4 0.68 0.4 0.37 0.41 0.58 0.637 0.65 0.59 0.65 1.483 0.42 0.36 1.67 0.46 0.42 1.46 0.481 0.41 0.4 1.483 1.483 0.52 0.54 1.46 0.56 0.36 0.636 0.58 0.27 0.46 0.6 0.23 0.42 0.46 0.42 1.345 0.56 0.45 0.52 0.54 0.4 0.33 0.377 0.55 0.52 0.55 0.58 0.37 0.58 0.4 0.41 0.54 0.1 0.43 0.58 0.47 1.483 0.4 0.68 0.48 0.59 0.25 0.56 0.36 0.41 0.3 0.45 0.5 1.248 1.43 0.31 0.43 0.38 0.5 0.1 1.05 0.42 0.37 0.11 0.59 0.4 0.65 0.46 0.46 0.45 0.36 1.43 0.36 0.47 0.4 0.53 0.6 0.686 0.53 0.42 0.56 0.39 0.4 0.3 0.4 0.55 0.45 0.3 0.42 0.54 0.36 0.37 0.58 0.1 0.46 0.37 0.65 0.23 0.33 0.43 0.301 0.5 1.345 1.483 0.45 0.36 0.54 0.19 0.4 0.34 0.46 0.32 0.65 0.27 0.58 1.483 0.39 0.59 0.54 0.39 0.54 0.17 0.23 0.45 0.4 1.248 0.54 0.53 1.05 0.377 1.483 1.05 1.483 0.4 0.25 0.41 0.47 1.38 1.248 0.5 0.58 0.43 0.47 0.46 0.45 0.648 0.25 0.58 0.58 0.25 0.17 0.51 0.901 0.43 0.4 0.1 0.45 0.54 0.54 0.11 0.42 0.27 0.33 0.3 1.05 0.762 0.4 0.637 0.19 0.46 0.46 0.33 0.46 0.485 0.54 0.54 0.46 0.37 0.1 0.51 0.4 0.5 0.42 0.33 0.59 0.5 0.59 0.47 0.485 0.37 0.53 0.301 0.47 1.345 0.49 0.45 0.53 1.46 0.48 0.4 0.65 0.39 0.58 0.3 0.3 0.47 0.25 0.47 0.762 0.4 0.4 0.4 0.5 1.05 0.59 0.48 0.56 0.4 0.635 1.4 0.43 0.36 0.11 0.55 0.4 0.46 0.27 0.4 0.648 0.3 0.4 0.53 0.476 0.47 0.4 0.47 0.4 0.5 0.476 0.42 0.5 1.44 0.7 0.27 0.47 0.5 1.483 0.47 0.5 0.37 0.31 0.45 0.42 0.2 0.23 0.45 0.53 0.58 0.48 0.14 0.58 0.7 0.46 0.22 0.4 0.41 0.54 0.3 0.25 0.686 1.345 0.36 1.248 0.46 0.5 0.47 0.636 0.47 0.724 0.59 0.53 0.46 0.42 0.901 0.38 0.4 0.5 0.46 0.47 0.37 0.65 0.59 0.68 0.25 0.58 0.37 0.43 0.5 1.345 0.23 0.45 0.53 0.59 0.39 0.45 0.52 0.4 0.4 0.58 0.38 1.483 0.4 0.4 1.345 0.1 0.47 0.23 0.65 0.46 0.4 0.4 0.2 0.3 0.54 0.7 0.56 1.345 0.47 0.26 0.59 0.53 0.59 0.45 1.345 0.635 1.483 0.48 0.58 0.34 0.4 0.58 0.42 0.4 0.901 0.68 0.5 0.43 0.1 1.345 0.648 0.55 0.09 0.5 0.59 0.22 0.33 0.55 0.55 0.27 0.58 0.636 0.4 0.26 0.52 0.56 0.58 0.59 0.4 0.41 1.67 0.5 0.3 0.47 0.56 0.465 0.4 0.47 1.66 0.48 0.4 0.58 0.56 0.38 0.5 0.4 0.55 0.22 0.4 0.47 0.4 0.481 0.4 0.5 0.37 0.4 0.3 0.5 0.762 0.481 0.4 0.31 0.53 0.47 0.4 0.49 0.5 0.54 0.54 0.34 1.345 0.56 0.3 0.71 0.724 0.1 0.56 0.54 1.03 0.52 0.5 0.54 0.25 0.55 0.48 0.476 0.54 0.4 0.47 0.37 0.52 0.7 0.47 0.485 0.465 1.49 0.33 0.54 0.71 0.37 0.48 0.56 0.3 1.66 0.637 0.52 0.38 0.635 0.43 0.52 0.54 0.53 0.901 0.4 0.53 0.901 0.37 0.45 0.33 0.42 0.4 0.2 0.59 0.22 0.4 0.23 0.45 0.55 0.42 0.49 0.5 0.4 0.4 0.56 0.48 0.23 1.35 0.54 0.22 0.37 0.724 0.58 0.4 1.345 0.37 0.4 0.4 0.5 0.5 1.42 0.4 1.248 0.17 0.45 0.54 0.52 0.54 0.39 0.68 0.55 0.5 0.56 0.901 0.32 0.46 1.345 0.617 0.4 0.14 0.46 0.22 0.65 0.26 0.4 0.5 0.52 0.71 0.42 0.4 0.51 0.52 0.4 0.3 1.483 0.53 0.686 0.09 0.59 0.46 0.5 0.301 0.56 1.46 0.47 0.22 0.33 0.56 0.54 0.762 0.485 0.53 0.56 0.5 0.4 0.54
Dot Production Prediction of Lab Growth Rates:
0.356268 0.351019 0.241223 0.611043 1.31251 0.695602 0.329891 0.546862 0.433644 0.54724 0.355159 0.747426 0.366563 0.612148 1.52734 0.382193 0.375758 0.417562 0.612423 0.542743 0.603745 0.556641 0.467574 0.328386 0.310334 0.749007 0.334454 0.232971 0.331184 0.42134 0.389486 0.470184 0.648017 0.671742 0.547567 0.638464 1.37292 0.340715 0.338053 1.4003 0.570016 0.283788 1.42835 0.6063 0.603365 0.328743 1.37144 1.38259 0.354348 0.39906 1.14231 0.52372 0.338504 0.678715 0.383314 0.549051 0.344309 0.715907 0.557505 0.384234 0.390987 0.31753 1.39204 0.475872 0.382142 0.362914 0.475804 0.312462 0.480857 0.611632 0.542679 0.309749 0.553898 0.475227 0.414971 0.47345 0.33129 0.36358 0.541967 1.33417 0.427814 0.477546 0.448238 1.40072 0.330011 0.232378 0.329061 0.387576 0.517658 0.472369 0.288829 0.333317 0.242388 0.369108 0.431907 0.906925 1.2099 0.597143 0.341581 0.370638 0.894341 0.420855 1.05323 0.287004 0.283947 0.339789 0.537024 0.338216 0.655837 0.433599 0.470207 1.36392 0.324693 1.18823 0.402822 0.452012 0.331681 0.281822 0.733539 0.664493 0.414966 0.33067 0.560023 0.351789 0.334344 0.326228 0.275504 0.452993 0.356958 0.663639 0.369545 0.460311 0.404909 0.415547 0.472546 1.51879 0.376558 0.414667 0.649791 0.551905 0.438078 0.429883 0.603023 0.460752 1.3446 1.3451 0.364041 0.351617 0.366646 0.257274 0.324572 0.328948 0.459755 0.320039 0.660566 0.321657 0.379942 1.34389 0.329997 0.373481 0.371107 0.312812 0.546994 0.403629 0.559668 0.38951 0.330531 0.902846 0.348529 0.536613 1.36261 0.613899 1.3572 1.04781 1.38194 0.323872 1.37568 0.396232 0.307273 1.28187 0.904027 0.3217 0.324609 0.392775 0.345009 0.476136 1.32766 0.651489 0.327778 0.349819 0.478009 0.287763 0.286865 0.398065 0.900795 0.404676 0.334078 1.33949 0.354314 0.467526 0.470626 0.3571 0.333537 0.277293 0.301244 0.685519 1.05 0.864405 0.332099 0.65324 0.25617 0.3529 0.406022 0.354734 0.301113 0.605418 0.332821 0.370739 0.471504 0.390585 1.05384 0.393019 0.335734 0.468153 0.591492 0.326584 0.343511 0.337547 0.539489 0.346386 0.612788 0.358201 0.364644 0.608662 0.297663 1.33706 0.384181 0.389155 0.317368 1.08771 0.309044 0.333638 0.662384 0.346121 0.349527 0.698738 0.653868 0.391212 1.05761 0.360158 0.862958 0.337813 0.325467 0.332929 0.32483 1.05282 0.328157 0.333657 0.546582 0.335551 0.657211 1.40003 0.35925 0.314675 0.324927 0.535368 0.335351 0.300654 0.364912 0.335148 0.647668 0.741821 0.323087 0.563689 0.611845 0.32249 0.283497 0.361754 0.30586 0.766073 0.606809 0.355286 0.472493 1.44592 0.90251 0.34803 0.377807 0.537958 1.38142 0.381834 0.474653 0.430376 0.591211 0.351315 0.336514 0.355148 0.55642 1.43321 0.444181 0.478858 0.284387 0.181445 0.45161 0.888999 0.590524 0.469287 0.333724 0.350992 0.281682 0.365142 0.499375 0.663312 1.36972 0.344964 0.907913 0.548858 0.842403 0.338995 0.66292 0.451509 0.662687 0.318507 0.377447 0.346254 0.348273 0.905856 0.293739 0.3144 0.354332 0.47256 0.357946 0.565983 0.623833 0.321796 0.234405 0.341372 0.474389 0.418555 0.385362 0.915907 1.40483 0.432253 1.38377 0.528053 0.539943 0.351443 0.322145 0.349162 0.333088 0.326621 0.278208 0.376119 1.38407 0.334336 0.332628 1.34929 1.27156 0.359551 0.431616 0.646018 0.470317 0.328245 0.328855 0.361805 0.244655 0.3001 0.890033 0.547706 1.32633 0.375314 0.473666 0.323321 0.54679 0.545275 1.41463 1.36527 0.659214 1.38076 0.288341 0.479527 0.326353 0.332755 0.359336 0.324376 0.329742 0.869615 0.23457 0.822627 0.364054 0.416068 1.34738 0.651237 0.4789 0.333602 0.32989 0.555193 0.485401 0.299894 0.547603 0.5399 0.344854 0.476876 0.666148 0.320489 0.587382 0.382217 0.542047 0.376377 0.536113 0.337595 0.599219 1.37774 0.473566 0.632798 0.375093 0.47262 0.612879 0.332957 0.362948 1.49077 0.290956 0.331102 0.326515 0.477052 0.277607 0.567864 0.332101 0.468293 0.342821 0.326064 0.343492 0.32921 0.606658 0.310255 0.864638 0.414076 0.333984 0.247275 0.423642 0.860679 0.608824 0.305493 0.58302 0.552985 0.289578 0.334787 0.386912 0.356246 0.335092 0.383164 0.298423 1.32624 0.475645 0.550082 0.666014 0.661287 0.311854 0.554829 0.468377 1.23945 0.375236 0.532645 0.37936 0.333337 0.46912 0.362008 0.610845 0.559007 0.322997 0.393492 0.425968 0.381843 0.883084 0.311096 0.598962 0.614517 1.43321 0.318206 0.390113 0.662265 0.418777 0.328314 0.544087 0.751476 1.48796 0.651601 0.289825 0.280612 0.6582 0.378054 0.358965 0.373669 0.419995 0.90101 0.332482 0.325591 0.901458 0.425499 0.354538 0.343084 0.371309 0.363509 0.359594 0.312668 0.370935 0.335765 0.546647 0.411786 0.470002 0.300933 0.380147 0.8242 0.311579 0.335092 0.551457 0.362271 0.560445 1.15697 0.533739 0.436327 0.382863 0.663188 0.470776 0.335154 1.39192 0.390826 0.324837 0.339058 0.891141 0.536564 1.43875 0.334818 0.899616 0.310581 1.3595 0.554975 0.353916 0.530597 0.305959 0.230837 0.478606 0.922633 0.479334 0.900991 0.320624 0.382962 1.38888 0.532734 0.310299 0.177662 0.336259 0.480162 0.621695 0.389016 0.330443 0.478096 0.343644 0.659158 0.593235 0.332966 0.361663 0.283964 0.332535 0.347378 1.37904 0.526269 0.664869 0.360589 0.332113 0.399738 0.365035 0.609339 0.549766 1.09457 0.371706 0.474334 0.516007 0.529266 0.464402 0.851831 0.608604 0.538083 0.555108 0.838255 0.3338 0.320614
Testing:
Lab Growth Rates:
0.5 0.5 0.5
Dot Production Prediction of Lab Growth Rates:
0.315959 0.315471 0.303438
Best performance so far: 
Obj: 4.68392e-310Rho: 6.5069e-314Diff: 4.68392e-310
Test:
 Lab Growth Rates:
0.5 0.5 0.5Dot Product Prediction of Growth Rate:
0.3159594 0.3154713 0.3034379