seed =  5 traits =  1 
Training: part  169 
Training: part  169 
Round  1 
 Goal of obj  0.99 
Temperature range:  0.0078125 1.5625e-09 
Cycle 1Round 1
Iter 500000 pBad 0.877578 T 0.00361279 Obj 1.12154 Rho 0 GRdif 67.216 success 147817 failure 7092 obj_new 1.12154 SA_pAcc 1 Delta 0.0540582 SA_r 0.424629 freedomratio 0.365793
Iter 1000000 pBad 0.86442 T 0.00167068 Obj 1.07255 Rho 0 GRdif 41.0411 success 293433 failure 18329 obj_new 1.07255 SA_pAcc 1.04316 Delta 0.00365946 SA_r 0.871508 freedomratio 0.36809
Iter 1500000 pBad 0.81652 T 0.000772583 Obj 1.0484 Rho 0 GRdif 27.6981 success 437441 failure 34395 obj_new 1.0484 SA_pAcc 1.14133 Delta 0.0548979 SA_r 0.850389 freedomratio 0.369949
Iter 2000000 pBad 0.79186 T 0.00035727 Obj 1.03519 Rho 0 GRdif 20.2691 success 579742 failure 54673 obj_new 1.03519 SA_pAcc 1 Delta -0.0777656 SA_r 0.334435 freedomratio 0.372063
Iter 2500000 pBad 0.725153 T 0.000165215 Obj 1.02853 Rho 0 GRdif 16.4891 success 721537 failure 75527 obj_new 1.02854 SA_pAcc 0.944077 Delta -0.023847 SA_r 0.979391 freedomratio 0.363975
Iter 3000000 pBad 0.686417 T 7.64011e-05 Obj 1.02481 Rho 0 GRdif 14.3602 success 862163 failure 99993 obj_new 1.02481 SA_pAcc 1 Delta 0.0607574 SA_r 0.216175 freedomratio 0.367629
Iter 3500000 pBad 0.6185 T 3.53306e-05 Obj 1.01983 Rho 0 GRdif 11.5081 success 1000430 failure 128609 obj_new 1.01983 SA_pAcc 1 Delta -0.0533921 SA_r 0.479304 freedomratio 0.362848
Iter 4000000 pBad 0.503494 T 1.63381e-05 Obj 1.01652 Rho 0 GRdif 9.5988 success 1134676 failure 164931 obj_new 1.01652 SA_pAcc 1 Delta -0.039677 SA_r 0.172289 freedomratio 0.36625
Iter 4500000 pBad 0.448452 T 7.55534e-06 Obj 1.01383 Rho 0 GRdif 8.05024 success 1260913 failure 214468 obj_new 1.01383 SA_pAcc 1 Delta 0.0222218 SA_r 0.179439 freedomratio 0.355798
Iter 5000000 pBad 0.340163 T 3.49386e-06 Obj 1.01024 Rho 0 GRdif 5.97114 success 1375581 failure 287661 obj_new 1.01024 SA_pAcc 0.23076 Delta 0.01569 SA_r 0.73419 freedomratio 0.352375
Iter 5500000 pBad 0.278294 T 1.61569e-06 Obj 1.00887 Rho 0 GRdif 5.17661 success 1478415 failure 384437 obj_new 1.00887 SA_pAcc 0.486678 Delta 0.014172 SA_r 0.416298 freedomratio 0.335624
Iter 6000000 pBad 0.182781 T 7.47152e-07 Obj 1.00832 Rho 0 GRdif 4.85523 success 1567801 failure 509684 obj_new 1.00832 SA_pAcc 1 Delta 0.00186149 SA_r 0.493239 freedomratio 0.318825
Iter 6500000 pBad 0.128997 T 3.4551e-07 Obj 1.00793 Rho 0 GRdif 4.66664 success 1635924 failure 681828 obj_new 1.008 SA_pAcc 2.41504e-77 Delta -0.00947988 SA_r 0.768605 freedomratio 0.297311
Iter 7000000 pBad 0.0678253 T 1.59776e-07 Obj 1.00776 Rho 0 GRdif 4.53229 success 1685410 failure 900105 obj_new 1.00776 SA_pAcc 1 Delta 0.00369688 SA_r 0.88559 freedomratio 0.270171
Iter 7500000 pBad 0.0360931 T 7.38862e-08 Obj 1.00768 Rho 0 GRdif 4.48126 success 1719863 failure 1161264 obj_new 1.00768 SA_pAcc 0.0250492 Delta 0.00355079 SA_r 0.538919 freedomratio 0.243558
Iter 8000000 pBad 0.0247639 T 3.41676e-08 Obj 1.00763 Rho 0 GRdif 4.45734 success 1744844 failure 1454043 obj_new 1.00764 SA_pAcc 8.7396e-101 Delta -0.00222263 SA_r 0.693838 freedomratio 0.224607
Iter 8500000 pBad 0.0194559 T 1.58003e-08 Obj 1.0076 Rho 0 GRdif 4.43938 success 1761564 failure 1776016 obj_new 1.0076 SA_pAcc 2.57774e-17 Delta 0.000603751 SA_r 0.882105 freedomratio 0.212627
Iter 9000000 pBad 0.0111492 T 7.30664e-09 Obj 1.00759 Rho 0 GRdif 4.43127 success 1774483 failure 2112398 obj_new 1.00759 SA_pAcc 5.2755e-255 Delta -0.000724616 SA_r 0.527083 freedomratio 0.207949
Iter 9500000 pBad 0.0064846 T 3.37885e-09 Obj 1.00758 Rho 0 GRdif 4.42314 success 1783823 failure 2464784 obj_new 1.00758 SA_pAcc 1 Delta -0.000641264 SA_r 0.594667 freedomratio 0.199864
Iter 10000000 pBad 0.00530236 T 1.5625e-09 Obj 1.00757 Rho 0 GRdif 4.42061 success 1789769 failure 2828069 obj_new 1.00757 SA_pAcc 9.36271e-16 Delta 0.0003826 SA_r 0.174063 freedomratio 0.198375
Cannot move further
iter 9.99991e+06 obj1.00757 rho 0 GRdif 4.42058
Training:
Lab Growth Rates:
0.1 0.301 0.53 0.71 0.37 0.47 0.47 0.22 0.6 0.635 0.36 0.53 0.53 0.56 0.5 0.47 0.5 0.4 0.724 0.3 0.54 0.42 0.2 1.345 0.901 0.56 0.686 0.59 0.54 0.3 0.5 0.5 0.617 0.5 1.483 0.53 0.37 0.58 0.5 0.23 0.36 0.65 0.52 0.52 1.248 0.4 0.52 0.39 0.4 0.42 0.54 0.36 0.22 0.46 0.42 0.47 0.1 0.58 0.4 0.52 1.483 0.648 0.54 0.47 0.1 0.25 1.483 0.55 0.54 0.56 1.66 0.5 0.1 0.5 0.485 0.17 0.4 0.46 0.19 0.54 1.43 0.22 0.4 1.35 1.42 0.42 0.48 0.4 1.03 0.47 0.59 0.56 0.53 0.5 0.23 0.26 0.5 0.56 0.58 0.25 0.46 0.48 0.54 0.4 1.483 0.686 0.09 0.31 0.65 0.42 0.49 0.42 0.47 0.36 0.48 0.34 1.345 0.45 0.4 0.27 0.465 0.762 0.3 0.4 0.5 1.44 0.55 0.1 0.45 0.4 0.4 0.45 0.39 0.901 0.43 0.3 0.52 0.48 1.483 0.481 0.42 0.54 0.59 0.59 0.49 0.43 0.34 0.4 0.48 0.47 0.485 0.46 0.4 0.54 1.345 0.648 0.54 0.37 0.26 0.38 0.47 0.58 0.25 0.43 0.45 0.56 0.58 0.3 0.54 0.56 0.637 0.25 0.4 0.42 0.45 0.39 0.42 0.59 0.4 0.4 0.4 0.53 0.56 0.4 0.481 1.46 0.37 0.55 0.48 0.39 0.54 0.4 0.4 0.52 0.47 0.42 0.54 0.68 0.58 1.46 0.4 0.41 1.248 1.483 0.4 1.05 0.58 0.25 0.41 0.3 0.53 0.65 0.1 0.4 0.37 0.46 0.41 0.54 1.248 0.42 0.4 0.476 0.55 0.59 1.345 0.23 0.46 0.32 0.4 1.345 0.46 0.47 0.59 0.4 0.33 0.52 0.4 0.58 0.46 0.38 0.54 0.17 0.47 0.43 0.47 0.48 0.636 0.17 0.5 0.23 0.47 0.4 0.11 0.762 0.33 0.59 0.45 0.4 0.4 1.05 0.4 0.4 0.46 0.53 0.5 0.55 0.58 0.4 1.67 0.637 0.27 0.5 0.33 0.56 0.54 1.46 0.68 0.26 0.5 0.5 0.46 0.45 0.38 0.53 0.41 0.2 0.47 0.46 0.37 0.301 0.3 0.59 0.4 0.41 0.54 0.37 0.55 0.52 0.58 0.485 0.47 0.43 0.59 0.38 1.248 0.635 1.05 0.19 0.5 0.5 0.46 0.43 0.45 0.46 1.483 0.724 0.54 0.901 0.5 0.58 0.4 0.59 0.5 0.4 0.4 1.38 0.42 0.4 0.56 1.46 0.27 0.56 0.4 0.45 0.47 1.345 0.33 0.5 0.476 0.5 0.5 1.43 0.25 0.58 0.46 0.3 0.47 0.377 0.37 0.1 0.37 0.4 0.5 0.68 0.4 0.4 0.65 0.3 0.34 0.4 0.3 0.32 0.68 1.66 0.42 0.485 0.65 0.45 0.23 0.901 0.648 0.56 0.45 0.46 0.42 0.45 0.23 0.23 1.345 0.3 0.37 0.37 0.47 0.4 0.52 0.4 0.59 1.483 0.33 0.65 0.43 0.47 0.6 0.47 0.54 0.33 0.55 0.686 0.45 0.635 0.4 0.54 0.5 0.6 0.11 0.41 0.59 0.762 0.52 0.14 0.54 0.5 0.42 0.37 0.31 0.53 0.54 0.4 0.7 0.4 0.55 0.4 0.56 0.1 0.47 0.377 0.52 0.56 0.4 0.55 0.58 0.6 0.19 0.68 0.56 0.47 0.3 0.3 0.54 0.1 0.46 0.41 0.54 0.37 1.4 0.27 0.56 0.65 0.58 0.49 0.5 0.637 0.5 0.55 0.45 0.71 0.4 0.22 0.4 0.23 0.58 1.67 0.37 0.23 0.4 0.4 0.54 1.345 1.345 0.27 0.54 0.55 0.45 0.09 0.636 0.36 0.58 0.14 0.3 0.33 0.71 0.27 0.56 0.5 0.5 1.483 0.53 0.724 0.55 0.48 0.53 0.465 1.49 0.39 0.4 0.36 0.7 0.58 0.4 0.39 0.4 0.48 0.58 0.25 0.22 0.5 1.345 0.41 0.59 0.33 0.45 0.58 0.37 0.7 0.481 0.38 0.36 1.248 0.32 0.41 0.22 0.54 0.42 0.43 0.59 0.42 0.33 1.483 0.53 0.11 1.483 1.05 1.05 0.5 1.345 0.45 0.636 0.09 0.53 0.43 0.46 0.58 0.43 0.53 0.7 0.43 0.65 0.65 0.762 0.4 0.301 0.25 0.42 0.4 0.43 0.476 0.46 0.2 0.31 0.901 0.47 0.58 0.56 0.36 0.46 0.4 0.46 0.4 0.22 0.45 0.22 0.465 0.52 0.5 0.54 1.345 0.5 0.59 0.4 1.483 0.36 0.377 0.46 0.901 0.37 0.45
Dot Production Prediction of Lab Growth Rates:
1.01806 0.471414 0.306715 0.721218 0.410801 0.395164 0.335211 0.390152 0.58517 0.709988 0.319806 0.495157 0.536521 0.534476 0.482878 0.461175 0.331971 0.399804 0.724074 0.550254 0.446656 0.341225 0.400555 1.27736 0.908651 0.531219 0.727735 0.536376 0.386791 0.30642 0.335126 0.478793 0.46765 0.331173 1.22484 0.539889 0.407788 0.477839 0.547849 0.532451 0.368434 0.648425 0.325681 0.343723 0.884938 0.406507 0.338319 0.302328 0.399765 0.609169 0.364154 0.329417 0.365405 0.326592 0.349178 0.338741 0.816303 0.479919 0.402581 0.35101 1.22846 0.703665 0.320611 0.355138 1.09356 0.354456 1.16174 0.539077 0.352596 0.541313 1.65999 0.342607 0.344754 0.6102 0.485412 0.320343 0.401907 0.537629 0.306363 0.308928 1.31602 0.468793 0.402965 1.23164 1.53846 0.631708 0.337856 0.406409 1.33115 0.421252 0.326508 0.476663 0.300492 0.543958 0.539096 0.597248 0.647488 0.531868 0.473714 0.361713 0.337259 0.339599 0.448679 0.394732 1.1746 0.719648 0.419892 0.589146 0.656195 0.366471 0.362584 0.332652 0.421432 0.351414 0.343277 0.318029 1.25268 0.37826 0.394249 0.621601 0.481976 0.828225 0.48757 0.401966 0.347034 1.54987 0.537951 0.432678 0.37115 0.404723 0.406232 0.365549 0.314638 0.901001 0.430563 0.386555 0.337531 0.331753 1.14141 0.478858 0.319747 0.548619 0.335156 0.319272 0.373275 0.342905 0.337836 0.400349 0.32797 0.33526 0.475866 0.471601 0.39856 0.37205 1.2359 0.712599 0.326324 0.413871 0.367095 0.323681 0.398672 0.475552 0.554015 0.383052 1.48716 0.540989 0.473154 0.30078 0.347711 0.54697 0.703403 0.351704 0.399943 0.319128 1.49605 0.321139 0.375275 0.318252 0.401923 0.388619 0.327205 0.537334 0.549286 0.396106 0.480025 1.56791 0.40781 0.551899 0.285118 0.305998 0.539916 0.403214 0.403033 0.395765 0.301906 0.344799 0.339961 0.510531 0.4758 1.04877 0.401731 0.36896 0.885533 1.17451 0.405067 1.05023 0.452353 1.559 0.360519 0.536657 0.362756 0.65387 0.89176 0.385613 0.40557 0.466278 0.467245 0.441526 0.882033 0.345245 0.401903 0.484856 0.458958 0.379104 1.23211 0.544123 0.473085 0.34155 0.398874 1.23624 0.527829 0.362253 0.535795 0.404457 0.328744 0.389795 0.401086 0.336417 0.454901 0.373546 0.531618 0.32134 0.392781 0.40389 0.384242 0.316539 0.718712 0.383065 0.723034 0.534759 0.388859 0.403963 0.359632 0.829441 0.33366 0.544627 1.48544 0.384025 0.389076 1.04967 0.39651 0.40532 0.413262 0.54128 0.544091 0.545695 0.342964 0.406007 1.55455 0.702233 0.346997 0.348944 0.419296 0.535926 0.551089 1.03108 0.509079 0.455187 0.360735 0.699741 0.405995 1.50383 0.371878 0.530062 0.47341 0.403144 0.362611 0.409468 0.556733 0.468374 0.518805 0.350967 0.404084 0.378569 0.449226 0.414985 0.45384 0.338375 0.364705 0.481192 0.355349 0.331507 0.546796 0.316625 0.881281 0.708624 1.55796 0.302897 0.615037 0.621107 0.501686 0.365956 0.340382 0.318502 1.24759 0.720407 0.539222 0.843617 0.336233 0.473804 0.402531 0.532846 0.470594 0.402131 0.402794 1.34754 0.337437 0.384521 0.533524 1.02361 0.378073 0.477963 0.389187 0.406212 0.338646 1.14009 0.350435 0.321732 0.486742 0.654851 0.478948 1.28712 0.841217 0.31532 0.460153 0.587064 0.490221 0.473849 0.372438 0.904192 0.417238 0.405113 0.733492 0.503257 0.400123 0.40435 0.649456 0.542847 0.329562 0.40385 0.323215 0.317567 0.505532 1.66 0.60357 0.476356 0.626011 0.349429 0.418771 0.901438 0.712954 0.479239 0.412342 0.432139 0.34836 0.381143 0.419087 0.418563 1.16546 0.363377 0.389126 0.414796 0.344949 0.393693 0.366239 0.382828 0.3147 1.22204 0.331289 0.657237 0.348122 0.330054 0.578828 0.346795 0.348788 0.451895 0.551589 0.72625 0.372385 0.71278 0.404958 0.397959 0.346054 0.566143 0.351712 0.349537 0.368977 0.817599 0.388678 0.140024 0.380087 0.387429 0.361149 0.390853 0.593983 0.347102 0.537458 0.398841 0.722037 0.398206 0.437208 0.402289 0.471307 1.43311 0.487595 0.473317 0.344613 0.473455 0.391567 0.462541 0.477694 0.562389 0.310743 0.510309 0.534041 0.409586 0.298557 0.586373 0.441859 0.438762 0.32831 0.332509 0.350149 0.30797 1.46191 0.3764 0.541451 0.627693 0.297447 0.36726 0.481592 0.700553 0.710814 0.544189 0.381015 0.7277 0.403223 0.475437 0.404163 0.537943 0.351931 1.41543 0.402868 0.539632 0.393825 0.405153 0.541874 1.24808 1.28378 0.347392 0.456527 0.450896 1.61095 0.336435 0.726996 0.324148 0.356914 0.139619 0.453958 0.324595 0.721914 0.310443 0.536176 0.671852 0.522088 1.24418 0.530164 0.723704 0.458746 0.331437 0.380438 0.486094 1.58735 0.312933 0.386526 0.327978 0.722464 0.474022 0.404297 0.34596 0.34711 0.325389 0.479915 0.316259 0.472501 0.334658 1.14949 0.471872 0.549507 0.498808 0.363609 0.363555 0.372979 0.717524 0.482776 0.321018 0.340912 0.877303 0.307776 0.349496 0.329454 0.354507 0.328422 0.387706 0.333674 0.320705 0.326413 1.1923 0.389299 0.328391 1.17123 1.05 1.03769 0.701634 1.28591 1.56026 0.719719 0.375469 0.534808 0.330804 0.364425 0.315221 0.451021 0.319588 0.726407 0.353195 0.652283 0.64314 0.822953 0.395109 0.471803 0.532628 0.321386 0.403953 0.420858 0.488511 0.341651 0.374509 0.579452 0.903252 0.406603 0.472783 0.473649 0.378604 0.474673 0.387322 0.312175 0.403347 0.466914 1.58735 0.47402 0.485231 0.372855 0.523767 0.364839 1.19512 0.475336 0.546153 0.399209 1.20049 0.372213 0.469076 0.439749 0.900284 0.409961 0.397997
Testing:
Lab Growth Rates:
0.51 0.51 0.51
Dot Production Prediction of Lab Growth Rates:
0.397601 0.381018 0.363029
Best performance so far: 
Obj: 4.68392e-310Rho: 2.26291e-314Diff: 4.68392e-310
Anneal again with the best G and E so far as input
Cycle 2Round 1
Iter 500000 pBad 0.874776 T 0.00361279 Obj 1.08473 Rho 0 GRdif 47.6587 success 105695 failure 6579 obj_new 1.08473 SA_pAcc 1.11853 Delta -0.00766098 SA_r 0.425366 freedomratio 0.250642
Iter 1000000 pBad 0.824795 T 0.00167068 Obj 1.07224 Rho 0 GRdif 40.8709 success 208963 failure 16887 obj_new 1.07224 SA_pAcc 0.856083 Delta -0.0543296 SA_r 0.226758 freedomratio 0.24799
Iter 1500000 pBad 0.801653 T 0.000772583 Obj 1.05042 Rho 0 GRdif 28.823 success 311068 failure 30872 obj_new 1.05042 SA_pAcc 0.908616 Delta 0.0522843 SA_r 0.350297 freedomratio 0.252695
Iter 2000000 pBad 0.748909 T 0.00035727 Obj 1.03582 Rho 0 GRdif 20.6235 success 411961 failure 49526 obj_new 1.03582 SA_pAcc 1 Delta -0.0603601 SA_r 0.849175 freedomratio 0.247885
Iter 2500000 pBad 0.702858 T 0.000165215 Obj 1.02856 Rho 0 GRdif 16.5009 success 511633 failure 70171 obj_new 1.02856 SA_pAcc 1 Delta 0.0404199 SA_r 0.68046 freedomratio 0.24915
Iter 3000000 pBad 0.707528 T 7.64011e-05 Obj 1.0256 Rho 0 GRdif 14.8136 success 610546 failure 93747 obj_new 1.0256 SA_pAcc 0.872301 Delta -0.0419846 SA_r 0.325906 freedomratio 0.245909
Iter 3500000 pBad 0.517075 T 3.53306e-05 Obj 1.02258 Rho 0 GRdif 13.0862 success 707228 failure 123011 obj_new 1.02258 SA_pAcc 1.573 Delta 0.04506 SA_r 0.162238 freedomratio 0.245188
Iter 4000000 pBad 0.541088 T 1.63381e-05 Obj 1.01917 Rho 0 GRdif 11.1293 success 801793 failure 157317 obj_new 1.01917 SA_pAcc 1 Delta 0.0291627 SA_r 0.878927 freedomratio 0.240855
Iter 4500000 pBad 0.462457 T 7.55534e-06 Obj 1.01711 Rho 0 GRdif 9.94205 success 895531 failure 191459 obj_new 1.01711 SA_pAcc 1 Delta -0.0441659 SA_r 0.693009 freedomratio 0.247362
Iter 5000000 pBad 0.316603 T 3.49386e-06 Obj 1.01315 Rho 0 GRdif 7.65502 success 979760 failure 246113 obj_new 1.01315 SA_pAcc 1 Delta -0.0233065 SA_r 0.77742 freedomratio 0.232909
Iter 5500000 pBad 0.310037 T 1.61569e-06 Obj 1.01037 Rho 0 GRdif 6.0456 success 1056464 failure 318523 obj_new 1.01037 SA_pAcc 1 Delta -0.0215949 SA_r 0.36749 freedomratio 0.234964
Iter 6000000 pBad 0.223714 T 7.47152e-07 Obj 1.00916 Rho 0 GRdif 5.3459 success 1127848 failure 403217 obj_new 1.00916 SA_pAcc 0.393581 Delta 0.00944781 SA_r 0.86998 freedomratio 0.228549
Iter 6500000 pBad 0.160318 T 3.4551e-07 Obj 1.00844 Rho 0 GRdif 4.9267 success 1187783 failure 517183 obj_new 1.00844 SA_pAcc 0.680017 Delta -0.00749666 SA_r 0.329748 freedomratio 0.221383
Iter 7000000 pBad 0.0769974 T 1.59776e-07 Obj 1.00801 Rho 0 GRdif 4.67708 success 1235530 failure 664940 obj_new 1.00801 SA_pAcc 0.791578 Delta 0.000822875 SA_r 0.938066 freedomratio 0.202418
Iter 7500000 pBad 0.0566468 T 7.38862e-08 Obj 1.00775 Rho 0 GRdif 4.5213 success 1272607 failure 849297 obj_new 1.00775 SA_pAcc 1 Delta -0.00339913 SA_r 0.0678787 freedomratio 0.18989
Iter 8000000 pBad 0.0361435 T 3.41676e-08 Obj 1.00762 Rho 0 GRdif 4.44615 success 1299015 failure 1073939 obj_new 1.00762 SA_pAcc 0.0459497 Delta -0.00227584 SA_r 0.281871 freedomratio 0.176772
Iter 8500000 pBad 0.0265548 T 1.58003e-08 Obj 1.00754 Rho 0 GRdif 4.40315 success 1318842 failure 1328960 obj_new 1.00754 SA_pAcc 6.37138e-84 Delta -0.000543842 SA_r 0.52571 freedomratio 0.168149
Iter 9000000 pBad 0.0150113 T 7.30664e-09 Obj 1.0075 Rho 0 GRdif 4.37867 success 1333739 failure 1607225 obj_new 1.0075 SA_pAcc 8.1348e-64 Delta 0.00137218 SA_r 0.35536 freedomratio 0.160592
Iter 9500000 pBad 0.00939063 T 3.37885e-09 Obj 1.00748 Rho 0 GRdif 4.36724 success 1344145 failure 1908189 obj_new 1.00748 SA_pAcc 1 Delta -0.000469971 SA_r 0.417444 freedomratio 0.153846
Good enough
iter 9.99999e+06 obj1.00747 rho 0 GRdif 4.36139
Training:
Lab Growth Rates:
0.1 0.301 0.53 0.71 0.37 0.47 0.47 0.22 0.6 0.635 0.36 0.53 0.53 0.56 0.5 0.47 0.5 0.4 0.724 0.3 0.54 0.42 0.2 1.345 0.901 0.56 0.686 0.59 0.54 0.3 0.5 0.5 0.617 0.5 1.483 0.53 0.37 0.58 0.5 0.23 0.36 0.65 0.52 0.52 1.248 0.4 0.52 0.39 0.4 0.42 0.54 0.36 0.22 0.46 0.42 0.47 0.1 0.58 0.4 0.52 1.483 0.648 0.54 0.47 0.1 0.25 1.483 0.55 0.54 0.56 1.66 0.5 0.1 0.5 0.485 0.17 0.4 0.46 0.19 0.54 1.43 0.22 0.4 1.35 1.42 0.42 0.48 0.4 1.03 0.47 0.59 0.56 0.53 0.5 0.23 0.26 0.5 0.56 0.58 0.25 0.46 0.48 0.54 0.4 1.483 0.686 0.09 0.31 0.65 0.42 0.49 0.42 0.47 0.36 0.48 0.34 1.345 0.45 0.4 0.27 0.465 0.762 0.3 0.4 0.5 1.44 0.55 0.1 0.45 0.4 0.4 0.45 0.39 0.901 0.43 0.3 0.52 0.48 1.483 0.481 0.42 0.54 0.59 0.59 0.49 0.43 0.34 0.4 0.48 0.47 0.485 0.46 0.4 0.54 1.345 0.648 0.54 0.37 0.26 0.38 0.47 0.58 0.25 0.43 0.45 0.56 0.58 0.3 0.54 0.56 0.637 0.25 0.4 0.42 0.45 0.39 0.42 0.59 0.4 0.4 0.4 0.53 0.56 0.4 0.481 1.46 0.37 0.55 0.48 0.39 0.54 0.4 0.4 0.52 0.47 0.42 0.54 0.68 0.58 1.46 0.4 0.41 1.248 1.483 0.4 1.05 0.58 0.25 0.41 0.3 0.53 0.65 0.1 0.4 0.37 0.46 0.41 0.54 1.248 0.42 0.4 0.476 0.55 0.59 1.345 0.23 0.46 0.32 0.4 1.345 0.46 0.47 0.59 0.4 0.33 0.52 0.4 0.58 0.46 0.38 0.54 0.17 0.47 0.43 0.47 0.48 0.636 0.17 0.5 0.23 0.47 0.4 0.11 0.762 0.33 0.59 0.45 0.4 0.4 1.05 0.4 0.4 0.46 0.53 0.5 0.55 0.58 0.4 1.67 0.637 0.27 0.5 0.33 0.56 0.54 1.46 0.68 0.26 0.5 0.5 0.46 0.45 0.38 0.53 0.41 0.2 0.47 0.46 0.37 0.301 0.3 0.59 0.4 0.41 0.54 0.37 0.55 0.52 0.58 0.485 0.47 0.43 0.59 0.38 1.248 0.635 1.05 0.19 0.5 0.5 0.46 0.43 0.45 0.46 1.483 0.724 0.54 0.901 0.5 0.58 0.4 0.59 0.5 0.4 0.4 1.38 0.42 0.4 0.56 1.46 0.27 0.56 0.4 0.45 0.47 1.345 0.33 0.5 0.476 0.5 0.5 1.43 0.25 0.58 0.46 0.3 0.47 0.377 0.37 0.1 0.37 0.4 0.5 0.68 0.4 0.4 0.65 0.3 0.34 0.4 0.3 0.32 0.68 1.66 0.42 0.485 0.65 0.45 0.23 0.901 0.648 0.56 0.45 0.46 0.42 0.45 0.23 0.23 1.345 0.3 0.37 0.37 0.47 0.4 0.52 0.4 0.59 1.483 0.33 0.65 0.43 0.47 0.6 0.47 0.54 0.33 0.55 0.686 0.45 0.635 0.4 0.54 0.5 0.6 0.11 0.41 0.59 0.762 0.52 0.14 0.54 0.5 0.42 0.37 0.31 0.53 0.54 0.4 0.7 0.4 0.55 0.4 0.56 0.1 0.47 0.377 0.52 0.56 0.4 0.55 0.58 0.6 0.19 0.68 0.56 0.47 0.3 0.3 0.54 0.1 0.46 0.41 0.54 0.37 1.4 0.27 0.56 0.65 0.58 0.49 0.5 0.637 0.5 0.55 0.45 0.71 0.4 0.22 0.4 0.23 0.58 1.67 0.37 0.23 0.4 0.4 0.54 1.345 1.345 0.27 0.54 0.55 0.45 0.09 0.636 0.36 0.58 0.14 0.3 0.33 0.71 0.27 0.56 0.5 0.5 1.483 0.53 0.724 0.55 0.48 0.53 0.465 1.49 0.39 0.4 0.36 0.7 0.58 0.4 0.39 0.4 0.48 0.58 0.25 0.22 0.5 1.345 0.41 0.59 0.33 0.45 0.58 0.37 0.7 0.481 0.38 0.36 1.248 0.32 0.41 0.22 0.54 0.42 0.43 0.59 0.42 0.33 1.483 0.53 0.11 1.483 1.05 1.05 0.5 1.345 0.45 0.636 0.09 0.53 0.43 0.46 0.58 0.43 0.53 0.7 0.43 0.65 0.65 0.762 0.4 0.301 0.25 0.42 0.4 0.43 0.476 0.46 0.2 0.31 0.901 0.47 0.58 0.56 0.36 0.46 0.4 0.46 0.4 0.22 0.45 0.22 0.465 0.52 0.5 0.54 1.345 0.5 0.59 0.4 1.483 0.36 0.377 0.46 0.901 0.37 0.45
Dot Production Prediction of Lab Growth Rates:
1.41011 0.48176 0.307812 0.697683 0.432045 0.354626 0.318344 0.379907 0.66597 0.700929 0.333951 0.422543 0.542424 0.557672 0.465158 0.420254 0.332281 0.39644 0.706 0.608201 0.465812 0.323821 0.321854 1.36772 0.90042 0.528543 0.702688 0.542875 0.330607 0.247213 0.352902 0.456872 0.49485 0.33747 1.35069 0.4931 0.427433 0.453791 0.55859 0.552932 0.379132 0.649304 0.314376 0.339526 0.884877 0.408431 0.350477 0.281019 0.399269 0.527314 0.320455 0.323626 0.364013 0.312125 0.31981 0.32036 1.04724 0.469713 0.400644 0.327294 1.35013 0.684778 0.311818 0.385196 1.44471 0.316164 1.34924 0.548888 0.381895 0.557554 1.56711 0.346521 0.306668 0.774229 0.487238 0.237345 0.40015 0.505397 0.274987 0.293458 1.26346 0.467596 0.402697 1.16581 1.50011 0.56086 0.344072 0.405495 1.29877 0.367231 0.295091 0.457946 0.293427 0.546769 0.555274 0.525867 0.82592 0.555349 0.473093 0.323652 0.326846 0.34398 0.443928 0.395015 1.37029 0.702758 0.399973 0.563022 0.658728 0.369028 0.355863 0.310791 0.36729 0.35342 0.342759 0.329648 1.39035 0.36233 0.354507 0.508555 0.484671 0.830678 0.531867 0.399103 0.342258 1.49476 0.548783 0.416916 0.360302 0.404574 0.401372 0.372894 0.298073 0.90637 0.386641 0.346034 0.330566 0.333718 1.34208 0.482603 0.316389 0.560277 0.345502 0.325013 0.354228 0.306473 0.316262 0.397751 0.327218 0.312521 0.48031 0.461321 0.396576 0.365332 1.3777 0.69481 0.319221 0.426116 0.392541 0.317154 0.342743 0.472446 0.464599 0.336356 1.3916 0.531303 0.460974 0.251536 0.375125 0.550735 0.696451 0.348101 0.397323 0.300466 1.423 0.342926 0.346967 0.319553 0.401289 0.388025 0.302734 0.525718 0.54435 0.395389 0.48178 1.47722 0.427344 0.548319 0.259475 0.28431 0.541549 0.401616 0.403685 0.334431 0.289969 0.32172 0.347328 0.341189 0.472629 1.0957 0.400248 0.360235 0.88621 1.33749 0.402682 1.05004 0.453834 1.45391 0.344045 0.5591 0.359697 0.657823 1.25956 0.385025 0.42817 0.464555 0.480046 0.442419 0.875698 0.325073 0.397819 0.48596 0.457722 0.337131 1.33475 0.551867 0.471107 0.320483 0.400382 1.33839 0.492542 0.325628 0.54511 0.404229 0.313842 0.365294 0.400637 0.35222 0.456068 0.358558 0.542343 0.263526 0.329148 0.367405 0.362973 0.285832 0.703843 0.329948 0.930072 0.549048 0.352389 0.404352 0.354743 0.827485 0.318639 0.553594 1.39533 0.385269 0.389967 1.0545 0.396877 0.399094 0.363276 0.544654 0.568462 0.545565 0.331221 0.404557 1.47396 0.697389 0.327209 0.353915 0.407423 0.547366 0.555996 1.06663 0.335645 0.41083 0.378556 0.87771 0.379971 1.44163 0.364198 0.529607 0.4891 0.33088 0.350818 0.397467 0.484463 0.48263 0.564411 0.345616 0.404421 0.382226 0.470768 0.377798 0.458013 0.339145 0.360617 0.486147 0.345528 0.329305 0.549572 0.308659 0.877348 0.699253 1.39027 0.278386 0.742438 0.841406 0.493173 0.355027 0.323551 0.313151 1.37855 0.702961 0.538911 0.855651 0.323879 0.454827 0.400156 0.544541 0.458955 0.400021 0.400595 1.32007 0.313345 0.379836 0.522424 1.07526 0.341829 0.467552 0.392171 0.350423 0.332632 1.31433 0.328812 0.321087 0.486569 0.834292 0.475363 1.25201 1.0286 0.296217 0.460479 0.64276 0.439923 0.476863 0.358269 1.29312 0.427412 0.40394 0.906707 0.337071 0.396253 0.403632 0.648673 0.599094 0.348855 0.402654 0.305629 0.328115 0.337023 1.58743 0.532608 0.480357 0.625868 0.330728 0.4317 0.904468 0.695145 0.460431 0.393135 0.400195 0.355351 0.375632 0.433719 0.431693 1.33931 0.331791 0.378256 0.425459 0.337547 0.390863 0.365682 0.379007 0.300403 1.34608 0.298802 0.661914 0.339755 0.31422 0.644011 0.376284 0.315451 0.44597 0.54659 0.704486 0.319649 0.702412 0.402024 0.335404 0.336887 0.611347 0.331086 0.334215 0.329031 0.827226 0.355787 0.140043 0.383177 0.433355 0.337047 0.374338 0.5565 0.356563 0.540697 0.39583 0.843943 0.397271 0.438617 0.402061 0.462831 1.46209 0.439795 0.4787 0.326922 0.462335 0.393499 0.455429 0.452174 0.627923 0.271729 0.337986 0.55242 0.349492 0.246549 0.623092 0.450491 0.422113 0.302638 0.312108 0.325377 0.305355 1.40011 0.347775 0.54211 0.638256 0.269551 0.377151 0.456776 0.693958 0.942448 0.552403 0.365818 0.711212 0.400329 0.476748 0.405922 0.554075 0.357425 1.35534 0.421418 0.560379 0.39041 0.402946 0.536411 1.34506 1.37997 0.341338 0.447974 0.460709 1.50295 0.34843 0.710877 0.310182 0.34695 0.13986 0.48503 0.32856 0.702205 0.285489 0.548974 0.860804 0.539183 1.34352 0.523672 0.708763 0.463856 0.318184 0.371562 0.487229 1.50826 0.330804 0.387918 0.346724 0.85748 0.459638 0.403665 0.35758 0.316286 0.328143 0.466979 0.28799 0.467759 0.337014 1.3433 0.489545 0.553031 0.484324 0.325224 0.399477 0.360895 0.843936 0.482742 0.287378 0.351089 0.878795 0.306116 0.35017 0.321195 0.336257 0.314645 0.361775 0.334622 0.330658 0.28323 1.34162 0.403158 0.333057 1.32948 1.04708 1.05005 0.898184 1.37937 1.47455 0.704956 0.366844 0.544072 0.308142 0.347833 0.317877 0.401396 0.322616 0.862553 0.342014 0.652185 0.641685 0.824281 0.391208 0.478234 0.427498 0.330213 0.404423 0.38444 0.487993 0.333759 0.350818 0.548891 0.902454 0.364147 0.461546 0.46173 0.376437 0.471248 0.389419 0.305361 0.402604 0.466278 1.50826 0.474876 0.487013 0.380017 0.542804 0.302114 1.3496 0.455993 0.553349 0.395835 1.32607 0.368675 0.475605 0.410897 0.900998 0.430881 0.359189
Testing:
Lab Growth Rates:
0.51 0.51 0.51
Dot Production Prediction of Lab Growth Rates:
0.374487 0.369517 0.345361
Best performance so far: 
Obj: 4.68392e-310Rho: 8.6289e-314Diff: 4.68392e-310
Test:
 Lab Growth Rates:
0.51 0.51 0.51Dot Product Prediction of Growth Rate:
0.3744872 0.369517 0.3453607