seed =  5 traits =  1 
Training: part  181 
Training: part  181 
Round  1 
 Goal of obj  0.99 
Temperature range:  0.0078125 1e-12 
Cycle 1Round 1
Iter 500000 pBad 0.896354 T 0.00250122 Obj 1.09963 Rho 0 GRdif 55.6565 success 146925 failure 7754 obj_new 1.09963 SA_pAcc 1.0006 Delta 0.000626652 SA_r 0.33323 freedomratio 0.36625
Iter 1000000 pBad 0.808652 T 0.000800778 Obj 1.0539 Rho 0 GRdif 30.7639 success 291185 failure 22457 obj_new 1.0539 SA_pAcc 1.09663 Delta 0.034332 SA_r 0.0259454 freedomratio 0.372537
Iter 1500000 pBad 0.774759 T 0.000256373 Obj 1.03535 Rho 0 GRdif 20.3546 success 432628 failure 44606 obj_new 1.03535 SA_pAcc 1.18672 Delta 0.0701614 SA_r 0.599109 freedomratio 0.373248
Iter 2000000 pBad 0.676704 T 8.20792e-05 Obj 1.02594 Rho 0 GRdif 15.0076 success 571807 failure 72097 obj_new 1.02594 SA_pAcc 1 Delta 0.0218499 SA_r 0.315335 freedomratio 0.360837
Iter 2500000 pBad 0.587837 T 2.62781e-05 Obj 1.02024 Rho 0 GRdif 11.7416 success 705315 failure 108101 obj_new 1.02024 SA_pAcc 1.54629 Delta 0.0443269 SA_r 0.797996 freedomratio 0.367398
Iter 3000000 pBad 0.496304 T 8.41306e-06 Obj 1.01671 Rho 0 GRdif 9.71148 success 834866 failure 153031 obj_new 1.01671 SA_pAcc 1.47946 Delta 0.0459183 SA_r 0.279016 freedomratio 0.358629
Iter 3500000 pBad 0.352667 T 2.69348e-06 Obj 1.01299 Rho 0 GRdif 7.56281 success 948866 failure 228055 obj_new 1.01299 SA_pAcc 1 Delta -0.00179971 SA_r 0.423697 freedomratio 0.347362
Iter 4000000 pBad 0.240354 T 8.62333e-07 Obj 1.01075 Rho 0 GRdif 6.26598 success 1050559 failure 328959 obj_new 1.01075 SA_pAcc 1 Delta -0.0175861 SA_r 0.683513 freedomratio 0.332388
Iter 4500000 pBad 0.124137 T 2.7608e-07 Obj 1.00959 Rho 0 GRdif 5.59559 success 1131030 failure 475894 obj_new 1.00959 SA_pAcc 0.0704485 Delta -0.000240569 SA_r 0.0637773 freedomratio 0.293734
Iter 5000000 pBad 0.0527573 T 8.83885e-08 Obj 1.00901 Rho 0 GRdif 5.25397 success 1185281 failure 684693 obj_new 1.00901 SA_pAcc 0.385624 Delta -0.00219853 SA_r 0.978231 freedomratio 0.257923
Iter 5500000 pBad 0.0333337 T 2.8298e-08 Obj 1.00881 Rho 0 GRdif 5.13757 success 1216833 failure 955348 obj_new 1.00881 SA_pAcc 0.612275 Delta 0.0033319 SA_r 0.00180843 freedomratio 0.232263
Iter 6000000 pBad 0.0207468 T 9.05977e-09 Obj 1.00869 Rho 0 GRdif 5.07104 success 1237338 failure 1267647 obj_new 1.00869 SA_pAcc 0.312353 Delta 0.000361081 SA_r 0.236712 freedomratio 0.21552
Iter 6500000 pBad 0.00877808 T 2.90053e-09 Obj 1.00864 Rho 0 GRdif 5.04277 success 1250093 failure 1610858 obj_new 1.00864 SA_pAcc 1 Delta -0.000687216 SA_r 0.240358 freedomratio 0.200616
Iter 7000000 pBad 0.00492435 T 9.2862e-10 Obj 1.00862 Rho 0 GRdif 5.03118 success 1259096 failure 1972455 obj_new 1.00862 SA_pAcc 0 Delta 0.00026191 SA_r 0.396328 freedomratio 0.193463
Iter 7500000 pBad 0.00801059 T 2.97302e-10 Obj 1.0086 Rho 0 GRdif 5.01895 success 1265711 failure 2350671 obj_new 1.0086 SA_pAcc 0 Delta 0.000629083 SA_r 0.648802 freedomratio 0.184741
Iter 8000000 pBad 0.00187909 T 9.51829e-11 Obj 1.00859 Rho 0 GRdif 5.01422 success 1270084 failure 2745088 obj_new 1.00859 SA_pAcc 0.644887 Delta 5.49974e-06 SA_r 0.1323 freedomratio 0.179975
Iter 8500000 pBad 0.00113479 T 3.04733e-11 Obj 1.00859 Rho 0 GRdif 5.03072 success 1273560 failure 3146698 obj_new 1.00862 SA_pAcc 0 Delta -4.24245e-05 SA_r 0.661924 freedomratio 0.175659
Iter 9000000 pBad 0.00160078 T 9.75618e-12 Obj 1.00859 Rho 0 GRdif 5.00994 success 1277627 failure 3558793 obj_new 1.00859 SA_pAcc 1.58816e-201 Delta -6.26662e-05 SA_r 0.477985 freedomratio 0.169413
Iter 9500000 pBad 0.00202141 T 3.12349e-12 Obj 1.00858 Rho 0 GRdif 5.00867 success 1281549 failure 3979230 obj_new 1.00858 SA_pAcc 4.19539e-246 Delta 2.83279e-05 SA_r 0.790629 freedomratio 0.164792
Iter 10000000 pBad 0.00066371 T 1e-12 Obj 1.00858 Rho 0 GRdif 5.00807 success 1286984 failure 4408782 obj_new 1.00858 SA_pAcc 0 Delta 3.8125e-05 SA_r 0.632364 freedomratio 0.161122
Cannot move further
iter 9.99941e+06 obj1.00858 rho 0 GRdif 5.00755
Training:
Lab Growth Rates:
0.65 1.05 1.345 0.48 0.5 0.11 0.3 0.56 0.52 0.41 1.483 0.55 0.22 0.58 1.483 0.5 0.46 0.19 0.37 1.248 0.23 0.26 0.22 0.47 0.2 1.46 0.377 0.31 0.47 0.52 0.48 0.55 0.47 0.4 0.23 1.483 1.345 1.345 0.45 0.36 0.26 0.42 0.37 1.483 0.55 0.3 0.25 1.43 0.23 0.55 0.59 0.38 0.71 0.51 1.66 0.476 0.636 0.23 0.56 0.33 0.56 0.5 0.53 0.3 0.5 0.6 0.32 0.59 0.54 0.47 0.46 0.42 0.481 0.46 0.53 0.4 0.34 0.46 0.46 0.5 0.636 0.33 0.47 0.58 0.54 0.54 0.47 0.4 0.5 0.4 0.762 0.5 0.4 0.53 0.5 0.5 0.55 0.901 0.54 0.43 0.54 1.483 0.762 0.4 0.59 0.54 1.248 0.1 0.45 0.53 0.54 0.38 0.686 0.5 0.45 0.485 0.4 0.4 0.52 1.05 0.4 0.4 0.45 0.49 0.5 0.901 0.55 0.5 0.1 0.648 0.465 0.59 0.37 0.617 0.22 0.724 0.762 0.36 0.39 0.45 0.46 0.53 0.37 0.42 0.4 0.4 0.4 1.483 0.54 0.648 0.4 0.42 0.17 0.4 0.54 0.6 1.05 1.345 0.65 0.636 0.39 0.53 0.51 0.52 0.47 0.46 0.42 0.54 1.248 0.52 0.55 0.48 0.49 0.32 0.43 0.58 0.5 0.11 0.25 0.5 0.637 0.55 0.71 0.31 0.46 0.54 0.4 0.4 0.59 0.33 0.55 0.19 0.4 0.54 0.4 0.46 0.635 0.51 0.58 0.52 0.52 0.58 0.5 0.3 0.55 0.41 1.248 0.47 1.248 0.58 0.59 0.3 1.345 0.45 0.36 0.3 0.58 0.54 0.47 0.5 0.901 0.3 0.09 0.71 0.45 0.34 0.37 0.54 0.4 0.686 1.05 0.53 1.67 0.4 0.3 0.42 0.56 1.03 0.25 0.4 1.483 0.33 0.476 0.37 0.4 0.377 0.25 0.5 0.25 0.4 0.4 0.46 0.56 0.901 0.1 0.37 0.4 0.5 0.58 0.42 0.58 1.49 0.59 1.345 0.46 0.36 0.45 0.56 0.4 0.43 0.43 0.45 1.345 0.39 0.4 0.53 0.46 0.41 0.39 0.27 0.38 0.5 0.23 0.37 0.54 0.46 0.23 0.37 1.66 0.4 0.7 0.1 0.58 0.637 0.4 0.56 0.47 1.345 0.47 0.58 0.47 0.37 0.65 0.48 0.5 0.4 1.483 0.48 0.43 0.47 0.3 0.6 0.41 0.485 0.7 0.39 0.55 0.56 0.3 0.45 0.485 0.4 0.33 0.4 0.481 0.46 0.56 0.56 0.43 0.5 0.5 0.47 0.56 1.483 0.54 0.33 0.43 0.45 0.27 0.5 0.47 0.37 0.4 0.43 0.46 0.42 1.05 0.17 0.14 0.53 0.23 0.53 0.59 0.48 0.33 0.53 0.48 0.54 0.47 0.42 0.43 0.4 0.34 0.47 0.1 0.42 0.4 0.52 1.345 0.54 0.22 0.27 0.32 0.25 0.55 0.301 0.59 0.56 1.38 0.7 0.17 0.52 0.47 0.45 0.4 0.3 0.14 0.56 0.33 0.4 0.22 0.56 1.35 0.42 1.345 1.67 0.4 0.38 0.36 0.38 0.42 0.56 0.37 0.3 0.46 0.68 0.59 0.635 1.345 1.483 0.46 0.476 0.648 0.4 0.27 0.5 0.54 0.68 0.41 0.5 0.54 0.68 0.635 0.48 0.36 0.4 0.41 0.58 0.09 0.56 0.7 0.19 0.37 0.41 0.43 0.36 0.43 0.42 0.68 0.09 0.46 0.45 0.54 0.54 0.58 0.59 0.1 1.46 0.5 1.42 0.22 0.49 0.59 1.44 0.52 0.58 0.52 0.41 0.54 0.5 0.4 0.39 0.45 0.47 0.4 0.45 0.37 0.485 0.4 1.46 0.4 0.42 0.4 0.4 0.47 0.58 0.58 0.42 0.27 0.53 0.5 0.65 0.58 0.2 0.45 0.481 0.58 0.4 0.45 0.54 0.65 0.4 0.36 0.65 0.53 0.65 0.68 0.46 0.43 0.58 0.22 0.31 0.4 0.47 0.901 0.5 0.27 0.46 0.54 0.11 1.483 0.42 0.52 0.465 0.37 0.65 0.65 1.345 0.2 0.36 0.5 0.4 0.4 0.637 0.25 0.1 0.5 0.377 0.5 0.33 0.53 0.47 0.47 0.37 0.41 0.26 0.59 0.4 0.901 0.3 0.45 0.4 1.43 1.46 0.5 0.56 0.48 1.483 0.4 0.58 0.23 0.47 0.301 0.46 0.45 0.724 0.4 0.58 0.6 0.59 0.4 0.4 0.3 0.53 0.22 0.4 1.4 0.724 0.23 0.762 0.25 0.301 0.5 0.42 0.4 0.4 0.59 0.686 0.59 0.4 0.42 0.465 0.1 0.1 0.56 0.4
Dot Production Prediction of Lab Growth Rates:
0.636642 1.5052 1.16032 0.294445 0.323675 0.330594 0.386037 0.530207 0.376706 0.383328 1.13776 0.545981 0.42868 0.466287 1.19565 0.588005 0.44099 0.353313 0.403089 1.24086 0.53774 0.583845 0.469777 0.389824 0.409829 1.03746 0.517818 0.567661 0.36598 0.404431 0.357772 0.549947 0.396275 0.408241 0.524572 1.14846 1.1897 1.13161 0.404731 0.374028 0.471662 0.61318 0.398705 1.20235 0.561155 0.325965 1.5271 1.36673 0.538869 0.565602 0.54216 0.329499 0.681123 0.399915 1.63247 0.521915 0.676546 0.423695 0.462165 0.361048 0.534749 0.478768 0.40951 0.509344 0.532507 0.571237 0.340406 0.548682 0.450929 0.484201 0.509662 0.323783 0.518328 0.465108 0.371943 0.399999 0.310743 0.340752 0.280748 0.557074 0.670724 0.323773 0.362746 0.342092 0.305542 0.381319 0.400222 0.400676 0.411915 0.404289 1.44529 0.468754 0.396696 0.321252 0.681335 0.58388 0.462607 0.900996 0.445368 0.377277 0.45152 1.20061 1.42157 0.396915 0.336651 0.349536 1.25262 1.39177 1.54441 0.522541 0.463373 0.357355 0.673772 0.328549 1.58627 0.520366 0.407616 0.406802 0.356096 1.05157 0.395183 0.407966 1.51795 0.395705 0.651242 0.903554 0.463508 0.386803 1.5061 0.673565 0.520927 0.345357 0.400693 0.562471 0.471488 0.677075 1.42776 0.406753 0.334099 0.290781 0.338348 0.472239 0.312143 0.355402 0.404163 0.405053 0.405139 1.17082 0.374699 0.676301 0.404962 0.594876 0.315482 0.395385 0.540264 0.585323 1.02352 1.19526 0.670697 0.682952 0.319256 0.529486 0.415799 0.394004 0.34305 0.459611 0.345018 0.439313 1.26934 0.406618 0.444972 0.286243 0.37198 0.316698 0.404823 0.363228 0.360565 0.358762 0.321808 0.594008 0.673325 0.547991 0.673319 0.577309 0.33412 0.373211 0.40068 0.401682 0.33185 0.470367 0.462765 0.329113 0.409656 0.556868 0.393298 0.460099 0.667239 0.388516 0.463564 0.373318 0.360414 0.472486 0.473586 0.275384 0.555829 0.390244 1.2462 0.365821 1.248 0.355475 0.540813 0.579571 1.16818 1.55002 0.343701 0.556069 0.351746 0.545155 0.394573 0.531544 0.8977 0.60998 0.443032 0.671921 0.394712 0.335062 0.404397 0.37552 0.402514 0.677486 1.04276 0.529123 1.59729 0.401576 0.282588 0.321327 0.53181 1.33437 0.352219 0.398867 1.16068 0.509364 0.521211 0.420666 0.406753 0.517223 0.364394 0.481312 0.362131 0.310534 0.401438 0.405756 0.475377 0.89522 0.801914 0.540136 0.407831 0.34335 0.368163 0.334068 0.466115 1.58637 0.303964 1.1863 0.433319 0.346659 0.34434 0.534173 0.401236 0.359338 0.412817 1.4951 1.18186 0.293944 0.40661 0.521249 0.460833 0.375555 0.308528 0.364966 0.334984 0.664163 0.533574 0.419958 0.338478 0.526312 0.424282 0.412281 1.66 0.407378 0.730109 1.47564 0.474133 0.672684 0.400064 0.532515 0.34603 1.2085 0.365073 0.454952 0.365584 0.40056 0.661914 0.310305 0.467946 0.404694 1.14454 0.344936 0.427423 0.341905 0.448029 0.595519 0.532757 0.52031 0.7334 0.299254 0.468541 0.53894 0.58833 0.31885 0.521079 0.399644 0.31848 0.407655 0.515775 0.499748 0.475336 0.537466 0.453916 0.375258 0.31554 0.345635 0.461591 1.1369 0.538989 0.337423 0.388227 0.378874 0.273111 0.70146 0.457854 0.399754 0.39945 0.345071 0.301915 0.325837 1.05747 0.405898 0.182484 0.520911 0.425496 0.324454 0.543702 0.338363 0.311576 0.415193 0.310817 0.36104 0.375113 0.330594 0.388584 0.407072 0.340001 0.311829 0.345244 0.291711 0.391879 0.393786 1.19013 0.55222 0.47025 0.370954 0.324247 0.546444 0.457029 0.5267 0.383116 0.476919 1.35146 0.728565 0.320286 0.380992 0.383832 1.58637 0.40542 0.360749 0.181423 0.538845 0.438597 0.406306 0.34996 0.538362 1.28887 0.295327 1.16227 1.39417 0.406934 0.32699 0.335586 0.372443 0.345532 0.539624 0.398527 0.554346 0.356798 0.369555 0.548914 0.670127 1.22435 1.14194 0.451472 0.526221 0.666593 0.396153 0.370851 0.365456 0.545949 0.364168 0.529055 0.593454 0.365215 0.373773 0.673354 0.348764 0.356166 0.405798 0.368092 0.470442 0.337714 0.544868 0.730183 0.320055 0.408762 0.530869 0.438666 0.388271 0.392572 0.331401 0.371788 0.379516 0.392791 0.376517 0.542058 0.385855 0.380236 0.392941 1.17918 1.53444 0.334977 1.56789 0.385749 0.374191 0.549032 1.55924 0.376493 0.449394 0.351006 0.308484 0.384487 0.673763 0.329327 0.321107 0.359089 0.355217 0.412406 0.367218 0.424517 0.525437 0.399501 1.0224 0.4089 0.576439 0.409474 0.403261 0.36602 0.300852 0.463045 0.397914 0.326175 0.379688 0.477872 0.61412 0.315662 0.368569 0.411817 0.521046 0.379188 0.402228 1.59063 0.366915 0.666577 0.397779 0.336502 0.65115 0.536896 0.649984 0.370451 0.412421 0.348712 0.457839 0.469479 0.575034 0.39768 0.402658 0.896736 0.541898 0.608946 0.462181 0.464396 0.375577 1.18555 0.359778 0.36249 0.522405 0.420341 0.642001 0.649997 1.25131 0.399374 0.418022 0.618326 0.398079 0.406423 0.676075 0.515137 1.19521 0.548689 0.5225 0.339193 0.366055 0.2818 0.427936 0.495975 0.397033 0.348778 0.380948 0.307121 0.408569 1.25017 0.552345 0.348369 0.405011 1.39263 1.01701 0.715236 0.544213 0.30099 1.14443 0.40644 0.47749 0.544706 0.471263 0.533819 0.427746 0.321729 0.68149 0.39996 0.462258 0.579952 0.557672 0.398967 0.404135 0.271738 0.540813 0.468641 0.399229 1.4 0.678676 0.54465 1.45779 0.805522 0.520017 0.325089 0.341872 0.399943 0.403641 0.305072 0.681022 0.333451 0.40102 0.292897 0.516987 0.456728 0.440285 0.458866 0.407786
Testing:
Lab Growth Rates:
0.54 0.54 0.54
Dot Production Prediction of Lab Growth Rates:
0.327797 0.406223 0.365105
Best performance so far: 
Obj: 4.67747e-310Rho: 2.26291e-314Diff: 4.67747e-310
Anneal again with the best G and E so far as input
Cycle 2Round 1
Iter 500000 pBad 0.880207 T 0.00250122 Obj 1.06981 Rho 0 GRdif 39.5457 success 125854 failure 7862 obj_new 1.06981 SA_pAcc 1 Delta 0.0738257 SA_r 0.808291 freedomratio 0.303627
Iter 1000000 pBad 0.797514 T 0.000800778 Obj 1.03967 Rho 0 GRdif 22.8001 success 249197 failure 20589 obj_new 1.03967 SA_pAcc 1 Delta 0.0763579 SA_r 0.236079 freedomratio 0.306165
Iter 1500000 pBad 0.751262 T 0.000256373 Obj 1.02995 Rho 0 GRdif 17.2945 success 370489 failure 38847 obj_new 1.02995 SA_pAcc 1 Delta -0.0301536 SA_r 0.571936 freedomratio 0.302218
Iter 2000000 pBad 0.624873 T 8.20792e-05 Obj 1.02712 Rho 0 GRdif 15.6802 success 490256 failure 60927 obj_new 1.02712 SA_pAcc 1 Delta -0.0173682 SA_r 0.798965 freedomratio 0.305527
Iter 2500000 pBad 0.570108 T 2.62781e-05 Obj 1.02327 Rho 0 GRdif 13.4816 success 605683 failure 90170 obj_new 1.02327 SA_pAcc 0.994674 Delta 0.00189372 SA_r 0.749512 freedomratio 0.297916
Iter 3000000 pBad 0.544419 T 8.41306e-06 Obj 1.01785 Rho 0 GRdif 10.3674 success 716481 failure 130196 obj_new 1.01785 SA_pAcc 1.41294 Delta 0.0206594 SA_r 0.305522 freedomratio 0.298827
Iter 3500000 pBad 0.383324 T 2.69348e-06 Obj 1.01223 Rho 0 GRdif 7.12497 success 822468 failure 181539 obj_new 1.01223 SA_pAcc 1 Delta -0.0375229 SA_r 0.551523 freedomratio 0.291108
Iter 4000000 pBad 0.230108 T 8.62333e-07 Obj 1.01068 Rho 0 GRdif 6.22666 success 910349 failure 269233 obj_new 1.01068 SA_pAcc 0.255353 Delta -0.0142146 SA_r 0.937406 freedomratio 0.27958
Iter 4500000 pBad 0.135288 T 2.7608e-07 Obj 1.00977 Rho 0 GRdif 5.6987 success 976356 failure 407608 obj_new 1.00977 SA_pAcc 0.120897 Delta -0.00599741 SA_r 0.216699 freedomratio 0.251502
Iter 5000000 pBad 0.0606458 T 8.83885e-08 Obj 1.00928 Rho 0 GRdif 5.41139 success 1022877 failure 599555 obj_new 1.00928 SA_pAcc 3.97968e-11 Delta 0.00327614 SA_r 0.352462 freedomratio 0.226168
Iter 5500000 pBad 0.0283449 T 2.8298e-08 Obj 1.00908 Rho 0 GRdif 5.29897 success 1051101 failure 848513 obj_new 1.00908 SA_pAcc 1 Delta -0.000630504 SA_r 0.0613537 freedomratio 0.201305
Iter 6000000 pBad 0.0159458 T 9.05977e-09 Obj 1.00899 Rho 0 GRdif 5.24288 success 1069648 failure 1139144 obj_new 1.00899 SA_pAcc 7.17623e-05 Delta 0.000956874 SA_r 0.230248 freedomratio 0.184277
Iter 6500000 pBad 0.0087329 T 2.90053e-09 Obj 1.00895 Rho 0 GRdif 5.22019 success 1081875 failure 1460724 obj_new 1.00895 SA_pAcc 5.0482e-05 Delta -0.000347896 SA_r 0.681989 freedomratio 0.175976
Iter 7000000 pBad 0.0045545 T 9.2862e-10 Obj 1.00893 Rho 0 GRdif 5.21226 success 1089790 failure 1804760 obj_new 1.00893 SA_pAcc 0 Delta 0.000232773 SA_r 0.93103 freedomratio 0.168197
Iter 7500000 pBad 0.0046944 T 2.97302e-10 Obj 1.00892 Rho 0 GRdif 5.20552 success 1095975 failure 2164275 obj_new 1.00892 SA_pAcc 2.68636e-54 Delta -5.56844e-05 SA_r 0.0516028 freedomratio 0.163095
Iter 8000000 pBad 0.00149645 T 9.51829e-11 Obj 1.00892 Rho 0 GRdif 5.20186 success 1101286 failure 2534877 obj_new 1.00892 SA_pAcc 1 Delta -0.000101704 SA_r 0.58475 freedomratio 0.159066
Iter 8500000 pBad 0.00115807 T 3.04733e-11 Obj 1.00891 Rho 0 GRdif 5.19976 success 1105820 failure 2914747 obj_new 1.00891 SA_pAcc 0 Delta -3.37557e-05 SA_r 0.235292 freedomratio 0.155685
Iter 9000000 pBad 0.00105965 T 9.75618e-12 Obj 1.00891 Rho 0 GRdif 5.21005 success 1110245 failure 3304386 obj_new 1.00893 SA_pAcc 0 Delta 4.91644e-05 SA_r 0.845465 freedomratio 0.152168
Iter 9500000 pBad 0.000294666 T 3.12349e-12 Obj 1.00891 Rho 0 GRdif 5.20875 success 1114702 failure 3701203 obj_new 1.00893 SA_pAcc 0 Delta -2.07274e-05 SA_r 0.0787748 freedomratio 0.14783
Good enough
iter 9.99968e+06 obj1.00891 rho 0 GRdif 5.19696
Training:
Lab Growth Rates:
0.65 1.05 1.345 0.48 0.5 0.11 0.3 0.56 0.52 0.41 1.483 0.55 0.22 0.58 1.483 0.5 0.46 0.19 0.37 1.248 0.23 0.26 0.22 0.47 0.2 1.46 0.377 0.31 0.47 0.52 0.48 0.55 0.47 0.4 0.23 1.483 1.345 1.345 0.45 0.36 0.26 0.42 0.37 1.483 0.55 0.3 0.25 1.43 0.23 0.55 0.59 0.38 0.71 0.51 1.66 0.476 0.636 0.23 0.56 0.33 0.56 0.5 0.53 0.3 0.5 0.6 0.32 0.59 0.54 0.47 0.46 0.42 0.481 0.46 0.53 0.4 0.34 0.46 0.46 0.5 0.636 0.33 0.47 0.58 0.54 0.54 0.47 0.4 0.5 0.4 0.762 0.5 0.4 0.53 0.5 0.5 0.55 0.901 0.54 0.43 0.54 1.483 0.762 0.4 0.59 0.54 1.248 0.1 0.45 0.53 0.54 0.38 0.686 0.5 0.45 0.485 0.4 0.4 0.52 1.05 0.4 0.4 0.45 0.49 0.5 0.901 0.55 0.5 0.1 0.648 0.465 0.59 0.37 0.617 0.22 0.724 0.762 0.36 0.39 0.45 0.46 0.53 0.37 0.42 0.4 0.4 0.4 1.483 0.54 0.648 0.4 0.42 0.17 0.4 0.54 0.6 1.05 1.345 0.65 0.636 0.39 0.53 0.51 0.52 0.47 0.46 0.42 0.54 1.248 0.52 0.55 0.48 0.49 0.32 0.43 0.58 0.5 0.11 0.25 0.5 0.637 0.55 0.71 0.31 0.46 0.54 0.4 0.4 0.59 0.33 0.55 0.19 0.4 0.54 0.4 0.46 0.635 0.51 0.58 0.52 0.52 0.58 0.5 0.3 0.55 0.41 1.248 0.47 1.248 0.58 0.59 0.3 1.345 0.45 0.36 0.3 0.58 0.54 0.47 0.5 0.901 0.3 0.09 0.71 0.45 0.34 0.37 0.54 0.4 0.686 1.05 0.53 1.67 0.4 0.3 0.42 0.56 1.03 0.25 0.4 1.483 0.33 0.476 0.37 0.4 0.377 0.25 0.5 0.25 0.4 0.4 0.46 0.56 0.901 0.1 0.37 0.4 0.5 0.58 0.42 0.58 1.49 0.59 1.345 0.46 0.36 0.45 0.56 0.4 0.43 0.43 0.45 1.345 0.39 0.4 0.53 0.46 0.41 0.39 0.27 0.38 0.5 0.23 0.37 0.54 0.46 0.23 0.37 1.66 0.4 0.7 0.1 0.58 0.637 0.4 0.56 0.47 1.345 0.47 0.58 0.47 0.37 0.65 0.48 0.5 0.4 1.483 0.48 0.43 0.47 0.3 0.6 0.41 0.485 0.7 0.39 0.55 0.56 0.3 0.45 0.485 0.4 0.33 0.4 0.481 0.46 0.56 0.56 0.43 0.5 0.5 0.47 0.56 1.483 0.54 0.33 0.43 0.45 0.27 0.5 0.47 0.37 0.4 0.43 0.46 0.42 1.05 0.17 0.14 0.53 0.23 0.53 0.59 0.48 0.33 0.53 0.48 0.54 0.47 0.42 0.43 0.4 0.34 0.47 0.1 0.42 0.4 0.52 1.345 0.54 0.22 0.27 0.32 0.25 0.55 0.301 0.59 0.56 1.38 0.7 0.17 0.52 0.47 0.45 0.4 0.3 0.14 0.56 0.33 0.4 0.22 0.56 1.35 0.42 1.345 1.67 0.4 0.38 0.36 0.38 0.42 0.56 0.37 0.3 0.46 0.68 0.59 0.635 1.345 1.483 0.46 0.476 0.648 0.4 0.27 0.5 0.54 0.68 0.41 0.5 0.54 0.68 0.635 0.48 0.36 0.4 0.41 0.58 0.09 0.56 0.7 0.19 0.37 0.41 0.43 0.36 0.43 0.42 0.68 0.09 0.46 0.45 0.54 0.54 0.58 0.59 0.1 1.46 0.5 1.42 0.22 0.49 0.59 1.44 0.52 0.58 0.52 0.41 0.54 0.5 0.4 0.39 0.45 0.47 0.4 0.45 0.37 0.485 0.4 1.46 0.4 0.42 0.4 0.4 0.47 0.58 0.58 0.42 0.27 0.53 0.5 0.65 0.58 0.2 0.45 0.481 0.58 0.4 0.45 0.54 0.65 0.4 0.36 0.65 0.53 0.65 0.68 0.46 0.43 0.58 0.22 0.31 0.4 0.47 0.901 0.5 0.27 0.46 0.54 0.11 1.483 0.42 0.52 0.465 0.37 0.65 0.65 1.345 0.2 0.36 0.5 0.4 0.4 0.637 0.25 0.1 0.5 0.377 0.5 0.33 0.53 0.47 0.47 0.37 0.41 0.26 0.59 0.4 0.901 0.3 0.45 0.4 1.43 1.46 0.5 0.56 0.48 1.483 0.4 0.58 0.23 0.47 0.301 0.46 0.45 0.724 0.4 0.58 0.6 0.59 0.4 0.4 0.3 0.53 0.22 0.4 1.4 0.724 0.23 0.762 0.25 0.301 0.5 0.42 0.4 0.4 0.59 0.686 0.59 0.4 0.42 0.465 0.1 0.1 0.56 0.4
Dot Production Prediction of Lab Growth Rates:
0.637625 1.40096 1.29629 0.261266 0.32091 0.301969 0.341152 0.551849 0.343806 0.400699 1.27829 0.533966 0.421163 0.463181 1.36347 0.753864 0.410818 0.323278 0.423109 1.23913 0.558295 0.505013 0.489805 0.328346 0.293914 1.073 0.629456 0.529724 0.345215 0.371378 0.313976 0.539436 0.422421 0.39409 0.550405 1.33662 1.36235 1.34502 0.350285 0.359181 0.398579 0.514991 0.348773 1.36037 0.568518 0.299456 1.45699 1.20249 0.541178 0.560028 0.537006 0.283712 0.7001 0.402444 1.58974 0.620618 0.698299 0.43659 0.464945 0.33689 0.548954 0.484815 0.405364 0.497746 0.532216 0.566438 0.338331 0.541441 0.475164 0.421557 0.480493 0.320214 0.63153 0.474793 0.397302 0.392734 0.3072 0.315679 0.301565 0.583021 0.704587 0.327129 0.38912 0.316941 0.282588 0.314947 0.316275 0.38864 0.461615 0.396642 1.48779 0.462102 0.383186 0.312585 0.818255 0.696568 0.505433 0.900457 0.453308 0.310068 0.467092 1.35225 1.46889 0.379945 0.350321 0.325783 1.25421 2.08016 1.43034 0.526657 0.473001 0.37367 0.690193 0.35025 1.49119 0.620787 0.390738 0.393431 0.315235 1.09774 0.329094 0.392975 1.38952 0.394129 0.82573 0.909117 0.504758 0.418686 1.98133 0.685048 0.622725 0.347446 0.415327 0.746053 0.497382 0.698599 1.4643 0.400528 0.323188 0.293888 0.333773 0.38907 0.273209 0.337921 0.392136 0.387367 0.38736 1.28824 0.362719 0.682096 0.388482 0.503526 0.242364 0.376763 0.548818 0.591236 1.04982 1.38924 0.656439 0.702438 0.369022 0.520444 0.411337 0.376204 0.319329 0.461828 0.320569 0.463035 1.25861 0.334504 0.483153 0.240948 0.392783 0.321115 0.363514 0.329659 0.357348 0.321365 0.314915 0.775022 0.691154 0.544402 0.693784 0.553809 0.339128 0.407854 0.394459 0.394784 0.304783 0.46748 0.500011 0.313284 0.392882 0.556925 0.373962 0.46528 0.691133 0.364672 0.458473 0.347429 0.365315 0.474693 0.471296 0.28291 0.547368 0.401296 1.24655 0.391495 1.24215 0.376115 0.534564 0.587274 1.33697 1.42745 0.331916 0.567729 0.365336 0.530804 0.376719 0.529746 0.900883 0.612477 0.396864 0.687241 0.400623 0.336488 0.41853 0.310832 0.396682 0.692458 1.04419 0.50643 1.50043 0.38652 0.282883 0.265957 0.526084 1.24269 0.342736 0.392843 1.34128 0.462416 0.612804 0.427338 0.389249 0.627493 0.323523 0.490553 0.317538 0.273762 0.395771 0.338047 0.480581 0.897426 0.990953 0.442634 0.392967 0.343326 0.410831 0.329468 0.461417 1.48991 0.33386 1.33726 0.384976 0.33852 0.395915 0.540772 0.384672 0.368344 0.358026 1.36302 1.34255 0.323727 0.391501 0.447996 0.457262 0.374504 0.290201 0.359217 0.264004 0.796415 0.542647 0.428241 0.340618 0.495394 0.434831 0.378581 1.61291 0.392052 0.764855 1.38801 0.479424 0.6976 0.383178 0.531232 0.309284 1.3373 0.304147 0.446964 0.357295 0.413664 0.65001 0.280493 0.465054 0.388182 1.32266 0.332691 0.389346 0.314215 0.442988 0.603149 0.65773 0.636918 0.772023 0.342134 0.505705 0.54917 0.579269 0.294819 0.640423 0.383959 0.295783 0.392736 0.624191 0.501781 0.478936 0.535805 0.392465 0.342494 0.33428 0.326122 0.464392 1.25184 0.520887 0.272027 0.353449 0.302558 0.276768 0.850913 0.404306 0.413372 0.382696 0.347637 0.309123 0.32618 1.0939 0.365847 0.41444 0.537089 0.437962 0.302275 0.531781 0.378845 0.297114 0.452306 0.332242 0.287935 0.335708 0.306556 0.363849 0.394782 0.316588 0.292832 0.301673 0.312833 0.371728 0.388553 1.31762 0.572747 0.491002 0.361002 0.329726 0.466267 0.498264 0.669255 0.35355 0.481619 1.25973 0.744695 0.283568 0.398301 0.32012 1.48991 0.390182 0.328027 0.415802 0.554386 0.443679 0.390399 0.337381 0.519883 1.18795 0.257594 1.34489 1.38596 0.391396 0.286828 0.281409 0.379806 0.305775 0.515558 0.412057 0.536832 0.314508 0.348215 0.537659 0.696616 1.42081 1.2723 0.445392 0.620724 0.673771 0.387685 0.323697 0.373134 0.556451 0.348005 0.652083 0.721122 0.30262 0.35072 0.697305 0.383547 0.340893 0.388973 0.348679 0.478142 0.329399 0.524576 0.748029 0.287914 0.42176 0.65106 0.399655 0.362569 0.331727 0.288743 0.351502 0.352241 0.371015 0.383963 0.531291 0.404087 0.393951 0.372997 1.72319 1.48544 0.38025 1.51229 0.374926 0.402689 0.537816 1.46224 0.348137 0.447283 0.3424 0.316167 0.365518 0.804242 0.279704 0.305635 0.322548 0.364246 0.39925 0.380728 0.381176 0.625142 0.381229 1.04978 0.392556 0.488286 0.395419 0.387829 0.354245 0.274926 0.465014 0.413005 0.328267 0.37249 0.483581 0.616499 0.322558 0.33966 0.403723 0.622162 0.363434 0.38726 1.49048 0.411255 0.651981 0.382018 0.31913 0.65874 0.531255 0.639748 0.352591 0.387735 0.335375 0.463653 0.482313 0.513796 0.393303 0.410348 0.892616 0.560028 0.509332 0.456257 0.469903 0.355574 1.31289 0.321983 0.365473 0.627364 0.427772 0.623017 0.649851 1.38149 0.296714 0.417523 0.779005 0.39349 0.391079 0.699084 0.413322 1.70054 0.539712 0.642696 0.33344 0.35911 0.285951 0.40292 0.412485 0.400705 0.339863 0.404123 0.322315 0.391974 1.29703 0.542852 0.394949 0.390082 1.20444 1.09003 0.859552 0.561235 0.289602 1.35328 0.399025 0.48162 0.54252 0.406478 0.676825 0.376671 0.330235 0.70516 0.392878 0.466578 0.605624 0.558261 0.382647 0.400098 0.281664 0.539904 0.4987 0.391232 1.39974 0.700573 0.544554 1.49948 1.03643 0.66394 0.324575 0.3611 0.395075 0.388494 0.340395 0.693528 0.352564 0.385642 0.290243 0.621653 0.405118 0.390448 0.464403 0.395796
Testing:
Lab Growth Rates:
0.54 0.54 0.54
Dot Production Prediction of Lab Growth Rates:
0.302675 0.363106 0.330265
Best performance so far: 
Obj: 4.67747e-310Rho: 4.24399e-314Diff: 4.67747e-310
Test:
 Lab Growth Rates:
0.54 0.54 0.54Dot Product Prediction of Growth Rate:
0.3026746 0.3631062 0.330265