seed =  5 traits =  1 
Training: part  151 
Training: part  151 
Round  1 
 Goal of obj  0.99 
Temperature range:  0.00390625 1.5625e-14 
Cycle 1Round 1
Iter 500000 pBad 0.833815 T 0.00105163 Obj 1.07477 Rho 0 GRdif 42.2535 success 145886 failure 10800 obj_new 1.07477 SA_pAcc 1.00339 Delta -0.00170916 SA_r 0.0771686 freedomratio 0.367629
Iter 1000000 pBad 0.765109 T 0.000283118 Obj 1.03329 Rho 0 GRdif 19.1879 success 287834 failure 31308 obj_new 1.03329 SA_pAcc 0.978303 Delta 0.0336428 SA_r 0.0623575 freedomratio 0.355152
Iter 1500000 pBad 0.730631 T 7.62202e-05 Obj 1.02434 Rho 0 GRdif 14.0936 success 428286 failure 54744 obj_new 1.02434 SA_pAcc 1 Delta 0.0402211 SA_r 0.813032 freedomratio 0.365793
Iter 2000000 pBad 0.535134 T 2.05198e-05 Obj 1.01842 Rho 0 GRdif 10.7118 success 565672 failure 86355 obj_new 1.01845 SA_pAcc 0.237025 Delta -0.0118723 SA_r 0.621328 freedomratio 0.361728
Iter 2500000 pBad 0.413887 T 5.52429e-06 Obj 1.01507 Rho 0 GRdif 8.76793 success 696464 failure 128396 obj_new 1.01507 SA_pAcc 1 Delta -0.00916261 SA_r 0.815576 freedomratio 0.350898
Iter 3000000 pBad 0.325237 T 1.48723e-06 Obj 1.00969 Rho 0 GRdif 5.65231 success 811652 failure 202348 obj_new 1.00969 SA_pAcc 1.34957 Delta 0.0101137 SA_r 0.220965 freedomratio 0.350898
Iter 3500000 pBad 0.142572 T 4.00389e-07 Obj 1.00848 Rho 0 GRdif 4.94795 success 904341 failure 321477 obj_new 1.00848 SA_pAcc 1 Delta -0.010855 SA_r 0.173132 freedomratio 0.30745
Iter 4000000 pBad 0.0634233 T 1.07792e-07 Obj 1.00826 Rho 0 GRdif 4.81811 success 957156 failure 530641 obj_new 1.00826 SA_pAcc 0.158106 Delta 0.00313027 SA_r 0.399434 freedomratio 0.267336
Iter 4500000 pBad 0.0274507 T 2.90194e-08 Obj 1.00818 Rho 0 GRdif 4.78238 success 986216 failure 804247 obj_new 1.00819 SA_pAcc 1.92493e-164 Delta -0.000305271 SA_r 0.168413 freedomratio 0.236863
Iter 5000000 pBad 0.0104009 T 7.81252e-09 Obj 1.00816 Rho 0 GRdif 4.76366 success 1002036 failure 1120166 obj_new 1.00816 SA_pAcc 4.20249e-127 Delta -0.000802899 SA_r 0.42547 freedomratio 0.220053
Iter 5500000 pBad 0.00668547 T 2.10327e-09 Obj 1.00815 Rho 0 GRdif 4.75562 success 1011206 failure 1460295 obj_new 1.00815 SA_pAcc 1.35914e-221 Delta 0.000165955 SA_r 0.10891 freedomratio 0.210413
Iter 6000000 pBad 0.00589746 T 5.66236e-10 Obj 1.00814 Rho 0 GRdif 4.75038 success 1016874 failure 1815237 obj_new 1.00814 SA_pAcc 6.63253e-13 Delta 0.000174849 SA_r 0.912199 freedomratio 0.204324
Iter 6500000 pBad 0.00158731 T 1.5244e-10 Obj 1.00813 Rho 0 GRdif 4.74513 success 1020043 failure 2178290 obj_new 1.00813 SA_pAcc 1 Delta -0.000110521 SA_r 0.847519 freedomratio 0.203755
Iter 7000000 pBad 0.000954827 T 4.10396e-11 Obj 1.00813 Rho 0 GRdif 4.74434 success 1021756 failure 2546210 obj_new 1.00813 SA_pAcc 0 Delta 8.89608e-05 SA_r 0.599263 freedomratio 0.202278
Iter 7500000 pBad 0.000650472 T 1.10486e-11 Obj 1.00812 Rho 0 GRdif 4.74178 success 1023233 failure 2915853 obj_new 1.00812 SA_pAcc 3.31081e-259 Delta -3.92114e-05 SA_r 0.353957 freedomratio 0.20096
Iter 8000000 pBad 0.000250577 T 2.97447e-12 Obj 1.00812 Rho 0 GRdif 4.74077 success 1024374 failure 3288062 obj_new 1.00812 SA_pAcc 0 Delta -1.54861e-05 SA_r 0.59896 freedomratio 0.199659
Iter 8500000 pBad 0.000712434 T 8.00778e-13 Obj 1.00812 Rho 0 GRdif 4.74211 success 1026092 failure 3659603 obj_new 1.00813 SA_pAcc 0 Delta 1.70863e-05 SA_r 0.962362 freedomratio 0.198577
Iter 9000000 pBad 8.9864e-34 T 2.15583e-13 Obj 1.00812 Rho 0 GRdif 4.74017 success 1029247 failure 3950481 obj_new 1.00812 SA_pAcc 0 Delta -7.52948e-35 SA_r 0.999988 freedomratio 0.184741
Iter 9500000 pBad 2.12115e-96 T 5.80388e-14 Obj 1.00812 Rho 0 GRdif 4.75029 success 1029247 failure 4232350 obj_new 1.00814 SA_pAcc 0 Delta -4.56585e-98 SA_r 0.70461 freedomratio 0.183354
Iter 10000000 pBad 1.20305e-252 T 1.5625e-14 Obj 1.00812 Rho 0 GRdif 4.77997 success 1029247 failure 4529272 obj_new 1.00819 SA_pAcc 0 Delta -1.17839e-253 SA_r 0.562412 freedomratio 0.0876983
Cannot move further
iter 8.72451e+06 obj1.00812 rho 0 GRdif 4.73991
Training:
Lab Growth Rates:
0.65 1.05 1.345 0.48 0.47 0.36 0.3 0.56 0.52 0.41 1.483 0.55 0.22 0.58 1.483 0.5 0.46 0.51 0.37 1.248 0.23 0.26 0.22 0.5 0.2 1.46 0.377 0.31 0.19 0.32 0.48 0.55 0.47 0.4 0.23 1.483 1.345 1.345 0.45 0.36 0.26 0.42 0.09 1.483 0.55 0.3 0.25 1.43 0.23 0.55 0.59 0.38 0.71 0.59 1.66 0.476 0.636 0.23 0.56 0.5 0.56 0.5 0.53 0.3 0.5 0.6 0.34 0.59 0.54 0.5 0.46 0.42 0.481 0.46 0.53 0.4 0.47 0.46 0.47 0.5 0.636 0.5 0.52 0.58 0.54 0.54 0.47 0.4 0.47 0.4 0.762 0.5 0.4 0.53 0.5 0.5 0.55 0.901 0.54 0.42 0.54 1.483 0.762 0.4 0.48 0.54 1.248 0.1 0.45 0.53 0.54 0.38 0.686 0.33 0.45 0.485 0.4 0.4 0.46 1.05 0.4 0.4 0.45 0.49 0.5 0.901 0.55 0.47 0.1 0.648 0.465 0.48 0.37 0.617 0.22 0.724 0.762 0.33 0.39 0.45 0.47 0.53 0.37 0.42 0.4 0.4 0.4 1.483 0.54 0.648 0.4 0.42 0.17 0.4 0.54 0.6 1.05 1.345 0.65 0.636 0.39 0.53 0.59 0.52 0.47 0.46 0.42 0.54 1.248 0.32 0.55 0.48 0.49 0.34 0.43 0.58 0.37 0.36 0.25 0.5 0.637 0.55 0.71 0.31 0.46 0.54 0.4 0.4 0.59 0.33 0.55 0.51 0.4 0.54 0.4 0.46 0.635 0.59 0.58 0.46 0.52 0.58 0.5 0.3 0.55 0.45 1.248 0.47 1.248 0.58 0.59 0.3 1.345 0.45 0.33 0.3 0.58 0.54 0.19 0.5 0.901 0.3 0.11 0.71 0.27 0.47 0.37 0.54 0.4 0.686 1.05 0.53 1.67 0.4 0.3 0.42 0.56 1.03 0.25 0.4 1.483 0.33 0.476 0.37 0.4 0.377 0.25 0.5 0.25 0.4 0.4 0.46 0.56 0.901 0.1 0.37 0.4 0.33 0.58 0.42 0.58 1.49 0.59 1.345 0.46 0.47 0.45 0.56 0.4 0.43 0.42 0.45 1.345 0.39 0.4 0.53 0.46 0.45 0.39 0.27 0.38 0.5 0.23 0.37 0.54 0.46 0.23 0.09 1.66 0.4 0.7 0.1 0.58 0.637 0.4 0.56 0.47 1.345 0.5 0.58 0.52 0.37 0.65 0.48 0.5 0.4 1.483 0.48 0.43 0.47 0.3 0.6 0.41 0.485 0.7 0.39 0.55 0.56 0.3 0.45 0.485 0.4 0.5 0.4 0.481 0.46 0.56 0.56 0.43 0.33 0.47 0.19 0.56 1.483 0.54 0.5 0.42 0.45 0.27 0.5 0.41 0.37 0.4 0.43 0.47 0.54 1.05 0.17 0.14 0.53 0.23 0.53 0.59 0.36 0.5 0.53 0.36 0.54 0.47 0.42 0.43 0.4 0.47 0.47 0.1 0.42 0.4 0.52 1.345 0.54 0.22 0.43 0.34 0.25 0.55 0.301 0.59 0.56 1.38 0.7 0.17 0.52 0.5 0.45 0.4 0.3 0.14 0.56 0.33 0.4 0.22 0.56 1.35 0.42 1.345 1.67 0.4 0.38 0.36 0.38 0.42 0.56 0.37 0.3 0.46 0.68 0.59 0.635 1.345 1.483 0.46 0.476 0.648 0.4 0.43 0.37 0.54 0.68 0.41 0.5 0.54 0.68 0.635 0.36 0.47 0.4 0.41 0.58 0.11 0.56 0.7 0.51 0.37 0.41 0.43 0.36 0.43 0.42 0.68 0.11 0.46 0.27 0.54 0.54 0.58 0.59 0.1 1.46 0.47 1.42 0.22 0.49 0.59 1.44 0.32 0.58 0.46 0.45 0.54 0.5 0.4 0.39 0.45 0.52 0.4 0.45 0.09 0.485 0.4 1.46 0.4 0.42 0.4 0.4 0.41 0.58 0.58 0.54 0.27 0.53 0.5 0.65 0.58 0.2 0.27 0.481 0.58 0.4 0.45 0.54 0.65 0.4 0.47 0.65 0.53 0.65 0.68 0.46 0.43 0.58 0.22 0.31 0.4 0.47 0.901 0.5 0.43 0.46 0.54 0.36 1.483 0.42 0.52 0.465 0.37 0.65 0.65 1.345 0.2 0.33 0.5 0.4 0.4 0.637 0.25 0.1 0.5 0.377 0.37 0.5 0.53 0.41 0.5 0.37 0.41 0.26 0.59 0.4 0.901 0.3 0.45 0.4 1.43 1.46 0.5 0.56 0.48 1.483 0.4 0.58 0.23 0.5 0.301 0.46 0.45 0.724 0.4 0.58 0.6 0.59 0.4 0.4 0.3 0.53 0.22 0.4 1.4 0.724 0.23 0.762 0.25 0.301 0.47 0.54 0.4 0.4 0.48 0.686 0.59 0.4 0.42 0.465 0.1 0.1 0.56 0.4
Dot Production Prediction of Lab Growth Rates:
0.639433 1.70181 1.11922 0.310635 0.36328 0.313349 0.418927 0.540892 0.413557 0.414181 1.13231 0.549122 0.458635 0.473877 1.15473 0.62963 0.480567 0.408818 0.418248 0.841335 0.539845 0.570269 0.466709 0.392772 0.416852 0.99045 0.443161 0.572824 0.336409 0.302599 0.362423 0.550651 0.382619 0.404124 0.536326 1.13029 1.16198 1.10472 0.409139 0.361202 0.473103 0.591725 0.477771 1.15321 0.555115 0.326176 1.54233 1.39299 0.545042 0.551265 0.540971 0.293281 0.72803 0.321534 1.66 0.45169 0.721281 0.439595 0.464089 0.333731 0.540243 0.475485 0.444957 0.46276 0.527291 0.509792 0.315757 0.552516 0.461042 0.368102 0.541091 0.364605 0.44568 0.467764 0.363174 0.399987 0.467436 0.377178 0.345123 0.541315 0.722899 0.411761 0.340646 0.375004 0.305418 0.40876 0.415109 0.397395 0.333114 0.403337 0.769312 0.467531 0.39195 0.328421 0.719859 0.663171 0.457123 0.902911 0.450711 0.332221 0.452964 1.1587 0.766623 0.39012 0.335161 0.331496 0.844989 1.01842 1.5215 0.542396 0.458625 0.350834 0.724629 0.330003 1.54214 0.445012 0.404079 0.403358 0.298872 1.05 0.401819 0.402545 1.53069 0.408567 0.694613 0.903469 0.452504 0.449429 1.11368 0.714716 0.449247 0.338729 0.417987 0.616648 0.477149 0.72152 0.769914 0.377913 0.376956 0.321063 0.366233 0.502642 0.302392 0.344299 0.401336 0.399679 0.40287 1.13013 0.399515 0.712093 0.400982 0.573583 0.337912 0.392097 0.539993 0.515257 0.970829 1.13738 0.660148 0.726685 0.331047 0.519784 0.346732 0.377101 0.36763 0.460004 0.337374 0.450005 0.843626 0.322638 0.432418 0.302965 0.380383 0.339043 0.42255 0.38171 0.470625 0.322744 0.302153 0.651067 0.709906 0.550329 0.724027 0.586201 0.36533 0.364371 0.40137 0.400735 0.336255 0.493159 0.445982 0.437061 0.402384 0.551388 0.392634 0.456513 0.714716 0.320998 0.471397 0.300266 0.344813 0.472561 0.472468 0.300627 0.547846 0.417174 0.843819 0.338952 0.841243 0.367353 0.539395 0.508515 1.14159 1.52429 0.384534 0.494867 0.339944 0.538346 0.321044 0.53005 0.899229 0.530481 0.336865 0.724396 0.372751 0.456942 0.422167 0.405594 0.402271 0.727929 1.05 0.51885 1.56154 0.398625 0.306177 0.334301 0.55423 1.44737 0.343859 0.39946 1.12383 0.517982 0.451259 0.425191 0.400859 0.446316 0.352051 0.477849 0.354028 0.314589 0.399927 0.425595 0.473961 0.901 0.890566 0.569903 0.403935 0.373602 0.353937 0.369432 0.472131 1.61567 0.300021 1.15661 0.451939 0.418752 0.332201 0.54829 0.399458 0.385912 0.396675 1.53298 1.18043 0.295345 0.403189 0.557021 0.468784 0.425443 0.339349 0.367706 0.312503 0.713629 0.542853 0.426758 0.337937 0.563417 0.439307 0.373891 1.66 0.402423 0.695586 1.4786 0.469434 0.711268 0.395086 0.541246 0.372483 1.17909 0.321341 0.472275 0.367123 0.420078 0.668327 0.307046 0.465892 0.401793 1.11138 0.328788 0.444057 0.371007 0.407014 0.530436 0.434355 0.441668 0.698912 0.314598 0.450444 0.550956 0.535985 0.339525 0.441106 0.397414 0.345002 0.402669 0.445634 0.520844 0.474784 0.558986 0.455103 0.319693 0.416392 0.328323 0.463589 1.11094 0.540127 0.327934 0.334149 0.375166 0.289965 0.744485 0.361034 0.38755 0.395602 0.362582 0.354629 0.423803 1.05 0.458703 0.138336 0.537441 0.439943 0.360732 0.543528 0.427649 0.316025 0.397203 0.4518 0.399978 0.368701 0.359879 0.406152 0.403652 0.482186 0.324307 0.367474 0.30263 0.389506 0.403181 1.16276 0.54381 0.464136 0.365464 0.301477 0.553046 0.449251 0.447012 0.381785 0.472025 1.36453 0.701924 0.307779 0.371685 0.311775 1.61567 0.402064 0.381011 0.140014 0.552516 0.445123 0.402948 0.371598 0.532725 1.32084 0.325923 1.11543 1.47565 0.402771 0.314809 0.327842 0.361463 0.329491 0.532491 0.415967 0.500691 0.385352 0.468317 0.553813 0.715768 1.16692 1.14258 0.450879 0.451419 0.70593 0.394801 0.416293 0.454963 0.534818 0.469779 0.444926 0.662989 0.382552 0.466096 0.716847 0.369313 0.409247 0.401031 0.402171 0.473709 0.395286 0.556771 0.700093 0.427608 0.424974 0.444788 0.422979 0.352322 0.381007 0.328042 0.471949 0.403004 0.415365 0.606229 0.537345 0.373904 0.384762 0.405896 0.925397 1.61179 0.44901 1.6048 0.410198 0.374456 0.548668 1.60879 0.348815 0.454555 0.334788 0.386693 0.410027 0.747525 0.327763 0.33352 0.372799 0.372388 0.407222 0.348966 0.342793 0.446082 0.396853 1.01504 0.403608 0.590124 0.403547 0.399659 0.34057 0.29802 0.464668 0.372797 0.32767 0.411462 0.47369 1.0838 0.317943 0.34824 0.385781 0.445458 0.410305 0.401595 1.56797 0.366064 0.64598 0.393819 0.379889 1.12765 0.517197 0.651499 0.470144 0.425036 0.377148 0.46655 0.473734 0.578711 0.397529 0.38251 0.901277 0.543366 0.363647 0.468498 0.459896 0.344998 1.14421 0.367974 0.383939 0.449836 0.429873 0.624229 1.1214 1.18844 0.405379 0.31911 0.694726 0.396846 0.403976 0.709216 0.538726 0.91849 0.537341 0.444015 0.426464 0.390892 0.293783 0.389673 0.324152 0.382646 0.337408 0.336326 0.325109 0.402902 0.816359 0.496096 0.341759 0.401757 1.39435 1.0069 0.748154 0.554216 0.297227 1.13904 0.404548 0.474543 0.546279 0.377863 0.443039 0.440042 0.346063 0.723757 0.399718 0.465623 0.506033 0.549024 0.399114 0.402214 0.299171 0.551681 0.473456 0.400207 1.47334 0.72288 0.544486 0.764531 0.852542 0.449231 0.392395 0.306711 0.399651 0.402151 0.307291 0.729615 0.34002 0.400198 0.302258 0.446722 0.473121 0.461782 0.466454 0.403682
Testing:
Lab Growth Rates:
0.52 0.52 0.52
Dot Production Prediction of Lab Growth Rates:
0.38144 0.351294 0.412176
Best performance so far: 
Obj: 4.67799e-310Rho: 2.26291e-314Diff: 4.67799e-310
Anneal again with the best G and E so far as input
Cycle 2Round 1
Iter 500000 pBad 0.830773 T 0.00105163 Obj 1.04752 Rho 0 GRdif 27.2064 success 105043 failure 11084 obj_new 1.04752 SA_pAcc 1.03502 Delta 0.011481 SA_r 0.128545 freedomratio 0.2482
Iter 1000000 pBad 0.719276 T 0.000283118 Obj 1.03229 Rho 0 GRdif 18.621 success 207168 failure 29120 obj_new 1.03229 SA_pAcc 1 Delta -0.0627225 SA_r 0.97029 freedomratio 0.247885
Iter 1500000 pBad 0.669589 T 7.62202e-05 Obj 1.028 Rho 0 GRdif 16.1823 success 307584 failure 51977 obj_new 1.028 SA_pAcc 1 Delta 0.0619637 SA_r 0.602759 freedomratio 0.249574
Iter 2000000 pBad 0.522493 T 2.05198e-05 Obj 1.02229 Rho 0 GRdif 12.919 success 403998 failure 84278 obj_new 1.02229 SA_pAcc 1.0881 Delta -0.0237216 SA_r 0.138076 freedomratio 0.242449
Iter 2500000 pBad 0.407627 T 5.52429e-06 Obj 1.01811 Rho 0 GRdif 10.516 success 497236 failure 125983 obj_new 1.01811 SA_pAcc 0.596274 Delta -0.021663 SA_r 0.57205 freedomratio 0.239184
Iter 3000000 pBad 0.252834 T 1.48723e-06 Obj 1.01223 Rho 0 GRdif 7.12571 success 583862 failure 182252 obj_new 1.01223 SA_pAcc 0.667185 Delta -0.00389759 SA_r 0.26908 freedomratio 0.226868
Iter 3500000 pBad 0.208089 T 4.00389e-07 Obj 1.00968 Rho 0 GRdif 5.64402 success 658010 failure 269257 obj_new 1.00968 SA_pAcc 1 Delta 0.00083693 SA_r 0.00468524 freedomratio 0.22375
Iter 4000000 pBad 0.0985134 T 1.07792e-07 Obj 1.00891 Rho 0 GRdif 5.19909 success 713791 failure 403329 obj_new 1.00891 SA_pAcc 0.00242552 Delta -0.00126558 SA_r 0.891806 freedomratio 0.203755
Iter 4500000 pBad 0.0506408 T 2.90194e-08 Obj 1.00857 Rho 0 GRdif 5.00139 success 749959 failure 603616 obj_new 1.00857 SA_pAcc 1 Delta 0.000674977 SA_r 0.546604 freedomratio 0.178768
Iter 5000000 pBad 0.0246617 T 7.81252e-09 Obj 1.00841 Rho 0 GRdif 4.90784 success 774402 failure 859116 obj_new 1.00841 SA_pAcc 6.82739e-249 Delta 0.0014765 SA_r 0.90296 freedomratio 0.160284
Iter 5500000 pBad 0.0147112 T 2.10327e-09 Obj 1.00831 Rho 0 GRdif 4.84916 success 792855 failure 1156459 obj_new 1.00831 SA_pAcc 1 Delta 0.00038072 SA_r 0.655894 freedomratio 0.149681
Iter 6000000 pBad 0.00471868 T 5.66236e-10 Obj 1.00828 Rho 0 GRdif 4.82933 success 805061 failure 1488970 obj_new 1.00828 SA_pAcc 8.36176e-23 Delta 0.000387744 SA_r 0.703762 freedomratio 0.141923
Iter 6500000 pBad 0.00365216 T 1.5244e-10 Obj 1.00826 Rho 0 GRdif 4.82138 success 813628 failure 1848244 obj_new 1.00826 SA_pAcc 2.54299e-31 Delta 0.000321873 SA_r 0.988892 freedomratio 0.135023
Iter 7000000 pBad 0.00390735 T 4.10396e-11 Obj 1.00825 Rho 0 GRdif 4.81655 success 821327 failure 2221623 obj_new 1.00825 SA_pAcc 1 Delta -8.25766e-05 SA_r 0.867217 freedomratio 0.13291
Iter 7500000 pBad 4.99534e-07 T 1.10486e-11 Obj 1.00825 Rho 0 GRdif 4.81396 success 827951 failure 2607113 obj_new 1.00825 SA_pAcc 1 Delta -2.28006e-08 SA_r 0.745609 freedomratio 0.128481
Iter 8000000 pBad 0.00106462 T 2.97447e-12 Obj 1.00825 Rho 0 GRdif 4.81313 success 832459 failure 3005237 obj_new 1.00825 SA_pAcc 1 Delta 6.5546e-05 SA_r 0.0420068 freedomratio 0.128537
Iter 8500000 pBad 0.000416927 T 8.00778e-13 Obj 1.00825 Rho 0 GRdif 4.81255 success 837564 failure 3403327 obj_new 1.00825 SA_pAcc 1.04692e+116 Delta 1.39412e-05 SA_r 0.755311 freedomratio 0.127225
Iter 9000000 pBad 0.000298339 T 2.15583e-13 Obj 1.00825 Rho 0 GRdif 4.82355 success 844921 failure 3793111 obj_new 1.00827 SA_pAcc 0 Delta -1.76224e-05 SA_r 0.452264 freedomratio 0.125455
Iter 9500000 pBad 0 T 5.80388e-14 Obj 1.00825 Rho 0 GRdif 4.81201 success 845132 failure 4143805 obj_new 1.00825 SA_pAcc 1 Delta -0 SA_r 0.187709 freedomratio 0.0933716
Good enough
iter 9.02507e+06 obj1.00825 rho 0 GRdif 4.81201
Training:
Lab Growth Rates:
0.65 1.05 1.345 0.48 0.47 0.36 0.3 0.56 0.52 0.41 1.483 0.55 0.22 0.58 1.483 0.5 0.46 0.51 0.37 1.248 0.23 0.26 0.22 0.5 0.2 1.46 0.377 0.31 0.19 0.32 0.48 0.55 0.47 0.4 0.23 1.483 1.345 1.345 0.45 0.36 0.26 0.42 0.09 1.483 0.55 0.3 0.25 1.43 0.23 0.55 0.59 0.38 0.71 0.59 1.66 0.476 0.636 0.23 0.56 0.5 0.56 0.5 0.53 0.3 0.5 0.6 0.34 0.59 0.54 0.5 0.46 0.42 0.481 0.46 0.53 0.4 0.47 0.46 0.47 0.5 0.636 0.5 0.52 0.58 0.54 0.54 0.47 0.4 0.47 0.4 0.762 0.5 0.4 0.53 0.5 0.5 0.55 0.901 0.54 0.42 0.54 1.483 0.762 0.4 0.48 0.54 1.248 0.1 0.45 0.53 0.54 0.38 0.686 0.33 0.45 0.485 0.4 0.4 0.46 1.05 0.4 0.4 0.45 0.49 0.5 0.901 0.55 0.47 0.1 0.648 0.465 0.48 0.37 0.617 0.22 0.724 0.762 0.33 0.39 0.45 0.47 0.53 0.37 0.42 0.4 0.4 0.4 1.483 0.54 0.648 0.4 0.42 0.17 0.4 0.54 0.6 1.05 1.345 0.65 0.636 0.39 0.53 0.59 0.52 0.47 0.46 0.42 0.54 1.248 0.32 0.55 0.48 0.49 0.34 0.43 0.58 0.37 0.36 0.25 0.5 0.637 0.55 0.71 0.31 0.46 0.54 0.4 0.4 0.59 0.33 0.55 0.51 0.4 0.54 0.4 0.46 0.635 0.59 0.58 0.46 0.52 0.58 0.5 0.3 0.55 0.45 1.248 0.47 1.248 0.58 0.59 0.3 1.345 0.45 0.33 0.3 0.58 0.54 0.19 0.5 0.901 0.3 0.11 0.71 0.27 0.47 0.37 0.54 0.4 0.686 1.05 0.53 1.67 0.4 0.3 0.42 0.56 1.03 0.25 0.4 1.483 0.33 0.476 0.37 0.4 0.377 0.25 0.5 0.25 0.4 0.4 0.46 0.56 0.901 0.1 0.37 0.4 0.33 0.58 0.42 0.58 1.49 0.59 1.345 0.46 0.47 0.45 0.56 0.4 0.43 0.42 0.45 1.345 0.39 0.4 0.53 0.46 0.45 0.39 0.27 0.38 0.5 0.23 0.37 0.54 0.46 0.23 0.09 1.66 0.4 0.7 0.1 0.58 0.637 0.4 0.56 0.47 1.345 0.5 0.58 0.52 0.37 0.65 0.48 0.5 0.4 1.483 0.48 0.43 0.47 0.3 0.6 0.41 0.485 0.7 0.39 0.55 0.56 0.3 0.45 0.485 0.4 0.5 0.4 0.481 0.46 0.56 0.56 0.43 0.33 0.47 0.19 0.56 1.483 0.54 0.5 0.42 0.45 0.27 0.5 0.41 0.37 0.4 0.43 0.47 0.54 1.05 0.17 0.14 0.53 0.23 0.53 0.59 0.36 0.5 0.53 0.36 0.54 0.47 0.42 0.43 0.4 0.47 0.47 0.1 0.42 0.4 0.52 1.345 0.54 0.22 0.43 0.34 0.25 0.55 0.301 0.59 0.56 1.38 0.7 0.17 0.52 0.5 0.45 0.4 0.3 0.14 0.56 0.33 0.4 0.22 0.56 1.35 0.42 1.345 1.67 0.4 0.38 0.36 0.38 0.42 0.56 0.37 0.3 0.46 0.68 0.59 0.635 1.345 1.483 0.46 0.476 0.648 0.4 0.43 0.37 0.54 0.68 0.41 0.5 0.54 0.68 0.635 0.36 0.47 0.4 0.41 0.58 0.11 0.56 0.7 0.51 0.37 0.41 0.43 0.36 0.43 0.42 0.68 0.11 0.46 0.27 0.54 0.54 0.58 0.59 0.1 1.46 0.47 1.42 0.22 0.49 0.59 1.44 0.32 0.58 0.46 0.45 0.54 0.5 0.4 0.39 0.45 0.52 0.4 0.45 0.09 0.485 0.4 1.46 0.4 0.42 0.4 0.4 0.41 0.58 0.58 0.54 0.27 0.53 0.5 0.65 0.58 0.2 0.27 0.481 0.58 0.4 0.45 0.54 0.65 0.4 0.47 0.65 0.53 0.65 0.68 0.46 0.43 0.58 0.22 0.31 0.4 0.47 0.901 0.5 0.43 0.46 0.54 0.36 1.483 0.42 0.52 0.465 0.37 0.65 0.65 1.345 0.2 0.33 0.5 0.4 0.4 0.637 0.25 0.1 0.5 0.377 0.37 0.5 0.53 0.41 0.5 0.37 0.41 0.26 0.59 0.4 0.901 0.3 0.45 0.4 1.43 1.46 0.5 0.56 0.48 1.483 0.4 0.58 0.23 0.5 0.301 0.46 0.45 0.724 0.4 0.58 0.6 0.59 0.4 0.4 0.3 0.53 0.22 0.4 1.4 0.724 0.23 0.762 0.25 0.301 0.47 0.54 0.4 0.4 0.48 0.686 0.59 0.4 0.42 0.465 0.1 0.1 0.56 0.4
Dot Production Prediction of Lab Growth Rates:
0.639721 1.44848 1.33439 0.281586 0.347105 0.321985 0.422619 0.540344 0.385358 0.397242 1.33871 0.548469 0.457101 0.473433 1.36302 0.78652 0.469664 0.393547 0.428873 0.853613 0.545791 0.604059 0.464781 0.355643 0.393963 1.04292 0.547178 0.55676 0.306247 0.296402 0.336806 0.545785 0.407718 0.400607 0.53753 1.31865 1.38211 1.31282 0.404482 0.359924 0.462938 0.638476 0.46796 1.33175 0.555071 0.331514 1.36797 1.15519 0.540945 0.55297 0.551636 0.291683 0.717362 0.317629 1.53424 0.546742 0.707809 0.436536 0.469728 0.35584 0.536336 0.474759 0.460663 0.514512 0.534598 0.56819 0.284329 0.547109 0.444296 0.362327 0.575683 0.370363 0.539496 0.469177 0.375907 0.399944 0.485866 0.365362 0.361635 0.553335 0.697222 0.435557 0.32851 0.350876 0.278079 0.382151 0.387313 0.390059 0.339667 0.40183 0.762209 0.467897 0.390051 0.328471 0.873597 0.714254 0.453391 0.98419 0.448381 0.359078 0.442255 1.37427 0.759156 0.385865 0.346953 0.333543 0.858171 1.22986 1.33019 0.527297 0.461104 0.363669 0.709412 0.325644 1.34917 0.547315 0.399635 0.400355 0.290939 1.06185 0.371994 0.399826 1.31737 0.414868 0.852764 0.983415 0.454328 0.422891 1.29015 0.703387 0.551421 0.350877 0.424788 0.606282 0.473317 0.712516 0.761761 0.371994 0.355953 0.300943 0.378337 0.500095 0.283656 0.344159 0.398103 0.396961 0.397832 1.33213 0.406801 0.703296 0.398224 0.617131 0.297013 0.38643 0.542294 0.592109 1.05 1.34477 0.662795 0.714888 0.329298 0.528127 0.32476 0.388938 0.360099 0.458685 0.320037 0.437434 0.865993 0.321757 0.435542 0.284486 0.389547 0.308022 0.417723 0.368026 0.450432 0.324137 0.285026 0.771872 0.696515 0.548203 0.705712 0.574822 0.356333 0.370031 0.401985 0.403063 0.329354 0.521988 0.45274 0.435454 0.400641 0.555372 0.382559 0.459739 0.701549 0.309876 0.472963 0.29551 0.33694 0.468446 0.479708 0.295144 0.549287 0.416246 0.862302 0.368017 0.855818 0.371556 0.548219 0.584488 1.3224 1.33971 0.387404 0.548611 0.34867 0.542141 0.298405 0.538345 0.979025 0.603183 0.334045 0.705177 0.366092 0.483148 0.428262 0.376056 0.399099 0.715371 1.04992 0.517593 1.35903 0.39336 0.302102 0.317876 0.537969 1.28694 0.350091 0.39922 1.32774 0.551165 0.544679 0.431602 0.398116 0.545694 0.347925 0.482886 0.345354 0.302069 0.400667 0.391565 0.47282 0.977432 1.05461 0.583684 0.401573 0.349029 0.375694 0.360481 0.473814 1.39356 0.311754 1.3406 0.4351 0.396497 0.346525 0.542827 0.39485 0.384792 0.411372 1.29626 1.36646 0.306653 0.400234 0.572045 0.468522 0.424059 0.31157 0.377864 0.309651 0.844417 0.538119 0.434025 0.344109 0.594911 0.436234 0.387906 1.52041 0.39991 0.741746 1.29126 0.470005 0.699307 0.389849 0.532674 0.349548 1.34797 0.322443 0.465717 0.353412 0.426317 0.66254 0.30127 0.467559 0.396777 1.32751 0.330198 0.445464 0.350298 0.453272 0.606438 0.543168 0.532999 0.745466 0.323808 0.453804 0.554714 0.601483 0.328541 0.530988 0.391621 0.325267 0.40007 0.537138 0.563436 0.47376 0.544864 0.423674 0.301792 0.401841 0.280016 0.469685 1.32146 0.537042 0.316312 0.346316 0.379968 0.27 0.86993 0.372849 0.396261 0.389405 0.358294 0.374745 0.418335 1.05851 0.440205 0.140768 0.527918 0.435525 0.344128 0.548608 0.42778 0.319451 0.435006 0.441098 0.359025 0.394024 0.353715 0.404145 0.400302 0.480846 0.320413 0.358466 0.302329 0.384523 0.412777 1.33648 0.544907 0.45861 0.381365 0.313516 0.561696 0.448707 0.555547 0.368519 0.478707 1.27592 0.743228 0.297232 0.391887 0.322656 1.39356 0.400635 0.3788 0.139951 0.561072 0.478325 0.399126 0.346294 0.534087 1.10052 0.291235 1.33522 1.38089 0.400954 0.287315 0.32043 0.376253 0.320889 0.531747 0.420354 0.537471 0.359847 0.335645 0.545872 0.706159 1.36979 1.33459 0.451142 0.548762 0.692622 0.396169 0.420539 0.427011 0.532015 0.333124 0.55046 0.755354 0.380419 0.336731 0.705887 0.354187 0.400086 0.398568 0.363535 0.472166 0.373439 0.538581 0.737377 0.422768 0.432524 0.550365 0.407431 0.366955 0.357626 0.313922 0.337619 0.395695 0.405528 0.599818 0.539512 0.394928 0.37272 0.383273 1.0762 1.46425 0.425293 1.42169 0.409163 0.400105 0.548476 1.40279 0.327039 0.457387 0.329748 0.393996 0.405773 0.862507 0.311897 0.319483 0.3625 0.359017 0.403814 0.362197 0.341196 0.548887 0.392718 1.05113 0.401217 0.639195 0.400924 0.394812 0.315248 0.282681 0.471043 0.385154 0.33767 0.417297 0.472382 0.624396 0.315159 0.355638 0.375404 0.541684 0.401902 0.395192 1.376 0.375844 0.650404 0.38787 0.369225 0.649075 0.525321 0.649999 0.337187 0.436828 0.369451 0.471657 0.464736 0.56309 0.394417 0.399984 1.06827 0.549435 0.368979 0.471459 0.464094 0.348369 1.3424 0.364033 0.390325 0.54768 0.434358 0.633264 0.650411 1.36133 0.401121 0.329507 0.776628 0.393987 0.397957 0.698278 0.529553 1.0789 0.54647 0.5439 0.409526 0.421168 0.266479 0.412815 0.322451 0.391315 0.352732 0.376281 0.323027 0.401282 0.791331 0.545084 0.35036 0.396858 1.1535 1.07267 0.910077 0.560448 0.277561 1.2742 0.404934 0.473201 0.541909 0.373704 0.555557 0.41717 0.327305 0.715496 0.399385 0.470935 0.582859 0.550069 0.393332 0.403479 0.299999 0.540658 0.46934 0.399373 1.4 0.713728 0.545598 0.763981 1.03703 0.554527 0.367947 0.332388 0.398528 0.398769 0.30649 0.718095 0.332375 0.395172 0.289083 0.543627 0.480297 0.468665 0.468376 0.400038
Testing:
Lab Growth Rates:
0.52 0.52 0.52
Dot Production Prediction of Lab Growth Rates:
0.374252 0.357838 0.36347
Best performance so far: 
Obj: 4.67799e-310Rho: 6.5069e-314Diff: 4.67799e-310
Test:
 Lab Growth Rates:
0.52 0.52 0.52Dot Product Prediction of Growth Rate:
0.3742524 0.3578376 0.3634703