seed =  5 traits =  1 
Training: part  212 
Training: part  212 
Round  1 
 Goal of obj  0.99 
Temperature range:  0.0078125 8e-14 
Cycle 1Round 1
Iter 500000 pBad 0.871028 T 0.00220448 Obj 1.08577 Rho 0 GRdif 48.2201 success 146574 failure 8805 obj_new 1.08577 SA_pAcc 1 Delta 0.00471035 SA_r 0.928383 freedomratio 0.371356
Iter 1000000 pBad 0.793408 T 0.000622044 Obj 1.04973 Rho 0 GRdif 28.442 success 289947 failure 25497 obj_new 1.04973 SA_pAcc 1 Delta -0.0568367 SA_r 0.105212 freedomratio 0.379288
Iter 1500000 pBad 0.740836 T 0.000175524 Obj 1.03237 Rho 0 GRdif 18.6697 success 431151 failure 48093 obj_new 1.03237 SA_pAcc 1 Delta -0.0522769 SA_r 0.529067 freedomratio 0.369018
Iter 2000000 pBad 0.627005 T 4.9528e-05 Obj 1.0219 Rho 0 GRdif 12.6947 success 569159 failure 78336 obj_new 1.0219 SA_pAcc 1 Delta 0.0183986 SA_r 0.926294 freedomratio 0.366938
Iter 2500000 pBad 0.495678 T 1.39755e-05 Obj 1.01653 Rho 0 GRdif 9.60776 success 703406 failure 116254 obj_new 1.01653 SA_pAcc 0.853454 Delta 0.0456752 SA_r 0.553717 freedomratio 0.354293
Iter 3000000 pBad 0.36273 T 3.94349e-06 Obj 1.01296 Rho 0 GRdif 7.54551 success 832678 failure 163345 obj_new 1.01296 SA_pAcc 0.671015 Delta -0.020715 SA_r 0.44342 freedomratio 0.355798
Iter 3500000 pBad 0.272123 T 1.11275e-06 Obj 1.00944 Rho 0 GRdif 5.50705 success 937522 failure 258167 obj_new 1.00944 SA_pAcc 1.15689 Delta 0.00635413 SA_r 0.454436 freedomratio 0.34249
Iter 4000000 pBad 0.1314 T 3.13987e-07 Obj 1.00859 Rho 0 GRdif 5.01273 success 1024110 failure 391454 obj_new 1.00859 SA_pAcc 0.635827 Delta -0.0106402 SA_r 0.42948 freedomratio 0.305527
Iter 4500000 pBad 0.0725022 T 8.85984e-08 Obj 1.00828 Rho 0 GRdif 4.82931 success 1080576 failure 593361 obj_new 1.00828 SA_pAcc 1 Delta 0.00301049 SA_r 0.151057 freedomratio 0.273448
Iter 5000000 pBad 0.0335742 T 2.50001e-08 Obj 1.00814 Rho 0 GRdif 4.75182 success 1114984 failure 856706 obj_new 1.00814 SA_pAcc 1 Delta 0.000307258 SA_r 0.0323543 freedomratio 0.23572
Iter 5500000 pBad 0.0183141 T 7.05434e-09 Obj 1.00809 Rho 0 GRdif 4.72132 success 1133606 failure 1171053 obj_new 1.00809 SA_pAcc 1 Delta 0.00120497 SA_r 0.699361 freedomratio 0.215283
Iter 6000000 pBad 0.00735392 T 1.99054e-09 Obj 1.00807 Rho 0 GRdif 4.71076 success 1145591 failure 1514792 obj_new 1.00807 SA_pAcc 2.92519e-48 Delta -0.000641054 SA_r 0.423365 freedomratio 0.201582
Iter 6500000 pBad 0.00376702 T 5.61676e-10 Obj 1.00806 Rho 0 GRdif 4.70578 success 1152444 failure 1879236 obj_new 1.00806 SA_pAcc 2.60501e-301 Delta -0.000220259 SA_r 0.74697 freedomratio 0.195529
Iter 7000000 pBad 0.00274879 T 1.5849e-10 Obj 1.00806 Rho 0 GRdif 4.70485 success 1157374 failure 2253921 obj_new 1.00806 SA_pAcc 0 Delta 5.17482e-06 SA_r 0.0764649 freedomratio 0.189951
Iter 7500000 pBad 0.000590922 T 4.47215e-11 Obj 1.00806 Rho 0 GRdif 4.70159 success 1160130 failure 2638530 obj_new 1.00806 SA_pAcc 1.65003e-20 Delta -3.43488e-05 SA_r 0.112546 freedomratio 0.18891
Iter 8000000 pBad 0.000184886 T 1.26192e-11 Obj 1.00805 Rho 0 GRdif 4.70677 success 1161368 failure 3026795 obj_new 1.00806 SA_pAcc 0 Delta 1.01703e-05 SA_r 0.582147 freedomratio 0.18746
Iter 8500000 pBad 0.000178982 T 3.56079e-12 Obj 1.00805 Rho 0 GRdif 4.70058 success 1163406 failure 3417524 obj_new 1.00805 SA_pAcc 0 Delta -8.03715e-06 SA_r 0.810133 freedomratio 0.185092
Iter 9000000 pBad 4.813e-11 T 1.00476e-12 Obj 1.00805 Rho 0 GRdif 4.70013 success 1166285 failure 3806436 obj_new 1.00805 SA_pAcc 1 Delta -4.16816e-12 SA_r 0.218573 freedomratio 0.174978
Iter 9500000 pBad 3.26823e-25 T 2.83515e-13 Obj 1.00805 Rho 0 GRdif 4.70012 success 1168475 failure 4116404 obj_new 1.00805 SA_pAcc 1 Delta -2.51792e-26 SA_r 0.129603 freedomratio 0.174978
Iter 10000000 pBad 8.21566e-80 T 8.00002e-14 Obj 1.00805 Rho 0 GRdif 4.70039 success 1168475 failure 4426667 obj_new 1.00805 SA_pAcc 0 Delta 2.6085e-81 SA_r 0.538081 freedomratio 0.157994
Cannot move further
iter 9.15069e+06 obj1.00805 rho 0 GRdif 4.70012
Training:
Lab Growth Rates:
0.25 0.485 0.55 0.46 0.53 0.37 0.59 0.476 0.3 0.54 1.05 0.4 0.4 0.47 0.45 0.65 0.54 0.39 0.4 0.6 1.49 0.46 0.4 0.3 0.54 1.67 0.49 0.65 0.5 0.41 0.36 0.47 0.17 0.47 0.46 0.52 0.59 1.483 0.54 0.42 0.31 0.56 0.46 0.43 0.724 0.54 1.483 0.58 0.3 0.59 0.4 0.58 0.09 0.45 0.5 0.39 0.32 0.6 0.4 0.4 0.45 0.4 0.5 0.53 0.48 0.48 0.65 0.33 0.4 1.345 0.59 0.5 0.4 0.53 0.42 0.31 0.4 0.3 0.23 0.26 0.4 0.33 0.42 0.36 0.47 0.52 0.724 0.52 0.47 0.23 0.5 0.22 0.54 0.43 0.45 0.53 0.27 0.42 0.47 1.345 1.345 1.345 0.724 1.483 0.58 0.1 0.23 0.45 1.248 0.22 0.42 0.49 0.59 0.39 0.59 0.45 0.56 0.901 0.42 0.54 0.45 0.6 1.483 0.55 0.4 0.11 0.1 0.37 0.46 0.56 0.4 0.4 0.45 0.39 0.3 0.4 1.05 0.37 0.39 0.47 0.54 1.483 1.35 0.41 0.4 0.42 0.14 0.32 0.58 0.47 0.46 0.636 0.52 0.301 0.58 0.43 0.56 0.4 0.46 0.55 0.53 0.476 0.58 0.43 0.59 0.25 0.47 0.43 1.46 0.37 0.47 0.54 0.53 0.465 0.4 0.36 0.4 0.47 0.58 0.26 0.5 0.4 0.4 0.27 0.51 0.37 0.301 0.19 0.4 1.43 0.42 0.54 0.45 0.53 0.5 0.34 1.483 1.345 0.37 0.481 0.48 1.46 0.901 0.33 0.4 0.55 0.3 1.248 0.58 0.4 0.59 0.59 0.5 0.45 0.33 0.635 0.65 0.68 0.58 0.42 0.4 0.41 0.38 0.55 0.377 0.58 0.42 0.762 0.762 0.5 0.3 0.4 0.465 0.55 0.46 0.42 1.66 0.2 0.4 0.41 0.41 0.42 0.37 0.56 0.7 0.617 0.5 0.58 0.4 0.33 0.47 0.38 0.52 0.637 0.36 1.483 0.37 0.37 1.345 0.2 0.54 0.5 0.22 0.52 0.5 0.46 0.47 0.5 0.4 0.42 0.38 0.37 0.762 0.45 0.54 0.59 0.41 0.27 0.58 0.19 0.25 0.59 0.485 0.53 0.52 0.65 0.4 0.43 0.48 0.47 0.58 0.4 0.38 0.52 0.635 0.53 0.46 0.25 0.4 0.4 0.51 0.59 0.4 0.4 0.4 0.58 0.53 0.54 0.26 0.648 0.46 0.47 0.4 0.34 0.54 0.48 0.5 1.483 0.59 0.54 0.46 1.483 0.49 0.5 0.5 0.4 0.46 0.71 0.5 0.23 0.4 0.56 0.25 1.483 0.23 0.54 0.7 0.45 0.47 0.55 0.32 0.5 0.23 0.648 0.46 0.7 0.47 0.19 0.11 0.17 0.47 0.5 0.762 0.5 0.36 1.43 0.47 0.56 1.483 1.67 0.25 1.05 1.345 0.56 0.56 0.4 0.4 0.48 1.345 0.33 0.47 0.38 0.56 0.27 0.45 0.09 0.5 0.485 0.68 0.4 0.31 0.4 1.42 0.58 0.27 0.37 0.5 0.54 0.37 0.14 1.05 0.36 0.3 0.34 0.71 0.47 0.22 0.42 0.53 0.4 0.3 0.377 1.44 0.4 0.55 0.42 0.47 1.483 0.65 0.5 1.345 0.53 1.38 1.05 1.4 0.465 0.22 0.47 0.41 0.65 0.43 0.42 0.5 1.248 0.45 1.248 0.58 0.27 0.54 0.5 0.46 0.5 0.56 0.43 0.37 0.39 0.1 0.42 0.53 0.42 0.5 0.52 0.71 0.52 0.485 0.43 0.481 0.56 0.37 0.3 0.54 0.56 0.46 0.2 0.46 0.53 0.23 0.6 1.66 0.4 0.7 0.22 0.48 0.5 0.58 0.41 0.54 0.45 0.58 0.54 0.686 0.901 0.3 1.46 0.5 0.4 0.52 0.5 0.55 0.37 0.4 0.52 0.22 0.59 0.54 0.4 0.1 0.901 0.901 0.3 0.4 0.65 0.54 0.54 0.3 0.45 0.56 0.686 0.25 0.59 0.68 0.09 0.377 0.45 0.637 0.5 0.3 0.56 1.345 1.345 1.345 0.4 0.5 0.56 0.48 0.54 0.4 0.46 0.56 0.22 0.1 0.648 0.5 0.25 0.59 0.46 0.46 0.637 1.248 0.54 0.4 0.43 0.43 0.481 0.56 0.4 0.51 1.03 0.65 0.68 0.36 0.55 0.41 0.55 0.33 0.636 0.37 0.53 0.301 0.58 0.68 0.11 0.4 0.23 0.45 0.47 1.46 0.4 0.58 0.36 0.58 0.45 0.476 0.4 0.17 0.636 0.33 0.4 0.33 0.4 0.55 0.5 0.635 0.54 0.686 0.4 0.901 0.48 0.23 0.36 0.4 0.4 0.1 0.54 0.43 0.46
Dot Production Prediction of Lab Growth Rates:
0.359587 0.422677 0.54618 0.447327 0.418903 0.407234 0.551046 0.426673 0.369943 0.455478 1.05 0.405356 0.401932 0.35681 0.326243 0.634905 0.376701 0.304215 0.399747 0.436019 1.56594 0.438654 0.399422 0.302273 0.459999 1.52265 0.361668 0.651738 0.337244 0.336116 0.405031 0.407125 0.319724 0.412481 0.469432 0.359378 0.341787 1.1232 0.469682 0.338512 0.568462 0.535772 0.524568 0.355699 0.723811 0.547951 1.10681 0.465224 0.306279 0.54032 0.400954 0.457175 0.366389 1.48164 0.376063 0.31627 0.31958 0.428666 0.404453 0.405769 1.4953 0.403814 0.405591 0.539375 0.32925 0.349266 0.687619 0.474135 0.408038 1.08461 0.542662 0.481574 0.404596 0.338621 0.343351 0.572962 0.40525 0.439255 0.538386 0.372836 0.408362 0.36088 0.596692 0.354236 0.392847 0.378651 0.723709 0.36632 0.347976 0.42942 0.473503 0.465021 0.355553 0.370284 0.379967 0.492533 0.376932 0.358099 0.495246 1.14311 1.16821 1.1423 0.721675 1.12259 0.36477 0.87737 0.42955 0.344776 0.836605 0.47173 0.306944 0.363644 0.549736 0.34209 0.338374 0.418734 0.539749 0.905399 0.339196 0.538374 0.387651 0.422351 1.0696 0.542107 0.400093 0.324049 0.894788 0.320661 0.454988 0.542973 0.403994 0.406647 0.367758 0.312853 0.299771 0.40259 1.052 0.41963 0.338739 0.344566 0.310635 1.1081 1.20094 0.382183 0.403449 0.340546 0.140049 0.353465 0.378798 0.328857 0.535029 0.72288 0.349221 0.416702 0.360765 0.339343 0.544912 0.401497 0.456702 0.543444 0.534107 0.424082 0.318429 0.436556 0.329348 0.349408 0.397614 0.372284 1.5913 0.415969 0.414998 0.392223 0.544308 0.424664 0.405309 0.356011 0.398897 0.398535 0.470879 0.569274 0.525896 0.404049 0.402785 0.306195 0.391454 0.390242 0.418269 0.313754 0.398339 1.35324 0.345593 0.543073 1.51649 0.554665 0.645944 0.327686 1.08316 1.1289 0.416403 0.419092 0.306059 1.02569 0.901202 0.328033 0.404793 0.44476 0.403571 0.844529 0.472485 0.399777 0.540067 0.34502 0.734156 0.367407 0.328618 0.719251 0.626728 0.508135 0.333073 0.329831 0.406882 0.418769 0.335204 0.459192 0.416416 0.475335 0.332067 0.765794 0.760161 0.539642 0.408598 0.406876 0.422134 0.544901 0.42089 0.389095 1.66 0.374261 0.404064 0.354949 0.37355 0.374682 0.382525 0.547096 0.699717 0.540564 0.321781 0.471648 0.403231 0.350553 0.348782 0.322713 0.385788 0.715392 0.341982 1.13264 0.413525 0.41417 1.10182 0.418198 0.363445 0.64334 0.469864 0.335708 0.542985 0.347953 0.436892 0.326779 0.400054 0.33224 0.36242 0.42642 0.7681 1.48537 0.464049 0.395833 0.417954 0.355464 0.466691 0.320994 0.310025 0.310429 0.41911 0.388318 0.372186 0.65 0.398441 0.379873 0.332476 0.344347 0.29708 0.33687 0.363887 0.339012 0.722033 0.53266 0.29678 1.51858 0.401248 0.400063 0.41402 0.328921 0.403515 0.401159 0.400444 0.483942 0.530202 0.360416 0.464622 0.717757 0.460013 0.379527 0.395925 0.323865 0.403075 0.310775 0.361706 1.09804 0.383645 0.380321 0.361937 1.1376 0.385678 0.712858 0.323688 0.403764 0.329105 0.724019 0.318812 0.538727 0.404595 0.471069 0.822444 1.10037 0.533226 0.460604 0.699985 1.56594 0.363084 0.547303 0.310246 0.35215 0.534099 0.71412 0.307401 0.703624 0.467306 0.312005 0.359886 0.32847 0.496663 0.476877 0.775281 0.644998 0.316106 1.34272 0.353442 0.540946 1.13354 1.43249 0.35997 1.01607 1.13466 0.470911 0.535335 0.405652 0.404736 0.296964 1.15189 0.316371 0.391088 0.3247 0.538132 0.338797 1.48255 0.330785 0.675948 0.42224 0.505063 0.403295 0.564189 0.404003 1.55393 0.377822 0.596428 0.548729 0.32634 0.53995 0.38407 0.13994 1.05 0.412674 0.410392 0.342425 0.722062 0.369929 0.423387 0.615892 0.302931 0.402433 0.409171 0.41469 1.52567 0.402856 0.451595 0.343455 0.330905 1.06228 0.6483 0.705467 1.12869 0.390102 1.34696 1.62522 1.4785 0.421848 0.473095 0.422106 0.37274 0.675351 0.408629 0.302061 0.372439 0.841527 0.34487 0.837014 0.469397 0.380864 0.401813 0.477113 0.390904 0.470115 0.478038 0.414622 0.424599 0.314935 1.05858 0.600162 0.349473 0.347587 0.68537 0.384772 0.718439 0.388835 0.418796 0.400952 0.420589 0.545684 0.425545 0.369608 0.306864 0.540042 0.463433 0.418487 0.458774 0.53612 0.538593 0.421423 1.64052 0.40406 0.7105 0.376385 0.309539 0.538774 0.47513 0.42008 0.541601 1.57044 0.477475 0.463271 0.724185 0.901056 0.341341 1.02006 0.697484 0.329228 0.390725 0.52727 0.544289 0.409122 0.398653 0.362216 0.350099 0.539682 0.547303 0.397611 0.965457 0.90088 0.90475 0.330332 0.401664 0.652637 0.395496 0.37548 0.4413 0.335926 0.472846 0.726558 0.544217 0.543866 0.510572 0.442324 0.416414 0.357656 0.714785 0.710978 0.405285 0.472247 1.13223 1.07854 1.06557 0.39757 0.469712 0.534198 0.33901 0.378465 0.403043 0.550053 0.542734 0.467988 0.819692 0.712793 0.653992 0.521963 0.32352 0.415547 0.341973 0.71936 0.836175 0.3386 0.399995 0.350826 0.449468 0.420613 0.470902 0.39993 0.381265 1.37271 0.638611 0.510438 0.337203 0.454892 0.324697 0.449752 0.428615 0.727847 0.435802 0.327888 0.415455 0.352529 0.503623 0.368228 0.402912 0.534776 0.342363 0.344704 1.02918 0.399496 0.356869 0.329958 0.472052 0.410496 0.425454 0.399255 0.417175 0.722929 0.34795 0.406473 0.515536 0.407582 0.458826 0.315433 0.71962 0.33433 0.725247 0.406474 0.801258 0.335978 0.428167 0.366361 0.397844 0.405143 1.4452 0.536808 0.42148 0.467255
Testing:
Lab Growth Rates:
0.1 0.1 0.1
Dot Production Prediction of Lab Growth Rates:
0.365498 0.449957 0.459167
Best performance so far: 
Obj: 4.64037e-310Rho: 2.26291e-314Diff: 4.64037e-310
Anneal again with the best G and E so far as input
Cycle 2Round 1
Iter 500000 pBad 0.865045 T 0.00220448 Obj 1.07924 Rho 0 GRdif 44.685 success 115921 failure 8312 obj_new 1.07924 SA_pAcc 0.973986 Delta -0.0533452 SA_r 0.223141 freedomratio 0.282138
Iter 1000000 pBad 0.769638 T 0.000622044 Obj 1.04767 Rho 0 GRdif 27.2914 success 229221 failure 22870 obj_new 1.04767 SA_pAcc 1.35175 Delta -0.0701648 SA_r 0.968512 freedomratio 0.280249
Iter 1500000 pBad 0.745899 T 0.000175524 Obj 1.03622 Rho 0 GRdif 20.8501 success 339186 failure 45183 obj_new 1.03622 SA_pAcc 1 Delta 0.018639 SA_r 0.958065 freedomratio 0.275247
Iter 2000000 pBad 0.628356 T 4.9528e-05 Obj 1.02382 Rho 0 GRdif 13.7929 success 447716 failure 72054 obj_new 1.02382 SA_pAcc 1 Delta -0.0371421 SA_r 0.234049 freedomratio 0.271674
Iter 2500000 pBad 0.49569 T 1.39755e-05 Obj 1.01973 Rho 0 GRdif 11.4496 success 553180 failure 106175 obj_new 1.01973 SA_pAcc 0.7611 Delta -0.0429709 SA_r 0.956992 freedomratio 0.274216
Iter 3000000 pBad 0.345674 T 3.94349e-06 Obj 1.01602 Rho 0 GRdif 9.31611 success 652986 failure 152883 obj_new 1.01602 SA_pAcc 1 Delta -0.00271185 SA_r 0.348238 freedomratio 0.272685
Iter 3500000 pBad 0.275823 T 1.11275e-06 Obj 1.01139 Rho 0 GRdif 6.63464 success 739199 failure 228997 obj_new 1.01139 SA_pAcc 1 Delta -0.00362548 SA_r 0.476447 freedomratio 0.253132
Iter 4000000 pBad 0.190935 T 3.13987e-07 Obj 1.00994 Rho 0 GRdif 5.79789 success 813245 failure 333156 obj_new 1.00994 SA_pAcc 1 Delta -0.0113045 SA_r 0.388196 freedomratio 0.244676
Iter 4500000 pBad 0.0914855 T 8.85984e-08 Obj 1.00892 Rho 0 GRdif 5.20281 success 872867 failure 478007 obj_new 1.00892 SA_pAcc 0.231854 Delta 0.00407369 SA_r 0.589359 freedomratio 0.220301
Iter 5000000 pBad 0.042741 T 2.50001e-08 Obj 1.00847 Rho 0 GRdif 4.94151 success 910533 failure 689152 obj_new 1.00847 SA_pAcc 1 Delta 0.00408277 SA_r 0.516896 freedomratio 0.193783
Iter 5500000 pBad 0.0131781 T 7.05434e-09 Obj 1.00821 Rho 0 GRdif 4.79387 success 938395 failure 952055 obj_new 1.00821 SA_pAcc 1.5969e-07 Delta 0.000481935 SA_r 0.477189 freedomratio 0.171546
Iter 6000000 pBad 0.00714182 T 1.99054e-09 Obj 1.00818 Rho 0 GRdif 4.77255 success 949569 failure 1267877 obj_new 1.00818 SA_pAcc 0.00615793 Delta -0.000249526 SA_r 0.282002 freedomratio 0.164284
Iter 6500000 pBad 0.00461986 T 5.61676e-10 Obj 1.00815 Rho 0 GRdif 4.75875 success 957409 failure 1601154 obj_new 1.00815 SA_pAcc 0 Delta 0.000384544 SA_r 0.517545 freedomratio 0.159891
Iter 7000000 pBad 0.003559 T 1.5849e-10 Obj 1.00814 Rho 0 GRdif 4.74847 success 965397 failure 1946952 obj_new 1.00814 SA_pAcc 0 Delta 8.76991e-05 SA_r 0.255387 freedomratio 0.153243
Iter 7500000 pBad 0.00127264 T 4.47215e-11 Obj 1.00813 Rho 0 GRdif 4.7445 success 971338 failure 2313266 obj_new 1.00813 SA_pAcc 4.27397e-22 Delta 3.35815e-06 SA_r 0.83696 freedomratio 0.148656
Iter 8000000 pBad 0.00157554 T 1.26192e-11 Obj 1.00813 Rho 0 GRdif 4.74204 success 975799 failure 2689437 obj_new 1.00813 SA_pAcc 1 Delta 0.000130134 SA_r 0.522427 freedomratio 0.145446
Iter 8500000 pBad 0.000938657 T 3.56079e-12 Obj 1.00812 Rho 0 GRdif 4.74486 success 980630 failure 3073913 obj_new 1.00813 SA_pAcc 0 Delta -6.22242e-05 SA_r 0.0340479 freedomratio 0.142544
Iter 9000000 pBad 4.32941e-13 T 1.00476e-12 Obj 1.00812 Rho 0 GRdif 4.73944 success 984981 failure 3430137 obj_new 1.00812 SA_pAcc 1 Delta 4.85501e-15 SA_r 0.944107 freedomratio 0.13743
Iter 9500000 pBad 4.64924e-39 T 2.83515e-13 Obj 1.00812 Rho 0 GRdif 4.73944 success 985046 failure 3757642 obj_new 1.00812 SA_pAcc 1 Delta -2.05828e-40 SA_r 0.663963 freedomratio 0.137656
Good enough
iter 9.01608e+06 obj1.00812 rho 0 GRdif 4.73944
Training:
Lab Growth Rates:
0.25 0.485 0.55 0.46 0.53 0.37 0.59 0.476 0.3 0.54 1.05 0.4 0.4 0.47 0.45 0.65 0.54 0.39 0.4 0.6 1.49 0.46 0.4 0.3 0.54 1.67 0.49 0.65 0.5 0.41 0.36 0.47 0.17 0.47 0.46 0.52 0.59 1.483 0.54 0.42 0.31 0.56 0.46 0.43 0.724 0.54 1.483 0.58 0.3 0.59 0.4 0.58 0.09 0.45 0.5 0.39 0.32 0.6 0.4 0.4 0.45 0.4 0.5 0.53 0.48 0.48 0.65 0.33 0.4 1.345 0.59 0.5 0.4 0.53 0.42 0.31 0.4 0.3 0.23 0.26 0.4 0.33 0.42 0.36 0.47 0.52 0.724 0.52 0.47 0.23 0.5 0.22 0.54 0.43 0.45 0.53 0.27 0.42 0.47 1.345 1.345 1.345 0.724 1.483 0.58 0.1 0.23 0.45 1.248 0.22 0.42 0.49 0.59 0.39 0.59 0.45 0.56 0.901 0.42 0.54 0.45 0.6 1.483 0.55 0.4 0.11 0.1 0.37 0.46 0.56 0.4 0.4 0.45 0.39 0.3 0.4 1.05 0.37 0.39 0.47 0.54 1.483 1.35 0.41 0.4 0.42 0.14 0.32 0.58 0.47 0.46 0.636 0.52 0.301 0.58 0.43 0.56 0.4 0.46 0.55 0.53 0.476 0.58 0.43 0.59 0.25 0.47 0.43 1.46 0.37 0.47 0.54 0.53 0.465 0.4 0.36 0.4 0.47 0.58 0.26 0.5 0.4 0.4 0.27 0.51 0.37 0.301 0.19 0.4 1.43 0.42 0.54 0.45 0.53 0.5 0.34 1.483 1.345 0.37 0.481 0.48 1.46 0.901 0.33 0.4 0.55 0.3 1.248 0.58 0.4 0.59 0.59 0.5 0.45 0.33 0.635 0.65 0.68 0.58 0.42 0.4 0.41 0.38 0.55 0.377 0.58 0.42 0.762 0.762 0.5 0.3 0.4 0.465 0.55 0.46 0.42 1.66 0.2 0.4 0.41 0.41 0.42 0.37 0.56 0.7 0.617 0.5 0.58 0.4 0.33 0.47 0.38 0.52 0.637 0.36 1.483 0.37 0.37 1.345 0.2 0.54 0.5 0.22 0.52 0.5 0.46 0.47 0.5 0.4 0.42 0.38 0.37 0.762 0.45 0.54 0.59 0.41 0.27 0.58 0.19 0.25 0.59 0.485 0.53 0.52 0.65 0.4 0.43 0.48 0.47 0.58 0.4 0.38 0.52 0.635 0.53 0.46 0.25 0.4 0.4 0.51 0.59 0.4 0.4 0.4 0.58 0.53 0.54 0.26 0.648 0.46 0.47 0.4 0.34 0.54 0.48 0.5 1.483 0.59 0.54 0.46 1.483 0.49 0.5 0.5 0.4 0.46 0.71 0.5 0.23 0.4 0.56 0.25 1.483 0.23 0.54 0.7 0.45 0.47 0.55 0.32 0.5 0.23 0.648 0.46 0.7 0.47 0.19 0.11 0.17 0.47 0.5 0.762 0.5 0.36 1.43 0.47 0.56 1.483 1.67 0.25 1.05 1.345 0.56 0.56 0.4 0.4 0.48 1.345 0.33 0.47 0.38 0.56 0.27 0.45 0.09 0.5 0.485 0.68 0.4 0.31 0.4 1.42 0.58 0.27 0.37 0.5 0.54 0.37 0.14 1.05 0.36 0.3 0.34 0.71 0.47 0.22 0.42 0.53 0.4 0.3 0.377 1.44 0.4 0.55 0.42 0.47 1.483 0.65 0.5 1.345 0.53 1.38 1.05 1.4 0.465 0.22 0.47 0.41 0.65 0.43 0.42 0.5 1.248 0.45 1.248 0.58 0.27 0.54 0.5 0.46 0.5 0.56 0.43 0.37 0.39 0.1 0.42 0.53 0.42 0.5 0.52 0.71 0.52 0.485 0.43 0.481 0.56 0.37 0.3 0.54 0.56 0.46 0.2 0.46 0.53 0.23 0.6 1.66 0.4 0.7 0.22 0.48 0.5 0.58 0.41 0.54 0.45 0.58 0.54 0.686 0.901 0.3 1.46 0.5 0.4 0.52 0.5 0.55 0.37 0.4 0.52 0.22 0.59 0.54 0.4 0.1 0.901 0.901 0.3 0.4 0.65 0.54 0.54 0.3 0.45 0.56 0.686 0.25 0.59 0.68 0.09 0.377 0.45 0.637 0.5 0.3 0.56 1.345 1.345 1.345 0.4 0.5 0.56 0.48 0.54 0.4 0.46 0.56 0.22 0.1 0.648 0.5 0.25 0.59 0.46 0.46 0.637 1.248 0.54 0.4 0.43 0.43 0.481 0.56 0.4 0.51 1.03 0.65 0.68 0.36 0.55 0.41 0.55 0.33 0.636 0.37 0.53 0.301 0.58 0.68 0.11 0.4 0.23 0.45 0.47 1.46 0.4 0.58 0.36 0.58 0.45 0.476 0.4 0.17 0.636 0.33 0.4 0.33 0.4 0.55 0.5 0.635 0.54 0.686 0.4 0.901 0.48 0.23 0.36 0.4 0.4 0.1 0.54 0.43 0.46
Dot Production Prediction of Lab Growth Rates:
0.378249 0.46956 0.562097 0.426955 0.43297 0.430925 0.549086 0.470162 0.376281 0.458468 1.0499 0.403053 0.400319 0.370391 0.317514 0.638677 0.376624 0.308081 0.391489 0.564323 1.5589 0.452452 0.394464 0.269996 0.467743 1.54162 0.38849 0.656227 0.357067 0.340768 0.420241 0.399821 0.319364 0.409009 0.463009 0.368744 0.338046 1.12625 0.471667 0.347867 0.576297 0.53009 0.515937 0.371901 0.721086 0.560157 1.19271 0.476815 0.277853 0.541384 0.401506 0.457356 0.400875 1.46625 0.387469 0.328099 0.317951 0.558376 0.401582 0.404632 1.48953 0.402213 0.421909 0.531971 0.322149 0.36106 0.65392 0.492644 0.408783 1.16391 0.543639 0.493455 0.40338 0.332748 0.319268 0.548772 0.403618 0.567322 0.539337 0.389882 0.406224 0.366085 0.561838 0.347193 0.414453 0.38556 0.720238 0.364176 0.351323 0.432267 0.486463 0.466169 0.377311 0.3603 0.380851 0.473446 0.393772 0.375098 0.450621 1.18584 1.2299 1.20333 0.717789 1.12149 0.368201 1.16669 0.432674 0.338412 0.93416 0.477468 0.31288 0.392797 0.550905 0.350156 0.331778 0.422674 0.538933 0.9014 0.353131 0.533672 0.409799 0.552642 1.14096 0.542769 0.399215 0.340653 1.18085 0.301371 0.447461 0.55646 0.408272 0.405062 0.38111 0.320021 0.270434 0.403297 1.04991 0.423939 0.34183 0.357083 0.29542 1.14962 1.18072 0.405704 0.402779 0.360499 0.177014 0.357676 0.39287 0.318419 0.508329 0.717015 0.346364 0.474949 0.367594 0.352999 0.541848 0.398042 0.427693 0.542239 0.531027 0.466701 0.321789 0.450454 0.337132 0.369471 0.39885 0.372354 1.51676 0.418836 0.434084 0.375156 0.541744 0.471577 0.402996 0.366232 0.393667 0.408357 0.474218 0.55735 0.52923 0.404997 0.399549 0.295604 0.409723 0.409041 0.472937 0.312173 0.388523 1.24578 0.354531 0.531841 1.53202 0.517262 0.600989 0.312293 1.16676 1.23237 0.418295 0.463667 0.319668 1.02616 0.900933 0.318556 0.403728 0.454574 0.5177 0.948023 0.484926 0.399917 0.543822 0.336615 0.718123 0.350702 0.323245 0.708385 0.622259 0.415812 0.354461 0.337243 0.407826 0.465819 0.31359 0.471762 0.464688 0.486391 0.334744 0.915729 0.906341 0.562172 0.51332 0.405389 0.46614 0.549453 0.406798 0.402156 1.63909 0.368616 0.404859 0.367474 0.383767 0.366133 0.411763 0.544034 0.729226 0.592077 0.336455 0.475171 0.404365 0.359618 0.362567 0.322161 0.402326 0.707518 0.358588 1.17523 0.416577 0.416787 1.1988 0.383008 0.37781 0.634454 0.46791 0.361294 0.544989 0.350019 0.442417 0.339542 0.399913 0.304525 0.388109 0.435221 0.922121 1.49414 0.463773 0.384894 0.465355 0.36701 0.478383 0.319592 0.309997 0.314347 0.463823 0.391886 0.400838 0.631369 0.396683 0.36781 0.349978 0.362267 0.297433 0.330659 0.379994 0.355978 0.711981 0.527803 0.305008 1.51871 0.406711 0.399191 0.426148 0.321428 0.403058 0.397453 0.394599 0.491981 0.529944 0.380863 0.470846 0.708584 0.457429 0.387673 0.387373 0.326239 0.389016 0.296679 0.376732 1.19181 0.370841 0.40587 0.364345 1.20759 0.406477 0.682812 0.331518 0.40005 0.349856 0.723681 0.331171 0.541702 0.405396 0.480006 0.86877 1.13136 0.534893 0.461042 0.731623 1.5589 0.396443 0.568034 0.322977 0.360986 0.535381 0.708952 0.312823 0.728288 0.460425 0.31299 0.384058 0.318147 0.464282 0.492677 0.933563 0.633277 0.335333 1.23482 0.353701 0.543013 1.15668 1.42546 0.374484 1.03291 1.17852 0.480963 0.538088 0.405093 0.383486 0.289671 1.1894 0.325936 0.371916 0.314993 0.531162 0.35281 1.47804 0.35202 0.649445 0.46631 0.410242 0.40141 0.55978 0.4023 1.55042 0.398807 0.576404 0.516653 0.334217 0.537612 0.399591 0.177528 1.05272 0.427216 0.522456 0.33989 0.715601 0.371275 0.450252 0.577298 0.284074 0.397843 0.549635 0.467987 1.53491 0.402521 0.464176 0.350285 0.351903 1.14079 0.647838 0.698531 1.1492 0.417668 1.36043 1.46143 1.43572 0.46885 0.477101 0.397057 0.398318 0.6612 0.426514 0.311853 0.376418 0.941376 0.340081 0.935625 0.476784 0.391123 0.390256 0.486084 0.382643 0.47903 0.487678 0.409009 0.435421 0.31759 1.36789 0.558229 0.367217 0.350809 0.682671 0.377437 0.710802 0.392051 0.462676 0.419934 0.465647 0.544899 0.433764 0.488982 0.323718 0.550873 0.472589 0.386181 0.459952 0.534324 0.54039 0.544286 1.63972 0.40412 0.729554 0.396276 0.282882 0.546025 0.484067 0.464897 0.548323 1.54638 0.465409 0.467906 0.716941 0.899226 0.436465 1.03136 0.674284 0.322031 0.397559 0.529041 0.549743 0.414496 0.396528 0.372966 0.362213 0.546588 0.54877 0.387473 1.34114 0.904825 0.910488 0.325156 0.403937 0.658581 0.41979 0.371127 0.576571 0.347934 0.478199 0.722625 0.513693 0.5481 0.415788 0.473467 0.466037 0.37599 0.705162 0.697121 0.403774 0.478975 1.18742 1.16527 1.15588 0.396914 0.475876 0.538179 0.353997 0.384117 0.396127 0.521881 0.554364 0.471385 0.846383 0.701515 0.605141 0.489087 0.329264 0.417299 0.331159 0.707883 0.931503 0.352279 0.39323 0.357552 0.425899 0.464181 0.477008 0.391818 0.396199 1.33438 0.649942 0.416379 0.339043 0.472166 0.328381 0.471355 0.463174 0.723624 0.456248 0.323277 0.472775 0.346139 0.410611 0.398256 0.402085 0.537483 0.345491 0.339739 1.02885 0.398097 0.37361 0.348263 0.472345 0.436132 0.470537 0.392119 0.424398 0.709139 0.331375 0.404392 0.506487 0.405264 0.472066 0.316967 0.710701 0.346011 0.720235 0.404956 0.899162 0.346313 0.432777 0.388893 0.389946 0.405469 1.47075 0.545249 0.411385 0.462035
Testing:
Lab Growth Rates:
0.1 0.1 0.1
Dot Production Prediction of Lab Growth Rates:
0.356831 0.466994 0.473683
Best performance so far: 
Obj: 4.64037e-310Rho: 2.122e-314Diff: 4.64037e-310
Test:
 Lab Growth Rates:
0.1 0.1 0.1Dot Product Prediction of Growth Rate:
0.3568313 0.4669945 0.4736828