seed =  5 traits =  1 
Training: part  108 
Training: part  108 
Round  1 
 Goal of obj  0.99 
Temperature range:  0.0078125 5e-14 
Cycle 1Round 1
Iter 500000 pBad 0.877137 T 0.00215328 Obj 1.11227 Rho 0 GRdif 62.5647 success 147144 failure 7350 obj_new 1.11227 SA_pAcc 1.09274 Delta -0.00925248 SA_r 0.177102 freedomratio 0.377649
Iter 1000000 pBad 0.797105 T 0.000593484 Obj 1.04813 Rho 0 GRdif 27.6424 success 290943 failure 22565 obj_new 1.04813 SA_pAcc 0.985832 Delta 0.00386051 SA_r 0.322006 freedomratio 0.359413
Iter 1500000 pBad 0.763838 T 0.000163575 Obj 1.0292 Rho 0 GRdif 16.9246 success 432145 failure 45259 obj_new 1.0292 SA_pAcc 1 Delta 0.00420283 SA_r 0.338412 freedomratio 0.373808
Iter 2000000 pBad 0.663757 T 4.50845e-05 Obj 1.02316 Rho 0 GRdif 13.4645 success 569303 failure 75273 obj_new 1.02316 SA_pAcc 1 Delta -0.0515572 SA_r 0.175981 freedomratio 0.36773
Iter 2500000 pBad 0.563293 T 1.24261e-05 Obj 1.01731 Rho 0 GRdif 10.0927 success 701093 failure 115667 obj_new 1.01731 SA_pAcc 1 Delta -0.00463427 SA_r 0.397191 freedomratio 0.364991
Iter 3000000 pBad 0.402143 T 3.42488e-06 Obj 1.01309 Rho 0 GRdif 7.64713 success 826703 failure 168788 obj_new 1.01309 SA_pAcc 1 Delta 0.0360742 SA_r 0.728928 freedomratio 0.361179
Iter 3500000 pBad 0.226827 T 9.43961e-07 Obj 1.00992 Rho 0 GRdif 5.80531 success 933270 failure 260253 obj_new 1.00992 SA_pAcc 1 Delta 0.014995 SA_r 0.495993 freedomratio 0.343458
Iter 4000000 pBad 0.119948 T 2.60174e-07 Obj 1.00927 Rho 0 GRdif 5.42598 success 1011005 failure 410920 obj_new 1.00927 SA_pAcc 1 Delta -0.00751003 SA_r 0.800678 freedomratio 0.311111
Iter 4500000 pBad 0.0629568 T 7.17087e-08 Obj 1.00898 Rho 0 GRdif 5.25644 success 1061304 failure 627319 obj_new 1.00898 SA_pAcc 1.35955e-23 Delta 0.00349039 SA_r 0.25689 freedomratio 0.262149
Iter 5000000 pBad 0.0252174 T 1.97643e-08 Obj 1.0089 Rho 0 GRdif 5.20824 success 1087636 failure 913091 obj_new 1.0089 SA_pAcc 9.2166e-05 Delta -0.00193904 SA_r 0.24799 freedomratio 0.227995
Iter 5500000 pBad 0.0101625 T 5.44741e-09 Obj 1.00887 Rho 0 GRdif 5.19481 success 1100855 failure 1240514 obj_new 1.00887 SA_pAcc 0.0562431 Delta 0.000120324 SA_r 0.461575 freedomratio 0.21452
Iter 6000000 pBad 0.00730883 T 1.50141e-09 Obj 1.00886 Rho 0 GRdif 5.18935 success 1108448 failure 1588134 obj_new 1.00886 SA_pAcc 0 Delta 0.000219064 SA_r 0.20317 freedomratio 0.208659
Iter 6500000 pBad 0.0027505 T 4.13817e-10 Obj 1.00886 Rho 0 GRdif 5.18516 success 1112553 failure 1948842 obj_new 1.00886 SA_pAcc 1.3809e-92 Delta 0.000202883 SA_r 0.437041 freedomratio 0.20339
Iter 7000000 pBad 0.00278591 T 1.14056e-10 Obj 1.00886 Rho 0 GRdif 5.18385 success 1114888 failure 2317308 obj_new 1.00886 SA_pAcc 1 Delta 0.000120038 SA_r 0.490022 freedomratio 0.201439
Iter 7500000 pBad 0.00133976 T 3.14359e-11 Obj 1.00885 Rho 0 GRdif 5.18313 success 1116426 failure 2689335 obj_new 1.00885 SA_pAcc 1.59294e-182 Delta -8.58086e-05 SA_r 0.808762 freedomratio 0.200751
Iter 8000000 pBad 0.000564014 T 8.66433e-12 Obj 1.00885 Rho 0 GRdif 5.19727 success 1118193 failure 3064355 obj_new 1.00888 SA_pAcc 0 Delta -5.14801e-05 SA_r 0.350973 freedomratio 0.197714
Iter 8500000 pBad 0.00126167 T 2.38805e-12 Obj 1.00885 Rho 0 GRdif 5.18362 success 1119728 failure 3442972 obj_new 1.00885 SA_pAcc 0 Delta -9.07246e-05 SA_r 0.419972 freedomratio 0.194766
Iter 9000000 pBad 2.4628e-16 T 6.58193e-13 Obj 1.00885 Rho 0 GRdif 5.18362 success 1122542 failure 3819688 obj_new 1.00885 SA_pAcc 0 Delta 3.48008e-18 SA_r 0.276622 freedomratio 0.185022
Iter 9500000 pBad 4.14867e-16 T 1.8141e-13 Obj 1.00885 Rho 0 GRdif 5.18147 success 1125662 failure 4185455 obj_new 1.00885 SA_pAcc 1 Delta 2.60196e-17 SA_r 0.751417 freedomratio 0.187321
Iter 10000000 pBad 4.42984e-59 T 5.00001e-14 Obj 1.00885 Rho 0 GRdif 5.18282 success 1127351 failure 4496380 obj_new 1.00885 SA_pAcc 0 Delta -1.45217e-61 SA_r 0.993994 freedomratio 0.178941
Cannot move further
iter 9.7469e+06 obj1.00885 rho 0 GRdif 5.1814
Training:
Lab Growth Rates:
0.617 0.5 0.4 0.4 0.33 0.55 0.54 0.58 0.1 0.09 0.19 0.636 0.4 0.47 0.45 0.4 0.59 0.43 0.23 0.23 0.5 0.23 0.4 0.42 0.56 0.43 0.58 0.485 0.2 0.4 0.42 0.48 0.3 0.56 0.52 0.648 0.65 0.4 0.1 0.31 0.55 0.56 0.5 0.3 0.37 0.46 0.5 0.47 0.485 0.33 0.4 1.67 0.48 0.1 0.52 0.33 0.41 0.5 0.4 0.58 0.4 0.5 0.59 0.6 0.42 0.23 0.4 0.58 1.05 0.4 0.25 0.55 0.5 0.11 1.483 0.54 0.38 0.4 0.39 0.65 1.03 0.59 0.23 0.4 1.345 0.53 0.4 0.46 0.48 0.59 0.686 0.377 0.59 0.09 0.45 0.25 0.47 0.37 0.4 0.22 0.53 0.4 0.17 0.56 0.54 0.45 0.4 0.37 1.4 0.56 0.22 0.4 0.45 0.1 0.48 0.54 0.58 0.38 0.686 0.53 0.46 0.34 0.56 0.4 0.42 0.56 0.5 0.46 0.68 0.59 0.47 0.4 0.36 0.52 0.54 0.4 0.465 1.483 0.4 0.58 0.38 0.481 0.37 0.5 0.4 0.635 0.51 0.648 1.483 0.55 0.11 0.4 0.901 0.54 0.1 0.47 0.5 1.483 0.65 0.37 0.68 0.25 0.476 0.41 0.59 0.47 0.4 0.635 0.31 0.58 0.4 1.345 0.46 0.47 1.05 0.33 0.54 0.46 0.54 0.43 0.56 1.345 0.43 0.58 0.4 0.37 0.5 0.42 0.47 0.46 0.71 0.47 0.59 0.53 1.42 0.47 0.71 0.37 0.37 0.71 0.46 0.48 0.41 0.3 0.43 0.48 0.36 0.36 0.53 1.46 1.248 0.762 0.3 0.53 0.52 0.39 0.59 0.55 0.4 0.476 0.7 0.19 0.4 0.41 0.5 0.22 0.648 0.46 0.53 0.45 0.47 0.58 0.3 0.637 0.377 0.5 0.45 0.37 0.36 1.46 0.42 0.5 0.36 1.05 0.65 0.465 0.46 0.22 0.42 0.45 0.54 0.54 0.5 1.345 0.4 0.4 0.47 0.45 0.45 0.4 1.35 0.47 0.41 0.42 0.4 0.2 1.345 0.43 0.54 0.52 0.22 0.3 0.56 0.42 0.41 0.46 0.46 0.33 0.22 0.46 0.5 0.39 0.39 1.248 0.4 0.37 0.7 0.49 0.23 0.58 1.483 0.3 0.58 0.4 0.56 0.53 0.58 1.248 0.3 0.65 0.45 1.46 0.635 0.901 0.56 0.4 0.56 0.33 0.25 0.25 0.4 0.43 1.483 0.39 0.43 0.59 0.09 0.54 0.55 0.58 0.4 0.4 0.58 0.901 0.4 0.485 1.483 0.55 0.4 0.5 0.7 0.11 0.53 0.54 0.46 0.52 0.5 0.54 0.6 0.36 0.4 0.36 0.4 0.41 0.41 0.4 0.686 0.4 0.26 0.37 0.26 0.59 0.37 0.54 0.42 0.481 1.66 0.637 0.901 0.4 0.54 0.4 0.54 0.762 0.301 0.42 1.345 0.55 0.19 0.5 0.42 0.53 0.5 1.66 0.56 0.1 0.52 0.58 0.54 0.485 0.45 0.46 0.4 0.34 0.54 0.6 0.37 0.65 0.3 0.4 0.476 0.43 1.345 0.49 0.27 0.47 0.25 0.23 0.45 0.56 0.46 0.301 0.53 0.47 0.17 0.53 0.14 0.26 0.53 0.43 0.31 0.4 1.46 0.48 1.345 0.47 0.54 0.68 0.54 0.54 0.22 0.46 0.4 0.55 0.27 0.25 0.17 0.41 0.59 1.483 0.5 1.05 0.32 1.248 0.65 0.54 0.59 0.37 0.27 0.46 0.45 1.483 1.345 1.67 0.724 0.27 0.47 0.42 0.47 1.49 0.45 0.5 0.55 0.58 0.3 0.56 0.52 0.5 0.636 0.32 0.36 1.483 0.65 0.59 0.51 0.27 1.43 0.47 0.58 0.5 0.42 0.58 1.248 0.4 0.22 0.55 0.58 0.1 0.68 0.65 0.47 1.345 0.42 0.301 0.4 0.27 0.37 0.23 0.53 0.68 0.2 0.46 0.45 0.465 0.4 0.56 0.3 0.5 0.3 0.38 0.5 0.32 0.5 0.3 0.48 1.44 0.724 0.4 0.4 1.38 0.4 0.14 0.45 1.43 0.33 0.51 0.58 0.4 0.47 0.45 1.483 0.56 1.345 0.5 0.54 0.45 0.52 0.52 0.42 0.36 0.5 0.7 0.34 1.345 0.54 0.59 0.637 0.47 0.43 1.05 0.38 0.5 0.4 0.33 0.42 0.636 0.47 0.5 0.1 0.377 0.762 0.42 0.901 0.25 0.52 0.52 0.45 0.901 0.5 0.54 0.33 0.46 0.55 0.6 0.4 0.5 0.49 0.43 0.58 1.483 0.59 0.53 0.46 0.481 0.37 0.23 0.4 0.48 0.54 0.1 0.56 0.4 0.762 0.47 0.724 0.54 0.5 0.39
Dot Production Prediction of Lab Growth Rates:
0.615719 0.362368 0.404225 0.398972 0.488688 0.455162 0.462373 0.362513 0.893862 0.442158 0.354015 0.717621 0.4043 0.378089 0.336685 0.399962 0.357868 0.372885 0.534234 0.436428 0.326449 0.542107 0.401844 0.35626 0.536673 0.390984 0.458987 0.492971 0.383811 0.39998 0.341417 0.326182 0.298347 0.531759 0.380202 0.704959 0.631543 0.403615 0.883664 0.538516 0.463398 0.53365 0.535382 0.338916 0.415617 0.310329 0.624875 0.440319 0.494334 0.50143 0.40127 1.39129 0.324098 0.427454 0.341076 0.320676 0.373815 0.472033 0.399569 0.460815 0.402049 0.459291 0.407179 0.341183 0.338868 0.539197 0.403617 0.367853 1.04858 0.404237 0.524334 0.556698 0.369471 0.373678 0.972918 0.375287 0.322996 0.401117 0.339625 0.649495 1.40556 0.538842 0.540691 0.402693 1.02255 0.53181 0.400657 0.362007 0.340275 0.398154 0.717735 0.495592 0.320402 0.340213 0.374761 1.58156 0.352193 0.433035 0.403214 0.474213 0.359477 0.400464 0.320594 0.459018 0.37722 1.58462 0.403379 0.318779 1.39922 0.533622 0.469687 0.40342 0.352062 1.05023 0.318513 0.465237 0.446281 0.321792 0.71254 0.5399 0.372182 0.321692 0.541851 0.403248 0.390778 0.547343 0.326767 0.309754 0.511986 0.547962 0.371479 0.401319 0.422936 0.377446 0.371553 0.402727 0.489202 0.959078 0.404641 0.465889 0.364865 0.490938 0.40898 0.400075 0.39924 0.714873 0.389976 0.711737 0.985506 0.467668 0.362248 0.399671 1.28881 0.406469 0.434736 0.387703 0.546347 0.964777 0.651609 0.425382 0.520266 0.345443 0.486891 0.336762 0.36192 0.386782 0.400506 0.715374 0.545135 0.471928 0.383196 0.999114 0.520308 0.35556 1.05496 0.367858 0.536143 0.415308 0.365009 0.37949 0.533316 0.997738 0.418106 0.45723 0.404963 0.409125 0.543241 0.345699 0.445516 0.507704 0.712335 0.350186 0.355997 0.530553 1.62296 0.371228 0.710267 0.418519 0.432638 0.718259 0.401358 0.315149 0.386096 0.348733 0.412725 0.359543 0.322782 0.362345 0.406703 0.997149 1.26331 1.45019 0.40597 0.305811 0.383065 0.313298 0.332691 0.549605 0.404292 0.489942 0.643695 0.332083 0.399084 0.393783 0.390232 0.399446 0.7114 0.494278 0.541349 0.402243 0.350393 0.349103 0.333847 0.717952 0.491083 0.327654 0.326556 0.511087 0.330667 1.58383 0.33144 0.598403 0.417252 1.05147 0.652193 0.492804 0.468786 0.439617 0.339578 1.56006 0.541655 0.335674 0.606789 0.971238 0.402055 0.404631 0.369742 0.384291 0.405595 0.399123 1.15983 0.343812 0.34754 0.322222 0.403983 0.35655 0.98862 0.403103 0.539999 0.383371 0.473574 0.375159 0.468872 0.340291 0.501709 0.426818 0.456326 0.36007 0.473797 0.336822 0.535449 0.332535 0.326457 1.24792 0.330639 0.417034 0.646663 0.385251 0.541542 0.456975 0.964084 0.304953 0.370667 0.401683 0.531473 0.367706 0.361789 1.25543 0.315555 0.650246 1.53641 1.0215 0.713734 0.90215 0.470795 0.397889 0.54158 0.445456 0.751557 0.502138 0.402609 0.372004 0.945271 0.334381 0.380924 0.546512 0.359363 0.330683 0.551358 0.461374 0.404455 0.403566 0.32349 0.901001 0.400905 0.492162 0.989244 0.461772 0.402878 0.536735 0.645332 0.328912 0.332965 0.448596 0.460966 0.391516 0.537226 0.316508 0.342944 0.360692 0.399953 0.333865 0.39953 0.509311 0.39345 0.402364 0.716229 0.400662 0.349422 0.38428 0.525778 0.546278 0.409454 0.336383 0.311821 0.487364 1.66 0.71577 0.895614 0.401998 0.392707 0.403459 0.446773 1.47026 0.499011 0.333197 0.986362 0.464918 0.338988 0.319331 0.545286 0.534192 0.466834 1.66 0.459976 0.736285 0.377225 0.470368 0.436126 0.488068 1.53206 0.459638 0.398915 0.331756 0.531165 0.350913 0.390277 0.638078 0.342937 0.401855 0.485916 0.447115 0.964953 0.361893 0.347069 0.348385 0.345586 0.541861 1.52508 0.469835 0.460001 0.507087 0.498005 0.443123 0.324816 0.468953 0.14006 0.431707 0.434066 0.37418 0.554029 0.403066 1.01214 0.345549 0.980579 0.387386 0.36017 0.519583 0.403415 0.367325 0.362323 0.432088 0.40466 0.46265 0.377555 0.318459 0.420049 0.501702 0.547451 0.97212 0.543923 1.0046 0.301931 1.2479 0.65 0.366208 0.327088 0.433537 0.56236 0.46449 1.61376 0.976314 1.01264 1.58875 0.714094 0.365255 0.358037 0.370264 0.349275 1.58462 0.337807 0.565065 0.54357 0.452222 0.345146 0.458745 0.357276 0.472519 0.714118 0.320877 0.322486 0.963751 0.626009 0.340764 0.419928 0.31441 1.25809 0.440616 0.350236 0.473684 0.343908 0.456439 1.24282 0.340245 0.469287 0.543407 0.32214 0.960156 0.521731 0.664081 0.357921 0.955756 0.341059 0.501281 0.400798 0.369441 0.419827 0.437574 0.398721 0.516935 0.386981 0.368681 0.398878 0.487743 0.403157 0.542233 0.296029 0.553109 0.330335 0.325559 0.332496 0.335279 0.340869 0.361274 0.350419 1.55052 0.720488 0.403314 0.403301 1.34831 0.40347 0.138979 0.346786 1.25605 0.323994 0.411379 0.387649 0.402735 0.434448 0.37954 0.994331 0.542447 0.988933 0.645456 0.53928 1.5704 0.362317 0.399382 0.311723 0.360322 0.460147 0.646839 0.326414 0.989904 0.544614 0.540261 0.711742 0.353322 0.362879 1.6251 0.379731 0.333969 0.402625 0.333496 0.533134 0.714802 0.373776 0.360931 0.364447 0.495247 1.49737 0.562224 0.893363 0.339261 0.385915 0.353 0.346096 0.892753 0.665661 0.442701 0.364705 0.410992 0.543766 0.352601 0.402542 0.623994 0.359289 0.417496 0.469802 0.957202 0.541722 0.536196 0.451671 0.48621 0.386628 0.436593 0.40501 0.321633 0.362681 1.46827 0.536527 0.402411 1.45714 0.399471 0.719411 0.536566 0.564722 0.365284
Testing:
Lab Growth Rates:
0.3
Dot Production Prediction of Lab Growth Rates:
0.267547
Best performance so far: 
Obj: 4.64818e-310Rho: 2.26291e-314Diff: 4.64818e-310
Anneal again with the best G and E so far as input
Cycle 2Round 1
Iter 500000 pBad 0.849303 T 0.00215328 Obj 1.08764 Rho 0 GRdif 49.3956 success 114801 failure 7644 obj_new 1.08764 SA_pAcc 0.946751 Delta 0.0357801 SA_r 0.468905 freedomratio 0.279468
Iter 1000000 pBad 0.774069 T 0.000593484 Obj 1.04359 Rho 0 GRdif 25.0903 success 226735 failure 22904 obj_new 1.04359 SA_pAcc 1.27889 Delta -0.0746071 SA_r 0.0455041 freedomratio 0.274895
Iter 1500000 pBad 0.69158 T 0.000163575 Obj 1.03103 Rho 0 GRdif 17.9683 success 334806 failure 47018 obj_new 1.03103 SA_pAcc 1 Delta -0.04111 SA_r 0.807641 freedomratio 0.272475
Iter 2000000 pBad 0.569827 T 4.50845e-05 Obj 1.02446 Rho 0 GRdif 14.211 success 439878 failure 79001 obj_new 1.02446 SA_pAcc 1.79184 Delta -0.00757374 SA_r 0.198545 freedomratio 0.266304
Iter 2500000 pBad 0.47015 T 1.24261e-05 Obj 1.02028 Rho 0 GRdif 11.8362 success 543404 failure 115193 obj_new 1.02033 SA_pAcc 0.0128213 Delta 0.0375286 SA_r 0.334869 freedomratio 0.263677
Iter 3000000 pBad 0.38619 T 3.42488e-06 Obj 1.01585 Rho 0 GRdif 9.24676 success 642753 failure 159234 obj_new 1.01585 SA_pAcc 1.41513 Delta 0.00502791 SA_r 0.509041 freedomratio 0.260062
Iter 3500000 pBad 0.196648 T 9.43961e-07 Obj 1.01111 Rho 0 GRdif 6.4941 success 725603 failure 241345 obj_new 1.01111 SA_pAcc 1 Delta -0.0118788 SA_r 0.36182 freedomratio 0.240786
Iter 4000000 pBad 0.139338 T 2.60174e-07 Obj 1.0093 Rho 0 GRdif 5.4405 success 792026 failure 363558 obj_new 1.0093 SA_pAcc 1 Delta -0.00195819 SA_r 0.148462 freedomratio 0.239024
Iter 4500000 pBad 0.084071 T 7.17087e-08 Obj 1.00872 Rho 0 GRdif 5.10389 success 837840 failure 540112 obj_new 1.00872 SA_pAcc 2.39268e-08 Delta 0.00309972 SA_r 0.621693 freedomratio 0.209327
Iter 5000000 pBad 0.0378153 T 1.97643e-08 Obj 1.00831 Rho 0 GRdif 4.86684 success 874347 failure 763167 obj_new 1.00831 SA_pAcc 1 Delta 0.00217162 SA_r 0.162624 freedomratio 0.182439
Iter 5500000 pBad 0.0306338 T 5.44741e-09 Obj 1.0082 Rho 0 GRdif 4.80416 success 894207 failure 1048060 obj_new 1.0082 SA_pAcc 1 Delta -0.000234782 SA_r 0.191037 freedomratio 0.166951
Iter 6000000 pBad 0.0100403 T 1.50141e-09 Obj 1.00815 Rho 0 GRdif 4.77556 success 907721 failure 1368473 obj_new 1.00815 SA_pAcc 1.29617e-10 Delta -0.00049769 SA_r 0.342303 freedomratio 0.157177
Iter 6500000 pBad 0.00361144 T 4.13817e-10 Obj 1.00813 Rho 0 GRdif 4.76045 success 918724 failure 1711434 obj_new 1.00813 SA_pAcc 0 Delta -0.000136532 SA_r 0.367144 freedomratio 0.151703
Iter 7000000 pBad 0.00258136 T 1.14056e-10 Obj 1.00812 Rho 0 GRdif 4.75412 success 925863 failure 2071857 obj_new 1.00812 SA_pAcc 4.40482e-285 Delta -0.000116597 SA_r 0.0251369 freedomratio 0.14826
Iter 7500000 pBad 0.000896384 T 3.14359e-11 Obj 1.00811 Rho 0 GRdif 4.75073 success 932280 failure 2442715 obj_new 1.00811 SA_pAcc 1.37781e-39 Delta -4.6719e-05 SA_r 0.611928 freedomratio 0.145257
Iter 8000000 pBad 0.000775957 T 8.66433e-12 Obj 1.00811 Rho 0 GRdif 4.74873 success 939075 failure 2823061 obj_new 1.00811 SA_pAcc 0 Delta -7.00753e-06 SA_r 0.227174 freedomratio 0.141041
Iter 8500000 pBad 0.000918212 T 2.38805e-12 Obj 1.00811 Rho 0 GRdif 4.7475 success 945578 failure 3211728 obj_new 1.00811 SA_pAcc 1.68731e-40 Delta -6.37787e-06 SA_r 0.889577 freedomratio 0.13927
Iter 9000000 pBad 4.70707e-05 T 6.58193e-13 Obj 1.00811 Rho 0 GRdif 4.74676 success 953114 failure 3601917 obj_new 1.00811 SA_pAcc 0 Delta -3.54075e-06 SA_r 0.88335 freedomratio 0.137576
Iter 9500000 pBad 1.67157e-26 T 1.8141e-13 Obj 1.0081 Rho 0 GRdif 4.74674 success 959038 failure 3972668 obj_new 1.00811 SA_pAcc 0 Delta 9.64749e-28 SA_r 0.733895 freedomratio 0.133545
Good enough
iter 9.4063e+06 obj1.0081 rho 0 GRdif 4.74642
Training:
Lab Growth Rates:
0.617 0.5 0.4 0.4 0.33 0.55 0.54 0.58 0.1 0.09 0.19 0.636 0.4 0.47 0.45 0.4 0.59 0.43 0.23 0.23 0.5 0.23 0.4 0.42 0.56 0.43 0.58 0.485 0.2 0.4 0.42 0.48 0.3 0.56 0.52 0.648 0.65 0.4 0.1 0.31 0.55 0.56 0.5 0.3 0.37 0.46 0.5 0.47 0.485 0.33 0.4 1.67 0.48 0.1 0.52 0.33 0.41 0.5 0.4 0.58 0.4 0.5 0.59 0.6 0.42 0.23 0.4 0.58 1.05 0.4 0.25 0.55 0.5 0.11 1.483 0.54 0.38 0.4 0.39 0.65 1.03 0.59 0.23 0.4 1.345 0.53 0.4 0.46 0.48 0.59 0.686 0.377 0.59 0.09 0.45 0.25 0.47 0.37 0.4 0.22 0.53 0.4 0.17 0.56 0.54 0.45 0.4 0.37 1.4 0.56 0.22 0.4 0.45 0.1 0.48 0.54 0.58 0.38 0.686 0.53 0.46 0.34 0.56 0.4 0.42 0.56 0.5 0.46 0.68 0.59 0.47 0.4 0.36 0.52 0.54 0.4 0.465 1.483 0.4 0.58 0.38 0.481 0.37 0.5 0.4 0.635 0.51 0.648 1.483 0.55 0.11 0.4 0.901 0.54 0.1 0.47 0.5 1.483 0.65 0.37 0.68 0.25 0.476 0.41 0.59 0.47 0.4 0.635 0.31 0.58 0.4 1.345 0.46 0.47 1.05 0.33 0.54 0.46 0.54 0.43 0.56 1.345 0.43 0.58 0.4 0.37 0.5 0.42 0.47 0.46 0.71 0.47 0.59 0.53 1.42 0.47 0.71 0.37 0.37 0.71 0.46 0.48 0.41 0.3 0.43 0.48 0.36 0.36 0.53 1.46 1.248 0.762 0.3 0.53 0.52 0.39 0.59 0.55 0.4 0.476 0.7 0.19 0.4 0.41 0.5 0.22 0.648 0.46 0.53 0.45 0.47 0.58 0.3 0.637 0.377 0.5 0.45 0.37 0.36 1.46 0.42 0.5 0.36 1.05 0.65 0.465 0.46 0.22 0.42 0.45 0.54 0.54 0.5 1.345 0.4 0.4 0.47 0.45 0.45 0.4 1.35 0.47 0.41 0.42 0.4 0.2 1.345 0.43 0.54 0.52 0.22 0.3 0.56 0.42 0.41 0.46 0.46 0.33 0.22 0.46 0.5 0.39 0.39 1.248 0.4 0.37 0.7 0.49 0.23 0.58 1.483 0.3 0.58 0.4 0.56 0.53 0.58 1.248 0.3 0.65 0.45 1.46 0.635 0.901 0.56 0.4 0.56 0.33 0.25 0.25 0.4 0.43 1.483 0.39 0.43 0.59 0.09 0.54 0.55 0.58 0.4 0.4 0.58 0.901 0.4 0.485 1.483 0.55 0.4 0.5 0.7 0.11 0.53 0.54 0.46 0.52 0.5 0.54 0.6 0.36 0.4 0.36 0.4 0.41 0.41 0.4 0.686 0.4 0.26 0.37 0.26 0.59 0.37 0.54 0.42 0.481 1.66 0.637 0.901 0.4 0.54 0.4 0.54 0.762 0.301 0.42 1.345 0.55 0.19 0.5 0.42 0.53 0.5 1.66 0.56 0.1 0.52 0.58 0.54 0.485 0.45 0.46 0.4 0.34 0.54 0.6 0.37 0.65 0.3 0.4 0.476 0.43 1.345 0.49 0.27 0.47 0.25 0.23 0.45 0.56 0.46 0.301 0.53 0.47 0.17 0.53 0.14 0.26 0.53 0.43 0.31 0.4 1.46 0.48 1.345 0.47 0.54 0.68 0.54 0.54 0.22 0.46 0.4 0.55 0.27 0.25 0.17 0.41 0.59 1.483 0.5 1.05 0.32 1.248 0.65 0.54 0.59 0.37 0.27 0.46 0.45 1.483 1.345 1.67 0.724 0.27 0.47 0.42 0.47 1.49 0.45 0.5 0.55 0.58 0.3 0.56 0.52 0.5 0.636 0.32 0.36 1.483 0.65 0.59 0.51 0.27 1.43 0.47 0.58 0.5 0.42 0.58 1.248 0.4 0.22 0.55 0.58 0.1 0.68 0.65 0.47 1.345 0.42 0.301 0.4 0.27 0.37 0.23 0.53 0.68 0.2 0.46 0.45 0.465 0.4 0.56 0.3 0.5 0.3 0.38 0.5 0.32 0.5 0.3 0.48 1.44 0.724 0.4 0.4 1.38 0.4 0.14 0.45 1.43 0.33 0.51 0.58 0.4 0.47 0.45 1.483 0.56 1.345 0.5 0.54 0.45 0.52 0.52 0.42 0.36 0.5 0.7 0.34 1.345 0.54 0.59 0.637 0.47 0.43 1.05 0.38 0.5 0.4 0.33 0.42 0.636 0.47 0.5 0.1 0.377 0.762 0.42 0.901 0.25 0.52 0.52 0.45 0.901 0.5 0.54 0.33 0.46 0.55 0.6 0.4 0.5 0.49 0.43 0.58 1.483 0.59 0.53 0.46 0.481 0.37 0.23 0.4 0.48 0.54 0.1 0.56 0.4 0.762 0.47 0.724 0.54 0.5 0.39
Dot Production Prediction of Lab Growth Rates:
0.561266 0.375488 0.401178 0.400521 0.509837 0.442601 0.456063 0.370362 1.10183 0.489918 0.319022 0.719193 0.401999 0.395013 0.324962 0.400058 0.327189 0.364856 0.532019 0.431909 0.293928 0.544746 0.400275 0.323229 0.534077 0.408223 0.469685 0.51247 0.395967 0.396575 0.324385 0.309207 0.536241 0.545051 0.381046 0.707513 0.623617 0.400775 1.11533 0.598213 0.456651 0.538304 0.539226 0.573976 0.415024 0.275931 0.82907 0.488066 0.514078 0.550446 0.403177 1.3488 0.278258 0.470496 0.35178 0.300768 0.366884 0.477891 0.385869 0.472076 0.395121 0.470042 0.401262 0.6125 0.334106 0.540895 0.395556 0.357028 1.05613 0.404709 0.588601 0.556593 0.379645 0.400034 1.30194 0.393625 0.291385 0.395006 0.305696 0.65094 1.30706 0.54516 0.53774 0.398854 1.37469 0.53938 0.386341 0.359526 0.329816 0.3824 0.720979 0.50611 0.29653 0.337719 0.36426 1.44733 0.315341 0.424931 0.397087 0.473877 0.33865 0.394983 0.299103 0.465561 0.393122 1.49341 0.400057 0.279693 1.40019 0.542316 0.475025 0.398996 0.324959 1.34414 0.278744 0.461204 0.469562 0.30705 0.718344 0.529505 0.376579 0.289287 0.551381 0.401606 0.403954 0.553073 0.312105 0.265209 0.391151 0.549466 0.397944 0.395798 0.440436 0.3634 0.376806 0.387807 0.510801 1.28659 0.404672 0.474078 0.368895 0.50859 0.407097 0.416109 0.39915 0.712077 0.408163 0.710342 1.34096 0.45394 0.392257 0.399676 0.876042 0.403127 0.479608 0.409013 0.545166 1.26236 0.650024 0.473706 0.393469 0.3549 0.51497 0.295471 0.309771 0.401511 0.401124 0.709358 0.599627 0.475168 0.388136 1.34664 0.573002 0.336793 1.0604 0.379756 0.538226 0.441074 0.383028 0.38086 0.549054 1.34729 0.4544 0.463179 0.402384 0.411496 0.745888 0.310656 0.452212 0.555863 0.716158 0.368795 0.322824 0.527872 1.48416 0.372694 0.71213 0.419127 0.423413 0.7195 0.40761 0.266221 0.373214 0.633087 0.421766 0.355943 0.323682 0.378886 0.414129 1.04287 0.916486 0.869632 0.422718 0.259418 0.380163 0.273831 0.280588 0.548869 0.390432 0.514821 0.786287 0.300649 0.398236 0.39991 0.398571 0.404056 0.708754 0.5448 0.550387 0.417875 0.366451 0.357796 0.576756 0.710726 0.506262 0.315084 0.301748 0.586413 0.32424 1.4161 0.333007 0.814478 0.432315 1.06129 0.650361 0.511601 0.466783 0.453068 0.295978 1.43425 0.540054 0.337713 0.831017 1.28362 0.400182 0.401069 0.383383 0.394549 0.429959 0.393512 1.10853 0.362296 0.331712 0.312193 0.400527 0.358234 1.31602 0.421281 0.541845 0.386191 0.475738 0.382834 0.474809 0.340383 0.513249 0.443505 0.44815 0.371289 0.469653 0.312569 0.532065 0.323911 0.295295 0.913975 0.309152 0.413614 0.787894 0.408179 0.536112 0.464217 1.26972 0.285055 0.372382 0.391831 0.543478 0.362027 0.371797 0.913364 0.291242 0.645266 1.41289 1.03665 0.708068 0.904152 0.479057 0.392206 0.533373 0.462345 0.951952 0.534937 0.392862 0.358955 1.2956 0.311704 0.371921 0.549205 0.37968 0.307509 0.552513 0.471409 0.401617 0.401439 0.282804 0.905138 0.40042 0.512313 1.30766 0.453922 0.400796 0.72464 0.780958 0.331312 0.321054 0.455903 0.46778 0.413259 0.530747 0.279967 0.607165 0.363963 0.391976 0.358623 0.400917 0.509485 0.389248 0.400613 0.722661 0.396838 0.362928 0.390923 0.614364 0.549157 0.413938 0.322231 0.288717 0.513247 1.42923 0.706163 0.901094 0.389275 0.39262 0.395383 0.454639 0.876754 0.515201 0.32802 1.30879 0.456859 0.300577 0.3123 0.616202 0.526326 0.475068 1.43928 0.464145 0.954315 0.380225 0.474193 0.448026 0.50995 1.41511 0.465586 0.394802 0.305635 0.541135 0.643097 0.417157 0.644284 0.32739 0.400516 0.510531 0.462127 1.28928 0.375362 0.32897 0.360591 0.352247 0.542241 1.38974 0.473494 0.45971 0.514881 0.570768 0.481857 0.303003 0.50097 0.140014 0.488159 0.444071 0.377344 0.614597 0.402169 1.03915 0.320415 1.33139 0.416488 0.359449 0.393365 0.430911 0.37656 0.349498 0.454969 0.404179 0.455065 0.381337 0.286921 0.447924 0.512611 0.547975 1.29826 0.544188 1.03074 0.272879 0.908015 0.656079 0.369977 0.298809 0.428219 0.636575 0.459231 1.48959 1.31775 1.34055 1.44259 0.717684 0.371084 0.351194 0.369465 0.366492 1.49341 0.333178 0.764627 0.545254 0.452317 0.60515 0.463333 0.334657 0.481747 0.711641 0.315851 0.323702 1.26371 0.613187 0.32334 0.444008 0.270116 1.16871 0.431554 0.337801 0.477952 0.342238 0.461517 0.907394 0.315432 0.474483 0.547214 0.305192 1.23449 0.392196 0.660171 0.371305 1.26919 0.350674 0.516503 0.40358 0.386308 0.443723 0.433293 0.417342 0.390356 0.38934 0.347605 0.412348 0.50894 0.401798 0.539053 0.284842 0.721151 0.582229 0.292645 0.329612 0.33079 0.333561 0.640387 0.326881 1.48274 0.720532 0.3959 0.399954 1.29556 0.392877 0.141258 0.325761 1.1832 0.311969 0.424834 0.402831 0.402156 0.493695 0.367544 1.31658 0.545734 1.3284 0.856915 0.551572 1.44656 0.378509 0.403667 0.280645 0.361356 0.470042 0.780648 0.290985 1.3296 0.549932 0.546645 0.705016 0.364865 0.354348 1.40193 0.380749 0.327311 0.399994 0.30814 0.63209 0.717494 0.376637 0.36127 0.364922 0.509848 0.885352 0.640943 0.901108 0.348492 0.386956 0.335212 0.35496 0.908172 0.855731 0.446523 0.35019 0.415742 0.547282 0.612335 0.397729 0.827786 0.373167 0.436146 0.480156 1.29274 0.546135 0.53759 0.479854 0.510404 0.396868 0.432412 0.401244 0.283334 0.360872 1.36858 0.532804 0.402588 0.874035 0.410075 0.720943 0.541371 0.73967 0.351757
Testing:
Lab Growth Rates:
0.3
Dot Production Prediction of Lab Growth Rates:
0.481882
Best performance so far: 
Obj: 4.64818e-310Rho: 6.5069e-314Diff: 4.64818e-310
Test:
 Lab Growth Rates:
0.3Dot Product Prediction of Growth Rate:
0.481882