seed =  5 traits =  1 
Training: part  48 
Training: part  48 
Round  1 
 Goal of obj  0.99 
Temperature range:  0.00390625 3.125e-15 
Cycle 1Round 1
Iter 500000 pBad 0.824923 T 0.000970322 Obj 1.06446 Rho 0 GRdif 36.6068 success 146304 failure 10634 obj_new 1.06446 SA_pAcc 1.05262 Delta -0.0205658 SA_r 0.952449 freedomratio 0.373248
Iter 1000000 pBad 0.788613 T 0.00024103 Obj 1.03417 Rho 0 GRdif 19.6863 success 289070 failure 28912 obj_new 1.03417 SA_pAcc 0.886582 Delta 0.0315318 SA_r 0.541129 freedomratio 0.372063
Iter 1500000 pBad 0.652192 T 5.98721e-05 Obj 1.02119 Rho 0 GRdif 12.2878 success 429298 failure 54420 obj_new 1.02119 SA_pAcc 0.80863 Delta -0.00812102 SA_r 0.229701 freedomratio 0.365109
Iter 2000000 pBad 0.504979 T 1.48723e-05 Obj 1.01662 Rho 0 GRdif 9.65804 success 565777 failure 87356 obj_new 1.01662 SA_pAcc 0.990961 Delta -0.0167835 SA_r 0.98443 freedomratio 0.368322
Iter 2500000 pBad 0.392117 T 3.69431e-06 Obj 1.01292 Rho 0 GRdif 7.52299 success 692417 failure 137298 obj_new 1.01292 SA_pAcc 1 Delta 0.00800755 SA_r 0.619007 freedomratio 0.356448
Iter 3000000 pBad 0.249899 T 9.17674e-07 Obj 1.00974 Rho 0 GRdif 5.67797 success 800462 failure 224139 obj_new 1.00974 SA_pAcc 1 Delta -0.0241858 SA_r 0.992983 freedomratio 0.329769
Iter 3500000 pBad 0.107301 T 2.27952e-07 Obj 1.00878 Rho 0 GRdif 5.12035 success 875418 failure 382035 obj_new 1.00878 SA_pAcc 0.0971936 Delta 0.00713926 SA_r 0.301444 freedomratio 0.29596
Iter 4000000 pBad 0.0405391 T 5.66236e-08 Obj 1.00852 Rho 0 GRdif 4.97445 success 920336 failure 611702 obj_new 1.00852 SA_pAcc 7.49239e-35 Delta -0.00119085 SA_r 0.936364 freedomratio 0.25556
Iter 4500000 pBad 0.018035 T 1.40654e-08 Obj 1.00844 Rho 0 GRdif 4.92773 success 943492 failure 904863 obj_new 1.00844 SA_pAcc 6.58383e-84 Delta 0.000711337 SA_r 0.420507 freedomratio 0.228728
Iter 5000000 pBad 0.00821147 T 3.49387e-09 Obj 1.00843 Rho 0 GRdif 4.91805 success 954388 failure 1235610 obj_new 1.00843 SA_pAcc 1 Delta -0.000436962 SA_r 0.681381 freedomratio 0.216316
Iter 5500000 pBad 0.00549543 T 8.67882e-10 Obj 1.00842 Rho 0 GRdif 4.9147 success 960082 failure 1584872 obj_new 1.00842 SA_pAcc 1.09164e-39 Delta 0.000468306 SA_r 0.489299 freedomratio 0.210413
Iter 6000000 pBad 0.00243634 T 2.15583e-10 Obj 1.00842 Rho 0 GRdif 4.91262 success 963003 failure 1943293 obj_new 1.00842 SA_pAcc 1 Delta 9.26157e-05 SA_r 0.594577 freedomratio 0.207949
Iter 6500000 pBad 0.00176056 T 5.35513e-11 Obj 1.00842 Rho 0 GRdif 4.91166 success 965218 failure 2305950 obj_new 1.00842 SA_pAcc 1 Delta 0.000114016 SA_r 0.65056 freedomratio 0.205038
Iter 7000000 pBad 0.000961022 T 1.33022e-11 Obj 1.00842 Rho 0 GRdif 4.97043 success 966534 failure 2673371 obj_new 1.00852 SA_pAcc 0 Delta 1.29324e-05 SA_r 0.534495 freedomratio 0.20468
Iter 7500000 pBad 0.000835779 T 3.30429e-12 Obj 1.00841 Rho 0 GRdif 4.91485 success 967986 failure 3040807 obj_new 1.00842 SA_pAcc 0 Delta 1.34054e-05 SA_r 0.586221 freedomratio 0.200273
Iter 8000000 pBad 0.000175611 T 8.20792e-13 Obj 1.00841 Rho 0 GRdif 4.91029 success 972743 failure 3388083 obj_new 1.00841 SA_pAcc 0 Delta 1.30209e-05 SA_r 0.853321 freedomratio 0.202278
Iter 8500000 pBad 1.79863e-47 T 2.03886e-13 Obj 1.00841 Rho 0 GRdif 4.91022 success 977644 failure 3682706 obj_new 1.00841 SA_pAcc 1 Delta 1.57533e-48 SA_r 0.632204 freedomratio 0.185502
Iter 9000000 pBad 1.7322e-74 T 5.06457e-14 Obj 1.00841 Rho 0 GRdif 4.91022 success 977644 failure 3958481 obj_new 1.00841 SA_pAcc 1 Delta 1.07763e-75 SA_r 0.397875 freedomratio 0.176453
Iter 9500000 pBad 1.58519e-289 T 1.25805e-14 Obj 1.00841 Rho 0 GRdif 4.91035 success 977644 failure 4248808 obj_new 1.00841 SA_pAcc 0 Delta 2.04119e-291 SA_r 0.0596302 freedomratio 0.101525
Iter 10000000 pBad 0 T 3.12501e-15 Obj 1.00841 Rho 0 GRdif 4.91025 success 977644 failure 4567176 obj_new 1.00841 SA_pAcc 0 Delta -0 SA_r 0.192814 freedomratio 0.040239
Cannot move further
iter 8.27435e+06 obj1.00841 rho 0 GRdif 4.91022
Training:
Lab Growth Rates:
0.7 0.37 0.4 0.4 0.33 0.56 0.55 0.58 1.67 0.11 0.19 0.636 0.4 0.38 0.54 0.4 0.54 0.42 0.54 0.7 0.5 0.54 0.4 0.53 0.56 0.43 0.5 0.485 0.2 0.4 0.33 0.42 0.3 0.56 0.46 0.648 0.65 0.4 1.66 0.17 0.55 0.56 0.5 0.3 0.37 0.47 0.5 0.5 0.485 0.46 0.4 0.37 0.48 0.1 0.52 0.5 0.45 0.5 0.4 0.5 0.53 0.22 0.59 0.5 0.54 0.23 0.4 0.58 1.46 0.4 0.25 0.55 0.33 0.36 1.483 0.41 0.47 0.38 0.4 0.53 0.65 0.1 0.5 0.23 0.4 1.345 0.53 0.4 0.46 0.42 0.59 0.686 0.377 0.59 0.09 0.43 0.25 0.47 0.37 0.4 0.65 0.25 0.4 0.17 0.58 0.54 0.45 0.4 0.37 0.37 0.56 0.22 0.4 0.45 0.1 0.48 0.55 0.58 0.59 0.686 0.53 0.26 0.47 0.59 0.4 0.54 0.59 0.33 0.47 0.68 0.59 0.47 0.4 0.36 0.49 0.52 0.4 0.465 1.483 0.4 0.58 0.38 0.481 0.23 0.47 0.4 0.635 0.51 0.648 1.483 0.56 0.11 0.4 0.901 0.54 0.33 0.47 0.5 1.483 1.35 0.37 0.68 0.42 0.476 0.42 0.59 0.5 0.4 0.635 0.31 0.58 0.4 1.345 0.46 0.42 1.46 0.33 0.54 0.48 0.46 0.43 0.56 1.345 0.31 0.46 0.4 0.23 0.5 0.27 0.47 0.46 0.71 0.52 0.59 0.53 1.42 0.5 0.71 0.37 0.37 0.71 0.25 0.48 0.46 0.3 0.43 0.47 0.36 0.43 0.53 0.3 1.248 0.762 0.3 0.54 0.52 0.39 0.59 0.55 0.4 0.476 1.46 0.19 0.4 0.47 0.5 0.22 0.648 0.47 0.53 0.41 0.47 0.58 0.6 0.637 0.377 0.42 0.41 0.37 0.36 1.05 0.42 0.5 0.36 1.46 0.65 0.465 0.46 0.22 0.4 0.45 0.54 0.33 0.5 1.345 0.4 0.4 0.47 0.45 0.58 0.4 0.25 0.43 0.43 0.43 0.4 0.59 1.345 0.43 0.54 0.52 0.22 0.3 0.56 0.42 0.41 0.53 0.58 0.1 0.46 0.45 0.23 0.41 1.248 0.2 0.37 0.3 0.46 0.54 0.46 1.483 0.3 0.42 0.4 0.56 0.53 0.58 1.248 0.3 0.65 0.45 1.03 0.635 0.901 0.56 0.56 0.36 1.05 0.25 0.4 0.47 1.483 0.42 0.27 0.5 0.09 0.39 0.55 0.5 0.42 0.4 0.54 0.901 0.4 0.485 1.483 0.55 0.27 0.4 0.3 0.53 0.47 0.58 0.47 0.54 0.65 0.5 0.23 0.52 0.6 0.36 0.42 0.2 0.4 0.41 0.41 0.4 0.686 0.32 0.34 0.46 0.39 0.59 0.46 0.54 0.39 0.481 1.4 0.637 0.901 0.52 0.46 0.4 0.54 0.762 0.301 0.4 1.345 0.56 0.19 0.5 0.47 0.53 0.22 0.42 0.58 0.3 0.58 0.55 0.485 0.45 0.65 0.42 0.54 0.54 0.52 0.5 0.46 0.3 0.4 0.476 0.46 1.345 0.52 0.27 0.37 0.23 0.45 0.56 0.58 0.301 0.42 0.47 0.17 1.43 0.14 0.4 0.53 0.5 0.26 0.59 0.42 0.4 1.345 0.37 0.45 0.68 0.5 0.4 0.1 0.4 0.4 0.55 0.53 0.47 0.45 0.41 0.59 1.483 0.23 1.05 0.26 1.248 0.45 0.48 0.25 0.43 0.5 0.27 0.45 1.483 1.345 1.67 0.724 0.45 0.46 0.58 0.22 1.49 0.4 0.5 0.55 0.27 0.37 0.5 0.54 0.4 0.636 1.345 0.32 0.3 1.483 0.4 0.36 0.51 0.09 1.43 0.5 0.58 0.7 0.58 0.65 1.248 0.45 0.58 0.48 0.5 0.37 0.68 0.4 0.46 1.345 0.5 0.301 0.45 0.38 0.54 0.3 0.48 0.68 0.59 0.617 0.56 0.465 0.54 0.38 0.6 0.4 1.38 0.47 0.7 0.33 0.46 0.48 0.5 0.724 0.4 0.54 0.14 0.33 0.58 0.54 0.45 0.39 0.51 0.1 0.49 0.46 1.345 0.39 0.4 0.54 0.49 0.45 0.31 0.5 0.47 0.54 0.52 0.5 0.43 0.55 0.45 0.58 0.637 0.4 0.41 1.05 0.4 0.1 0.34 0.52 0.53 0.636 0.4 0.65 0.1 0.377 0.22 0.36 0.901 0.47 0.34 0.54 0.23 0.901 0.58 0.25 0.43 0.4 0.6 1.66 0.1 0.37 0.47 0.32 1.483 0.59 1.44 0.52 0.4 0.481 0.762 1.483 0.56 0.48 0.54 0.11 0.4 1.05 0.762 0.42 0.724 0.5 0.55 0.4
Dot Production Prediction of Lab Growth Rates:
0.707264 0.397963 0.402609 0.399916 0.493644 0.464098 0.434074 0.318266 1.35997 0.376019 0.341824 0.726842 0.402393 0.371603 0.363156 0.402616 0.41127 0.330752 0.430886 0.698243 0.372059 0.428765 0.400018 0.352324 0.539451 0.431359 0.466548 0.556238 0.374274 0.399971 0.456727 0.327745 0.395458 0.543718 0.297974 0.715571 0.649854 0.401855 1.66 0.337553 0.448223 0.539429 0.517873 0.427428 0.400121 0.366879 0.554681 0.36771 0.554233 0.341937 0.395642 0.410909 0.300575 0.443453 0.364188 0.319769 0.381721 0.463883 0.399269 0.465889 0.334495 0.456311 0.388356 0.611568 0.397497 0.525163 0.401905 0.358571 1.03573 0.397494 0.526744 0.552389 0.369382 0.330644 1.012 0.383583 0.376816 0.32428 0.399233 0.482701 0.660635 1.08055 0.528747 0.521251 0.398761 1.04275 0.536202 0.390644 0.443828 0.308072 0.376121 0.727317 0.554754 0.319988 0.369986 0.398848 1.48598 0.339461 0.400039 0.396999 0.629974 0.316817 0.393088 0.422676 0.45598 0.411036 1.50304 0.399259 0.326149 0.410119 0.537369 0.459139 0.401988 0.361489 0.975696 0.326418 0.438177 0.463035 0.330461 0.721506 0.531117 0.539116 0.471079 0.543131 0.401218 0.321332 0.547775 0.323331 0.363438 0.365141 0.534397 0.377389 0.400177 0.364044 0.375651 0.362734 0.399961 0.569431 0.9935 0.402703 0.460788 0.375361 0.564979 0.422863 0.418334 0.400739 0.719981 0.405822 0.717595 1.02624 0.466242 0.383819 0.394944 0.845922 0.383735 0.425148 0.407955 0.539117 0.959665 1.23175 0.425333 0.368636 0.357041 0.570416 0.545614 0.316245 0.323126 0.402275 0.718449 0.550923 0.464101 0.413835 1.03662 0.517134 0.382266 1.01854 0.328724 0.534475 0.339291 0.362947 0.430043 0.547293 1.02136 0.540354 0.455069 0.402065 0.423918 0.549001 0.377319 0.354723 0.511214 0.721098 0.374341 0.344603 0.537526 1.50075 0.325576 0.719737 0.401692 0.394948 0.724573 0.36062 0.322524 0.422214 0.456655 0.365588 0.358862 0.332182 0.454237 0.39541 0.299293 0.894351 0.823158 0.42132 0.389498 0.392409 0.320985 0.313939 0.549289 0.402888 0.570291 1.04615 0.344537 0.399964 0.445366 0.405575 0.432173 0.718639 0.401755 0.543791 0.362863 0.365694 0.369175 0.472194 0.714802 0.561358 0.335576 0.320335 0.523517 0.367131 1.65898 0.346303 0.633164 0.413032 1.64707 0.670976 0.567242 0.459981 0.374758 0.350515 1.4729 0.530633 0.318946 0.670709 0.968306 0.398461 0.397704 0.419318 0.400673 0.378106 0.400598 0.697378 0.342077 0.370374 0.406998 0.400753 0.313826 0.996268 0.40968 0.534634 0.347874 0.461594 0.3921 0.460331 0.346468 0.557665 0.523064 0.459401 0.455619 0.468798 0.346555 0.523175 0.373424 0.892302 0.405011 0.398185 0.304894 0.388626 0.438332 0.467374 0.965332 0.490141 0.357884 0.400414 0.543978 0.398364 0.333864 0.892737 0.460141 0.661111 1.45504 1.28288 0.719097 0.902736 0.461259 0.543991 0.365497 1.05956 0.505802 0.394907 0.36298 0.991485 0.317104 0.386254 0.52052 0.44264 0.329383 0.551559 0.454874 0.343812 0.404446 0.350729 0.905923 0.397015 0.564905 0.992897 0.442924 0.376673 0.396399 0.3002 0.309477 0.404649 0.388275 0.371876 0.421236 0.65357 0.622569 0.533973 0.376586 0.481961 0.411081 0.35196 0.416437 0.40467 0.553237 0.356676 0.39945 0.727314 0.323089 0.314683 0.444679 0.32087 0.535651 0.327384 0.39246 0.328836 0.56363 1.40488 0.714062 0.901062 0.402236 0.438015 0.401156 0.451166 0.836507 0.556973 0.400182 1.00807 0.468967 0.328197 0.338649 0.353497 0.533433 0.455861 0.367693 0.462161 0.464983 0.463757 0.438642 0.563833 1.48223 0.649889 0.551092 0.351725 0.539979 0.354259 0.6129 0.48977 0.355178 0.355354 0.57039 0.41997 0.965553 0.384297 0.355002 0.372647 0.539736 1.4623 0.459088 0.465421 0.555872 0.559402 0.458957 0.332313 1.31396 0.139603 0.399244 0.417651 0.320554 0.454961 0.331988 0.396587 0.396958 1.02408 0.402681 0.337503 0.366421 0.337179 0.396696 1.2379 0.400988 0.40153 0.418416 0.353727 0.447887 0.366094 0.558945 0.537428 0.976357 0.531724 1.01416 0.358132 0.889125 0.331761 0.354824 0.36345 0.401753 0.460649 0.311775 1.52034 1.00946 1.01287 1.46056 0.719128 0.403776 0.462539 0.460102 0.461417 1.50304 0.4031 0.530551 0.543814 0.567506 0.410623 0.581095 0.309567 0.399913 0.710721 1.01893 0.33437 0.50372 0.961776 0.401396 0.352486 0.396049 0.332844 1.33367 0.37129 0.35136 0.711899 0.370471 0.64167 0.889922 0.34733 0.465257 0.335479 0.370685 0.381518 0.369065 0.400807 0.296821 0.949763 0.339882 0.556478 0.401103 0.330042 0.535986 0.451427 0.293042 0.366991 0.541633 0.544452 0.533602 0.566549 0.545099 0.337367 0.488163 0.399643 1.25786 0.393108 0.699666 0.377291 0.465864 0.340862 0.461897 0.723763 0.391489 0.366232 0.14001 0.362449 0.328445 0.440402 0.360947 0.348506 0.425306 1.42115 0.387386 0.378875 1.0179 0.308062 0.403604 0.534845 0.359342 1.49587 0.546821 0.581781 0.351026 0.391152 0.386288 0.636627 0.369969 0.542949 0.380005 0.464885 0.713209 0.401106 0.38677 1.05 0.403254 0.982166 0.31548 0.367778 0.528474 0.722804 0.400318 0.635978 0.376629 0.558467 0.399629 0.340509 0.9009 0.347547 0.314788 0.332857 0.421954 0.900983 0.462801 0.35897 0.354325 0.400727 0.478322 1.66 0.707638 0.428901 0.401159 0.307183 1.0074 0.536609 1.48931 0.398892 0.400027 0.563233 0.828991 0.995311 0.540607 0.339609 0.377499 0.337508 0.398011 1.04991 0.836364 0.358524 0.72328 0.53003 0.544384 0.393078
Testing:
Lab Growth Rates:
0.56 0.56 0.56
Dot Production Prediction of Lab Growth Rates:
0.527793 0.531685 0.523884
Best performance so far: 
Obj: 4.64819e-310Rho: 2.26291e-314Diff: 4.64819e-310
Anneal again with the best G and E so far as input
Cycle 2Round 1
Iter 500000 pBad 0.821951 T 0.000970322 Obj 1.05574 Rho 0 GRdif 31.7865 success 102499 failure 9478 obj_new 1.05574 SA_pAcc 0.948765 Delta -0.00975463 SA_r 0.647816 freedomratio 0.242851
Iter 1000000 pBad 0.702941 T 0.00024103 Obj 1.03686 Rho 0 GRdif 21.2094 success 200868 failure 28218 obj_new 1.03686 SA_pAcc 1 Delta 0.0667874 SA_r 0.954116 freedomratio 0.240262
Iter 1500000 pBad 0.566433 T 5.98721e-05 Obj 1.02577 Rho 0 GRdif 14.9108 success 296577 failure 53537 obj_new 1.02577 SA_pAcc 0.511122 Delta 0.0547678 SA_r 0.153131 freedomratio 0.237055
Iter 2000000 pBad 0.532043 T 1.48723e-05 Obj 1.02098 Rho 0 GRdif 12.1681 success 388622 failure 88757 obj_new 1.02098 SA_pAcc 0.541484 Delta 0.0141158 SA_r 0.0082592 freedomratio 0.236576
Iter 2500000 pBad 0.42256 T 3.69431e-06 Obj 1.01662 Rho 0 GRdif 9.65784 success 478192 failure 129867 obj_new 1.01662 SA_pAcc 0.999557 Delta -0.0266738 SA_r 0.580663 freedomratio 0.234306
Iter 3000000 pBad 0.230555 T 9.17674e-07 Obj 1.01177 Rho 0 GRdif 6.85568 success 560531 failure 191423 obj_new 1.01177 SA_pAcc 1 Delta 0.00604581 SA_r 0.0438158 freedomratio 0.216077
Iter 3500000 pBad 0.175544 T 2.27952e-07 Obj 1.00963 Rho 0 GRdif 5.61515 success 630182 failure 284459 obj_new 1.00963 SA_pAcc 1 Delta -0.0106596 SA_r 0.42526 freedomratio 0.212012
Iter 4000000 pBad 0.0676406 T 5.66236e-08 Obj 1.00879 Rho 0 GRdif 5.13427 success 679011 failure 434813 obj_new 1.0088 SA_pAcc 3.51368e-88 Delta 0.00325978 SA_r 0.193415 freedomratio 0.187161
Iter 4500000 pBad 0.0255436 T 1.40654e-08 Obj 1.00845 Rho 0 GRdif 4.92916 success 707444 failure 655067 obj_new 1.00845 SA_pAcc 0.00062739 Delta -0.00039398 SA_r 0.327846 freedomratio 0.168149
Iter 5000000 pBad 0.0174631 T 3.49387e-09 Obj 1.00833 Rho 0 GRdif 4.85892 success 726739 failure 931970 obj_new 1.00833 SA_pAcc 1 Delta -0.00109073 SA_r 0.274224 freedomratio 0.150604
Iter 5500000 pBad 0.00984665 T 8.67882e-10 Obj 1.00828 Rho 0 GRdif 4.83012 success 741368 failure 1245001 obj_new 1.00828 SA_pAcc 1 Delta -0.000632883 SA_r 0.108035 freedomratio 0.140764
Iter 6000000 pBad 0.0042841 T 2.15583e-10 Obj 1.00824 Rho 0 GRdif 4.81151 success 755133 failure 1597070 obj_new 1.00824 SA_pAcc 0 Delta 7.86881e-05 SA_r 0.263237 freedomratio 0.130367
Iter 6500000 pBad 0.00116429 T 5.35513e-11 Obj 1.00824 Rho 0 GRdif 4.80716 success 762097 failure 1975799 obj_new 1.00824 SA_pAcc 0 Delta 3.00449e-05 SA_r 0.0798267 freedomratio 0.128256
Iter 7000000 pBad 0.00122241 T 1.33022e-11 Obj 1.00823 Rho 0 GRdif 4.80654 success 768528 failure 2363893 obj_new 1.00824 SA_pAcc 0 Delta -2.49003e-05 SA_r 0.548034 freedomratio 0.125832
Iter 7500000 pBad 0.000823733 T 3.30429e-12 Obj 1.00823 Rho 0 GRdif 4.80382 success 773492 failure 2758279 obj_new 1.00823 SA_pAcc 9.96467e-167 Delta -2.66332e-05 SA_r 0.909479 freedomratio 0.125374
Iter 8000000 pBad 0.000684395 T 8.20792e-13 Obj 1.00823 Rho 0 GRdif 4.80338 success 780542 failure 3156364 obj_new 1.00823 SA_pAcc 0 Delta -2.79236e-05 SA_r 0.464028 freedomratio 0.123446
Iter 8500000 pBad 5.1966e-81 T 2.03886e-13 Obj 1.00823 Rho 0 GRdif 4.80304 success 783094 failure 3526410 obj_new 1.00823 SA_pAcc 0 Delta -1.69287e-82 SA_r 0.10837 freedomratio 0.120156
Iter 9000000 pBad 1.20405e-72 T 5.06457e-14 Obj 1.00823 Rho 0 GRdif 4.81616 success 783094 failure 3880279 obj_new 1.00825 SA_pAcc 0 Delta -2.87215e-74 SA_r 0.0603951 freedomratio 0.115286
Iter 9500000 pBad 0 T 1.25805e-14 Obj 1.00823 Rho 0 GRdif 4.80304 success 783094 failure 4247069 obj_new 1.00823 SA_pAcc 1 Delta -0 SA_r 0.489615 freedomratio 0.0663797
Good enough
iter 8.2622e+06 obj1.00823 rho 0 GRdif 4.80304
Training:
Lab Growth Rates:
0.7 0.37 0.4 0.4 0.33 0.56 0.55 0.58 1.67 0.11 0.19 0.636 0.4 0.38 0.54 0.4 0.54 0.42 0.54 0.7 0.5 0.54 0.4 0.53 0.56 0.43 0.5 0.485 0.2 0.4 0.33 0.42 0.3 0.56 0.46 0.648 0.65 0.4 1.66 0.17 0.55 0.56 0.5 0.3 0.37 0.47 0.5 0.5 0.485 0.46 0.4 0.37 0.48 0.1 0.52 0.5 0.45 0.5 0.4 0.5 0.53 0.22 0.59 0.5 0.54 0.23 0.4 0.58 1.46 0.4 0.25 0.55 0.33 0.36 1.483 0.41 0.47 0.38 0.4 0.53 0.65 0.1 0.5 0.23 0.4 1.345 0.53 0.4 0.46 0.42 0.59 0.686 0.377 0.59 0.09 0.43 0.25 0.47 0.37 0.4 0.65 0.25 0.4 0.17 0.58 0.54 0.45 0.4 0.37 0.37 0.56 0.22 0.4 0.45 0.1 0.48 0.55 0.58 0.59 0.686 0.53 0.26 0.47 0.59 0.4 0.54 0.59 0.33 0.47 0.68 0.59 0.47 0.4 0.36 0.49 0.52 0.4 0.465 1.483 0.4 0.58 0.38 0.481 0.23 0.47 0.4 0.635 0.51 0.648 1.483 0.56 0.11 0.4 0.901 0.54 0.33 0.47 0.5 1.483 1.35 0.37 0.68 0.42 0.476 0.42 0.59 0.5 0.4 0.635 0.31 0.58 0.4 1.345 0.46 0.42 1.46 0.33 0.54 0.48 0.46 0.43 0.56 1.345 0.31 0.46 0.4 0.23 0.5 0.27 0.47 0.46 0.71 0.52 0.59 0.53 1.42 0.5 0.71 0.37 0.37 0.71 0.25 0.48 0.46 0.3 0.43 0.47 0.36 0.43 0.53 0.3 1.248 0.762 0.3 0.54 0.52 0.39 0.59 0.55 0.4 0.476 1.46 0.19 0.4 0.47 0.5 0.22 0.648 0.47 0.53 0.41 0.47 0.58 0.6 0.637 0.377 0.42 0.41 0.37 0.36 1.05 0.42 0.5 0.36 1.46 0.65 0.465 0.46 0.22 0.4 0.45 0.54 0.33 0.5 1.345 0.4 0.4 0.47 0.45 0.58 0.4 0.25 0.43 0.43 0.43 0.4 0.59 1.345 0.43 0.54 0.52 0.22 0.3 0.56 0.42 0.41 0.53 0.58 0.1 0.46 0.45 0.23 0.41 1.248 0.2 0.37 0.3 0.46 0.54 0.46 1.483 0.3 0.42 0.4 0.56 0.53 0.58 1.248 0.3 0.65 0.45 1.03 0.635 0.901 0.56 0.56 0.36 1.05 0.25 0.4 0.47 1.483 0.42 0.27 0.5 0.09 0.39 0.55 0.5 0.42 0.4 0.54 0.901 0.4 0.485 1.483 0.55 0.27 0.4 0.3 0.53 0.47 0.58 0.47 0.54 0.65 0.5 0.23 0.52 0.6 0.36 0.42 0.2 0.4 0.41 0.41 0.4 0.686 0.32 0.34 0.46 0.39 0.59 0.46 0.54 0.39 0.481 1.4 0.637 0.901 0.52 0.46 0.4 0.54 0.762 0.301 0.4 1.345 0.56 0.19 0.5 0.47 0.53 0.22 0.42 0.58 0.3 0.58 0.55 0.485 0.45 0.65 0.42 0.54 0.54 0.52 0.5 0.46 0.3 0.4 0.476 0.46 1.345 0.52 0.27 0.37 0.23 0.45 0.56 0.58 0.301 0.42 0.47 0.17 1.43 0.14 0.4 0.53 0.5 0.26 0.59 0.42 0.4 1.345 0.37 0.45 0.68 0.5 0.4 0.1 0.4 0.4 0.55 0.53 0.47 0.45 0.41 0.59 1.483 0.23 1.05 0.26 1.248 0.45 0.48 0.25 0.43 0.5 0.27 0.45 1.483 1.345 1.67 0.724 0.45 0.46 0.58 0.22 1.49 0.4 0.5 0.55 0.27 0.37 0.5 0.54 0.4 0.636 1.345 0.32 0.3 1.483 0.4 0.36 0.51 0.09 1.43 0.5 0.58 0.7 0.58 0.65 1.248 0.45 0.58 0.48 0.5 0.37 0.68 0.4 0.46 1.345 0.5 0.301 0.45 0.38 0.54 0.3 0.48 0.68 0.59 0.617 0.56 0.465 0.54 0.38 0.6 0.4 1.38 0.47 0.7 0.33 0.46 0.48 0.5 0.724 0.4 0.54 0.14 0.33 0.58 0.54 0.45 0.39 0.51 0.1 0.49 0.46 1.345 0.39 0.4 0.54 0.49 0.45 0.31 0.5 0.47 0.54 0.52 0.5 0.43 0.55 0.45 0.58 0.637 0.4 0.41 1.05 0.4 0.1 0.34 0.52 0.53 0.636 0.4 0.65 0.1 0.377 0.22 0.36 0.901 0.47 0.34 0.54 0.23 0.901 0.58 0.25 0.43 0.4 0.6 1.66 0.1 0.37 0.47 0.32 1.483 0.59 1.44 0.52 0.4 0.481 0.762 1.483 0.56 0.48 0.54 0.11 0.4 1.05 0.762 0.42 0.724 0.5 0.55 0.4
Dot Production Prediction of Lab Growth Rates:
0.755031 0.413123 0.40304 0.399092 0.54121 0.474549 0.447536 0.283284 1.36197 0.377442 0.324892 0.721652 0.404183 0.379692 0.377768 0.404421 0.407978 0.327391 0.437102 0.758281 0.387182 0.434139 0.395004 0.349025 0.54934 0.459567 0.488999 0.55167 0.385117 0.403417 0.495951 0.31168 0.448271 0.546971 0.279587 0.705482 0.650745 0.400261 1.49573 0.307952 0.449259 0.540893 0.537502 0.52357 0.422147 0.391423 0.693322 0.367101 0.552911 0.343326 0.392283 0.433336 0.283084 0.466582 0.35409 0.313004 0.385682 0.482175 0.399576 0.486551 0.321774 0.468961 0.371674 0.747449 0.414693 0.542396 0.401674 0.361342 1.04063 0.394262 0.600756 0.557496 0.355412 0.317661 1.26339 0.408112 0.410036 0.313648 0.397534 0.504414 0.658344 1.31812 0.546677 0.537731 0.395527 1.32592 0.540957 0.378811 0.470059 0.29167 0.353133 0.724149 0.572122 0.315246 0.384227 0.420357 1.44984 0.323319 0.42483 0.392045 0.628709 0.305359 0.386134 0.438715 0.461487 0.405597 1.49678 0.399309 0.305341 0.435771 0.541586 0.477705 0.402472 0.354793 1.14466 0.299305 0.45266 0.484037 0.320877 0.72123 0.534168 0.612868 0.491029 0.556674 0.402342 0.323108 0.55668 0.310708 0.368638 0.344684 0.554912 0.414377 0.40065 0.355066 0.386332 0.349166 0.400015 0.569889 1.26072 0.401646 0.475315 0.380466 0.564963 0.435953 0.431243 0.399989 0.712457 0.421883 0.712957 1.30552 0.478036 0.390568 0.392423 0.776106 0.392831 0.451935 0.411374 0.549584 1.22979 1.09804 0.431899 0.347428 0.356453 0.572543 0.595843 0.297412 0.318888 0.403029 0.712961 0.588939 0.484993 0.404403 1.31517 0.572393 0.403386 1.04528 0.319452 0.540546 0.339393 0.358962 0.440617 0.550848 1.3072 0.578764 0.457217 0.399741 0.435904 0.651017 0.395248 0.353639 0.563193 0.715151 0.377616 0.323067 0.535729 1.47651 0.324807 0.714391 0.422038 0.422173 0.719212 0.369592 0.29197 0.434052 0.562667 0.368026 0.358331 0.327516 0.459387 0.410023 0.27857 0.838482 0.759084 0.435316 0.398025 0.396884 0.315596 0.29836 0.555802 0.406195 0.569369 1.04252 0.336681 0.399798 0.462951 0.425206 0.449022 0.709516 0.398733 0.553644 0.368554 0.366847 0.378222 0.582173 0.707576 0.571143 0.314776 0.32 0.586874 0.381353 1.40431 0.350791 0.771995 0.430062 1.43527 0.648132 0.571526 0.461849 0.354733 0.322031 1.4193 0.538905 0.303183 0.78705 1.2521 0.394973 0.395154 0.399009 0.41739 0.381943 0.403348 0.923882 0.347549 0.375451 0.416277 0.404669 0.303964 1.27231 0.426088 0.545875 0.355007 0.472949 0.397547 0.474794 0.343219 0.568684 0.571616 0.477537 0.476981 0.473088 0.321125 0.543039 0.378046 0.836519 0.408269 0.417538 0.284228 0.412991 0.438575 0.465966 1.23152 0.614663 0.366505 0.400437 0.546055 0.426199 0.338263 0.839119 0.553601 0.654969 1.39666 1.28558 0.709594 0.906727 0.477491 0.552816 0.371357 1.06431 0.539262 0.3863 0.358855 1.26688 0.299871 0.387124 0.538807 0.46694 0.320737 0.557536 0.477911 0.336131 0.405229 0.370562 0.905804 0.395155 0.567654 1.27057 0.447827 0.383923 0.388815 0.280187 0.286404 0.385864 0.393107 0.377642 0.430876 0.649999 0.771755 0.542927 0.386443 0.592758 0.435121 0.360914 0.420985 0.404056 0.561758 0.356881 0.397644 0.724473 0.320003 0.294013 0.456192 0.320352 0.556432 0.328581 0.391852 0.321476 0.558406 1.4 0.707106 0.901 0.410681 0.444159 0.399543 0.453157 0.767369 0.574982 0.402171 1.27332 0.478748 0.322934 0.333631 0.354475 0.530719 0.473192 0.342253 0.479583 0.578117 0.475338 0.449935 0.567472 1.42332 0.655182 0.624467 0.335308 0.545011 0.3572 0.761586 0.535512 0.346652 0.327801 0.569452 0.406251 1.24384 0.390437 0.352256 0.396583 0.547968 1.39947 0.470007 0.478652 0.575663 0.618859 0.492505 0.313097 1.19593 0.140696 0.398757 0.446495 0.314012 0.487729 0.332711 0.386483 0.394283 1.30723 0.430087 0.346196 0.345715 0.34557 0.394542 1.44518 0.401824 0.401309 0.427116 0.369103 0.494966 0.388083 0.569106 0.554161 1.25355 0.545787 1.03939 0.375283 0.832443 0.344347 0.355872 0.368737 0.390575 0.477081 0.288319 1.49305 1.29416 1.30489 1.42853 0.71891 0.429758 0.464076 0.478455 0.468901 1.49678 0.403972 0.647683 0.550093 0.65459 0.435463 0.687912 0.288775 0.400867 0.703809 1.29569 0.33604 0.610427 1.2309 0.403257 0.354459 0.410298 0.329563 1.20548 0.390639 0.370376 0.757936 0.375606 0.635559 0.83344 0.367266 0.484087 0.321532 0.378674 0.406684 0.34902 0.401252 0.283316 1.21575 0.334951 0.57675 0.422572 0.313363 0.549898 0.550103 0.288458 0.345902 0.553905 0.558799 0.538355 0.568351 0.554436 0.324426 0.601383 0.399718 1.27361 0.399845 0.758473 0.382863 0.473159 0.338058 0.476516 0.722895 0.382374 0.376705 0.139804 0.371833 0.316887 0.453399 0.337994 0.354373 0.445466 1.37373 0.410938 0.377744 1.29765 0.291421 0.404831 0.551804 0.381077 1.45094 0.592513 0.649118 0.360973 0.382756 0.393762 0.803376 0.375084 0.551404 0.391299 0.476282 0.703686 0.401535 0.403107 1.06503 0.404502 1.15703 0.302383 0.375308 0.54071 0.717963 0.400024 0.632072 0.356002 0.569765 0.405421 0.33371 0.903775 0.375352 0.312928 0.335545 0.436374 0.961981 0.473648 0.375597 0.362018 0.401013 0.576488 1.51107 0.921544 0.453993 0.417122 0.299214 1.27454 0.55315 1.46679 0.400617 0.401624 0.558728 0.762 1.27758 0.547261 0.334784 0.402973 0.330294 0.395064 1.06952 0.76984 0.36085 0.722184 0.544842 0.552605 0.381114
Testing:
Lab Growth Rates:
0.56 0.56 0.56
Dot Production Prediction of Lab Growth Rates:
0.540488 0.546742 0.539946
Best performance so far: 
Obj: 4.64819e-310Rho: 6.5069e-314Diff: 4.64819e-310
Test:
 Lab Growth Rates:
0.56 0.56 0.56Dot Product Prediction of Growth Rate:
0.5404884 0.5467422 0.5399464