seed =  5 traits =  1 
Training: part  5 
Training: part  5 
Round  1 
 Goal of obj  0.99 
Temperature range:  0.00390625 7.8125e-15 
Cycle 1Round 1
Iter 500000 pBad 0.851296 T 0.00101581 Obj 1.0451 Rho 0 GRdif 25.8495 success 147164 failure 8501 obj_new 1.0451 SA_pAcc 1.08673 Delta -0.0492661 SA_r 0.308027 freedomratio 0.363749
Iter 1000000 pBad 0.834123 T 0.000264158 Obj 1.03341 Rho 0 GRdif 19.2565 success 291538 failure 21922 obj_new 1.03341 SA_pAcc 1 Delta 0.00575397 SA_r 0.14534 freedomratio 0.36925
Iter 1500000 pBad 0.711383 T 6.86935e-05 Obj 1.02234 Rho 0 GRdif 12.9465 success 433835 failure 42102 obj_new 1.02234 SA_pAcc 1.13168 Delta -0.0705368 SA_r 0.0630638 freedomratio 0.365109
Iter 2000000 pBad 0.55416 T 1.78635e-05 Obj 1.01863 Rho 0 GRdif 10.8164 success 572920 failure 68921 obj_new 1.01863 SA_pAcc 1.00681 Delta -0.0201767 SA_r 0.794924 freedomratio 0.362176
Iter 2500000 pBad 0.412918 T 4.64535e-06 Obj 1.01446 Rho 0 GRdif 8.41535 success 700127 failure 116966 obj_new 1.01446 SA_pAcc 1 Delta 0.0225197 SA_r 0.0626553 freedomratio 0.351108
Iter 3000000 pBad 0.297263 T 1.20801e-06 Obj 1.00986 Rho 0 GRdif 5.74956 success 812342 failure 197459 obj_new 1.00986 SA_pAcc 0.519677 Delta 0.0117228 SA_r 0.171096 freedomratio 0.343494
Iter 3500000 pBad 0.152046 T 3.14139e-07 Obj 1.00853 Rho 0 GRdif 4.97927 success 902015 failure 323690 obj_new 1.00853 SA_pAcc 0.335874 Delta -0.00771374 SA_r 0.261592 freedomratio 0.305049
Iter 4000000 pBad 0.0477667 T 8.16908e-08 Obj 1.00787 Rho 0 GRdif 7.28273 success 957413 failure 529824 obj_new 1.01251 SA_pAcc 0 Delta -0.000650698 SA_r 0.665425 freedomratio 0.258264
Iter 4500000 pBad 0.0256955 T 2.12434e-08 Obj 1.00773 Rho 0 GRdif 4.51735 success 985955 failure 808675 obj_new 1.00774 SA_pAcc 2.2762e-238 Delta -0.00200526 SA_r 0.601462 freedomratio 0.231346
Iter 5000000 pBad 0.0127389 T 5.52429e-09 Obj 1.00768 Rho 0 GRdif 4.48092 success 1001320 failure 1132557 obj_new 1.00768 SA_pAcc 1.64902e-07 Delta -0.00126638 SA_r 0.200581 freedomratio 0.212704
Iter 5500000 pBad 0.00424509 T 1.43657e-09 Obj 1.00766 Rho 0 GRdif 4.46961 success 1009635 failure 1480490 obj_new 1.00766 SA_pAcc 9.71696e-108 Delta 0.000249829 SA_r 0.517398 freedomratio 0.205398
Iter 6000000 pBad 0.00184966 T 3.73576e-10 Obj 1.00765 Rho 0 GRdif 4.46344 success 1014544 failure 1841510 obj_new 1.00765 SA_pAcc 4.34935e-06 Delta -0.000112934 SA_r 0.929185 freedomratio 0.201167
Iter 6500000 pBad 0.00137068 T 9.71473e-11 Obj 1.00764 Rho 0 GRdif 4.46037 success 1017140 failure 2210417 obj_new 1.00764 SA_pAcc 1 Delta -6.41502e-05 SA_r 0.19539 freedomratio 0.199184
Iter 7000000 pBad 0.00121614 T 2.52628e-11 Obj 1.00764 Rho 0 GRdif 4.45923 success 1018638 failure 2583336 obj_new 1.00764 SA_pAcc 0 Delta 7.89508e-05 SA_r 0.572149 freedomratio 0.198779
Iter 7500000 pBad 0.000332622 T 6.56952e-12 Obj 1.00764 Rho 0 GRdif 4.45774 success 1020619 failure 2957084 obj_new 1.00764 SA_pAcc 3.40042e-96 Delta 1.19772e-05 SA_r 0.290047 freedomratio 0.191253
Iter 8000000 pBad 0.000677683 T 1.70838e-12 Obj 1.00764 Rho 0 GRdif 4.50802 success 1025037 failure 3321395 obj_new 1.00772 SA_pAcc 0 Delta -4.76956e-05 SA_r 0.59137 freedomratio 0.195268
Iter 8500000 pBad 2.027e-10 T 4.44259e-13 Obj 1.00763 Rho 0 GRdif 4.45641 success 1029927 failure 3681181 obj_new 1.00763 SA_pAcc 1 Delta 1.82105e-11 SA_r 0.92347 freedomratio 0.18734
Iter 9000000 pBad 3.29975e-88 T 1.15528e-13 Obj 1.00763 Rho 0 GRdif 4.4619 success 1033793 failure 3967966 obj_new 1.00764 SA_pAcc 0 Delta 1.01536e-231 SA_r 0.0849876 freedomratio 0.181762
Iter 9500000 pBad 7.99116e-132 T 3.00428e-14 Obj 1.00763 Rho 0 GRdif 4.45716 success 1033793 failure 4258196 obj_new 1.00764 SA_pAcc 0 Delta 6.47711e-133 SA_r 0.104049 freedomratio 0.158851
Iter 10000000 pBad 0 T 7.81252e-15 Obj 1.00763 Rho 0 GRdif 4.45632 success 1033793 failure 4565974 obj_new 1.00763 SA_pAcc 1 Delta -0 SA_r 0.951024 freedomratio 0.0746973
Cannot move further
iter 8.6765e+06 obj1.00763 rho 0 GRdif 4.45632
Training:
Lab Growth Rates:
0.48 0.36 0.47 0.46 0.4 0.635 1.483 0.48 1.345 0.58 0.4 0.56 0.55 0.27 0.68 0.43 0.5 0.36 0.46 0.45 0.54 0.43 0.5 0.56 0.23 1.44 0.59 0.53 0.5 0.47 0.3 0.39 0.58 1.66 0.41 0.37 0.45 0.33 0.1 0.45 0.7 0.5 0.762 0.45 0.14 0.59 0.46 0.4 0.4 0.45 0.54 0.46 0.36 0.5 0.42 0.5 0.33 0.43 0.476 0.58 1.345 0.59 0.5 1.345 0.4 1.483 0.5 0.5 1.483 0.59 0.37 0.901 0.54 0.58 0.46 1.46 0.3 0.58 0.31 0.52 0.4 0.54 0.1 0.635 0.7 0.37 0.58 0.52 0.25 0.58 0.54 0.41 0.47 0.476 0.23 0.37 0.4 0.27 0.65 0.71 0.7 1.248 0.4 0.52 0.4 0.377 0.25 0.4 0.4 0.41 0.4 0.41 1.483 0.68 0.68 1.483 0.47 1.345 0.4 0.65 1.483 0.45 0.38 0.19 0.4 0.25 0.59 0.5 0.5 0.3 0.636 0.65 0.51 0.3 0.22 0.23 0.1 0.56 0.58 0.636 0.52 0.5 0.51 1.483 0.901 0.43 0.47 0.4 0.47 0.5 0.52 0.485 0.33 0.53 0.59 0.48 0.5 0.11 0.901 0.4 0.2 0.7 0.45 0.42 1.05 0.56 0.33 0.47 0.5 1.05 0.54 0.52 0.58 0.4 0.41 0.4 0.59 0.4 0.52 1.345 0.36 0.58 1.46 0.5 0.377 0.53 0.6 0.55 0.58 0.46 0.17 0.23 0.4 0.4 0.23 0.39 0.65 0.37 0.25 0.3 0.3 0.476 0.4 0.4 1.483 0.37 0.4 0.55 0.55 0.42 0.49 0.54 0.25 0.65 0.59 0.11 0.4 0.54 0.55 0.53 0.39 0.47 0.54 0.56 0.59 0.58 0.724 0.6 0.54 0.55 1.35 0.65 0.59 0.55 0.56 0.58 0.635 0.4 0.53 0.5 0.465 0.54 0.686 0.46 0.51 0.53 0.4 0.47 0.27 0.3 0.56 0.26 0.54 0.45 0.56 0.4 0.53 0.4 0.4 0.26 0.58 0.4 0.36 0.56 0.65 0.37 0.53 0.4 0.762 0.59 0.58 0.3 0.59 1.43 1.345 0.42 0.58 0.42 0.46 1.66 0.47 0.46 0.52 0.42 0.37 0.71 0.637 0.4 0.22 0.465 0.33 0.26 0.5 0.42 0.4 0.43 0.5 0.47 0.46 0.27 0.4 0.54 0.38 0.27 0.38 1.46 0.47 1.345 0.23 0.47 0.54 0.23 0.45 0.648 0.42 1.483 0.45 0.1 0.58 0.4 0.4 0.1 0.43 1.345 1.43 0.1 1.49 0.2 0.5 0.46 0.36 0.36 0.36 0.36 0.42 0.09 0.54 0.23 0.14 0.45 0.54 0.56 1.483 0.4 0.58 0.4 0.4 0.45 0.23 0.481 0.5 0.59 0.4 0.54 0.3 0.3 0.54 0.42 0.37 1.05 1.483 0.4 0.4 0.52 0.53 0.55 1.03 0.5 0.58 0.32 0.4 0.465 0.38 0.4 0.11 0.37 0.485 0.47 0.37 0.5 0.22 0.31 0.39 0.53 0.47 0.47 0.52 0.71 0.686 0.34 0.22 0.5 0.56 0.42 0.22 0.41 0.43 0.3 0.5 0.54 0.56 0.41 0.46 0.45 0.4 0.5 0.31 0.41 0.1 0.55 0.42 0.54 0.485 0.3 0.56 0.724 0.5 0.481 0.686 0.33 0.4 0.5 1.4 0.54 0.33 0.42 0.65 0.54 0.56 1.248 0.55 0.42 0.25 0.32 0.46 0.39 0.65 0.43 0.22 0.4 0.6 0.4 0.17 0.19 0.636 1.248 0.43 0.48 0.47 0.4 0.45 0.55 0.4 0.48 0.54 0.901 0.22 0.5 0.54 0.4 0.56 0.53 0.46 0.5 0.09 0.42 0.55 1.483 0.46 0.34 0.48 0.48 0.4 0.45 0.46 1.345 0.54 0.5 0.42 0.47 0.22 0.45 0.5 0.45 0.43 0.59 0.68 0.5 0.5 0.4 0.19 0.56 0.45 0.4 0.59 0.52 0.58 0.48 0.49 1.05 0.47 0.377 0.41 0.34 0.617 1.67 0.47 0.37 0.47 0.4 0.3 1.38 1.345 0.762 0.4 0.25 0.53 0.53 0.42 0.53 0.45 0.46 0.648 0.53 1.248 0.637 0.38 0.48 0.1 0.68 0.37 0.54 0.54 0.37 0.33 0.56 0.59 0.43 0.46 0.37 0.47 0.32 0.4 0.637 0.52 0.6 0.481 1.42 0.54 0.09 1.345 0.901 0.49 0.46 0.762 0.56 0.58 0.901 0.27 0.47 0.17 0.485 0.1 0.25 0.4 0.648 1.05 0.46 0.724 0.46 1.67 1.248 0.4 0.42 0.4 0.2 1.345 0.43 0.4 0.39 0.33 0.3 0.37 0.47 1.46 0.4
Dot Production Prediction of Lab Growth Rates:
0.323189 0.401158 0.343386 0.449999 0.400797 0.682092 1.32259 0.328114 1.33496 0.297976 0.402248 0.544582 0.473468 0.296891 0.390479 0.376213 0.555494 0.339167 0.421273 0.32336 0.542828 0.390216 0.814182 0.548073 0.441372 1.58534 0.555319 0.38621 0.347437 0.333006 0.578796 0.334369 0.491015 1.61459 0.350044 0.427369 0.443315 0.512962 1.15027 0.364433 0.771386 0.673137 0.918648 1.54729 0.171004 0.537967 0.315015 0.398396 0.399354 1.51464 0.540184 0.481697 0.405628 0.539608 0.323698 0.49026 0.428922 0.458081 0.478618 0.485186 1.33875 0.537667 0.361614 1.29272 0.402712 1.27057 0.501631 0.482393 1.30511 0.384702 0.420302 0.901568 0.461039 0.326401 0.391201 1.59923 0.319512 0.493291 0.609574 0.374852 0.398486 0.359719 0.447982 0.684084 0.764938 0.365076 0.496502 0.340673 0.514471 0.493062 0.472252 0.376395 0.391037 0.480901 0.551452 0.422107 0.405847 0.322748 0.647653 0.687756 0.765003 0.919746 0.399729 0.340086 0.396196 0.471885 0.341815 0.396674 0.403954 0.37736 0.389602 0.468953 1.33429 0.389214 0.389033 1.29087 0.363787 1.3389 0.404013 0.666823 1.32922 0.372852 0.332394 0.31462 0.402976 1.56719 0.539669 0.486486 0.764248 0.527983 0.698027 0.626225 0.40025 0.53311 0.414196 0.551596 0.915073 0.494717 0.34119 0.704778 0.377096 0.523717 0.389282 1.31783 0.904324 0.330954 0.337196 0.398153 0.354239 0.523079 0.334823 0.478231 0.318074 0.376514 0.29488 0.350077 0.74436 0.324803 0.900446 0.399849 0.383363 0.766228 0.339551 0.387445 1.57256 0.491446 0.330927 0.349546 0.3379 1.05 0.364843 0.406333 0.33515 0.406596 0.337417 0.404903 0.557692 0.400881 0.373345 1.2625 0.341352 0.351761 1.03803 0.319926 0.471642 0.537186 0.560139 0.465569 0.489397 0.345835 0.343715 0.543432 0.390374 0.396456 0.440042 0.317361 0.650019 0.416888 0.318859 0.468438 0.295664 0.48052 0.403517 0.401586 1.30654 0.405719 0.40102 0.46916 0.545764 0.335409 0.358643 0.461173 0.549015 0.656169 0.324083 0.353886 0.399681 0.536479 0.474042 0.530966 0.308628 0.330537 0.404273 0.541806 0.367565 0.362558 0.694842 0.55375 0.461621 0.54478 1.30171 0.623088 0.533765 0.549387 0.493666 0.494072 0.684621 0.401059 0.407739 0.49848 0.477837 0.314961 0.689454 0.499107 0.368777 0.307394 0.404263 0.382786 0.582145 0.542484 0.530085 0.473697 0.479924 0.344945 0.549319 0.399 0.536261 0.396998 0.402999 0.567492 0.492391 0.321278 0.324669 0.542984 0.665938 0.324162 0.53278 0.404217 0.917742 0.365581 0.474912 0.301223 0.341663 1.42299 1.36897 0.361929 0.494281 0.345964 0.420856 1.66 0.409839 0.365131 0.397818 0.62584 0.43265 0.692862 0.675544 0.402738 0.371936 0.478683 0.31883 0.399354 0.334615 0.322943 0.403258 0.413013 0.349928 0.477398 0.536206 0.363749 0.400026 0.38238 0.378151 0.406292 0.316761 1.04024 0.45333 1.34003 0.554363 0.392716 0.455277 0.545451 0.324185 0.678927 0.34895 1.28959 0.387406 0.458598 0.368562 0.40351 0.402295 1.24634 0.456228 1.36418 1.39851 1.14969 1.59832 0.375436 0.709944 0.490774 0.374817 0.345162 0.332096 0.357929 0.338714 0.384508 0.550135 0.442574 0.168641 1.59005 0.538792 0.544766 1.31619 0.402317 0.490976 0.404573 0.404421 1.4786 0.546677 0.476882 0.648517 0.332853 0.391601 0.303072 0.382379 0.305322 0.352867 0.334973 0.431719 1.05006 1.28412 0.39764 0.394207 0.341258 0.315053 0.541654 1.36807 0.712488 0.319093 0.320032 0.397602 0.478298 0.318653 0.398871 0.340167 0.431468 0.477068 0.316116 0.430497 0.703275 0.503845 0.597261 0.314601 0.347603 0.467758 0.409784 0.35208 0.692881 0.695393 0.340265 0.357139 0.558847 0.552882 0.321288 0.509674 0.468685 0.350471 0.58201 0.437691 0.547017 0.497466 0.370966 0.321113 0.341216 0.402307 0.363479 0.599098 0.466706 1.49263 0.449007 0.346184 0.388654 0.479767 0.516412 0.549245 0.695104 0.734438 0.475639 0.697117 0.33026 0.399249 0.801182 1.39786 0.340618 0.46503 0.35873 0.647331 0.537093 0.490149 0.922408 0.551032 0.296048 0.905034 0.361667 0.317981 0.352701 0.65009 0.345787 0.497287 0.400394 0.576879 0.400441 0.38387 0.308804 0.688616 0.916004 0.410186 0.343203 0.374241 0.400391 0.33397 0.472193 0.400023 0.367212 0.347576 0.901 0.492395 0.396029 0.402659 0.394686 0.485343 0.52611 0.493929 0.354798 0.436451 0.335865 0.545933 1.32101 0.522535 0.340723 0.27409 0.301975 0.403057 0.340747 0.302646 1.29244 0.322609 0.697418 0.603357 0.339165 0.484219 0.407438 0.483221 1.5264 0.438255 0.347591 0.38345 0.338411 0.351193 0.400313 0.319767 0.548151 1.48423 0.402358 0.551247 0.339912 0.388226 0.320375 0.360864 1.04098 0.395867 0.470019 0.353108 0.333253 0.576654 1.54882 0.346551 0.548978 0.335201 0.39407 0.353657 1.37072 1.31516 0.903348 0.40383 0.357351 0.541167 0.463018 0.589718 0.306484 1.59832 0.51824 0.676016 0.545094 0.916778 0.678384 0.378237 0.334376 1.41773 0.386545 0.386795 0.405788 0.363451 0.420796 0.339272 0.557056 0.339039 0.330623 0.354957 0.43253 0.385442 0.327447 0.402722 0.681027 0.356699 0.572806 0.474947 1.58103 0.354056 0.33634 1.37394 0.904993 0.352849 0.491372 0.903658 0.532509 0.495663 0.898445 0.342637 0.346159 0.33078 0.479743 0.326774 0.350151 0.392811 0.682545 1.05 0.489082 0.690695 0.455769 1.3456 0.927171 0.397456 0.361136 0.404434 0.410703 1.35891 0.33786 0.323317 0.296741 0.314583 0.446758 0.398864 0.394728 1.04295 0.395996
Testing:
Lab Growth Rates:
0.301 0.301 0.301
Dot Production Prediction of Lab Growth Rates:
0.46578 0.460279 0.46397
Best performance so far: 
Obj: 4.67679e-310Rho: 2.26291e-314Diff: 4.67679e-310
Anneal again with the best G and E so far as input
Cycle 2Round 1
Iter 500000 pBad 0.831315 T 0.00101581 Obj 1.04184 Rho 0 GRdif 24.0206 success 105605 failure 8931 obj_new 1.04184 SA_pAcc 1 Delta -0.0238735 SA_r 0.901322 freedomratio 0.250642
Iter 1000000 pBad 0.758406 T 0.000264158 Obj 1.02845 Rho 0 GRdif 16.4417 success 207770 failure 23726 obj_new 1.02845 SA_pAcc 1 Delta 0.0189034 SA_r 0.164306 freedomratio 0.245909
Iter 1500000 pBad 0.613415 T 6.86935e-05 Obj 1.02314 Rho 0 GRdif 13.4054 success 306989 failure 46934 obj_new 1.02314 SA_pAcc 1 Delta -0.000980913 SA_r 0.365235 freedomratio 0.245702
Iter 2000000 pBad 0.494516 T 1.78635e-05 Obj 1.02042 Rho 0 GRdif 11.8446 success 403155 failure 78141 obj_new 1.02042 SA_pAcc 0.77709 Delta 0.0372818 SA_r 0.447962 freedomratio 0.245599
Iter 2500000 pBad 0.37594 T 4.64535e-06 Obj 1.01757 Rho 0 GRdif 10.2102 success 494625 failure 118652 obj_new 1.01758 SA_pAcc 0.625934 Delta -0.0271434 SA_r 0.687823 freedomratio 0.241749
Iter 3000000 pBad 0.185667 T 1.20801e-06 Obj 1.01242 Rho 0 GRdif 7.23203 success 572303 failure 193324 obj_new 1.01242 SA_pAcc 1 Delta 0.00865896 SA_r 0.75974 freedomratio 0.216156
Iter 3500000 pBad 0.130335 T 3.14139e-07 Obj 1.01027 Rho 0 GRdif 5.98809 success 636350 failure 304175 obj_new 1.01027 SA_pAcc 1 Delta -0.00927156 SA_r 0.883083 freedomratio 0.214809
Iter 4000000 pBad 0.0593446 T 8.16908e-08 Obj 1.00966 Rho 0 GRdif 5.63145 success 679797 failure 468372 obj_new 1.00966 SA_pAcc 0.0491612 Delta 0.00476497 SA_r 0.906424 freedomratio 0.194879
Iter 4500000 pBad 0.0425618 T 2.12434e-08 Obj 1.00933 Rho 0 GRdif 5.44419 success 706858 failure 693064 obj_new 1.00933 SA_pAcc 0.000439757 Delta -0.00253357 SA_r 0.593589 freedomratio 0.173322
Iter 5000000 pBad 0.00978562 T 5.52429e-09 Obj 1.00923 Rho 0 GRdif 5.38632 success 721309 failure 974755 obj_new 1.00923 SA_pAcc 1 Delta -0.000245662 SA_r 0.283033 freedomratio 0.157696
Iter 5500000 pBad 0.0113584 T 1.43657e-09 Obj 1.00921 Rho 0 GRdif 5.37199 success 729561 failure 1284859 obj_new 1.00921 SA_pAcc 1 Delta -0.000778982 SA_r 0.973211 freedomratio 0.152644
Iter 6000000 pBad 0.00379738 T 3.73576e-10 Obj 1.00919 Rho 0 GRdif 5.41378 success 736281 failure 1611733 obj_new 1.00928 SA_pAcc 0 Delta 6.06158e-05 SA_r 0.527619 freedomratio 0.146537
Iter 6500000 pBad 0.00280364 T 9.71473e-11 Obj 1.00918 Rho 0 GRdif 5.35507 success 741107 failure 1952674 obj_new 1.00918 SA_pAcc 0 Delta 0.00019622 SA_r 0.514613 freedomratio 0.143663
Iter 7000000 pBad 0.00101678 T 2.52628e-11 Obj 1.00918 Rho 0 GRdif 5.35265 success 744936 failure 2301651 obj_new 1.00918 SA_pAcc 3.09196e-115 Delta 7.10152e-05 SA_r 0.746465 freedomratio 0.141854
Iter 7500000 pBad 0.00117937 T 6.56952e-12 Obj 1.00917 Rho 0 GRdif 5.35128 success 749126 failure 2659384 obj_new 1.00917 SA_pAcc 1 Delta -9.77658e-05 SA_r 0.62667 freedomratio 0.138961
Iter 8000000 pBad 0.000156565 T 1.70838e-12 Obj 1.00917 Rho 0 GRdif 5.35036 success 753215 failure 3022143 obj_new 1.00917 SA_pAcc 1 Delta -1.56349e-05 SA_r 0.215474 freedomratio 0.137947
Iter 8500000 pBad 0.000500942 T 4.44259e-13 Obj 1.00917 Rho 0 GRdif 5.3664 success 759481 failure 3388132 obj_new 1.0092 SA_pAcc 0 Delta 6.49924e-06 SA_r 0.366383 freedomratio 0.133729
Iter 9000000 pBad 1.20597e-277 T 1.15528e-13 Obj 1.00917 Rho 0 GRdif 5.37363 success 760248 failure 3700461 obj_new 1.00921 SA_pAcc 0 Delta -1.14713e-278 SA_r 0.347584 freedomratio 0.131449
Iter 9500000 pBad 3.40211e-137 T 3.00428e-14 Obj 1.00917 Rho 0 GRdif 5.34959 success 760248 failure 4009329 obj_new 1.00917 SA_pAcc 1 Delta -7.21207e-140 SA_r 0.198733 freedomratio 0.117742
Good enough
iter 8.57108e+06 obj1.00917 rho 0 GRdif 5.34959
Training:
Lab Growth Rates:
0.48 0.36 0.47 0.46 0.4 0.635 1.483 0.48 1.345 0.58 0.4 0.56 0.55 0.27 0.68 0.43 0.5 0.36 0.46 0.45 0.54 0.43 0.5 0.56 0.23 1.44 0.59 0.53 0.5 0.47 0.3 0.39 0.58 1.66 0.41 0.37 0.45 0.33 0.1 0.45 0.7 0.5 0.762 0.45 0.14 0.59 0.46 0.4 0.4 0.45 0.54 0.46 0.36 0.5 0.42 0.5 0.33 0.43 0.476 0.58 1.345 0.59 0.5 1.345 0.4 1.483 0.5 0.5 1.483 0.59 0.37 0.901 0.54 0.58 0.46 1.46 0.3 0.58 0.31 0.52 0.4 0.54 0.1 0.635 0.7 0.37 0.58 0.52 0.25 0.58 0.54 0.41 0.47 0.476 0.23 0.37 0.4 0.27 0.65 0.71 0.7 1.248 0.4 0.52 0.4 0.377 0.25 0.4 0.4 0.41 0.4 0.41 1.483 0.68 0.68 1.483 0.47 1.345 0.4 0.65 1.483 0.45 0.38 0.19 0.4 0.25 0.59 0.5 0.5 0.3 0.636 0.65 0.51 0.3 0.22 0.23 0.1 0.56 0.58 0.636 0.52 0.5 0.51 1.483 0.901 0.43 0.47 0.4 0.47 0.5 0.52 0.485 0.33 0.53 0.59 0.48 0.5 0.11 0.901 0.4 0.2 0.7 0.45 0.42 1.05 0.56 0.33 0.47 0.5 1.05 0.54 0.52 0.58 0.4 0.41 0.4 0.59 0.4 0.52 1.345 0.36 0.58 1.46 0.5 0.377 0.53 0.6 0.55 0.58 0.46 0.17 0.23 0.4 0.4 0.23 0.39 0.65 0.37 0.25 0.3 0.3 0.476 0.4 0.4 1.483 0.37 0.4 0.55 0.55 0.42 0.49 0.54 0.25 0.65 0.59 0.11 0.4 0.54 0.55 0.53 0.39 0.47 0.54 0.56 0.59 0.58 0.724 0.6 0.54 0.55 1.35 0.65 0.59 0.55 0.56 0.58 0.635 0.4 0.53 0.5 0.465 0.54 0.686 0.46 0.51 0.53 0.4 0.47 0.27 0.3 0.56 0.26 0.54 0.45 0.56 0.4 0.53 0.4 0.4 0.26 0.58 0.4 0.36 0.56 0.65 0.37 0.53 0.4 0.762 0.59 0.58 0.3 0.59 1.43 1.345 0.42 0.58 0.42 0.46 1.66 0.47 0.46 0.52 0.42 0.37 0.71 0.637 0.4 0.22 0.465 0.33 0.26 0.5 0.42 0.4 0.43 0.5 0.47 0.46 0.27 0.4 0.54 0.38 0.27 0.38 1.46 0.47 1.345 0.23 0.47 0.54 0.23 0.45 0.648 0.42 1.483 0.45 0.1 0.58 0.4 0.4 0.1 0.43 1.345 1.43 0.1 1.49 0.2 0.5 0.46 0.36 0.36 0.36 0.36 0.42 0.09 0.54 0.23 0.14 0.45 0.54 0.56 1.483 0.4 0.58 0.4 0.4 0.45 0.23 0.481 0.5 0.59 0.4 0.54 0.3 0.3 0.54 0.42 0.37 1.05 1.483 0.4 0.4 0.52 0.53 0.55 1.03 0.5 0.58 0.32 0.4 0.465 0.38 0.4 0.11 0.37 0.485 0.47 0.37 0.5 0.22 0.31 0.39 0.53 0.47 0.47 0.52 0.71 0.686 0.34 0.22 0.5 0.56 0.42 0.22 0.41 0.43 0.3 0.5 0.54 0.56 0.41 0.46 0.45 0.4 0.5 0.31 0.41 0.1 0.55 0.42 0.54 0.485 0.3 0.56 0.724 0.5 0.481 0.686 0.33 0.4 0.5 1.4 0.54 0.33 0.42 0.65 0.54 0.56 1.248 0.55 0.42 0.25 0.32 0.46 0.39 0.65 0.43 0.22 0.4 0.6 0.4 0.17 0.19 0.636 1.248 0.43 0.48 0.47 0.4 0.45 0.55 0.4 0.48 0.54 0.901 0.22 0.5 0.54 0.4 0.56 0.53 0.46 0.5 0.09 0.42 0.55 1.483 0.46 0.34 0.48 0.48 0.4 0.45 0.46 1.345 0.54 0.5 0.42 0.47 0.22 0.45 0.5 0.45 0.43 0.59 0.68 0.5 0.5 0.4 0.19 0.56 0.45 0.4 0.59 0.52 0.58 0.48 0.49 1.05 0.47 0.377 0.41 0.34 0.617 1.67 0.47 0.37 0.47 0.4 0.3 1.38 1.345 0.762 0.4 0.25 0.53 0.53 0.42 0.53 0.45 0.46 0.648 0.53 1.248 0.637 0.38 0.48 0.1 0.68 0.37 0.54 0.54 0.37 0.33 0.56 0.59 0.43 0.46 0.37 0.47 0.32 0.4 0.637 0.52 0.6 0.481 1.42 0.54 0.09 1.345 0.901 0.49 0.46 0.762 0.56 0.58 0.901 0.27 0.47 0.17 0.485 0.1 0.25 0.4 0.648 1.05 0.46 0.724 0.46 1.67 1.248 0.4 0.42 0.4 0.2 1.345 0.43 0.4 0.39 0.33 0.3 0.37 0.47 1.46 0.4
Dot Production Prediction of Lab Growth Rates:
0.303011 0.414585 0.374697 0.438449 0.394402 0.685568 1.33783 0.289088 1.37363 0.290756 0.398167 0.539385 0.459559 0.28141 0.342176 0.40118 0.538535 0.332344 0.414788 0.340597 0.530673 0.407971 0.826981 0.536617 0.424489 1.33969 0.537228 0.430412 0.321585 0.338621 0.662875 0.324867 0.466782 1.26481 0.315464 0.411646 0.434737 0.561085 1.48473 0.373895 0.832395 0.695339 0.888609 1.30384 0.330726 0.537066 0.331904 0.391913 0.398573 1.26807 0.528936 0.450121 0.422655 0.535866 0.293111 0.471131 0.471295 0.463818 0.587129 0.460338 1.34359 0.538025 0.37462 1.34649 0.400985 1.36091 0.472348 0.461461 1.36982 0.391972 0.408446 0.903307 0.450012 0.332944 0.443705 1.30059 0.344996 0.469208 0.661383 0.40587 0.384215 0.375906 0.460534 0.686284 0.818505 0.395475 0.462067 0.31855 0.543652 0.462067 0.464488 0.39884 0.407754 0.590707 0.541924 0.409029 0.401173 0.342088 0.637954 0.689749 0.825826 0.913145 0.399711 0.360241 0.402964 0.586302 0.355105 0.393466 0.398273 0.378986 0.379539 0.589438 1.32364 0.343544 0.343051 1.38042 0.386641 1.34431 0.399672 0.650022 1.36589 0.400135 0.292229 0.293044 0.399421 1.31038 0.537647 0.468377 0.868482 0.597826 0.696498 0.619054 0.442814 0.631528 0.468294 0.542038 0.997286 0.462685 0.349415 0.694695 0.353655 0.529625 0.42649 1.35563 0.901001 0.339991 0.344461 0.390196 0.381748 0.526119 0.349796 0.589708 0.328041 0.387515 0.296979 0.339334 0.826448 0.348802 0.888887 0.397539 0.37331 0.825915 0.361121 0.401408 1.31061 0.462418 0.367417 0.378253 0.313693 1.05503 0.38852 0.414442 0.328279 0.404454 0.363732 0.403427 0.542221 0.397705 0.37103 1.30305 0.359274 0.380489 1.06489 0.316354 0.588145 0.537349 0.645643 0.45867 0.463203 0.321922 0.306663 0.53544 0.376913 0.39004 0.42469 0.306853 0.648324 0.401987 0.288741 0.542849 0.281566 0.592997 0.400013 0.400086 1.32526 0.395702 0.397441 0.457464 0.539845 0.311286 0.403964 0.458284 0.590899 0.662472 0.317792 0.393501 0.39951 0.531722 0.459757 0.524323 0.296201 0.322115 0.403943 0.53196 0.360182 0.380817 0.693205 0.634781 0.452755 0.545725 1.03844 0.622452 0.537339 0.540558 0.466183 0.468659 0.684001 0.398557 0.426735 0.471749 0.588842 0.271937 0.693241 0.461226 0.396609 0.312553 0.399034 0.382128 0.6279 0.623029 0.524777 0.49411 0.463077 0.375346 0.543469 0.394188 0.525231 0.393963 0.400001 0.615845 0.466322 0.322103 0.330384 0.532689 0.659703 0.292973 0.515611 0.40105 0.891531 0.312071 0.448896 0.284772 0.307485 1.1058 1.37891 0.387293 0.463122 0.317744 0.46315 1.3114 0.391089 0.385269 0.411322 0.64895 0.413312 0.697989 0.679385 0.402727 0.396646 0.590751 0.325354 0.371244 0.326987 0.291242 0.40185 0.422796 0.364987 0.49001 0.588773 0.39046 0.398939 0.412112 0.397175 0.40142 0.308363 1.04544 0.480176 1.33006 0.5396 0.391267 0.445457 0.538516 0.33095 0.683982 0.332607 1.3337 0.421224 0.468015 0.385455 0.399549 0.397658 1.71404 0.475271 1.3799 1.08898 1.5055 1.36268 0.377372 0.703968 0.459743 0.379513 0.358159 0.336615 0.345737 0.336167 0.392105 0.5394 0.425785 0.330519 1.34042 0.53229 0.542509 1.35993 0.399847 0.462687 0.403726 0.401112 1.25475 0.538181 0.588912 0.700085 0.28744 0.383077 0.308529 0.412899 0.289997 0.383969 0.300689 0.414187 1.06679 1.34816 0.395288 0.38181 0.371476 0.320853 0.54418 1.21968 0.75083 0.321904 0.332866 0.393749 0.591811 0.300743 0.402238 0.367493 0.414749 0.584374 0.281495 0.416209 0.717649 0.475396 0.650497 0.323145 0.363297 0.480573 0.400523 0.355517 0.693369 0.69572 0.304427 0.334051 0.545104 0.540462 0.325679 0.476131 0.58802 0.364851 0.682468 0.465331 0.548421 0.465053 0.415244 0.348313 0.363651 0.40162 0.340312 0.658229 0.581228 1.26232 0.439673 0.36336 0.376179 0.585375 0.598986 0.532839 0.693211 0.824292 0.58644 0.694855 0.294147 0.395672 0.796573 1.3948 0.374364 0.516448 0.367897 0.649987 0.527844 0.462808 0.912386 0.550549 0.292616 0.95935 0.35171 0.289617 0.337327 0.653085 0.375804 0.465987 0.395206 0.674186 0.397305 0.428185 0.293452 0.692118 0.907826 0.406553 0.33029 0.37533 0.399472 0.357067 0.460733 0.396749 0.342714 0.325727 0.901 0.469993 0.396676 0.401822 0.387323 0.470285 0.579799 0.461812 0.337401 0.467222 0.348894 0.538257 1.37287 0.575831 0.300444 0.262547 0.293213 0.39669 0.362857 0.29285 1.35652 0.340075 0.78445 0.616894 0.345535 0.464572 0.413984 0.463859 1.28535 0.462377 0.325379 0.344091 0.342112 0.322607 0.398568 0.279835 0.535624 1.27535 0.397397 0.53587 0.385337 0.36953 0.290342 0.39539 1.03976 0.417059 0.585338 0.366197 0.272733 0.709291 1.32613 0.364091 0.614492 0.343856 0.383938 0.389511 1.18539 1.34656 0.886303 0.405414 0.356824 0.532942 0.488273 0.628849 0.279961 1.36268 0.563088 0.675878 0.536169 0.914639 0.682137 0.393611 0.327209 1.83323 0.341433 0.446223 0.412828 0.38869 0.465161 0.37976 0.538499 0.307802 0.363999 0.354342 0.41453 0.396228 0.306425 0.400492 0.681881 0.337004 0.657301 0.58691 1.36501 0.362093 0.344036 1.36979 0.904628 0.377962 0.458761 0.892332 0.523492 0.463864 0.900999 0.37429 0.352364 0.3243 0.591167 0.381053 0.356576 0.387172 0.683629 1.06897 0.463135 0.693956 0.454661 1.34179 0.919427 0.396087 0.340999 0.400468 0.392814 1.37903 0.353718 0.309582 0.291348 0.294556 0.46504 0.369989 0.411697 1.05455 0.380854
Testing:
Lab Growth Rates:
0.301 0.301 0.301
Dot Production Prediction of Lab Growth Rates:
0.590812 0.588839 0.589344
Best performance so far: 
Obj: 4.67679e-310Rho: 6.5069e-314Diff: 4.67679e-310
Test:
 Lab Growth Rates:
0.301 0.301 0.301Dot Product Prediction of Growth Rate:
0.5908123 0.5888388 0.5893435