seed =  5 traits =  1 
Training: part  214 
Training: part  214 
Round  1 
 Goal of obj  0.99 
Temperature range:  0.00390625 1.5625e-14 
Cycle 1Round 1
Iter 500000 pBad 0.833544 T 0.00105163 Obj 1.0658 Rho 0 GRdif 37.3441 success 146655 failure 10000 obj_new 1.0658 SA_pAcc 1 Delta 0.00307544 SA_r 0.911145 freedomratio 0.373486
Iter 1000000 pBad 0.789015 T 0.000283118 Obj 1.03542 Rho 0 GRdif 20.3951 success 289748 failure 28395 obj_new 1.03542 SA_pAcc 1 Delta 0.00903977 SA_r 0.86649 freedomratio 0.366938
Iter 1500000 pBad 0.688225 T 7.62202e-05 Obj 1.02122 Rho 0 GRdif 12.3038 success 430390 failure 51981 obj_new 1.02122 SA_pAcc 1 Delta 0.0659524 SA_r 0.669448 freedomratio 0.362176
Iter 2000000 pBad 0.639609 T 2.05198e-05 Obj 1.01591 Rho 0 GRdif 9.25261 success 568308 failure 82327 obj_new 1.01591 SA_pAcc 0.716251 Delta -0.0502896 SA_r 0.798692 freedomratio 0.355152
Iter 2500000 pBad 0.436335 T 5.52429e-06 Obj 1.01275 Rho 0 GRdif 7.42712 success 697322 failure 126927 obj_new 1.01275 SA_pAcc 1 Delta 0.00955194 SA_r 0.0652111 freedomratio 0.358849
Iter 3000000 pBad 0.274019 T 1.48723e-06 Obj 1.00988 Rho 0 GRdif 5.76402 success 809169 failure 206738 obj_new 1.00988 SA_pAcc 0.0918185 Delta -0.0232183 SA_r 0.501336 freedomratio 0.345112
Iter 3500000 pBad 0.163544 T 4.00389e-07 Obj 1.00883 Rho 0 GRdif 5.15214 success 897594 failure 334536 obj_new 1.00883 SA_pAcc 1.6106 Delta 0.0107437 SA_r 0.599738 freedomratio 0.314884
Iter 4000000 pBad 0.0635566 T 1.07792e-07 Obj 1.00852 Rho 0 GRdif 4.97304 success 952544 failure 537821 obj_new 1.00852 SA_pAcc 1 Delta 0.00385979 SA_r 0.832856 freedomratio 0.268315
Iter 4500000 pBad 0.0335896 T 2.90194e-08 Obj 1.00842 Rho 0 GRdif 4.91626 success 982634 failure 806560 obj_new 1.00842 SA_pAcc 1 Delta -0.000271655 SA_r 0.288573 freedomratio 0.237632
Iter 5000000 pBad 0.015547 T 7.81252e-09 Obj 1.00839 Rho 0 GRdif 4.89542 success 999229 failure 1123016 obj_new 1.00839 SA_pAcc 1 Delta 0.000553065 SA_r 0.0178041 freedomratio 0.215917
Iter 5500000 pBad 0.00790825 T 2.10327e-09 Obj 1.00838 Rho 0 GRdif 4.88867 success 1008211 failure 1466384 obj_new 1.00838 SA_pAcc 1 Delta -0.000543895 SA_r 0.698218 freedomratio 0.20736
Iter 6000000 pBad 0.00470951 T 5.66236e-10 Obj 1.00837 Rho 0 GRdif 4.95261 success 1013218 failure 1825189 obj_new 1.00849 SA_pAcc 0 Delta -1.59039e-05 SA_r 0.626435 freedomratio 0.20319
Iter 6500000 pBad 0.00226418 T 1.5244e-10 Obj 1.00837 Rho 0 GRdif 4.88485 success 1015809 failure 2192278 obj_new 1.00837 SA_pAcc 1.37636e-10 Delta 3.26487e-05 SA_r 0.696351 freedomratio 0.201721
Iter 7000000 pBad 0.000946195 T 4.10396e-11 Obj 1.00837 Rho 0 GRdif 4.8862 success 1017373 failure 2563657 obj_new 1.00837 SA_pAcc 0 Delta -5.02104e-05 SA_r 0.230732 freedomratio 0.200068
Iter 7500000 pBad 0.00100724 T 1.10486e-11 Obj 1.00837 Rho 0 GRdif 4.88395 success 1018403 failure 2936766 obj_new 1.00837 SA_pAcc 0 Delta 6.37366e-05 SA_r 0.0858767 freedomratio 0.19932
Iter 8000000 pBad 8.70355e-05 T 2.97447e-12 Obj 1.00837 Rho 0 GRdif 4.88356 success 1019994 failure 3310078 obj_new 1.00837 SA_pAcc 0 Delta -4.05992e-06 SA_r 0.647094 freedomratio 0.198174
Iter 8500000 pBad 5.4237e-14 T 8.00778e-13 Obj 1.00837 Rho 0 GRdif 4.88331 success 1021256 failure 3683765 obj_new 1.00837 SA_pAcc 1 Delta 3.93715e-15 SA_r 0.127931 freedomratio 0.195008
Iter 9000000 pBad 1.85644e-12 T 2.15583e-13 Obj 1.00837 Rho 0 GRdif 4.88319 success 1028188 failure 4019591 obj_new 1.00837 SA_pAcc 1 Delta 2.13522e-14 SA_r 0.285177 freedomratio 0.183757
Iter 9500000 pBad 1.31583e-50 T 5.80388e-14 Obj 1.00837 Rho 0 GRdif 4.88459 success 1028244 failure 4303691 obj_new 1.00837 SA_pAcc 0 Delta 3.71869e-52 SA_r 0.198614 freedomratio 0.181988
Iter 10000000 pBad 8.20081e-221 T 1.5625e-14 Obj 1.00837 Rho 0 GRdif 4.88319 success 1028244 failure 4591728 obj_new 1.00837 SA_pAcc 1 Delta 4.81857e-222 SA_r 0.494886 freedomratio 0.152326
Cannot move further
iter 9.03673e+06 obj1.00837 rho 0 GRdif 4.88319
Training:
Lab Growth Rates:
0.4 0.5 0.5 0.41 0.53 0.26 0.33 0.56 0.465 0.37 0.4 0.43 0.5 0.65 0.45 0.48 0.46 0.47 0.46 0.4 0.53 0.22 0.59 0.23 0.25 0.901 0.53 0.39 0.58 0.39 0.648 0.901 0.59 0.33 0.47 0.43 0.09 0.1 0.724 1.345 0.58 0.4 0.54 0.45 1.345 0.4 0.4 0.58 0.5 0.42 0.485 0.4 0.7 0.37 0.51 0.4 1.03 1.345 0.25 0.3 1.345 0.46 0.4 0.42 0.1 0.45 0.43 0.4 0.45 0.54 0.52 0.58 0.5 0.637 0.53 0.4 0.1 0.4 0.58 0.45 0.55 0.3 0.49 0.41 0.37 1.483 1.43 0.901 0.6 0.23 0.301 0.54 0.65 0.648 0.25 0.47 1.42 0.45 0.4 0.485 0.68 0.41 0.65 0.4 0.65 0.54 0.55 0.3 0.4 1.4 0.3 0.54 0.4 0.36 0.59 0.42 0.58 0.11 0.55 0.56 0.48 0.22 0.3 0.4 0.58 0.5 0.4 0.38 1.345 0.5 1.483 0.52 0.37 0.301 0.4 0.5 0.686 0.4 0.4 0.37 0.3 0.58 0.55 0.54 0.476 0.49 0.4 0.5 0.46 0.27 0.377 0.56 0.5 0.33 0.43 0.54 1.345 0.54 0.636 0.485 0.22 0.48 0.4 0.46 0.54 1.05 0.4 0.42 0.36 0.39 0.485 0.3 0.56 0.27 0.5 0.52 0.31 1.35 0.17 0.39 0.46 0.5 0.58 0.68 0.43 0.58 0.54 0.5 0.637 0.51 0.901 0.45 0.27 0.5 0.4 0.25 0.46 0.47 0.54 0.46 0.686 0.27 0.58 0.09 0.37 0.4 0.56 0.46 1.46 0.4 0.14 0.5 0.54 0.47 0.42 0.4 0.42 0.23 0.37 1.483 0.59 0.58 0.3 0.42 0.31 0.41 0.25 0.4 0.4 0.55 0.37 0.54 1.483 0.4 0.58 0.3 0.37 0.48 0.54 0.56 0.4 0.34 0.65 0.41 0.4 0.45 0.47 0.33 0.56 0.47 0.5 0.617 1.483 0.635 0.37 0.59 0.54 0.22 0.53 0.47 0.5 1.46 0.23 0.45 0.43 0.68 0.4 0.54 0.3 0.6 0.38 0.59 0.22 0.52 0.2 0.636 0.58 0.38 0.36 0.26 1.05 0.6 0.17 0.6 0.4 0.45 0.762 0.52 0.58 0.33 0.56 0.4 0.762 0.481 0.42 0.09 0.53 0.52 0.47 0.42 0.53 0.52 0.54 0.47 0.45 0.5 0.4 0.56 0.3 0.45 0.47 0.3 0.37 0.46 0.46 0.53 0.5 0.4 0.53 0.4 0.476 0.55 0.59 0.41 0.39 1.483 0.45 0.55 0.5 0.56 0.45 0.636 0.46 0.25 0.46 0.56 0.377 0.46 0.58 0.58 0.37 0.51 0.5 0.301 1.49 0.5 0.59 0.56 0.58 0.4 0.36 0.4 1.248 0.55 0.56 0.5 0.762 0.25 0.47 0.476 0.5 0.19 0.1 0.43 1.05 0.43 0.56 0.686 0.56 0.54 0.4 0.42 0.901 0.45 0.42 0.43 0.55 0.648 0.22 0.48 0.1 0.53 0.65 0.635 0.45 1.38 1.67 0.54 0.31 0.37 1.46 0.27 0.33 0.34 0.48 0.2 0.47 0.58 0.25 0.465 1.05 0.37 0.3 0.47 0.54 1.248 0.5 0.47 0.56 0.11 1.248 0.481 0.901 0.23 1.345 0.14 0.4 0.58 0.42 0.65 0.53 1.345 0.3 0.71 0.49 0.32 0.23 0.46 0.7 0.762 0.1 0.4 0.5 0.43 0.68 0.53 0.36 1.345 1.44 0.1 0.1 0.19 0.2 0.32 0.36 0.5 0.48 1.66 0.48 0.26 0.4 0.53 0.71 0.46 0.17 0.32 0.45 0.23 0.52 0.38 0.4 0.46 0.4 0.22 0.635 0.53 0.33 0.4 0.65 0.54 0.4 0.4 1.248 0.52 0.54 0.34 0.5 0.47 0.55 0.47 1.483 0.56 0.33 0.5 0.5 0.724 0.53 0.52 1.43 0.36 0.45 0.56 0.46 0.37 1.46 0.4 1.05 0.59 0.41 0.54 0.52 0.52 0.59 1.66 0.637 0.11 0.48 1.483 0.59 0.481 0.42 0.724 0.43 0.47 0.54 0.4 0.4 0.46 0.5 0.4 0.4 0.45 0.36 0.58 0.27 0.39 0.59 0.54 0.41 0.42 0.22 0.59 0.7 0.54 0.37 0.47 1.345 0.41 0.54 1.483 0.59 0.42 0.23 0.4 0.4 1.483 0.47 0.42 0.5 0.5 0.59 0.4 0.55 0.19 0.71 0.65 0.47 1.67 1.248 1.483 1.345 0.23 0.54 0.377 0.4 0.7 0.42 0.59 0.46 0.5 0.68 0.42 0.1 1.345 0.4 0.38 0.465 0.4 1.483 0.46 0.36 0.43 0.4 0.4 0.33 0.55
Dot Production Prediction of Lab Growth Rates:
0.405115 0.363186 0.550981 0.354216 0.500614 0.368042 0.389218 0.529622 0.477417 0.428866 0.404237 0.424171 0.479132 0.649453 0.392997 0.318913 0.336879 0.348384 0.42353 0.403546 0.528164 0.469584 0.332681 0.536344 0.331172 0.858455 0.332901 0.325436 0.360243 0.319326 0.71693 0.902279 0.329432 0.318735 0.389638 0.349738 0.406683 0.775856 0.723806 1.01826 0.344508 0.404496 0.385341 0.334434 0.929352 0.405861 0.398818 0.317695 0.645512 0.347579 0.477901 0.391598 0.7055 0.529245 0.37578 0.405928 1.47502 1.01731 0.361 0.366396 1.02041 0.306258 0.405927 0.372037 0.361628 0.354336 0.346847 0.398615 1.61002 0.372913 0.39941 0.358587 0.324225 0.706254 0.309028 0.364136 0.767786 0.405829 0.471534 1.6354 0.54703 0.41856 0.364643 0.466758 0.322464 1.0006 1.43093 0.908044 0.440764 0.441632 0.472405 0.367213 0.639968 0.716761 0.367826 0.416134 1.66854 1.71637 0.394648 0.468042 0.503013 0.360305 0.649986 0.405075 0.644252 0.461451 0.431161 0.30019 0.405747 1.62271 0.408871 0.371073 0.40398 0.384928 0.380241 0.323099 0.475947 0.35934 0.560601 0.534989 0.335896 0.347334 0.351344 0.404903 0.306603 0.598212 0.407705 0.337792 1.01875 0.374566 0.979131 0.350135 0.390499 0.462088 0.401324 0.333781 0.729305 0.398393 0.400424 0.384931 0.39731 0.471111 0.564193 0.456309 0.481253 0.388997 0.390792 0.347955 0.352191 0.301238 0.469763 0.527045 0.318555 0.337488 0.384156 0.343932 0.952467 0.329046 0.720697 0.469186 0.474072 0.363934 0.40121 0.348289 0.382608 1.64913 0.398687 0.548851 0.40107 0.347784 0.47544 0.386229 0.471707 0.342382 0.662975 0.368832 0.514429 1.29094 0.339965 0.315712 0.465024 0.471284 0.362284 0.504945 0.3955 0.479588 0.45353 0.37713 0.706293 0.395809 0.901559 0.353579 0.361062 0.341713 0.402383 0.497798 0.415221 0.361923 0.540091 0.45619 0.73723 0.570364 0.472092 0.325042 0.438502 0.404821 0.549485 0.315337 1.52502 0.406223 0.139105 0.545794 0.378312 0.340071 0.53603 0.403948 0.360677 0.44152 0.412211 0.991329 0.541559 0.344219 0.405669 0.355279 0.508177 0.464585 0.51099 0.399892 0.39244 0.449297 0.42837 0.374246 0.930961 0.400861 0.374845 0.305281 0.422671 0.336237 0.459074 0.466826 0.404081 0.314316 0.628794 0.3536 0.401568 0.33978 0.373127 0.359132 0.469233 0.355175 0.522265 0.459426 0.989243 0.714424 0.44018 0.546879 0.37866 0.469992 0.395061 0.36364 0.61837 0.964285 0.526832 0.346963 0.342178 0.497761 0.40555 0.310437 0.400897 0.430919 0.328645 0.546934 0.479319 0.363791 0.416488 0.709713 0.472507 0.337705 0.372711 0.449507 1.05485 0.432751 0.422136 0.435023 0.392266 0.356246 0.852872 0.357995 0.356325 0.463507 0.553683 0.406708 0.847819 0.474357 0.33404 0.358824 0.362832 0.367505 0.3791 0.361437 0.346204 0.390223 0.532564 0.445946 0.325812 0.344115 0.40002 0.551605 0.32831 0.369673 0.351219 0.434529 0.421737 0.469583 0.495797 0.527261 0.618464 0.396217 0.360158 0.404814 0.48065 0.455582 0.546905 0.335218 0.321928 0.97682 1.60908 0.553237 0.517869 0.546978 0.338382 0.725333 0.38984 1.62625 0.512562 0.53334 0.472049 0.460003 0.470451 0.460181 0.431946 0.370472 0.478453 0.463533 1.6354 0.630099 0.345459 0.542845 0.473359 0.405409 0.3608 0.39911 0.909091 0.454512 0.477371 0.322036 0.842535 0.751558 0.409104 0.485545 0.535839 0.332978 0.733376 0.444369 1.03087 0.346973 0.472963 0.737388 0.526828 0.542962 0.40598 0.350848 0.901 1.64553 0.343259 0.371079 0.546703 0.708503 0.467307 0.309026 0.40682 0.528657 0.652376 0.71608 0.377396 1.34839 1.56368 0.359153 0.499978 0.39169 0.957602 0.364213 0.418315 0.33636 0.339117 0.391271 0.362754 0.471206 0.362613 0.478816 1.05669 0.440918 0.299773 0.351908 0.455946 0.903312 0.660934 0.389737 0.469556 0.331819 0.911872 0.473264 0.900935 0.521989 1.02149 0.140051 0.406995 0.471383 0.350011 0.659867 0.527984 0.987212 0.445859 0.724071 0.369976 0.32461 0.441852 0.431561 0.698892 0.84571 0.411055 0.405428 0.637812 0.412721 0.500987 0.544474 0.335765 1.06569 1.62141 0.870577 1.48625 0.324151 0.36946 0.342775 0.33524 0.363439 0.339928 1.66 0.313674 0.529553 0.404983 0.405071 0.724785 0.400424 0.347909 0.318456 0.378272 0.536016 0.395368 0.343544 0.346803 0.472451 0.401764 0.402005 0.714555 0.45371 0.354246 0.39976 0.661655 0.541516 0.404085 0.406316 0.912254 0.375844 0.545014 0.337037 0.66425 0.447046 0.454519 0.401727 0.931807 0.542958 0.325858 0.324861 0.466031 0.722571 0.530018 0.378304 1.4183 0.317441 1.59859 0.530914 0.453248 0.390796 0.970896 0.399064 0.962592 0.318085 0.333801 0.364034 0.33947 0.363133 0.556532 1.66 0.7052 0.354835 0.316053 0.961603 0.542267 0.473386 0.346311 0.721224 0.381987 0.361937 0.540559 0.398874 0.396182 0.344554 0.625712 0.400192 0.404111 1.65882 0.332604 0.473214 0.347841 0.335038 0.345592 0.46609 0.376502 0.552241 0.361823 0.338054 0.699555 0.383647 0.416486 0.350317 0.930826 0.460199 0.551941 0.973369 0.543139 0.336827 0.527398 0.40472 0.40505 1.00923 0.453226 0.329024 0.469623 0.666398 0.322283 0.393507 0.545558 0.342915 0.729707 0.650002 0.382882 1.63773 0.904175 0.98301 0.979011 0.538185 0.342063 0.469141 0.40001 0.700113 0.334783 0.389269 0.469337 0.473224 0.500698 0.32204 0.7307 1.04796 0.403478 0.326358 0.478493 0.405702 0.960309 0.385534 0.338234 0.403444 0.404493 0.400575 0.360077 0.456789
Testing:
Lab Growth Rates:
0.47 0.47 0.47
Dot Production Prediction of Lab Growth Rates:
0.333926 0.377553 0.389412
Best performance so far: 
Obj: 4.64037e-310Rho: 2.26291e-314Diff: 4.64037e-310
Anneal again with the best G and E so far as input
Cycle 2Round 1
Iter 500000 pBad 0.813791 T 0.00105163 Obj 1.04091 Rho 0 GRdif 23.4954 success 110330 failure 9907 obj_new 1.04091 SA_pAcc 1.1226 Delta 0.0452123 SA_r 0.909955 freedomratio 0.257018
Iter 1000000 pBad 0.763432 T 0.000283118 Obj 1.03089 Rho 0 GRdif 17.8265 success 217482 failure 26606 obj_new 1.03089 SA_pAcc 0.793013 Delta -0.0437546 SA_r 0.391836 freedomratio 0.263489
Iter 1500000 pBad 0.676206 T 7.62202e-05 Obj 1.02617 Rho 0 GRdif 15.1378 success 323047 failure 46687 obj_new 1.02617 SA_pAcc 0.860085 Delta -0.0480914 SA_r 0.485075 freedomratio 0.264919
Iter 2000000 pBad 0.55057 T 2.05198e-05 Obj 1.02014 Rho 0 GRdif 11.6861 success 425002 failure 75929 obj_new 1.02014 SA_pAcc 1 Delta 0.00783483 SA_r 0.151741 freedomratio 0.261724
Iter 2500000 pBad 0.459953 T 5.52429e-06 Obj 1.01722 Rho 0 GRdif 10.0064 success 523358 failure 113337 obj_new 1.01722 SA_pAcc 1 Delta 0.0365602 SA_r 0.31512 freedomratio 0.261958
Iter 3000000 pBad 0.260241 T 1.48723e-06 Obj 1.0114 Rho 0 GRdif 6.64239 success 613087 failure 172124 obj_new 1.0114 SA_pAcc 1 Delta -0.0194526 SA_r 0.587735 freedomratio 0.24376
Iter 3500000 pBad 0.185801 T 4.00389e-07 Obj 1.00975 Rho 0 GRdif 5.68345 success 691720 failure 254462 obj_new 1.00975 SA_pAcc 1 Delta -0.00213794 SA_r 0.433118 freedomratio 0.233746
Iter 4000000 pBad 0.0904406 T 1.07792e-07 Obj 1.00894 Rho 0 GRdif 5.21563 success 746403 failure 398818 obj_new 1.00894 SA_pAcc 1.07388 Delta -0.00713358 SA_r 0.15153 freedomratio 0.210564
Iter 4500000 pBad 0.0399884 T 2.90194e-08 Obj 1.00858 Rho 0 GRdif 5.01218 success 780315 failure 610293 obj_new 1.00859 SA_pAcc 2.7438e-101 Delta -0.00132874 SA_r 0.723515 freedomratio 0.185973
Iter 5000000 pBad 0.0188316 T 7.81252e-09 Obj 1.00847 Rho 0 GRdif 4.94346 success 800014 failure 874557 obj_new 1.00847 SA_pAcc 1 Delta 8.63735e-05 SA_r 0.181718 freedomratio 0.170151
Iter 5500000 pBad 0.00916817 T 2.10327e-09 Obj 1.00841 Rho 0 GRdif 4.93563 success 813614 failure 1173195 obj_new 1.00846 SA_pAcc 0 Delta -0.00091132 SA_r 0.28902 freedomratio 0.160284
Iter 6000000 pBad 0.00555842 T 5.66236e-10 Obj 1.00838 Rho 0 GRdif 4.89071 success 823559 failure 1498219 obj_new 1.00838 SA_pAcc 1 Delta -0.000280539 SA_r 0.809609 freedomratio 0.152564
Iter 6500000 pBad 0.00261328 T 1.5244e-10 Obj 1.00837 Rho 0 GRdif 4.8836 success 830798 failure 1845976 obj_new 1.00837 SA_pAcc 0 Delta 0.000257433 SA_r 0.835934 freedomratio 0.145409
Iter 7000000 pBad 0.000846829 T 4.10396e-11 Obj 1.00836 Rho 0 GRdif 4.87963 success 837215 failure 2208763 obj_new 1.00836 SA_pAcc 0 Delta 2.90578e-05 SA_r 0.141339 freedomratio 0.141889
Iter 7500000 pBad 0.000642038 T 1.10486e-11 Obj 1.00835 Rho 0 GRdif 4.8752 success 842235 failure 2583912 obj_new 1.00835 SA_pAcc 1 Delta -3.24769e-05 SA_r 0.574035 freedomratio 0.138698
Iter 8000000 pBad 0.000916421 T 2.97447e-12 Obj 1.00835 Rho 0 GRdif 4.87333 success 848923 failure 2966958 obj_new 1.00835 SA_pAcc 1 Delta -8.74502e-05 SA_r 0.55468 freedomratio 0.136692
Iter 8500000 pBad 5.67741e-116 T 8.00778e-13 Obj 1.00835 Rho 0 GRdif 4.87325 success 849608 failure 3298045 obj_new 1.00835 SA_pAcc 1 Delta -3.28087e-117 SA_r 0.869211 freedomratio 0.132639
Iter 9000000 pBad 3.87273e-159 T 2.15583e-13 Obj 1.00835 Rho 0 GRdif 4.87325 success 849608 failure 3624027 obj_new 1.00835 SA_pAcc 0 Delta 1.63281e-160 SA_r 0.466609 freedomratio 0.107879
Iter 9500000 pBad 0 T 5.80388e-14 Obj 1.00835 Rho 0 GRdif 4.87325 success 849608 failure 3969852 obj_new 1.00835 SA_pAcc 0 Delta -0 SA_r 0.428184 freedomratio 0.0563462
Good enough
iter 8.11356e+06 obj1.00835 rho 0 GRdif 4.87325
Training:
Lab Growth Rates:
0.4 0.5 0.5 0.41 0.53 0.26 0.33 0.56 0.465 0.37 0.4 0.43 0.5 0.65 0.45 0.48 0.46 0.47 0.46 0.4 0.53 0.22 0.59 0.23 0.25 0.901 0.53 0.39 0.58 0.39 0.648 0.901 0.59 0.33 0.47 0.43 0.09 0.1 0.724 1.345 0.58 0.4 0.54 0.45 1.345 0.4 0.4 0.58 0.5 0.42 0.485 0.4 0.7 0.37 0.51 0.4 1.03 1.345 0.25 0.3 1.345 0.46 0.4 0.42 0.1 0.45 0.43 0.4 0.45 0.54 0.52 0.58 0.5 0.637 0.53 0.4 0.1 0.4 0.58 0.45 0.55 0.3 0.49 0.41 0.37 1.483 1.43 0.901 0.6 0.23 0.301 0.54 0.65 0.648 0.25 0.47 1.42 0.45 0.4 0.485 0.68 0.41 0.65 0.4 0.65 0.54 0.55 0.3 0.4 1.4 0.3 0.54 0.4 0.36 0.59 0.42 0.58 0.11 0.55 0.56 0.48 0.22 0.3 0.4 0.58 0.5 0.4 0.38 1.345 0.5 1.483 0.52 0.37 0.301 0.4 0.5 0.686 0.4 0.4 0.37 0.3 0.58 0.55 0.54 0.476 0.49 0.4 0.5 0.46 0.27 0.377 0.56 0.5 0.33 0.43 0.54 1.345 0.54 0.636 0.485 0.22 0.48 0.4 0.46 0.54 1.05 0.4 0.42 0.36 0.39 0.485 0.3 0.56 0.27 0.5 0.52 0.31 1.35 0.17 0.39 0.46 0.5 0.58 0.68 0.43 0.58 0.54 0.5 0.637 0.51 0.901 0.45 0.27 0.5 0.4 0.25 0.46 0.47 0.54 0.46 0.686 0.27 0.58 0.09 0.37 0.4 0.56 0.46 1.46 0.4 0.14 0.5 0.54 0.47 0.42 0.4 0.42 0.23 0.37 1.483 0.59 0.58 0.3 0.42 0.31 0.41 0.25 0.4 0.4 0.55 0.37 0.54 1.483 0.4 0.58 0.3 0.37 0.48 0.54 0.56 0.4 0.34 0.65 0.41 0.4 0.45 0.47 0.33 0.56 0.47 0.5 0.617 1.483 0.635 0.37 0.59 0.54 0.22 0.53 0.47 0.5 1.46 0.23 0.45 0.43 0.68 0.4 0.54 0.3 0.6 0.38 0.59 0.22 0.52 0.2 0.636 0.58 0.38 0.36 0.26 1.05 0.6 0.17 0.6 0.4 0.45 0.762 0.52 0.58 0.33 0.56 0.4 0.762 0.481 0.42 0.09 0.53 0.52 0.47 0.42 0.53 0.52 0.54 0.47 0.45 0.5 0.4 0.56 0.3 0.45 0.47 0.3 0.37 0.46 0.46 0.53 0.5 0.4 0.53 0.4 0.476 0.55 0.59 0.41 0.39 1.483 0.45 0.55 0.5 0.56 0.45 0.636 0.46 0.25 0.46 0.56 0.377 0.46 0.58 0.58 0.37 0.51 0.5 0.301 1.49 0.5 0.59 0.56 0.58 0.4 0.36 0.4 1.248 0.55 0.56 0.5 0.762 0.25 0.47 0.476 0.5 0.19 0.1 0.43 1.05 0.43 0.56 0.686 0.56 0.54 0.4 0.42 0.901 0.45 0.42 0.43 0.55 0.648 0.22 0.48 0.1 0.53 0.65 0.635 0.45 1.38 1.67 0.54 0.31 0.37 1.46 0.27 0.33 0.34 0.48 0.2 0.47 0.58 0.25 0.465 1.05 0.37 0.3 0.47 0.54 1.248 0.5 0.47 0.56 0.11 1.248 0.481 0.901 0.23 1.345 0.14 0.4 0.58 0.42 0.65 0.53 1.345 0.3 0.71 0.49 0.32 0.23 0.46 0.7 0.762 0.1 0.4 0.5 0.43 0.68 0.53 0.36 1.345 1.44 0.1 0.1 0.19 0.2 0.32 0.36 0.5 0.48 1.66 0.48 0.26 0.4 0.53 0.71 0.46 0.17 0.32 0.45 0.23 0.52 0.38 0.4 0.46 0.4 0.22 0.635 0.53 0.33 0.4 0.65 0.54 0.4 0.4 1.248 0.52 0.54 0.34 0.5 0.47 0.55 0.47 1.483 0.56 0.33 0.5 0.5 0.724 0.53 0.52 1.43 0.36 0.45 0.56 0.46 0.37 1.46 0.4 1.05 0.59 0.41 0.54 0.52 0.52 0.59 1.66 0.637 0.11 0.48 1.483 0.59 0.481 0.42 0.724 0.43 0.47 0.54 0.4 0.4 0.46 0.5 0.4 0.4 0.45 0.36 0.58 0.27 0.39 0.59 0.54 0.41 0.42 0.22 0.59 0.7 0.54 0.37 0.47 1.345 0.41 0.54 1.483 0.59 0.42 0.23 0.4 0.4 1.483 0.47 0.42 0.5 0.5 0.59 0.4 0.55 0.19 0.71 0.65 0.47 1.67 1.248 1.483 1.345 0.23 0.54 0.377 0.4 0.7 0.42 0.59 0.46 0.5 0.68 0.42 0.1 1.345 0.4 0.38 0.465 0.4 1.483 0.46 0.36 0.43 0.4 0.4 0.33 0.55
Dot Production Prediction of Lab Growth Rates:
0.392966 0.348936 0.562584 0.333283 0.52217 0.388502 0.475186 0.530494 0.527276 0.430456 0.400482 0.398931 0.484725 0.646387 0.393984 0.287197 0.337075 0.338566 0.384186 0.397894 0.536661 0.477344 0.289737 0.539465 0.316291 0.774315 0.324725 0.330329 0.388467 0.296059 0.669895 0.905745 0.305337 0.311545 0.381808 0.357237 0.434353 1.0704 0.680644 1.37377 0.357045 0.399171 0.369799 0.360839 1.31927 0.398572 0.395214 0.299375 0.851226 0.364136 0.526341 0.377424 0.823397 0.52415 0.391023 0.399786 1.24159 1.37068 0.369995 0.364532 1.34448 0.299163 0.400793 0.393827 0.382328 0.385237 0.349694 0.391231 1.35246 0.397646 0.390253 0.390842 0.324646 0.662268 0.297961 0.312451 1.64107 0.399231 0.477572 1.42891 0.543626 0.571835 0.400928 0.525521 0.283377 1.35708 1.18897 0.906884 0.611891 0.435219 0.547206 0.339224 0.633059 0.671384 0.364407 0.378901 1.43914 1.42286 0.390824 0.513337 0.384636 0.3935 0.653716 0.400856 0.637204 0.482435 0.458538 0.300452 0.403012 1.4002 0.56286 0.388784 0.402217 0.414636 0.357533 0.307329 0.475104 0.371696 0.554569 0.53728 0.332427 0.339161 0.453882 0.405088 0.281423 0.755318 0.4047 0.365592 1.33265 0.398493 1.32264 0.345516 0.386875 0.535216 0.395337 0.355221 0.683468 0.391407 0.392703 0.376278 0.397683 0.469905 0.558972 0.479166 0.529754 0.424167 0.377955 0.344892 0.340073 0.266572 0.529334 0.544673 0.3051 0.310006 0.390758 0.340742 1.30537 0.319509 0.674592 0.514638 0.484803 0.344115 0.402999 0.331009 0.387872 1.39264 0.400439 0.588359 0.414124 0.337236 0.527069 0.544642 0.479689 0.336829 0.930759 0.329708 0.547717 1.12696 0.279689 0.304621 0.515136 0.484486 0.343322 0.380363 0.351645 0.484491 0.475458 0.414214 0.656752 0.419321 0.901128 0.391379 0.356382 0.353663 0.392692 0.470674 0.380404 0.344884 0.533801 0.460031 0.683795 0.553062 0.479146 0.341585 0.42872 0.39836 0.548414 0.311629 1.44324 0.400694 0.26643 0.543383 0.371377 0.32706 0.563914 0.398564 0.325629 0.435077 0.431286 1.33945 0.554801 0.355757 0.529078 0.36453 0.516036 0.524578 0.506838 0.400006 0.382637 0.471958 0.430822 0.361398 1.31733 0.400905 0.375364 0.300043 0.427224 0.311258 0.477839 0.476047 0.397603 0.287831 0.655337 0.365622 0.390239 0.350515 0.388511 0.324705 0.474583 0.371846 0.531626 0.670905 1.33198 0.675427 0.430838 0.547421 0.358752 0.476851 0.425087 0.383311 0.81499 1.04724 0.550549 0.327417 0.345105 0.377936 0.40162 0.263666 0.543252 0.586557 0.305362 0.551712 0.482486 0.367991 0.373183 0.667374 0.484537 0.311083 0.38888 0.469642 1.09494 0.569461 0.422692 0.60447 0.380415 0.347805 0.764082 0.37822 0.34389 0.528473 0.560012 0.360988 0.773858 0.52194 0.298349 0.384788 0.380037 0.360541 0.410987 0.355924 0.329071 0.345692 0.538093 0.483025 0.310636 0.337188 0.400095 0.556622 0.310981 0.366579 0.344381 0.593836 0.424337 0.473068 0.532362 0.530269 0.845417 0.387523 0.377131 0.399074 0.526201 0.469679 0.547907 0.302554 0.328904 1.32998 1.32788 0.548216 0.528522 0.542638 0.372707 0.678901 0.405035 1.37683 0.553451 0.535466 0.527369 0.457038 0.47389 0.455726 0.437539 0.376333 0.493253 0.540567 1.42891 0.873208 0.325084 0.5455 0.48362 0.39627 0.372969 0.392645 0.843501 0.473973 0.483537 0.319824 0.758115 1.05324 0.382647 0.530032 0.546537 0.297234 1.36723 0.40859 1.0473 0.340773 0.480034 0.688468 0.542405 0.540903 0.402389 0.348632 0.965497 1.3255 0.343833 0.341895 0.544573 0.663969 0.475694 0.276015 0.441473 0.53056 0.649992 0.676176 0.401499 1.23765 1.36654 0.382994 0.512155 0.392258 1.04578 0.359801 0.496553 0.327417 0.349887 0.369701 0.362337 0.473244 0.372123 0.529544 1.09005 0.431409 0.298436 0.387557 0.478941 0.837501 0.911471 0.403415 0.470295 0.354698 0.848064 0.519289 0.900681 0.54177 1.37015 0.266785 0.400756 0.487969 0.344448 0.649958 0.530691 1.32202 0.604642 0.670432 0.395683 0.343423 0.43494 0.405543 0.804228 0.76357 0.459444 0.399181 0.876634 0.439438 0.378611 0.541555 0.32318 1.38838 1.39952 1.65089 1.32058 0.25887 0.368343 0.324563 0.328226 0.377019 0.339504 1.50115 0.313861 0.556783 0.400506 0.437978 0.675374 0.427041 0.315736 0.320171 0.37808 0.537245 0.395903 0.372152 0.303476 0.468846 0.392706 0.437983 0.670557 0.462088 0.351971 0.391139 0.663211 0.535161 0.395444 0.40334 0.842435 0.350305 0.554162 0.340165 0.905775 0.470598 0.481633 0.391349 1.30339 0.544083 0.297034 0.332715 0.477288 0.679747 0.528178 0.355418 1.22367 0.329092 1.34613 0.544752 0.447188 0.395928 1.03009 0.39238 1.05014 0.310813 0.346533 0.387914 0.359007 0.330593 0.542283 1.50918 0.665257 0.347477 0.297428 1.29581 0.553274 0.518489 0.353673 0.677842 0.384682 0.389089 0.526323 0.386674 0.388351 0.35086 0.83323 0.398873 0.400232 1.38256 0.34985 0.478718 0.362225 0.319861 0.336707 0.479164 0.403988 0.584933 0.374866 0.304142 0.804878 0.356056 0.421968 0.33319 1.31679 0.518977 0.551396 1.35531 0.553866 0.320073 0.539811 0.401149 0.398234 1.39145 0.460866 0.304023 0.475151 0.906523 0.307793 0.381867 0.549778 0.302425 0.678216 0.667708 0.420318 1.38448 0.835509 1.34242 1.34771 0.547389 0.341341 0.530415 0.398418 0.806762 0.307058 0.376291 0.467507 0.487968 0.380853 0.322122 1.40459 1.3594 0.395182 0.308625 0.526852 0.400656 1.34611 0.425958 0.363492 0.378852 0.399567 0.401874 0.36437 0.478655
Testing:
Lab Growth Rates:
0.47 0.47 0.47
Dot Production Prediction of Lab Growth Rates:
0.283611 0.378629 0.36562
Best performance so far: 
Obj: 4.64037e-310Rho: 3.93721e-320Diff: 4.64037e-310
Test:
 Lab Growth Rates:
0.47 0.47 0.47Dot Product Prediction of Growth Rate:
0.283611 0.3786293 0.36562