seed =  5 traits =  1 
Training: part  163 
Training: part  163 
Round  1 
 Goal of obj  0.99 
Temperature range:  0.00390625 7.8125e-14 
Cycle 1Round 1
Iter 500000 pBad 0.830021 T 0.00113976 Obj 1.07844 Rho 0 GRdif 44.2495 success 146182 failure 10164 obj_new 1.07844 SA_pAcc 1 Delta -0.0310866 SA_r 0.689563 freedomratio 0.376607
Iter 1000000 pBad 0.769402 T 0.000332555 Obj 1.03884 Rho 0 GRdif 22.3319 success 289490 failure 27674 obj_new 1.03884 SA_pAcc 1.10309 Delta -0.0229621 SA_r 0.886207 freedomratio 0.360172
Iter 1500000 pBad 0.740235 T 9.70321e-05 Obj 1.02466 Rho 0 GRdif 14.2773 success 430304 failure 50542 obj_new 1.02466 SA_pAcc 1.12641 Delta 0.0206927 SA_r 0.202248 freedomratio 0.372063
Iter 2000000 pBad 0.561323 T 2.83118e-05 Obj 1.01931 Rho 0 GRdif 11.2068 success 569462 failure 77561 obj_new 1.01931 SA_pAcc 1.10738 Delta -0.0065098 SA_r 0.240908 freedomratio 0.366938
Iter 2500000 pBad 0.482203 T 8.26073e-06 Obj 1.016 Rho 0 GRdif 9.30148 success 703002 failure 114659 obj_new 1.016 SA_pAcc 1.11989 Delta 0.0269885 SA_r 0.673664 freedomratio 0.365565
Iter 3000000 pBad 0.308672 T 2.41029e-06 Obj 1.01164 Rho 0 GRdif 6.85734 success 820744 failure 182414 obj_new 1.01177 SA_pAcc 4.27026e-24 Delta -0.00633644 SA_r 0.267264 freedomratio 0.34189
Iter 3500000 pBad 0.198989 T 7.03269e-07 Obj 1.00942 Rho 0 GRdif 5.49278 success 918874 failure 289805 obj_new 1.00942 SA_pAcc 1 Delta 0.019096 SA_r 0.126792 freedomratio 0.327009
Iter 4000000 pBad 0.0738009 T 2.05198e-07 Obj 1.0084 Rho 0 GRdif 4.9411 success 992602 failure 451032 obj_new 1.00847 SA_pAcc 7.6367e-147 Delta 0.00649398 SA_r 0.798309 freedomratio 0.284328
Iter 4500000 pBad 0.0361816 T 5.98721e-08 Obj 1.0083 Rho 0 GRdif 4.84614 success 1029668 failure 701191 obj_new 1.0083 SA_pAcc 0.0721442 Delta -0.00126815 SA_r 0.225559 freedomratio 0.24968
Iter 5000000 pBad 0.022922 T 1.74693e-08 Obj 1.00826 Rho 0 GRdif 4.81776 success 1050785 failure 1000707 obj_new 1.00826 SA_pAcc 1 Delta 0.000249518 SA_r 0.129549 freedomratio 0.224092
Iter 5500000 pBad 0.0102924 T 5.09715e-09 Obj 1.00824 Rho 0 GRdif 4.80822 success 1062810 failure 1330886 obj_new 1.00824 SA_pAcc 2.37498e-31 Delta -0.000526545 SA_r 0.439485 freedomratio 0.212396
Iter 6000000 pBad 0.00611127 T 1.48723e-09 Obj 1.00823 Rho 0 GRdif 4.80345 success 1070250 failure 1679070 obj_new 1.00823 SA_pAcc 1 Delta 0.000137278 SA_r 0.207518 freedomratio 0.208913
Iter 6500000 pBad 0.0024395 T 4.33941e-10 Obj 1.00823 Rho 0 GRdif 4.80127 success 1074580 failure 2039330 obj_new 1.00823 SA_pAcc 3.03528e-17 Delta -0.000139686 SA_r 0.502546 freedomratio 0.202348
Iter 7000000 pBad 0.00274543 T 1.26614e-10 Obj 1.00823 Rho 0 GRdif 4.80031 success 1077364 failure 2406872 obj_new 1.00823 SA_pAcc 1 Delta -0.000171714 SA_r 0.919282 freedomratio 0.201375
Iter 7500000 pBad 0.00139433 T 3.69431e-11 Obj 1.00822 Rho 0 GRdif 4.80054 success 1079431 failure 2778430 obj_new 1.00823 SA_pAcc 0 Delta -3.76796e-05 SA_r 0.886331 freedomratio 0.198914
Iter 8000000 pBad 0.00140089 T 1.07792e-11 Obj 1.00822 Rho 0 GRdif 4.79943 success 1080726 failure 3153510 obj_new 1.00822 SA_pAcc 0 Delta 3.72066e-05 SA_r 0.214312 freedomratio 0.198107
Iter 8500000 pBad 0.000777398 T 3.14512e-12 Obj 1.00822 Rho 0 GRdif 4.80123 success 1081910 failure 3530846 obj_new 1.00823 SA_pAcc 0 Delta 2.41927e-05 SA_r 0.488901 freedomratio 0.196381
Iter 9000000 pBad 0.000109007 T 9.17673e-13 Obj 1.00822 Rho 0 GRdif 4.80005 success 1083384 failure 3907465 obj_new 1.00822 SA_pAcc 0 Delta 5.13085e-06 SA_r 0.26622 freedomratio 0.195464
Iter 9500000 pBad 9.97221e-23 T 2.67756e-13 Obj 1.00822 Rho 0 GRdif 4.79864 success 1086457 failure 4278998 obj_new 1.00822 SA_pAcc 0 Delta 6.09032e-24 SA_r 0.667572 freedomratio 0.186446
Iter 10000000 pBad 2.30875e-19 T 7.81252e-14 Obj 1.00822 Rho 0 GRdif 4.79841 success 1092410 failure 4612407 obj_new 1.00822 SA_pAcc 0 Delta 1.6921e-20 SA_r 0.407477 freedomratio 0.180808
Cannot move further
iter 9.998e+06 obj1.00822 rho 0 GRdif 4.79835
Training:
Lab Growth Rates:
1.05 0.42 0.37 0.4 0.11 0.42 0.3 0.5 0.5 0.465 0.301 0.59 1.03 0.59 0.762 0.5 0.7 0.53 0.3 0.37 0.65 0.5 0.37 0.377 0.58 1.483 0.22 0.41 0.4 0.53 0.42 0.43 0.22 0.4 0.52 0.55 0.4 0.14 0.59 0.5 0.32 0.4 0.43 0.41 0.5 0.31 0.636 0.33 0.58 0.51 1.46 0.46 0.1 0.27 0.47 0.5 0.48 1.483 0.59 0.47 0.4 0.34 0.4 0.46 0.56 0.36 0.4 0.59 0.4 0.58 0.45 0.47 0.58 0.56 0.465 0.68 0.5 0.4 0.47 0.36 1.345 0.51 0.38 0.27 0.7 0.5 0.52 0.47 0.65 0.54 0.43 0.4 0.47 0.52 0.37 0.5 0.38 0.54 0.45 0.33 0.5 0.54 0.46 0.54 0.4 0.4 0.5 0.637 1.46 0.56 0.25 0.22 0.42 0.56 0.17 0.34 1.46 0.6 0.4 0.54 0.65 0.4 0.58 0.41 0.46 1.248 0.48 0.4 1.345 0.46 0.47 1.483 0.17 0.485 0.55 0.53 0.17 0.46 0.47 0.59 0.55 0.58 1.67 1.345 0.3 0.65 0.5 0.481 0.45 0.3 0.1 0.22 0.1 1.483 0.55 0.3 0.4 0.54 0.58 0.4 0.45 0.4 0.5 0.42 0.45 0.686 0.09 0.4 0.301 0.56 0.46 0.42 0.45 0.2 0.4 0.4 0.45 0.41 0.48 0.54 0.45 0.46 0.41 0.1 0.45 0.4 1.35 0.39 1.483 0.27 0.56 0.53 0.47 0.54 0.65 0.23 1.345 0.58 0.37 0.25 0.42 0.37 0.59 0.27 0.4 0.53 1.43 0.47 0.53 0.4 0.48 0.59 0.22 0.485 0.901 1.67 0.46 0.5 0.1 0.45 1.66 0.27 0.25 0.47 0.19 0.53 0.4 0.54 0.43 0.46 0.1 0.635 0.5 0.54 0.52 0.37 0.5 0.4 1.483 0.37 0.901 0.55 0.4 0.377 0.47 0.43 0.648 0.4 0.58 1.345 0.4 0.46 0.54 0.33 0.33 0.46 0.41 0.58 0.09 0.42 0.46 0.55 0.3 0.724 0.476 0.55 0.4 1.38 0.23 1.248 0.43 0.52 0.46 0.4 0.54 0.53 0.25 0.42 0.5 0.14 0.19 0.58 0.58 0.58 0.42 0.901 0.32 0.42 0.724 0.22 0.901 0.6 0.4 0.42 0.45 0.42 0.54 0.5 0.42 0.4 0.4 0.47 0.55 0.4 0.23 0.5 0.5 0.901 0.54 0.43 0.4 0.4 0.465 0.33 0.36 0.52 0.54 0.47 0.58 0.481 0.54 0.58 0.53 0.49 0.5 0.41 0.52 0.54 0.4 1.05 0.59 0.52 0.2 0.59 0.37 0.09 0.36 0.4 0.47 0.636 0.25 0.54 0.47 0.56 0.23 1.05 0.4 0.53 0.3 0.49 0.5 0.37 0.39 0.33 0.3 0.3 0.635 1.248 0.32 0.36 0.52 0.42 0.617 0.4 0.31 0.26 0.56 0.3 0.53 0.47 0.59 0.5 0.25 0.58 0.762 0.4 0.11 0.3 0.4 0.4 0.38 0.4 0.55 0.47 0.65 0.45 0.54 0.37 0.59 0.54 1.345 0.22 1.483 0.7 0.901 0.56 0.34 0.54 0.46 0.1 0.39 0.23 1.345 0.762 0.53 0.5 0.54 1.4 0.648 1.66 0.53 0.54 0.1 0.55 0.5 0.71 0.724 0.48 0.26 0.65 0.45 1.43 0.68 0.46 0.4 0.58 0.4 0.45 0.68 1.248 0.4 0.686 0.58 0.37 1.345 0.38 0.54 0.23 0.5 1.345 0.36 0.46 0.48 0.56 1.05 0.43 0.56 0.3 0.4 0.46 0.46 0.45 1.248 0.31 0.53 0.635 0.4 0.5 0.42 0.4 0.47 0.45 0.51 0.59 0.4 0.37 1.483 0.25 0.56 0.65 0.5 0.1 0.59 0.5 0.762 0.36 0.45 0.5 0.3 0.54 0.45 0.52 0.33 1.345 0.56 0.4 1.05 0.59 0.485 1.483 0.476 0.4 0.636 0.43 0.59 0.56 0.37 0.36 0.637 0.58 0.6 0.4 1.483 0.33 0.38 0.481 0.45 0.3 0.37 0.54 0.4 0.42 0.55 0.47 1.42 0.71 0.58 0.48 0.23 0.5 0.637 0.27 0.648 0.4 0.42 0.6 1.46 0.7 0.4 0.65 1.483 0.54 0.4 0.39 0.39 0.23 0.55 0.5 0.43 0.25 0.37 0.52 0.56 0.23 0.68 0.22 0.47 0.52 0.686 0.46 0.46 0.11 0.56 0.56 0.49 1.345 0.4 0.43 0.4 0.19 0.36 0.68 0.54 0.4 1.483 0.33 1.44 0.41 0.301 1.49 0.41 0.377 0.2 0.53 0.48 0.48 0.26 1.345 0.43 0.5 0.476 0.39 0.56 0.485 0.71 0.58
Dot Production Prediction of Lab Growth Rates:
1.05046 0.536009 0.437853 0.399913 0.331242 0.336127 0.386265 0.348739 0.375668 0.566999 0.570547 0.407938 1.38202 0.349565 0.887722 0.672955 0.715849 0.426702 0.428916 0.426535 0.640526 0.471225 0.42469 0.562045 0.465347 1.09252 0.467888 0.567259 0.395385 0.531091 0.543395 0.352861 0.459121 0.404523 0.351503 0.460033 0.399728 0.13914 0.55178 0.630768 0.30322 0.400677 0.398349 0.354774 0.461869 0.567508 0.730778 0.356216 0.466458 0.409397 1.02794 0.438874 0.859687 0.350491 0.47197 0.690386 0.309037 1.08296 0.326572 0.421389 0.40339 0.339554 0.397896 0.347993 0.53904 0.348577 0.403162 0.553219 0.402356 0.468309 0.375451 0.356086 0.361865 0.46312 0.567164 0.385059 0.464063 0.38737 0.348536 0.332804 1.12286 0.375285 0.3168 0.367273 0.699971 0.321694 0.400119 0.360567 0.649836 0.537218 0.366385 0.40168 0.389471 0.37111 0.403335 0.538357 0.325755 0.383526 0.404042 0.306969 0.331287 0.348061 0.421081 0.533243 0.399686 0.399495 0.70336 0.715176 1.04043 0.547344 0.363235 0.379227 0.331306 0.544479 0.423707 0.290489 1.03255 0.537552 0.400477 0.318457 0.651583 0.403284 0.352467 0.567195 0.30044 0.918189 0.334617 0.38898 1.1246 0.429757 0.447686 1.06552 0.326727 0.563334 0.549996 0.357957 0.336388 0.536423 0.389363 0.341209 0.551596 0.463928 1.39991 1.04055 0.565474 0.644226 0.463744 0.563956 1.48231 0.538722 0.458056 0.463611 0.374467 1.08995 0.452801 0.527975 0.400146 0.451335 0.339333 0.40175 0.394837 0.401741 0.532087 0.346481 1.51542 0.728005 0.428411 0.402108 0.568709 0.460772 0.415216 0.346116 0.32519 0.385454 0.403471 0.399881 1.46152 0.322025 0.308258 0.447851 0.361419 0.361314 0.568728 0.464371 1.47346 0.402557 1.23444 0.329567 1.06733 0.577275 0.464497 0.527785 0.32999 0.395077 0.660383 0.446441 1.07807 0.451116 0.429305 0.369758 0.336433 0.429121 0.309783 0.357794 0.39997 0.367015 1.3172 0.350077 0.529228 0.402608 0.31398 0.326695 0.464286 0.560989 0.888138 1.48955 0.510335 0.729847 1.40027 0.382756 1.66 0.395474 0.51647 0.343148 0.311873 0.335207 0.396394 0.392058 0.342611 0.459988 1.30212 0.718739 0.727947 0.358779 0.335479 0.43492 0.364296 0.403098 1.06671 0.439595 0.900982 0.460237 0.402688 0.561478 0.389651 0.401351 0.718606 0.401743 0.46715 1.07696 0.390261 0.453699 0.456711 0.368609 0.318862 0.458461 0.345536 0.383762 0.334286 0.362627 0.460321 0.436531 0.415151 0.721639 0.568082 0.553922 0.402419 1.3641 0.44728 0.909659 0.446927 0.379707 0.299159 0.393938 0.534785 0.52976 1.48223 0.381101 0.314796 0.140003 0.325061 0.463724 0.314543 0.360909 0.548681 0.901032 0.320877 0.326975 0.723976 0.464872 0.906257 0.555399 0.396371 0.315001 1.46458 0.336582 0.533695 0.712384 0.345569 0.399363 0.391503 0.339827 0.552344 0.39589 0.547243 0.540047 0.531759 0.902123 0.460176 0.427679 0.399911 0.397392 0.56974 0.330495 0.342892 0.384899 0.367547 0.400361 0.466976 0.564791 0.387046 0.385235 0.538194 0.360199 0.757441 0.381302 0.38635 0.458674 0.337696 1.05 0.54572 0.356331 0.417081 0.544521 0.38387 0.369936 0.34341 0.403621 0.368763 0.724498 0.310488 0.378065 0.46006 0.531116 0.542028 1.60666 0.399982 0.298117 0.267085 0.378534 0.338529 0.321636 0.377746 0.359037 0.511277 0.345716 0.718816 0.911746 0.340262 0.399517 0.3774 0.303945 0.607357 0.404474 0.563108 0.354819 0.545607 0.266691 0.388085 0.379057 0.54307 0.466195 0.541724 0.326589 0.875126 0.398445 0.373492 0.558602 0.39918 0.402624 0.324744 0.401461 0.556399 0.393832 0.640256 0.392791 0.545189 0.386996 0.3215 0.321411 1.08249 0.335991 1.06677 0.699173 0.900982 0.462836 0.314385 0.452062 0.345537 1.41666 0.320709 0.545026 1.12536 0.887903 0.543599 0.64228 0.548529 1.42217 0.713471 1.66 0.527365 0.28729 1.19186 0.448174 0.548221 0.720298 0.723719 0.312124 0.561077 0.663586 0.351125 1.31083 0.379436 0.534427 0.397695 0.459852 0.40044 0.366979 0.382059 0.91416 0.401618 0.726492 0.465258 0.426783 1.11222 0.380152 0.380683 0.549031 0.656616 1.14339 0.415561 0.391661 0.330673 0.46148 1.02962 0.4214 0.546359 0.480645 0.397384 0.434047 0.462381 1.53201 0.909436 0.555498 0.331208 0.717204 0.401679 0.392696 0.347827 0.399165 0.34734 0.336646 0.391646 0.394329 0.402335 0.438888 1.08109 0.370187 0.552113 0.660795 0.460403 1.18699 0.546829 0.31672 0.882626 0.324795 0.327545 0.311676 0.518262 0.394689 1.48393 0.335255 0.500087 1.06505 0.549789 0.402301 1.04872 0.314297 0.565835 1.12161 0.569222 0.400677 0.726245 0.354611 0.551866 0.529157 0.440171 0.327536 0.714451 0.296694 0.554359 0.400936 1.07424 0.437427 0.380896 0.567608 0.359731 0.271853 0.546731 0.348701 0.393826 0.386027 0.454737 0.354116 1.51605 0.726523 0.456407 0.307535 0.544486 0.347486 0.71599 0.310237 0.71775 0.396916 0.348979 0.553132 1.6153 0.70705 0.344394 0.649972 1.10382 0.535786 0.38716 0.350845 0.305568 0.446098 0.551007 0.331192 0.360026 0.864046 0.393072 0.341928 0.460715 0.548064 0.381146 0.419868 0.334604 0.356219 0.722329 0.466258 0.330595 0.359701 0.546572 0.548185 0.358003 1.09922 0.401335 0.453543 0.402725 0.329649 0.366311 0.385457 0.352507 0.397234 1.09033 0.478352 1.5188 0.353015 0.572578 1.53201 0.374232 0.561832 0.399582 0.486273 0.340421 0.338779 0.457027 1.09711 0.389171 0.750941 0.569453 0.333847 0.545086 0.569201 0.722167 0.466987
Testing:
Lab Growth Rates:
0.47 0.47 0.47
Dot Production Prediction of Lab Growth Rates:
0.418683 0.412259 0.385898
Best performance so far: 
Obj: 4.68392e-310Rho: 2.26291e-314Diff: 4.68392e-310
Anneal again with the best G and E so far as input
Cycle 2Round 1
Iter 500000 pBad 0.846515 T 0.00113976 Obj 1.04795 Rho 0 GRdif 27.4473 success 112762 failure 9038 obj_new 1.04795 SA_pAcc 1 Delta 0.0132209 SA_r 0.941778 freedomratio 0.271045
Iter 1000000 pBad 0.789923 T 0.000332555 Obj 1.02993 Rho 0 GRdif 17.2798 success 223537 failure 23692 obj_new 1.02993 SA_pAcc 1 Delta -0.0136175 SA_r 0.758758 freedomratio 0.267214
Iter 1500000 pBad 0.701272 T 9.70321e-05 Obj 1.02578 Rho 0 GRdif 14.9153 success 332733 failure 41875 obj_new 1.02578 SA_pAcc 0.862803 Delta 0.0330921 SA_r 0.456677 freedomratio 0.267702
Iter 2000000 pBad 0.576913 T 2.83118e-05 Obj 1.02127 Rho 0 GRdif 12.3317 success 438912 failure 68249 obj_new 1.02127 SA_pAcc 1 Delta 0.0431156 SA_r 0.990849 freedomratio 0.264919
Iter 2500000 pBad 0.453887 T 8.26073e-06 Obj 1.01758 Rho 0 GRdif 10.2116 success 542312 failure 99900 obj_new 1.01758 SA_pAcc 1 Delta 0.0378939 SA_r 0.579779 freedomratio 0.26278
Iter 3000000 pBad 0.30565 T 2.41029e-06 Obj 1.0131 Rho 0 GRdif 7.62856 success 634226 failure 155039 obj_new 1.0131 SA_pAcc 1 Delta 0.0198931 SA_r 0.389643 freedomratio 0.250534
Iter 3500000 pBad 0.18758 T 7.03269e-07 Obj 1.01074 Rho 0 GRdif 6.2589 success 710326 failure 247381 obj_new 1.01074 SA_pAcc 0.109462 Delta -0.00538882 SA_r 0.515923 freedomratio 0.243053
Iter 4000000 pBad 0.133005 T 2.05198e-07 Obj 1.0095 Rho 0 GRdif 5.54294 success 777385 failure 364965 obj_new 1.0095 SA_pAcc 0.357279 Delta 0.00522799 SA_r 0.00883048 freedomratio 0.227573
Iter 4500000 pBad 0.0482999 T 5.98721e-08 Obj 1.00901 Rho 0 GRdif 5.25796 success 818334 failure 552948 obj_new 1.00901 SA_pAcc 1 Delta 0.00107878 SA_r 0.523107 freedomratio 0.196578
Iter 5000000 pBad 0.0195556 T 1.74693e-08 Obj 1.00883 Rho 0 GRdif 5.15278 success 842766 failure 800358 obj_new 1.00883 SA_pAcc 1 Delta -0.000616509 SA_r 0.470157 freedomratio 0.176347
Iter 5500000 pBad 0.0129269 T 5.09715e-09 Obj 1.00876 Rho 0 GRdif 5.11285 success 858187 failure 1089411 obj_new 1.00876 SA_pAcc 2.54008e-05 Delta 0.000885298 SA_r 0.581479 freedomratio 0.166477
Iter 6000000 pBad 0.00568423 T 1.48723e-09 Obj 1.00873 Rho 0 GRdif 5.09543 success 868926 failure 1407354 obj_new 1.00873 SA_pAcc 1 Delta -0.000448641 SA_r 0.417683 freedomratio 0.157654
Iter 6500000 pBad 0.00252804 T 4.33941e-10 Obj 1.00872 Rho 0 GRdif 5.08751 success 875733 failure 1746070 obj_new 1.00872 SA_pAcc 1 Delta 8.68699e-07 SA_r 0.556489 freedomratio 0.154414
Iter 7000000 pBad 0.00290339 T 1.26614e-10 Obj 1.00871 Rho 0 GRdif 5.08409 success 880126 failure 2096891 obj_new 1.00871 SA_pAcc 1 Delta 0.000198836 SA_r 0.894185 freedomratio 0.151265
Iter 7500000 pBad 0.00110769 T 3.69431e-11 Obj 1.00871 Rho 0 GRdif 5.08388 success 883336 failure 2457026 obj_new 1.00871 SA_pAcc 0 Delta 0.000110457 SA_r 0.710491 freedomratio 0.148129
Iter 8000000 pBad 0.00116375 T 1.07792e-11 Obj 1.00871 Rho 0 GRdif 5.08076 success 886637 failure 2822711 obj_new 1.00871 SA_pAcc 1 Delta -7.45107e-05 SA_r 0.66842 freedomratio 0.145626
Iter 8500000 pBad 3.07632e-11 T 3.14512e-12 Obj 1.00871 Rho 0 GRdif 5.08024 success 888984 failure 3192746 obj_new 1.00871 SA_pAcc 0 Delta -4.56217e-13 SA_r 0.139244 freedomratio 0.144691
Iter 9000000 pBad 0.000350781 T 9.17673e-13 Obj 1.00871 Rho 0 GRdif 5.08073 success 892625 failure 3563667 obj_new 1.00871 SA_pAcc 0 Delta 2.51039e-05 SA_r 0.752952 freedomratio 0.14398
Iter 9500000 pBad 1.94029e-11 T 2.67756e-13 Obj 1.00871 Rho 0 GRdif 5.07917 success 894910 failure 3943002 obj_new 1.00871 SA_pAcc 1 Delta -5.48248e-13 SA_r 0.35892 freedomratio 0.141957
Good enough
iter 9.72449e+06 obj1.00871 rho 0 GRdif 5.07906
Training:
Lab Growth Rates:
1.05 0.42 0.37 0.4 0.11 0.42 0.3 0.5 0.5 0.465 0.301 0.59 1.03 0.59 0.762 0.5 0.7 0.53 0.3 0.37 0.65 0.5 0.37 0.377 0.58 1.483 0.22 0.41 0.4 0.53 0.42 0.43 0.22 0.4 0.52 0.55 0.4 0.14 0.59 0.5 0.32 0.4 0.43 0.41 0.5 0.31 0.636 0.33 0.58 0.51 1.46 0.46 0.1 0.27 0.47 0.5 0.48 1.483 0.59 0.47 0.4 0.34 0.4 0.46 0.56 0.36 0.4 0.59 0.4 0.58 0.45 0.47 0.58 0.56 0.465 0.68 0.5 0.4 0.47 0.36 1.345 0.51 0.38 0.27 0.7 0.5 0.52 0.47 0.65 0.54 0.43 0.4 0.47 0.52 0.37 0.5 0.38 0.54 0.45 0.33 0.5 0.54 0.46 0.54 0.4 0.4 0.5 0.637 1.46 0.56 0.25 0.22 0.42 0.56 0.17 0.34 1.46 0.6 0.4 0.54 0.65 0.4 0.58 0.41 0.46 1.248 0.48 0.4 1.345 0.46 0.47 1.483 0.17 0.485 0.55 0.53 0.17 0.46 0.47 0.59 0.55 0.58 1.67 1.345 0.3 0.65 0.5 0.481 0.45 0.3 0.1 0.22 0.1 1.483 0.55 0.3 0.4 0.54 0.58 0.4 0.45 0.4 0.5 0.42 0.45 0.686 0.09 0.4 0.301 0.56 0.46 0.42 0.45 0.2 0.4 0.4 0.45 0.41 0.48 0.54 0.45 0.46 0.41 0.1 0.45 0.4 1.35 0.39 1.483 0.27 0.56 0.53 0.47 0.54 0.65 0.23 1.345 0.58 0.37 0.25 0.42 0.37 0.59 0.27 0.4 0.53 1.43 0.47 0.53 0.4 0.48 0.59 0.22 0.485 0.901 1.67 0.46 0.5 0.1 0.45 1.66 0.27 0.25 0.47 0.19 0.53 0.4 0.54 0.43 0.46 0.1 0.635 0.5 0.54 0.52 0.37 0.5 0.4 1.483 0.37 0.901 0.55 0.4 0.377 0.47 0.43 0.648 0.4 0.58 1.345 0.4 0.46 0.54 0.33 0.33 0.46 0.41 0.58 0.09 0.42 0.46 0.55 0.3 0.724 0.476 0.55 0.4 1.38 0.23 1.248 0.43 0.52 0.46 0.4 0.54 0.53 0.25 0.42 0.5 0.14 0.19 0.58 0.58 0.58 0.42 0.901 0.32 0.42 0.724 0.22 0.901 0.6 0.4 0.42 0.45 0.42 0.54 0.5 0.42 0.4 0.4 0.47 0.55 0.4 0.23 0.5 0.5 0.901 0.54 0.43 0.4 0.4 0.465 0.33 0.36 0.52 0.54 0.47 0.58 0.481 0.54 0.58 0.53 0.49 0.5 0.41 0.52 0.54 0.4 1.05 0.59 0.52 0.2 0.59 0.37 0.09 0.36 0.4 0.47 0.636 0.25 0.54 0.47 0.56 0.23 1.05 0.4 0.53 0.3 0.49 0.5 0.37 0.39 0.33 0.3 0.3 0.635 1.248 0.32 0.36 0.52 0.42 0.617 0.4 0.31 0.26 0.56 0.3 0.53 0.47 0.59 0.5 0.25 0.58 0.762 0.4 0.11 0.3 0.4 0.4 0.38 0.4 0.55 0.47 0.65 0.45 0.54 0.37 0.59 0.54 1.345 0.22 1.483 0.7 0.901 0.56 0.34 0.54 0.46 0.1 0.39 0.23 1.345 0.762 0.53 0.5 0.54 1.4 0.648 1.66 0.53 0.54 0.1 0.55 0.5 0.71 0.724 0.48 0.26 0.65 0.45 1.43 0.68 0.46 0.4 0.58 0.4 0.45 0.68 1.248 0.4 0.686 0.58 0.37 1.345 0.38 0.54 0.23 0.5 1.345 0.36 0.46 0.48 0.56 1.05 0.43 0.56 0.3 0.4 0.46 0.46 0.45 1.248 0.31 0.53 0.635 0.4 0.5 0.42 0.4 0.47 0.45 0.51 0.59 0.4 0.37 1.483 0.25 0.56 0.65 0.5 0.1 0.59 0.5 0.762 0.36 0.45 0.5 0.3 0.54 0.45 0.52 0.33 1.345 0.56 0.4 1.05 0.59 0.485 1.483 0.476 0.4 0.636 0.43 0.59 0.56 0.37 0.36 0.637 0.58 0.6 0.4 1.483 0.33 0.38 0.481 0.45 0.3 0.37 0.54 0.4 0.42 0.55 0.47 1.42 0.71 0.58 0.48 0.23 0.5 0.637 0.27 0.648 0.4 0.42 0.6 1.46 0.7 0.4 0.65 1.483 0.54 0.4 0.39 0.39 0.23 0.55 0.5 0.43 0.25 0.37 0.52 0.56 0.23 0.68 0.22 0.47 0.52 0.686 0.46 0.46 0.11 0.56 0.56 0.49 1.345 0.4 0.43 0.4 0.19 0.36 0.68 0.54 0.4 1.483 0.33 1.44 0.41 0.301 1.49 0.41 0.377 0.2 0.53 0.48 0.48 0.26 1.345 0.43 0.5 0.476 0.39 0.56 0.485 0.71 0.58
Dot Production Prediction of Lab Growth Rates:
1.04993 0.510284 0.429493 0.381298 0.345181 0.290819 0.366343 0.342659 0.406374 0.630269 0.635086 0.373492 1.23947 0.312669 0.856881 0.810003 0.816086 0.424665 0.492567 0.410543 0.628755 0.480342 0.40953 0.632107 0.487574 1.33505 0.483443 0.623562 0.374127 0.532805 0.540693 0.355084 0.478813 0.388366 0.345636 0.491705 0.375814 0.373299 0.562376 0.70096 0.292851 0.402751 0.386162 0.365537 0.469851 0.575144 0.697373 0.368111 0.477361 0.428096 1.04404 0.402768 1.02643 0.326768 0.434694 0.822332 0.279511 1.29714 0.275222 0.432779 0.382258 0.342343 0.377773 0.362996 0.548704 0.353853 0.381722 0.552505 0.380464 0.468674 0.402466 0.344 0.384128 0.479007 0.632724 0.315528 0.480329 0.362699 0.353282 0.30288 1.34546 0.383341 0.25518 0.356271 0.794155 0.319537 0.408673 0.3661 0.649927 0.538152 0.381866 0.380368 0.354904 0.389891 0.4281 0.540738 0.268907 0.346582 0.400034 0.276335 0.335795 0.313014 0.42359 0.535545 0.383647 0.404313 0.83985 0.678403 1.0571 0.557305 0.349329 0.389973 0.274699 0.553641 0.420114 0.287986 1.03025 0.621974 0.377318 0.284479 0.655659 0.383826 0.39833 0.626742 0.297832 0.889868 0.331284 0.364515 1.34913 0.450205 0.435112 1.30231 0.281959 0.632339 0.545928 0.379597 0.297487 0.53086 0.388489 0.292418 0.553701 0.476882 1.36137 1.35279 0.658699 0.635938 0.479096 0.625809 1.37542 0.622336 0.41548 0.49087 0.319581 1.30781 0.493769 0.600243 0.37777 0.483823 0.334267 0.381724 0.37677 0.404345 0.531977 0.327441 1.48398 0.69549 0.443537 0.40675 0.632537 0.476022 0.381966 0.336239 0.35639 0.329443 0.383313 0.380723 1.40048 0.328152 0.288287 0.469498 0.31318 0.369274 0.626982 0.418567 1.43231 0.380753 1.12317 0.311701 1.325 0.567929 0.474102 0.497393 0.281842 0.360722 0.649979 0.433677 1.35903 0.449992 0.413345 0.334055 0.3223 0.427647 0.29695 0.363234 0.403151 0.378573 1.17348 0.378407 0.528259 0.383414 0.284945 0.312944 0.483172 0.631666 0.860288 1.47994 0.503154 0.86214 1.82636 0.357595 1.4701 0.364097 0.451508 0.338572 0.297945 0.303853 0.381517 0.385789 0.360713 0.459965 1.8812 0.689043 0.81956 0.386389 0.340615 0.425938 0.391895 0.391153 1.33914 0.432156 0.900012 0.489842 0.383541 0.625081 0.359422 0.372548 0.682582 0.382037 0.467076 1.32676 0.364546 0.4479 0.472685 0.324891 0.327326 0.457114 0.354472 0.385092 0.351394 0.352585 0.473753 0.475703 0.392536 0.693713 0.63277 0.555829 0.383254 1.24454 0.433958 0.881912 0.418192 0.365979 0.285889 0.370463 0.546391 0.539001 1.4556 0.402935 0.324929 0.370983 0.317278 0.474069 0.306737 0.351942 0.53564 0.900955 0.325541 0.305913 0.697598 0.48837 0.901066 0.648905 0.39744 0.313939 1.42739 0.325896 0.532676 0.847299 0.327415 0.363635 0.367462 0.350398 0.545333 0.370239 0.563993 0.565458 0.533801 0.903554 0.489131 0.402679 0.378432 0.37584 0.629616 0.304075 0.343974 0.368695 0.347315 0.423786 0.48504 0.628361 0.387211 0.380256 0.548075 0.387559 0.866587 0.405409 0.383978 0.479713 0.287526 1.06752 0.54359 0.393217 0.328704 0.546912 0.374478 0.370037 0.359921 0.382593 0.368457 0.705778 0.287218 0.373093 0.434069 0.528169 0.558244 1.37513 0.40374 0.265949 0.258055 0.402356 0.333013 0.251547 0.350601 0.375503 0.569702 0.316697 0.690312 0.880917 0.329821 0.429881 0.372371 0.277425 0.66971 0.38258 0.536204 0.377651 0.546196 0.260853 0.419355 0.375928 0.548183 0.490307 0.504673 0.35895 0.840511 0.380888 0.392394 0.64376 0.375718 0.381763 0.262604 0.380243 0.546164 0.381493 0.636605 0.413994 0.560762 0.398109 0.326546 0.340558 1.30978 0.346337 1.31143 0.788219 0.900953 0.479742 0.33254 0.481938 0.347902 1.37659 0.3166 0.54596 1.40952 0.852594 0.538668 0.783377 0.550402 1.39936 0.679288 1.50047 0.52629 0.260952 1.63491 0.495072 0.570693 0.683442 0.697347 0.306818 0.545396 0.665941 0.345959 1.18148 0.310563 0.513031 0.372644 0.476668 0.405256 0.344837 0.315255 0.883296 0.390099 0.697609 0.467651 0.422751 1.34955 0.380731 0.387163 0.558678 0.740831 1.38632 0.419647 0.399057 0.34265 0.473972 1.04028 0.389581 0.549429 0.558095 0.373147 0.386355 0.462387 1.46468 0.879591 0.54796 0.336999 0.690264 0.37926 0.452106 0.348696 0.400793 0.367706 0.30377 0.422548 0.351704 0.381174 0.431562 1.2836 0.340226 0.554938 0.663943 0.471846 1.58523 0.548878 0.313544 0.846391 0.337354 0.351279 0.313447 0.58989 0.354556 1.45691 0.35201 0.503819 1.31701 0.555431 0.382073 1.05668 0.299806 0.631406 1.36404 0.635086 0.380228 0.692891 0.328174 0.557566 0.525434 0.432131 0.350897 0.683404 0.292111 0.629722 0.388348 1.2912 0.457911 0.379706 0.630576 0.350605 0.259122 0.510694 0.336151 0.371201 0.339453 0.488777 0.358122 1.47303 0.6897 0.467322 0.288204 0.554429 0.381233 0.685475 0.270019 0.682673 0.371511 0.353524 0.659308 1.41287 0.802709 0.29237 0.639654 1.35682 0.540842 0.362483 0.311422 0.290135 0.433922 0.542616 0.320971 0.364695 1.05414 0.398202 0.357772 0.472026 0.548396 0.312907 0.441062 0.339385 0.365776 0.692804 0.466628 0.339207 0.358291 0.559555 0.552925 0.394423 1.34495 0.378836 0.411713 0.382485 0.323075 0.362453 0.317738 0.390153 0.374543 1.34569 0.490053 1.44755 0.373543 0.633166 1.46468 0.409263 0.626789 0.342638 0.443382 0.341538 0.346324 0.431752 1.33819 0.357355 0.85645 0.629074 0.316932 0.554827 0.63254 0.686567 0.476022
Testing:
Lab Growth Rates:
0.47 0.47 0.47
Dot Production Prediction of Lab Growth Rates:
0.383328 0.359429 0.353517
Best performance so far: 
Obj: 4.68392e-310Rho: 2.122e-314Diff: 4.68392e-310
Test:
 Lab Growth Rates:
0.47 0.47 0.47Dot Product Prediction of Growth Rate:
0.3833282 0.3594286 0.3535168