seed =  5 traits =  1 
Training: part  141 
Training: part  141 
Round  1 
 Goal of obj  0.99 
Temperature range:  0.00390625 7.8125e-14 
Cycle 1Round 1
Iter 500000 pBad 0.846135 T 0.00113976 Obj 1.06382 Rho 0 GRdif 36.252 success 146355 failure 10284 obj_new 1.06382 SA_pAcc 1 Delta 0.0636799 SA_r 0.517329 freedomratio 0.368785
Iter 1000000 pBad 0.790487 T 0.000332555 Obj 1.03496 Rho 0 GRdif 20.1374 success 289385 failure 28321 obj_new 1.03496 SA_pAcc 1 Delta -0.0514571 SA_r 0.73926 freedomratio 0.356448
Iter 1500000 pBad 0.719666 T 9.70321e-05 Obj 1.02486 Rho 0 GRdif 14.3884 success 430200 failure 50735 obj_new 1.02486 SA_pAcc 0.879361 Delta -0.0583517 SA_r 0.0647515 freedomratio 0.371356
Iter 2000000 pBad 0.59924 T 2.83118e-05 Obj 1.01895 Rho 0 GRdif 10.9983 success 566161 failure 81996 obj_new 1.01895 SA_pAcc 1 Delta 0.0214443 SA_r 0.851761 freedomratio 0.363975
Iter 2500000 pBad 0.531297 T 8.26073e-06 Obj 1.01522 Rho 0 GRdif 8.84901 success 697135 failure 123989 obj_new 1.01522 SA_pAcc 1.34529 Delta 0.0231485 SA_r 0.968591 freedomratio 0.367398
Iter 3000000 pBad 0.324491 T 2.41029e-06 Obj 1.01082 Rho 0 GRdif 6.30917 success 814596 failure 192670 obj_new 1.01082 SA_pAcc 0.960505 Delta 0.0219298 SA_r 0.255699 freedomratio 0.346336
Iter 3500000 pBad 0.185884 T 7.03269e-07 Obj 1.00972 Rho 0 GRdif 5.66948 success 908739 failure 307626 obj_new 1.00972 SA_pAcc 0.658698 Delta -0.00131208 SA_r 0.930705 freedomratio 0.318305
Iter 4000000 pBad 0.086533 T 2.05198e-07 Obj 1.00918 Rho 0 GRdif 5.36101 success 977726 failure 478446 obj_new 1.00919 SA_pAcc 3.05715e-22 Delta -0.000665026 SA_r 0.864072 freedomratio 0.288102
Iter 4500000 pBad 0.0508523 T 5.98721e-08 Obj 1.00898 Rho 0 GRdif 5.23604 success 1019528 failure 716517 obj_new 1.00898 SA_pAcc 1 Delta 0.005047 SA_r 0.96364 freedomratio 0.251394
Iter 5000000 pBad 0.0262982 T 1.74693e-08 Obj 1.00888 Rho 0 GRdif 5.18457 success 1046137 failure 1004249 obj_new 1.00889 SA_pAcc 1.45493e-153 Delta -0.00220467 SA_r 0.676508 freedomratio 0.224779
Iter 5500000 pBad 0.0117893 T 5.09715e-09 Obj 1.00885 Rho 0 GRdif 5.16443 success 1059927 failure 1333926 obj_new 1.00885 SA_pAcc 5.07811e-19 Delta 0.000781307 SA_r 0.348682 freedomratio 0.211019
Iter 6000000 pBad 0.00604194 T 1.48723e-09 Obj 1.00884 Rho 0 GRdif 5.15744 success 1068757 failure 1684469 obj_new 1.00884 SA_pAcc 5.36516e-207 Delta -0.000319923 SA_r 0.741574 freedomratio 0.202348
Iter 6500000 pBad 0.00266734 T 4.33941e-10 Obj 1.00883 Rho 0 GRdif 5.15414 success 1073573 failure 2050799 obj_new 1.00883 SA_pAcc 3.47748e-10 Delta 6.91301e-05 SA_r 0.397483 freedomratio 0.19724
Iter 7000000 pBad 0.00289864 T 1.26614e-10 Obj 1.00883 Rho 0 GRdif 5.15266 success 1076603 failure 2425350 obj_new 1.00883 SA_pAcc 1 Delta 0.000196698 SA_r 0.732905 freedomratio 0.194943
Iter 7500000 pBad 0.000610416 T 3.69431e-11 Obj 1.00883 Rho 0 GRdif 5.18643 success 1078522 failure 2805189 obj_new 1.00889 SA_pAcc 0 Delta -1.40455e-05 SA_r 0.271055 freedomratio 0.192573
Iter 8000000 pBad 0.00142073 T 1.07792e-11 Obj 1.00883 Rho 0 GRdif 5.15154 success 1080065 failure 3188782 obj_new 1.00883 SA_pAcc 0 Delta 2.88419e-05 SA_r 0.315701 freedomratio 0.189951
Iter 8500000 pBad 0.000768404 T 3.14512e-12 Obj 1.00883 Rho 0 GRdif 5.15146 success 1081548 failure 3574939 obj_new 1.00883 SA_pAcc 0 Delta 2.31672e-05 SA_r 0.752852 freedomratio 0.188728
Iter 9000000 pBad 2.48711e-10 T 9.17673e-13 Obj 1.00883 Rho 0 GRdif 5.15108 success 1085606 failure 3953861 obj_new 1.00883 SA_pAcc 1 Delta -1.09072e-11 SA_r 0.509094 freedomratio 0.182953
Iter 9500000 pBad 0.00100591 T 2.67756e-13 Obj 1.00883 Rho 0 GRdif 5.15099 success 1090843 failure 4315237 obj_new 1.00883 SA_pAcc 0 Delta -2.03235e-05 SA_r 0.475589 freedomratio 0.18324
Iter 10000000 pBad 2.73592e-108 T 7.81252e-14 Obj 1.00883 Rho 0 GRdif 5.15097 success 1093266 failure 4621030 obj_new 1.00883 SA_pAcc 1 Delta 1.87996e-109 SA_r 0.816471 freedomratio 0.171999
Cannot move further
iter 9.68384e+06 obj1.00883 rho 0 GRdif 5.15097
Training:
Lab Growth Rates:
0.65 1.05 1.345 0.48 0.47 0.36 0.3 0.56 0.52 0.41 1.483 0.55 0.22 0.58 1.483 0.5 0.46 0.51 0.37 1.248 0.23 0.26 0.22 0.5 0.2 1.46 0.377 0.31 0.19 0.32 0.48 0.55 0.47 0.4 0.23 1.483 1.345 1.345 0.45 0.36 0.26 0.42 0.09 1.483 0.55 0.3 0.25 1.43 0.23 0.55 0.59 0.38 0.71 0.59 1.66 0.476 0.636 0.23 0.56 0.5 0.56 0.5 0.53 0.3 0.5 0.6 0.34 0.59 0.54 0.5 0.46 0.42 0.481 0.46 0.58 0.4 0.47 0.46 0.47 0.5 0.636 0.5 0.52 0.58 0.52 0.54 0.47 0.53 0.47 0.4 0.762 0.5 0.53 0.58 0.5 0.5 0.55 0.901 0.54 0.42 0.54 1.483 0.762 0.4 0.48 0.54 1.248 0.1 0.45 0.53 0.54 0.38 0.686 0.33 0.45 0.485 0.4 0.4 0.46 1.05 0.4 0.4 0.45 0.45 0.5 0.901 0.55 0.47 0.1 0.648 0.465 0.48 0.37 0.617 0.22 0.724 0.762 0.33 0.39 0.45 0.47 0.53 0.37 0.42 0.4 0.4 0.4 1.483 0.54 0.648 0.4 0.42 0.17 0.4 0.54 0.6 1.05 1.345 0.65 0.636 0.39 0.53 0.59 0.49 0.47 0.46 0.42 0.54 1.248 0.32 0.55 0.48 0.45 0.34 0.43 0.58 0.37 0.36 0.25 0.5 0.637 0.55 0.71 0.31 0.46 0.52 0.4 0.4 0.59 0.33 0.55 0.51 0.4 0.54 0.4 0.46 0.635 0.59 0.58 0.46 0.49 0.58 0.5 0.3 0.55 0.45 1.248 0.47 1.248 0.58 0.59 0.3 1.345 0.45 0.33 0.3 0.54 0.54 0.19 0.5 0.901 0.3 0.11 0.71 0.27 0.47 0.37 0.54 0.4 0.686 1.05 0.53 1.67 0.4 0.3 0.42 0.56 1.03 0.25 0.4 1.483 0.33 0.476 0.37 0.4 0.377 0.25 0.5 0.25 0.4 0.4 0.46 0.56 0.901 0.1 0.37 0.4 0.33 0.54 0.42 0.58 1.49 0.59 1.345 0.46 0.47 0.54 0.56 0.4 0.43 0.42 0.45 1.345 0.39 0.4 0.53 0.46 0.45 0.39 0.27 0.38 0.5 0.23 0.37 0.52 0.46 0.23 0.09 1.66 0.4 0.7 0.1 0.58 0.637 0.53 0.56 0.47 1.345 0.5 0.58 0.52 0.37 0.65 0.48 0.5 0.4 1.483 0.48 0.43 0.47 0.3 0.6 0.41 0.485 0.7 0.39 0.55 0.56 0.3 0.45 0.485 0.4 0.5 0.4 0.481 0.46 0.56 0.56 0.43 0.33 0.47 0.19 0.56 1.483 0.54 0.5 0.42 0.45 0.27 0.5 0.41 0.37 0.4 0.43 0.47 0.54 1.05 0.17 0.14 0.53 0.23 0.53 0.59 0.36 0.5 0.58 0.36 0.54 0.47 0.42 0.43 0.4 0.47 0.47 0.1 0.42 0.4 0.52 1.345 0.54 0.22 0.43 0.34 0.25 0.55 0.301 0.59 0.56 1.38 0.7 0.17 0.49 0.5 0.45 0.4 0.3 0.14 0.56 0.33 0.4 0.22 0.56 1.35 0.42 1.345 1.67 0.4 0.38 0.36 0.38 0.42 0.56 0.37 0.3 0.46 0.68 0.59 0.635 1.345 1.483 0.46 0.476 0.648 0.4 0.43 0.37 0.54 0.68 0.41 0.5 0.52 0.68 0.635 0.36 0.47 0.4 0.41 0.58 0.11 0.56 0.7 0.51 0.37 0.41 0.43 0.36 0.43 0.42 0.68 0.11 0.46 0.27 0.54 0.52 0.54 0.59 0.1 1.46 0.47 1.42 0.22 0.45 0.59 1.44 0.32 0.58 0.46 0.45 0.54 0.5 0.4 0.39 0.45 0.52 0.4 0.54 0.09 0.485 0.4 1.46 0.4 0.42 0.4 0.4 0.41 0.58 0.58 0.54 0.27 0.53 0.5 0.65 0.58 0.2 0.27 0.481 0.58 0.4 0.45 0.52 0.65 0.4 0.47 0.65 0.53 0.65 0.68 0.46 0.43 0.58 0.22 0.31 0.4 0.47 0.901 0.5 0.43 0.46 0.54 0.36 1.483 0.42 0.52 0.465 0.37 0.65 0.65 1.345 0.2 0.33 0.5 0.4 0.4 0.637 0.25 0.1 0.5 0.377 0.37 0.5 0.53 0.41 0.5 0.37 0.41 0.26 0.59 0.4 0.901 0.3 0.54 0.4 1.43 1.46 0.5 0.56 0.48 1.483 0.4 0.58 0.23 0.5 0.301 0.46 0.45 0.724 0.4 0.58 0.6 0.59 0.4 0.4 0.3 0.53 0.22 0.4 1.4 0.724 0.23 0.762 0.25 0.301 0.47 0.54 0.4 0.4 0.48 0.686 0.59 0.4 0.42 0.465 0.1 0.1 0.56 0.4
Dot Production Prediction of Lab Growth Rates:
0.627353 1.62673 0.999271 0.304572 0.353325 0.319016 0.408716 0.535461 0.404229 0.380833 0.983538 0.547581 0.4476 0.467844 1.00423 0.581928 0.44926 0.39927 0.426029 1.24319 0.538024 0.54705 0.476363 0.380909 0.396585 1.00524 0.531382 0.562022 0.341168 0.315127 0.361909 0.54995 0.380449 0.399265 0.532327 0.976365 1.03278 0.972738 0.403293 0.365939 0.448809 0.581989 0.450003 1.01526 0.552258 0.336509 1.5468 1.34393 0.546819 0.552638 0.542946 0.316216 0.725478 0.335822 1.64145 0.539876 0.724798 0.44103 0.464475 0.34438 0.53624 0.475094 0.438376 0.367622 0.536103 0.438885 0.321837 0.543096 0.445277 0.376433 0.495442 0.333245 0.53871 0.468448 0.371233 0.398914 0.468817 0.356687 0.344188 0.537305 0.723299 0.412912 0.375715 0.360862 0.351426 0.416425 0.404712 0.393742 0.33968 0.399312 1.43395 0.46906 0.364542 0.363738 0.618094 0.572657 0.460657 0.901042 0.454057 0.331279 0.446144 1.01509 1.41923 0.400893 0.341697 0.340509 1.24951 1.06464 1.54504 0.530014 0.463796 0.371843 0.718527 0.317836 1.55024 0.533459 0.399217 0.401314 0.290871 1.05206 0.395208 0.401194 1.5224 0.33378 0.636479 0.901 0.459828 0.455601 1.17668 0.719536 0.536225 0.350195 0.419755 0.566173 0.474969 0.722021 1.43137 0.365487 0.360119 0.31282 0.359397 0.466089 0.306067 0.34934 0.400377 0.401448 0.400883 1.00225 0.379351 0.718879 0.40018 0.568078 0.325834 0.401804 0.538922 0.434688 1.01307 1.02298 0.679313 0.725453 0.339844 0.525298 0.351905 0.37 0.37074 0.460006 0.340947 0.439631 1.26177 0.328664 0.449019 0.307086 0.340259 0.338652 0.411607 0.377958 0.439276 0.339761 0.314533 0.570453 0.719843 0.54273 0.719572 0.562633 0.350225 0.374503 0.399236 0.401652 0.33193 0.479804 0.458345 0.423292 0.402245 0.549778 0.400785 0.458494 0.71687 0.326866 0.465407 0.309456 0.371172 0.475555 0.467184 0.300075 0.551231 0.401758 1.24292 0.341447 1.24793 0.368275 0.541792 0.423396 0.993088 1.53865 0.368893 0.422096 0.377811 0.541635 0.336893 0.535968 0.894872 0.447546 0.332952 0.716682 0.361937 0.448802 0.425784 0.409115 0.400229 0.722394 1.05 0.525614 1.54348 0.39907 0.307501 0.328568 0.53619 1.37956 0.341531 0.39877 0.99847 0.496994 0.53579 0.43531 0.401464 0.53156 0.352794 0.475934 0.356829 0.321495 0.40057 0.418263 0.475816 0.897291 0.742213 0.538239 0.401013 0.349857 0.323951 0.351795 0.469207 1.59552 0.319027 1.00903 0.439961 0.389359 0.370442 0.53994 0.399275 0.374576 0.40136 1.50799 1.00394 0.298406 0.400676 0.518327 0.466322 0.412749 0.335203 0.367142 0.323384 0.605937 0.535463 0.433319 0.369385 0.506709 0.440439 0.373208 1.66 0.401284 0.701105 1.49591 0.473028 0.721402 0.33703 0.531748 0.363688 1.03183 0.327999 0.462854 0.393433 0.419315 0.650036 0.317848 0.46407 0.39901 0.958459 0.344907 0.428102 0.364493 0.340112 0.441212 0.537793 0.538564 0.709191 0.319312 0.454267 0.540963 0.43883 0.328126 0.53751 0.399741 0.346678 0.402635 0.53603 0.499264 0.480137 0.539852 0.460838 0.322504 0.406255 0.335356 0.463324 0.987254 0.542799 0.335945 0.322339 0.37384 0.308147 0.672703 0.364905 0.389059 0.400591 0.354469 0.343299 0.413342 1.05004 0.432555 0.13984 0.53079 0.443394 0.352481 0.539675 0.418585 0.323185 0.343868 0.425053 0.392009 0.36934 0.344142 0.401541 0.401832 0.48132 0.345347 0.357631 0.304958 0.400382 0.405315 0.98999 0.54108 0.476966 0.360474 0.317632 0.534705 0.452449 0.534609 0.3778 0.476922 1.35636 0.693441 0.314903 0.396369 0.326079 1.59552 0.400861 0.372642 0.140021 0.543165 0.434284 0.399424 0.359515 0.538096 1.24349 0.315227 0.991678 1.39272 0.39978 0.318762 0.338413 0.378983 0.3409 0.533611 0.415564 0.417513 0.378637 0.517597 0.546713 0.715821 1.04021 0.970402 0.457593 0.541815 0.715165 0.4 0.402425 0.413249 0.534549 0.520741 0.537373 0.555853 0.389642 0.519197 0.719182 0.365429 0.404847 0.397811 0.379953 0.47439 0.385558 0.538391 0.690417 0.416001 0.426566 0.53761 0.434796 0.351175 0.384256 0.329378 0.522082 0.3916 0.386603 0.580067 0.548288 0.372971 0.338556 0.388811 0.982427 1.59527 0.424965 1.58153 0.403062 0.328947 0.54901 1.55448 0.358345 0.458981 0.329935 0.367177 0.393361 0.634508 0.325815 0.335166 0.368877 0.399279 0.402729 0.368759 0.344386 0.538422 0.398815 1.02484 0.40235 0.559797 0.403112 0.401682 0.321046 0.311227 0.461305 0.363683 0.32997 0.403377 0.47713 0.61235 0.324551 0.364262 0.384841 0.536608 0.397956 0.402296 1.56519 0.349217 0.673525 0.401069 0.355764 0.652708 0.528058 0.635408 0.521075 0.405125 0.367133 0.460729 0.48037 0.564787 0.400033 0.375727 0.881427 0.535593 0.361256 0.467521 0.463587 0.345546 0.997769 0.365607 0.37481 0.540376 0.435211 0.649969 0.637866 1.04099 0.39806 0.330183 0.590811 0.399987 0.40168 0.724187 0.50594 0.969136 0.546755 0.535307 0.394888 0.388671 0.29833 0.387178 0.326543 0.381382 0.334818 0.374734 0.333436 0.402598 1.27194 0.409489 0.362618 0.400936 1.35125 1.03259 0.649442 0.544462 0.308024 1.00356 0.400145 0.473801 0.543414 0.377465 0.538573 0.431253 0.345336 0.723863 0.398563 0.462376 0.443563 0.551749 0.399978 0.401738 0.292404 0.543562 0.472787 0.401238 1.4285 0.721936 0.542263 1.44892 0.734047 0.533486 0.371072 0.315615 0.399782 0.40094 0.316464 0.722358 0.33988 0.397464 0.311065 0.533749 0.435472 0.427166 0.462368 0.400084
Testing:
Lab Growth Rates:
0.4 0.4 0.4
Dot Production Prediction of Lab Growth Rates:
0.399916 0.402396 0.400241
Best performance so far: 
Obj: 4.66422e-310Rho: 2.26291e-314Diff: 4.66422e-310
Anneal again with the best G and E so far as input
Cycle 2Round 1
Iter 500000 pBad 0.838403 T 0.00113976 Obj 1.03843 Rho 0 GRdif 22.0967 success 115062 failure 8455 obj_new 1.03843 SA_pAcc 1 Delta -0.0631392 SA_r 0.0400533 freedomratio 0.277069
Iter 1000000 pBad 0.812768 T 0.000332555 Obj 1.03051 Rho 0 GRdif 17.6142 success 227559 failure 22317 obj_new 1.03051 SA_pAcc 0.821746 Delta 0.0497625 SA_r 0.772872 freedomratio 0.273576
Iter 1500000 pBad 0.679842 T 9.70321e-05 Obj 1.02818 Rho 0 GRdif 16.2862 success 337795 failure 41537 obj_new 1.02818 SA_pAcc 0.981362 Delta -0.0647606 SA_r 0.189153 freedomratio 0.273066
Iter 2000000 pBad 0.549495 T 2.83118e-05 Obj 1.02481 Rho 0 GRdif 14.3633 success 443932 failure 69439 obj_new 1.02481 SA_pAcc 1.04486 Delta 0.0478244 SA_r 0.43452 freedomratio 0.272305
Iter 2500000 pBad 0.491852 T 8.26073e-06 Obj 1.01955 Rho 0 GRdif 11.3473 success 543930 failure 110444 obj_new 1.01955 SA_pAcc 1 Delta -0.0149156 SA_r 0.00541733 freedomratio 0.266485
Iter 3000000 pBad 0.300378 T 2.41029e-06 Obj 1.01426 Rho 0 GRdif 8.29947 success 641851 failure 158097 obj_new 1.01426 SA_pAcc 1.00457 Delta -0.00032664 SA_r 0.00808378 freedomratio 0.251286
Iter 3500000 pBad 0.180269 T 7.03269e-07 Obj 1.01056 Rho 0 GRdif 6.1562 success 715973 failure 260370 obj_new 1.01056 SA_pAcc 0.541414 Delta -0.00304012 SA_r 0.362254 freedomratio 0.246012
Iter 4000000 pBad 0.132161 T 2.05198e-07 Obj 1.00961 Rho 0 GRdif 5.60458 success 777671 failure 393536 obj_new 1.00961 SA_pAcc 2.15975e-08 Delta -0.0127359 SA_r 0.165375 freedomratio 0.229444
Iter 4500000 pBad 0.0784981 T 5.98721e-08 Obj 1.00899 Rho 0 GRdif 5.24737 success 826108 failure 570210 obj_new 1.00899 SA_pAcc 2.96699e-68 Delta 0.00418316 SA_r 0.732844 freedomratio 0.204823
Iter 5000000 pBad 0.0368585 T 1.74693e-08 Obj 1.00875 Rho 0 GRdif 5.12456 success 855535 failure 811898 obj_new 1.00878 SA_pAcc 0 Delta -0.00362719 SA_r 0.240226 freedomratio 0.181368
Iter 5500000 pBad 0.0154323 T 5.09715e-09 Obj 1.00866 Rho 0 GRdif 5.05383 success 873357 failure 1101495 obj_new 1.00866 SA_pAcc 5.29857e-05 Delta 0.001035 SA_r 0.290725 freedomratio 0.166383
Iter 6000000 pBad 0.00855445 T 1.48723e-09 Obj 1.00862 Rho 0 GRdif 5.0281 success 885902 failure 1421926 obj_new 1.00862 SA_pAcc 1 Delta 0.000742009 SA_r 0.0495794 freedomratio 0.158593
Iter 6500000 pBad 0.00570039 T 4.33941e-10 Obj 1.00859 Rho 0 GRdif 5.01407 success 896146 failure 1767839 obj_new 1.00859 SA_pAcc 6.7586e-15 Delta -0.000510503 SA_r 0.273793 freedomratio 0.149604
Iter 7000000 pBad 0.0028995 T 1.26614e-10 Obj 1.00858 Rho 0 GRdif 5.00587 success 904713 failure 2135063 obj_new 1.00858 SA_pAcc 1 Delta 7.78513e-05 SA_r 0.0733519 freedomratio 0.144691
Iter 7500000 pBad 0.00132153 T 3.69431e-11 Obj 1.00857 Rho 0 GRdif 5.00318 success 912833 failure 2520202 obj_new 1.00857 SA_pAcc 0 Delta -7.39914e-05 SA_r 0.406928 freedomratio 0.135054
Iter 8000000 pBad 0.000855713 T 1.07792e-11 Obj 1.00857 Rho 0 GRdif 4.99936 success 919206 failure 2930201 obj_new 1.00857 SA_pAcc 0 Delta -7.55411e-05 SA_r 0.453251 freedomratio 0.132429
Iter 8500000 pBad 0.000170212 T 3.14512e-12 Obj 1.00857 Rho 0 GRdif 5.00014 success 927136 failure 3347519 obj_new 1.00857 SA_pAcc 0 Delta -1.44301e-05 SA_r 0.37078 freedomratio 0.128961
Iter 9000000 pBad 5.72756e-56 T 9.17673e-13 Obj 1.00856 Rho 0 GRdif 4.99757 success 931989 failure 3756425 obj_new 1.00856 SA_pAcc 1 Delta 3.40857e-57 SA_r 0.915071 freedomratio 0.127447
Iter 9500000 pBad 1.00167e-165 T 2.67756e-13 Obj 1.00856 Rho 0 GRdif 4.99759 success 931989 failure 4122254 obj_new 1.00856 SA_pAcc 0 Delta 1.17957e-167 SA_r 0.921593 freedomratio 0.12632
Good enough
iter 8.91057e+06 obj1.00856 rho 0 GRdif 4.99757
Training:
Lab Growth Rates:
0.65 1.05 1.345 0.48 0.47 0.36 0.3 0.56 0.52 0.41 1.483 0.55 0.22 0.58 1.483 0.5 0.46 0.51 0.37 1.248 0.23 0.26 0.22 0.5 0.2 1.46 0.377 0.31 0.19 0.32 0.48 0.55 0.47 0.4 0.23 1.483 1.345 1.345 0.45 0.36 0.26 0.42 0.09 1.483 0.55 0.3 0.25 1.43 0.23 0.55 0.59 0.38 0.71 0.59 1.66 0.476 0.636 0.23 0.56 0.5 0.56 0.5 0.53 0.3 0.5 0.6 0.34 0.59 0.54 0.5 0.46 0.42 0.481 0.46 0.58 0.4 0.47 0.46 0.47 0.5 0.636 0.5 0.52 0.58 0.52 0.54 0.47 0.53 0.47 0.4 0.762 0.5 0.53 0.58 0.5 0.5 0.55 0.901 0.54 0.42 0.54 1.483 0.762 0.4 0.48 0.54 1.248 0.1 0.45 0.53 0.54 0.38 0.686 0.33 0.45 0.485 0.4 0.4 0.46 1.05 0.4 0.4 0.45 0.45 0.5 0.901 0.55 0.47 0.1 0.648 0.465 0.48 0.37 0.617 0.22 0.724 0.762 0.33 0.39 0.45 0.47 0.53 0.37 0.42 0.4 0.4 0.4 1.483 0.54 0.648 0.4 0.42 0.17 0.4 0.54 0.6 1.05 1.345 0.65 0.636 0.39 0.53 0.59 0.49 0.47 0.46 0.42 0.54 1.248 0.32 0.55 0.48 0.45 0.34 0.43 0.58 0.37 0.36 0.25 0.5 0.637 0.55 0.71 0.31 0.46 0.52 0.4 0.4 0.59 0.33 0.55 0.51 0.4 0.54 0.4 0.46 0.635 0.59 0.58 0.46 0.49 0.58 0.5 0.3 0.55 0.45 1.248 0.47 1.248 0.58 0.59 0.3 1.345 0.45 0.33 0.3 0.54 0.54 0.19 0.5 0.901 0.3 0.11 0.71 0.27 0.47 0.37 0.54 0.4 0.686 1.05 0.53 1.67 0.4 0.3 0.42 0.56 1.03 0.25 0.4 1.483 0.33 0.476 0.37 0.4 0.377 0.25 0.5 0.25 0.4 0.4 0.46 0.56 0.901 0.1 0.37 0.4 0.33 0.54 0.42 0.58 1.49 0.59 1.345 0.46 0.47 0.54 0.56 0.4 0.43 0.42 0.45 1.345 0.39 0.4 0.53 0.46 0.45 0.39 0.27 0.38 0.5 0.23 0.37 0.52 0.46 0.23 0.09 1.66 0.4 0.7 0.1 0.58 0.637 0.53 0.56 0.47 1.345 0.5 0.58 0.52 0.37 0.65 0.48 0.5 0.4 1.483 0.48 0.43 0.47 0.3 0.6 0.41 0.485 0.7 0.39 0.55 0.56 0.3 0.45 0.485 0.4 0.5 0.4 0.481 0.46 0.56 0.56 0.43 0.33 0.47 0.19 0.56 1.483 0.54 0.5 0.42 0.45 0.27 0.5 0.41 0.37 0.4 0.43 0.47 0.54 1.05 0.17 0.14 0.53 0.23 0.53 0.59 0.36 0.5 0.58 0.36 0.54 0.47 0.42 0.43 0.4 0.47 0.47 0.1 0.42 0.4 0.52 1.345 0.54 0.22 0.43 0.34 0.25 0.55 0.301 0.59 0.56 1.38 0.7 0.17 0.49 0.5 0.45 0.4 0.3 0.14 0.56 0.33 0.4 0.22 0.56 1.35 0.42 1.345 1.67 0.4 0.38 0.36 0.38 0.42 0.56 0.37 0.3 0.46 0.68 0.59 0.635 1.345 1.483 0.46 0.476 0.648 0.4 0.43 0.37 0.54 0.68 0.41 0.5 0.52 0.68 0.635 0.36 0.47 0.4 0.41 0.58 0.11 0.56 0.7 0.51 0.37 0.41 0.43 0.36 0.43 0.42 0.68 0.11 0.46 0.27 0.54 0.52 0.54 0.59 0.1 1.46 0.47 1.42 0.22 0.45 0.59 1.44 0.32 0.58 0.46 0.45 0.54 0.5 0.4 0.39 0.45 0.52 0.4 0.54 0.09 0.485 0.4 1.46 0.4 0.42 0.4 0.4 0.41 0.58 0.58 0.54 0.27 0.53 0.5 0.65 0.58 0.2 0.27 0.481 0.58 0.4 0.45 0.52 0.65 0.4 0.47 0.65 0.53 0.65 0.68 0.46 0.43 0.58 0.22 0.31 0.4 0.47 0.901 0.5 0.43 0.46 0.54 0.36 1.483 0.42 0.52 0.465 0.37 0.65 0.65 1.345 0.2 0.33 0.5 0.4 0.4 0.637 0.25 0.1 0.5 0.377 0.37 0.5 0.53 0.41 0.5 0.37 0.41 0.26 0.59 0.4 0.901 0.3 0.54 0.4 1.43 1.46 0.5 0.56 0.48 1.483 0.4 0.58 0.23 0.5 0.301 0.46 0.45 0.724 0.4 0.58 0.6 0.59 0.4 0.4 0.3 0.53 0.22 0.4 1.4 0.724 0.23 0.762 0.25 0.301 0.47 0.54 0.4 0.4 0.48 0.686 0.59 0.4 0.42 0.465 0.1 0.1 0.56 0.4
Dot Production Prediction of Lab Growth Rates:
0.641449 1.44969 1.32005 0.2602 0.348655 0.300624 0.400741 0.535795 0.424077 0.415035 1.30259 0.544668 0.501448 0.470343 1.35732 0.745562 0.499447 0.409025 0.43327 1.24193 0.542757 0.604228 0.473337 0.390517 0.366708 1.04953 0.546501 0.638148 0.299008 0.302047 0.364275 0.545995 0.384144 0.388047 0.532257 1.30813 1.37554 1.31718 0.403178 0.362444 0.459023 0.616895 0.477156 1.33365 0.557561 0.305997 1.40995 1.19092 0.541855 0.557085 0.539064 0.268516 0.709996 0.310105 1.51705 0.54717 0.707855 0.438315 0.474439 0.35473 0.539043 0.475244 0.471042 0.504283 0.533827 0.592631 0.311405 0.544416 0.456716 0.382204 0.537389 0.323438 0.546309 0.467857 0.390021 0.397946 0.442566 0.365237 0.356469 0.558831 0.712006 0.462099 0.335872 0.380418 0.360043 0.407925 0.413636 0.455245 0.307905 0.402125 1.45869 0.471525 0.389127 0.375095 0.837405 0.745209 0.473199 0.900996 0.475263 0.31928 0.45738 1.35149 1.45101 0.391695 0.323604 0.309851 1.25107 1.13541 1.38463 0.524321 0.48311 0.351762 0.706664 0.307151 1.37279 0.543464 0.398907 0.401052 0.266424 1.09128 0.374467 0.400726 1.3576 0.33197 0.8172 0.902886 0.476555 0.432552 1.20026 0.701002 0.548335 0.337247 0.419271 0.547313 0.479971 0.710043 1.45227 0.361279 0.361603 0.26253 0.381135 0.470905 0.260806 0.322216 0.399015 0.398488 0.397208 1.30496 0.402287 0.702189 0.398545 0.585227 0.309963 0.401573 0.544195 0.615635 1.04999 1.34921 0.65306 0.707788 0.329872 0.524221 0.339987 0.386331 0.377494 0.460863 0.30263 0.4602 1.2583 0.330918 0.462114 0.248904 0.34916 0.33095 0.397977 0.391787 0.459486 0.324563 0.291036 0.767823 0.702964 0.548226 0.703034 0.64865 0.351063 0.395177 0.400054 0.402168 0.312908 0.543009 0.473692 0.449063 0.401448 0.552336 0.397865 0.466306 0.69989 0.302137 0.466834 0.29434 0.403706 0.476301 0.479032 0.30074 0.548857 0.415316 1.24624 0.338602 1.24799 0.366677 0.538072 0.594755 1.32518 1.37583 0.366171 0.591522 0.35394 0.541835 0.279275 0.532331 0.897914 0.632253 0.325902 0.699288 0.361148 0.454694 0.42868 0.403388 0.402287 0.708788 1.05641 0.508257 1.41009 0.390434 0.308999 0.300841 0.532076 1.28516 0.337962 0.400411 1.34147 0.553459 0.541716 0.43692 0.399987 0.544089 0.334327 0.483814 0.334759 0.292589 0.401982 0.409614 0.473072 0.897352 1.04716 0.596579 0.40216 0.331047 0.285875 0.324002 0.470125 1.45135 0.310263 1.33744 0.448431 0.388629 0.382197 0.537189 0.396625 0.378363 0.415761 1.32857 1.34595 0.275977 0.401199 0.547273 0.459985 0.436521 0.339473 0.354514 0.284374 0.819887 0.535203 0.435887 0.376161 0.564026 0.438027 0.375857 1.5315 0.402128 0.738789 1.35868 0.467913 0.706493 0.322567 0.532308 0.36881 1.3335 0.312655 0.457732 0.360694 0.422287 0.657987 0.307731 0.469615 0.396858 1.31225 0.328412 0.416828 0.367486 0.433559 0.621727 0.552706 0.544973 0.74044 0.307203 0.473758 0.548418 0.607337 0.293189 0.547379 0.395409 0.332925 0.402111 0.542556 0.55891 0.473983 0.534023 0.480267 0.303955 0.428095 0.277539 0.473147 1.29412 0.532303 0.316347 0.30793 0.360125 0.269999 0.868957 0.369074 0.394158 0.39332 0.353335 0.363081 0.450888 1.0899 0.46259 0.139998 0.529533 0.438369 0.357808 0.53723 0.444908 0.302787 0.35843 0.44798 0.382854 0.348189 0.320525 0.381638 0.401229 0.453394 0.325863 0.328242 0.284662 0.397393 0.412764 1.30125 0.548493 0.467007 0.37046 0.303798 0.591477 0.465743 0.561478 0.3794 0.478812 1.29524 0.735251 0.280522 0.411917 0.305503 1.45135 0.400209 0.348685 0.140249 0.554122 0.48351 0.398792 0.381718 0.532861 1.15822 0.287235 1.34477 1.3199 0.400004 0.291921 0.307667 0.37982 0.31703 0.527381 0.415457 0.569349 0.388483 0.300846 0.536742 0.705234 1.37354 1.29577 0.454238 0.547362 0.697171 0.39944 0.401342 0.43193 0.534836 0.303361 0.557597 0.746829 0.39561 0.301592 0.705743 0.362584 0.39688 0.396841 0.399834 0.472316 0.392882 0.529984 0.739265 0.439803 0.430272 0.557239 0.456522 0.355994 0.382873 0.311918 0.303626 0.411463 0.404604 0.609185 0.539123 0.383855 0.326383 0.401554 1.03423 1.48233 0.423443 1.47589 0.424408 0.329 0.531882 1.41728 0.353514 0.463433 0.319601 0.393377 0.407857 0.843401 0.30328 0.331364 0.376731 0.35003 0.404078 0.382063 0.334822 0.547729 0.392743 1.05764 0.40154 0.598671 0.401893 0.397913 0.306217 0.276816 0.468886 0.392482 0.308529 0.43711 0.478456 0.630325 0.299778 0.328761 0.379347 0.540382 0.422838 0.39678 1.40306 0.346392 0.65009 0.394216 0.357443 0.662531 0.531964 0.649997 0.303991 0.421535 0.360093 0.46919 0.471373 0.629964 0.398639 0.376334 0.891081 0.539559 0.331554 0.45597 0.48823 0.359068 1.31616 0.340989 0.383307 0.546156 0.436397 0.621388 0.64997 1.34598 0.366503 0.302602 0.795924 0.397191 0.399841 0.710828 0.550842 1.03305 0.548183 0.551756 0.405551 0.4184 0.253359 0.403757 0.300406 0.391506 0.328493 0.361959 0.335282 0.401543 1.28811 0.563799 0.367634 0.398338 1.18344 1.08179 0.892246 0.552523 0.270317 1.32038 0.403912 0.476866 0.533892 0.383797 0.563732 0.426966 0.304909 0.711168 0.399291 0.46981 0.60943 0.552972 0.394484 0.403751 0.295358 0.541608 0.477342 0.399641 1.3826 0.709768 0.54137 1.47834 1.06941 0.561397 0.3839 0.319599 0.398782 0.398354 0.29055 0.70785 0.342212 0.387989 0.296497 0.541559 0.438303 0.42458 0.470914 0.400508
Testing:
Lab Growth Rates:
0.4 0.4 0.4
Dot Production Prediction of Lab Growth Rates:
0.397298 0.401726 0.397216
Best performance so far: 
Obj: 4.66422e-310Rho: 6.5069e-314Diff: 4.66422e-310
Test:
 Lab Growth Rates:
0.4 0.4 0.4Dot Product Prediction of Growth Rate:
0.3972981 0.401726 0.3972159