seed =  5 traits =  1 
Training: part  35 
Training: part  35 
Round  1 
 Goal of obj  0.99 
Temperature range:  0.00390625 3.125e-09 
Cycle 1Round 1
Iter 500000 pBad 0.859129 T 0.00193604 Obj 1.07287 Rho 0 GRdif 41.3589 success 146511 failure 10110 obj_new 1.07287 SA_pAcc 0.949966 Delta -0.070283 SA_r 0.765459 freedomratio 0.363187
Iter 1000000 pBad 0.819411 T 0.000959554 Obj 1.04897 Rho 0 GRdif 28.1132 success 290912 failure 24983 obj_new 1.04897 SA_pAcc 0.856108 Delta 0.0647814 SA_r 0.797994 freedomratio 0.3675
Iter 1500000 pBad 0.807055 T 0.000475581 Obj 1.03617 Rho 0 GRdif 20.8925 success 434363 failure 41758 obj_new 1.03617 SA_pAcc 1.00495 Delta -0.0320304 SA_r 0.370393 freedomratio 0.365672
Iter 2000000 pBad 0.758251 T 0.00023571 Obj 1.0291 Rho 0 GRdif 16.8661 success 576682 failure 62165 obj_new 1.0291 SA_pAcc 1 Delta -0.0231575 SA_r 0.923593 freedomratio 0.368421
Iter 2500000 pBad 0.712537 T 0.000116824 Obj 1.02395 Rho 0 GRdif 13.9147 success 717920 failure 84231 obj_new 1.02395 SA_pAcc 1 Delta 0.0650883 SA_r 0.116708 freedomratio 0.363412
Iter 3000000 pBad 0.673037 T 5.79012e-05 Obj 1.02046 Rho 0 GRdif 11.9088 success 857451 failure 111119 obj_new 1.02046 SA_pAcc 0.953377 Delta 0.0102131 SA_r 0.700645 freedomratio 0.362069
Iter 3500000 pBad 0.545749 T 2.86974e-05 Obj 1.01884 Rho 0 GRdif 10.9749 success 994237 failure 142521 obj_new 1.01884 SA_pAcc 1 Delta 0.0334555 SA_r 0.599203 freedomratio 0.366812
Iter 4000000 pBad 0.478634 T 1.42232e-05 Obj 1.01711 Rho 0 GRdif 9.97634 success 1125325 failure 182904 obj_new 1.01711 SA_pAcc 1 Delta -0.0392427 SA_r 0.133475 freedomratio 0.354858
Iter 4500000 pBad 0.400152 T 7.04938e-06 Obj 1.0134 Rho 0 GRdif 7.82603 success 1246692 failure 242019 obj_new 1.0134 SA_pAcc 1 Delta -0.0290696 SA_r 0.635664 freedomratio 0.351675
Iter 5000000 pBad 0.345248 T 3.49386e-06 Obj 1.00907 Rho 0 GRdif 5.31216 success 1357670 failure 322738 obj_new 1.00908 SA_pAcc 0.194154 Delta -0.0280721 SA_r 0.271598 freedomratio 0.342458
Iter 5500000 pBad 0.284282 T 1.73165e-06 Obj 1.00847 Rho 0 GRdif 4.95861 success 1463661 failure 412570 obj_new 1.00847 SA_pAcc 0.635233 Delta -0.00937841 SA_r 0.205972 freedomratio 0.349792
Iter 6000000 pBad 0.226216 T 8.58252e-07 Obj 1.00796 Rho 0 GRdif 4.66461 success 1557402 failure 528447 obj_new 1.00796 SA_pAcc 1.31032 Delta -0.0122009 SA_r 0.010445 freedomratio 0.320786
Iter 6500000 pBad 0.110241 T 4.25372e-07 Obj 1.00761 Rho 0 GRdif 4.45957 success 1633577 failure 682858 obj_new 1.00761 SA_pAcc 0.652561 Delta -0.00344951 SA_r 0.623666 freedomratio 0.30046
Iter 7000000 pBad 0.0682507 T 2.10826e-07 Obj 1.00744 Rho 0 GRdif 4.35866 success 1689996 failure 882989 obj_new 1.00744 SA_pAcc 1 Delta 6.23769e-05 SA_r 0.465376 freedomratio 0.278409
Iter 7500000 pBad 0.0607327 T 1.04491e-07 Obj 1.00731 Rho 0 GRdif 4.28167 success 1733928 failure 1117640 obj_new 1.00731 SA_pAcc 0.121571 Delta 0.0051184 SA_r 0.0877618 freedomratio 0.255319
Iter 8000000 pBad 0.045957 T 5.17884e-08 Obj 1.00722 Rho 0 GRdif 4.23075 success 1768546 failure 1382527 obj_new 1.00722 SA_pAcc 3.31518e-11 Delta 0.0032587 SA_r 0.0275534 freedomratio 0.23883
Iter 8500000 pBad 0.0294191 T 2.56677e-08 Obj 1.00715 Rho 0 GRdif 4.19118 success 1796273 failure 1673206 obj_new 1.00715 SA_pAcc 1.76733 Delta 0.000648592 SA_r 0.135564 freedomratio 0.227115
Iter 9000000 pBad 0.0227499 T 1.27216e-08 Obj 1.00711 Rho 0 GRdif 4.1675 success 1817293 failure 1988378 obj_new 1.00711 SA_pAcc 3.08993e-188 Delta 0.00135133 SA_r 0.909965 freedomratio 0.21015
Iter 9500000 pBad 0.0156793 T 6.30516e-09 Obj 1.00708 Rho 0 GRdif 4.14894 success 1833812 failure 2324751 obj_new 1.00708 SA_pAcc 5.33199e-146 Delta 0.00143416 SA_r 0.25047 freedomratio 0.202549
Iter 10000000 pBad 0.00856485 T 3.125e-09 Obj 1.00707 Rho 0 GRdif 4.14047 success 1845150 failure 2681076 obj_new 1.00707 SA_pAcc 0.731425 Delta -0.000325386 SA_r 0.969764 freedomratio 0.195414
Cannot move further
iter 9.99999e+06 obj1.00707 rho 0 GRdif 4.14046
Training:
Lab Growth Rates:
0.59 0.48 0.47 0.58 0.5 0.686 1.483 0.47 1.345 0.58 0.4 0.56 0.55 0.27 0.724 0.43 0.59 0.43 0.46 0.45 0.54 0.22 0.5 0.56 0.23 1.483 0.56 0.42 0.47 0.47 0.3 0.58 0.56 0.1 0.47 0.37 0.45 0.33 0.1 0.49 0.7 0.5 1.248 0.45 0.25 0.59 0.33 0.4 0.4 0.45 0.54 0.46 0.48 0.5 0.48 0.5 0.42 0.43 0.476 0.46 1.345 0.59 0.5 1.345 0.4 1.483 0.5 0.5 1.483 0.59 0.37 0.68 0.54 0.58 0.46 1.46 0.3 0.58 0.31 0.52 0.4 0.58 0.1 0.686 0.617 0.5 0.58 0.47 0.25 0.58 0.54 0.47 0.36 0.476 0.5 0.37 0.4 0.27 0.65 0.71 0.23 1.248 0.4 0.54 0.53 0.377 0.25 0.4 0.4 0.46 0.4 0.41 1.345 0.68 0.68 1.483 0.17 0.36 1.345 0.4 0.65 1.345 0.41 0.42 0.47 0.4 1.67 0.59 0.58 0.5 0.3 0.485 0.65 0.19 0.3 0.22 0.5 1.43 0.56 0.58 0.485 0.52 0.5 0.51 1.483 0.68 0.27 0.47 0.4 0.46 0.5 0.52 0.485 0.5 0.53 0.59 0.59 0.5 0.09 1.248 0.4 0.43 0.7 0.45 0.42 1.38 0.56 0.36 0.43 0.33 0.1 0.45 0.54 0.53 0.4 0.41 0.4 0.56 0.4 0.52 1.345 0.36 0.54 1.05 0.5 0.377 0.53 0.3 0.55 0.56 0.52 0.17 0.23 0.4 0.4 0.37 0.39 0.65 0.37 0.25 0.3 0.7 0.476 0.4 0.4 1.345 0.37 0.4 0.54 0.54 0.43 0.49 0.23 0.25 0.65 0.59 0.11 0.4 0.54 0.55 0.53 0.39 0.54 0.45 0.56 0.46 0.37 0.637 0.6 0.23 0.55 0.65 0.46 0.59 0.55 0.56 0.58 0.686 0.4 0.4 0.58 0.481 0.58 0.636 0.22 0.47 0.4 0.4 0.4 0.27 0.3 0.56 0.26 0.54 0.45 0.56 0.4 0.53 0.4 0.4 0.59 0.58 0.47 0.19 0.55 0.46 0.37 0.53 0.4 0.901 0.4 0.58 0.3 0.11 1.35 0.45 0.42 0.46 0.42 0.47 0.1 0.4 0.54 0.52 0.42 1.4 0.71 0.648 0.34 0.39 0.481 0.36 0.37 0.33 0.42 0.4 0.43 0.47 0.34 0.46 0.4 0.4 0.42 0.38 0.33 0.38 0.7 0.47 0.45 0.23 0.5 0.54 0.23 0.48 0.635 0.54 1.483 0.58 0.1 0.48 0.59 0.5 1.05 0.52 1.345 0.65 0.1 1.483 0.2 0.4 0.58 0.4 0.47 0.11 0.36 0.4 0.09 0.53 0.37 0.1 0.762 0.54 0.56 1.483 0.45 0.58 0.4 0.27 0.45 0.23 0.301 0.43 0.59 0.5 0.58 0.3 0.4 0.4 0.37 1.67 1.05 1.483 0.54 0.41 0.54 0.4 0.55 1.46 0.5 0.5 0.32 0.37 0.481 0.43 0.37 0.3 0.38 0.465 0.47 0.48 0.5 0.5 0.42 0.54 0.53 0.47 0.42 0.46 0.71 0.636 0.32 0.22 0.59 0.14 0.42 0.22 0.41 0.42 0.5 0.5 0.53 0.55 0.3 0.43 0.45 0.19 0.47 0.65 0.41 1.42 0.55 0.47 0.53 0.465 0.3 0.56 0.637 0.6 0.301 0.636 0.41 0.2 0.09 1.05 1.46 0.47 0.52 0.46 0.54 0.33 0.901 0.55 0.5 0.54 0.58 0.46 0.39 0.47 0.43 0.54 0.26 0.39 0.4 0.17 0.42 0.485 0.901 0.5 0.25 0.4 0.55 0.23 0.5 0.53 0.52 0.31 0.901 0.36 0.1 0.46 0.4 0.4 0.32 0.47 1.03 0.4 0.47 0.54 1.483 0.27 0.53 0.55 0.48 0.65 0.45 0.52 1.345 0.3 0.47 0.53 0.22 0.4 0.22 0.51 0.5 0.45 0.43 0.42 0.724 0.6 0.46 0.4 0.53 0.42 0.762 0.46 0.46 0.4 0.54 0.54 0.48 0.36 0.54 0.377 0.5 0.56 0.39 1.44 0.25 0.45 0.46 1.43 0.2 0.54 1.345 0.762 0.54 1.05 0.56 0.42 0.25 0.37 0.762 0.3 0.635 0.56 1.248 0.648 0.38 0.31 0.33 0.724 1.46 0.4 0.37 0.52 0.34 0.14 0.59 0.41 0.37 0.5 0.4 0.4 0.51 0.648 0.46 0.6 0.301 1.483 0.59 0.4 1.345 0.68 0.52 0.4 1.248 0.56 0.58 0.901 0.33 0.5 0.41 0.465 0.4 0.4 0.4 0.635 0.45 0.4 0.637 0.22 1.66 0.901 0.4 0.42 0.4 0.38 0.45 0.49 0.33 0.26 0.48 1.66 0.45 0.36 0.46 0.5
Dot Production Prediction of Lab Growth Rates:
0.369581 0.34279 0.327435 0.299992 0.652232 0.711483 1.45881 0.323677 1.45604 0.375712 0.401135 0.550975 0.446758 0.275704 0.710727 0.319168 0.54506 0.398485 0.374979 0.298942 0.560139 0.348008 0.731075 0.552802 0.379661 1.4753 0.545112 0.272435 0.328174 0.317389 0.302118 0.350695 0.470704 0.897564 0.322128 0.377347 0.34579 0.407131 1.04611 0.373799 0.701576 0.835408 0.956009 1.56573 1.55095 0.546059 0.420516 0.399643 0.404224 1.53282 0.53723 0.47475 0.338347 0.555359 0.348577 0.486688 0.335325 0.356181 0.472686 0.45675 1.42103 0.563557 0.336475 1.38813 0.402242 1.44616 0.486879 0.489096 1.48297 0.322766 0.385657 0.545328 0.502001 0.318098 0.366971 1.06914 0.286868 0.484167 0.522576 0.356971 0.377577 0.368233 0.370743 0.711762 0.526568 0.335131 0.477286 0.34093 0.435248 0.46414 0.474139 0.304043 0.334529 0.474664 0.545092 0.378224 0.4029 0.294138 0.643319 0.709817 0.38042 0.949443 0.395932 0.325472 0.375061 0.453581 0.320286 0.400848 0.401784 0.321643 0.390823 0.4574 1.39221 0.539824 0.539039 1.47232 0.240429 0.345129 1.41626 0.402208 0.649486 1.37973 0.323661 0.344172 0.319192 0.392122 1.60194 0.540526 0.474205 0.857331 0.299998 0.458025 0.662863 0.285987 0.544021 0.33754 0.527371 1.06226 0.473874 0.330749 0.472276 0.335244 0.55299 0.352143 1.48305 0.544948 0.3376 0.336664 0.400949 0.307381 0.532479 0.32118 0.459221 0.354438 0.363782 0.286718 0.371778 0.699648 0.348237 0.969444 0.403626 0.332674 0.700011 0.375316 0.333117 1.28784 0.475482 0.358091 0.28298 0.316674 0.91504 0.379426 0.319201 0.343387 0.382026 0.368198 0.401004 0.559496 0.401128 0.348777 1.39963 0.344579 0.326925 1.0486 0.322137 0.45103 0.542995 0.434606 0.46898 0.470663 0.327973 0.226137 0.559403 0.377803 0.394172 0.381606 0.325112 0.641331 0.388317 0.291525 0.598134 0.711057 0.475857 0.396735 0.407997 1.36651 0.351646 0.39863 0.480336 0.53982 0.349149 0.373443 0.544428 0.450616 0.656167 0.272835 0.322563 0.402928 0.555822 0.480011 0.536252 0.29192 0.361595 0.368258 0.551119 0.374534 0.314412 0.708345 0.605321 0.543398 0.541879 0.663874 0.462756 0.541221 0.536709 0.483392 0.477667 0.709874 0.400899 0.383206 0.470412 0.46283 0.357732 0.711583 0.474747 0.334841 0.386338 0.402355 0.294825 0.337715 0.515485 0.540549 0.371136 0.475173 0.298235 0.551395 0.401336 0.546171 0.406192 0.394598 0.297771 0.47689 0.332641 0.274217 0.554475 0.461139 0.277347 0.525331 0.399164 0.90058 0.400258 0.49209 0.294023 0.321356 0.978403 1.56933 0.308753 0.448297 0.336677 0.385381 0.880756 0.389086 0.333488 0.359288 0.602563 1.40001 0.712488 0.703496 0.328853 0.302928 0.468641 0.300949 0.476551 0.3194 0.322225 0.406652 0.335287 0.380456 0.318834 0.485647 0.401708 0.395727 0.354968 0.340925 0.285285 0.276129 0.698991 0.422607 1.51834 0.533516 0.361901 0.49149 0.554928 0.312423 0.707091 0.34706 1.42009 0.376371 0.374952 0.322005 0.357826 0.351636 1.30084 0.335155 1.47572 0.65323 1.1052 1.40483 0.322587 0.400487 0.473461 0.378201 0.328745 0.351745 0.360931 0.379406 0.389163 0.510587 0.38459 1.45976 0.909246 0.542635 0.549783 1.44522 0.309904 0.479316 0.393174 0.315461 1.61271 0.553235 0.449985 0.331755 0.29816 0.362153 0.30286 0.337977 0.400333 0.385915 0.385435 1.36013 1.04982 1.43835 0.324487 0.349471 0.381274 0.399709 0.547521 1.33736 0.604899 0.398206 0.332153 0.371487 0.464405 0.366078 0.373512 0.485256 0.273898 0.471959 0.285157 0.346981 0.655149 0.481019 0.315596 0.32575 0.365833 0.418652 0.310411 0.389929 0.710839 0.728393 0.324059 0.323165 0.543173 0.140023 0.27652 0.472599 0.459486 0.309852 0.309154 0.330677 0.52244 0.476062 0.588036 0.35702 0.348407 0.269046 0.345262 0.617416 0.453483 1.54492 0.478157 0.333362 0.483719 0.478254 0.550278 0.554673 0.705761 0.57382 0.452115 0.716844 0.383888 0.3219 0.336733 1.05155 1.07459 0.359736 0.296493 0.380929 0.543374 0.32079 0.901072 0.563365 0.477656 0.342845 0.473295 0.340877 0.343676 0.361951 0.330756 0.366609 0.483563 0.319949 0.393882 0.324857 0.554836 0.471841 0.903756 0.630373 0.306698 0.309818 0.464282 0.380522 0.335381 0.312001 0.343343 0.503292 0.900998 0.360276 0.296704 0.366436 0.389675 0.350078 0.308618 0.367849 1.23607 0.402498 0.293867 0.526526 1.48303 0.515622 0.404313 0.563418 0.294469 0.624588 0.288815 0.318387 1.43264 0.529781 0.373467 0.27683 0.457901 0.403189 0.460845 0.367131 0.472155 1.59757 0.337714 0.307432 0.711151 0.569182 0.327503 0.390217 0.325654 0.341867 0.895968 0.444553 0.468177 0.39959 0.354629 0.281957 0.322934 0.359711 0.302298 0.454769 0.738491 0.470252 0.320059 1.58878 0.835815 0.354994 0.344689 1.02564 0.308867 0.484408 1.45325 0.909089 0.351987 1.05 0.533361 0.55372 0.308347 0.361774 0.908174 0.312628 0.707379 0.548977 0.955589 0.700517 0.329261 0.541756 0.335993 0.714266 1.07366 0.404909 0.37893 0.332842 0.340277 0.139886 0.553572 0.331268 0.36008 0.734252 0.392523 0.402484 0.381676 0.706471 0.460069 0.562078 0.448806 1.40993 0.317598 0.387938 1.48588 0.548346 0.358247 0.403225 0.952515 0.523583 0.474994 0.902988 0.329877 0.322143 0.351004 0.478289 0.399421 0.383626 0.401014 0.703724 0.342627 0.402981 0.704817 0.461618 1.31418 0.896892 0.403572 0.328463 0.399443 0.295415 1.53385 0.383891 0.380314 0.348611 0.276622 1.21349 0.354509 0.298257 0.336518 0.719221
Testing:
Lab Growth Rates:
1.49
Dot Production Prediction of Lab Growth Rates:
1.56573
Best performance so far: 
Obj: 4.65286e-310Rho: 2.26291e-314Diff: 4.65286e-310
Anneal again with the best G and E so far as input
Cycle 2Round 1
Iter 500000 pBad 0.826397 T 0.00193604 Obj 1.04771 Rho 0 GRdif 27.4036 success 106976 failure 9611 obj_new 1.04771 SA_pAcc 1 Delta -0.0801904 SA_r 0.0862761 freedomratio 0.251712
Iter 1000000 pBad 0.812482 T 0.000959554 Obj 1.03576 Rho 0 GRdif 20.6609 success 212111 failure 22027 obj_new 1.03576 SA_pAcc 0.954568 Delta -0.0723548 SA_r 0.836238 freedomratio 0.252795
Iter 1500000 pBad 0.782473 T 0.000475581 Obj 1.0292 Rho 0 GRdif 16.9239 success 315340 failure 37775 obj_new 1.0292 SA_pAcc 1 Delta 0.0104237 SA_r 0.901705 freedomratio 0.253996
Iter 2000000 pBad 0.728168 T 0.00023571 Obj 1.02638 Rho 0 GRdif 15.3132 success 417382 failure 56920 obj_new 1.02638 SA_pAcc 0.704115 Delta 0.0648582 SA_r 0.222196 freedomratio 0.251928
Iter 2500000 pBad 0.673845 T 0.000116824 Obj 1.02444 Rho 0 GRdif 14.1972 success 518429 failure 79736 obj_new 1.02444 SA_pAcc 1 Delta 0.0268347 SA_r 0.140285 freedomratio 0.247059
Iter 3000000 pBad 0.654624 T 5.79012e-05 Obj 1.02134 Rho 0 GRdif 12.4182 success 618174 failure 104823 obj_new 1.02134 SA_pAcc 0.818384 Delta 0.0549716 SA_r 0.475658 freedomratio 0.252252
Iter 3500000 pBad 0.55989 T 2.86974e-05 Obj 1.01961 Rho 0 GRdif 11.4171 success 715398 failure 135428 obj_new 1.01961 SA_pAcc 1 Delta -0.0193571 SA_r 0.363408 freedomratio 0.249153
Iter 4000000 pBad 0.463353 T 1.42232e-05 Obj 1.01785 Rho 0 GRdif 10.4044 success 810424 failure 171022 obj_new 1.01785 SA_pAcc 1 Delta -0.0296038 SA_r 0.234726 freedomratio 0.251497
Iter 4500000 pBad 0.394501 T 7.04938e-06 Obj 1.01613 Rho 0 GRdif 9.40646 success 899250 failure 217876 obj_new 1.01613 SA_pAcc 1 Delta 0.0308793 SA_r 0.765027 freedomratio 0.248101
Iter 5000000 pBad 0.304174 T 3.49386e-06 Obj 1.01088 Rho 0 GRdif 6.36816 success 981627 failure 281789 obj_new 1.01089 SA_pAcc 0.0216397 Delta 0.0264289 SA_r 0.128067 freedomratio 0.24
Iter 5500000 pBad 0.266274 T 1.73165e-06 Obj 1.00987 Rho 0 GRdif 5.77609 success 1058879 failure 355716 obj_new 1.00987 SA_pAcc 1 Delta -0.0240759 SA_r 0.0460886 freedomratio 0.233333
Iter 6000000 pBad 0.204924 T 8.58252e-07 Obj 1.00927 Rho 0 GRdif 5.42339 success 1128480 failure 445947 obj_new 1.00927 SA_pAcc 1.54355 Delta -0.0044544 SA_r 0.461023 freedomratio 0.2352
Iter 6500000 pBad 0.134223 T 4.25372e-07 Obj 1.00867 Rho 0 GRdif 5.07868 success 1186096 failure 567015 obj_new 1.00867 SA_pAcc 1 Delta 0.0053734 SA_r 0.614021 freedomratio 0.217778
Iter 7000000 pBad 0.0772068 T 2.10826e-07 Obj 1.00827 Rho 0 GRdif 4.84045 success 1231630 failure 724067 obj_new 1.00827 SA_pAcc 19.7359 Delta -0.00699298 SA_r 0.976721 freedomratio 0.204593
Iter 7500000 pBad 0.0553997 T 1.04491e-07 Obj 1.0081 Rho 0 GRdif 4.74212 success 1266744 failure 915989 obj_new 1.0081 SA_pAcc 1 Delta -0.0046933 SA_r 0.893266 freedomratio 0.192283
Iter 8000000 pBad 0.0397324 T 5.17884e-08 Obj 1.00801 Rho 0 GRdif 4.70897 success 1291842 failure 1143489 obj_new 1.00804 SA_pAcc 2.43157e-252 Delta -0.00346255 SA_r 0.00381436 freedomratio 0.180368
Iter 8500000 pBad 0.0284751 T 2.56677e-08 Obj 1.00795 Rho 0 GRdif 4.65351 success 1312090 failure 1393998 obj_new 1.00795 SA_pAcc 0.919312 Delta -2.02309e-05 SA_r 0.480561 freedomratio 0.17198
Iter 9000000 pBad 0.0198041 T 1.27216e-08 Obj 1.00791 Rho 0 GRdif 4.63505 success 1326912 failure 1669830 obj_new 1.00791 SA_pAcc 1 Delta 0.000641559 SA_r 0.681887 freedomratio 0.162836
Iter 9500000 pBad 0.01286 T 6.30516e-09 Obj 1.0079 Rho 0 GRdif 4.62807 success 1336782 failure 1967063 obj_new 1.0079 SA_pAcc 1.00159 Delta 1.86576e-07 SA_r 0.454919 freedomratio 0.160568
Good enough
iter 9.99997e+06 obj1.00789 rho 0 GRdif 4.62229
Training:
Lab Growth Rates:
0.59 0.48 0.47 0.58 0.5 0.686 1.483 0.47 1.345 0.58 0.4 0.56 0.55 0.27 0.724 0.43 0.59 0.43 0.46 0.45 0.54 0.22 0.5 0.56 0.23 1.483 0.56 0.42 0.47 0.47 0.3 0.58 0.56 0.1 0.47 0.37 0.45 0.33 0.1 0.49 0.7 0.5 1.248 0.45 0.25 0.59 0.33 0.4 0.4 0.45 0.54 0.46 0.48 0.5 0.48 0.5 0.42 0.43 0.476 0.46 1.345 0.59 0.5 1.345 0.4 1.483 0.5 0.5 1.483 0.59 0.37 0.68 0.54 0.58 0.46 1.46 0.3 0.58 0.31 0.52 0.4 0.58 0.1 0.686 0.617 0.5 0.58 0.47 0.25 0.58 0.54 0.47 0.36 0.476 0.5 0.37 0.4 0.27 0.65 0.71 0.23 1.248 0.4 0.54 0.53 0.377 0.25 0.4 0.4 0.46 0.4 0.41 1.345 0.68 0.68 1.483 0.17 0.36 1.345 0.4 0.65 1.345 0.41 0.42 0.47 0.4 1.67 0.59 0.58 0.5 0.3 0.485 0.65 0.19 0.3 0.22 0.5 1.43 0.56 0.58 0.485 0.52 0.5 0.51 1.483 0.68 0.27 0.47 0.4 0.46 0.5 0.52 0.485 0.5 0.53 0.59 0.59 0.5 0.09 1.248 0.4 0.43 0.7 0.45 0.42 1.38 0.56 0.36 0.43 0.33 0.1 0.45 0.54 0.53 0.4 0.41 0.4 0.56 0.4 0.52 1.345 0.36 0.54 1.05 0.5 0.377 0.53 0.3 0.55 0.56 0.52 0.17 0.23 0.4 0.4 0.37 0.39 0.65 0.37 0.25 0.3 0.7 0.476 0.4 0.4 1.345 0.37 0.4 0.54 0.54 0.43 0.49 0.23 0.25 0.65 0.59 0.11 0.4 0.54 0.55 0.53 0.39 0.54 0.45 0.56 0.46 0.37 0.637 0.6 0.23 0.55 0.65 0.46 0.59 0.55 0.56 0.58 0.686 0.4 0.4 0.58 0.481 0.58 0.636 0.22 0.47 0.4 0.4 0.4 0.27 0.3 0.56 0.26 0.54 0.45 0.56 0.4 0.53 0.4 0.4 0.59 0.58 0.47 0.19 0.55 0.46 0.37 0.53 0.4 0.901 0.4 0.58 0.3 0.11 1.35 0.45 0.42 0.46 0.42 0.47 0.1 0.4 0.54 0.52 0.42 1.4 0.71 0.648 0.34 0.39 0.481 0.36 0.37 0.33 0.42 0.4 0.43 0.47 0.34 0.46 0.4 0.4 0.42 0.38 0.33 0.38 0.7 0.47 0.45 0.23 0.5 0.54 0.23 0.48 0.635 0.54 1.483 0.58 0.1 0.48 0.59 0.5 1.05 0.52 1.345 0.65 0.1 1.483 0.2 0.4 0.58 0.4 0.47 0.11 0.36 0.4 0.09 0.53 0.37 0.1 0.762 0.54 0.56 1.483 0.45 0.58 0.4 0.27 0.45 0.23 0.301 0.43 0.59 0.5 0.58 0.3 0.4 0.4 0.37 1.67 1.05 1.483 0.54 0.41 0.54 0.4 0.55 1.46 0.5 0.5 0.32 0.37 0.481 0.43 0.37 0.3 0.38 0.465 0.47 0.48 0.5 0.5 0.42 0.54 0.53 0.47 0.42 0.46 0.71 0.636 0.32 0.22 0.59 0.14 0.42 0.22 0.41 0.42 0.5 0.5 0.53 0.55 0.3 0.43 0.45 0.19 0.47 0.65 0.41 1.42 0.55 0.47 0.53 0.465 0.3 0.56 0.637 0.6 0.301 0.636 0.41 0.2 0.09 1.05 1.46 0.47 0.52 0.46 0.54 0.33 0.901 0.55 0.5 0.54 0.58 0.46 0.39 0.47 0.43 0.54 0.26 0.39 0.4 0.17 0.42 0.485 0.901 0.5 0.25 0.4 0.55 0.23 0.5 0.53 0.52 0.31 0.901 0.36 0.1 0.46 0.4 0.4 0.32 0.47 1.03 0.4 0.47 0.54 1.483 0.27 0.53 0.55 0.48 0.65 0.45 0.52 1.345 0.3 0.47 0.53 0.22 0.4 0.22 0.51 0.5 0.45 0.43 0.42 0.724 0.6 0.46 0.4 0.53 0.42 0.762 0.46 0.46 0.4 0.54 0.54 0.48 0.36 0.54 0.377 0.5 0.56 0.39 1.44 0.25 0.45 0.46 1.43 0.2 0.54 1.345 0.762 0.54 1.05 0.56 0.42 0.25 0.37 0.762 0.3 0.635 0.56 1.248 0.648 0.38 0.31 0.33 0.724 1.46 0.4 0.37 0.52 0.34 0.14 0.59 0.41 0.37 0.5 0.4 0.4 0.51 0.648 0.46 0.6 0.301 1.483 0.59 0.4 1.345 0.68 0.52 0.4 1.248 0.56 0.58 0.901 0.33 0.5 0.41 0.465 0.4 0.4 0.4 0.635 0.45 0.4 0.637 0.22 1.66 0.901 0.4 0.42 0.4 0.38 0.45 0.49 0.33 0.26 0.48 1.66 0.45 0.36 0.46 0.5
Dot Production Prediction of Lab Growth Rates:
0.335993 0.350532 0.311896 0.287927 0.865819 0.679739 1.4815 0.308228 1.5186 0.349477 0.40142 0.553715 0.441433 0.283012 0.669798 0.338956 0.5449 0.390581 0.387159 0.319657 0.558914 0.342271 0.876979 0.555192 0.407241 1.4661 0.545685 0.311641 0.324304 0.337393 0.309144 0.355448 0.463704 1.17038 0.34127 0.403897 0.361289 0.407516 1.25025 0.3655 0.739925 0.933577 0.916506 1.31269 1.31202 0.549652 0.426552 0.397976 0.400421 1.27803 0.54526 0.460012 0.352877 0.554865 0.33437 0.468152 0.340934 0.35228 0.564959 0.459351 1.45649 0.553914 0.33931 1.41442 0.402535 1.47863 0.473676 0.470983 1.48045 0.327907 0.400259 0.318882 0.480671 0.307003 0.334011 1.05268 0.295568 0.466131 0.527752 0.347326 0.389544 0.346519 0.335236 0.678495 0.601334 0.354762 0.468766 0.340447 0.398079 0.462872 0.470163 0.326615 0.322849 0.564978 0.55037 0.399154 0.40124 0.316203 0.650009 0.673283 0.406703 0.914618 0.398735 0.308975 0.362224 0.543836 0.332895 0.397824 0.398823 0.311027 0.396486 0.55333 1.4203 0.314613 0.317837 1.48292 0.26293 0.34304 1.45539 0.400896 0.669989 1.38447 0.326555 0.339021 0.308995 0.39461 1.36075 0.545068 0.476503 0.950807 0.309088 0.553603 0.671379 0.26729 0.58185 0.367341 0.535423 0.899126 0.461074 0.337617 0.563065 0.349799 0.549542 0.33941 1.50353 0.32077 0.303255 0.318459 0.400301 0.317805 0.537539 0.330159 0.5568 0.345757 0.341478 0.322706 0.343374 0.873337 0.350206 0.934634 0.40006 0.323729 0.734751 0.360323 0.332473 1.09416 0.46958 0.366789 0.312729 0.302127 1.05141 0.387164 0.328188 0.354511 0.389444 0.332512 0.403048 0.556245 0.401569 0.335797 1.44688 0.356745 0.311663 1.05533 0.316584 0.544472 0.541797 0.47697 0.457518 0.459904 0.340395 0.243305 0.550817 0.384246 0.397106 0.395828 0.331263 0.639265 0.405105 0.304371 0.645164 0.760635 0.568758 0.39727 0.405862 1.37324 0.358314 0.397381 0.46654 0.539211 0.36631 0.362343 0.544739 0.435998 0.65693 0.284801 0.322404 0.401997 0.542668 0.455589 0.522842 0.280387 0.325517 0.37811 0.545517 0.35515 0.339857 0.668747 0.625656 0.547063 0.5501 0.661049 0.472147 0.55034 0.547101 0.469752 0.465321 0.671324 0.400061 0.390428 0.475021 0.555075 0.351966 0.675346 0.473744 0.364719 0.39017 0.398372 0.294073 0.326264 0.567142 0.548765 0.394104 0.454107 0.308219 0.551016 0.400179 0.543573 0.404251 0.396628 0.298459 0.475123 0.345219 0.285689 0.551194 0.470802 0.291515 0.53204 0.398321 0.864939 0.403208 0.47687 0.298287 0.307983 0.831036 1.2997 0.326295 0.455321 0.331696 0.36895 1.14915 0.394167 0.313334 0.348628 0.562629 1.28919 0.682369 0.668846 0.339999 0.273848 0.56093 0.301291 0.45233 0.336417 0.327537 0.405401 0.322415 0.38674 0.35847 0.483126 0.402778 0.397623 0.361922 0.339305 0.303425 0.280137 0.751976 0.448399 1.27828 0.53606 0.358084 0.466414 0.549552 0.314011 0.67508 0.375668 1.44597 0.381177 0.336668 0.332183 0.344763 0.339036 1.1512 0.326377 1.48725 0.6504 1.38116 1.42882 0.330625 0.399457 0.463688 0.387675 0.351902 0.332957 0.344361 0.388335 0.37679 0.519935 0.399768 1.26007 0.88165 0.524895 0.552087 1.45976 0.318297 0.468947 0.391298 0.306606 1.33094 0.554417 0.547265 0.325626 0.317151 0.332374 0.318056 0.337964 0.400435 0.38817 0.401357 1.25744 1.05 1.4885 0.326372 0.345123 0.373054 0.397266 0.552657 1.14299 0.789892 0.420318 0.317047 0.373255 0.556032 0.376096 0.404232 0.523069 0.29468 0.561396 0.288535 0.337642 0.864721 0.465236 0.333361 0.34286 0.380294 0.423197 0.312719 0.377495 0.676882 0.691334 0.330052 0.327528 0.546812 0.140003 0.301797 0.476482 0.550146 0.326203 0.328239 0.347042 0.522657 0.457865 0.640303 0.337825 0.359387 0.269039 0.328292 0.629549 0.549067 1.32087 0.458065 0.344431 0.467178 0.565185 0.612029 0.556859 0.668337 0.590751 0.546631 0.681821 0.376846 0.328944 0.338353 1.05001 1.02818 0.359899 0.3332 0.349822 0.539178 0.330101 0.901023 0.554673 0.477146 0.321606 0.458601 0.33352 0.335487 0.354745 0.31457 0.363181 0.518174 0.289625 0.395714 0.32439 0.534328 0.563652 0.905757 0.832484 0.311068 0.304905 0.452091 0.406907 0.317008 0.303811 0.338975 0.505003 0.901092 0.350907 0.295001 0.356327 0.393843 0.329171 0.319059 0.361429 1.12613 0.402404 0.312892 0.537504 1.48312 0.515741 0.402151 0.555764 0.293661 0.63431 0.293724 0.330327 1.48413 0.581733 0.371748 0.312281 0.466945 0.401167 0.46632 0.360343 0.462078 1.32796 0.322223 0.315131 0.675041 0.595614 0.330696 0.395058 0.332354 0.318872 0.86417 0.424778 0.458559 0.399444 0.323405 0.290543 0.362295 0.384617 0.303206 0.543364 0.918232 0.462787 0.337466 1.32305 1.02286 0.341035 0.334596 0.901182 0.30744 0.469184 1.48884 0.878509 0.316564 1.04202 0.535847 0.526871 0.317923 0.386906 0.870056 0.309816 0.671754 0.546943 0.908862 0.659661 0.320961 0.508136 0.335043 0.678655 1.06144 0.400852 0.405661 0.336912 0.334406 0.142148 0.558714 0.323941 0.362015 0.878753 0.396562 0.401482 0.363696 0.671224 0.460037 0.583297 0.547995 1.41499 0.315611 0.394091 1.50503 0.319664 0.373985 0.402697 0.907308 0.531085 0.462091 0.901002 0.315254 0.321731 0.355688 0.564803 0.399427 0.392128 0.400557 0.673123 0.328233 0.40107 0.667287 0.468314 1.06815 0.901003 0.402263 0.329874 0.400529 0.284118 1.2737 0.360372 0.379984 0.35912 0.289516 1.04884 0.355656 0.309002 0.306395 0.914054
Testing:
Lab Growth Rates:
1.49
Dot Production Prediction of Lab Growth Rates:
1.31268
Best performance so far: 
Obj: 4.65286e-310Rho: 6.5069e-314Diff: 4.65286e-310
Test:
 Lab Growth Rates:
1.49Dot Product Prediction of Growth Rate:
1.312678