seed =  5 traits =  1 
Training: part  139 
Training: part  139 
Round  1 
 Goal of obj  0.99 
Temperature range:  0.0078125 1.5625e-13 
Cycle 1Round 1
Iter 500000 pBad 0.891869 T 0.00227952 Obj 1.08828 Rho 0 GRdif 49.5773 success 148350 failure 6414 obj_new 1.08828 SA_pAcc 0.84955 Delta -0.0830678 SA_r 0.221914 freedomratio 0.375641
Iter 1000000 pBad 0.862567 T 0.000665111 Obj 1.07431 Rho 0 GRdif 42.0051 success 293979 failure 16966 obj_new 1.07431 SA_pAcc 0.968847 Delta -0.0317906 SA_r 0.326799 freedomratio 0.374202
Iter 1500000 pBad 0.790557 T 0.000194064 Obj 1.0362 Rho 0 GRdif 20.8388 success 438510 failure 31827 obj_new 1.0362 SA_pAcc 1.02093 Delta -0.0332776 SA_r 0.287882 freedomratio 0.367398
Iter 2000000 pBad 0.69951 T 5.66236e-05 Obj 1.026 Rho 0 GRdif 15.0404 success 580729 failure 51160 obj_new 1.026 SA_pAcc 0.754867 Delta -0.0595982 SA_r 0.366137 freedomratio 0.371356
Iter 2500000 pBad 0.606981 T 1.65215e-05 Obj 1.01914 Rho 0 GRdif 11.1079 success 719016 failure 80014 obj_new 1.01914 SA_pAcc 0.808574 Delta 0.042868 SA_r 0.23828 freedomratio 0.373248
Iter 3000000 pBad 0.43505 T 4.82059e-06 Obj 1.01336 Rho 0 GRdif 7.77493 success 849138 failure 123500 obj_new 1.01336 SA_pAcc 2.96662 Delta 0.0385084 SA_r 0.0269816 freedomratio 0.347156
Iter 3500000 pBad 0.308867 T 1.40654e-06 Obj 1.00912 Rho 0 GRdif 5.31739 success 965787 failure 194438 obj_new 1.00912 SA_pAcc 1.0576 Delta -0.0202418 SA_r 0.386399 freedomratio 0.343494
Iter 4000000 pBad 0.152958 T 4.10396e-07 Obj 1.00849 Rho 0 GRdif 4.95655 success 1053478 failure 323366 obj_new 1.00849 SA_pAcc 1 Delta 0.00530729 SA_r 0.815404 freedomratio 0.320044
Iter 4500000 pBad 0.0805021 T 1.19744e-07 Obj 1.00819 Rho 0 GRdif 4.83079 success 1106538 failure 530559 obj_new 1.00828 SA_pAcc 2.07508e-322 Delta 0.00677523 SA_r 0.949697 freedomratio 0.273321
Iter 5000000 pBad 0.0313121 T 3.49386e-08 Obj 1.00804 Rho 0 GRdif 4.68974 success 1139688 failure 792029 obj_new 1.00804 SA_pAcc 1 Delta 0.000299767 SA_r 0.95114 freedomratio 0.238697
Iter 5500000 pBad 0.0214812 T 1.01943e-08 Obj 1.00798 Rho 0 GRdif 4.65558 success 1158935 failure 1099692 obj_new 1.00798 SA_pAcc 6.40576e-06 Delta 0.000776526 SA_r 0.149116 freedomratio 0.221466
Iter 6000000 pBad 0.00570005 T 2.97447e-09 Obj 1.00796 Rho 0 GRdif 4.64512 success 1169034 failure 1437958 obj_new 1.00796 SA_pAcc 1.92718e-11 Delta 0.000340921 SA_r 0.464052 freedomratio 0.213091
Iter 6500000 pBad 0.00541153 T 8.67882e-10 Obj 1.00795 Rho 0 GRdif 4.6377 success 1174928 failure 1790503 obj_new 1.00795 SA_pAcc 1.29912e-17 Delta -0.000328663 SA_r 0.727665 freedomratio 0.20547
Iter 7000000 pBad 0.00357082 T 2.53228e-10 Obj 1.00794 Rho 0 GRdif 4.63397 success 1178390 failure 2153044 obj_new 1.00794 SA_pAcc 1 Delta -0.000102211 SA_r 0.154998 freedomratio 0.202838
Iter 7500000 pBad 0.0009893 T 7.38862e-11 Obj 1.00794 Rho 0 GRdif 4.63339 success 1180240 failure 2521522 obj_new 1.00794 SA_pAcc 0 Delta 6.76848e-05 SA_r 0.114949 freedomratio 0.201721
Iter 8000000 pBad 0.00116408 T 2.15583e-11 Obj 1.00793 Rho 0 GRdif 4.63145 success 1181466 failure 2892700 obj_new 1.00793 SA_pAcc 0 Delta -5.80333e-05 SA_r 0.43182 freedomratio 0.200685
Iter 8500000 pBad 0.000511817 T 6.29023e-12 Obj 1.00793 Rho 0 GRdif 4.64561 success 1182677 failure 3264758 obj_new 1.00796 SA_pAcc 0 Delta 3.70282e-05 SA_r 0.48192 freedomratio 0.200137
Iter 9000000 pBad 0.000406416 T 1.83535e-12 Obj 1.00793 Rho 0 GRdif 4.63004 success 1185343 failure 3633095 obj_new 1.00793 SA_pAcc 1 Delta -3.2586e-05 SA_r 0.425032 freedomratio 0.198308
Iter 9500000 pBad 1.18266e-24 T 5.35512e-13 Obj 1.00793 Rho 0 GRdif 4.62995 success 1186613 failure 3946065 obj_new 1.00793 SA_pAcc 1 Delta -1.63338e-26 SA_r 0.732986 freedomratio 0.185796
Iter 10000000 pBad 1.97515e-111 T 1.5625e-13 Obj 1.00793 Rho 0 GRdif 4.62995 success 1186613 failure 4226065 obj_new 1.00793 SA_pAcc 1 Delta -6.00383e-113 SA_r 0.838673 freedomratio 0.179755
Cannot move further
iter 9.22563e+06 obj1.00793 rho 0 GRdif 4.62995
Training:
Lab Growth Rates:
0.1 0.301 0.58 0.71 0.37 0.47 0.19 0.22 0.6 0.635 0.47 0.53 0.53 0.56 0.5 0.5 0.37 0.4 0.724 0.3 0.54 0.42 0.2 1.345 0.901 0.56 0.686 0.59 0.54 0.3 0.33 0.5 0.617 0.47 1.483 0.53 0.37 0.58 0.5 0.23 0.36 0.65 0.46 0.52 1.248 0.4 0.49 0.39 0.4 0.42 0.52 0.36 0.22 0.46 0.42 0.47 0.1 0.58 0.4 0.32 1.483 0.648 0.54 0.52 0.1 0.25 1.483 0.55 0.52 0.56 1.66 0.5 0.1 0.5 0.485 0.17 0.4 0.46 0.51 0.52 1.43 0.22 0.4 1.35 1.42 0.42 0.48 0.4 1.03 0.47 0.59 0.56 0.53 0.5 0.23 0.26 0.5 0.56 0.58 0.25 0.46 0.48 0.54 0.4 1.483 0.686 0.11 0.31 0.65 0.42 0.45 0.42 0.47 0.36 0.48 0.47 1.345 0.54 0.4 0.27 0.465 0.762 0.3 0.4 0.37 1.44 0.55 0.1 0.54 0.4 0.4 0.45 0.39 0.901 0.43 0.3 0.52 0.48 1.483 0.481 0.42 0.54 0.59 0.59 0.45 0.43 0.47 0.4 0.48 0.47 0.485 0.46 0.4 0.54 1.345 0.648 0.52 0.37 0.26 0.38 0.47 0.58 0.25 0.43 0.45 0.56 0.58 0.3 0.52 0.56 0.637 0.25 0.4 0.42 0.45 0.39 0.42 0.59 0.4 0.53 0.4 0.53 0.56 0.4 0.481 1.46 0.37 0.55 0.48 0.39 0.54 0.4 0.4 0.32 0.47 0.42 0.54 0.68 0.58 1.46 0.4 0.41 1.248 1.483 0.4 1.05 0.58 0.25 0.41 0.3 0.53 0.65 0.1 0.4 0.37 0.46 0.41 0.54 1.248 0.42 0.4 0.476 0.55 0.59 1.345 0.23 0.46 0.34 0.4 1.345 0.46 0.47 0.59 0.4 0.5 0.49 0.4 0.54 0.46 0.38 0.54 0.17 0.5 0.43 0.47 0.48 0.636 0.17 0.5 0.23 0.5 0.4 0.36 0.762 0.33 0.59 0.45 0.4 0.4 1.05 0.4 0.4 0.46 0.53 0.5 0.55 0.58 0.4 1.67 0.637 0.27 0.37 0.33 0.56 0.54 1.46 0.68 0.26 0.5 0.5 0.46 0.45 0.38 0.53 0.41 0.2 0.52 0.46 0.37 0.301 0.3 0.59 0.4 0.41 0.54 0.09 0.55 0.46 0.54 0.485 0.19 0.43 0.59 0.38 1.248 0.635 1.05 0.51 0.5 0.5 0.46 0.43 0.45 0.47 1.483 0.724 0.54 0.901 0.47 0.58 0.4 0.59 0.5 0.4 0.4 1.38 0.42 0.4 0.56 1.46 0.27 0.56 0.53 0.54 0.47 1.345 0.33 0.47 0.476 0.5 0.5 1.43 0.25 0.58 0.46 0.3 0.5 0.377 0.09 0.1 0.37 0.4 0.5 0.68 0.4 0.4 0.65 0.3 0.47 0.4 0.3 0.34 0.68 1.66 0.42 0.485 0.65 0.45 0.23 0.901 0.648 0.56 0.45 0.46 0.42 0.45 0.23 0.23 1.345 0.3 0.37 0.37 0.47 0.4 0.52 0.4 0.59 1.483 0.5 0.65 0.43 0.19 0.6 0.52 0.54 0.33 0.55 0.686 0.45 0.635 0.4 0.54 0.33 0.6 0.36 0.41 0.59 0.762 0.32 0.14 0.52 0.5 0.42 0.09 0.31 0.58 0.54 0.4 0.7 0.4 0.55 0.4 0.56 0.1 0.5 0.377 0.46 0.56 0.4 0.55 0.58 0.6 0.51 0.68 0.56 0.47 0.3 0.3 0.54 0.1 0.46 0.41 0.54 0.37 1.4 0.27 0.56 0.65 0.58 0.45 0.5 0.637 0.5 0.55 0.45 0.71 0.4 0.22 0.4 0.23 0.58 1.67 0.37 0.23 0.4 0.4 0.54 1.345 1.345 0.27 0.54 0.55 0.45 0.11 0.636 0.36 0.58 0.14 0.3 0.33 0.71 0.27 0.56 0.5 0.5 1.483 0.53 0.724 0.55 0.48 0.53 0.465 1.49 0.39 0.4 0.47 0.7 0.58 0.4 0.39 0.4 0.48 0.58 0.25 0.22 0.33 1.345 0.41 0.59 0.33 0.45 0.54 0.37 0.7 0.481 0.38 0.47 1.248 0.34 0.41 0.22 0.54 0.42 0.43 0.59 0.42 0.5 1.483 0.58 0.36 1.483 1.05 1.05 0.5 1.345 0.45 0.636 0.11 0.53 0.43 0.46 0.58 0.43 0.53 0.7 0.43 0.65 0.65 0.762 0.4 0.301 0.25 0.42 0.4 0.43 0.476 0.47 0.2 0.31 0.901 0.5 0.58 0.56 0.36 0.46 0.53 0.47 0.4 0.22 0.45 0.22 0.465 0.49 0.5 0.54 1.345 0.5 0.59 0.4 1.483 0.36 0.377 0.46 0.901 0.37 0.45
Dot Production Prediction of Lab Growth Rates:
0.800986 0.475461 0.358498 0.718827 0.432802 0.444936 0.333804 0.429598 0.427349 0.712857 0.392613 0.496946 0.524152 0.554204 0.488976 0.355953 0.403837 0.39968 0.723882 0.424897 0.466256 0.341263 0.409367 1.21457 0.961999 0.539795 0.728701 0.553004 0.390056 0.388125 0.32422 0.481868 0.616885 0.41479 1.17892 0.525814 0.423257 0.485775 0.529332 0.52436 0.366901 0.652679 0.296017 0.360391 0.865433 0.404871 0.373712 0.334142 0.404024 0.595268 0.338614 0.350287 0.381338 0.351255 0.373376 0.360516 0.899849 0.477884 0.400705 0.338357 1.17414 0.707029 0.324088 0.366569 0.88485 0.371343 1.13843 0.549556 0.41141 0.558868 1.66 0.330419 0.377343 0.693091 0.480731 0.324753 0.400223 0.54743 0.377503 0.314534 1.42937 0.470007 0.402116 1.24561 1.50573 0.612584 0.327802 0.405805 1.42163 0.388943 0.32279 0.480592 0.35192 0.54948 0.517033 0.553922 0.702053 0.538418 0.48049 0.3702 0.363938 0.304625 0.456993 0.389064 1.1887 0.72721 0.336766 0.511069 0.649978 0.380117 0.342094 0.335122 0.381904 0.352917 0.341112 0.475666 1.21095 0.362613 0.370618 0.600823 0.481185 0.76213 0.386664 0.400963 0.442122 1.50575 0.550656 0.446573 0.369678 0.402329 0.400947 0.378695 0.371954 0.953137 0.438876 0.417128 0.403015 0.336193 1.12483 0.474658 0.334886 0.544226 0.312222 0.356303 0.325229 0.374159 0.467085 0.399507 0.364121 0.35605 0.466229 0.463657 0.397098 0.402917 1.23401 0.709709 0.345239 0.436606 0.348934 0.295725 0.412596 0.481414 0.560679 0.337349 1.47745 0.545825 0.472081 0.376293 0.355056 0.542635 0.705617 0.365823 0.398583 0.322416 1.44463 0.323727 0.368694 0.348469 0.398321 0.337271 0.309574 0.522029 0.548753 0.390445 0.47359 1.6952 0.42329 0.560867 0.304788 0.329531 0.530463 0.402758 0.402794 0.32049 0.330615 0.339299 0.379318 0.531441 0.482443 0.959532 0.402024 0.390171 0.874216 1.14969 0.40224 1.0506 0.46141 1.47328 0.371953 0.404303 0.398799 0.666315 0.721303 0.389401 0.425341 0.457293 0.464813 0.461182 0.868739 0.364558 0.400836 0.483678 0.43665 0.361002 1.22356 0.531839 0.468217 0.318171 0.39727 1.19596 0.527415 0.385956 0.548136 0.402702 0.308842 0.371682 0.400656 0.37962 0.456262 0.346478 0.537106 0.305367 0.382737 0.419592 0.354163 0.303277 0.697662 0.428451 0.780602 0.536486 0.316715 0.402486 0.346098 0.76813 0.3618 0.548552 1.47048 0.397284 0.393264 1.05 0.396246 0.400477 0.374953 0.542657 0.545556 0.554953 0.373178 0.402388 1.49218 0.701604 0.337901 0.42223 0.425959 0.549753 0.549516 1.00441 0.531911 0.423637 0.387578 0.771751 0.410559 1.45292 0.342853 0.521344 0.473322 0.402186 0.398984 0.449432 0.538259 0.477917 0.399851 0.342016 0.403301 0.378006 0.453958 0.342165 0.449026 0.338016 0.338983 0.479011 0.325725 0.360805 0.551764 0.309261 0.861348 0.708587 1.73677 0.416742 0.675484 0.669192 0.49311 0.413742 0.368061 0.362623 1.20787 0.720152 0.537338 0.77982 0.37512 0.485842 0.401038 0.546584 0.474654 0.402428 0.400411 1.36307 0.367704 0.395274 0.544425 1.00382 0.367459 0.479916 0.40347 0.360136 0.361093 1.15905 0.365088 0.346467 0.486128 0.707704 0.482591 1.43169 0.878053 0.376238 0.459993 0.440456 0.321149 0.482332 0.436331 0.706546 0.439924 0.402704 0.746005 0.527102 0.399582 0.403831 0.650005 0.397708 0.447802 0.397668 0.335026 0.310319 0.525421 1.66 0.60193 0.468041 0.634695 0.315257 0.439573 0.956568 0.712872 0.487275 0.404765 0.399192 0.342873 0.328137 0.439438 0.439088 1.15727 0.385151 0.384447 0.436575 0.358083 0.395184 0.383719 0.395315 0.32034 1.19283 0.324568 0.644989 0.360222 0.317963 0.414328 0.399675 0.400688 0.46916 0.560244 0.729159 0.382681 0.713971 0.402436 0.394671 0.311593 0.417458 0.331341 0.359183 0.344996 0.752764 0.30886 0.140038 0.369603 0.412394 0.355799 0.364334 0.513097 0.371451 0.539704 0.399746 0.696889 0.398041 0.43454 0.400095 0.477512 1.38818 0.343917 0.479118 0.302243 0.474921 0.394609 0.449922 0.484545 0.42078 0.401738 0.530085 0.528936 0.437779 0.383105 0.449739 0.459476 0.461366 0.354109 0.325387 0.386706 0.292704 1.4212 0.370566 0.545233 0.625275 0.297978 0.333985 0.487831 0.701786 0.768835 0.551589 0.395618 0.72663 0.402215 0.46737 0.390254 0.541423 0.35274 1.4177 0.418147 0.525478 0.395051 0.403762 0.54305 1.21842 1.24392 0.346947 0.464352 0.434203 1.51339 0.360188 0.719108 0.336282 0.392145 0.139715 0.327904 0.335562 0.72096 0.294361 0.531315 0.757358 0.526262 1.19331 0.531825 0.723099 0.439826 0.322771 0.432471 0.481962 1.51631 0.295241 0.392041 0.404121 0.695673 0.474492 0.400847 0.32551 0.322352 0.306787 0.482861 0.303133 0.468539 0.358465 1.13895 0.473853 0.548287 0.505026 0.341504 0.302233 0.382319 0.689777 0.472864 0.307753 0.391454 0.863343 0.324307 0.331451 0.361557 0.326972 0.325571 0.407721 0.321169 0.307311 0.324618 1.16122 0.34246 0.328899 1.15483 1.04978 0.991673 0.769997 1.22695 1.47178 0.719851 0.374431 0.530005 0.367598 0.390864 0.312523 0.396766 0.289333 0.705519 0.375677 0.656873 0.638824 0.760068 0.399497 0.483639 0.497026 0.321921 0.4036 0.37523 0.485015 0.381761 0.352244 0.512986 0.95407 0.313732 0.471432 0.4756 0.398876 0.467966 0.352951 0.347335 0.403518 0.465592 1.51631 0.471078 0.486038 0.398476 0.528171 0.39062 1.19277 0.475604 0.547231 0.39996 1.16404 0.426871 0.482933 0.417359 1.04211 0.427342 0.407013
Testing:
Lab Growth Rates:
0.4 0.4 0.4
Dot Production Prediction of Lab Growth Rates:
0.404077 0.402958 0.401507
Best performance so far: 
Obj: 4.65791e-310Rho: 2.26291e-314Diff: 4.65791e-310
Anneal again with the best G and E so far as input
Cycle 2Round 1
Iter 500000 pBad 0.848246 T 0.00227952 Obj 1.07483 Rho 0 GRdif 42.2889 success 111656 failure 8003 obj_new 1.07483 SA_pAcc 1.05443 Delta 0.0608255 SA_r 0.346319 freedomratio 0.263845
Iter 1000000 pBad 0.760195 T 0.000665111 Obj 1.0406 Rho 0 GRdif 23.3208 success 219937 failure 22407 obj_new 1.0406 SA_pAcc 1 Delta 0.0429142 SA_r 0.995641 freedomratio 0.261841
Iter 1500000 pBad 0.709678 T 0.000194064 Obj 1.03183 Rho 0 GRdif 18.3644 success 325828 failure 43741 obj_new 1.03183 SA_pAcc 1 Delta 0.025463 SA_r 0.107055 freedomratio 0.261958
Iter 2000000 pBad 0.627631 T 5.66236e-05 Obj 1.02576 Rho 0 GRdif 14.9026 success 429562 failure 70430 obj_new 1.02576 SA_pAcc 1 Delta -0.0350578 SA_r 0.553112 freedomratio 0.258834
Iter 2500000 pBad 0.506397 T 1.65215e-05 Obj 1.01943 Rho 0 GRdif 11.2754 success 529776 failure 105890 obj_new 1.01943 SA_pAcc 0.869284 Delta -0.0258693 SA_r 0.731919 freedomratio 0.254783
Iter 3000000 pBad 0.355338 T 4.82059e-06 Obj 1.01612 Rho 0 GRdif 9.8534 success 626403 failure 149627 obj_new 1.01696 SA_pAcc 2.91145e-76 Delta 0.013223 SA_r 0.968838 freedomratio 0.25872
Iter 3500000 pBad 0.266692 T 1.40654e-06 Obj 1.01156 Rho 0 GRdif 6.73763 success 711535 failure 218740 obj_new 1.01156 SA_pAcc 0.853548 Delta 0.00854181 SA_r 0.512917 freedomratio 0.239184
Iter 4000000 pBad 0.170229 T 4.10396e-07 Obj 1.00949 Rho 0 GRdif 5.53655 success 784389 failure 316212 obj_new 1.00949 SA_pAcc 1.51265 Delta -0.00264422 SA_r 0.503756 freedomratio 0.232447
Iter 4500000 pBad 0.115221 T 1.19744e-07 Obj 1.0086 Rho 0 GRdif 5.01566 success 844561 failure 449768 obj_new 1.0086 SA_pAcc 1 Delta 0.00302889 SA_r 0.42634 freedomratio 0.215283
Iter 5000000 pBad 0.0467067 T 3.49386e-08 Obj 1.00817 Rho 0 GRdif 4.76977 success 886017 failure 643463 obj_new 1.00817 SA_pAcc 1 Delta 0.00380158 SA_r 0.791934 freedomratio 0.18722
Iter 5500000 pBad 0.0217835 T 1.01943e-08 Obj 1.00806 Rho 0 GRdif 4.70209 success 908387 failure 903462 obj_new 1.00806 SA_pAcc 1 Delta -0.00146581 SA_r 0.524146 freedomratio 0.171898
Iter 6000000 pBad 0.0148968 T 2.97447e-09 Obj 1.00802 Rho 0 GRdif 4.68268 success 920703 failure 1202644 obj_new 1.00802 SA_pAcc 1 Delta -0.000708346 SA_r 0.962608 freedomratio 0.163962
Iter 6500000 pBad 0.00834804 T 8.67882e-10 Obj 1.008 Rho 0 GRdif 4.6818 success 930110 failure 1522593 obj_new 1.00802 SA_pAcc 0 Delta -0.000419631 SA_r 0.142411 freedomratio 0.155191
Iter 7000000 pBad 0.00654501 T 2.53228e-10 Obj 1.00799 Rho 0 GRdif 4.66261 success 936256 failure 1862642 obj_new 1.00799 SA_pAcc 2.51715e-58 Delta -0.000370804 SA_r 0.652061 freedomratio 0.151617
Iter 7500000 pBad 0.0017953 T 7.38862e-11 Obj 1.00798 Rho 0 GRdif 4.6582 success 943035 failure 2212624 obj_new 1.00798 SA_pAcc 0.0167501 Delta -0.000136056 SA_r 0.160981 freedomratio 0.144016
Iter 8000000 pBad 0.00126135 T 2.15583e-11 Obj 1.00798 Rho 0 GRdif 4.65925 success 948761 failure 2583821 obj_new 1.00798 SA_pAcc 0 Delta 6.48873e-05 SA_r 0.313325 freedomratio 0.140359
Iter 8500000 pBad 0.00155036 T 6.29023e-12 Obj 1.00797 Rho 0 GRdif 4.65449 success 953679 failure 2965995 obj_new 1.00797 SA_pAcc 0 Delta -8.25779e-05 SA_r 0.392852 freedomratio 0.13714
Iter 9000000 pBad 3.87124e-10 T 1.83535e-12 Obj 1.00797 Rho 0 GRdif 4.65394 success 957258 failure 3356075 obj_new 1.00797 SA_pAcc 1 Delta -2.59665e-11 SA_r 0.896557 freedomratio 0.136374
Iter 9500000 pBad 0.000165232 T 5.35512e-13 Obj 1.00797 Rho 0 GRdif 4.65405 success 962964 failure 3744691 obj_new 1.00797 SA_pAcc 0 Delta -1.2684e-05 SA_r 0.163822 freedomratio 0.134806
Good enough
iter 9.88638e+06 obj1.00797 rho 0 GRdif 4.65323
Training:
Lab Growth Rates:
0.1 0.301 0.58 0.71 0.37 0.47 0.19 0.22 0.6 0.635 0.47 0.53 0.53 0.56 0.5 0.5 0.37 0.4 0.724 0.3 0.54 0.42 0.2 1.345 0.901 0.56 0.686 0.59 0.54 0.3 0.33 0.5 0.617 0.47 1.483 0.53 0.37 0.58 0.5 0.23 0.36 0.65 0.46 0.52 1.248 0.4 0.49 0.39 0.4 0.42 0.52 0.36 0.22 0.46 0.42 0.47 0.1 0.58 0.4 0.32 1.483 0.648 0.54 0.52 0.1 0.25 1.483 0.55 0.52 0.56 1.66 0.5 0.1 0.5 0.485 0.17 0.4 0.46 0.51 0.52 1.43 0.22 0.4 1.35 1.42 0.42 0.48 0.4 1.03 0.47 0.59 0.56 0.53 0.5 0.23 0.26 0.5 0.56 0.58 0.25 0.46 0.48 0.54 0.4 1.483 0.686 0.11 0.31 0.65 0.42 0.45 0.42 0.47 0.36 0.48 0.47 1.345 0.54 0.4 0.27 0.465 0.762 0.3 0.4 0.37 1.44 0.55 0.1 0.54 0.4 0.4 0.45 0.39 0.901 0.43 0.3 0.52 0.48 1.483 0.481 0.42 0.54 0.59 0.59 0.45 0.43 0.47 0.4 0.48 0.47 0.485 0.46 0.4 0.54 1.345 0.648 0.52 0.37 0.26 0.38 0.47 0.58 0.25 0.43 0.45 0.56 0.58 0.3 0.52 0.56 0.637 0.25 0.4 0.42 0.45 0.39 0.42 0.59 0.4 0.53 0.4 0.53 0.56 0.4 0.481 1.46 0.37 0.55 0.48 0.39 0.54 0.4 0.4 0.32 0.47 0.42 0.54 0.68 0.58 1.46 0.4 0.41 1.248 1.483 0.4 1.05 0.58 0.25 0.41 0.3 0.53 0.65 0.1 0.4 0.37 0.46 0.41 0.54 1.248 0.42 0.4 0.476 0.55 0.59 1.345 0.23 0.46 0.34 0.4 1.345 0.46 0.47 0.59 0.4 0.5 0.49 0.4 0.54 0.46 0.38 0.54 0.17 0.5 0.43 0.47 0.48 0.636 0.17 0.5 0.23 0.5 0.4 0.36 0.762 0.33 0.59 0.45 0.4 0.4 1.05 0.4 0.4 0.46 0.53 0.5 0.55 0.58 0.4 1.67 0.637 0.27 0.37 0.33 0.56 0.54 1.46 0.68 0.26 0.5 0.5 0.46 0.45 0.38 0.53 0.41 0.2 0.52 0.46 0.37 0.301 0.3 0.59 0.4 0.41 0.54 0.09 0.55 0.46 0.54 0.485 0.19 0.43 0.59 0.38 1.248 0.635 1.05 0.51 0.5 0.5 0.46 0.43 0.45 0.47 1.483 0.724 0.54 0.901 0.47 0.58 0.4 0.59 0.5 0.4 0.4 1.38 0.42 0.4 0.56 1.46 0.27 0.56 0.53 0.54 0.47 1.345 0.33 0.47 0.476 0.5 0.5 1.43 0.25 0.58 0.46 0.3 0.5 0.377 0.09 0.1 0.37 0.4 0.5 0.68 0.4 0.4 0.65 0.3 0.47 0.4 0.3 0.34 0.68 1.66 0.42 0.485 0.65 0.45 0.23 0.901 0.648 0.56 0.45 0.46 0.42 0.45 0.23 0.23 1.345 0.3 0.37 0.37 0.47 0.4 0.52 0.4 0.59 1.483 0.5 0.65 0.43 0.19 0.6 0.52 0.54 0.33 0.55 0.686 0.45 0.635 0.4 0.54 0.33 0.6 0.36 0.41 0.59 0.762 0.32 0.14 0.52 0.5 0.42 0.09 0.31 0.58 0.54 0.4 0.7 0.4 0.55 0.4 0.56 0.1 0.5 0.377 0.46 0.56 0.4 0.55 0.58 0.6 0.51 0.68 0.56 0.47 0.3 0.3 0.54 0.1 0.46 0.41 0.54 0.37 1.4 0.27 0.56 0.65 0.58 0.45 0.5 0.637 0.5 0.55 0.45 0.71 0.4 0.22 0.4 0.23 0.58 1.67 0.37 0.23 0.4 0.4 0.54 1.345 1.345 0.27 0.54 0.55 0.45 0.11 0.636 0.36 0.58 0.14 0.3 0.33 0.71 0.27 0.56 0.5 0.5 1.483 0.53 0.724 0.55 0.48 0.53 0.465 1.49 0.39 0.4 0.47 0.7 0.58 0.4 0.39 0.4 0.48 0.58 0.25 0.22 0.33 1.345 0.41 0.59 0.33 0.45 0.54 0.37 0.7 0.481 0.38 0.47 1.248 0.34 0.41 0.22 0.54 0.42 0.43 0.59 0.42 0.5 1.483 0.58 0.36 1.483 1.05 1.05 0.5 1.345 0.45 0.636 0.11 0.53 0.43 0.46 0.58 0.43 0.53 0.7 0.43 0.65 0.65 0.762 0.4 0.301 0.25 0.42 0.4 0.43 0.476 0.47 0.2 0.31 0.901 0.5 0.58 0.56 0.36 0.46 0.53 0.47 0.4 0.22 0.45 0.22 0.465 0.49 0.5 0.54 1.345 0.5 0.59 0.4 1.483 0.36 0.377 0.46 0.901 0.37 0.45
Dot Production Prediction of Lab Growth Rates:
1.18713 0.520644 0.374316 0.71495 0.426249 0.418384 0.319698 0.426318 0.681882 0.712984 0.377643 0.490368 0.537719 0.551548 0.487437 0.368052 0.405019 0.391813 0.72254 0.639246 0.463658 0.341827 0.395425 1.35882 0.902331 0.536665 0.725012 0.549187 0.386839 0.231711 0.313727 0.47973 0.412344 0.382777 1.33803 0.56547 0.419271 0.481582 0.548018 0.537932 0.38534 0.649995 0.29382 0.367706 0.839233 0.402061 0.365449 0.294235 0.400349 0.634823 0.393497 0.342191 0.39058 0.334589 0.356781 0.344178 0.916466 0.477178 0.396155 0.344976 1.32579 0.705172 0.31198 0.349005 1.26785 0.365326 1.27443 0.547202 0.353079 0.552636 1.55292 0.353777 0.34514 0.695532 0.529763 0.313125 0.394266 0.569248 0.389086 0.346259 1.27986 0.469238 0.397813 1.23437 1.48283 0.642927 0.342116 0.40257 1.27002 0.412315 0.319804 0.475119 0.3105 0.544459 0.537569 0.609783 0.739375 0.543463 0.48254 0.363129 0.350908 0.310272 0.4552 0.380885 1.31407 0.72201 0.333483 0.615347 0.648515 0.396843 0.381391 0.320741 0.408514 0.365309 0.353362 0.506453 1.35438 0.368499 0.381062 0.641207 0.524189 0.767801 0.570874 0.394581 0.440686 1.4897 0.549992 0.466493 0.38729 0.399246 0.398927 0.379311 0.323701 0.90131 0.452255 0.399741 0.373503 0.330957 1.28515 0.520422 0.326515 0.551751 0.323214 0.328489 0.352764 0.34957 0.503579 0.405002 0.333308 0.339393 0.515174 0.46939 0.392659 0.397461 1.3418 0.7098 0.383419 0.434644 0.37799 0.292996 0.387577 0.484497 0.586626 0.372915 1.38864 0.546089 0.482285 0.226033 0.348503 0.553665 0.711689 0.366455 0.405088 0.300421 1.3992 0.314997 0.375245 0.310286 0.39016 0.30508 0.297018 0.535048 0.553207 0.381387 0.518114 1.48247 0.417895 0.562213 0.281568 0.300571 0.538074 0.396734 0.398599 0.320013 0.306673 0.340044 0.360803 0.365829 0.483425 1.03655 0.407425 0.386248 0.843417 1.26932 0.398136 1.05645 0.465391 1.43634 0.366111 0.603453 0.378214 0.66064 1.03064 0.383027 0.422518 0.459643 0.513605 0.454053 0.842616 0.351362 0.394169 0.526437 0.460034 0.37596 1.3339 0.538375 0.473244 0.296421 0.39591 1.32669 0.558902 0.373032 0.548057 0.398446 0.310762 0.369861 0.407705 0.367656 0.456223 0.374812 0.535077 0.321685 0.359471 0.422531 0.383606 0.292903 0.709911 0.419151 0.807183 0.540353 0.340161 0.409798 0.360594 0.773234 0.360429 0.559307 1.40376 0.397633 0.386774 1.05 0.391824 0.396649 0.397774 0.549025 0.545685 0.555071 0.350876 0.399138 1.46218 0.709617 0.335028 0.434899 0.435717 0.546596 0.550629 1.03446 0.363611 0.475029 0.391722 0.778295 0.421796 1.40566 0.370377 0.531088 0.522065 0.387118 0.389079 0.454792 0.576846 0.522433 0.595012 0.333414 0.397555 0.399144 0.459449 0.350322 0.46096 0.340263 0.323879 0.526655 0.305735 0.347798 0.550276 0.302416 0.835542 0.710682 1.44927 0.428999 0.688314 0.72225 0.536614 0.403348 0.353184 0.374924 1.34367 0.72029 0.537527 0.79864 0.356602 0.481029 0.405666 0.545922 0.475296 0.39561 0.39623 1.28238 0.34193 0.393801 0.540194 1.03701 0.382374 0.479536 0.408446 0.363138 0.34448 1.27427 0.374575 0.351858 0.527295 0.720224 0.491052 1.27838 0.921035 0.330454 0.459987 0.679337 0.327022 0.519355 0.451656 1.03147 0.436326 0.399345 0.772708 0.36018 0.405309 0.400309 0.649958 0.622534 0.469705 0.388971 0.333431 0.327612 0.361269 1.5645 0.613679 0.517028 0.614966 0.322604 0.432469 0.907712 0.71004 0.477863 0.423976 0.431576 0.340158 0.348049 0.432682 0.431327 1.30209 0.379181 0.409879 0.435408 0.349931 0.399357 0.407608 0.395389 0.309924 1.30407 0.330442 0.650144 0.354674 0.308317 0.659527 0.390086 0.372962 0.473449 0.560231 0.726151 0.36526 0.712373 0.397264 0.389484 0.315453 0.63285 0.337424 0.359982 0.363588 0.760215 0.305713 0.140359 0.365174 0.435293 0.365799 0.383035 0.60936 0.390575 0.539324 0.393976 0.847627 0.392302 0.446392 0.396642 0.482692 1.41266 0.360039 0.517091 0.313258 0.482476 0.387453 0.460625 0.480689 0.649166 0.410839 0.365073 0.539227 0.440253 0.226948 0.683456 0.455313 0.475832 0.340762 0.32713 0.373973 0.27952 1.40039 0.368096 0.548232 0.627485 0.279393 0.35292 0.482842 0.707326 0.810623 0.548951 0.406114 0.726336 0.39587 0.474892 0.378802 0.542862 0.374362 1.31684 0.415426 0.54175 0.38819 0.397842 0.537708 1.33788 1.37684 0.36358 0.458739 0.462628 1.46638 0.363117 0.724278 0.330909 0.370241 0.13992 0.5172 0.323896 0.719803 0.277406 0.537304 0.770705 0.525387 1.32709 0.529622 0.723982 0.462539 0.299631 0.415465 0.524509 1.48548 0.307711 0.384408 0.404421 0.853021 0.482561 0.398388 0.332343 0.315053 0.314119 0.481999 0.312332 0.473135 0.331569 1.28647 0.522206 0.549565 0.533019 0.344713 0.282295 0.393185 0.853691 0.522751 0.30483 0.379192 0.834138 0.32726 0.346609 0.344895 0.347051 0.326415 0.409493 0.340091 0.319089 0.320208 1.30531 0.34216 0.327927 1.28951 1.05001 1.0287 0.79633 1.36197 1.44479 0.717115 0.387319 0.542109 0.342899 0.383744 0.308383 0.436888 0.277652 0.856267 0.361439 0.652171 0.636628 0.762001 0.390845 0.51936 0.545125 0.305266 0.398729 0.420582 0.532416 0.383806 0.349603 0.600221 0.901 0.324553 0.481872 0.479915 0.421632 0.47348 0.359534 0.359081 0.399159 0.465092 1.48548 0.473958 0.527156 0.391332 0.527266 0.363621 1.31049 0.478613 0.554152 0.403697 1.30453 0.413025 0.520309 0.437414 0.92512 0.421949 0.40943
Testing:
Lab Growth Rates:
0.4 0.4 0.4
Dot Production Prediction of Lab Growth Rates:
0.400018 0.39811 0.397074
Best performance so far: 
Obj: 4.65791e-310Rho: 6.5069e-314Diff: 4.65791e-310
Test:
 Lab Growth Rates:
0.4 0.4 0.4Dot Product Prediction of Growth Rate:
0.4000178 0.3981098 0.3970737