seed =  5 traits =  1 
Training: part  94 
Training: part  94 
Round  1 
 Goal of obj  0.99 
Temperature range:  0.03125 1.25e-10 
Cycle 1Round 1
Iter 500000 pBad 0.9891 T 0.0118838 Obj 1.19402 Rho 0 GRdif 104.267 success 101781 failure 359 obj_new 1.19402 SA_pAcc 1.00956 Delta -0.0317243 SA_r 0.115124 freedomratio 0.371917
Iter 1000000 pBad 0.966377 T 0.00451915 Obj 1.20002 Rho 0 GRdif 107.213 success 208208 failure 1177 obj_new 1.20002 SA_pAcc 1 Delta 0.0953577 SA_r 0.792616 freedomratio 0.37286
Iter 1500000 pBad 0.84715 T 0.00171854 Obj 1.11205 Rho 0 GRdif 62.4493 success 348379 failure 8130 obj_new 1.11205 SA_pAcc 0.984903 Delta -0.00672271 SA_r 0.628597 freedomratio 0.360294
Iter 2000000 pBad 0.773408 T 0.000653526 Obj 1.06105 Rho 0 GRdif 34.8422 success 491285 failure 25853 obj_new 1.06105 SA_pAcc 1 Delta -0.0581435 SA_r 0.14474 freedomratio 0.366812
Iter 2500000 pBad 0.740208 T 0.000248523 Obj 1.03083 Rho 0 GRdif 17.8557 success 632394 failure 48770 obj_new 1.03083 SA_pAcc 1.21282 Delta 0.0468335 SA_r 0.572392 freedomratio 0.373808
Iter 3000000 pBad 0.694342 T 9.45081e-05 Obj 1.02378 Rho 0 GRdif 13.8214 success 772649 failure 74579 obj_new 1.02378 SA_pAcc 1 Delta 0.0353 SA_r 0.89713 freedomratio 0.36773
Iter 3500000 pBad 0.637315 T 3.59395e-05 Obj 1.01858 Rho 0 GRdif 10.825 success 911322 failure 104108 obj_new 1.01858 SA_pAcc 1.13103 Delta 0.0358121 SA_r 0.183382 freedomratio 0.378622
Iter 4000000 pBad 0.501293 T 1.36671e-05 Obj 1.01525 Rho 0 GRdif 8.90189 success 1046647 failure 139324 obj_new 1.01525 SA_pAcc 1.05821 Delta 0.0419532 SA_r 0.575361 freedomratio 0.3675
Iter 4500000 pBad 0.420026 T 5.1973e-06 Obj 1.01235 Rho 0 GRdif 7.21819 success 1173650 failure 188709 obj_new 1.01235 SA_pAcc 1 Delta 0.0266091 SA_r 0.173587 freedomratio 0.342857
Iter 5000000 pBad 0.268362 T 1.97643e-06 Obj 1.00968 Rho 0 GRdif 5.66212 success 1281487 failure 276256 obj_new 1.00968 SA_pAcc 1.19726 Delta 0.0249637 SA_r 0.14682 freedomratio 0.336384
Iter 5500000 pBad 0.188483 T 7.51595e-07 Obj 1.00884 Rho 0 GRdif 5.17688 success 1373756 failure 395579 obj_new 1.00884 SA_pAcc 1 Delta 0.00784702 SA_r 0.655681 freedomratio 0.320261
Iter 6000000 pBad 0.110268 T 2.85816e-07 Obj 1.00846 Rho 0 GRdif 4.95398 success 1442345 failure 567213 obj_new 1.00846 SA_pAcc 8.79674e-06 Delta -0.00137073 SA_r 0.0148411 freedomratio 0.292537
Iter 6500000 pBad 0.0580239 T 1.0869e-07 Obj 1.00828 Rho 0 GRdif 4.84723 success 1488135 failure 795351 obj_new 1.00828 SA_pAcc 1 Delta 0.00398842 SA_r 0.509947 freedomratio 0.260062
Iter 7000000 pBad 0.0249768 T 4.13326e-08 Obj 1.00822 Rho 0 GRdif 4.81366 success 1516705 failure 1074469 obj_new 1.00822 SA_pAcc 0.827297 Delta 0.000375049 SA_r 0.241815 freedomratio 0.233797
Iter 7500000 pBad 0.0172149 T 1.57179e-08 Obj 1.00819 Rho 0 GRdif 4.79685 success 1534820 failure 1387236 obj_new 1.00819 SA_pAcc 1 Delta -0.000286568 SA_r 0.628021 freedomratio 0.218344
Iter 8000000 pBad 0.0127687 T 5.97721e-09 Obj 1.00818 Rho 0 GRdif 4.83347 success 1546572 failure 1724424 obj_new 1.00825 SA_pAcc 0 Delta -0.0008956 SA_r 0.166323 freedomratio 0.211816
Iter 8500000 pBad 0.00505396 T 2.27301e-09 Obj 1.00817 Rho 0 GRdif 4.7858 success 1554051 failure 2076895 obj_new 1.00817 SA_pAcc 1.55466e-207 Delta 3.5453e-05 SA_r 0.52978 freedomratio 0.204735
Iter 9000000 pBad 0.00346377 T 8.6438e-10 Obj 1.00817 Rho 0 GRdif 4.78247 success 1559029 failure 2438252 obj_new 1.00817 SA_pAcc 1 Delta 0.000211661 SA_r 0.877283 freedomratio 0.202131
Iter 9500000 pBad 0.00291207 T 3.28706e-10 Obj 1.00816 Rho 0 GRdif 4.78069 success 1562818 failure 2804593 obj_new 1.00816 SA_pAcc 1 Delta 3.86698e-05 SA_r 0.830705 freedomratio 0.200546
Iter 10000000 pBad 0.0016326 T 1.25e-10 Obj 1.00816 Rho 0 GRdif 4.77939 success 1565593 failure 3175106 obj_new 1.00816 SA_pAcc 1 Delta 5.98207e-05 SA_r 0.688915 freedomratio 0.19912
Cannot move further
iter 9.9999e+06 obj1.00816 rho 0 GRdif 4.77939
Training:
Lab Growth Rates:
0.33 0.5 0.41 0.48 0.26 0.33 0.56 0.465 0.37 0.4 0.43 0.5 0.65 0.4 0.48 0.47 0.46 0.48 0.46 0.4 0.53 0.22 0.37 0.23 0.25 0.901 0.53 0.39 0.58 0.39 0.648 0.901 0.37 0.33 0.47 0.43 0.09 0.1 0.724 1.345 0.58 0.4 0.59 0.45 1.345 0.4 0.4 0.58 0.5 0.42 0.485 0.4 1.46 0.54 0.59 0.4 1.03 1.345 0.25 0.58 1.345 0.47 0.4 0.54 0.52 0.45 0.46 0.4 0.45 0.54 0.52 0.54 0.5 0.2 0.637 0.1 0.4 0.58 0.54 0.45 0.55 0.3 0.49 0.41 0.42 1.483 1.43 0.901 0.6 0.23 0.301 0.54 0.65 0.648 0.42 0.41 1.42 0.45 0.4 0.485 0.68 0.43 0.65 0.4 0.65 0.54 0.55 0.3 0.4 1.4 0.3 0.42 0.4 0.36 0.1 0.39 0.58 0.36 0.55 0.56 0.36 0.43 0.6 0.4 0.59 0.5 0.4 0.46 1.345 0.47 1.483 0.52 0.37 0.301 0.4 0.5 0.686 0.4 0.4 0.25 0.43 0.58 0.55 0.54 0.476 0.42 0.45 0.4 0.5 0.26 0.45 0.377 0.56 0.5 0.33 0.43 0.53 1.345 0.42 0.636 0.485 0.22 0.42 0.4 0.26 0.42 1.05 0.4 0.48 0.22 0.46 0.485 0.3 0.56 0.36 0.5 0.46 0.17 1.35 0.22 0.53 0.59 0.5 0.43 0.68 0.36 0.58 0.54 0.41 0.637 0.3 0.901 0.45 0.42 0.5 0.4 0.25 0.1 0.47 0.54 0.46 0.686 0.43 0.58 0.09 0.37 0.4 0.56 0.46 1.46 0.4 0.14 0.5 0.42 0.19 0.47 0.4 0.39 0.23 0.37 1.483 0.59 0.58 0.3 0.45 0.54 0.41 0.43 0.4 0.4 0.55 0.37 0.42 1.483 0.4 0.4 0.3 0.37 0.42 0.54 0.56 0.4 0.47 0.65 0.33 0.4 0.45 0.5 0.5 0.56 0.52 0.5 0.617 1.483 0.635 0.37 0.59 0.54 0.22 0.58 0.47 0.5 1.46 0.23 0.46 0.53 0.68 0.4 0.59 0.3 0.6 0.52 0.59 0.22 0.52 0.54 0.636 0.58 0.42 0.58 0.36 1.05 0.6 0.22 0.5 0.46 0.45 0.762 0.54 0.46 0.47 0.56 0.47 0.762 0.481 0.4 0.11 0.46 0.47 0.48 0.27 0.53 0.32 0.54 0.5 0.45 0.41 0.5 0.56 0.58 0.45 0.39 0.3 0.37 0.46 0.38 0.53 0.4 0.25 0.38 0.4 0.476 0.55 0.59 0.4 0.47 1.483 0.45 0.55 0.5 0.56 0.54 0.636 0.52 0.25 0.3 0.56 0.377 0.46 0.58 0.58 0.37 0.51 0.5 0.301 1.49 0.34 0.4 0.4 0.56 0.58 0.4 0.52 0.53 1.248 0.55 0.56 0.2 0.762 0.25 0.47 0.476 0.5 0.4 0.1 0.36 1.05 0.42 0.56 0.686 0.56 0.54 0.33 0.37 0.901 0.45 0.36 0.4 0.55 0.648 0.22 0.54 0.39 0.53 0.65 0.635 0.47 1.38 1.67 0.7 0.17 0.46 0.59 0.4 0.4 0.4 0.42 0.49 0.41 0.58 0.31 0.465 1.05 0.37 0.3 0.54 0.54 1.248 0.4 0.4 0.56 0.31 1.248 0.481 0.901 0.23 1.345 0.14 0.4 0.58 0.27 0.65 0.53 1.345 0.5 0.71 0.36 0.59 0.23 0.1 0.7 0.762 0.53 0.37 0.47 0.43 0.68 0.53 0.4 1.345 1.44 0.1 0.1 0.51 0.52 0.34 0.33 0.4 0.43 1.66 0.48 0.31 0.4 0.47 0.71 0.42 0.4 0.32 0.27 0.23 0.3 0.27 0.52 0.46 0.46 0.27 0.635 0.3 0.59 0.4 0.65 0.54 0.53 0.34 1.248 0.38 0.54 0.47 0.5 0.5 0.55 0.53 1.483 0.56 0.5 0.47 0.5 0.724 0.53 0.38 1.43 0.5 0.45 0.56 0.46 0.52 1.46 0.43 1.05 0.48 0.47 0.46 0.19 0.32 0.59 1.66 0.637 0.11 0.42 1.483 0.59 0.481 0.42 0.724 0.11 0.4 0.54 0.5 0.51 0.58 0.5 0.4 0.3 0.45 0.37 0.58 0.27 0.4 0.5 0.54 0.41 0.2 0.4 0.48 0.7 0.54 0.37 0.47 1.345 0.41 0.54 1.483 0.59 0.33 0.23 0.4 0.4 1.483 0.25 0.45 0.5 0.4 0.4 0.47 0.55 0.19 0.71 0.65 0.48 1.67 1.248 1.483 1.345 0.23 0.52 0.377 0.47 0.46 0.54 0.59 0.46 0.5 0.68 0.4 0.1 1.345 0.09 0.38 0.465 0.45 1.483 0.47 0.47 0.17 0.5 0.33 0.49 0.55
Dot Production Prediction of Lab Growth Rates:
0.329758 0.54622 0.345035 0.303424 0.429617 0.473344 0.530279 0.561331 0.431775 0.402053 0.376274 0.484482 0.649826 0.329187 0.316069 0.387922 0.39326 0.341562 0.395108 0.403713 0.530122 0.479935 0.374776 0.540575 0.317438 0.808674 0.371951 0.317316 0.335761 0.311485 0.708165 0.901889 0.516829 0.353565 0.345528 0.362128 0.366022 0.745423 0.724016 1.02877 0.338537 0.404497 0.351376 0.339833 0.955958 0.404717 0.394657 0.365591 0.636512 0.37199 0.561959 0.397117 1.01961 0.391607 0.332727 0.404408 1.39772 1.06373 0.365068 0.304075 1.05152 0.361303 0.401915 0.383552 0.355493 0.383171 0.336468 0.399714 1.43852 0.360554 0.365698 0.307318 0.320647 0.398782 0.700898 0.896306 0.402632 0.480059 0.343917 1.5153 0.543236 0.41147 0.370887 0.54833 0.335647 1.02735 1.39581 0.903571 0.429915 0.439633 0.545153 0.32882 0.623819 0.707946 0.348525 0.373886 1.49089 1.56238 0.400087 0.554976 0.426568 0.340411 0.649839 0.404333 0.643102 0.465145 0.454597 0.304913 0.403095 1.41948 0.376134 0.576294 0.402486 0.340695 0.422582 0.337344 0.48498 0.332771 0.554959 0.537339 0.390908 0.403784 0.443835 0.403856 0.364745 0.645373 0.403114 0.501186 1.03733 0.4047 1.00036 0.348153 0.389626 0.545979 0.398503 0.353969 0.721486 0.401078 0.402184 0.515516 0.394427 0.476568 0.555765 0.460008 0.564493 0.341178 0.354929 0.393266 0.362642 0.538353 0.336841 0.54805 0.541185 0.333497 0.347147 0.392904 0.464281 0.970418 0.332155 0.716929 0.553787 0.472313 0.329087 0.399054 0.378274 0.555776 1.72714 0.40268 0.309882 0.330608 0.402626 0.559567 0.422411 0.481229 0.372846 0.646446 0.333766 0.321235 1.30301 0.397876 0.301493 0.345462 0.474346 0.347596 0.428432 0.333259 0.482559 0.456066 0.36803 0.702014 0.332812 0.901309 0.336268 0.344932 0.361712 0.398388 0.485989 0.356348 0.377415 0.537795 0.457983 0.72433 0.359071 0.480878 0.414662 0.437222 0.39627 0.539577 0.309513 1.66924 0.398836 0.140105 0.543495 0.355369 0.333498 0.351408 0.402773 0.314067 0.439582 0.39118 1.03394 0.543728 0.370054 0.452176 0.362314 0.318547 0.548076 0.387474 0.399254 0.400492 0.46618 0.425713 0.346953 0.957007 0.399536 0.392031 0.300616 0.424093 0.320731 0.45899 0.480312 0.399989 0.474203 0.632124 0.327592 0.395927 0.324099 0.334181 0.329359 0.479525 0.358166 0.525775 0.48109 1.02285 0.711931 0.437237 0.548771 0.381162 0.472435 0.356073 0.341434 0.615115 1.01276 0.535359 0.324832 0.51468 0.423997 0.402086 0.332326 0.357193 0.437639 0.376373 0.546482 0.474662 0.385133 0.361242 0.717131 0.479119 0.364372 0.35337 0.325904 1.05 0.440155 0.366326 0.651727 0.352652 0.35632 0.775337 0.354155 0.413035 0.352283 0.542548 0.335162 0.775632 0.558175 0.398191 0.328813 0.511599 0.395372 0.328359 0.351992 0.349771 0.334224 0.542982 0.333254 0.34585 0.356132 0.401899 0.543779 0.354472 0.374119 0.345447 0.419946 0.42316 0.468391 0.357162 0.527527 0.399735 0.36407 0.326652 0.399887 0.560305 0.466066 0.54961 0.402556 0.338047 1.01342 1.45459 0.550977 0.524916 0.544975 0.37054 0.721479 0.358152 1.49391 0.371288 0.529695 0.553246 0.460075 0.477703 0.466354 0.432149 0.379702 0.487529 0.545178 1.5153 0.325428 0.395764 0.399564 0.539809 0.482926 0.398359 0.367939 0.376528 0.843177 0.456266 0.483858 0.361472 0.765906 0.723374 0.414432 0.564063 0.546495 0.401638 0.840274 0.351585 1.04968 0.321374 0.482829 0.725543 0.535077 0.545119 0.433759 0.410732 0.900991 1.45177 0.336191 0.394895 0.543161 0.703788 0.482898 0.365773 0.3211 0.533509 0.653289 0.710914 0.336018 1.34891 1.39875 0.689555 0.319734 0.412332 0.343243 0.402967 0.402536 0.402662 0.316591 0.345954 0.333401 0.477167 0.530321 0.56429 1.05003 0.439052 0.419549 0.37303 0.463988 0.842023 0.401836 0.400905 0.480691 0.542623 0.848055 0.55897 0.90077 0.534865 1.04136 0.139914 0.400624 0.485322 0.307998 0.661691 0.525749 1.02669 0.683713 0.718326 0.387702 0.333336 0.439501 0.416691 0.7 0.773903 0.326939 0.381686 0.471997 0.416226 0.424676 0.547197 0.402464 1.06983 1.47579 1.01762 1.39605 0.394378 0.328959 0.33522 0.319766 0.38985 0.424996 1.66 0.345124 0.529689 0.403652 0.438174 0.723589 0.334246 0.397618 0.320461 0.567527 0.536234 0.298182 0.342472 0.39447 0.473247 0.316194 0.369756 0.707636 0.391907 0.31924 0.390758 0.673221 0.535738 0.333859 0.341642 0.843125 0.324968 0.551405 0.403789 0.667065 0.339086 0.457683 0.404458 0.967567 0.541819 0.329976 0.379238 0.467792 0.723999 0.53009 0.326268 1.40839 0.605394 1.45351 0.540748 0.457587 0.345703 1.01672 0.338431 1.02278 0.339393 0.349765 0.477102 0.337161 0.313408 0.550018 1.66 0.705069 0.362872 0.566074 0.995766 0.544827 0.558682 0.366048 0.72316 0.351807 0.396217 0.540411 0.341248 0.372238 0.322746 0.613932 0.400095 0.453398 1.51911 0.320253 0.477862 0.367565 0.393289 0.592834 0.46355 0.351629 0.393417 0.40514 0.321993 0.701894 0.36727 0.419979 0.386184 0.9679 0.541669 0.549765 1.00461 0.548945 0.397831 0.534966 0.4046 0.341836 1.03663 0.354492 0.399959 0.474438 0.397779 0.404929 0.392487 0.542607 0.33332 0.723805 0.664681 0.332442 1.50663 0.840136 1.01214 1.00124 0.536861 0.378721 0.551711 0.339447 0.367769 0.343312 0.384699 0.470745 0.479879 0.426955 0.404725 0.827738 1.05981 0.328169 0.358445 0.567205 0.374636 0.985441 0.350323 0.382129 0.394682 0.646869 0.346357 0.353195 0.4623
Testing:
Lab Growth Rates:
0.7
Dot Production Prediction of Lab Growth Rates:
0.683158
Best performance so far: 
Obj: 4.67376e-310Rho: 2.26291e-314Diff: 4.67376e-310
Anneal again with the best G and E so far as input
Cycle 2Round 1
Iter 500000 pBad 0.99849 T 0.0118838 Obj 1.19908 Rho 0 GRdif 106.755 success 60309 failure 106 obj_new 1.19908 SA_pAcc 1.00542 Delta 0.0892436 SA_r 0.329744 freedomratio 0.249576
Iter 1000000 pBad 0.964269 T 0.00451915 Obj 1.18509 Rho 0 GRdif 99.8523 success 119883 failure 823 obj_new 1.18509 SA_pAcc 1 Delta 0.00306749 SA_r 0.0847063 freedomratio 0.248942
Iter 1500000 pBad 0.871023 T 0.00171854 Obj 1.19299 Rho 0 GRdif 103.761 success 209280 failure 5244 obj_new 1.19299 SA_pAcc 0.94558 Delta 0.0196728 SA_r 0.0258235 freedomratio 0.246025
Iter 2000000 pBad 0.748906 T 0.000653526 Obj 1.09206 Rho 0 GRdif 51.785 success 312035 failure 18897 obj_new 1.09206 SA_pAcc 1 Delta 0.063038 SA_r 0.46836 freedomratio 0.248311
Iter 2500000 pBad 0.668539 T 0.000248523 Obj 1.04986 Rho 0 GRdif 28.6081 success 410759 failure 43250 obj_new 1.04986 SA_pAcc 1 Delta 0.0323366 SA_r 0.859458 freedomratio 0.243781
Iter 3000000 pBad 0.617462 T 9.45081e-05 Obj 1.03259 Rho 0 GRdif 18.8564 success 507224 failure 73881 obj_new 1.03259 SA_pAcc 1 Delta 0.061533 SA_r 0.726902 freedomratio 0.241082
Iter 3500000 pBad 0.551661 T 3.59395e-05 Obj 1.02441 Rho 0 GRdif 14.1792 success 601655 failure 108609 obj_new 1.02441 SA_pAcc 1 Delta 0.0229062 SA_r 0.079856 freedomratio 0.237288
Iter 4000000 pBad 0.453547 T 1.36671e-05 Obj 1.02017 Rho 0 GRdif 11.742 success 694758 failure 146868 obj_new 1.02017 SA_pAcc 1.1737 Delta -0.0240363 SA_r 0.342846 freedomratio 0.241181
Iter 4500000 pBad 0.381887 T 5.1973e-06 Obj 1.01711 Rho 0 GRdif 9.97536 success 786061 failure 187888 obj_new 1.01711 SA_pAcc 1 Delta 0.00922288 SA_r 0.578984 freedomratio 0.247163
Iter 5000000 pBad 0.303337 T 1.97643e-06 Obj 1.01458 Rho 0 GRdif 8.50869 success 866627 failure 249864 obj_new 1.01458 SA_pAcc 1 Delta 0.00870966 SA_r 0.525905 freedomratio 0.234263
Iter 5500000 pBad 0.244973 T 7.51595e-07 Obj 1.01144 Rho 0 GRdif 6.68565 success 943708 failure 325420 obj_new 1.01144 SA_pAcc 1 Delta 0.0116641 SA_r 0.137782 freedomratio 0.22915
Iter 6000000 pBad 0.171078 T 2.85816e-07 Obj 1.00991 Rho 0 GRdif 5.80071 success 1009745 failure 427318 obj_new 1.00991 SA_pAcc 1 Delta 0.0170616 SA_r 0.216031 freedomratio 0.218101
Iter 6500000 pBad 0.0751726 T 1.0869e-07 Obj 1.00942 Rho 0 GRdif 5.51183 success 1058635 failure 572640 obj_new 1.00942 SA_pAcc 1 Delta 0.00524547 SA_r 0.783312 freedomratio 0.201094
Iter 7000000 pBad 0.044201 T 4.13326e-08 Obj 1.00917 Rho 0 GRdif 5.36648 success 1091386 failure 767144 obj_new 1.00917 SA_pAcc 5.68229e-07 Delta -0.00122291 SA_r 0.484144 freedomratio 0.187321
Iter 7500000 pBad 0.0222002 T 1.57179e-08 Obj 1.009 Rho 0 GRdif 5.27098 success 1112682 failure 1003236 obj_new 1.009 SA_pAcc 0.000246148 Delta -0.00117457 SA_r 0.640982 freedomratio 0.17193
Iter 8000000 pBad 0.0106149 T 5.97721e-09 Obj 1.00896 Rho 0 GRdif 5.29028 success 1124270 failure 1276526 obj_new 1.00904 SA_pAcc 0 Delta -0.000149068 SA_r 0.32968 freedomratio 0.166951
Iter 8500000 pBad 0.00506751 T 2.27301e-09 Obj 1.00893 Rho 0 GRdif 5.2283 success 1132056 failure 1565373 obj_new 1.00893 SA_pAcc 1 Delta -0.000425991 SA_r 0.59082 freedomratio 0.163834
Iter 9000000 pBad 0.00468061 T 8.6438e-10 Obj 1.00892 Rho 0 GRdif 5.21927 success 1136658 failure 1867445 obj_new 1.00892 SA_pAcc 3.89651e-07 Delta 0.000308815 SA_r 0.0187982 freedomratio 0.161228
Iter 9500000 pBad 0.00202491 T 3.28706e-10 Obj 1.00891 Rho 0 GRdif 5.21424 success 1139528 failure 2175954 obj_new 1.00891 SA_pAcc 0 Delta -0.000137245 SA_r 0.572112 freedomratio 0.159436
Good enough
iter 9.99998e+06 obj1.0089 rho 0 GRdif 5.20982
Training:
Lab Growth Rates:
0.33 0.5 0.41 0.48 0.26 0.33 0.56 0.465 0.37 0.4 0.43 0.5 0.65 0.4 0.48 0.47 0.46 0.48 0.46 0.4 0.53 0.22 0.37 0.23 0.25 0.901 0.53 0.39 0.58 0.39 0.648 0.901 0.37 0.33 0.47 0.43 0.09 0.1 0.724 1.345 0.58 0.4 0.59 0.45 1.345 0.4 0.4 0.58 0.5 0.42 0.485 0.4 1.46 0.54 0.59 0.4 1.03 1.345 0.25 0.58 1.345 0.47 0.4 0.54 0.52 0.45 0.46 0.4 0.45 0.54 0.52 0.54 0.5 0.2 0.637 0.1 0.4 0.58 0.54 0.45 0.55 0.3 0.49 0.41 0.42 1.483 1.43 0.901 0.6 0.23 0.301 0.54 0.65 0.648 0.42 0.41 1.42 0.45 0.4 0.485 0.68 0.43 0.65 0.4 0.65 0.54 0.55 0.3 0.4 1.4 0.3 0.42 0.4 0.36 0.1 0.39 0.58 0.36 0.55 0.56 0.36 0.43 0.6 0.4 0.59 0.5 0.4 0.46 1.345 0.47 1.483 0.52 0.37 0.301 0.4 0.5 0.686 0.4 0.4 0.25 0.43 0.58 0.55 0.54 0.476 0.42 0.45 0.4 0.5 0.26 0.45 0.377 0.56 0.5 0.33 0.43 0.53 1.345 0.42 0.636 0.485 0.22 0.42 0.4 0.26 0.42 1.05 0.4 0.48 0.22 0.46 0.485 0.3 0.56 0.36 0.5 0.46 0.17 1.35 0.22 0.53 0.59 0.5 0.43 0.68 0.36 0.58 0.54 0.41 0.637 0.3 0.901 0.45 0.42 0.5 0.4 0.25 0.1 0.47 0.54 0.46 0.686 0.43 0.58 0.09 0.37 0.4 0.56 0.46 1.46 0.4 0.14 0.5 0.42 0.19 0.47 0.4 0.39 0.23 0.37 1.483 0.59 0.58 0.3 0.45 0.54 0.41 0.43 0.4 0.4 0.55 0.37 0.42 1.483 0.4 0.4 0.3 0.37 0.42 0.54 0.56 0.4 0.47 0.65 0.33 0.4 0.45 0.5 0.5 0.56 0.52 0.5 0.617 1.483 0.635 0.37 0.59 0.54 0.22 0.58 0.47 0.5 1.46 0.23 0.46 0.53 0.68 0.4 0.59 0.3 0.6 0.52 0.59 0.22 0.52 0.54 0.636 0.58 0.42 0.58 0.36 1.05 0.6 0.22 0.5 0.46 0.45 0.762 0.54 0.46 0.47 0.56 0.47 0.762 0.481 0.4 0.11 0.46 0.47 0.48 0.27 0.53 0.32 0.54 0.5 0.45 0.41 0.5 0.56 0.58 0.45 0.39 0.3 0.37 0.46 0.38 0.53 0.4 0.25 0.38 0.4 0.476 0.55 0.59 0.4 0.47 1.483 0.45 0.55 0.5 0.56 0.54 0.636 0.52 0.25 0.3 0.56 0.377 0.46 0.58 0.58 0.37 0.51 0.5 0.301 1.49 0.34 0.4 0.4 0.56 0.58 0.4 0.52 0.53 1.248 0.55 0.56 0.2 0.762 0.25 0.47 0.476 0.5 0.4 0.1 0.36 1.05 0.42 0.56 0.686 0.56 0.54 0.33 0.37 0.901 0.45 0.36 0.4 0.55 0.648 0.22 0.54 0.39 0.53 0.65 0.635 0.47 1.38 1.67 0.7 0.17 0.46 0.59 0.4 0.4 0.4 0.42 0.49 0.41 0.58 0.31 0.465 1.05 0.37 0.3 0.54 0.54 1.248 0.4 0.4 0.56 0.31 1.248 0.481 0.901 0.23 1.345 0.14 0.4 0.58 0.27 0.65 0.53 1.345 0.5 0.71 0.36 0.59 0.23 0.1 0.7 0.762 0.53 0.37 0.47 0.43 0.68 0.53 0.4 1.345 1.44 0.1 0.1 0.51 0.52 0.34 0.33 0.4 0.43 1.66 0.48 0.31 0.4 0.47 0.71 0.42 0.4 0.32 0.27 0.23 0.3 0.27 0.52 0.46 0.46 0.27 0.635 0.3 0.59 0.4 0.65 0.54 0.53 0.34 1.248 0.38 0.54 0.47 0.5 0.5 0.55 0.53 1.483 0.56 0.5 0.47 0.5 0.724 0.53 0.38 1.43 0.5 0.45 0.56 0.46 0.52 1.46 0.43 1.05 0.48 0.47 0.46 0.19 0.32 0.59 1.66 0.637 0.11 0.42 1.483 0.59 0.481 0.42 0.724 0.11 0.4 0.54 0.5 0.51 0.58 0.5 0.4 0.3 0.45 0.37 0.58 0.27 0.4 0.5 0.54 0.41 0.2 0.4 0.48 0.7 0.54 0.37 0.47 1.345 0.41 0.54 1.483 0.59 0.33 0.23 0.4 0.4 1.483 0.25 0.45 0.5 0.4 0.4 0.47 0.55 0.19 0.71 0.65 0.48 1.67 1.248 1.483 1.345 0.23 0.52 0.377 0.47 0.46 0.54 0.59 0.46 0.5 0.68 0.4 0.1 1.345 0.09 0.38 0.465 0.45 1.483 0.47 0.47 0.17 0.5 0.33 0.49 0.55
Dot Production Prediction of Lab Growth Rates:
0.326233 0.549412 0.353253 0.309318 0.43948 0.524592 0.533374 0.481109 0.447032 0.401246 0.380518 0.473174 0.632058 0.323073 0.293435 0.392775 0.424372 0.370049 0.414916 0.404296 0.536107 0.474744 0.385335 0.539854 0.311873 1.1673 0.410684 0.290363 0.349901 0.34472 0.689543 0.901001 0.543382 0.372529 0.364335 0.382376 0.36034 0.861324 0.703051 1.10523 0.376673 0.403583 0.33507 0.343832 1.03256 0.401669 0.399939 0.401623 0.711126 0.397028 0.481343 0.399441 0.953333 0.386434 0.309579 0.404342 1.46253 1.07152 0.351397 0.314826 1.0641 0.350858 0.401628 0.415449 0.379171 0.402168 0.377376 0.402029 1.46561 0.357983 0.369383 0.308651 0.328757 0.400031 0.691943 1.32156 0.403618 0.480122 0.327819 1.52614 0.550187 0.463126 0.406191 0.485255 0.337467 1.06318 1.37752 0.902756 0.494256 0.463979 0.490069 0.343459 0.632156 0.689684 0.334871 0.396862 1.53534 1.50835 0.401369 0.474585 0.401389 0.366197 0.651682 0.403695 0.62626 0.463918 0.445074 0.305333 0.402036 1.56791 0.444626 0.582864 0.404228 0.363135 0.445585 0.376355 0.474735 0.337635 0.550868 0.538908 0.441606 0.418229 0.498379 0.403695 0.358049 0.665967 0.403726 0.527015 1.07458 0.444346 1.05417 0.37496 0.382883 0.484721 0.398382 0.368801 0.702543 0.401302 0.402572 0.531392 0.407551 0.463851 0.547505 0.445536 0.483418 0.337491 0.353359 0.394312 0.389453 0.539778 0.32908 0.484103 0.535635 0.322109 0.367157 0.389734 0.466594 1.05293 0.330063 0.699804 0.473632 0.483002 0.321467 0.399739 0.35638 0.56667 1.73198 0.401888 0.305618 0.371558 0.45722 0.480046 0.494155 0.470045 0.363488 0.729771 0.316473 0.307586 1.27777 0.457256 0.285644 0.336264 0.480319 0.386079 0.397745 0.338439 0.468667 0.460089 0.398756 0.689021 0.339645 0.900858 0.342685 0.334921 0.384642 0.399918 0.503621 0.366563 0.372785 0.533086 0.459981 0.705145 0.37568 0.482569 0.463092 0.457168 0.397305 0.541748 0.289338 1.64209 0.400516 0.187999 0.542913 0.347062 0.325268 0.389957 0.402371 0.341727 0.463981 0.438685 1.03502 0.545853 0.370122 0.503391 0.383491 0.320173 0.484048 0.428705 0.402432 0.40122 0.45684 0.44817 0.334903 1.03182 0.39928 0.394014 0.301117 0.444424 0.304364 0.45258 0.466012 0.39951 0.460994 0.650328 0.317683 0.398266 0.321572 0.318741 0.350988 0.465329 0.348332 0.538517 0.707778 1.04248 0.695707 0.45657 0.548983 0.382722 0.478938 0.360671 0.351976 0.651766 1.00846 0.541379 0.366299 0.507975 0.395835 0.403435 0.330942 0.394129 0.485652 0.399695 0.544729 0.485316 0.381118 0.384392 0.685318 0.46511 0.363086 0.384959 0.330808 1.05276 0.483406 0.401255 0.716814 0.38267 0.37213 1.36916 0.358454 0.432775 0.362103 0.546299 0.371512 1.37112 0.477318 0.396449 0.341456 0.541572 0.398462 0.319461 0.368841 0.365689 0.342384 0.529661 0.330471 0.338521 0.396171 0.406467 0.544903 0.366951 0.378148 0.316247 0.471642 0.443455 0.460338 0.37148 0.529248 0.400078 0.351988 0.331052 0.400523 0.483126 0.461757 0.549894 0.403239 0.37019 1.02804 1.45747 0.551535 0.535019 0.543618 0.356587 0.702769 0.408818 1.48752 0.379894 0.535996 0.482465 0.461181 0.464582 0.468627 0.449507 0.418578 0.472971 0.486671 1.52614 0.319367 0.396312 0.402944 0.543843 0.473098 0.40017 0.406276 0.401777 1.23527 0.462028 0.470875 0.360275 1.35525 0.837823 0.450796 0.485386 0.53419 0.401706 1.25154 0.365837 1.04897 0.330711 0.470762 0.704518 0.535664 0.539989 0.49438 0.458843 0.930108 1.45917 0.352777 0.396153 0.551109 0.682674 0.474586 0.391135 0.300162 0.522355 0.646391 0.696292 0.337745 1.37101 1.54869 0.70162 0.318774 0.434833 0.317138 0.401323 0.403156 0.402146 0.302835 0.387718 0.307468 0.46526 0.54153 0.484879 1.05 0.458365 0.469483 0.408583 0.453259 1.22791 0.401782 0.400242 0.465516 0.543169 1.24375 0.477368 0.89617 0.533019 1.07424 0.186776 0.400874 0.465604 0.299107 0.65006 0.525353 1.04719 0.748857 0.69688 0.417363 0.334091 0.463426 0.438252 0.698605 1.35704 0.332986 0.417898 0.462151 0.416923 0.398953 0.548516 0.401292 1.10738 1.5073 1.4886 1.40883 0.432274 0.355928 0.33215 0.325756 0.393191 0.45121 1.66 0.335328 0.549292 0.403095 0.463073 0.698534 0.328185 0.398067 0.329221 0.589227 0.546177 0.299687 0.339429 0.381519 0.471123 0.300961 0.3687 0.692106 0.409985 0.30931 0.393473 0.672401 0.541504 0.355398 0.316296 1.23467 0.32085 0.538825 0.418884 0.748443 0.366634 0.460809 0.440102 1.04412 0.541669 0.334596 0.419714 0.469929 0.703744 0.535657 0.321834 1.38046 0.641714 1.4549 0.543741 0.459567 0.346208 1.00219 0.383975 0.999241 0.328707 0.358226 0.510205 0.340811 0.296897 0.548652 1.66 0.692219 0.392385 0.575727 1.03783 0.548553 0.476582 0.352744 0.699582 0.391057 0.396202 0.54005 0.323923 0.406803 0.323562 0.659592 0.398183 0.510764 1.4785 0.313707 0.481552 0.372375 0.394555 0.632523 0.451109 0.373849 0.397162 0.402988 0.300606 0.700004 0.379629 0.442674 0.387354 1.03938 0.476026 0.548483 1.0747 0.544933 0.45491 0.5415 0.404565 0.339919 1.06712 0.350751 0.39949 0.471699 0.400387 0.404056 0.407516 0.55266 0.338559 0.70266 0.667472 0.341179 1.48342 1.23566 1.06587 1.07106 0.547073 0.372615 0.482153 0.369828 0.410464 0.382674 0.377578 0.473723 0.467429 0.399523 0.405643 1.22309 1.08278 0.34948 0.36226 0.482066 0.407521 1.04834 0.34866 0.394268 0.451212 0.697156 0.372994 0.375095 0.460466
Testing:
Lab Growth Rates:
0.7
Dot Production Prediction of Lab Growth Rates:
0.699842
Best performance so far: 
Obj: 4.67376e-310Rho: 2.26291e-314Diff: 4.67376e-310
Test:
 Lab Growth Rates:
0.7Dot Product Prediction of Growth Rate:
0.6998418