seed =  5 traits =  1 
Training: part  196 
Training: part  196 
Round  1 
 Goal of obj  0.99 
Temperature range:  0.00390625 7.8125e-15 
Cycle 1Round 1
Iter 500000 pBad 0.852471 T 0.00101581 Obj 1.09359 Rho 0 GRdif 52.4276 success 146549 failure 10106 obj_new 1.09359 SA_pAcc 1 Delta -0.0696278 SA_r 0.381237 freedomratio 0.355367
Iter 1000000 pBad 0.76158 T 0.000264158 Obj 1.03548 Rho 0 GRdif 20.4328 success 288768 failure 30232 obj_new 1.03548 SA_pAcc 1 Delta -0.00540543 SA_r 0.0769715 freedomratio 0.371827
Iter 1500000 pBad 0.654579 T 6.86935e-05 Obj 1.02381 Rho 0 GRdif 13.791 success 428611 failure 56100 obj_new 1.02381 SA_pAcc 1 Delta -0.00807002 SA_r 0.157725 freedomratio 0.364428
Iter 2000000 pBad 0.517236 T 1.78635e-05 Obj 1.01968 Rho 0 GRdif 11.4206 success 565056 failure 89683 obj_new 1.01968 SA_pAcc 1 Delta 0.0317584 SA_r 0.822146 freedomratio 0.365109
Iter 2500000 pBad 0.413423 T 4.64535e-06 Obj 1.01425 Rho 0 GRdif 8.29069 success 691983 failure 140182 obj_new 1.01425 SA_pAcc 0.880183 Delta 0.00977796 SA_r 0.627538 freedomratio 0.360394
Iter 3000000 pBad 0.292589 T 1.20801e-06 Obj 1.01009 Rho 0 GRdif 5.88095 success 801628 failure 223829 obj_new 1.01009 SA_pAcc 1 Delta 0.0132995 SA_r 0.814326 freedomratio 0.34209
Iter 3500000 pBad 0.168874 T 3.14139e-07 Obj 1.00891 Rho 0 GRdif 5.19996 success 887583 failure 357445 obj_new 1.00891 SA_pAcc 0.120618 Delta -0.0129568 SA_r 0.385352 freedomratio 0.310381
Iter 4000000 pBad 0.0939015 T 8.16908e-08 Obj 1.00852 Rho 0 GRdif 4.97446 success 940119 failure 566804 obj_new 1.00852 SA_pAcc 0.760666 Delta -0.00167903 SA_r 0.201749 freedomratio 0.276546
Iter 4500000 pBad 0.0191807 T 2.12434e-08 Obj 1.00838 Rho 0 GRdif 4.89128 success 968963 failure 841993 obj_new 1.00838 SA_pAcc 3.83152e-55 Delta -0.000984492 SA_r 0.694629 freedomratio 0.233932
Iter 5000000 pBad 0.0118467 T 5.52429e-09 Obj 1.00833 Rho 0 GRdif 4.87451 success 983951 failure 1160983 obj_new 1.00835 SA_pAcc 0 Delta -0.000301207 SA_r 0.67825 freedomratio 0.220135
Iter 5500000 pBad 0.00797266 T 1.43657e-09 Obj 1.00832 Rho 0 GRdif 4.85457 success 991259 failure 1505312 obj_new 1.00832 SA_pAcc 1 Delta -0.000708228 SA_r 0.928809 freedomratio 0.210187
Iter 6000000 pBad 0.0021574 T 3.73576e-10 Obj 1.00831 Rho 0 GRdif 4.85186 success 995580 failure 1860704 obj_new 1.00831 SA_pAcc 7.09534e-22 Delta -0.000164571 SA_r 0.656141 freedomratio 0.207067
Iter 6500000 pBad 0.00403986 T 9.71473e-11 Obj 1.00831 Rho 0 GRdif 4.85056 success 997813 failure 2222769 obj_new 1.00831 SA_pAcc 1 Delta -0.000387259 SA_r 0.742502 freedomratio 0.206265
Iter 7000000 pBad 0.00115311 T 2.52628e-11 Obj 1.00831 Rho 0 GRdif 4.84965 success 999831 failure 2589004 obj_new 1.00831 SA_pAcc 0.0194268 Delta -4.37217e-06 SA_r 0.80505 freedomratio 0.202838
Iter 7500000 pBad 0.00091039 T 6.56952e-12 Obj 1.00831 Rho 0 GRdif 4.84935 success 1001118 failure 2959364 obj_new 1.00831 SA_pAcc 0 Delta -5.32404e-05 SA_r 0.922735 freedomratio 0.200685
Iter 8000000 pBad 0.00121257 T 1.70838e-12 Obj 1.00831 Rho 0 GRdif 4.85137 success 1003133 failure 3330513 obj_new 1.00831 SA_pAcc 0 Delta 7.79063e-05 SA_r 0.198935 freedomratio 0.195138
Iter 8500000 pBad 3.6983e-22 T 4.44259e-13 Obj 1.00831 Rho 0 GRdif 4.88706 success 1006439 failure 3638832 obj_new 1.00837 SA_pAcc 0 Delta -9.80859e-24 SA_r 0.513175 freedomratio 0.183699
Iter 9000000 pBad 6.24738e-75 T 1.15528e-13 Obj 1.00831 Rho 0 GRdif 4.84888 success 1006439 failure 3920689 obj_new 1.00831 SA_pAcc 0 Delta 4.87853e-76 SA_r 0.00505107 freedomratio 0.183068
Iter 9500000 pBad 6.19741e-277 T 3.00428e-14 Obj 1.00831 Rho 0 GRdif 4.8505 success 1006439 failure 4212013 obj_new 1.00831 SA_pAcc 0 Delta 1.34983e-278 SA_r 0.544182 freedomratio 0.0945771
Iter 10000000 pBad 0 T 7.81252e-15 Obj 1.00831 Rho 0 GRdif 4.84932 success 1006439 failure 4536914 obj_new 1.00831 SA_pAcc 0 Delta -0 SA_r 0.945762 freedomratio 0.0401948
Cannot move further
iter 8.25863e+06 obj1.00831 rho 0 GRdif 4.84885
Training:
Lab Growth Rates:
0.41 0.32 0.47 0.377 0.45 0.6 0.45 0.56 0.23 0.55 0.41 0.6 0.47 0.42 0.1 0.54 0.41 0.09 0.465 0.54 0.41 0.5 0.22 0.42 0.4 0.5 0.4 0.68 0.4 0.37 0.47 0.58 0.637 0.65 0.59 0.65 1.483 0.42 0.36 1.67 0.46 0.42 1.46 0.481 0.41 0.4 1.483 1.483 0.52 0.54 1.46 0.56 0.48 0.636 0.58 0.45 0.43 0.6 0.23 0.43 0.33 0.42 1.345 0.56 0.41 0.52 0.54 0.4 0.42 0.377 0.55 0.52 0.55 0.58 0.37 0.58 0.4 0.46 0.54 0.1 0.22 0.58 0.47 1.483 0.4 0.68 0.59 0.59 0.25 0.56 0.43 0.47 0.3 0.45 0.33 1.248 1.43 0.26 0.27 0.38 0.5 0.1 1.05 0.42 0.37 0.11 0.59 0.4 0.65 0.43 0.46 0.45 0.43 1.43 0.48 0.47 0.4 0.53 0.6 0.686 0.53 0.42 0.56 0.58 0.4 0.3 0.4 0.55 0.45 0.3 0.54 0.54 0.48 0.37 0.58 0.1 0.33 0.37 0.65 0.23 0.42 0.22 0.301 0.5 1.345 1.483 0.45 0.43 0.54 0.47 0.4 0.34 0.46 0.32 0.65 0.27 0.58 1.483 0.58 0.59 0.54 0.39 0.54 0.31 0.23 0.41 0.4 1.248 0.42 0.53 1.05 0.377 1.483 1.05 1.483 0.4 0.25 0.46 0.47 1.38 1.248 0.5 0.58 0.27 0.5 0.46 0.45 0.648 0.25 0.36 0.58 0.25 0.31 0.19 0.901 0.43 0.4 0.1 0.45 0.54 0.54 0.11 0.42 0.27 0.33 0.3 1.05 0.762 0.4 0.637 0.47 0.43 0.46 0.36 0.46 0.485 0.54 0.54 0.46 0.37 0.1 0.19 0.4 0.5 0.42 0.36 0.51 0.5 0.59 0.39 0.485 0.37 0.53 0.301 0.47 1.345 0.49 0.45 0.53 1.46 0.48 0.4 0.65 0.39 0.58 0.3 0.3 0.47 0.25 0.39 0.762 0.4 0.4 0.4 0.5 1.05 0.59 0.48 0.56 0.4 0.635 1.4 0.27 0.36 0.11 0.55 0.4 0.46 0.45 0.4 0.648 0.3 0.4 0.53 0.476 0.39 0.4 0.47 0.4 0.5 0.476 0.54 0.5 1.44 0.7 0.45 0.47 0.5 1.483 0.47 0.5 0.37 0.26 0.45 0.43 0.2 0.23 0.45 0.53 0.58 0.48 0.14 0.58 0.7 0.46 0.22 0.4 0.46 0.54 0.3 0.25 0.686 1.345 0.36 1.248 0.46 0.5 0.5 0.636 0.47 0.724 0.51 0.53 0.46 0.43 0.901 0.38 0.4 0.5 0.46 0.47 0.37 0.65 0.59 0.68 0.25 0.58 0.37 0.43 0.5 1.345 0.23 0.45 0.53 0.59 0.58 0.45 0.52 0.4 0.4 0.58 0.38 1.483 0.4 0.4 1.345 0.1 0.47 0.23 0.65 0.46 0.4 0.4 0.2 0.3 0.42 0.7 0.56 1.345 0.5 0.46 0.59 0.53 0.59 0.45 1.345 0.635 1.483 0.48 0.58 0.34 0.4 0.58 0.42 0.4 0.901 0.68 0.5 0.22 0.1 1.345 0.648 0.55 0.09 0.5 0.59 0.22 0.33 0.55 0.55 0.27 0.58 0.636 0.4 0.46 0.52 0.56 0.36 0.59 0.4 0.41 1.67 0.5 0.3 0.47 0.56 0.465 0.4 0.47 1.66 0.48 0.4 0.36 0.56 0.38 0.5 0.4 0.55 0.17 0.4 0.5 0.4 0.481 0.4 0.5 0.37 0.4 0.3 0.33 0.762 0.481 0.4 0.26 0.53 0.5 0.4 0.49 0.5 0.54 0.54 0.34 1.345 0.56 0.3 0.71 0.724 0.1 0.56 0.54 1.03 0.52 0.5 0.42 0.25 0.55 0.59 0.476 0.54 0.4 0.47 0.37 0.52 0.7 0.5 0.485 0.465 1.49 0.33 0.54 0.71 0.37 0.48 0.56 0.3 1.66 0.637 0.52 0.38 0.635 0.43 0.52 0.54 0.53 0.901 0.4 0.53 0.901 0.37 0.45 0.36 0.54 0.4 0.2 0.59 0.17 0.4 0.23 0.41 0.55 0.42 0.49 0.5 0.4 0.4 0.56 0.59 0.23 1.35 0.54 0.17 0.37 0.724 0.58 0.4 1.345 0.37 0.4 0.4 0.5 0.5 1.42 0.4 1.248 0.31 0.45 0.54 0.52 0.54 0.39 0.68 0.55 0.5 0.56 0.901 0.32 0.46 1.345 0.617 0.4 0.14 0.33 0.22 0.65 0.46 0.4 0.5 0.52 0.71 0.42 0.4 0.19 0.52 0.4 0.3 1.483 0.53 0.686 0.09 0.51 0.46 0.33 0.301 0.56 1.46 0.47 0.22 0.42 0.56 0.54 0.762 0.485 0.53 0.56 0.5 0.4 0.54
Dot Production Prediction of Lab Growth Rates:
0.38389 0.353678 0.342114 0.479062 1.5471 0.344957 0.3673 0.551032 0.446289 0.554645 0.349098 0.354457 0.439181 0.567171 0.837238 0.401844 0.387993 0.440367 0.486103 0.538119 0.485324 0.54615 0.475361 0.336253 0.398716 0.570829 0.403319 0.453345 0.401512 0.426803 0.442311 0.481769 0.708539 0.692536 0.54996 0.639961 0.9615 0.350379 0.332348 1.52094 0.504992 0.349889 1.58193 0.479237 0.48357 0.397909 0.94222 0.977904 0.352176 0.370151 0.957959 0.534042 0.341411 0.715199 0.361294 0.377119 0.370838 0.346439 0.546148 0.408321 0.483683 0.33801 1.02256 0.479353 0.324064 0.400303 0.450665 0.396611 0.348234 0.481168 0.550618 0.392854 0.549344 0.477883 0.444444 0.478696 0.402461 0.389868 0.539488 0.774776 0.370396 0.470052 0.434138 0.983085 0.400836 0.451852 0.326734 0.397916 0.514873 0.480374 0.385249 0.366424 0.303076 0.356722 0.328356 0.931748 1.38227 0.442137 0.568725 0.363591 0.596096 0.451657 1.05 0.369057 0.327185 0.370486 0.554747 0.405511 0.689153 0.373687 0.460008 1.54434 0.445437 1.37152 0.318037 0.463114 0.401451 0.302685 0.343971 0.72509 0.425264 0.313483 0.542486 0.370559 0.402246 0.346905 0.34729 0.441169 0.349245 0.329794 0.386242 0.450933 0.340176 0.443984 0.475119 0.959015 0.468645 0.441689 0.64837 0.543181 0.340002 0.384432 0.485108 0.47388 0.996308 0.9594 0.359834 0.418763 0.35761 0.396655 0.3984 0.318137 0.455901 0.314002 0.658638 0.355831 0.365108 0.974797 0.394807 0.385729 0.392548 0.337649 0.539999 0.532462 0.542284 0.389646 0.398359 0.92755 0.382696 0.536418 1.6673 0.481792 0.959203 1.05 0.974638 0.397957 1.5977 0.415535 0.40019 1.37369 0.936119 0.341598 0.366404 0.379024 0.329989 0.471386 1.54468 0.712023 0.362736 0.364824 0.472206 0.307964 0.530625 0.336086 0.900673 0.433137 0.402937 1.4722 0.398389 0.459962 0.457 0.377433 0.387357 0.330333 0.323314 0.33225 1.05525 0.890935 0.403052 0.713937 0.370273 0.354109 0.446771 0.357379 0.313994 0.47768 0.383521 0.389896 0.467482 0.38665 0.734885 0.334895 0.403229 0.471094 0.558217 0.40146 0.402826 0.319888 0.545436 0.327965 0.480624 0.390875 0.359127 0.481829 0.358936 1.00104 0.39463 0.410626 0.358229 0.990809 0.313295 0.40369 0.649932 0.365872 0.339995 0.344702 0.337049 0.391019 0.721418 0.351299 0.897032 0.402993 0.39967 0.399418 0.372057 0.985597 0.36272 0.354992 0.547364 0.405243 0.712453 1.54331 0.35956 0.332084 0.331829 0.552995 0.401531 0.30927 0.415945 0.403639 0.707035 0.361746 0.396541 0.515681 0.486734 0.312741 0.354271 0.350865 0.393484 0.549521 0.488513 0.33164 0.480262 1.59594 0.679729 0.394118 0.430092 0.544609 0.990187 0.411874 0.480123 0.43485 0.532722 0.345576 0.371657 0.377203 0.538413 1.63496 0.482125 0.475491 0.319211 0.138404 0.458654 0.679939 0.51847 0.471803 0.40499 0.352075 0.326395 0.41101 0.482451 0.723793 1.01906 0.346559 0.929911 0.487617 0.593394 0.385054 0.722001 0.471551 0.720656 0.380336 0.403008 0.327831 0.379104 0.901 0.336737 0.396759 0.361584 0.458648 0.365803 0.512736 0.655508 0.361673 0.454103 0.356739 0.473519 0.443864 0.415109 0.641304 0.99023 0.447028 1.57963 0.536465 0.548071 0.337478 0.341671 0.38378 0.40349 0.400956 0.308953 0.365968 0.992589 0.40302 0.402715 0.987562 0.787647 0.386595 0.448281 0.632003 0.468386 0.400429 0.397225 0.400679 0.299638 0.35644 0.678809 0.546728 0.956297 0.32671 0.445716 0.348494 0.548876 0.554094 1.64299 0.979182 0.714442 0.963384 0.339046 0.471097 0.333303 0.399997 0.360592 0.338146 0.400385 0.891295 0.454655 0.548723 0.430833 0.446008 0.960064 0.711322 0.462661 0.343885 0.334723 0.55114 0.475876 0.366745 0.557328 0.548756 0.388531 0.469299 0.723209 0.396542 0.368754 0.391977 0.543253 0.351782 0.546152 0.403742 0.477023 1.58651 0.486621 0.305368 0.358988 0.483044 0.482305 0.404145 0.428493 1.66 0.307923 0.401363 0.337124 0.472868 0.330232 0.549095 0.399793 0.455424 0.32345 0.39959 0.343102 0.402816 0.481316 0.396474 0.605215 0.425278 0.3999 0.310563 0.365461 0.905229 0.479198 0.395321 0.36875 0.540974 0.403185 0.403802 0.373573 0.360666 0.339287 0.352797 0.331102 0.983346 0.472148 0.283778 0.732962 0.721391 0.394666 0.542898 0.455368 1.47018 0.368386 0.531958 0.348468 0.358174 0.462912 0.345718 0.485797 0.544764 0.396921 0.400253 0.431107 0.382182 0.683053 0.315564 0.481546 0.486608 1.63496 0.340913 0.403036 0.724869 0.427378 0.335042 0.544675 0.359168 1.66 0.713407 0.40736 0.323888 0.715505 0.404784 0.372434 0.383325 0.404413 0.903125 0.405756 0.342025 0.903065 0.430877 0.373364 0.425242 0.41549 0.398243 0.401709 0.331947 0.422665 0.403459 0.544387 0.367534 0.460151 0.321328 0.379153 0.573832 0.400933 0.402232 0.547536 0.322601 0.540211 1.18804 0.539401 0.335791 0.407264 0.723866 0.480439 0.40553 1.03463 0.389102 0.399597 0.40605 0.587523 0.53331 1.62433 0.404412 0.929121 0.535532 1.55161 0.548569 0.361748 0.537294 0.331758 0.456275 0.465084 0.617124 0.471525 0.906899 0.322714 0.413412 1.00082 0.616872 0.4 0.140011 0.426788 0.475569 0.625041 0.373412 0.401172 0.475085 0.341583 0.720793 0.560699 0.403868 0.343975 0.367919 0.402909 0.378609 0.961057 0.529203 0.724971 0.36895 0.412351 0.43797 0.357478 0.482701 0.544247 0.995317 0.366962 0.475245 0.341842 0.534375 0.451295 0.903348 0.484516 0.528491 0.540298 0.547714 0.403063 0.331234
Testing:
Lab Growth Rates:
0.47 0.47 0.47
Dot Production Prediction of Lab Growth Rates:
0.360089 0.361833 0.357585
Best performance so far: 
Obj: 4.65827e-310Rho: 2.26291e-314Diff: 4.65827e-310
Anneal again with the best G and E so far as input
Cycle 2Round 1
Iter 500000 pBad 0.798248 T 0.00101581 Obj 1.05224 Rho 0 GRdif 29.8403 success 103020 failure 11519 obj_new 1.05224 SA_pAcc 0.940332 Delta 0.0494257 SA_r 0.469868 freedomratio 0.248095
Iter 1000000 pBad 0.706441 T 0.000264158 Obj 1.03508 Rho 0 GRdif 20.2061 success 202809 failure 31057 obj_new 1.03508 SA_pAcc 1.14511 Delta -0.0209317 SA_r 0.389746 freedomratio 0.246841
Iter 1500000 pBad 0.693304 T 6.86935e-05 Obj 1.03052 Rho 0 GRdif 17.6148 success 300354 failure 55760 obj_new 1.03052 SA_pAcc 0.905134 Delta 0.0402334 SA_r 0.129071 freedomratio 0.243963
Iter 2000000 pBad 0.560155 T 1.78635e-05 Obj 1.02352 Rho 0 GRdif 13.6243 success 395889 failure 86785 obj_new 1.02352 SA_pAcc 1 Delta 0.0113379 SA_r 0.77786 freedomratio 0.241053
Iter 2500000 pBad 0.389029 T 4.64535e-06 Obj 1.01872 Rho 0 GRdif 10.8698 success 487723 failure 126716 obj_new 1.01872 SA_pAcc 1 Delta -0.00789798 SA_r 0.0716285 freedomratio 0.237055
Iter 3000000 pBad 0.233686 T 1.20801e-06 Obj 1.01355 Rho 0 GRdif 7.88962 success 568876 failure 191439 obj_new 1.01355 SA_pAcc 1 Delta 0.0043389 SA_r 0.43653 freedomratio 0.221383
Iter 3500000 pBad 0.197363 T 3.14139e-07 Obj 1.00958 Rho 0 GRdif 5.60157 success 644240 failure 277740 obj_new 1.0096 SA_pAcc 1.4715e-34 Delta 0.0156928 SA_r 0.704412 freedomratio 0.216957
Iter 4000000 pBad 0.107901 T 8.16908e-08 Obj 1.00872 Rho 0 GRdif 5.08682 success 698262 failure 414963 obj_new 1.00872 SA_pAcc 0.156891 Delta 0.00736129 SA_r 0.166201 freedomratio 0.198107
Iter 4500000 pBad 0.0496715 T 2.12434e-08 Obj 1.00835 Rho 0 GRdif 4.87441 success 733999 failure 616263 obj_new 1.00835 SA_pAcc 1 Delta 0.00136738 SA_r 0.242328 freedomratio 0.175923
Iter 5000000 pBad 0.0273349 T 5.52429e-09 Obj 1.00817 Rho 0 GRdif 4.78123 success 761128 failure 870019 obj_new 1.00819 SA_pAcc 0 Delta -0.00180838 SA_r 0.621591 freedomratio 0.155603
Iter 5500000 pBad 0.0115743 T 1.43657e-09 Obj 1.00811 Rho 0 GRdif 4.7359 success 775815 failure 1183982 obj_new 1.00811 SA_pAcc 1 Delta 0.000137924 SA_r 0.813896 freedomratio 0.144299
Iter 6000000 pBad 0.00619922 T 3.73576e-10 Obj 1.0081 Rho 0 GRdif 4.72774 success 784841 failure 1524375 obj_new 1.0081 SA_pAcc 0 Delta 0.000145246 SA_r 0.744443 freedomratio 0.139757
Iter 6500000 pBad 0.0042421 T 9.71473e-11 Obj 1.00809 Rho 0 GRdif 4.73441 success 791541 failure 1882020 obj_new 1.00811 SA_pAcc 0 Delta -0.000208691 SA_r 0.200371 freedomratio 0.135335
Iter 7000000 pBad 0.00190251 T 2.52628e-11 Obj 1.00808 Rho 0 GRdif 4.71646 success 799887 failure 2251708 obj_new 1.00808 SA_pAcc 4.88126e-65 Delta -8.40899e-05 SA_r 0.30173 freedomratio 0.129388
Iter 7500000 pBad 0.00123629 T 6.56952e-12 Obj 1.00808 Rho 0 GRdif 4.7185 success 807262 failure 2638520 obj_new 1.00808 SA_pAcc 0 Delta -8.33496e-05 SA_r 0.788196 freedomratio 0.127669
Iter 8000000 pBad 0.000284043 T 1.70838e-12 Obj 1.00808 Rho 0 GRdif 4.71375 success 812632 failure 3035647 obj_new 1.00808 SA_pAcc 1 Delta 1.3076e-05 SA_r 0.996398 freedomratio 0.125589
Iter 8500000 pBad 4.77027e-21 T 4.44259e-13 Obj 1.00808 Rho 0 GRdif 4.74139 success 816732 failure 3426811 obj_new 1.00812 SA_pAcc 0 Delta -1.03314e-23 SA_r 0.718523 freedomratio 0.123239
Iter 9000000 pBad 1.88461e-150 T 1.15528e-13 Obj 1.00808 Rho 0 GRdif 4.7149 success 816740 failure 3770821 obj_new 1.00808 SA_pAcc 0 Delta -1.033e-152 SA_r 0.845403 freedomratio 0.122466
Iter 9500000 pBad 4.29375e-137 T 3.00428e-14 Obj 1.00808 Rho 0 GRdif 4.75443 success 816740 failure 4118309 obj_new 1.00815 SA_pAcc 0 Delta -6.54019e-139 SA_r 0.389658 freedomratio 0.0970842
Good enough
iter 8.51984e+06 obj1.00808 rho 0 GRdif 4.71354
Training:
Lab Growth Rates:
0.41 0.32 0.47 0.377 0.45 0.6 0.45 0.56 0.23 0.55 0.41 0.6 0.47 0.42 0.1 0.54 0.41 0.09 0.465 0.54 0.41 0.5 0.22 0.42 0.4 0.5 0.4 0.68 0.4 0.37 0.47 0.58 0.637 0.65 0.59 0.65 1.483 0.42 0.36 1.67 0.46 0.42 1.46 0.481 0.41 0.4 1.483 1.483 0.52 0.54 1.46 0.56 0.48 0.636 0.58 0.45 0.43 0.6 0.23 0.43 0.33 0.42 1.345 0.56 0.41 0.52 0.54 0.4 0.42 0.377 0.55 0.52 0.55 0.58 0.37 0.58 0.4 0.46 0.54 0.1 0.22 0.58 0.47 1.483 0.4 0.68 0.59 0.59 0.25 0.56 0.43 0.47 0.3 0.45 0.33 1.248 1.43 0.26 0.27 0.38 0.5 0.1 1.05 0.42 0.37 0.11 0.59 0.4 0.65 0.43 0.46 0.45 0.43 1.43 0.48 0.47 0.4 0.53 0.6 0.686 0.53 0.42 0.56 0.58 0.4 0.3 0.4 0.55 0.45 0.3 0.54 0.54 0.48 0.37 0.58 0.1 0.33 0.37 0.65 0.23 0.42 0.22 0.301 0.5 1.345 1.483 0.45 0.43 0.54 0.47 0.4 0.34 0.46 0.32 0.65 0.27 0.58 1.483 0.58 0.59 0.54 0.39 0.54 0.31 0.23 0.41 0.4 1.248 0.42 0.53 1.05 0.377 1.483 1.05 1.483 0.4 0.25 0.46 0.47 1.38 1.248 0.5 0.58 0.27 0.5 0.46 0.45 0.648 0.25 0.36 0.58 0.25 0.31 0.19 0.901 0.43 0.4 0.1 0.45 0.54 0.54 0.11 0.42 0.27 0.33 0.3 1.05 0.762 0.4 0.637 0.47 0.43 0.46 0.36 0.46 0.485 0.54 0.54 0.46 0.37 0.1 0.19 0.4 0.5 0.42 0.36 0.51 0.5 0.59 0.39 0.485 0.37 0.53 0.301 0.47 1.345 0.49 0.45 0.53 1.46 0.48 0.4 0.65 0.39 0.58 0.3 0.3 0.47 0.25 0.39 0.762 0.4 0.4 0.4 0.5 1.05 0.59 0.48 0.56 0.4 0.635 1.4 0.27 0.36 0.11 0.55 0.4 0.46 0.45 0.4 0.648 0.3 0.4 0.53 0.476 0.39 0.4 0.47 0.4 0.5 0.476 0.54 0.5 1.44 0.7 0.45 0.47 0.5 1.483 0.47 0.5 0.37 0.26 0.45 0.43 0.2 0.23 0.45 0.53 0.58 0.48 0.14 0.58 0.7 0.46 0.22 0.4 0.46 0.54 0.3 0.25 0.686 1.345 0.36 1.248 0.46 0.5 0.5 0.636 0.47 0.724 0.51 0.53 0.46 0.43 0.901 0.38 0.4 0.5 0.46 0.47 0.37 0.65 0.59 0.68 0.25 0.58 0.37 0.43 0.5 1.345 0.23 0.45 0.53 0.59 0.58 0.45 0.52 0.4 0.4 0.58 0.38 1.483 0.4 0.4 1.345 0.1 0.47 0.23 0.65 0.46 0.4 0.4 0.2 0.3 0.42 0.7 0.56 1.345 0.5 0.46 0.59 0.53 0.59 0.45 1.345 0.635 1.483 0.48 0.58 0.34 0.4 0.58 0.42 0.4 0.901 0.68 0.5 0.22 0.1 1.345 0.648 0.55 0.09 0.5 0.59 0.22 0.33 0.55 0.55 0.27 0.58 0.636 0.4 0.46 0.52 0.56 0.36 0.59 0.4 0.41 1.67 0.5 0.3 0.47 0.56 0.465 0.4 0.47 1.66 0.48 0.4 0.36 0.56 0.38 0.5 0.4 0.55 0.17 0.4 0.5 0.4 0.481 0.4 0.5 0.37 0.4 0.3 0.33 0.762 0.481 0.4 0.26 0.53 0.5 0.4 0.49 0.5 0.54 0.54 0.34 1.345 0.56 0.3 0.71 0.724 0.1 0.56 0.54 1.03 0.52 0.5 0.42 0.25 0.55 0.59 0.476 0.54 0.4 0.47 0.37 0.52 0.7 0.5 0.485 0.465 1.49 0.33 0.54 0.71 0.37 0.48 0.56 0.3 1.66 0.637 0.52 0.38 0.635 0.43 0.52 0.54 0.53 0.901 0.4 0.53 0.901 0.37 0.45 0.36 0.54 0.4 0.2 0.59 0.17 0.4 0.23 0.41 0.55 0.42 0.49 0.5 0.4 0.4 0.56 0.59 0.23 1.35 0.54 0.17 0.37 0.724 0.58 0.4 1.345 0.37 0.4 0.4 0.5 0.5 1.42 0.4 1.248 0.31 0.45 0.54 0.52 0.54 0.39 0.68 0.55 0.5 0.56 0.901 0.32 0.46 1.345 0.617 0.4 0.14 0.33 0.22 0.65 0.46 0.4 0.5 0.52 0.71 0.42 0.4 0.19 0.52 0.4 0.3 1.483 0.53 0.686 0.09 0.51 0.46 0.33 0.301 0.56 1.46 0.47 0.22 0.42 0.56 0.54 0.762 0.485 0.53 0.56 0.5 0.4 0.54
Dot Production Prediction of Lab Growth Rates:
0.382931 0.343707 0.343834 0.453024 1.30542 0.601752 0.323488 0.555282 0.447331 0.556995 0.340331 0.633938 0.451104 0.628759 1.15947 0.387921 0.412914 0.473065 0.451547 0.540469 0.451081 0.553527 0.473373 0.320843 0.392506 0.779381 0.401794 0.318004 0.398342 0.42974 0.456754 0.474997 0.697097 0.663397 0.55086 0.650908 1.31212 0.353008 0.336413 1.36127 0.573546 0.293836 1.53188 0.447552 0.451006 0.394969 1.29576 1.33941 0.357766 0.393028 1.06107 0.529831 0.346437 0.707618 0.378651 0.400046 0.363952 0.610052 0.546181 0.414904 0.557809 0.327259 1.37018 0.475957 0.320461 0.396961 0.465656 0.383822 0.349662 0.451402 0.549108 0.385381 0.55251 0.476698 0.44127 0.475857 0.400155 0.400803 0.539157 1.00357 0.358563 0.47554 0.487082 1.33189 0.39836 0.319094 0.311294 0.383552 0.604666 0.475423 0.365877 0.345235 0.297176 0.334489 0.321503 0.835174 1.22785 0.481604 0.645043 0.364976 0.839984 0.4894 1.08493 0.322163 0.263868 0.379386 0.549038 0.404702 0.649956 0.381664 0.459558 1.34195 0.442583 1.23775 0.300666 0.484742 0.399484 0.274765 0.616914 0.71813 0.457499 0.307497 0.544924 0.370657 0.401399 0.320039 0.296566 0.452402 0.354149 0.583641 0.374163 0.465524 0.33183 0.443418 0.475274 1.20471 0.519898 0.476839 0.649993 0.547057 0.338955 0.408048 0.454076 0.468463 1.33304 1.27076 0.369691 0.409566 0.374784 0.408961 0.394929 0.299418 0.451076 0.295145 0.659424 0.326232 0.400014 1.28069 0.406623 0.352211 0.404432 0.318435 0.541366 0.592307 0.547588 0.402914 0.398652 0.832346 0.407661 0.535032 1.5469 0.451496 1.30046 1.08471 1.2919 0.392555 1.37831 0.449873 0.376649 1.25854 0.837306 0.319799 0.361812 0.390136 0.330697 0.466629 1.34051 0.703014 0.34901 0.368212 0.474918 0.293314 0.589067 0.307245 0.901 0.456762 0.401528 1.32166 0.359749 0.470869 0.470072 0.406422 0.375599 0.27157 0.301053 0.591032 1.0896 0.757666 0.399839 0.699289 0.372792 0.356254 0.435574 0.350776 0.293464 0.444848 0.376127 0.371624 0.464477 0.404827 1.05353 0.312203 0.400991 0.467985 0.615082 0.426086 0.430685 0.321338 0.543521 0.318004 0.452972 0.417437 0.358125 0.454041 0.308435 1.3448 0.418337 0.404156 0.333175 1.05916 0.280322 0.401727 0.659199 0.363383 0.349875 0.610465 0.576894 0.409067 1.04545 0.3296 0.762 0.403674 0.3953 0.400021 0.367137 1.05 0.329961 0.349865 0.547326 0.402662 0.704015 1.38364 0.376079 0.325163 0.33705 0.549791 0.402239 0.287075 0.431547 0.400506 0.696779 0.640981 0.391423 0.592446 0.454527 0.29297 0.308233 0.348345 0.382744 0.802522 0.45588 0.314454 0.484113 1.42135 0.738035 0.418566 0.396869 0.543198 1.32745 0.411252 0.475266 0.439899 0.609475 0.355212 0.366096 0.342502 0.543723 1.39868 0.516294 0.475823 0.280587 0.139996 0.45723 0.734621 0.595179 0.468893 0.402121 0.355397 0.269512 0.424181 0.550972 0.716513 1.35047 0.360114 0.835121 0.559587 0.876576 0.394576 0.71134 0.494373 0.715866 0.402018 0.417738 0.332942 0.355311 0.902402 0.287935 0.386945 0.362393 0.459466 0.363885 0.600559 0.628728 0.315345 0.321672 0.34087 0.474347 0.444657 0.422969 0.891945 1.34535 0.44679 1.365 0.529676 0.545119 0.309409 0.303354 0.377095 0.400176 0.396456 0.285455 0.368266 1.33522 0.402528 0.401192 1.33375 0.991507 0.380038 0.446714 0.638906 0.465442 0.395073 0.393285 0.377078 0.3 0.332282 0.740193 0.554696 1.30513 0.321482 0.478305 0.315045 0.546682 0.554431 1.38784 1.32481 0.706592 1.31145 0.295454 0.474364 0.317528 0.399939 0.377272 0.325513 0.398908 0.790575 0.321643 0.807322 0.464036 0.474417 1.30438 0.703321 0.466122 0.347277 0.312729 0.553508 0.479606 0.341262 0.553332 0.548552 0.371003 0.471688 0.717532 0.389608 0.371772 0.413751 0.550276 0.374824 0.542925 0.405821 0.441315 1.38848 0.478117 0.556066 0.367112 0.478853 0.452205 0.402251 0.415898 1.55153 0.288311 0.395899 0.326934 0.471839 0.273539 0.561187 0.400856 0.465535 0.30594 0.395006 0.327795 0.399661 0.448307 0.385607 0.877395 0.427546 0.397338 0.304226 0.377147 0.762842 0.446775 0.38304 0.354724 0.539631 0.440705 0.401689 0.393134 0.371026 0.332463 0.378907 0.284803 1.29811 0.474075 0.497968 0.72003 0.716354 0.382797 0.544129 0.464889 1.30044 0.379175 0.528847 0.320745 0.35053 0.467891 0.32451 0.453355 0.55117 0.392933 0.399381 0.434563 0.388284 0.734953 0.315951 0.443576 0.455533 1.39868 0.311406 0.392739 0.712991 0.428947 0.333543 0.544037 0.639463 1.55182 0.701277 0.387984 0.28174 0.706248 0.408323 0.378715 0.397747 0.419043 0.905794 0.402402 0.314406 0.904854 0.435542 0.353449 0.43778 0.416701 0.381072 0.404457 0.303898 0.456682 0.401515 0.544447 0.361821 0.468499 0.294053 0.392662 0.832351 0.394746 0.40088 0.55053 0.321251 0.542803 1.16406 0.535429 0.309761 0.445714 0.718307 0.475138 0.402913 1.36643 0.387213 0.394819 0.406047 0.893974 0.531528 1.43849 0.401117 0.831328 0.612298 1.34971 0.553505 0.375553 0.535159 0.314289 0.319242 0.465416 0.924953 0.474561 0.931219 0.319984 0.398205 1.35087 0.615534 0.391065 0.14029 0.469125 0.478583 0.628739 0.369014 0.398559 0.480519 0.342069 0.710216 0.627283 0.402043 0.323653 0.344952 0.401922 0.375722 1.30623 0.519951 0.716295 0.387502 0.449421 0.426317 0.368429 0.453178 0.547604 1.06118 0.383431 0.470526 0.347766 0.531138 0.462748 0.771915 0.453311 0.529895 0.547327 0.812741 0.401396 0.32187
Testing:
Lab Growth Rates:
0.47 0.47 0.47
Dot Production Prediction of Lab Growth Rates:
0.355991 0.356781 0.363486
Best performance so far: 
Obj: 4.65827e-310Rho: 2.26291e-314Diff: 4.65827e-310
Test:
 Lab Growth Rates:
0.47 0.47 0.47Dot Product Prediction of Growth Rate:
0.3559909 0.3567808 0.3634857