seed =  5 traits =  1 
Training: part  28 
Training: part  28 
Round  1 
 Goal of obj  0.99 
Temperature range:  0.0078125 3.125e-15 
Cycle 1Round 1
Iter 500000 pBad 0.880851 T 0.00187454 Obj 1.10799 Rho 0 GRdif 60.0939 success 147307 failure 7505 obj_new 1.10799 SA_pAcc 1.07884 Delta -0.0314077 SA_r 0.707128 freedomratio 0.363975
Iter 1000000 pBad 0.784573 T 0.000449777 Obj 1.05052 Rho 0 GRdif 28.8788 success 291375 failure 23222 obj_new 1.05052 SA_pAcc 1.12505 Delta -0.0666235 SA_r 0.595377 freedomratio 0.363524
Iter 1500000 pBad 0.729858 T 0.00010792 Obj 1.02835 Rho 0 GRdif 16.381 success 432034 failure 47150 obj_new 1.02835 SA_pAcc 0.886884 Delta 0.0577326 SA_r 0.490312 freedomratio 0.364428
Iter 2000000 pBad 0.620796 T 2.58942e-05 Obj 1.01892 Rho 0 GRdif 10.9832 success 569170 failure 78839 obj_new 1.01892 SA_pAcc 2.07612 Delta -0.055407 SA_r 0.376531 freedomratio 0.359289
Iter 2500000 pBad 0.562801 T 6.21307e-06 Obj 1.01366 Rho 0 GRdif 7.94998 success 702913 failure 117161 obj_new 1.01366 SA_pAcc 1 Delta -0.0152689 SA_r 0.753775 freedomratio 0.372774
Iter 3000000 pBad 0.33487 T 1.49077e-06 Obj 1.01053 Rho 0 GRdif 6.13985 success 823801 failure 178790 obj_new 1.01053 SA_pAcc 1.00755 Delta 0.00353258 SA_r 0.699589 freedomratio 0.343292
Iter 3500000 pBad 0.123988 T 3.57695e-07 Obj 1.00939 Rho 0 GRdif 5.47523 success 916018 failure 298763 obj_new 1.00939 SA_pAcc 1.09664 Delta 0.001399 SA_r 0.405782 freedomratio 0.309562
Iter 4000000 pBad 0.0562093 T 8.58253e-08 Obj 1.00924 Rho 0 GRdif 5.38935 success 963054 failure 519656 obj_new 1.00924 SA_pAcc 1 Delta -2.32997e-05 SA_r 0.408861 freedomratio 0.267825
Iter 4500000 pBad 0.0290529 T 2.05929e-08 Obj 1.00913 Rho 0 GRdif 5.33779 success 991818 failure 793059 obj_new 1.00915 SA_pAcc 0 Delta 0.000147237 SA_r 0.457021 freedomratio 0.239281
Iter 5000000 pBad 0.00856929 T 4.94107e-09 Obj 1.0091 Rho 0 GRdif 5.30901 success 1006893 failure 1110747 obj_new 1.0091 SA_pAcc 1 Delta 6.14535e-05 SA_r 0.91369 freedomratio 0.219887
Iter 5500000 pBad 0.0046678 T 1.18556e-09 Obj 1.00909 Rho 0 GRdif 5.30221 success 1016202 failure 1453374 obj_new 1.00909 SA_pAcc 1 Delta 0.00016162 SA_r 0.590003 freedomratio 0.208764
Iter 6000000 pBad 0.00313727 T 2.84464e-10 Obj 1.00908 Rho 0 GRdif 5.29889 success 1021515 failure 1813007 obj_new 1.00908 SA_pAcc 1 Delta -0.0003193 SA_r 0.377758 freedomratio 0.201791
Iter 6500000 pBad 0.00216693 T 6.82543e-11 Obj 1.00908 Rho 0 GRdif 5.29749 success 1024183 failure 2181716 obj_new 1.00908 SA_pAcc 2.94606e-118 Delta 0.000211447 SA_r 0.969628 freedomratio 0.199795
Iter 7000000 pBad 0.00084702 T 1.6377e-11 Obj 1.00908 Rho 0 GRdif 5.32008 success 1025665 failure 2554304 obj_new 1.00912 SA_pAcc 0 Delta -3.61529e-06 SA_r 0.877888 freedomratio 0.198711
Iter 7500000 pBad 0.00139459 T 3.92949e-12 Obj 1.00908 Rho 0 GRdif 5.29785 success 1028103 failure 2925570 obj_new 1.00908 SA_pAcc 0 Delta 5.25476e-05 SA_r 0.338626 freedomratio 0.198509
Iter 8000000 pBad 2.1696e-12 T 9.42843e-13 Obj 1.00908 Rho 0 GRdif 5.29598 success 1032283 failure 3290334 obj_new 1.00908 SA_pAcc 1.00071 Delta -1.37765e-13 SA_r 0.837507 freedomratio 0.18722
Iter 8500000 pBad 2.01072e-97 T 2.26226e-13 Obj 1.00908 Rho 0 GRdif 5.29596 success 1036112 failure 3582342 obj_new 1.00908 SA_pAcc 1 Delta -1.83264e-98 SA_r 0.474634 freedomratio 0.184161
Iter 9000000 pBad 6.34298e-80 T 5.42807e-14 Obj 1.00908 Rho 0 GRdif 5.29606 success 1036112 failure 3867756 obj_new 1.00908 SA_pAcc 0 Delta 4.73913e-81 SA_r 0.0729795 freedomratio 0.158122
Iter 9500000 pBad 0 T 1.30241e-14 Obj 1.00908 Rho 0 GRdif 5.29737 success 1036112 failure 4177140 obj_new 1.00908 SA_pAcc 0 Delta -0 SA_r 0.98535 freedomratio 0.0649595
Iter 10000000 pBad 0 T 3.12501e-15 Obj 1.00908 Rho 0 GRdif 5.29634 success 1036112 failure 4508704 obj_new 1.00908 SA_pAcc 0 Delta -0 SA_r 0.00543362 freedomratio 0.036625
Cannot move further
iter 8.26534e+06 obj1.00908 rho 0 GRdif 5.29596
Training:
Lab Growth Rates:
0.7 0.37 0.4 0.4 0.33 0.56 0.55 0.58 1.67 0.11 0.19 0.636 0.4 0.38 0.54 0.4 0.54 0.42 0.54 0.7 0.5 0.54 0.4 0.53 0.56 0.43 0.5 0.485 0.2 0.4 0.33 0.42 0.3 0.56 0.46 0.648 0.65 0.4 1.66 0.17 0.55 0.53 0.5 0.3 0.37 0.47 0.5 0.5 0.485 0.46 0.4 0.37 0.48 0.1 0.52 0.5 0.45 0.5 0.4 0.5 0.53 0.22 0.59 0.5 0.54 0.23 0.4 0.58 1.46 0.4 0.25 0.56 0.33 0.36 1.483 0.41 0.47 0.38 0.4 0.53 0.65 0.1 0.5 0.23 0.4 1.345 0.53 0.4 0.46 0.42 0.59 0.686 0.377 0.59 0.09 0.43 0.56 0.47 0.37 0.4 0.65 0.25 0.4 0.17 0.58 0.54 0.45 0.4 0.37 0.37 0.53 0.22 0.4 0.45 0.1 0.48 0.55 0.58 0.59 0.686 0.54 0.26 0.47 0.59 0.4 0.54 0.59 0.33 0.47 0.68 0.59 0.47 0.4 0.36 0.49 0.52 0.4 0.465 1.483 0.4 0.58 0.38 0.481 0.23 0.47 0.4 0.635 0.51 0.648 1.483 0.56 0.11 0.4 0.901 0.54 0.33 0.47 0.5 1.49 1.35 0.37 0.68 0.42 0.476 0.42 0.59 0.5 0.4 0.635 0.31 0.58 0.4 1.345 0.46 0.42 1.46 0.33 0.54 0.48 0.46 0.43 0.56 1.345 0.31 0.46 0.4 0.23 0.5 0.27 0.47 0.46 0.71 0.52 0.59 0.54 0.1 0.5 0.71 0.37 0.37 0.71 0.25 0.48 0.46 0.3 0.43 0.47 0.36 0.43 0.53 0.3 1.248 0.762 0.3 0.54 0.52 0.39 0.59 0.56 0.4 0.476 1.46 0.19 0.4 0.47 0.5 0.22 0.648 0.47 0.53 0.41 0.47 0.58 0.6 0.637 0.377 0.42 0.41 0.37 0.36 1.05 0.42 0.5 0.36 1.46 0.65 0.465 0.46 0.22 0.4 0.45 0.54 0.33 0.5 1.345 0.4 0.4 0.47 0.45 0.58 0.4 0.25 0.43 0.43 0.43 0.4 0.59 1.483 0.43 0.55 0.52 0.22 0.3 0.56 0.42 0.41 0.53 0.58 0.1 0.46 0.45 0.23 0.41 1.248 0.2 0.37 0.3 0.46 0.54 0.46 1.483 0.3 0.42 0.4 0.56 0.53 0.58 1.248 0.3 0.65 0.45 1.03 0.635 0.901 0.56 0.56 0.36 1.05 0.25 0.4 0.47 1.483 0.42 0.27 0.5 0.09 0.39 0.56 0.5 0.42 0.4 0.54 0.901 0.4 0.485 1.44 0.55 0.27 0.4 0.3 0.53 0.47 0.58 0.47 0.54 0.65 0.5 0.23 0.52 0.6 0.36 0.42 0.2 0.4 0.41 0.41 0.4 0.686 0.32 0.34 0.46 0.39 0.59 0.46 0.54 0.39 0.481 1.4 0.637 0.901 0.52 0.46 0.4 0.54 0.762 0.301 0.4 1.345 0.56 0.19 0.5 0.47 0.54 0.22 0.42 0.58 0.3 0.58 0.55 0.485 0.45 0.65 0.42 0.54 0.55 0.52 0.5 0.46 0.3 0.4 0.476 0.46 1.483 0.52 0.27 0.37 0.23 0.45 0.56 0.58 0.301 0.42 0.47 0.17 1.43 0.56 0.4 0.53 0.5 0.26 0.59 0.42 0.4 1.345 0.37 0.45 0.68 0.5 0.4 0.1 0.4 0.4 0.55 0.53 0.47 0.45 0.41 0.59 1.42 0.23 1.05 0.26 1.248 0.45 0.48 0.25 0.43 0.5 0.27 0.45 1.483 1.345 0.14 0.724 0.45 0.46 0.58 0.22 0.25 0.4 0.5 0.55 0.27 0.37 0.5 0.54 0.4 0.636 1.345 0.32 0.3 1.483 0.4 0.36 0.51 0.09 1.43 0.5 0.58 0.7 0.58 0.65 1.248 0.45 0.58 0.48 0.5 0.37 0.68 0.4 0.46 1.483 0.5 0.301 0.45 0.38 0.54 0.3 0.48 0.68 0.59 0.617 0.53 0.465 0.54 0.38 0.6 0.4 1.38 0.47 0.7 0.33 0.46 0.48 0.5 0.724 0.4 0.54 0.56 0.33 0.58 0.54 0.45 0.39 0.51 0.14 0.49 0.46 1.345 0.39 0.4 0.55 0.49 0.45 0.31 0.5 0.47 0.54 0.52 0.5 0.43 0.55 0.45 0.58 0.637 0.4 0.41 1.05 0.4 0.1 0.34 0.52 0.53 0.636 0.4 0.65 0.1 0.377 0.22 0.36 0.901 0.47 0.34 0.54 0.23 0.901 0.58 0.25 0.43 0.4 0.6 1.66 0.1 0.37 0.47 0.32 1.483 0.59 1.67 0.52 0.4 0.481 0.762 1.483 0.56 0.48 0.54 0.11 0.4 1.05 0.762 0.42 0.724 0.5 0.55 0.4
Dot Production Prediction of Lab Growth Rates:
0.699929 0.404048 0.407139 0.399219 0.495035 0.453734 0.442287 0.321878 1.39943 0.381257 0.358571 0.717805 0.407461 0.380563 0.34112 0.407147 0.3947 0.32195 0.430313 0.707484 0.379825 0.428717 0.399522 0.347427 0.545225 0.419688 0.45039 0.487349 0.367562 0.403489 0.478809 0.339611 0.33016 0.533344 0.309343 0.704293 0.640143 0.40664 1.66 0.353395 0.453996 0.546415 0.541611 0.36478 0.427172 0.367018 0.537309 0.347096 0.485687 0.367716 0.397874 0.451146 0.308654 0.425345 0.390209 0.324593 0.374675 0.460046 0.400536 0.463103 0.341597 0.474554 0.410176 0.598174 0.408533 0.546423 0.407217 0.365247 0.992546 0.406072 0.534491 0.543126 0.38217 0.323652 0.874463 0.37896 0.3902 0.318905 0.405755 0.458847 0.649932 0.897888 0.550909 0.540388 0.406115 0.926484 0.529993 0.396518 0.431139 0.307467 0.400291 0.720481 0.48944 0.313234 0.36297 0.396286 0.548645 0.340205 0.435638 0.403766 0.633685 0.309784 0.401589 0.417891 0.45578 0.398187 1.50572 0.399865 0.309144 0.45276 0.548091 0.485612 0.406599 0.341725 0.841816 0.328161 0.44516 0.461252 0.346333 0.715958 0.529703 0.516798 0.443392 0.557718 0.408083 0.330914 0.559598 0.333827 0.350503 0.587739 0.546532 0.38353 0.40103 0.368857 0.361864 0.34966 0.400039 0.484496 0.883603 0.406787 0.449827 0.365488 0.488042 0.465834 0.450835 0.406825 0.712377 0.399054 0.708131 0.896641 0.45816 0.377398 0.404611 1.25836 0.376517 0.440603 0.410882 0.548494 1.50572 1.28938 0.414917 0.595804 0.347442 0.488094 0.498919 0.328168 0.319888 0.406897 0.711205 0.515219 0.458563 0.396348 0.917217 0.510259 0.375115 0.994036 0.326042 0.542685 0.327479 0.364957 0.405015 0.549293 0.890578 0.50857 0.457308 0.406809 0.466419 0.551483 0.38029 0.371735 0.501138 0.716384 0.402381 0.368515 0.546867 1.39542 0.323381 0.709758 0.429374 0.435688 0.722784 0.370831 0.326847 0.427442 0.380121 0.380879 0.363191 0.322204 0.425548 0.390798 0.290774 1.25348 1.43029 0.412703 0.387649 0.421136 0.308161 0.312781 0.552822 0.409443 0.487333 0.952808 0.370359 0.399011 0.452071 0.384011 0.428079 0.710498 0.396238 0.535941 0.35601 0.363345 0.367557 0.39056 0.705895 0.490601 0.340065 0.316608 0.524938 0.366212 1.78078 0.351745 0.62559 0.414043 1.69096 0.682253 0.484183 0.460005 0.356792 0.342942 1.44042 0.547843 0.324707 0.615234 0.895488 0.399283 0.4054 0.409762 0.395557 0.348989 0.40652 0.693907 0.348805 0.376895 0.415831 0.400325 0.309004 0.853383 0.410245 0.552104 0.374114 0.480058 0.387821 0.449198 0.342172 0.496216 0.489985 0.448099 0.435992 0.466923 0.33213 0.550684 0.38096 1.24731 0.402355 0.426724 0.296489 0.391116 0.449156 0.461507 0.843949 0.396269 0.333531 0.405453 0.53622 0.374441 0.329769 1.248 0.371555 0.677344 1.41876 1.44318 0.712904 0.899312 0.449293 0.545101 0.359642 1.04974 0.500695 0.4035 0.367892 0.879157 0.324692 0.39567 0.540847 0.428045 0.322938 0.547585 0.455014 0.349579 0.403617 0.344034 0.901836 0.406305 0.48766 1.46891 0.452509 0.365933 0.404406 0.292998 0.298596 0.405768 0.387244 0.373419 0.436412 0.652339 0.598392 0.553834 0.373901 0.389667 0.400293 0.348926 0.403027 0.400793 0.485728 0.342197 0.406143 0.72187 0.329285 0.340904 0.418208 0.33168 0.545998 0.329286 0.392177 0.337761 0.486666 1.44622 0.704506 0.901 0.381683 0.417614 0.40591 0.453292 1.44402 0.496454 0.40741 0.873066 0.45738 0.349324 0.340369 0.359921 0.537668 0.478661 0.363341 0.453104 0.385097 0.450342 0.447796 0.486401 1.43652 0.648366 0.521024 0.35284 0.548244 0.354869 0.599438 0.497375 0.345231 0.354471 0.485492 0.406905 0.850199 0.370786 0.344616 0.373785 0.551556 1.40625 0.450855 0.455113 0.49818 0.507635 0.434916 0.328222 1.39077 0.551477 0.398316 0.413793 0.305172 0.451768 0.328917 0.386319 0.400012 0.886181 0.438305 0.329119 0.589542 0.317939 0.39923 1.00327 0.399998 0.406237 0.443662 0.34456 0.460126 0.36992 0.492986 0.535591 1.49939 0.550639 0.966931 0.329719 1.24881 0.320036 0.355005 0.356444 0.383161 0.450884 0.30654 1.49262 0.880504 0.928366 0.138405 0.715135 0.404356 0.459575 0.440231 0.478467 1.44616 0.407381 0.525864 0.548495 0.573848 0.453824 0.566384 0.312124 0.400687 0.703676 0.9047 0.339863 0.396569 0.867398 0.409104 0.338787 0.391559 0.3321 1.39862 0.366642 0.333993 0.694605 0.367491 0.629139 1.23892 0.352994 0.459362 0.333672 0.351169 0.371844 0.5945 0.408399 0.295678 0.847464 0.329243 0.497684 0.409583 0.325496 0.540743 0.374329 0.304968 0.591307 0.555298 0.57329 0.539423 0.482152 0.538261 0.338797 0.400442 0.405437 1.34682 0.398083 0.707509 0.370183 0.464416 0.317381 0.45049 0.720494 0.399851 0.384391 0.552902 0.368119 0.323951 0.452484 0.35812 0.359005 0.414273 0.140016 0.379304 0.372229 0.913908 0.293272 0.406655 0.552371 0.362599 1.44341 0.509112 0.55785 0.347137 0.38749 0.385508 0.633222 0.359497 0.549633 0.399396 0.450929 0.703276 0.407268 0.368547 1.05884 0.405806 0.840497 0.31546 0.359758 0.51819 0.714845 0.407178 0.661709 0.380323 0.492716 0.380468 0.350836 0.895663 0.340249 0.313558 0.345678 0.465188 0.8972 0.460128 0.36861 0.364543 0.407415 0.385629 1.66 0.717478 0.446586 0.402807 0.296875 0.862256 0.550288 1.45559 0.390258 0.407789 0.484031 1.42975 0.861518 0.543078 0.334345 0.365362 0.339929 0.404054 1.05 1.46074 0.364706 0.722403 0.547581 0.549976 0.398754
Testing:
Lab Growth Rates:
1.345 1.345 1.345
Dot Production Prediction of Lab Growth Rates:
0.854393 0.896762 0.862909
Best performance so far: 
Obj: 4.67734e-310Rho: 2.26291e-314Diff: 4.67734e-310
Anneal again with the best G and E so far as input
Cycle 2Round 1
Iter 500000 pBad 0.856903 T 0.00187454 Obj 1.0718 Rho 0 GRdif 40.6347 success 105152 failure 8084 obj_new 1.0718 SA_pAcc 1.04743 Delta -0.0303926 SA_r 0.935671 freedomratio 0.24968
Iter 1000000 pBad 0.74354 T 0.000449777 Obj 1.04962 Rho 0 GRdif 28.3785 success 206517 failure 24766 obj_new 1.04962 SA_pAcc 0.935374 Delta 0.0581659 SA_r 0.616257 freedomratio 0.247257
Iter 1500000 pBad 0.614419 T 0.00010792 Obj 1.02882 Rho 0 GRdif 16.6479 success 303435 failure 52310 obj_new 1.02882 SA_pAcc 0.824935 Delta 0.0549868 SA_r 0.661489 freedomratio 0.245805
Iter 2000000 pBad 0.546937 T 2.58942e-05 Obj 1.02316 Rho 0 GRdif 13.4171 success 397621 failure 87282 obj_new 1.02316 SA_pAcc 1.39813 Delta -0.0409892 SA_r 0.168699 freedomratio 0.24437
Iter 2500000 pBad 0.384419 T 6.21307e-06 Obj 1.01854 Rho 0 GRdif 10.7661 success 488621 failure 129278 obj_new 1.01854 SA_pAcc 1 Delta 0.00647339 SA_r 0.330502 freedomratio 0.236576
Iter 3000000 pBad 0.280039 T 1.49077e-06 Obj 1.01456 Rho 0 GRdif 8.47011 success 571282 failure 189460 obj_new 1.01456 SA_pAcc 1 Delta 0.0277767 SA_r 0.426491 freedomratio 0.228638
Iter 3500000 pBad 0.145739 T 3.57695e-07 Obj 1.01151 Rho 0 GRdif 6.70832 success 647703 failure 272245 obj_new 1.01151 SA_pAcc 0.00966668 Delta 0.0143097 SA_r 0.25281 freedomratio 0.215917
Iter 4000000 pBad 0.0626891 T 8.58253e-08 Obj 1.01086 Rho 0 GRdif 6.32785 success 694516 failure 424821 obj_new 1.01086 SA_pAcc 0.00517887 Delta -0.00293475 SA_r 0.5027 freedomratio 0.195659
Iter 4500000 pBad 0.0295495 T 2.05929e-08 Obj 1.01055 Rho 0 GRdif 6.15514 success 723462 failure 642352 obj_new 1.01056 SA_pAcc 1.50565e-113 Delta -0.0028118 SA_r 0.828641 freedomratio 0.173578
Iter 5000000 pBad 0.0154897 T 4.94107e-09 Obj 1.01047 Rho 0 GRdif 6.10796 success 738681 failure 916312 obj_new 1.01048 SA_pAcc 8.36934e-307 Delta 0.000170037 SA_r 0.885223 freedomratio 0.160241
Iter 5500000 pBad 0.0113533 T 1.18556e-09 Obj 1.01044 Rho 0 GRdif 6.08528 success 748613 failure 1220897 obj_new 1.01044 SA_pAcc 1.12651e-34 Delta 0.000198896 SA_r 0.812011 freedomratio 0.151892
Iter 6000000 pBad 0.00450955 T 2.84464e-10 Obj 1.01042 Rho 0 GRdif 6.07584 success 754970 failure 1550683 obj_new 1.01042 SA_pAcc 1 Delta -5.47736e-05 SA_r 0.534781 freedomratio 0.146573
Iter 6500000 pBad 0.00156643 T 6.82543e-11 Obj 1.01042 Rho 0 GRdif 6.07394 success 758043 failure 1893107 obj_new 1.01042 SA_pAcc 0 Delta -1.47904e-06 SA_r 0.331229 freedomratio 0.144335
Iter 7000000 pBad 0.00163773 T 1.6377e-11 Obj 1.01041 Rho 0 GRdif 6.07077 success 761143 failure 2241035 obj_new 1.01041 SA_pAcc 0 Delta 8.36749e-06 SA_r 0.922075 freedomratio 0.141786
Iter 7500000 pBad 0.00027397 T 3.92949e-12 Obj 1.01041 Rho 0 GRdif 6.06979 success 764103 failure 2596633 obj_new 1.01041 SA_pAcc 0 Delta -2.53249e-05 SA_r 0.625025 freedomratio 0.140225
Iter 8000000 pBad 0.000188949 T 9.42843e-13 Obj 1.01041 Rho 0 GRdif 6.06893 success 767561 failure 2956352 obj_new 1.01041 SA_pAcc 1 Delta 5.55811e-06 SA_r 0.406501 freedomratio 0.138338
Iter 8500000 pBad 0.000921006 T 2.26226e-13 Obj 1.01041 Rho 0 GRdif 6.06852 success 771160 failure 3316969 obj_new 1.01041 SA_pAcc 1 Delta -9.04612e-05 SA_r 0.223331 freedomratio 0.136533
Iter 9000000 pBad 1.26203e-70 T 5.42807e-14 Obj 1.01041 Rho 0 GRdif 6.06843 success 774319 failure 3653225 obj_new 1.01041 SA_pAcc 0 Delta -4.05351e-72 SA_r 0.973521 freedomratio 0.132459
Iter 9500000 pBad 3.26393e-46 T 1.30241e-14 Obj 1.01041 Rho 0 GRdif 6.06841 success 774319 failure 3955948 obj_new 1.01041 SA_pAcc 1 Delta -9.17614e-48 SA_r 0.412407 freedomratio 0.126539
Good enough
iter 8.94605e+06 obj1.01041 rho 0 GRdif 6.06841
Training:
Lab Growth Rates:
0.7 0.37 0.4 0.4 0.33 0.56 0.55 0.58 1.67 0.11 0.19 0.636 0.4 0.38 0.54 0.4 0.54 0.42 0.54 0.7 0.5 0.54 0.4 0.53 0.56 0.43 0.5 0.485 0.2 0.4 0.33 0.42 0.3 0.56 0.46 0.648 0.65 0.4 1.66 0.17 0.55 0.53 0.5 0.3 0.37 0.47 0.5 0.5 0.485 0.46 0.4 0.37 0.48 0.1 0.52 0.5 0.45 0.5 0.4 0.5 0.53 0.22 0.59 0.5 0.54 0.23 0.4 0.58 1.46 0.4 0.25 0.56 0.33 0.36 1.483 0.41 0.47 0.38 0.4 0.53 0.65 0.1 0.5 0.23 0.4 1.345 0.53 0.4 0.46 0.42 0.59 0.686 0.377 0.59 0.09 0.43 0.56 0.47 0.37 0.4 0.65 0.25 0.4 0.17 0.58 0.54 0.45 0.4 0.37 0.37 0.53 0.22 0.4 0.45 0.1 0.48 0.55 0.58 0.59 0.686 0.54 0.26 0.47 0.59 0.4 0.54 0.59 0.33 0.47 0.68 0.59 0.47 0.4 0.36 0.49 0.52 0.4 0.465 1.483 0.4 0.58 0.38 0.481 0.23 0.47 0.4 0.635 0.51 0.648 1.483 0.56 0.11 0.4 0.901 0.54 0.33 0.47 0.5 1.49 1.35 0.37 0.68 0.42 0.476 0.42 0.59 0.5 0.4 0.635 0.31 0.58 0.4 1.345 0.46 0.42 1.46 0.33 0.54 0.48 0.46 0.43 0.56 1.345 0.31 0.46 0.4 0.23 0.5 0.27 0.47 0.46 0.71 0.52 0.59 0.54 0.1 0.5 0.71 0.37 0.37 0.71 0.25 0.48 0.46 0.3 0.43 0.47 0.36 0.43 0.53 0.3 1.248 0.762 0.3 0.54 0.52 0.39 0.59 0.56 0.4 0.476 1.46 0.19 0.4 0.47 0.5 0.22 0.648 0.47 0.53 0.41 0.47 0.58 0.6 0.637 0.377 0.42 0.41 0.37 0.36 1.05 0.42 0.5 0.36 1.46 0.65 0.465 0.46 0.22 0.4 0.45 0.54 0.33 0.5 1.345 0.4 0.4 0.47 0.45 0.58 0.4 0.25 0.43 0.43 0.43 0.4 0.59 1.483 0.43 0.55 0.52 0.22 0.3 0.56 0.42 0.41 0.53 0.58 0.1 0.46 0.45 0.23 0.41 1.248 0.2 0.37 0.3 0.46 0.54 0.46 1.483 0.3 0.42 0.4 0.56 0.53 0.58 1.248 0.3 0.65 0.45 1.03 0.635 0.901 0.56 0.56 0.36 1.05 0.25 0.4 0.47 1.483 0.42 0.27 0.5 0.09 0.39 0.56 0.5 0.42 0.4 0.54 0.901 0.4 0.485 1.44 0.55 0.27 0.4 0.3 0.53 0.47 0.58 0.47 0.54 0.65 0.5 0.23 0.52 0.6 0.36 0.42 0.2 0.4 0.41 0.41 0.4 0.686 0.32 0.34 0.46 0.39 0.59 0.46 0.54 0.39 0.481 1.4 0.637 0.901 0.52 0.46 0.4 0.54 0.762 0.301 0.4 1.345 0.56 0.19 0.5 0.47 0.54 0.22 0.42 0.58 0.3 0.58 0.55 0.485 0.45 0.65 0.42 0.54 0.55 0.52 0.5 0.46 0.3 0.4 0.476 0.46 1.483 0.52 0.27 0.37 0.23 0.45 0.56 0.58 0.301 0.42 0.47 0.17 1.43 0.56 0.4 0.53 0.5 0.26 0.59 0.42 0.4 1.345 0.37 0.45 0.68 0.5 0.4 0.1 0.4 0.4 0.55 0.53 0.47 0.45 0.41 0.59 1.42 0.23 1.05 0.26 1.248 0.45 0.48 0.25 0.43 0.5 0.27 0.45 1.483 1.345 0.14 0.724 0.45 0.46 0.58 0.22 0.25 0.4 0.5 0.55 0.27 0.37 0.5 0.54 0.4 0.636 1.345 0.32 0.3 1.483 0.4 0.36 0.51 0.09 1.43 0.5 0.58 0.7 0.58 0.65 1.248 0.45 0.58 0.48 0.5 0.37 0.68 0.4 0.46 1.483 0.5 0.301 0.45 0.38 0.54 0.3 0.48 0.68 0.59 0.617 0.53 0.465 0.54 0.38 0.6 0.4 1.38 0.47 0.7 0.33 0.46 0.48 0.5 0.724 0.4 0.54 0.56 0.33 0.58 0.54 0.45 0.39 0.51 0.14 0.49 0.46 1.345 0.39 0.4 0.55 0.49 0.45 0.31 0.5 0.47 0.54 0.52 0.5 0.43 0.55 0.45 0.58 0.637 0.4 0.41 1.05 0.4 0.1 0.34 0.52 0.53 0.636 0.4 0.65 0.1 0.377 0.22 0.36 0.901 0.47 0.34 0.54 0.23 0.901 0.58 0.25 0.43 0.4 0.6 1.66 0.1 0.37 0.47 0.32 1.483 0.59 1.67 0.52 0.4 0.481 0.762 1.483 0.56 0.48 0.54 0.11 0.4 1.05 0.762 0.42 0.724 0.5 0.55 0.4
Dot Production Prediction of Lab Growth Rates:
0.743312 0.405106 0.303697 0.327504 0.531318 0.461855 0.470161 0.298001 1.38434 0.396941 0.319498 0.708527 0.304067 0.382541 0.370231 0.303462 0.370978 0.324948 0.446195 0.751156 0.370899 0.448019 0.312301 0.355552 0.54464 0.410201 0.469927 0.51946 0.314063 0.317487 0.522185 0.312806 0.499261 0.525867 0.294568 0.69229 0.65198 0.302973 1.43317 0.31634 0.473398 0.534986 0.539623 0.567575 0.436423 0.359612 0.638151 0.380278 0.519511 0.370738 0.325519 0.44944 0.271977 0.428054 0.389795 0.320443 0.397955 0.465455 0.301339 0.468165 0.319091 0.465971 0.384234 0.707096 0.422669 0.541385 0.303465 0.370237 1.0431 0.301788 0.523703 0.537748 0.353106 0.330472 1.0627 0.403203 0.386239 0.269648 0.301087 0.44547 0.66132 2.06709 0.550214 0.539024 0.300325 1.0933 0.522841 0.29415 0.480959 0.294731 0.370903 0.70619 0.52044 0.310293 0.375543 0.382481 0.533419 0.315788 0.439499 0.300469 0.617608 0.297785 0.297901 0.460048 0.449813 0.363161 1.36245 0.314007 0.267645 0.44801 0.533444 0.478127 0.302971 0.311836 1.86076 0.288135 0.469735 0.461176 0.325225 0.704929 0.536313 0.547371 0.428886 0.542868 0.303617 0.309661 0.544302 0.302234 0.35136 0.452062 0.544408 0.383862 0.327672 0.372113 0.385667 0.333353 0.327489 0.512503 1.055 0.303114 0.455306 0.352199 0.513851 0.457514 0.450557 0.301581 0.705635 0.443999 0.699907 1.0911 0.462944 0.411387 0.299939 1.25869 0.394685 0.481879 0.38294 0.539759 1.36245 1.15913 0.446019 0.454328 0.33179 0.517037 0.516111 0.307901 0.321974 0.303241 0.705004 0.574656 0.461474 0.35145 1.07016 0.524709 0.414817 1.04825 0.309551 0.527238 0.34027 0.375412 0.41521 0.532653 1.0563 0.56378 0.449884 0.302651 0.456498 0.64887 0.361225 0.341192 0.501539 0.703009 0.386148 0.320706 0.544201 1.22567 0.318275 0.701452 0.434109 0.442521 0.71156 0.331764 0.290506 0.42047 0.618824 0.348749 0.368851 0.333441 0.438082 0.417441 0.143096 1.24935 1.4266 0.397488 0.412465 0.377908 0.308878 0.305013 0.542418 0.30595 0.513333 1.01476 0.347444 0.327367 0.466751 0.42378 0.470307 0.700178 0.372776 0.526497 0.368772 0.368272 0.377771 0.648558 0.704459 0.51698 0.290572 0.310475 0.535237 0.346962 1.4399 0.317492 0.724659 0.452816 1.42649 0.642303 0.511846 0.458372 0.370172 0.284597 1.29618 0.536102 0.29835 0.746441 1.08253 0.312344 0.301705 0.389722 0.428343 0.370747 0.304105 0.888791 0.372045 0.370112 0.400916 0.327883 0.291043 1.02904 0.394608 0.548771 0.354202 0.471196 0.35414 0.457663 0.327977 0.531829 0.487806 0.461729 0.435409 0.456838 0.284742 0.54644 0.399268 1.23355 0.348283 0.434384 0.145905 0.405112 0.444043 0.458384 1.06505 0.6647 0.331334 0.301822 0.525302 0.418256 0.345904 1.2375 0.604039 0.634125 1.27253 1.28415 0.70336 0.898007 0.456503 0.546625 0.362263 1.06015 0.480314 0.298274 0.357243 1.07047 0.284225 0.385274 0.540573 0.47887 0.310667 0.540417 0.464535 0.318755 0.318212 0.360607 0.894236 0.300865 0.51804 1.3327 0.469198 0.378276 0.299842 0.141615 0.264847 0.349533 0.417611 0.389528 0.442858 0.642348 0.710355 0.544532 0.371261 0.633497 0.441666 0.328734 0.357037 0.315214 0.526861 0.345792 0.300674 0.706364 0.326947 0.326789 0.4077 0.338989 0.547347 0.328742 0.356682 0.338886 0.51715 1.38701 0.700893 0.892692 0.414481 0.407222 0.302692 0.460439 1.43827 0.535976 0.303771 1.02943 0.464664 0.319571 0.335051 0.365798 0.54358 0.47575 0.3116 0.460767 0.643531 0.454504 0.476154 0.513647 1.30262 0.643161 0.526751 0.307389 0.548121 0.353108 0.711171 0.524967 0.311568 0.289092 0.51191 0.392546 1.02186 0.359874 0.320906 0.383703 0.543005 1.27663 0.455916 0.458946 0.539498 0.527347 0.419369 0.30508 1.2582 0.536559 0.325877 0.452336 0.311991 0.460899 0.326748 0.342167 0.300354 1.04907 0.441273 0.349565 0.453758 0.329434 0.300309 2.16074 0.327495 0.303182 0.454132 0.376312 0.460068 0.360098 0.530828 0.536955 1.38021 0.535758 1.00772 0.342448 1.23893 0.348957 0.358838 0.332973 0.367234 0.457515 0.279462 1.32903 1.07477 1.11548 0.502189 0.704775 0.42094 0.455147 0.458944 0.468933 1.31645 0.304669 0.641585 0.547694 0.575675 0.448265 0.673071 0.294765 0.326988 0.694535 1.05713 0.339897 0.638256 1.09423 0.302874 0.360877 0.409701 0.353129 1.25793 0.401668 0.368205 0.745361 0.375628 0.639175 1.22316 0.352722 0.461013 0.29371 0.381329 0.387337 0.456366 0.303602 0.278149 1.01509 0.324121 0.536477 0.383838 0.289536 0.535486 0.61527 0.30316 0.4555 0.546759 0.746295 0.540991 0.50979 0.532761 0.278873 0.648052 0.301801 1.25085 0.364901 0.748787 0.378105 0.457057 0.334399 0.458708 0.70795 0.296799 0.379798 0.540862 0.369287 0.318681 0.454169 0.30815 0.373341 0.44911 0.505656 0.409735 0.378747 1.06208 0.281186 0.303674 0.546263 0.38729 1.29856 0.549811 0.626305 0.343878 0.355621 0.409399 0.762422 0.392203 0.545238 0.357648 0.456182 0.700501 0.302945 0.421403 1.0706 0.304252 1.84204 0.296895 0.391534 0.51887 0.704218 0.302429 0.614541 0.350459 0.521464 0.417609 0.315721 0.891085 0.362292 0.300747 0.333756 0.457542 0.894491 0.451988 0.333963 0.383373 0.303685 0.626877 1.4027 0.904276 0.458938 0.420086 0.293478 1.04658 0.54061 1.31977 0.369159 0.303578 0.513962 1.42387 1.07161 0.539985 0.334552 0.375174 0.342936 0.300013 1.06819 1.45034 0.330219 0.710514 0.537344 0.544198 0.295712
Testing:
Lab Growth Rates:
1.345 1.345 1.345
Dot Production Prediction of Lab Growth Rates:
1.0779 1.1105 1.08537
Best performance so far: 
Obj: 4.67734e-310Rho: 6.5069e-314Diff: 4.67734e-310
Test:
 Lab Growth Rates:
1.345 1.345 1.345Dot Product Prediction of Growth Rate:
1.077899 1.110497 1.085372