seed =  5 traits =  1 
Training: part  220 
Training: part  220 
Round  1 
 Goal of obj  0.99 
Temperature range:  0.0078125 3.125e-15 
Cycle 1Round 1
Iter 500000 pBad 0.876547 T 0.00187454 Obj 1.10127 Rho 0 GRdif 56.526 success 146822 failure 7516 obj_new 1.10127 SA_pAcc 1.02386 Delta 0.00195971 SA_r 0.750305 freedomratio 0.377334
Iter 1000000 pBad 0.77557 T 0.000449777 Obj 1.05378 Rho 0 GRdif 30.6966 success 290636 failure 23276 obj_new 1.05378 SA_pAcc 1.02506 Delta 0.0704273 SA_r 0.367537 freedomratio 0.369018
Iter 1500000 pBad 0.688919 T 0.00010792 Obj 1.02725 Rho 0 GRdif 15.7576 success 429999 failure 49358 obj_new 1.02725 SA_pAcc 1 Delta 0.00431951 SA_r 0.491532 freedomratio 0.354079
Iter 2000000 pBad 0.583995 T 2.58942e-05 Obj 1.02035 Rho 0 GRdif 11.8035 success 566625 failure 82842 obj_new 1.02035 SA_pAcc 1 Delta -0.0144332 SA_r 0.717587 freedomratio 0.365109
Iter 2500000 pBad 0.446775 T 6.21307e-06 Obj 1.01553 Rho 0 GRdif 9.02805 success 698982 failure 124488 obj_new 1.01553 SA_pAcc 1.04852 Delta 0.0400953 SA_r 0.970496 freedomratio 0.360172
Iter 3000000 pBad 0.295595 T 1.49077e-06 Obj 1.01033 Rho 0 GRdif 6.02123 success 817380 failure 192038 obj_new 1.01033 SA_pAcc 1 Delta 0.0258529 SA_r 0.371318 freedomratio 0.338728
Iter 3500000 pBad 0.12752 T 3.57695e-07 Obj 1.00902 Rho 0 GRdif 5.26387 success 906538 failure 319988 obj_new 1.00902 SA_pAcc 1 Delta 0.00117915 SA_r 0.787637 freedomratio 0.31071
Iter 4000000 pBad 0.0670159 T 8.58253e-08 Obj 1.00871 Rho 0 GRdif 5.08229 success 961020 failure 525613 obj_new 1.00871 SA_pAcc 1 Delta 0.00287834 SA_r 0.352788 freedomratio 0.269922
Iter 4500000 pBad 0.0291174 T 2.05929e-08 Obj 1.00857 Rho 0 GRdif 4.99926 success 992510 failure 796168 obj_new 1.00857 SA_pAcc 4.69633 Delta -0.00114437 SA_r 0.478666 freedomratio 0.227573
Iter 5000000 pBad 0.0209784 T 4.94107e-09 Obj 1.00848 Rho 0 GRdif 4.94746 success 1008947 failure 1118217 obj_new 1.00848 SA_pAcc 3.32411e-13 Delta 0.00166879 SA_r 0.223962 freedomratio 0.212088
Iter 5500000 pBad 0.00553233 T 1.18556e-09 Obj 1.00846 Rho 0 GRdif 4.93553 success 1018176 failure 1468764 obj_new 1.00846 SA_pAcc 1 Delta -9.64101e-05 SA_r 0.306977 freedomratio 0.201791
Iter 6000000 pBad 0.00250624 T 2.84464e-10 Obj 1.00845 Rho 0 GRdif 4.93348 success 1022656 failure 1835198 obj_new 1.00845 SA_pAcc 4.90151e-07 Delta -0.000104795 SA_r 0.877693 freedomratio 0.198442
Iter 6500000 pBad 0.00193533 T 6.82543e-11 Obj 1.00845 Rho 0 GRdif 4.93262 success 1025391 failure 2209669 obj_new 1.00845 SA_pAcc 0 Delta 5.60855e-05 SA_r 0.645632 freedomratio 0.194943
Iter 7000000 pBad 0.00102326 T 1.6377e-11 Obj 1.00845 Rho 0 GRdif 4.93397 success 1026883 failure 2588718 obj_new 1.00846 SA_pAcc 0 Delta -2.17321e-05 SA_r 0.167148 freedomratio 0.193463
Iter 7500000 pBad 0.000551453 T 3.92949e-12 Obj 1.00845 Rho 0 GRdif 4.93432 success 1028286 failure 2970949 obj_new 1.00846 SA_pAcc 0 Delta 4.81142e-05 SA_r 0.599427 freedomratio 0.191817
Iter 8000000 pBad 1.56526e-44 T 9.42843e-13 Obj 1.00845 Rho 0 GRdif 4.93138 success 1032186 failure 3296392 obj_new 1.00845 SA_pAcc 1 Delta 1.31129e-45 SA_r 0.564779 freedomratio 0.179644
Iter 8500000 pBad 1.27706e-68 T 2.26226e-13 Obj 1.00845 Rho 0 GRdif 4.93151 success 1032186 failure 3590996 obj_new 1.00845 SA_pAcc 0 Delta -7.79916e-70 SA_r 0.472079 freedomratio 0.17981
Iter 9000000 pBad 7.76977e-318 T 5.42807e-14 Obj 1.00845 Rho 0 GRdif 4.93252 success 1032186 failure 3896937 obj_new 1.00845 SA_pAcc 0 Delta -5.60671e-319 SA_r 0.135023 freedomratio 0.0950836
Iter 9500000 pBad 0 T 1.30241e-14 Obj 1.00845 Rho 0 GRdif 4.93138 success 1032186 failure 4234118 obj_new 1.00845 SA_pAcc 0 Delta -0 SA_r 0.0245174 freedomratio 0.0416548
Iter 10000000 pBad 0 T 3.12501e-15 Obj 1.00845 Rho 0 GRdif 4.93138 success 1032186 failure 4580232 obj_new 1.00845 SA_pAcc 1 Delta -0 SA_r 0.0783479 freedomratio 0.0307547
Cannot move further
iter 7.80458e+06 obj1.00845 rho 0 GRdif 4.93138
Training:
Lab Growth Rates:
0.4 0.48 0.45 0.59 0.377 0.27 0.54 1.43 0.38 0.4 0.42 0.38 0.56 0.56 0.33 0.41 0.23 0.45 0.55 1.345 0.4 0.39 0.4 1.483 0.37 0.52 0.52 0.46 0.25 0.68 0.58 0.46 0.09 0.56 1.05 0.46 0.46 0.5 0.26 0.5 0.19 0.47 0.637 0.762 0.54 0.5 0.4 0.52 0.46 0.46 0.4 0.54 0.53 0.56 0.45 0.55 0.4 0.41 1.248 0.53 0.27 0.55 0.52 0.23 0.46 1.67 0.53 0.47 0.3 0.724 0.53 0.56 0.7 0.32 0.47 0.59 0.59 0.46 0.5 0.636 0.3 0.5 0.686 0.43 0.47 0.4 0.53 0.59 0.43 1.248 0.58 0.4 0.42 0.52 0.37 0.22 0.5 0.53 0.901 0.4 0.49 0.43 0.43 0.5 0.648 0.5 0.6 0.45 0.6 0.4 0.1 0.53 0.37 0.4 0.1 0.36 0.36 1.345 0.65 0.56 0.55 0.37 0.54 0.43 0.68 0.33 0.42 0.48 0.38 0.27 0.37 0.45 0.5 1.248 0.3 1.483 0.4 0.1 0.39 1.248 0.36 0.54 1.483 1.44 0.56 0.36 0.7 0.54 0.1 0.65 0.4 0.5 0.55 0.3 0.58 0.4 0.5 1.483 0.25 0.465 0.59 1.05 0.42 0.47 0.37 1.345 0.52 0.56 0.3 0.481 0.4 0.39 0.55 0.46 0.54 0.58 0.31 0.47 0.5 0.686 0.11 1.483 0.4 0.43 0.58 0.5 0.54 0.5 0.41 0.54 0.22 0.58 0.33 0.481 0.39 0.485 0.47 0.5 0.25 0.65 1.49 0.42 0.47 0.5 0.47 0.42 0.56 0.54 0.6 0.22 0.54 0.22 0.42 0.22 0.4 0.45 0.42 0.23 0.19 1.05 0.43 0.49 0.58 0.26 0.42 0.37 0.53 0.09 0.4 0.47 0.648 0.901 0.465 0.48 0.5 0.5 0.4 0.48 0.42 0.4 0.37 0.23 0.3 0.56 0.53 1.46 0.2 0.22 1.345 0.1 0.4 0.54 0.52 0.43 0.54 0.635 1.46 0.47 0.14 0.5 0.4 0.46 1.42 0.4 0.4 0.31 0.4 0.42 0.45 0.53 1.38 0.45 0.485 0.37 0.58 0.5 0.52 1.483 0.5 0.46 0.4 0.38 0.51 0.54 0.54 1.345 0.42 0.724 0.42 0.65 0.43 0.7 0.52 0.3 0.4 0.47 0.25 0.2 0.59 0.485 0.301 0.59 0.36 0.5 0.11 0.4 0.4 0.25 0.45 0.45 0.49 0.762 0.762 0.59 0.34 0.54 0.4 0.33 0.46 1.67 0.4 0.901 1.483 1.345 0.34 0.45 0.65 0.33 0.724 0.31 0.58 0.637 0.901 0.41 0.47 0.54 0.17 0.4 0.53 0.55 0.41 0.37 0.55 1.05 1.05 0.58 0.17 0.68 0.68 0.32 0.33 0.59 0.34 0.377 0.27 0.4 0.47 0.36 0.4 0.59 0.46 0.4 0.65 0.4 0.7 0.377 0.476 0.3 0.59 0.56 0.58 0.52 0.617 0.54 0.37 0.71 0.5 0.58 0.4 0.47 0.36 0.53 0.301 0.58 0.59 0.1 0.481 0.42 0.45 0.37 0.41 0.47 0.4 1.66 0.33 0.58 0.4 0.301 0.4 0.23 1.345 0.48 0.27 0.58 0.53 0.3 0.465 0.43 0.56 0.55 0.54 0.762 0.1 0.476 0.476 1.35 0.4 0.42 0.4 0.58 0.39 0.38 0.5 0.4 0.4 0.14 0.37 0.51 0.4 0.23 0.56 0.59 0.59 0.54 0.5 0.4 1.345 0.48 0.4 0.4 0.68 0.54 0.65 0.25 0.5 0.65 0.53 0.5 0.47 0.3 1.483 0.5 0.47 0.51 0.47 0.4 0.46 0.48 0.32 0.4 1.46 0.42 0.54 0.25 0.59 0.55 0.3 0.11 0.58 0.4 0.41 0.4 0.37 0.4 1.4 0.5 0.4 1.46 0.6 0.56 0.47 0.54 0.65 0.4 0.54 0.901 0.635 0.46 0.56 0.43 0.648 0.1 0.3 0.55 0.58 0.5 0.33 0.39 0.637 0.48 0.53 0.22 0.686 0.636 0.22 0.4 1.483 0.09 0.47 0.36 0.58 1.248 0.3 0.23 0.47 0.42 0.46 0.43 0.5 0.46 0.56 0.25 1.345 0.37 0.45 0.47 0.4 1.03 0.45 0.485 0.4 0.56 0.48 0.45 0.42 1.345 0.901 0.5 0.41 0.54 0.4 0.52 0.54 0.33 0.4 0.59 0.636 0.46 0.71 0.46 0.47 0.52 0.41 0.54 0.4 0.1 0.27 1.66 1.345 1.483 0.3 0.23 1.483 0.55 0.17 0.56 0.37 1.43 0.71 0.23 0.4 0.54 0.2 0.36 0.635 0.58 0.26 0.45 0.19 1.483 0.46 0.5 1.345 0.46 0.58 0.5
Dot Production Prediction of Lab Growth Rates:
0.397474 0.358923 1.55047 0.385375 0.478117 0.582765 0.39403 1.39508 0.319923 0.400247 0.331197 0.357766 0.547972 0.54107 0.466472 0.327745 0.540636 0.377275 0.453612 1.01173 0.400922 0.301902 0.400102 0.958554 0.429692 0.400107 0.366234 0.42689 0.347889 0.474862 0.470145 0.305996 0.442524 0.548106 1.68918 0.455015 0.355197 0.335877 0.342711 0.394959 0.341662 0.378363 0.705836 0.854011 0.548003 0.359134 0.396697 0.352704 0.427849 0.441723 0.397228 0.343117 0.537217 0.531915 1.45422 0.549495 0.399458 0.361692 0.886732 0.541165 0.388837 0.453527 0.368022 0.541903 0.513383 1.48945 0.514232 0.367519 0.419565 0.723982 0.292806 0.549867 0.697391 0.320275 0.359488 0.308293 0.321321 0.372958 0.473681 0.71383 0.392795 0.370273 0.723682 0.364445 0.367678 0.324863 0.544638 0.551062 0.425071 0.885646 0.471177 0.387545 0.339205 0.386121 0.412094 0.465361 0.325165 0.53 0.912087 0.401959 0.363292 0.39829 0.44564 0.548046 0.713269 0.67312 0.402106 1.46098 0.404487 0.400712 0.925757 0.343475 0.430094 0.400012 1.03376 0.418347 0.345404 0.979642 0.672964 0.477098 0.453433 0.378666 0.349486 0.3747 0.473661 0.327318 0.334739 0.303183 0.32723 0.33764 0.444123 0.393139 0.579222 0.894314 0.421519 0.948789 0.396934 1.16128 0.320715 0.88342 0.405002 0.550393 0.933087 1.53356 0.468739 0.360061 0.699954 0.350732 0.444372 0.64455 0.386751 0.472161 0.441782 0.385951 0.325799 0.401991 0.32309 0.972967 1.50715 0.483212 0.344181 1.05018 0.350201 0.359823 0.42611 0.942343 0.376892 0.547423 0.33399 0.480172 0.400061 0.328946 0.544548 0.464828 0.450551 0.30763 0.546597 0.349253 0.598199 0.726919 0.380928 0.974742 0.399792 0.368948 0.390699 0.543856 0.365438 0.65186 0.392235 0.459147 0.461688 0.466798 0.368281 0.481182 0.359422 0.48163 0.45848 0.325524 0.310511 0.649995 1.55047 0.340426 0.415791 0.530506 0.434526 0.542451 0.47007 0.537613 0.41747 0.428724 0.451323 0.355907 0.361217 0.470195 0.40003 1.46077 0.309724 0.449421 0.329766 1.05 0.430887 0.365291 0.353341 0.546186 0.5572 0.428197 0.390591 0.375835 0.398771 0.347822 0.713324 0.901 0.480747 0.312418 0.465199 0.656036 0.399619 0.336501 0.365872 0.401975 0.442469 0.543393 0.367197 0.530618 0.525964 1.63224 0.404015 0.470135 1.00026 0.936206 0.333018 0.446709 0.346563 0.409262 0.384416 0.715445 1.01034 0.38986 0.140036 0.476075 0.400014 0.498464 1.53486 0.401929 0.397407 0.544534 0.404273 0.319621 0.33763 0.426616 1.33004 0.357372 0.479387 0.540683 0.34683 0.594578 0.383849 0.957169 0.642267 0.312515 0.389548 0.315709 0.386953 0.543009 0.540981 0.997225 0.373726 0.723939 0.34265 0.649655 0.373384 0.705905 0.36616 0.365255 0.400317 0.441172 0.507515 0.352684 0.541785 0.476513 0.479809 0.342524 0.371049 0.323 0.334123 0.396503 0.401905 0.360315 0.343404 1.46641 0.389636 0.845096 0.862004 0.331506 0.336671 0.394745 0.40102 0.43163 0.332733 1.46829 0.397678 0.903512 0.974458 0.974471 0.316295 1.47251 0.641836 0.500014 0.721832 0.538111 0.368373 0.707936 0.900845 0.390554 0.408167 0.379848 0.325144 0.40113 0.332595 0.549537 0.478379 0.441294 0.549552 0.984927 1.05001 0.467941 0.343622 0.475408 0.47198 0.305194 0.341111 0.547032 0.308914 0.477492 0.303748 0.390511 0.451774 0.360289 0.401544 0.397219 0.466084 0.401002 0.629785 0.401174 0.704901 0.476902 0.482272 0.331735 0.543759 0.54313 0.457234 0.386126 0.61694 0.379435 0.428344 0.720074 0.537412 0.469929 0.402299 0.385346 0.327626 0.533876 0.478513 0.3342 0.547901 0.766128 0.479723 0.554651 0.419651 0.310974 0.348361 0.351755 0.398393 1.66 0.36638 0.471462 0.387894 0.480236 0.399994 0.449097 0.953322 0.324675 0.35682 0.466621 0.389859 0.305625 0.479943 0.384258 0.467654 0.451471 0.3317 0.854047 0.376852 0.48552 0.482308 1.27503 0.39568 0.3836 0.399156 0.360247 0.331101 0.345554 0.5603 0.400669 0.400732 0.139946 0.433825 0.413693 0.395243 0.538101 0.550007 0.538413 0.549882 0.455362 0.592886 0.399519 0.958644 0.338604 0.402226 0.395282 0.473325 0.458114 0.675546 0.354353 0.641613 0.654611 0.473451 0.47043 0.36168 0.299532 0.939193 0.530343 0.329946 0.401901 0.349237 0.401253 0.367898 0.31356 0.344819 0.400841 1.01506 0.340278 0.536332 0.531735 0.322376 0.551214 0.300978 0.377153 0.473476 0.401235 0.48052 0.399521 0.42901 0.397256 1.48041 0.368702 0.401219 0.982095 0.407164 0.470747 0.414159 0.542189 0.66125 0.401867 0.30873 0.901506 0.714831 0.465532 0.46998 0.353449 0.705369 0.444054 0.387083 0.549352 0.469299 0.352399 0.330062 0.327433 0.706945 0.31325 0.355583 0.467592 0.726468 0.719079 0.388956 0.400098 0.947142 0.343393 0.353858 0.336627 0.470671 0.88777 0.402651 0.448918 0.386244 0.335126 0.458088 0.413555 0.341523 0.39275 0.544248 0.743346 0.972424 0.380435 0.340869 0.462582 0.401738 1.39248 0.319212 0.484367 0.400049 0.545088 0.334927 1.54025 0.367232 0.928085 0.86141 0.459908 0.469683 0.384714 0.401979 0.381427 0.340874 0.367808 0.39172 0.339764 0.718135 0.526474 0.726634 0.460006 0.390443 0.359032 0.378776 0.389501 0.404115 1.38096 0.371645 1.64431 0.973373 0.953441 0.398898 0.544471 0.956451 0.452219 0.431098 0.544205 0.439455 1.37809 0.719512 0.543369 0.401567 0.411201 0.403985 0.328961 0.711872 0.36663 0.456864 0.325246 0.339414 0.980583 0.414215 0.319577 0.991467 0.417601 0.47022 0.670118
Testing:
Lab Growth Rates:
0.45 0.45 0.45
Dot Production Prediction of Lab Growth Rates:
0.381716 0.36579 0.397166
Best performance so far: 
Obj: 4.64037e-310Rho: 2.26291e-314Diff: 4.64037e-310
Anneal again with the best G and E so far as input
Cycle 2Round 1
Iter 500000 pBad 0.84237 T 0.00187454 Obj 1.06725 Rho 0 GRdif 38.1416 success 107915 failure 8473 obj_new 1.06725 SA_pAcc 1 Delta -0.0370679 SA_r 0.969817 freedomratio 0.255783
Iter 1000000 pBad 0.721898 T 0.000449777 Obj 1.04022 Rho 0 GRdif 23.1078 success 212229 failure 24875 obj_new 1.04022 SA_pAcc 1 Delta -0.0112701 SA_r 0.333033 freedomratio 0.251935
Iter 1500000 pBad 0.635536 T 0.00010792 Obj 1.029 Rho 0 GRdif 16.7495 success 313161 failure 49447 obj_new 1.029 SA_pAcc 1 Delta 0.0529174 SA_r 0.125306 freedomratio 0.249468
Iter 2000000 pBad 0.488815 T 2.58942e-05 Obj 1.02312 Rho 0 GRdif 13.3937 success 410722 failure 81799 obj_new 1.02312 SA_pAcc 1 Delta -0.0396665 SA_r 0.353701 freedomratio 0.24778
Iter 2500000 pBad 0.492946 T 6.21307e-06 Obj 1.01854 Rho 0 GRdif 10.7668 success 506648 failure 120018 obj_new 1.01854 SA_pAcc 1 Delta 0.0333815 SA_r 0.456885 freedomratio 0.242249
Iter 3000000 pBad 0.280077 T 1.49077e-06 Obj 1.01365 Rho 0 GRdif 7.94379 success 596308 failure 172974 obj_new 1.01365 SA_pAcc 0.915388 Delta 0.0224691 SA_r 0.154793 freedomratio 0.232355
Iter 3500000 pBad 0.210078 T 3.57695e-07 Obj 1.00953 Rho 0 GRdif 5.5604 success 671847 failure 262002 obj_new 1.00953 SA_pAcc 1 Delta -0.00525023 SA_r 0.211773 freedomratio 0.227396
Iter 4000000 pBad 0.0896955 T 8.58253e-08 Obj 1.00816 Rho 0 GRdif 4.76361 success 732981 failure 389727 obj_new 1.00816 SA_pAcc 0.0616715 Delta -0.00826413 SA_r 0.0967541 freedomratio 0.200068
Iter 4500000 pBad 0.0444438 T 2.05929e-08 Obj 1.00785 Rho 0 GRdif 4.5846 success 767571 failure 595489 obj_new 1.00785 SA_pAcc 1 Delta -0.00333596 SA_r 0.507565 freedomratio 0.180031
Iter 5000000 pBad 0.0209154 T 4.94107e-09 Obj 1.00774 Rho 0 GRdif 4.52442 success 789944 failure 857771 obj_new 1.00775 SA_pAcc 0 Delta -0.000425856 SA_r 0.908334 freedomratio 0.161166
Iter 5500000 pBad 0.00744377 T 1.18556e-09 Obj 1.00768 Rho 0 GRdif 4.48694 success 805459 failure 1165442 obj_new 1.00769 SA_pAcc 0 Delta -0.000628177 SA_r 0.850166 freedomratio 0.150256
Iter 6000000 pBad 0.00528974 T 2.84464e-10 Obj 1.00765 Rho 0 GRdif 4.50362 success 817539 failure 1501015 obj_new 1.00771 SA_pAcc 0 Delta 0.00015792 SA_r 0.751004 freedomratio 0.142648
Iter 6500000 pBad 0.000993185 T 6.82543e-11 Obj 1.00764 Rho 0 GRdif 4.46022 success 827219 failure 1863829 obj_new 1.00764 SA_pAcc 1 Delta 1.85821e-05 SA_r 0.134143 freedomratio 0.13682
Iter 7000000 pBad 0.00102361 T 1.6377e-11 Obj 1.00764 Rho 0 GRdif 4.45742 success 834122 failure 2240715 obj_new 1.00764 SA_pAcc 1 Delta 5.53144e-05 SA_r 0.0198213 freedomratio 0.133912
Iter 7500000 pBad 0.000345642 T 3.92949e-12 Obj 1.00763 Rho 0 GRdif 4.45568 success 842128 failure 2626434 obj_new 1.00763 SA_pAcc 0 Delta 3.20141e-05 SA_r 0.0911292 freedomratio 0.131038
Iter 8000000 pBad 0.000157913 T 9.42843e-13 Obj 1.00763 Rho 0 GRdif 4.4536 success 851887 failure 3017609 obj_new 1.00763 SA_pAcc 1 Delta -6.39819e-06 SA_r 0.517933 freedomratio 0.128961
Iter 8500000 pBad 0.000263561 T 2.26226e-13 Obj 1.00763 Rho 0 GRdif 4.45272 success 862584 failure 3414030 obj_new 1.00763 SA_pAcc 1 Delta 9.39212e-06 SA_r 0.532583 freedomratio 0.126593
Iter 9000000 pBad 7.16263e-256 T 5.42807e-14 Obj 1.00763 Rho 0 GRdif 4.47637 success 863376 failure 3768818 obj_new 1.00767 SA_pAcc 0 Delta 1.64074e-257 SA_r 0.011851 freedomratio 0.111238
Iter 9500000 pBad 0 T 1.30241e-14 Obj 1.00763 Rho 0 GRdif 4.45269 success 863376 failure 4136373 obj_new 1.00763 SA_pAcc 0 Delta -0 SA_r 0.477489 freedomratio 0.0576318
Good enough
iter 8.57278e+06 obj1.00763 rho 0 GRdif 4.45269
Training:
Lab Growth Rates:
0.4 0.48 0.45 0.59 0.377 0.27 0.54 1.43 0.38 0.4 0.42 0.38 0.56 0.56 0.33 0.41 0.23 0.45 0.55 1.345 0.4 0.39 0.4 1.483 0.37 0.52 0.52 0.46 0.25 0.68 0.58 0.46 0.09 0.56 1.05 0.46 0.46 0.5 0.26 0.5 0.19 0.47 0.637 0.762 0.54 0.5 0.4 0.52 0.46 0.46 0.4 0.54 0.53 0.56 0.45 0.55 0.4 0.41 1.248 0.53 0.27 0.55 0.52 0.23 0.46 1.67 0.53 0.47 0.3 0.724 0.53 0.56 0.7 0.32 0.47 0.59 0.59 0.46 0.5 0.636 0.3 0.5 0.686 0.43 0.47 0.4 0.53 0.59 0.43 1.248 0.58 0.4 0.42 0.52 0.37 0.22 0.5 0.53 0.901 0.4 0.49 0.43 0.43 0.5 0.648 0.5 0.6 0.45 0.6 0.4 0.1 0.53 0.37 0.4 0.1 0.36 0.36 1.345 0.65 0.56 0.55 0.37 0.54 0.43 0.68 0.33 0.42 0.48 0.38 0.27 0.37 0.45 0.5 1.248 0.3 1.483 0.4 0.1 0.39 1.248 0.36 0.54 1.483 1.44 0.56 0.36 0.7 0.54 0.1 0.65 0.4 0.5 0.55 0.3 0.58 0.4 0.5 1.483 0.25 0.465 0.59 1.05 0.42 0.47 0.37 1.345 0.52 0.56 0.3 0.481 0.4 0.39 0.55 0.46 0.54 0.58 0.31 0.47 0.5 0.686 0.11 1.483 0.4 0.43 0.58 0.5 0.54 0.5 0.41 0.54 0.22 0.58 0.33 0.481 0.39 0.485 0.47 0.5 0.25 0.65 1.49 0.42 0.47 0.5 0.47 0.42 0.56 0.54 0.6 0.22 0.54 0.22 0.42 0.22 0.4 0.45 0.42 0.23 0.19 1.05 0.43 0.49 0.58 0.26 0.42 0.37 0.53 0.09 0.4 0.47 0.648 0.901 0.465 0.48 0.5 0.5 0.4 0.48 0.42 0.4 0.37 0.23 0.3 0.56 0.53 1.46 0.2 0.22 1.345 0.1 0.4 0.54 0.52 0.43 0.54 0.635 1.46 0.47 0.14 0.5 0.4 0.46 1.42 0.4 0.4 0.31 0.4 0.42 0.45 0.53 1.38 0.45 0.485 0.37 0.58 0.5 0.52 1.483 0.5 0.46 0.4 0.38 0.51 0.54 0.54 1.345 0.42 0.724 0.42 0.65 0.43 0.7 0.52 0.3 0.4 0.47 0.25 0.2 0.59 0.485 0.301 0.59 0.36 0.5 0.11 0.4 0.4 0.25 0.45 0.45 0.49 0.762 0.762 0.59 0.34 0.54 0.4 0.33 0.46 1.67 0.4 0.901 1.483 1.345 0.34 0.45 0.65 0.33 0.724 0.31 0.58 0.637 0.901 0.41 0.47 0.54 0.17 0.4 0.53 0.55 0.41 0.37 0.55 1.05 1.05 0.58 0.17 0.68 0.68 0.32 0.33 0.59 0.34 0.377 0.27 0.4 0.47 0.36 0.4 0.59 0.46 0.4 0.65 0.4 0.7 0.377 0.476 0.3 0.59 0.56 0.58 0.52 0.617 0.54 0.37 0.71 0.5 0.58 0.4 0.47 0.36 0.53 0.301 0.58 0.59 0.1 0.481 0.42 0.45 0.37 0.41 0.47 0.4 1.66 0.33 0.58 0.4 0.301 0.4 0.23 1.345 0.48 0.27 0.58 0.53 0.3 0.465 0.43 0.56 0.55 0.54 0.762 0.1 0.476 0.476 1.35 0.4 0.42 0.4 0.58 0.39 0.38 0.5 0.4 0.4 0.14 0.37 0.51 0.4 0.23 0.56 0.59 0.59 0.54 0.5 0.4 1.345 0.48 0.4 0.4 0.68 0.54 0.65 0.25 0.5 0.65 0.53 0.5 0.47 0.3 1.483 0.5 0.47 0.51 0.47 0.4 0.46 0.48 0.32 0.4 1.46 0.42 0.54 0.25 0.59 0.55 0.3 0.11 0.58 0.4 0.41 0.4 0.37 0.4 1.4 0.5 0.4 1.46 0.6 0.56 0.47 0.54 0.65 0.4 0.54 0.901 0.635 0.46 0.56 0.43 0.648 0.1 0.3 0.55 0.58 0.5 0.33 0.39 0.637 0.48 0.53 0.22 0.686 0.636 0.22 0.4 1.483 0.09 0.47 0.36 0.58 1.248 0.3 0.23 0.47 0.42 0.46 0.43 0.5 0.46 0.56 0.25 1.345 0.37 0.45 0.47 0.4 1.03 0.45 0.485 0.4 0.56 0.48 0.45 0.42 1.345 0.901 0.5 0.41 0.54 0.4 0.52 0.54 0.33 0.4 0.59 0.636 0.46 0.71 0.46 0.47 0.52 0.41 0.54 0.4 0.1 0.27 1.66 1.345 1.483 0.3 0.23 1.483 0.55 0.17 0.56 0.37 1.43 0.71 0.23 0.4 0.54 0.2 0.36 0.635 0.58 0.26 0.45 0.19 1.483 0.46 0.5 1.345 0.46 0.58 0.5
Dot Production Prediction of Lab Growth Rates:
0.395989 0.349996 1.48462 0.368311 0.408095 0.604203 0.39097 1.25016 0.301105 0.398563 0.283999 0.379938 0.5542 0.55325 0.509098 0.322876 0.554341 0.388877 0.477853 1.38041 0.402362 0.309756 0.400234 1.32567 0.419726 0.365726 0.392342 0.435886 0.351129 0.468281 0.47321 0.292588 0.471615 0.55557 1.46436 0.446845 0.337889 0.347705 0.378865 0.431425 0.318311 0.367512 0.704267 0.773161 0.551959 0.378545 0.393082 0.35039 0.442924 0.476347 0.394386 0.328197 0.535096 0.526327 1.39619 0.550156 0.398919 0.364799 0.834113 0.542301 0.371494 0.477153 0.366738 0.54753 0.540829 1.45844 0.559259 0.368609 0.590878 0.720712 0.281467 0.555876 0.750911 0.320354 0.351526 0.313739 0.328101 0.369177 0.486064 0.722252 0.526855 0.37436 0.715946 0.356078 0.376387 0.299197 0.539819 0.551461 0.435497 0.835201 0.467959 0.382872 0.327461 0.363019 0.406181 0.4755 0.327093 0.530377 0.901814 0.400554 0.396641 0.400724 0.462022 0.55912 0.707351 0.787684 0.575092 1.43163 0.557441 0.40107 1.17416 0.322993 0.418639 0.399801 1.35881 0.433072 0.349024 1.35548 0.671773 0.482104 0.475034 0.396697 0.383455 0.33423 0.466314 0.315617 0.335425 0.296537 0.283963 0.334612 0.450608 0.419159 0.697303 0.842224 0.578634 1.30779 0.395045 1.41441 0.327932 0.830328 0.432941 0.559501 1.30496 1.47054 0.472476 0.361062 0.757231 0.383131 0.465707 0.650232 0.383305 0.483354 0.457946 0.531196 0.312684 0.40511 0.328767 1.34744 1.45198 0.413647 0.315233 1.06342 0.358391 0.3628 0.410695 1.32856 0.402571 0.548324 0.449584 0.414551 0.399486 0.312518 0.543841 0.472315 0.464633 0.281962 0.626889 0.346389 0.66633 0.722978 0.391576 1.35764 0.400148 0.373665 0.405838 0.561484 0.394872 0.757596 0.407546 0.472606 0.469775 0.473957 0.372448 0.413341 0.345166 0.413941 0.488875 0.329633 0.308533 0.650271 1.48462 0.346963 0.392218 0.530645 0.409863 0.600724 0.473143 0.533858 0.587648 0.441514 0.466542 0.348571 0.346518 0.484859 0.39947 1.41249 0.31911 0.426883 0.307619 1.05039 0.438389 0.384225 0.382467 0.61416 0.624948 0.437513 0.400432 0.381368 0.399245 0.355372 0.707544 0.901295 0.414087 0.282616 0.473614 0.758074 0.399509 0.346382 0.353931 0.402938 0.425821 0.540091 0.490398 0.530136 0.533763 1.48695 0.376074 0.475242 1.38362 1.17429 0.306823 0.461495 0.349623 0.393387 0.351516 0.712017 1.04528 0.367467 0.140046 0.4879 0.397827 0.538747 1.48743 0.40171 0.39584 0.61178 0.405603 0.310951 0.353609 0.441019 1.25181 0.365273 0.414094 0.563608 0.381768 0.721414 0.375618 1.30514 0.76641 0.310591 0.386948 0.281152 0.401478 0.541363 0.535749 1.34902 0.3665 0.722184 0.318317 0.626931 0.352086 0.749311 0.370002 0.371671 0.402023 0.430619 0.515299 0.356953 0.545172 0.414645 0.415337 0.338724 0.368396 0.339722 0.325983 0.393535 0.402564 0.34755 0.324185 1.45358 0.409168 0.762213 0.778433 0.313433 0.327366 0.376633 0.401037 0.46788 0.336932 1.34959 0.395803 0.902034 1.33186 1.34544 0.303047 1.42232 0.6404 0.529028 0.717066 0.611128 0.363678 0.709149 0.89844 0.380918 0.390572 0.358008 0.307094 0.401009 0.315909 0.555406 0.413096 0.42393 0.545451 1.04454 1.06163 0.474828 0.295994 0.470722 0.461899 0.310902 0.317164 0.546673 0.324239 0.405774 0.283332 0.38677 0.461908 0.345336 0.400952 0.393071 0.461793 0.400827 0.602376 0.402139 0.751217 0.40508 0.414004 0.319478 0.54612 0.543077 0.453802 0.354586 0.617256 0.384279 0.414087 0.714952 0.539326 0.479781 0.400221 0.40301 0.322953 0.524649 0.414551 0.347582 0.542292 1.00271 0.412211 0.60724 0.424106 0.275831 0.34144 0.327474 0.40015 1.57735 0.333571 0.482028 0.384617 0.414622 0.399267 0.427753 1.32459 0.303194 0.371252 0.472848 0.418447 0.304364 0.412044 0.377904 0.480505 0.474504 0.299019 0.764904 0.358029 0.418014 0.411449 1.20132 0.394505 0.405248 0.397418 0.34335 0.340017 0.376645 0.69213 0.400111 0.40322 0.140318 0.424257 0.443189 0.393916 0.551442 0.548204 0.539994 0.556072 0.465026 0.661319 0.398362 1.32463 0.357883 0.403926 0.392694 0.468628 0.461563 0.678561 0.35023 0.74463 0.632566 0.505185 0.480364 0.355914 0.297698 1.29975 0.53282 0.31427 0.427004 0.369558 0.401057 0.363296 0.280534 0.348491 0.400284 1.03798 0.309269 0.53402 0.549714 0.319653 0.548948 0.300139 0.371866 0.486433 0.401901 0.414648 0.399324 0.414263 0.394337 1.4006 0.401247 0.402427 1.0508 0.565662 0.478926 0.389672 0.552076 0.659048 0.401139 0.291277 0.902895 0.710446 0.464098 0.471692 0.352979 0.698249 0.460295 0.546073 0.545616 0.471812 0.365142 0.31338 0.310909 0.707411 0.316485 0.369151 0.483335 0.723465 0.721698 0.39854 0.400143 1.31304 0.342544 0.364586 0.315484 0.472062 0.833557 0.407599 0.425801 0.401572 0.3373 0.456661 0.407335 0.32888 0.395344 0.547792 1.00179 1.33987 0.410484 0.3544 0.49464 0.402656 1.26263 0.309879 0.417421 0.400958 0.543344 0.349389 1.4942 0.336669 1.3275 0.808368 0.471563 0.410096 0.356223 0.40122 0.409796 0.335613 0.357788 0.389334 0.32286 0.715676 0.55209 0.722026 0.460081 0.401665 0.337844 0.394439 0.375907 0.405068 1.35478 0.372822 1.55409 1.35098 1.30166 0.562165 0.544071 1.32541 0.47939 0.437678 0.548308 0.424425 1.24195 0.711448 0.549621 0.401658 0.401202 0.367628 0.336539 0.707879 0.393042 0.469036 0.342962 0.30486 1.34144 0.415433 0.320879 1.33142 0.419197 0.479833 0.795651
Testing:
Lab Growth Rates:
0.45 0.45 0.45
Dot Production Prediction of Lab Growth Rates:
0.358536 0.356198 0.407283
Best performance so far: 
Obj: 4.64037e-310Rho: 6.5069e-314Diff: 4.64037e-310
Test:
 Lab Growth Rates:
0.45 0.45 0.45Dot Product Prediction of Growth Rate:
0.3585361 0.3561983 0.407283