seed =  5 traits =  1 
Training: part  53 
Training: part  53 
Round  1 
 Goal of obj  0.99 
Temperature range:  0.00390625 1.25e-13 
Cycle 1Round 1
Iter 500000 pBad 0.8706 T 0.00116686 Obj 1.07909 Rho 0 GRdif 44.6042 success 146046 failure 10768 obj_new 1.07909 SA_pAcc 0.999034 Delta -0.0277046 SA_r 0.808545 freedomratio 0.369018
Iter 1000000 pBad 0.805113 T 0.000348559 Obj 1.04742 Rho 0 GRdif 27.1516 success 289397 failure 27101 obj_new 1.04742 SA_pAcc 1.20388 Delta -0.0454531 SA_r 0.404627 freedomratio 0.370651
Iter 1500000 pBad 0.711269 T 0.00010412 Obj 1.02484 Rho 0 GRdif 14.3758 success 430924 failure 49294 obj_new 1.02484 SA_pAcc 1 Delta 0.0446955 SA_r 0.710706 freedomratio 0.367859
Iter 2000000 pBad 0.552907 T 3.11022e-05 Obj 1.02001 Rho 0 GRdif 11.6127 success 568324 failure 80650 obj_new 1.02001 SA_pAcc 1.15381 Delta -0.0437178 SA_r 0.0574691 freedomratio 0.370651
Iter 2500000 pBad 0.461607 T 9.2907e-06 Obj 1.01557 Rho 0 GRdif 9.05229 success 700411 failure 121408 obj_new 1.01557 SA_pAcc 1 Delta -0.0432571 SA_r 0.0486682 freedomratio 0.358191
Iter 3000000 pBad 0.352382 T 2.77528e-06 Obj 1.0109 Rho 0 GRdif 6.354 success 822608 failure 180364 obj_new 1.0109 SA_pAcc 0.363048 Delta -0.0303343 SA_r 0.422688 freedomratio 0.347774
Iter 3500000 pBad 0.25164 T 8.29017e-07 Obj 1.00904 Rho 0 GRdif 5.27522 success 928492 failure 272408 obj_new 1.00904 SA_pAcc 1 Delta 0.00338833 SA_r 0.90383 freedomratio 0.341691
Iter 4000000 pBad 0.137568 T 2.4764e-07 Obj 1.00838 Rho 0 GRdif 4.88956 success 1007264 failure 422438 obj_new 1.00838 SA_pAcc 1 Delta -0.0114418 SA_r 0.282947 freedomratio 0.295512
Iter 4500000 pBad 0.048227 T 7.39739e-08 Obj 1.00817 Rho 0 GRdif 4.79403 success 1053482 failure 648666 obj_new 1.00821 SA_pAcc 1.7214e-270 Delta -0.0021838 SA_r 0.716076 freedomratio 0.255895
Iter 5000000 pBad 0.0297149 T 2.20971e-08 Obj 1.0081 Rho 0 GRdif 4.73038 success 1079083 failure 935269 obj_new 1.0081 SA_pAcc 0.0653191 Delta 0.00086922 SA_r 0.0899652 freedomratio 0.228638
Iter 5500000 pBad 0.0133093 T 6.60075e-09 Obj 1.00808 Rho 0 GRdif 4.72185 success 1093051 failure 1261260 obj_new 1.00809 SA_pAcc 0 Delta -0.0013025 SA_r 0.340575 freedomratio 0.213557
Iter 6000000 pBad 0.00838078 T 1.97175e-09 Obj 1.00806 Rho 0 GRdif 4.70712 success 1101061 failure 1607279 obj_new 1.00806 SA_pAcc 6.00966e-225 Delta 0.000535162 SA_r 0.910899 freedomratio 0.208244
Iter 6500000 pBad 0.00416267 T 5.88991e-10 Obj 1.00806 Rho 0 GRdif 4.70141 success 1105380 failure 1965530 obj_new 1.00806 SA_pAcc 1 Delta -0.000379041 SA_r 0.407691 freedomratio 0.205686
Iter 7000000 pBad 0.00320532 T 1.75941e-10 Obj 1.00805 Rho 0 GRdif 4.69845 success 1108044 failure 2330065 obj_new 1.00805 SA_pAcc 2.23022e-81 Delta -0.000202656 SA_r 0.110515 freedomratio 0.20319
Iter 7500000 pBad 0.000927215 T 5.25562e-11 Obj 1.00805 Rho 0 GRdif 4.90227 success 1109779 failure 2698018 obj_new 1.0084 SA_pAcc 0 Delta 2.41341e-05 SA_r 0.573387 freedomratio 0.202488
Iter 8000000 pBad 0.0019163 T 1.56993e-11 Obj 1.00804 Rho 0 GRdif 4.726 success 1111158 failure 3068044 obj_new 1.0081 SA_pAcc 0 Delta -0.000134817 SA_r 0.642593 freedomratio 0.201444
Iter 8500000 pBad 0.000281867 T 4.68963e-12 Obj 1.00804 Rho 0 GRdif 4.69556 success 1112367 failure 3439905 obj_new 1.00805 SA_pAcc 0 Delta 1.13962e-05 SA_r 0.457134 freedomratio 0.199864
Iter 9000000 pBad 6.52434e-05 T 1.40086e-12 Obj 1.00804 Rho 0 GRdif 4.69235 success 1114735 failure 3809450 obj_new 1.00804 SA_pAcc 1 Delta -4.53871e-06 SA_r 0.44769 freedomratio 0.197773
Iter 9500000 pBad 0.00102869 T 4.1846e-13 Obj 1.00804 Rho 0 GRdif 4.69164 success 1120306 failure 4166517 obj_new 1.00804 SA_pAcc 0 Delta -7.99978e-05 SA_r 0.467424 freedomratio 0.194491
Iter 10000000 pBad 1.54959e-36 T 1.25e-13 Obj 1.00804 Rho 0 GRdif 4.73159 success 1124497 failure 4456457 obj_new 1.00811 SA_pAcc 0 Delta 1.52013e-37 SA_r 0.727874 freedomratio 0.184567
Cannot move further
iter 9.6999e+06 obj1.00804 rho 0 GRdif 4.69127
Training:
Lab Growth Rates:
1.46 0.42 0.09 0.4 0.36 0.42 0.3 0.5 0.5 0.465 0.301 0.59 0.1 0.59 0.762 0.5 0.3 0.53 0.6 0.23 0.65 0.5 0.23 0.377 0.58 1.483 0.65 0.41 0.53 0.53 0.42 0.43 0.46 0.4 0.46 0.56 0.4 0.14 0.59 0.4 0.34 0.4 0.43 0.41 0.22 0.31 0.636 0.33 0.58 0.51 1.03 0.46 1.05 0.27 0.5 0.4 0.48 1.483 0.59 0.47 0.4 0.47 0.4 0.46 0.56 0.36 0.4 0.59 0.4 0.5 0.45 0.47 0.58 0.56 0.465 0.68 0.5 0.4 0.47 0.36 1.345 0.51 0.38 0.27 1.46 0.5 0.52 0.47 0.65 0.54 0.43 0.4 0.47 0.49 0.09 0.23 0.38 0.54 0.45 0.33 0.5 0.54 0.46 0.54 0.4 0.4 0.5 0.637 0.3 0.56 0.25 0.22 0.42 0.56 0.17 0.47 1.38 0.5 0.4 0.54 0.65 0.4 0.54 0.41 0.47 1.248 0.48 0.4 1.345 0.46 0.5 1.483 0.17 0.485 0.55 0.58 0.17 0.46 0.47 0.59 0.55 0.46 0.37 1.345 0.3 0.65 0.22 0.481 0.45 0.6 0.1 0.22 0.1 1.483 0.55 0.3 0.4 0.55 0.58 0.4 0.45 0.4 0.23 0.42 0.45 0.686 0.11 0.4 0.301 0.58 0.46 0.42 0.54 0.2 0.4 0.4 0.45 0.41 0.48 0.54 0.45 0.46 0.41 0.1 0.45 0.4 0.25 0.39 1.483 0.27 0.56 0.53 0.47 0.54 1.43 0.7 1.345 0.58 0.23 0.25 0.42 0.37 0.59 0.27 0.4 0.53 0.1 0.52 0.53 0.4 0.48 0.59 0.22 0.485 0.901 1.67 0.46 0.5 0.1 0.45 0.37 0.27 0.25 0.47 0.19 0.58 0.4 0.54 0.43 0.58 1.66 0.635 0.5 0.52 0.49 0.37 0.37 0.4 1.483 0.37 0.901 0.55 0.4 0.377 0.47 0.43 0.648 0.4 0.5 1.345 0.4 0.58 0.55 0.33 0.33 0.58 0.41 0.54 0.11 0.42 0.46 0.56 0.3 0.724 0.476 0.55 0.4 0.1 0.617 1.248 0.43 0.32 0.47 0.53 0.54 0.53 0.25 0.42 0.5 0.14 0.19 0.46 0.58 0.58 0.42 0.901 0.34 0.42 0.724 0.46 0.901 0.5 0.4 0.42 0.45 0.42 0.54 0.5 0.42 0.4 0.4 0.47 0.55 0.4 0.23 0.5 0.23 0.901 0.54 0.43 0.4 0.4 0.465 0.33 0.36 0.52 0.52 0.47 0.58 0.481 0.54 0.58 0.53 0.45 0.5 0.41 0.49 0.55 0.4 1.46 0.59 0.32 0.2 0.59 0.37 0.11 0.47 0.4 0.52 0.636 0.25 0.54 0.5 0.56 0.54 0.1 0.4 0.53 0.3 0.45 0.37 0.37 0.39 0.33 0.3 0.3 0.635 1.248 0.34 0.36 0.52 0.42 0.7 0.4 0.31 0.26 0.56 0.3 0.58 0.47 0.59 0.5 0.25 0.54 0.762 0.4 0.36 0.3 0.4 0.4 0.38 0.4 0.55 0.47 1.43 0.45 0.54 0.09 0.59 0.52 1.345 0.22 1.483 0.7 0.901 0.56 0.47 0.54 0.46 0.1 0.39 0.23 1.345 0.762 0.53 0.4 0.54 0.37 0.648 1.4 0.53 0.52 1.66 0.55 0.5 0.71 0.724 0.48 0.26 0.65 0.45 1.05 0.68 0.46 0.4 0.46 0.4 0.45 0.68 1.248 0.4 0.686 0.5 0.37 1.345 0.38 0.52 0.23 0.5 1.345 0.36 0.46 0.48 0.58 1.05 0.43 0.56 0.3 0.4 0.46 0.65 0.45 1.248 0.31 0.53 0.635 0.4 0.5 0.42 0.4 0.52 0.45 0.51 0.59 0.4 0.37 1.483 0.25 0.56 0.65 0.22 1.67 0.59 0.5 0.762 0.47 0.54 0.5 0.6 0.54 0.45 0.46 0.33 1.345 0.56 0.4 1.46 0.59 0.485 1.483 0.476 0.4 0.636 0.43 0.59 0.56 0.37 0.47 0.637 0.58 0.5 0.4 1.483 0.33 0.38 0.481 0.54 0.3 0.37 0.54 0.53 0.42 0.56 0.47 1.42 0.71 0.58 0.48 0.54 0.37 0.637 0.27 0.648 0.4 0.42 0.6 1.05 0.3 0.4 1.35 1.483 0.54 0.4 0.39 0.39 0.7 0.55 0.5 0.43 1.05 0.37 0.32 0.58 0.54 0.68 0.22 0.47 0.46 0.686 0.65 0.47 0.36 0.56 0.56 0.45 1.345 0.4 0.43 0.4 0.19 0.36 0.68 0.52 0.4 1.483 0.33 1.44 0.41 0.301 1.49 0.41 0.377 0.2 0.53 0.48 0.48 0.26 1.345 0.43 0.5 0.476 0.39 0.56 0.485 0.71 0.58
Dot Production Prediction of Lab Growth Rates:
1.0044 0.588202 0.332901 0.402875 0.326165 0.329909 0.374845 0.366525 0.389617 0.46603 0.455616 0.396377 0.827635 0.331527 0.901564 0.581197 0.308683 0.42207 0.445638 0.419601 0.597416 0.472637 0.419238 0.461877 0.471513 1.11716 0.708564 0.453764 0.403884 0.5399 0.596781 0.354481 0.468823 0.407176 0.296145 0.487277 0.401847 0.139029 0.561224 0.396505 0.317403 0.403356 0.413091 0.390515 0.46692 0.584499 0.721709 0.361875 0.47212 0.418429 1.42526 0.459417 1.05027 0.348213 0.355583 0.401117 0.285168 1.08391 0.335367 0.431149 0.407051 0.489274 0.407931 0.339003 0.54537 0.361554 0.398418 0.550651 0.405087 0.4783 0.381752 0.343445 0.359059 0.472909 0.46997 0.49226 0.476972 0.399187 0.350935 0.330993 1.11231 0.386948 0.294001 0.393549 1.02763 0.317892 0.389797 0.347607 0.64045 0.542279 0.362007 0.399278 0.380753 0.398125 0.38895 0.551097 0.319824 0.390432 0.441722 0.322561 0.356936 0.329006 0.415017 0.536849 0.406895 0.405403 0.634251 0.697982 0.301826 0.547003 0.362179 0.390192 0.292256 0.549153 0.424075 0.474669 1.35124 0.642426 0.399969 0.327986 0.63274 0.401007 0.300634 0.461058 0.359569 0.928272 0.353308 0.403718 1.14047 0.461964 0.368636 1.04567 0.34173 0.457432 0.544815 0.374569 0.334787 0.550138 0.385563 0.337949 0.548876 0.454379 0.421624 1.0567 0.445705 0.653388 0.473551 0.4613 1.63759 0.465949 0.45448 0.473438 0.365209 1.1064 0.442031 0.426653 0.398244 0.458262 0.354327 0.39978 0.419244 0.397617 0.54701 0.369834 1.70792 0.724706 0.330962 0.407679 0.457721 0.490012 0.427788 0.3359 0.394029 0.360543 0.394568 0.402062 1.63137 0.337256 0.293956 0.454998 0.343838 0.349104 0.46091 0.458755 1.61676 0.402429 0.751976 0.339206 1.07465 0.597494 0.471452 0.553844 0.336007 0.416092 1.33153 0.700071 1.0885 0.473744 0.420239 0.372418 0.356247 0.406441 0.351601 0.366468 0.402938 0.399784 0.764089 0.338356 0.532163 0.390465 0.321099 0.322114 0.474906 0.459636 0.894397 1.6723 0.518036 0.564047 0.749556 0.383091 0.42052 0.38936 0.5266 0.359508 0.304458 0.360354 0.40521 0.38625 0.352291 0.476237 1.66 0.705355 0.690201 0.351031 0.371765 0.409738 0.424223 0.407253 1.07751 0.415821 0.90223 0.45505 0.404392 0.461936 0.422502 0.416344 0.706918 0.400969 0.482328 1.07174 0.40063 0.479588 0.463249 0.344974 0.317169 0.470544 0.346933 0.336579 0.373757 0.360852 0.459979 0.485434 0.40808 0.721763 0.469835 0.556266 0.40391 0.934139 0.527807 0.920352 0.451335 0.316319 0.344619 0.361505 0.539951 0.536181 1.63956 0.386406 0.31187 0.140033 0.321691 0.458724 0.316338 0.360803 0.60215 0.901 0.31731 0.333959 0.723925 0.468037 0.907293 0.660591 0.401151 0.309495 1.62563 0.327906 0.538956 0.645762 0.352548 0.411742 0.406859 0.338433 0.546691 0.396373 0.543444 0.544264 0.542892 0.907162 0.456559 0.440268 0.405828 0.391724 0.469042 0.325001 0.3561 0.387012 0.402478 0.410346 0.471923 0.461345 0.375429 0.380569 0.545923 0.354347 0.593199 0.389624 0.369871 0.46148 0.329656 1.51036 0.546136 0.320727 0.396094 0.545651 0.396226 0.380988 0.409782 0.40273 0.357715 0.71802 0.313251 0.414598 0.338145 0.534693 0.465137 0.77047 0.404193 0.273871 0.465977 0.327645 0.397268 0.287383 0.348692 0.368452 0.398088 0.330181 0.709023 0.917829 0.31588 0.42134 0.356173 0.316011 0.699921 0.405386 0.582118 0.354534 0.549209 0.466493 0.339048 0.387615 0.547734 0.468387 0.5407 0.376981 0.884625 0.405386 0.357568 0.421973 0.399562 0.40472 0.308138 0.399149 0.55661 0.384947 1.35393 0.400167 0.551356 0.456305 0.336871 0.377401 1.10515 0.357287 1.05788 0.699245 0.900995 0.473975 0.456371 0.467028 0.376789 1.52864 0.32747 0.542292 1.13305 0.897929 0.548838 0.402935 0.551139 0.420692 0.701007 1.49668 0.535208 0.342147 1.66 0.456714 0.545099 0.717924 0.722232 0.321703 0.580053 0.668617 0.356327 1.00727 0.488648 0.533341 0.410158 0.476877 0.402949 0.329643 0.494669 0.918505 0.406856 0.726077 0.482522 0.41038 1.12388 0.355196 0.372844 0.54299 0.576073 1.16369 0.419831 0.389589 0.33152 0.460096 1.05 0.426023 0.548861 0.338367 0.404474 0.455673 0.743068 1.68082 0.914359 0.582465 0.335544 0.707916 0.406265 0.408563 0.338348 0.394801 0.371977 0.316535 0.411949 0.377329 0.398074 0.413506 1.08962 0.364303 0.555114 0.649992 0.472618 1.46992 0.55145 0.330558 0.88712 0.384995 0.365221 0.316274 0.453445 0.408804 1.66148 0.344491 0.510118 1.05441 0.547748 0.40019 1.00178 0.311064 0.465273 1.1387 0.470267 0.402432 0.718289 0.367139 0.558762 0.534109 0.411804 0.417997 0.702912 0.295578 0.65184 0.406089 1.09118 0.430806 0.372751 0.465734 0.359605 0.428183 0.555651 0.365531 0.306752 0.364738 0.477153 0.360685 1.67708 0.723766 0.469329 0.292872 0.459891 0.435142 0.703044 0.308996 0.706964 0.404783 0.365864 0.452472 1.57016 0.303208 0.325844 1.25246 1.09994 0.545181 0.398673 0.324329 0.311092 0.708745 0.549374 0.338202 0.368958 1.04999 0.400801 0.349311 0.480349 0.457196 0.488512 0.427519 0.353523 0.309334 0.724196 0.752141 0.383772 0.332374 0.549286 0.548824 0.328584 1.12114 0.395639 0.462746 0.404764 0.30866 0.369423 0.491057 0.363399 0.39331 1.10509 0.480188 1.6506 0.369439 0.456081 1.68082 0.394823 0.46048 0.402023 0.499687 0.340887 0.350426 0.474816 1.12728 0.399039 0.608482 0.468052 0.319284 0.550815 0.466418 0.722123 0.47475
Testing:
Lab Growth Rates:
0.5 0.5 0.5
Dot Production Prediction of Lab Growth Rates:
0.532479 0.530688 0.544199
Best performance so far: 
Obj: 4.66511e-310Rho: 2.26291e-314Diff: 4.66511e-310
Anneal again with the best G and E so far as input
Cycle 2Round 1
Iter 500000 pBad 0.826702 T 0.00116686 Obj 1.04804 Rho 0 GRdif 27.494 success 110178 failure 11177 obj_new 1.04804 SA_pAcc 1.0288 Delta -0.0112691 SA_r 0.290973 freedomratio 0.259407
Iter 1000000 pBad 0.746748 T 0.000348559 Obj 1.03193 Rho 0 GRdif 18.4168 success 217164 failure 29875 obj_new 1.03193 SA_pAcc 1.33509 Delta -0.0671311 SA_r 0.238284 freedomratio 0.263134
Iter 1500000 pBad 0.665874 T 0.00010412 Obj 1.03005 Rho 0 GRdif 17.3509 success 322191 failure 53324 obj_new 1.03005 SA_pAcc 0.949247 Delta 0.00824162 SA_r 0.0860155 freedomratio 0.263371
Iter 2000000 pBad 0.622634 T 3.11022e-05 Obj 1.02525 Rho 0 GRdif 14.6146 success 426274 failure 79393 obj_new 1.02525 SA_pAcc 1 Delta -0.0442325 SA_r 0.234694 freedomratio 0.262192
Iter 2500000 pBad 0.44089 T 9.2907e-06 Obj 1.01912 Rho 0 GRdif 11.0973 success 524539 failure 119171 obj_new 1.01912 SA_pAcc 1 Delta -0.0242491 SA_r 0.858734 freedomratio 0.251286
Iter 3000000 pBad 0.376406 T 2.77528e-06 Obj 1.01498 Rho 0 GRdif 8.71419 success 619924 failure 165268 obj_new 1.01498 SA_pAcc 1 Delta -0.0250722 SA_r 0.527479 freedomratio 0.251718
Iter 3500000 pBad 0.265876 T 8.29017e-07 Obj 1.01001 Rho 0 GRdif 5.84757 success 703848 failure 239519 obj_new 1.01003 SA_pAcc 1.29947e-10 Delta 0.0167944 SA_r 0.554176 freedomratio 0.242349
Iter 4000000 pBad 0.160005 T 2.4764e-07 Obj 1.00891 Rho 0 GRdif 5.19729 success 774062 failure 343843 obj_new 1.00891 SA_pAcc 1 Delta -0.000577125 SA_r 0.00388687 freedomratio 0.228817
Iter 4500000 pBad 0.0818902 T 7.39739e-08 Obj 1.00822 Rho 0 GRdif 4.79873 success 828179 failure 495801 obj_new 1.00822 SA_pAcc 1 Delta -0.000199642 SA_r 0.797534 freedomratio 0.204752
Iter 5000000 pBad 0.048207 T 2.20971e-08 Obj 1.00786 Rho 0 GRdif 4.58521 success 864526 failure 709060 obj_new 1.00786 SA_pAcc 1 Delta -0.00370219 SA_r 0.0462916 freedomratio 0.182441
Iter 5500000 pBad 0.0150862 T 6.60075e-09 Obj 1.00774 Rho 0 GRdif 4.53026 success 884289 failure 983898 obj_new 1.00776 SA_pAcc 0 Delta 0.000243009 SA_r 0.175163 freedomratio 0.166952
Iter 6000000 pBad 0.00796981 T 1.97175e-09 Obj 1.00771 Rho 0 GRdif 4.50334 success 894034 failure 1295930 obj_new 1.00771 SA_pAcc 2.48303e-13 Delta 0.000145821 SA_r 0.522223 freedomratio 0.16046
Iter 6500000 pBad 0.0037763 T 5.88991e-10 Obj 1.0077 Rho 0 GRdif 4.4942 success 900103 failure 1624774 obj_new 1.0077 SA_pAcc 1 Delta -0.000229394 SA_r 0.0836209 freedomratio 0.155727
Iter 7000000 pBad 0.00289325 T 1.75941e-10 Obj 1.00769 Rho 0 GRdif 4.49102 success 905561 failure 1966220 obj_new 1.00769 SA_pAcc 1 Delta 0.000106651 SA_r 0.136672 freedomratio 0.150992
Iter 7500000 pBad 0.00225389 T 5.25562e-11 Obj 1.00769 Rho 0 GRdif 4.48927 success 909457 failure 2318313 obj_new 1.00769 SA_pAcc 5.47018e-112 Delta 0.000145108 SA_r 0.410662 freedomratio 0.148769
Iter 8000000 pBad 0.00105362 T 1.56993e-11 Obj 1.00769 Rho 0 GRdif 4.48867 success 911880 failure 2677962 obj_new 1.00769 SA_pAcc 0 Delta -5.07275e-06 SA_r 0.0101547 freedomratio 0.146647
Iter 8500000 pBad 0.000473567 T 4.68963e-12 Obj 1.00769 Rho 0 GRdif 4.48837 success 914591 failure 3045085 obj_new 1.00769 SA_pAcc 0 Delta -3.30112e-05 SA_r 0.266259 freedomratio 0.142997
Iter 9000000 pBad 2.98401e-14 T 1.40086e-12 Obj 1.00769 Rho 0 GRdif 4.48783 success 916911 failure 3400555 obj_new 1.00769 SA_pAcc 3.0272e-27 Delta -2.83842e-15 SA_r 0.160415 freedomratio 0.136058
Iter 9500000 pBad 4.05597e-82 T 4.1846e-13 Obj 1.00769 Rho 0 GRdif 4.48917 success 916911 failure 3712434 obj_new 1.00769 SA_pAcc 0 Delta 5.81037e-84 SA_r 0.294759 freedomratio 0.136184
Good enough
iter 8.96584e+06 obj1.00769 rho 0 GRdif 4.48783
Training:
Lab Growth Rates:
1.46 0.42 0.09 0.4 0.36 0.42 0.3 0.5 0.5 0.465 0.301 0.59 0.1 0.59 0.762 0.5 0.3 0.53 0.6 0.23 0.65 0.5 0.23 0.377 0.58 1.483 0.65 0.41 0.53 0.53 0.42 0.43 0.46 0.4 0.46 0.56 0.4 0.14 0.59 0.4 0.34 0.4 0.43 0.41 0.22 0.31 0.636 0.33 0.58 0.51 1.03 0.46 1.05 0.27 0.5 0.4 0.48 1.483 0.59 0.47 0.4 0.47 0.4 0.46 0.56 0.36 0.4 0.59 0.4 0.5 0.45 0.47 0.58 0.56 0.465 0.68 0.5 0.4 0.47 0.36 1.345 0.51 0.38 0.27 1.46 0.5 0.52 0.47 0.65 0.54 0.43 0.4 0.47 0.49 0.09 0.23 0.38 0.54 0.45 0.33 0.5 0.54 0.46 0.54 0.4 0.4 0.5 0.637 0.3 0.56 0.25 0.22 0.42 0.56 0.17 0.47 1.38 0.5 0.4 0.54 0.65 0.4 0.54 0.41 0.47 1.248 0.48 0.4 1.345 0.46 0.5 1.483 0.17 0.485 0.55 0.58 0.17 0.46 0.47 0.59 0.55 0.46 0.37 1.345 0.3 0.65 0.22 0.481 0.45 0.6 0.1 0.22 0.1 1.483 0.55 0.3 0.4 0.55 0.58 0.4 0.45 0.4 0.23 0.42 0.45 0.686 0.11 0.4 0.301 0.58 0.46 0.42 0.54 0.2 0.4 0.4 0.45 0.41 0.48 0.54 0.45 0.46 0.41 0.1 0.45 0.4 0.25 0.39 1.483 0.27 0.56 0.53 0.47 0.54 1.43 0.7 1.345 0.58 0.23 0.25 0.42 0.37 0.59 0.27 0.4 0.53 0.1 0.52 0.53 0.4 0.48 0.59 0.22 0.485 0.901 1.67 0.46 0.5 0.1 0.45 0.37 0.27 0.25 0.47 0.19 0.58 0.4 0.54 0.43 0.58 1.66 0.635 0.5 0.52 0.49 0.37 0.37 0.4 1.483 0.37 0.901 0.55 0.4 0.377 0.47 0.43 0.648 0.4 0.5 1.345 0.4 0.58 0.55 0.33 0.33 0.58 0.41 0.54 0.11 0.42 0.46 0.56 0.3 0.724 0.476 0.55 0.4 0.1 0.617 1.248 0.43 0.32 0.47 0.53 0.54 0.53 0.25 0.42 0.5 0.14 0.19 0.46 0.58 0.58 0.42 0.901 0.34 0.42 0.724 0.46 0.901 0.5 0.4 0.42 0.45 0.42 0.54 0.5 0.42 0.4 0.4 0.47 0.55 0.4 0.23 0.5 0.23 0.901 0.54 0.43 0.4 0.4 0.465 0.33 0.36 0.52 0.52 0.47 0.58 0.481 0.54 0.58 0.53 0.45 0.5 0.41 0.49 0.55 0.4 1.46 0.59 0.32 0.2 0.59 0.37 0.11 0.47 0.4 0.52 0.636 0.25 0.54 0.5 0.56 0.54 0.1 0.4 0.53 0.3 0.45 0.37 0.37 0.39 0.33 0.3 0.3 0.635 1.248 0.34 0.36 0.52 0.42 0.7 0.4 0.31 0.26 0.56 0.3 0.58 0.47 0.59 0.5 0.25 0.54 0.762 0.4 0.36 0.3 0.4 0.4 0.38 0.4 0.55 0.47 1.43 0.45 0.54 0.09 0.59 0.52 1.345 0.22 1.483 0.7 0.901 0.56 0.47 0.54 0.46 0.1 0.39 0.23 1.345 0.762 0.53 0.4 0.54 0.37 0.648 1.4 0.53 0.52 1.66 0.55 0.5 0.71 0.724 0.48 0.26 0.65 0.45 1.05 0.68 0.46 0.4 0.46 0.4 0.45 0.68 1.248 0.4 0.686 0.5 0.37 1.345 0.38 0.52 0.23 0.5 1.345 0.36 0.46 0.48 0.58 1.05 0.43 0.56 0.3 0.4 0.46 0.65 0.45 1.248 0.31 0.53 0.635 0.4 0.5 0.42 0.4 0.52 0.45 0.51 0.59 0.4 0.37 1.483 0.25 0.56 0.65 0.22 1.67 0.59 0.5 0.762 0.47 0.54 0.5 0.6 0.54 0.45 0.46 0.33 1.345 0.56 0.4 1.46 0.59 0.485 1.483 0.476 0.4 0.636 0.43 0.59 0.56 0.37 0.47 0.637 0.58 0.5 0.4 1.483 0.33 0.38 0.481 0.54 0.3 0.37 0.54 0.53 0.42 0.56 0.47 1.42 0.71 0.58 0.48 0.54 0.37 0.637 0.27 0.648 0.4 0.42 0.6 1.05 0.3 0.4 1.35 1.483 0.54 0.4 0.39 0.39 0.7 0.55 0.5 0.43 1.05 0.37 0.32 0.58 0.54 0.68 0.22 0.47 0.46 0.686 0.65 0.47 0.36 0.56 0.56 0.45 1.345 0.4 0.43 0.4 0.19 0.36 0.68 0.52 0.4 1.483 0.33 1.44 0.41 0.301 1.49 0.41 0.377 0.2 0.53 0.48 0.48 0.26 1.345 0.43 0.5 0.476 0.39 0.56 0.485 0.71 0.58
Dot Production Prediction of Lab Growth Rates:
1.04145 0.629791 0.340774 0.4 0.321687 0.314319 0.362728 0.373334 0.399594 0.507402 0.507886 0.374951 1.19646 0.31144 0.767515 0.698774 0.303686 0.445339 0.559901 0.433012 0.649882 0.471565 0.430733 0.502449 0.466164 1.31503 0.619405 0.497937 0.411081 0.524374 0.630637 0.351396 0.478414 0.403003 0.291646 0.47434 0.399084 0.13995 0.548449 0.395733 0.333121 0.399824 0.41661 0.362471 0.455705 0.577125 0.700575 0.354851 0.482687 0.434554 1.27823 0.433137 1.05 0.314287 0.35212 0.39956 0.282154 1.3101 0.305152 0.415766 0.403066 0.48694 0.404017 0.331659 0.538093 0.366743 0.397408 0.553715 0.402218 0.474533 0.387748 0.344186 0.362861 0.468303 0.512397 0.391874 0.486257 0.396179 0.360969 0.312488 1.345 0.392178 0.287115 0.352485 1.06254 0.320582 0.405226 0.368312 0.663447 0.549654 0.37373 0.397381 0.369903 0.404271 0.35928 0.540032 0.300767 0.358182 0.396824 0.299517 0.321626 0.326269 0.408525 0.539999 0.402856 0.401913 0.810412 0.682049 0.295569 0.534631 0.336762 0.403736 0.304723 0.546106 0.442402 0.497238 1.26964 0.815062 0.398677 0.293234 0.663701 0.402499 0.270999 0.507995 0.366987 0.849877 0.322227 0.396474 1.34798 0.459024 0.370521 1.30217 0.278556 0.493651 0.55436 0.385857 0.279413 0.576967 0.401485 0.312981 0.553054 0.458121 0.422373 1.2869 0.570434 0.649536 0.461076 0.502301 1.38935 0.57936 0.436656 0.464848 0.347737 1.34394 0.435208 0.538379 0.39584 0.449709 0.364892 0.399874 0.412431 0.395036 0.543584 0.321488 1.45131 0.702447 0.337979 0.403998 0.50447 0.472708 0.387509 0.329348 0.361701 0.338936 0.399079 0.398753 1.41301 0.306799 0.283312 0.443048 0.311953 0.36562 0.508172 0.447364 1.41117 0.40055 1.03394 0.319204 1.29704 0.604761 0.471852 0.554565 0.293536 0.372057 1.17581 0.745715 1.31136 0.466824 0.430864 0.336408 0.317445 0.416121 0.325406 0.360984 0.400073 0.412387 1.00588 0.324064 0.529965 0.392037 0.303726 0.301975 0.466157 0.492871 0.762705 1.44383 0.541638 0.716161 1.05811 0.381893 0.421641 0.348491 0.504115 0.358555 0.289661 0.365861 0.401574 0.411863 0.346735 0.476563 1.59356 0.686247 0.814556 0.344039 0.390224 0.41781 0.444357 0.404077 1.25216 0.420876 0.901 0.44507 0.406352 0.503906 0.37987 0.377788 0.686557 0.397224 0.480693 1.29991 0.399999 0.47446 0.455053 0.341421 0.310804 0.477991 0.329227 0.324583 0.373006 0.342844 0.459255 0.469102 0.395071 0.69918 0.512315 0.553717 0.402973 1.28716 0.616994 0.845687 0.423209 0.320926 0.352801 0.359253 0.528065 0.529506 1.44023 0.395161 0.311169 0.140664 0.292069 0.459968 0.30835 0.383901 0.659664 0.901639 0.317904 0.30479 0.700014 0.480978 0.905782 0.84546 0.398827 0.306439 1.42188 0.316402 0.54547 0.800153 0.32597 0.382684 0.402369 0.317553 0.552247 0.39499 0.533446 0.541098 0.543263 0.906467 0.465891 0.399807 0.402144 0.394865 0.510387 0.313248 0.34269 0.397949 0.374388 0.406969 0.470154 0.501241 0.393482 0.398854 0.52389 0.373033 0.756196 0.398314 0.378835 0.445802 0.299848 1.47607 0.551737 0.296283 0.398217 0.547099 0.373438 0.395619 0.390318 0.397701 0.348036 0.683035 0.294138 0.397725 0.328428 0.539595 0.448776 1.07674 0.400429 0.293737 0.587232 0.358897 0.41124 0.287608 0.366907 0.359752 0.488444 0.310603 0.689138 0.840609 0.302231 0.420833 0.370276 0.301989 0.74309 0.402958 0.577631 0.370438 0.548895 0.585856 0.355404 0.410343 0.547258 0.474433 0.547603 0.368489 0.758638 0.400408 0.35995 0.522468 0.399815 0.403222 0.2987 0.400128 0.555887 0.394871 1.16968 0.413304 0.538887 0.466919 0.316243 0.374872 1.34613 0.350804 1.29103 0.745184 0.983721 0.471194 0.48969 0.464395 0.366613 1.39201 0.301579 0.548499 1.33964 0.764702 0.546885 0.400745 0.554267 0.422332 0.681923 1.40026 0.530638 0.342728 1.58078 0.442305 0.544374 0.694638 0.699469 0.300271 0.596294 0.652079 0.378906 1.05005 0.388109 0.556037 0.407354 0.463133 0.399292 0.333412 0.390865 0.846878 0.402581 0.704818 0.478496 0.420071 1.36084 0.34919 0.363939 0.537257 0.732744 1.36012 0.443195 0.39665 0.340846 0.458372 1.05148 0.397877 0.55044 0.436015 0.403655 0.413029 0.64995 1.47201 0.842776 0.561246 0.341958 0.688108 0.402407 0.420542 0.334914 0.394639 0.347446 0.301388 0.408945 0.359692 0.398118 0.419103 1.31799 0.338833 0.556604 0.639461 0.468584 1.36413 0.550247 0.317338 0.761999 0.359232 0.380231 0.317377 0.570716 0.367081 1.43501 0.321883 0.548304 1.30205 0.547246 0.397347 1.05971 0.315551 0.508179 1.34006 0.511605 0.405284 0.693873 0.350934 0.553885 0.545021 0.415072 0.399111 0.683339 0.289101 0.758496 0.403452 1.33088 0.474977 0.355549 0.503125 0.371911 0.530874 0.553165 0.357889 0.323896 0.358038 0.476256 0.368022 1.4924 0.702514 0.481139 0.30416 0.452249 0.453805 0.68334 0.269206 0.688472 0.401229 0.324599 0.564002 1.44166 0.3 0.314044 1.09099 1.33336 0.536229 0.39657 0.314863 0.30125 0.753132 0.552972 0.320329 0.367722 1.0486 0.381308 0.330949 0.472852 0.444288 0.387654 0.45721 0.354725 0.293751 0.697784 0.651049 0.356563 0.337535 0.548738 0.554359 0.349985 1.33768 0.396057 0.430238 0.399774 0.293649 0.364298 0.390663 0.3683 0.396934 1.30981 0.522475 1.47552 0.361786 0.505995 1.47201 0.39759 0.504403 0.395261 0.483121 0.362433 0.325953 0.457978 1.33693 0.356388 0.757028 0.509804 0.326381 0.536734 0.508896 0.69707 0.48314
Testing:
Lab Growth Rates:
0.5 0.5 0.5
Dot Production Prediction of Lab Growth Rates:
0.539554 0.536819 0.553489
Best performance so far: 
Obj: 4.66511e-310Rho: 6.5069e-314Diff: 4.66511e-310
Test:
 Lab Growth Rates:
0.5 0.5 0.5Dot Product Prediction of Growth Rate:
0.5395538 0.5368191 0.5534893