seed =  5 traits =  1 
Training: part  103 
Training: part  103 
Round  1 
 Goal of obj  0.99 
Temperature range:  0.0078125 3.125e-15 
Cycle 1Round 1
Iter 500000 pBad 0.862632 T 0.00187454 Obj 1.11192 Rho 0 GRdif 62.3793 success 147709 failure 6584 obj_new 1.11192 SA_pAcc 1.00358 Delta -0.00308535 SA_r 0.724358 freedomratio 0.3762
Iter 1000000 pBad 0.816948 T 0.000449777 Obj 1.0481 Rho 0 GRdif 27.6579 success 292531 failure 20988 obj_new 1.04816 SA_pAcc 0.869327 Delta 0.069243 SA_r 0.958928 freedomratio 0.366127
Iter 1500000 pBad 0.746624 T 0.00010792 Obj 1.02792 Rho 0 GRdif 16.1919 success 434353 failure 42349 obj_new 1.02792 SA_pAcc 1.0389 Delta -0.0131615 SA_r 0.407654 freedomratio 0.366812
Iter 2000000 pBad 0.624736 T 2.58942e-05 Obj 1.01959 Rho 0 GRdif 11.4065 success 572627 failure 71794 obj_new 1.01959 SA_pAcc 1.23958 Delta -0.0398457 SA_r 0.720742 freedomratio 0.361624
Iter 2500000 pBad 0.502314 T 6.21307e-06 Obj 1.01523 Rho 0 GRdif 8.88886 success 706075 failure 110306 obj_new 1.01523 SA_pAcc 1 Delta 0.00302324 SA_r 0.54088 freedomratio 0.348961
Iter 3000000 pBad 0.319646 T 1.49077e-06 Obj 1.01084 Rho 0 GRdif 6.34098 success 828073 failure 171823 obj_new 1.01084 SA_pAcc 1.26379 Delta 0.00465852 SA_r 0.593726 freedomratio 0.341662
Iter 3500000 pBad 0.153498 T 3.57695e-07 Obj 1.00903 Rho 0 GRdif 5.28477 success 924486 failure 284318 obj_new 1.00903 SA_pAcc 0.0194479 Delta -0.00991652 SA_r 0.0411011 freedomratio 0.320087
Iter 4000000 pBad 0.0694231 T 8.58253e-08 Obj 1.00862 Rho 0 GRdif 5.04908 success 976861 failure 495093 obj_new 1.00862 SA_pAcc 0.733181 Delta -0.00137512 SA_r 0.442697 freedomratio 0.262617
Iter 4500000 pBad 0.0205995 T 2.05929e-08 Obj 1.00855 Rho 0 GRdif 5.00714 success 1002744 failure 778636 obj_new 1.00855 SA_pAcc 1 Delta 0.00115541 SA_r 0.407847 freedomratio 0.23086
Iter 5000000 pBad 0.0117622 T 4.94107e-09 Obj 1.00853 Rho 0 GRdif 4.99897 success 1016640 failure 1104086 obj_new 1.00854 SA_pAcc 0 Delta -0.000281364 SA_r 0.826131 freedomratio 0.21452
Iter 5500000 pBad 0.00512077 T 1.18556e-09 Obj 1.00852 Rho 0 GRdif 4.98852 success 1023631 failure 1453875 obj_new 1.00852 SA_pAcc 6.16119e-14 Delta 0.000262595 SA_r 0.787132 freedomratio 0.208511
Iter 6000000 pBad 0.0022971 T 2.84464e-10 Obj 1.00852 Rho 0 GRdif 4.98663 success 1027349 failure 1814957 obj_new 1.00852 SA_pAcc 1.71261e-60 Delta -0.000209511 SA_r 0.302821 freedomratio 0.204807
Iter 6500000 pBad 0.00162179 T 6.82543e-11 Obj 1.00851 Rho 0 GRdif 4.98536 success 1029329 failure 2183178 obj_new 1.00851 SA_pAcc 0 Delta -0.000144176 SA_r 0.538734 freedomratio 0.202479
Iter 7000000 pBad 0.000964639 T 1.6377e-11 Obj 1.00851 Rho 0 GRdif 4.98617 success 1030579 failure 2553907 obj_new 1.00852 SA_pAcc 0 Delta 7.4753e-05 SA_r 0.00698446 freedomratio 0.201026
Iter 7500000 pBad 0.000261048 T 3.92949e-12 Obj 1.00851 Rho 0 GRdif 4.98402 success 1031839 failure 2926808 obj_new 1.00851 SA_pAcc 3.02e-270 Delta 2.12235e-05 SA_r 0.300725 freedomratio 0.199864
Iter 8000000 pBad 4.21727e-30 T 9.42843e-13 Obj 1.00851 Rho 0 GRdif 4.98484 success 1035342 failure 3291909 obj_new 1.00851 SA_pAcc 0 Delta -1.68921e-31 SA_r 0.0539822 freedomratio 0.18543
Iter 8500000 pBad 4.80962e-33 T 2.26226e-13 Obj 1.00851 Rho 0 GRdif 4.98378 success 1035921 failure 3575205 obj_new 1.00851 SA_pAcc 1 Delta -9.47166e-35 SA_r 0.181647 freedomratio 0.18398
Iter 9000000 pBad 1.18879e-124 T 5.42807e-14 Obj 1.00851 Rho 0 GRdif 4.98378 success 1035921 failure 3858976 obj_new 1.00851 SA_pAcc 1 Delta 6.44085e-126 SA_r 0.0929871 freedomratio 0.177912
Iter 9500000 pBad 0 T 1.30241e-14 Obj 1.00851 Rho 0 GRdif 4.98378 success 1035921 failure 4161020 obj_new 1.00851 SA_pAcc 1 Delta -0 SA_r 0.22952 freedomratio 0.0638367
Iter 10000000 pBad 0 T 3.12501e-15 Obj 1.00851 Rho 0 GRdif 4.98378 success 1035921 failure 4492621 obj_new 1.00851 SA_pAcc 1 Delta -0 SA_r 0.167281 freedomratio 0.0362114
Cannot move further
iter 8.10166e+06 obj1.00851 rho 0 GRdif 4.98378
Training:
Lab Growth Rates:
0.32 1.05 0.42 0.37 0.4 0.11 0.42 0.3 0.5 0.5 0.465 0.301 0.25 1.03 0.25 0.762 0.5 0.7 0.42 0.6 0.37 0.65 0.5 0.37 0.377 0.58 1.483 0.22 0.41 0.4 0.53 0.54 0.41 0.22 0.4 0.46 0.55 0.4 0.14 0.59 0.5 0.32 0.4 0.43 0.46 0.5 0.26 0.636 0.36 0.58 0.19 1.46 0.58 0.1 0.38 0.47 0.5 0.53 1.483 0.37 0.47 0.4 0.34 0.4 0.33 0.56 0.36 0.4 0.59 0.4 0.58 0.41 0.47 0.3 0.56 0.5 0.4 0.47 0.43 1.345 0.19 0.38 0.27 0.7 0.33 0.52 0.39 0.65 0.54 0.43 0.4 0.47 0.49 0.09 0.5 0.59 0.54 0.45 0.33 0.33 0.42 0.46 0.54 0.4 0.4 0.5 0.637 1.46 0.56 0.59 0.22 0.45 0.56 0.17 0.34 1.46 0.6 0.4 0.42 0.65 0.4 0.58 0.41 0.46 1.248 0.59 0.4 1.345 0.26 0.5 1.483 0.17 0.485 0.55 0.58 0.17 0.46 0.58 0.59 0.55 0.58 1.67 1.345 0.3 0.65 0.5 0.481 0.45 0.3 0.46 0.22 0.1 1.483 0.55 0.3 0.4 0.54 0.58 0.4 0.4 0.4 0.5 0.42 0.45 0.686 0.09 0.4 0.301 0.56 0.58 0.42 0.45 0.45 0.4 0.4 0.45 0.48 0.48 0.54 0.3 0.46 0.41 0.51 0.45 0.4 1.35 0.53 1.483 0.27 0.56 0.48 0.41 0.59 0.65 0.23 1.345 0.58 0.37 0.25 0.42 0.37 0.46 0.27 0.4 0.46 1.43 0.47 0.53 0.4 0.11 0.59 0.22 0.485 0.901 1.67 0.53 0.5 0.1 0.45 1.66 0.42 0.38 0.48 0.51 0.53 0.4 0.36 0.43 0.46 0.1 0.635 0.5 0.54 0.52 0.37 0.52 0.4 1.483 0.37 0.901 0.55 0.4 0.377 0.52 0.47 0.648 0.4 0.58 1.345 0.4 0.46 0.54 0.33 0.25 0.46 0.37 0.52 0.11 0.68 0.46 0.55 0.45 0.54 0.724 0.476 0.55 0.4 1.38 0.23 1.248 0.43 0.34 0.52 0.39 0.54 0.53 0.25 0.54 0.2 0.14 0.54 0.58 0.58 0.58 0.42 0.901 0.4 0.42 0.724 0.22 0.901 0.5 0.58 0.4 0.45 0.42 0.54 0.5 0.09 0.4 0.4 0.47 0.55 0.4 0.23 0.5 0.5 0.901 0.54 0.4 0.4 0.42 0.465 0.2 0.33 0.52 0.52 0.47 0.58 0.481 0.54 0.47 0.53 0.45 0.41 0.33 0.49 0.54 0.53 1.05 0.465 0.59 0.37 0.36 0.45 0.4 0.52 0.636 0.45 0.54 0.4 0.56 0.23 1.05 0.4 0.5 0.45 0.4 0.37 0.38 0.27 0.27 0.43 0.4 0.635 1.248 0.5 0.36 0.47 0.41 0.47 0.47 0.43 0.48 0.56 0.3 0.3 0.47 0.59 0.5 0.52 0.4 0.762 0.37 0.23 0.3 0.47 1.05 0.19 0.4 0.55 0.3 0.65 0.25 0.42 0.54 0.33 0.4 0.42 1.345 0.22 1.483 0.42 0.901 0.56 0.47 0.54 0.26 0.1 0.5 0.23 1.345 0.762 0.53 0.47 0.54 0.37 0.648 0.37 0.53 0.33 0.54 0.55 0.5 0.71 0.724 0.48 1.46 0.65 0.45 0.36 0.68 0.46 0.4 0.4 0.46 0.46 0.68 1.248 0.47 0.686 0.32 0.25 1.345 0.54 0.5 0.23 0.7 1.345 0.31 0.47 0.45 0.4 0.5 1.66 0.56 0.59 0.4 0.59 0.39 0.45 1.248 0.46 0.53 0.635 0.36 0.5 0.31 0.39 0.22 0.47 0.5 1.4 0.55 1.43 0.762 0.47 0.48 0.54 0.56 0.58 0.45 0.39 0.54 0.5 1.345 0.43 0.46 0.5 0.59 0.485 0.5 1.483 0.476 0.4 0.636 0.43 0.54 0.56 0.5 0.59 0.56 0.637 0.4 0.3 0.4 1.483 0.38 0.47 0.481 0.65 0.23 1.483 0.4 0.4 0.49 0.53 0.25 0.6 0.58 0.56 0.71 0.48 0.46 0.51 0.53 0.4 0.6 0.637 0.27 0.648 0.54 0.4 0.55 0.3 0.56 0.41 1.05 0.3 0.4 0.5 0.7 0.43 0.56 0.1 0.42 0.58 0.4 0.58 0.65 0.56 0.1 1.483 0.43 0.617 0.47 0.37 0.686 0.31 0.4 0.43 0.37 0.59 1.49 1.42 0.46 0.1 0.68 0.59 1.44 0.1 0.4 0.52 1.345 1.345 0.54 0.301 0.47 0.42 0.39 0.377 0.54 0.68 0.48 0.4 0.52 0.53 0.36 0.476 0.5 0.23 0.485 1.483 0.71 0.56 0.36 0.2 0.46
Dot Production Prediction of Lab Growth Rates:
0.31655 1.04999 0.592911 0.412026 0.409485 0.391708 0.382476 0.34045 0.322234 0.330405 0.502673 0.502488 0.534242 1.39013 0.500258 0.771264 0.600342 0.699888 0.322287 0.456757 0.421615 0.632977 0.482568 0.420673 0.499269 0.477377 0.995638 0.461577 0.493408 0.400014 0.524441 0.402077 0.386998 0.455633 0.406935 0.329781 0.433303 0.406549 0.137277 0.545979 0.548764 0.350572 0.403212 0.368635 0.351069 0.474616 0.352507 0.723922 0.410573 0.484947 0.329642 1.02134 0.374503 0.748316 0.357855 0.478059 0.527647 0.53156 0.970936 0.537751 0.424736 0.402466 0.313858 0.408385 0.514384 0.539163 0.37426 0.404916 0.541688 0.406877 0.47753 0.352494 0.380445 0.382642 0.476311 0.479773 0.3997 0.392699 0.430504 1.01246 0.32468 0.33302 0.35075 0.709007 0.377626 0.393769 0.31094 0.651134 0.542018 0.358961 0.405228 0.34237 0.377071 0.346568 0.544866 0.382925 0.406376 0.406281 0.334472 0.328194 0.343687 0.409239 0.543373 0.397507 0.407731 0.612558 0.70323 0.99522 0.529033 0.368167 0.35796 0.339553 0.542232 0.318439 0.310435 1.01652 0.444107 0.399477 0.389449 0.650017 0.406914 0.337515 0.500006 0.295828 0.851082 0.328976 0.39727 1.02033 0.539115 0.358603 0.95152 0.440416 0.484749 0.544358 0.355672 0.33217 0.527463 0.375941 0.337058 0.545606 0.469485 1.5261 0.95578 0.422771 0.634724 0.479783 0.493769 1.50595 0.430051 0.410292 0.465128 0.460258 0.996019 0.44114 0.406282 0.406246 0.440428 0.367263 0.406769 0.402791 0.398764 0.530694 0.353309 1.53581 0.723066 0.368697 0.400019 0.503355 0.470969 0.319864 0.360921 0.336727 0.413975 0.401889 0.40811 1.49765 0.296169 0.319228 0.459442 0.427599 0.375447 0.499087 0.41262 1.48633 0.402227 1.19754 0.484068 0.972882 0.383412 0.475282 0.308341 0.344521 0.318896 0.660194 0.426929 0.987311 0.464324 0.421838 0.362321 0.352556 0.419641 0.373308 0.583106 0.407513 0.41794 1.30375 0.341101 0.525133 0.403523 0.379229 0.344517 0.457072 0.485373 0.756793 1.52224 0.398444 0.537231 1.46512 0.364907 1.66 0.310559 0.356652 0.357444 0.400157 0.394726 0.408128 0.35693 0.379416 0.458964 1.29443 0.711428 0.584912 0.371274 0.380448 0.426446 0.387379 0.408696 0.945379 0.430376 0.901 0.43529 0.405487 0.503598 0.376986 0.392605 0.710284 0.406916 0.47727 0.978508 0.402288 0.451908 0.456841 0.320673 0.351459 0.460008 0.445954 0.345489 0.338572 0.410875 0.470156 0.422615 0.313657 0.342634 0.721497 0.507758 0.561235 0.404933 1.35323 0.426902 0.844683 0.419926 0.338794 0.395468 0.322501 0.535194 0.533693 1.50989 0.40608 0.361219 0.140015 0.39384 0.468991 0.402312 0.322311 0.569885 0.905136 0.411149 0.337688 0.723322 0.466252 0.908518 0.576484 0.376697 0.396225 1.48276 0.329088 0.538206 0.581218 0.450828 0.324818 0.40338 0.443864 0.546788 0.40244 0.530926 0.532469 0.530381 0.910096 0.445451 0.39836 0.406905 0.591903 0.504855 0.419966 0.367836 0.370719 0.373727 0.409919 0.476808 0.491773 0.39713 0.46894 0.531215 0.330689 0.38337 0.436153 0.396168 0.461605 0.358771 1.05 0.510694 0.542526 0.379393 0.334527 0.323577 0.401265 0.347144 0.708959 0.389537 0.318408 0.409329 0.541861 0.523197 1.60273 0.340749 0.325443 0.374596 0.408759 0.432311 0.313963 0.365988 0.312016 0.388535 0.400207 0.713734 0.841601 0.537898 0.353612 0.348497 0.323243 0.398313 0.476351 0.371438 0.308855 0.552929 0.428488 0.356466 0.358935 0.543557 0.485048 0.369012 0.402498 0.755736 0.312199 0.425686 0.452155 0.334823 1.03136 0.334791 0.39898 0.556288 0.275784 0.661706 0.74713 0.310933 0.545845 0.375936 0.394374 0.342108 1.00189 0.437368 0.96094 0.348606 1.003 0.482374 0.362044 0.435762 0.456949 1.40022 0.387318 0.534412 1.02325 0.767857 0.550148 0.359944 0.550021 0.421667 0.706194 0.42694 0.527593 0.476492 0.374627 0.433605 0.547214 0.719669 0.720571 0.327413 1.56517 0.639516 0.405702 0.436087 0.406622 0.429842 0.411341 0.398684 0.455393 0.544585 0.412952 0.841238 0.40844 0.724418 0.307364 0.310941 1.02091 0.353916 0.319002 0.532607 0.709008 1.038 0.515579 0.416248 0.356699 0.397768 0.375214 1.66 0.543159 0.543696 0.405562 0.335217 0.375648 1.53905 0.838284 0.437115 0.440606 0.713038 0.348569 0.382555 0.524355 0.295039 0.395933 0.364255 0.330974 1.52902 0.430079 1.30054 0.762 0.412985 0.340323 0.335689 0.471732 0.470179 1.51658 0.343698 0.303706 0.594783 0.970433 0.394125 0.302975 0.471757 0.341235 0.5024 0.362331 1.0061 0.506003 0.403846 0.719966 0.43601 0.357216 0.538085 0.532915 0.542982 0.553573 0.706681 0.408682 0.276367 0.400986 0.975975 0.318102 0.356387 0.498426 0.650002 0.530265 0.996802 0.400267 0.408653 0.367782 0.349448 0.371478 0.448748 0.47919 0.542191 0.728472 0.339672 0.467341 0.426963 0.322849 0.405667 0.445729 0.707491 0.381146 0.710614 0.542145 0.407645 0.550005 0.283693 0.539876 0.385998 1.05101 0.470851 0.404661 0.32655 0.698242 0.407016 0.532613 0.367821 0.345684 0.473627 0.399449 0.470633 0.650821 0.472572 1.21745 1.00212 0.439491 0.626622 0.372993 0.429296 0.724796 0.518133 0.402117 0.377765 0.38532 0.325974 1.53905 1.54144 0.510268 1.20861 0.411738 0.54881 1.54325 0.451987 0.405578 0.347289 1.01978 1.01308 0.409686 0.500956 0.370314 0.350267 0.338878 0.506371 0.405697 0.408666 0.319916 0.399292 0.381248 0.284715 0.337015 0.506666 0.325837 0.535302 0.502418 0.981403 0.72365 0.557243 0.336046 0.427559 0.468631
Testing:
Lab Growth Rates:
0.3
Dot Production Prediction of Lab Growth Rates:
0.462521
Best performance so far: 
Obj: 4.64818e-310Rho: 2.26291e-314Diff: 4.64818e-310
Anneal again with the best G and E so far as input
Cycle 2Round 1
Iter 500000 pBad 0.840323 T 0.00187454 Obj 1.07668 Rho 0 GRdif 43.4414 success 105109 failure 8724 obj_new 1.07668 SA_pAcc 1 Delta -0.0247041 SA_r 0.457947 freedomratio 0.250533
Iter 1000000 pBad 0.722515 T 0.000449777 Obj 1.04183 Rho 0 GRdif 24.0955 success 206453 failure 25707 obj_new 1.04183 SA_pAcc 1 Delta 0.0216099 SA_r 0.856786 freedomratio 0.247892
Iter 1500000 pBad 0.628365 T 0.00010792 Obj 1.02945 Rho 0 GRdif 17.0647 success 304156 failure 51724 obj_new 1.02945 SA_pAcc 0.715338 Delta 0.0132188 SA_r 0.618445 freedomratio 0.244389
Iter 2000000 pBad 0.609548 T 2.58942e-05 Obj 1.02271 Rho 0 GRdif 13.2047 success 399988 failure 82888 obj_new 1.02271 SA_pAcc 1 Delta 0.0200119 SA_r 0.401271 freedomratio 0.247163
Iter 2500000 pBad 0.411171 T 6.21307e-06 Obj 1.01727 Rho 0 GRdif 10.067 success 493951 failure 119469 obj_new 1.01727 SA_pAcc 1 Delta -0.0385678 SA_r 0.948711 freedomratio 0.240294
Iter 3000000 pBad 0.249992 T 1.49077e-06 Obj 1.01311 Rho 0 GRdif 7.66106 success 577498 failure 178043 obj_new 1.01311 SA_pAcc 1.29485 Delta -0.0122428 SA_r 0.845191 freedomratio 0.229419
Iter 3500000 pBad 0.202647 T 3.57695e-07 Obj 1.01071 Rho 0 GRdif 6.26429 success 644892 failure 277967 obj_new 1.01071 SA_pAcc 1 Delta -0.0149938 SA_r 0.737459 freedomratio 0.222559
Iter 4000000 pBad 0.0758422 T 8.58253e-08 Obj 1.00937 Rho 0 GRdif 5.48168 success 703165 failure 408902 obj_new 1.00937 SA_pAcc 1 Delta -0.000634651 SA_r 0.807855 freedomratio 0.197913
Iter 4500000 pBad 0.0383087 T 2.05929e-08 Obj 1.00889 Rho 0 GRdif 5.20584 success 736636 failure 617047 obj_new 1.00889 SA_pAcc 6.20738e-16 Delta -0.000280409 SA_r 0.259831 freedomratio 0.177966
Iter 5000000 pBad 0.0173301 T 4.94107e-09 Obj 1.00866 Rho 0 GRdif 5.07214 success 758136 failure 882001 obj_new 1.00866 SA_pAcc 1 Delta 0.000864559 SA_r 0.718563 freedomratio 0.157556
Iter 5500000 pBad 0.0064679 T 1.18556e-09 Obj 1.00859 Rho 0 GRdif 5.03515 success 771137 failure 1191736 obj_new 1.0086 SA_pAcc 0 Delta -9.68193e-05 SA_r 0.852456 freedomratio 0.148185
Iter 6000000 pBad 0.00553963 T 2.84464e-10 Obj 1.00855 Rho 0 GRdif 5.00552 success 780745 failure 1528789 obj_new 1.00855 SA_pAcc 1 Delta 0.000439372 SA_r 0.919629 freedomratio 0.141007
Iter 6500000 pBad 0.00270584 T 6.82543e-11 Obj 1.00853 Rho 0 GRdif 4.99542 success 788625 failure 1885989 obj_new 1.00853 SA_pAcc 1 Delta 0.000184887 SA_r 0.016181 freedomratio 0.135546
Iter 7000000 pBad 0.00123615 T 1.6377e-11 Obj 1.00853 Rho 0 GRdif 4.99162 success 794351 failure 2263998 obj_new 1.00853 SA_pAcc 1 Delta 6.26641e-05 SA_r 0.281063 freedomratio 0.132016
Iter 7500000 pBad 0.000639597 T 3.92949e-12 Obj 1.00852 Rho 0 GRdif 5.18587 success 799723 failure 2648447 obj_new 1.00886 SA_pAcc 0 Delta 8.39737e-06 SA_r 0.513678 freedomratio 0.130319
Iter 8000000 pBad 4.89276e-05 T 9.42843e-13 Obj 1.00852 Rho 0 GRdif 4.98855 success 805794 failure 3036165 obj_new 1.00852 SA_pAcc 1 Delta 9.43878e-08 SA_r 0.121875 freedomratio 0.129344
Iter 8500000 pBad 2.24015e-27 T 2.26226e-13 Obj 1.00852 Rho 0 GRdif 4.98822 success 808706 failure 3386665 obj_new 1.00852 SA_pAcc 0 Delta 1.57408e-28 SA_r 0.475452 freedomratio 0.126452
Iter 9000000 pBad 8.65444e-171 T 5.42807e-14 Obj 1.00852 Rho 0 GRdif 4.99884 success 808706 failure 3718197 obj_new 1.00854 SA_pAcc 0 Delta 7.81389e-172 SA_r 0.138648 freedomratio 0.121013
Iter 9500000 pBad 0 T 1.30241e-14 Obj 1.00852 Rho 0 GRdif 4.99577 success 808706 failure 4063067 obj_new 1.00853 SA_pAcc 0 Delta -0 SA_r 0.856133 freedomratio 0.0625465
Good enough
iter 8.21868e+06 obj1.00852 rho 0 GRdif 4.98822
Training:
Lab Growth Rates:
0.32 1.05 0.42 0.37 0.4 0.11 0.42 0.3 0.5 0.5 0.465 0.301 0.25 1.03 0.25 0.762 0.5 0.7 0.42 0.6 0.37 0.65 0.5 0.37 0.377 0.58 1.483 0.22 0.41 0.4 0.53 0.54 0.41 0.22 0.4 0.46 0.55 0.4 0.14 0.59 0.5 0.32 0.4 0.43 0.46 0.5 0.26 0.636 0.36 0.58 0.19 1.46 0.58 0.1 0.38 0.47 0.5 0.53 1.483 0.37 0.47 0.4 0.34 0.4 0.33 0.56 0.36 0.4 0.59 0.4 0.58 0.41 0.47 0.3 0.56 0.5 0.4 0.47 0.43 1.345 0.19 0.38 0.27 0.7 0.33 0.52 0.39 0.65 0.54 0.43 0.4 0.47 0.49 0.09 0.5 0.59 0.54 0.45 0.33 0.33 0.42 0.46 0.54 0.4 0.4 0.5 0.637 1.46 0.56 0.59 0.22 0.45 0.56 0.17 0.34 1.46 0.6 0.4 0.42 0.65 0.4 0.58 0.41 0.46 1.248 0.59 0.4 1.345 0.26 0.5 1.483 0.17 0.485 0.55 0.58 0.17 0.46 0.58 0.59 0.55 0.58 1.67 1.345 0.3 0.65 0.5 0.481 0.45 0.3 0.46 0.22 0.1 1.483 0.55 0.3 0.4 0.54 0.58 0.4 0.4 0.4 0.5 0.42 0.45 0.686 0.09 0.4 0.301 0.56 0.58 0.42 0.45 0.45 0.4 0.4 0.45 0.48 0.48 0.54 0.3 0.46 0.41 0.51 0.45 0.4 1.35 0.53 1.483 0.27 0.56 0.48 0.41 0.59 0.65 0.23 1.345 0.58 0.37 0.25 0.42 0.37 0.46 0.27 0.4 0.46 1.43 0.47 0.53 0.4 0.11 0.59 0.22 0.485 0.901 1.67 0.53 0.5 0.1 0.45 1.66 0.42 0.38 0.48 0.51 0.53 0.4 0.36 0.43 0.46 0.1 0.635 0.5 0.54 0.52 0.37 0.52 0.4 1.483 0.37 0.901 0.55 0.4 0.377 0.52 0.47 0.648 0.4 0.58 1.345 0.4 0.46 0.54 0.33 0.25 0.46 0.37 0.52 0.11 0.68 0.46 0.55 0.45 0.54 0.724 0.476 0.55 0.4 1.38 0.23 1.248 0.43 0.34 0.52 0.39 0.54 0.53 0.25 0.54 0.2 0.14 0.54 0.58 0.58 0.58 0.42 0.901 0.4 0.42 0.724 0.22 0.901 0.5 0.58 0.4 0.45 0.42 0.54 0.5 0.09 0.4 0.4 0.47 0.55 0.4 0.23 0.5 0.5 0.901 0.54 0.4 0.4 0.42 0.465 0.2 0.33 0.52 0.52 0.47 0.58 0.481 0.54 0.47 0.53 0.45 0.41 0.33 0.49 0.54 0.53 1.05 0.465 0.59 0.37 0.36 0.45 0.4 0.52 0.636 0.45 0.54 0.4 0.56 0.23 1.05 0.4 0.5 0.45 0.4 0.37 0.38 0.27 0.27 0.43 0.4 0.635 1.248 0.5 0.36 0.47 0.41 0.47 0.47 0.43 0.48 0.56 0.3 0.3 0.47 0.59 0.5 0.52 0.4 0.762 0.37 0.23 0.3 0.47 1.05 0.19 0.4 0.55 0.3 0.65 0.25 0.42 0.54 0.33 0.4 0.42 1.345 0.22 1.483 0.42 0.901 0.56 0.47 0.54 0.26 0.1 0.5 0.23 1.345 0.762 0.53 0.47 0.54 0.37 0.648 0.37 0.53 0.33 0.54 0.55 0.5 0.71 0.724 0.48 1.46 0.65 0.45 0.36 0.68 0.46 0.4 0.4 0.46 0.46 0.68 1.248 0.47 0.686 0.32 0.25 1.345 0.54 0.5 0.23 0.7 1.345 0.31 0.47 0.45 0.4 0.5 1.66 0.56 0.59 0.4 0.59 0.39 0.45 1.248 0.46 0.53 0.635 0.36 0.5 0.31 0.39 0.22 0.47 0.5 1.4 0.55 1.43 0.762 0.47 0.48 0.54 0.56 0.58 0.45 0.39 0.54 0.5 1.345 0.43 0.46 0.5 0.59 0.485 0.5 1.483 0.476 0.4 0.636 0.43 0.54 0.56 0.5 0.59 0.56 0.637 0.4 0.3 0.4 1.483 0.38 0.47 0.481 0.65 0.23 1.483 0.4 0.4 0.49 0.53 0.25 0.6 0.58 0.56 0.71 0.48 0.46 0.51 0.53 0.4 0.6 0.637 0.27 0.648 0.54 0.4 0.55 0.3 0.56 0.41 1.05 0.3 0.4 0.5 0.7 0.43 0.56 0.1 0.42 0.58 0.4 0.58 0.65 0.56 0.1 1.483 0.43 0.617 0.47 0.37 0.686 0.31 0.4 0.43 0.37 0.59 1.49 1.42 0.46 0.1 0.68 0.59 1.44 0.1 0.4 0.52 1.345 1.345 0.54 0.301 0.47 0.42 0.39 0.377 0.54 0.68 0.48 0.4 0.52 0.53 0.36 0.476 0.5 0.23 0.485 1.483 0.71 0.56 0.36 0.2 0.46
Dot Production Prediction of Lab Growth Rates:
0.323191 1.0804 0.579306 0.391417 0.367748 0.38798 0.3828 0.338233 0.328922 0.360838 0.486964 0.483819 0.579633 1.23461 0.537829 0.778657 0.758065 0.782925 0.311733 0.640149 0.411715 0.619247 0.484661 0.408531 0.481282 0.483469 1.25529 0.469872 0.476895 0.360048 0.538125 0.386537 0.396468 0.467505 0.367102 0.339032 0.466451 0.365463 0.159357 0.552613 0.695947 0.352062 0.392707 0.360664 0.331937 0.475932 0.384052 0.723611 0.419208 0.48541 0.305552 1.06357 0.337562 0.894657 0.379367 0.472037 0.670977 0.554039 1.22828 0.556497 0.408881 0.361832 0.30287 0.366642 0.511699 0.545524 0.378214 0.366668 0.548979 0.363773 0.479346 0.368778 0.367162 0.385383 0.478614 0.480703 0.36022 0.416126 0.441266 1.27761 0.315968 0.317117 0.351822 0.779542 0.339726 0.364454 0.32993 0.649966 0.541696 0.351913 0.367619 0.326608 0.368313 0.340861 0.547022 0.380963 0.402859 0.411373 0.322705 0.327992 0.344695 0.38544 0.536045 0.372603 0.363627 0.749688 0.703295 1.07482 0.542958 0.368967 0.339447 0.343022 0.552098 0.332486 0.321779 1.05794 0.642689 0.352312 0.400612 0.650755 0.36746 0.332222 0.482824 0.297646 0.849394 0.330825 0.35237 1.27988 0.581456 0.366862 1.21893 0.414904 0.473431 0.546573 0.375127 0.322032 0.533479 0.359765 0.319269 0.548949 0.48003 1.32924 1.1933 0.6029 0.633055 0.48745 0.479424 1.33966 0.581012 0.407394 0.483047 0.472788 1.25121 0.46501 0.546642 0.365745 0.461909 0.374016 0.365731 0.394492 0.387681 0.527831 0.346639 1.42371 0.72507 0.386053 0.386603 0.48419 0.475875 0.302748 0.365757 0.357921 0.44296 0.391812 0.368946 1.36327 0.304674 0.291684 0.464898 0.420329 0.372677 0.483087 0.417235 1.36803 0.358587 1.00812 0.493705 1.22525 0.394209 0.479874 0.295914 0.346572 0.31931 0.651199 0.425319 1.24419 0.463487 0.412596 0.370658 0.36154 0.415068 0.355799 0.598719 0.366471 0.430029 1.04873 0.359799 0.535421 0.360697 0.366267 0.338483 0.466552 0.475911 0.800318 1.41415 0.39927 0.679435 1.309 0.36716 1.40044 0.313416 0.385526 0.344859 0.395541 0.424814 0.382865 0.359966 0.354909 0.458494 1.24547 0.707256 0.743066 0.40361 0.410028 0.421775 0.381762 0.367611 1.21573 0.424742 0.901 0.46523 0.379569 0.479712 0.368268 0.389173 0.708872 0.367196 0.481057 1.21638 0.36389 0.454127 0.465121 0.319274 0.366785 0.460093 0.434912 0.358585 0.336446 0.325847 0.469101 0.4443 0.325335 0.338245 0.718714 0.489219 0.564698 0.365191 1.21839 0.424413 0.844505 0.420984 0.325532 0.399231 0.343933 0.546075 0.532539 1.40776 0.414586 0.373148 0.160698 0.382086 0.47831 0.386139 0.326639 0.572509 0.90338 0.368629 0.359129 0.723372 0.480258 0.904875 0.731873 0.379408 0.374136 1.37336 0.342132 0.538562 0.711905 0.451409 0.330461 0.36368 0.420841 0.54526 0.364607 0.544097 0.555182 0.527943 0.905951 0.472159 0.387174 0.367402 0.597131 0.487296 0.401113 0.357412 0.372768 0.399799 0.396207 0.480412 0.479841 0.384936 0.450817 0.534071 0.358455 0.374828 0.442503 0.397026 0.473044 0.368582 1.08791 0.489416 0.54132 0.408833 0.335827 0.350968 0.359307 0.34178 0.711792 0.380647 0.331036 0.367955 0.536549 0.538214 1.36156 0.332966 0.323821 0.384392 0.369303 0.424215 0.309816 0.372857 0.303429 0.348684 0.37539 0.710665 0.842633 0.649315 0.350834 0.37271 0.333242 0.41871 0.483866 0.391176 0.315314 0.549201 0.576449 0.524685 0.35031 0.542623 0.489795 0.378044 0.361649 0.756531 0.300123 0.424538 0.596802 0.339713 1.05 0.322107 0.35822 0.557277 0.208558 0.65441 0.896719 0.308223 0.553477 0.370931 0.384433 0.332175 1.25037 0.431455 1.19964 0.336841 0.91416 0.481898 0.351441 0.463793 0.464629 1.3429 0.433082 0.539641 1.27412 0.76913 0.541893 0.349452 0.556785 0.418171 0.701424 0.423332 0.53253 0.472104 0.363825 0.461893 0.554695 0.713723 0.722818 0.356234 1.35328 0.638234 0.411706 0.414261 0.321961 0.435752 0.371017 0.355549 0.456849 0.540864 0.325688 0.842586 0.412158 0.726062 0.30836 0.309556 1.29186 0.378592 0.324069 0.543725 0.781139 1.30016 0.577459 0.398083 0.384773 0.351034 0.358143 1.43851 0.552313 0.543093 0.365378 0.331297 0.341672 1.42158 0.840305 0.444493 0.432253 0.710783 0.357182 0.392618 0.579842 0.313304 0.389697 0.354799 0.331022 1.4 0.465779 1.04942 0.762002 0.400927 0.341201 0.340018 0.476566 0.477628 1.40286 0.308508 0.29927 0.721191 1.2225 0.432447 0.308299 0.476463 0.33836 0.486673 0.373224 1.27022 0.490811 0.379672 0.716138 0.389769 0.371914 0.546454 0.651811 0.547264 0.554027 0.707045 0.365796 0.209061 0.389685 1.22788 0.312831 0.378101 0.483865 0.644396 0.544224 1.2327 0.389867 0.367882 0.383216 0.331257 0.373584 0.616497 0.481735 0.551847 0.722236 0.359121 0.472064 0.432166 0.332356 0.366242 0.607622 0.707788 0.39163 0.710621 0.542678 0.3672 0.550637 0.212164 0.537544 0.398493 1.08646 0.640632 0.364274 0.339626 0.781984 0.410118 0.539428 0.3735 0.355036 0.47918 0.388428 0.479131 0.656657 0.475995 1.09004 1.24871 0.448854 0.49574 0.386313 0.424483 0.717518 0.590031 0.359061 0.374007 0.392365 0.322091 1.42158 1.44049 0.515252 1.10594 0.326174 0.553122 1.42072 0.468808 0.364819 0.356922 1.25576 1.2688 0.407185 0.484725 0.390809 0.347808 0.314008 0.481486 0.367177 0.323693 0.311148 0.357652 0.355511 0.295004 0.336975 0.487896 0.343782 0.547877 0.488119 1.2432 0.717428 0.554576 0.330882 0.393805 0.469956
Testing:
Lab Growth Rates:
0.3
Dot Production Prediction of Lab Growth Rates:
0.636806
Best performance so far: 
Obj: 4.64818e-310Rho: 6.5069e-314Diff: 4.64818e-310
Test:
 Lab Growth Rates:
0.3Dot Product Prediction of Growth Rate:
0.6368065