seed =  5 traits =  1 
Training: part  133 
Training: part  133 
Round  1 
 Goal of obj  0.99 
Temperature range:  0.00390625 7.8125e-14 
Cycle 1Round 1
Iter 500000 pBad 0.829954 T 0.00113976 Obj 1.08118 Rho 0 GRdif 45.7412 success 145669 failure 11832 obj_new 1.08118 SA_pAcc 0.848816 Delta 0.0274677 SA_r 0.63147 freedomratio 0.373248
Iter 1000000 pBad 0.799149 T 0.000332555 Obj 1.04104 Rho 0 GRdif 23.5668 success 287732 failure 31452 obj_new 1.04104 SA_pAcc 0.807833 Delta -0.0158974 SA_r 0.231204 freedomratio 0.371592
Iter 1500000 pBad 0.688834 T 9.70321e-05 Obj 1.02582 Rho 0 GRdif 14.9368 success 428138 failure 55932 obj_new 1.02582 SA_pAcc 1 Delta 0.0429416 SA_r 0.591005 freedomratio 0.36625
Iter 2000000 pBad 0.611052 T 2.83118e-05 Obj 1.02108 Rho 0 GRdif 12.2229 success 566300 failure 85986 obj_new 1.02108 SA_pAcc 1 Delta 0.0532687 SA_r 0.469524 freedomratio 0.370886
Iter 2500000 pBad 0.469385 T 8.26073e-06 Obj 1.01635 Rho 0 GRdif 9.50514 success 699685 failure 124657 obj_new 1.01635 SA_pAcc 0.591345 Delta 0.00100393 SA_r 0.264833 freedomratio 0.356448
Iter 3000000 pBad 0.344733 T 2.41029e-06 Obj 1.0114 Rho 0 GRdif 6.64079 success 819613 failure 187447 obj_new 1.0114 SA_pAcc 1.19252 Delta 0.0143594 SA_r 0.487636 freedomratio 0.34209
Iter 3500000 pBad 0.269273 T 7.03269e-07 Obj 1.00904 Rho 0 GRdif 5.27214 success 926015 failure 279360 obj_new 1.00904 SA_pAcc 0.0408456 Delta -0.0156238 SA_r 0.603982 freedomratio 0.336975
Iter 4000000 pBad 0.108169 T 2.05198e-07 Obj 1.00837 Rho 0 GRdif 4.88555 success 1002169 failure 435029 obj_new 1.00837 SA_pAcc 1 Delta 0.00321952 SA_r 0.130498 freedomratio 0.295512
Iter 4500000 pBad 0.0407149 T 5.98721e-08 Obj 1.00819 Rho 0 GRdif 4.77731 success 1043667 failure 673279 obj_new 1.00819 SA_pAcc 1 Delta 0.00163442 SA_r 0.922155 freedomratio 0.252369
Iter 5000000 pBad 0.0247976 T 1.74693e-08 Obj 1.00813 Rho 0 GRdif 4.74553 success 1067311 failure 965666 obj_new 1.00813 SA_pAcc 4.93056e-57 Delta 0.00105399 SA_r 0.827421 freedomratio 0.225906
Iter 5500000 pBad 0.010199 T 5.09715e-09 Obj 1.0081 Rho 0 GRdif 4.7295 success 1081007 failure 1292055 obj_new 1.0081 SA_pAcc 1 Delta 0.000760658 SA_r 0.138354 freedomratio 0.213869
Iter 6000000 pBad 0.00824426 T 1.48723e-09 Obj 1.00809 Rho 0 GRdif 4.72251 success 1088914 failure 1638058 obj_new 1.00809 SA_pAcc 1 Delta 0.00061594 SA_r 0.528592 freedomratio 0.209585
Iter 6500000 pBad 0.00530442 T 4.33941e-10 Obj 1.00809 Rho 0 GRdif 4.71925 success 1093685 failure 1995745 obj_new 1.00809 SA_pAcc 0 Delta 0.000345045 SA_r 0.784895 freedomratio 0.204967
Iter 7000000 pBad 0.00335407 T 1.26614e-10 Obj 1.00808 Rho 0 GRdif 4.91721 success 1096422 failure 2361354 obj_new 1.00843 SA_pAcc 0 Delta -2.50902e-05 SA_r 0.735485 freedomratio 0.202139
Iter 7500000 pBad 0.00217054 T 3.69431e-11 Obj 1.00808 Rho 0 GRdif 4.71627 success 1098469 failure 2731143 obj_new 1.00808 SA_pAcc 0 Delta -0.000128789 SA_r 0.272678 freedomratio 0.199591
Iter 8000000 pBad 0.000545653 T 1.07792e-11 Obj 1.00808 Rho 0 GRdif 4.71488 success 1099849 failure 3105599 obj_new 1.00808 SA_pAcc 7.77204e-194 Delta -4.1549e-05 SA_r 0.785405 freedomratio 0.197706
Iter 8500000 pBad 0.000174772 T 3.14512e-12 Obj 1.00808 Rho 0 GRdif 4.72692 success 1101095 failure 3482001 obj_new 1.0081 SA_pAcc 0 Delta -3.75495e-06 SA_r 0.146919 freedomratio 0.196776
Iter 9000000 pBad 9.41409e-05 T 9.17673e-13 Obj 1.00808 Rho 0 GRdif 4.71495 success 1102366 failure 3863085 obj_new 1.00808 SA_pAcc 0 Delta -1.76458e-06 SA_r 0.976304 freedomratio 0.19232
Iter 9500000 pBad 0.000184993 T 2.67756e-13 Obj 1.00808 Rho 0 GRdif 4.71384 success 1104665 failure 4240025 obj_new 1.00808 SA_pAcc 1 Delta -1.68244e-05 SA_r 0.136297 freedomratio 0.191378
Iter 10000000 pBad 2.31131e-26 T 7.81252e-14 Obj 1.00808 Rho 0 GRdif 4.71516 success 1107204 failure 4562093 obj_new 1.00808 SA_pAcc 0 Delta 7.58051e-28 SA_r 0.122277 freedomratio 0.180363
Cannot move further
iter 9.85516e+06 obj1.00808 rho 0 GRdif 4.71373
Training:
Lab Growth Rates:
1.05 0.42 0.09 0.4 0.36 0.42 0.3 0.5 0.5 0.465 0.301 0.59 1.03 0.59 0.762 0.5 0.7 0.53 0.3 0.37 0.65 0.5 0.37 0.377 0.58 1.483 0.22 0.41 0.53 0.53 0.42 0.43 0.22 0.4 0.46 0.55 0.4 0.14 0.59 0.5 0.34 0.4 0.43 0.41 0.5 0.31 0.636 0.33 0.58 0.51 1.46 0.46 0.1 0.27 0.5 0.5 0.48 1.483 0.59 0.47 0.4 0.47 0.4 0.46 0.56 0.36 0.4 0.59 0.4 0.58 0.45 0.47 0.58 0.56 0.465 0.68 0.5 0.4 0.47 0.36 1.345 0.51 0.38 0.27 0.7 0.5 0.52 0.47 0.65 0.54 0.43 0.4 0.47 0.49 0.09 0.5 0.38 0.54 0.45 0.33 0.5 0.54 0.46 0.54 0.4 0.4 0.5 0.637 1.46 0.56 0.25 0.22 0.42 0.56 0.17 0.47 1.46 0.6 0.4 0.54 0.65 0.4 0.54 0.41 0.47 1.248 0.48 0.4 1.345 0.46 0.5 1.483 0.17 0.485 0.55 0.58 0.17 0.46 0.47 0.59 0.55 0.58 1.67 1.345 0.3 0.65 0.5 0.481 0.45 0.3 0.1 0.22 0.1 1.483 0.55 0.3 0.4 0.54 0.58 0.4 0.45 0.4 0.5 0.42 0.45 0.686 0.11 0.4 0.301 0.56 0.46 0.42 0.54 0.2 0.4 0.4 0.45 0.41 0.48 0.54 0.45 0.46 0.41 0.1 0.45 0.4 1.35 0.39 1.483 0.27 0.56 0.53 0.47 0.54 0.65 0.23 1.345 0.58 0.37 0.25 0.42 0.37 0.59 0.27 0.4 0.53 1.43 0.52 0.53 0.4 0.48 0.59 0.22 0.485 0.901 1.67 0.46 0.5 0.1 0.45 1.66 0.27 0.25 0.47 0.19 0.58 0.4 0.54 0.43 0.46 0.1 0.635 0.5 0.52 0.49 0.37 0.37 0.4 1.483 0.37 0.901 0.55 0.4 0.377 0.47 0.43 0.648 0.4 0.58 1.345 0.4 0.46 0.54 0.33 0.33 0.46 0.41 0.54 0.11 0.42 0.46 0.55 0.3 0.724 0.476 0.55 0.4 1.38 0.23 1.248 0.43 0.32 0.47 0.53 0.54 0.53 0.25 0.42 0.5 0.14 0.19 0.58 0.58 0.58 0.42 0.901 0.34 0.42 0.724 0.22 0.901 0.6 0.4 0.42 0.45 0.42 0.54 0.5 0.42 0.4 0.4 0.47 0.55 0.4 0.23 0.5 0.5 0.901 0.54 0.43 0.4 0.4 0.465 0.33 0.36 0.52 0.52 0.47 0.58 0.481 0.54 0.58 0.53 0.45 0.5 0.41 0.49 0.54 0.4 1.05 0.59 0.32 0.2 0.59 0.37 0.11 0.47 0.4 0.52 0.636 0.25 0.54 0.5 0.56 0.23 1.05 0.4 0.53 0.3 0.45 0.37 0.37 0.39 0.33 0.3 0.3 0.635 1.248 0.34 0.36 0.52 0.42 0.617 0.4 0.31 0.26 0.56 0.3 0.58 0.47 0.59 0.5 0.25 0.54 0.762 0.4 0.36 0.3 0.4 0.4 0.38 0.4 0.55 0.47 0.65 0.45 0.54 0.09 0.59 0.52 1.345 0.22 1.483 0.7 0.901 0.56 0.47 0.54 0.46 0.1 0.39 0.23 1.345 0.762 0.53 0.5 0.54 1.4 0.648 1.66 0.53 0.52 0.1 0.55 0.5 0.71 0.724 0.48 0.26 0.65 0.45 1.43 0.68 0.46 0.4 0.58 0.4 0.45 0.68 1.248 0.4 0.686 0.58 0.37 1.345 0.38 0.52 0.23 0.5 1.345 0.36 0.46 0.48 0.56 1.05 0.43 0.56 0.3 0.4 0.46 0.46 0.45 1.248 0.31 0.53 0.635 0.4 0.5 0.42 0.4 0.52 0.45 0.51 0.59 0.4 0.37 1.483 0.25 0.56 0.65 0.5 0.1 0.59 0.5 0.762 0.47 0.54 0.5 0.3 0.54 0.45 0.46 0.33 1.345 0.56 0.4 1.05 0.59 0.485 1.483 0.476 0.4 0.636 0.43 0.59 0.56 0.37 0.47 0.637 0.58 0.6 0.4 1.483 0.33 0.38 0.481 0.54 0.3 0.37 0.54 0.53 0.42 0.55 0.47 1.42 0.71 0.58 0.48 0.23 0.37 0.637 0.27 0.648 0.4 0.42 0.6 1.46 0.7 0.4 0.65 1.483 0.54 0.4 0.39 0.39 0.23 0.55 0.5 0.43 0.25 0.37 0.32 0.56 0.23 0.68 0.22 0.47 0.46 0.686 0.46 0.47 0.36 0.56 0.56 0.45 1.345 0.4 0.43 0.4 0.19 0.36 0.68 0.52 0.4 1.483 0.33 1.44 0.41 0.301 1.49 0.41 0.377 0.2 0.53 0.48 0.48 0.26 1.345 0.43 0.5 0.476 0.39 0.56 0.485 0.71 0.58
Dot Production Prediction of Lab Growth Rates:
1.04992 0.579104 0.341768 0.385727 0.325293 0.336134 0.369099 0.375726 0.391872 0.520878 0.513513 0.385352 1.37014 0.331207 0.806361 0.690978 0.70166 0.413431 0.417791 0.423367 0.630261 0.474451 0.418729 0.512276 0.477519 1.16325 0.469038 0.504846 0.410233 0.534939 0.591517 0.362289 0.460739 0.387686 0.299342 0.449857 0.380633 0.140001 0.54943 0.660994 0.340518 0.385911 0.415751 0.367798 0.470946 0.56799 0.727067 0.37106 0.473188 0.424111 1.03009 0.441445 0.83195 0.349941 0.359477 0.703247 0.291152 1.14218 0.327192 0.451808 0.385477 0.483912 0.386834 0.332243 0.54634 0.361329 0.384049 0.547555 0.385051 0.474543 0.370543 0.357323 0.363262 0.469393 0.521807 0.363316 0.471298 0.378041 0.373037 0.338137 1.17752 0.398527 0.310163 0.380074 0.699855 0.33296 0.3935 0.349987 0.64791 0.543445 0.369525 0.384168 0.384445 0.38818 0.375704 0.542547 0.316525 0.376159 0.403309 0.318771 0.341037 0.340479 0.408407 0.536047 0.384422 0.384878 0.725951 0.708572 1.00888 0.543819 0.356959 0.381113 0.307594 0.549843 0.428894 0.477606 1.02191 0.493713 0.416704 0.327491 0.652407 0.418323 0.298852 0.510441 0.350685 0.87314 0.347306 0.379746 1.18597 0.447925 0.370522 1.1011 0.32514 0.513201 0.545194 0.384638 0.335474 0.530264 0.413225 0.348454 0.547517 0.471775 1.44 1.07727 0.525159 0.649943 0.477384 0.515239 1.42939 0.50038 0.450399 0.468059 0.365871 1.17249 0.449303 0.492234 0.382391 0.452127 0.347347 0.387031 0.402428 0.378339 0.527611 0.345709 1.51717 0.725547 0.329443 0.386472 0.515811 0.470554 0.408418 0.352604 0.382176 0.372849 0.411911 0.383049 1.42316 0.319866 0.301791 0.461254 0.357547 0.355321 0.512949 0.450891 1.43884 0.416981 1.26793 0.325714 1.113 0.59779 0.470626 0.539144 0.324651 0.397516 0.666035 0.434866 1.12387 0.464156 0.425526 0.372551 0.348822 0.427181 0.335741 0.369926 0.384778 0.37582 1.3628 0.352409 0.529983 0.367798 0.317328 0.321509 0.466277 0.514036 0.824932 1.46301 0.509962 0.737504 1.2574 0.376516 1.66 0.383122 0.518732 0.346627 0.325393 0.371895 0.380343 0.381277 0.350971 0.456728 1.14948 0.717763 0.73532 0.345177 0.369866 0.432697 0.404472 0.389026 1.1059 0.436878 0.900983 0.45048 0.385564 0.513896 0.407424 0.405117 0.717738 0.380197 0.474505 1.11701 0.418226 0.451913 0.463625 0.354017 0.32364 0.459959 0.347675 0.337479 0.36317 0.365838 0.463198 0.437113 0.404154 0.722684 0.524692 0.562194 0.385728 1.35681 0.436493 0.86677 0.437033 0.32453 0.344629 0.364554 0.531227 0.531671 1.46886 0.402522 0.320728 0.139777 0.345817 0.468261 0.316227 0.358907 0.603792 0.905582 0.326179 0.338822 0.723984 0.469225 0.902707 0.509746 0.381906 0.314577 1.42204 0.323751 0.537297 0.74148 0.346489 0.400095 0.374183 0.350976 0.544558 0.376669 0.541819 0.538731 0.524428 0.906643 0.447122 0.436173 0.382654 0.371102 0.519935 0.327479 0.349815 0.373958 0.398246 0.412473 0.4741 0.515803 0.367466 0.38074 0.538434 0.379419 0.764916 0.390945 0.364638 0.470343 0.322253 1.05 0.542368 0.318985 0.412626 0.542739 0.40026 0.37742 0.404099 0.385207 0.372816 0.722316 0.31339 0.393128 0.335222 0.530159 0.537996 1.62259 0.38528 0.282223 0.300436 0.35542 0.397758 0.297746 0.346411 0.371901 0.479017 0.339381 0.718857 0.866266 0.308297 0.421964 0.367396 0.303603 0.510548 0.385618 0.57921 0.371511 0.543804 0.303374 0.347237 0.40571 0.543714 0.478412 0.54489 0.383789 0.792769 0.381252 0.349814 0.521766 0.417268 0.386189 0.32903 0.416923 0.556369 0.408503 0.647277 0.40807 0.544586 0.438319 0.336583 0.383181 1.13941 0.345103 1.10392 0.702301 0.900968 0.473578 0.466701 0.448958 0.360399 1.38136 0.328901 0.534908 1.16305 0.802249 0.541358 0.684078 0.550629 1.47708 0.71244 1.66 0.528337 0.359386 1.07253 0.450598 0.548197 0.719617 0.72255 0.323308 0.586569 0.673155 0.359955 1.36396 0.357549 0.519729 0.380263 0.4708 0.383729 0.336289 0.360958 0.865531 0.386564 0.727649 0.474254 0.428518 1.18736 0.372008 0.368114 0.540979 0.669663 1.19939 0.430479 0.39401 0.338846 0.471926 1.0017 0.402011 0.548641 0.45411 0.419114 0.437958 0.462801 1.51982 0.862207 0.566509 0.331287 0.718255 0.384302 0.41145 0.34347 0.372298 0.391706 0.324488 0.408725 0.370346 0.416907 0.434978 1.15336 0.365544 0.548494 0.687926 0.465412 1.07979 0.537341 0.325421 0.798774 0.37812 0.35897 0.326364 0.479234 0.391373 1.45308 0.331575 0.515031 1.11041 0.545421 0.380047 1.05311 0.316823 0.520442 1.1703 0.525587 0.384676 0.721611 0.381987 0.552857 0.532205 0.436782 0.402319 0.710615 0.295814 0.509189 0.388436 1.13924 0.436295 0.379334 0.517504 0.363863 0.30976 0.557057 0.362387 0.321237 0.3748 0.450315 0.378029 1.52261 0.72782 0.471565 0.302884 0.53849 0.432621 0.71319 0.295371 0.717661 0.379167 0.352629 0.517743 1.61248 0.699031 0.325856 0.649225 1.12823 0.539101 0.376774 0.321268 0.310066 0.436435 0.551297 0.338018 0.374762 0.82149 0.406087 0.349166 0.471471 0.539719 0.360185 0.439718 0.346283 0.313038 0.724554 0.464002 0.378214 0.333829 0.550048 0.54715 0.356384 1.16786 0.385304 0.4543 0.38446 0.334061 0.374399 0.362155 0.362035 0.37131 1.14687 0.460556 1.51813 0.360478 0.508858 1.51982 0.381644 0.514092 0.412179 0.476876 0.350885 0.357649 0.479206 1.16295 0.393855 0.767233 0.523404 0.315993 0.53987 0.52115 0.725316 0.477447
Testing:
Lab Growth Rates:
0.4 0.4 0.4
Dot Production Prediction of Lab Growth Rates:
0.38827 0.387918 0.386523
Best performance so far: 
Obj: 4.65791e-310Rho: 2.26291e-314Diff: 4.65791e-310
Anneal again with the best G and E so far as input
Cycle 2Round 1
Iter 500000 pBad 0.820381 T 0.00113976 Obj 1.04554 Rho 0 GRdif 26.0943 success 112375 failure 10959 obj_new 1.04554 SA_pAcc 1.1539 Delta -0.0497028 SA_r 0.567365 freedomratio 0.276155
Iter 1000000 pBad 0.746215 T 0.000332555 Obj 1.03279 Rho 0 GRdif 18.9077 success 221533 failure 28831 obj_new 1.03279 SA_pAcc 1 Delta -0.0423233 SA_r 0.531884 freedomratio 0.267702
Iter 1500000 pBad 0.631565 T 9.70321e-05 Obj 1.02783 Rho 0 GRdif 16.0872 success 328657 failure 52483 obj_new 1.02783 SA_pAcc 1.05907 Delta -0.0087929 SA_r 0.0856319 freedomratio 0.266849
Iter 2000000 pBad 0.611368 T 2.83118e-05 Obj 1.02205 Rho 0 GRdif 12.7882 success 433884 failure 80253 obj_new 1.02206 SA_pAcc 0.744453 Delta 0.0374805 SA_r 0.899938 freedomratio 0.26697
Iter 2500000 pBad 0.41812 T 8.26073e-06 Obj 1.01761 Rho 0 GRdif 10.2274 success 534831 failure 118095 obj_new 1.01761 SA_pAcc 1 Delta -0.0136041 SA_r 0.0347875 freedomratio 0.262662
Iter 3000000 pBad 0.280228 T 2.41029e-06 Obj 1.01388 Rho 0 GRdif 8.08022 success 623173 failure 180958 obj_new 1.01388 SA_pAcc 0.524877 Delta -0.0186591 SA_r 0.661668 freedomratio 0.255115
Iter 3500000 pBad 0.245343 T 7.03269e-07 Obj 1.01086 Rho 0 GRdif 6.32862 success 700113 failure 274170 obj_new 1.01086 SA_pAcc 1.00343 Delta -8.35498e-05 SA_r 0.674355 freedomratio 0.243963
Iter 4000000 pBad 0.117882 T 2.05198e-07 Obj 1.00985 Rho 0 GRdif 5.74429 success 761630 failure 403632 obj_new 1.00985 SA_pAcc 1.13176 Delta -0.00963513 SA_r 0.29059 freedomratio 0.226605
Iter 4500000 pBad 0.0744 T 5.98721e-08 Obj 1.00909 Rho 0 GRdif 5.3003 success 808878 failure 579752 obj_new 1.00909 SA_pAcc 0.000660583 Delta 0.00611777 SA_r 0.0216091 freedomratio 0.199455
Iter 5000000 pBad 0.0234377 T 1.74693e-08 Obj 1.0088 Rho 0 GRdif 5.13662 success 837931 failure 818599 obj_new 1.0088 SA_pAcc 1 Delta 0.000920095 SA_r 0.107343 freedomratio 0.177899
Iter 5500000 pBad 0.0138394 T 5.09715e-09 Obj 1.00869 Rho 0 GRdif 5.06973 success 855970 failure 1107247 obj_new 1.00869 SA_pAcc 1 Delta 0.000916728 SA_r 0.589173 freedomratio 0.164607
Iter 6000000 pBad 0.0106544 T 1.48723e-09 Obj 1.00864 Rho 0 GRdif 5.05165 success 868084 failure 1430381 obj_new 1.00866 SA_pAcc 0 Delta -0.000401634 SA_r 0.542515 freedomratio 0.155232
Iter 6500000 pBad 0.0089852 T 4.33941e-10 Obj 1.00862 Rho 0 GRdif 5.03119 success 875467 failure 1775619 obj_new 1.00862 SA_pAcc 1 Delta 0.00044384 SA_r 0.819876 freedomratio 0.151031
Iter 7000000 pBad 0.0019524 T 1.26614e-10 Obj 1.00861 Rho 0 GRdif 5.02587 success 881190 failure 2136723 obj_new 1.00861 SA_pAcc 0 Delta -0.000191815 SA_r 0.723449 freedomratio 0.145518
Iter 7500000 pBad 0.00185892 T 3.69431e-11 Obj 1.00861 Rho 0 GRdif 5.02242 success 886506 failure 2511662 obj_new 1.00861 SA_pAcc 1 Delta -0.000105877 SA_r 0.986712 freedomratio 0.14158
Iter 8000000 pBad 0.000444905 T 1.07792e-11 Obj 1.0086 Rho 0 GRdif 5.02057 success 891363 failure 2899719 obj_new 1.0086 SA_pAcc 1.14712e-57 Delta 3.43565e-05 SA_r 0.114491 freedomratio 0.136565
Iter 8500000 pBad 9.5133e-05 T 3.14512e-12 Obj 1.0086 Rho 0 GRdif 5.01924 success 897181 failure 3295747 obj_new 1.0086 SA_pAcc 1 Delta -3.67078e-06 SA_r 0.749026 freedomratio 0.132041
Iter 9000000 pBad 5.7827e-17 T 9.17673e-13 Obj 1.0086 Rho 0 GRdif 5.0182 success 904891 failure 3706030 obj_new 1.0086 SA_pAcc 0 Delta 2.364e-18 SA_r 0.118829 freedomratio 0.125913
Iter 9500000 pBad 7.55673e-52 T 2.67756e-13 Obj 1.0086 Rho 0 GRdif 5.01816 success 905676 failure 4072875 obj_new 1.0086 SA_pAcc 0 Delta 3.14405e-53 SA_r 0.83661 freedomratio 0.125859
Good enough
iter 9.19365e+06 obj1.0086 rho 0 GRdif 5.01816
Training:
Lab Growth Rates:
1.05 0.42 0.09 0.4 0.36 0.42 0.3 0.5 0.5 0.465 0.301 0.59 1.03 0.59 0.762 0.5 0.7 0.53 0.3 0.37 0.65 0.5 0.37 0.377 0.58 1.483 0.22 0.41 0.53 0.53 0.42 0.43 0.22 0.4 0.46 0.55 0.4 0.14 0.59 0.5 0.34 0.4 0.43 0.41 0.5 0.31 0.636 0.33 0.58 0.51 1.46 0.46 0.1 0.27 0.5 0.5 0.48 1.483 0.59 0.47 0.4 0.47 0.4 0.46 0.56 0.36 0.4 0.59 0.4 0.58 0.45 0.47 0.58 0.56 0.465 0.68 0.5 0.4 0.47 0.36 1.345 0.51 0.38 0.27 0.7 0.5 0.52 0.47 0.65 0.54 0.43 0.4 0.47 0.49 0.09 0.5 0.38 0.54 0.45 0.33 0.5 0.54 0.46 0.54 0.4 0.4 0.5 0.637 1.46 0.56 0.25 0.22 0.42 0.56 0.17 0.47 1.46 0.6 0.4 0.54 0.65 0.4 0.54 0.41 0.47 1.248 0.48 0.4 1.345 0.46 0.5 1.483 0.17 0.485 0.55 0.58 0.17 0.46 0.47 0.59 0.55 0.58 1.67 1.345 0.3 0.65 0.5 0.481 0.45 0.3 0.1 0.22 0.1 1.483 0.55 0.3 0.4 0.54 0.58 0.4 0.45 0.4 0.5 0.42 0.45 0.686 0.11 0.4 0.301 0.56 0.46 0.42 0.54 0.2 0.4 0.4 0.45 0.41 0.48 0.54 0.45 0.46 0.41 0.1 0.45 0.4 1.35 0.39 1.483 0.27 0.56 0.53 0.47 0.54 0.65 0.23 1.345 0.58 0.37 0.25 0.42 0.37 0.59 0.27 0.4 0.53 1.43 0.52 0.53 0.4 0.48 0.59 0.22 0.485 0.901 1.67 0.46 0.5 0.1 0.45 1.66 0.27 0.25 0.47 0.19 0.58 0.4 0.54 0.43 0.46 0.1 0.635 0.5 0.52 0.49 0.37 0.37 0.4 1.483 0.37 0.901 0.55 0.4 0.377 0.47 0.43 0.648 0.4 0.58 1.345 0.4 0.46 0.54 0.33 0.33 0.46 0.41 0.54 0.11 0.42 0.46 0.55 0.3 0.724 0.476 0.55 0.4 1.38 0.23 1.248 0.43 0.32 0.47 0.53 0.54 0.53 0.25 0.42 0.5 0.14 0.19 0.58 0.58 0.58 0.42 0.901 0.34 0.42 0.724 0.22 0.901 0.6 0.4 0.42 0.45 0.42 0.54 0.5 0.42 0.4 0.4 0.47 0.55 0.4 0.23 0.5 0.5 0.901 0.54 0.43 0.4 0.4 0.465 0.33 0.36 0.52 0.52 0.47 0.58 0.481 0.54 0.58 0.53 0.45 0.5 0.41 0.49 0.54 0.4 1.05 0.59 0.32 0.2 0.59 0.37 0.11 0.47 0.4 0.52 0.636 0.25 0.54 0.5 0.56 0.23 1.05 0.4 0.53 0.3 0.45 0.37 0.37 0.39 0.33 0.3 0.3 0.635 1.248 0.34 0.36 0.52 0.42 0.617 0.4 0.31 0.26 0.56 0.3 0.58 0.47 0.59 0.5 0.25 0.54 0.762 0.4 0.36 0.3 0.4 0.4 0.38 0.4 0.55 0.47 0.65 0.45 0.54 0.09 0.59 0.52 1.345 0.22 1.483 0.7 0.901 0.56 0.47 0.54 0.46 0.1 0.39 0.23 1.345 0.762 0.53 0.5 0.54 1.4 0.648 1.66 0.53 0.52 0.1 0.55 0.5 0.71 0.724 0.48 0.26 0.65 0.45 1.43 0.68 0.46 0.4 0.58 0.4 0.45 0.68 1.248 0.4 0.686 0.58 0.37 1.345 0.38 0.52 0.23 0.5 1.345 0.36 0.46 0.48 0.56 1.05 0.43 0.56 0.3 0.4 0.46 0.46 0.45 1.248 0.31 0.53 0.635 0.4 0.5 0.42 0.4 0.52 0.45 0.51 0.59 0.4 0.37 1.483 0.25 0.56 0.65 0.5 0.1 0.59 0.5 0.762 0.47 0.54 0.5 0.3 0.54 0.45 0.46 0.33 1.345 0.56 0.4 1.05 0.59 0.485 1.483 0.476 0.4 0.636 0.43 0.59 0.56 0.37 0.47 0.637 0.58 0.6 0.4 1.483 0.33 0.38 0.481 0.54 0.3 0.37 0.54 0.53 0.42 0.55 0.47 1.42 0.71 0.58 0.48 0.23 0.37 0.637 0.27 0.648 0.4 0.42 0.6 1.46 0.7 0.4 0.65 1.483 0.54 0.4 0.39 0.39 0.23 0.55 0.5 0.43 0.25 0.37 0.32 0.56 0.23 0.68 0.22 0.47 0.46 0.686 0.46 0.47 0.36 0.56 0.56 0.45 1.345 0.4 0.43 0.4 0.19 0.36 0.68 0.52 0.4 1.483 0.33 1.44 0.41 0.301 1.49 0.41 0.377 0.2 0.53 0.48 0.48 0.26 1.345 0.43 0.5 0.476 0.39 0.56 0.485 0.71 0.58
Dot Production Prediction of Lab Growth Rates:
1.04999 0.551267 0.356323 0.379367 0.328773 0.303592 0.35595 0.364292 0.414166 0.523723 0.53111 0.378836 1.23134 0.315864 0.814081 0.684037 0.76687 0.435701 0.485302 0.39351 1.29221 0.48584 0.390054 0.524529 0.475124 1.32721 0.473047 0.518086 0.430746 0.530001 0.574358 0.362073 0.472848 0.389166 0.291281 0.490083 0.375479 0.350429 0.557807 0.692359 0.322656 0.382602 0.385078 0.379673 0.472576 0.596808 0.684479 0.348603 0.477994 0.428149 1.04735 0.41365 0.948042 0.338539 0.380263 0.730783 0.26957 1.31429 0.337195 0.40802 0.384091 0.460243 0.387566 0.339841 0.546793 0.363913 0.382578 0.548224 0.38247 0.472133 0.38619 0.332337 0.392531 0.477639 0.529553 0.389422 0.483551 0.367815 0.369419 0.307206 1.34447 0.385057 0.263731 0.388348 0.764821 0.333772 0.432068 0.342808 1.34832 0.537656 0.38135 0.379746 0.362185 0.406367 0.380267 0.537798 0.300925 0.345237 0.435344 0.31491 0.354318 0.311634 0.403035 0.529701 0.395073 0.383466 0.746156 0.672176 1.09665 0.556818 0.345993 0.403937 0.286997 0.553623 0.417478 0.442855 1.03701 0.57538 0.393945 0.323774 1.36731 0.396877 0.29918 0.525319 0.363404 0.879482 0.353644 0.372469 1.34708 0.46453 0.389411 1.31829 0.310731 0.520151 0.546633 0.390629 0.311664 0.525966 0.402085 0.356924 0.554461 0.471044 1.37036 1.3229 0.616192 0.607211 0.480147 0.52318 1.42086 0.59004 0.440984 0.477689 0.341477 1.31449 0.487342 0.576615 0.376055 0.478891 0.343644 0.384176 0.402382 0.371337 0.528709 0.341288 1.50115 0.684288 0.333657 0.384924 0.529855 0.470724 0.37731 0.329472 0.394111 0.321736 0.38622 0.379865 1.44713 0.319206 0.287261 0.464754 0.311509 0.346395 0.525932 0.447175 1.45564 0.397627 1.06122 0.360318 1.33486 0.56275 0.475626 0.5243 0.317341 0.362706 0.668212 0.416157 1.35969 0.449171 0.39581 0.341777 0.342973 0.402202 0.348418 0.370223 0.381898 0.404213 1.12143 0.326542 0.526969 0.358991 0.289316 0.340618 0.473701 0.521972 0.832971 1.5087 0.518079 0.766655 1.82136 0.355587 1.49077 0.371785 0.47824 0.343717 0.292831 0.387419 0.390235 0.383813 0.354975 0.459942 1.80134 0.675297 0.769128 0.344977 0.387025 0.40669 0.429661 0.403519 1.31338 0.411022 0.89996 0.487188 0.383401 0.523809 0.382851 0.392571 0.675045 0.374887 0.472267 1.32981 0.398104 0.451112 0.465758 0.306576 0.329212 0.459746 0.334543 0.333382 0.368338 0.345126 0.472773 0.475795 0.386118 0.680045 0.5297 0.558664 0.385573 1.23835 0.417026 0.870637 0.422883 0.32071 0.348154 0.377424 0.546645 0.536 1.48611 0.411177 0.313758 0.350698 0.30947 0.46827 0.32138 0.361629 0.576577 0.900997 0.326654 0.333003 0.684433 0.480232 0.90151 0.608544 0.375298 0.304792 1.45009 0.306836 0.531263 0.756714 0.334878 0.344446 0.366702 0.326227 0.547075 0.368432 0.556096 0.56097 0.527382 0.901215 0.486768 0.412104 0.377637 0.360339 0.527736 0.305455 0.349925 0.395036 0.37171 0.406777 0.482226 0.525709 0.38512 0.385053 0.548591 0.37526 0.817841 0.408228 0.395365 0.478283 0.286367 1.06367 0.538979 0.315465 0.326001 0.538688 0.394474 0.396277 0.372042 0.382908 0.353781 0.678936 0.315248 0.424138 0.339022 0.528595 0.557148 1.37232 0.382349 0.279045 0.264564 0.365758 0.397876 0.266986 0.347482 0.36757 0.559142 0.319532 0.678029 0.871897 0.316427 0.43263 0.392362 0.295951 0.678556 0.383282 0.570942 0.400346 0.545408 0.269993 0.355255 0.39938 0.542018 0.488896 0.512496 0.345066 0.803001 0.391861 0.361645 0.627265 0.395538 0.383821 0.268412 0.394993 0.555677 0.407155 0.648296 0.410965 0.561152 0.465262 0.337019 0.387669 1.29161 0.362179 1.32979 0.763018 0.902006 0.480514 0.445717 0.484038 0.364715 1.43054 0.344688 0.541967 1.39292 0.812452 0.54763 0.706938 0.552877 1.39999 0.667115 1.48178 0.525954 0.349503 1.59067 0.493045 0.559718 0.67957 0.683346 0.31523 0.57339 0.643547 0.355396 1.12696 0.382016 0.507363 0.373255 0.470901 0.379043 0.335272 0.388529 0.871523 0.400752 0.687478 0.470192 0.399881 1.35692 0.380703 0.35567 0.552062 0.678748 1.38156 0.427945 0.385823 0.340439 0.47099 1.04238 0.395735 0.548936 0.518885 0.401444 0.414039 0.464994 1.49514 0.869203 0.584346 0.336047 0.677272 0.379943 0.461108 0.343104 0.362733 0.342199 0.300804 0.424269 0.362941 0.392186 0.405623 1.32299 0.341429 0.550995 0.656995 0.47176 1.56682 0.550723 0.334806 0.807638 0.339325 0.385894 0.335968 0.55844 0.359925 1.48973 0.343534 0.510465 1.31453 0.546222 0.374964 1.05311 0.325663 0.527594 1.37114 0.532643 0.381327 0.678821 0.334442 0.554681 0.524891 0.408755 0.379258 0.672407 0.288948 0.587154 0.397454 1.28828 0.457608 0.386269 0.525811 0.387277 0.27437 0.521997 0.373311 0.307087 0.343799 0.484966 0.362634 1.51474 0.688543 0.467495 0.294853 0.54323 0.430684 0.672906 0.314102 0.676607 0.370652 0.349434 0.610617 1.42387 0.769849 0.299659 0.649981 1.35477 0.542692 0.368023 0.322037 0.303968 0.413867 0.547988 0.339436 0.359388 0.956187 0.40338 0.35788 0.470643 0.544876 0.385399 0.450596 0.340062 0.299171 0.683496 0.46624 0.38551 0.344118 0.554932 0.548943 0.369519 1.31326 0.378878 0.409614 0.384309 0.296688 0.363097 0.390615 0.349744 0.362796 1.34563 0.499268 1.47052 0.375623 0.532269 1.49514 0.407722 0.523263 0.361024 0.456584 0.34748 0.361378 0.457473 1.31535 0.345262 0.78782 0.528018 0.318804 0.552874 0.530704 0.682048 0.484515
Testing:
Lab Growth Rates:
0.4 0.4 0.4
Dot Production Prediction of Lab Growth Rates:
0.385508 0.384188 0.383577
Best performance so far: 
Obj: 4.65791e-310Rho: 6.5069e-314Diff: 4.65791e-310
Test:
 Lab Growth Rates:
0.4 0.4 0.4Dot Product Prediction of Growth Rate:
0.3855082 0.3841883 0.3835773