seed =  5 traits =  1 
Training: part  39 
Training: part  39 
Round  1 
 Goal of obj  0.99 
Temperature range:  0.00390625 7.8125e-14 
Cycle 1Round 1
Iter 500000 pBad 0.872064 T 0.00113976 Obj 1.07228 Rho 0 GRdif 40.967 success 146724 failure 10199 obj_new 1.07228 SA_pAcc 1.10657 Delta 0.0209816 SA_r 0.477778 freedomratio 0.381169
Iter 1000000 pBad 0.808172 T 0.000332555 Obj 1.04319 Rho 0 GRdif 24.8191 success 290520 failure 25811 obj_new 1.04319 SA_pAcc 0.975541 Delta -0.0171913 SA_r 0.047894 freedomratio 0.370581
Iter 1500000 pBad 0.761156 T 9.70321e-05 Obj 1.0287 Rho 0 GRdif 16.6086 success 432538 failure 46831 obj_new 1.0287 SA_pAcc 1.1096 Delta -0.00962706 SA_r 0.0391319 freedomratio 0.369182
Iter 2000000 pBad 0.622721 T 2.83118e-05 Obj 1.02028 Rho 0 GRdif 11.7881 success 570561 failure 76228 obj_new 1.02028 SA_pAcc 0.710509 Delta 0.00660308 SA_r 0.58675 freedomratio 0.356839
Iter 2500000 pBad 0.558305 T 8.26073e-06 Obj 1.01639 Rho 0 GRdif 9.5447 success 704394 failure 113375 obj_new 1.01639 SA_pAcc 0.898615 Delta 0.0379171 SA_r 0.961082 freedomratio 0.353828
Iter 3000000 pBad 0.378111 T 2.41029e-06 Obj 1.0116 Rho 0 GRdif 6.77028 success 828180 failure 169233 obj_new 1.0116 SA_pAcc 1.24808 Delta 0.0146283 SA_r 0.457439 freedomratio 0.354041
Iter 3500000 pBad 0.210635 T 7.03269e-07 Obj 1.01009 Rho 0 GRdif 5.89202 success 933652 failure 261058 obj_new 1.01009 SA_pAcc 1.9737 Delta -0.0140524 SA_r 0.369982 freedomratio 0.330518
Iter 4000000 pBad 0.104571 T 2.05198e-07 Obj 1.00949 Rho 0 GRdif 5.5462 success 1008475 failure 419264 obj_new 1.00949 SA_pAcc 1 Delta 0.00253851 SA_r 0.645661 freedomratio 0.292622
Iter 4500000 pBad 0.0448364 T 5.98721e-08 Obj 1.0093 Rho 0 GRdif 5.43401 success 1049951 failure 657915 obj_new 1.0093 SA_pAcc 1 Delta 0.00321549 SA_r 0.632034 freedomratio 0.248623
Iter 5000000 pBad 0.0258747 T 1.74693e-08 Obj 1.00922 Rho 0 GRdif 5.38643 success 1074326 failure 948532 obj_new 1.00922 SA_pAcc 0.426473 Delta -0.000248116 SA_r 0.141506 freedomratio 0.226379
Iter 5500000 pBad 0.0153299 T 5.09715e-09 Obj 1.00918 Rho 0 GRdif 5.36217 success 1088604 failure 1275179 obj_new 1.00918 SA_pAcc 2.35054e-08 Delta -0.0014879 SA_r 0.141899 freedomratio 0.21047
Iter 6000000 pBad 0.00671266 T 1.48723e-09 Obj 1.00916 Rho 0 GRdif 5.35672 success 1096043 failure 1626601 obj_new 1.00917 SA_pAcc 0 Delta 0.000467945 SA_r 0.562079 freedomratio 0.205676
Iter 6500000 pBad 0.00171238 T 4.33941e-10 Obj 1.00916 Rho 0 GRdif 5.35106 success 1100177 failure 1989568 obj_new 1.00916 SA_pAcc 1 Delta 9.0645e-05 SA_r 0.644618 freedomratio 0.201926
Iter 7000000 pBad 0.00083835 T 1.26614e-10 Obj 1.00915 Rho 0 GRdif 5.34962 success 1102740 failure 2358535 obj_new 1.00916 SA_pAcc 0 Delta -8.3315e-05 SA_r 0.134178 freedomratio 0.199796
Iter 7500000 pBad 0.00106454 T 3.69431e-11 Obj 1.00915 Rho 0 GRdif 5.34794 success 1104344 failure 2732297 obj_new 1.00915 SA_pAcc 1 Delta 4.69808e-05 SA_r 0.825459 freedomratio 0.197843
Iter 8000000 pBad 0.000690781 T 1.07792e-11 Obj 1.00915 Rho 0 GRdif 5.34718 success 1105454 failure 3109276 obj_new 1.00915 SA_pAcc 2.12678e-174 Delta -5.62292e-05 SA_r 0.395145 freedomratio 0.197178
Iter 8500000 pBad 0.000135662 T 3.14512e-12 Obj 1.00915 Rho 0 GRdif 5.3589 success 1106905 failure 3486235 obj_new 1.00917 SA_pAcc 0 Delta 1.00881e-05 SA_r 0.936177 freedomratio 0.196452
Iter 9000000 pBad 0.000312283 T 9.17673e-13 Obj 1.00915 Rho 0 GRdif 5.34732 success 1112817 failure 3853799 obj_new 1.00915 SA_pAcc 0 Delta 1.71248e-05 SA_r 0.465711 freedomratio 0.195667
Iter 9500000 pBad 0.000230438 T 2.67756e-13 Obj 1.00915 Rho 0 GRdif 5.35351 success 1115052 failure 4230610 obj_new 1.00916 SA_pAcc 0 Delta 4.00316e-06 SA_r 0.142566 freedomratio 0.192333
Iter 10000000 pBad 1.78405e-13 T 7.81252e-14 Obj 1.00915 Rho 0 GRdif 5.34564 success 1119205 failure 4578610 obj_new 1.00915 SA_pAcc 1 Delta -6.83945e-15 SA_r 0.087885 freedomratio 0.181846
Cannot move further
iter 9.96979e+06 obj1.00915 rho 0 GRdif 5.34564
Training:
Lab Growth Rates:
0.47 0.1 0.301 0.53 0.71 0.37 0.5 0.47 0.22 0.6 0.635 0.47 0.39 0.53 0.56 0.5 0.5 0.37 0.4 0.724 0.3 0.55 0.42 0.2 1.345 0.901 0.53 0.686 0.59 0.54 0.3 0.5 0.5 0.7 0.47 1.483 0.53 0.37 0.58 0.5 0.54 0.43 0.65 0.46 0.52 1.248 0.4 0.52 0.42 0.4 0.54 0.52 0.36 0.22 0.46 0.42 0.47 1.05 0.58 0.4 0.32 1.483 0.648 0.54 0.52 0.1 0.25 1.483 0.55 0.52 0.59 1.67 0.33 0.1 0.5 0.485 0.17 0.4 0.46 0.19 0.54 0.1 0.22 0.4 1.43 1.42 0.42 0.48 0.4 0.1 0.59 0.59 0.56 0.53 0.23 0.23 0.46 0.4 0.56 0.5 0.25 0.46 0.48 0.54 0.4 1.483 0.686 0.11 0.26 0.65 0.42 0.49 0.42 0.47 0.36 0.48 0.47 1.345 0.54 0.4 0.27 0.465 0.762 0.3 0.4 0.5 1.44 0.55 0.46 0.54 0.4 0.4 0.45 0.39 0.901 0.43 0.3 0.1 0.48 1.483 0.481 0.48 0.54 0.51 0.59 0.45 0.43 0.34 0.4 0.47 0.47 0.485 0.46 0.4 0.42 1.345 0.648 0.52 0.37 0.26 0.38 0.52 0.5 0.25 0.43 0.45 0.53 0.46 0.3 0.54 0.56 0.637 0.45 0.4 0.42 0.45 0.39 0.37 0.37 0.4 0.4 0.4 0.53 0.56 0.4 0.481 1.03 0.23 0.56 0.48 0.39 0.54 0.4 0.4 0.32 0.47 0.25 0.54 0.68 0.58 0.3 0.4 0.42 1.248 1.483 0.4 1.46 0.58 0.25 0.46 0.3 0.53 1.35 1.66 0.4 0.37 0.46 0.41 0.55 1.248 0.54 0.4 0.476 0.56 0.25 1.345 0.23 0.65 0.34 0.4 1.345 0.46 0.47 0.5 0.4 0.5 0.49 0.4 0.54 0.58 0.47 0.55 0.31 0.5 0.43 0.47 0.53 0.636 0.17 0.5 0.23 0.5 0.4 0.36 0.762 0.36 0.59 0.45 0.4 0.4 1.05 0.4 0.4 0.46 0.53 0.5 0.56 0.36 0.4 1.67 0.637 0.38 0.37 0.33 0.59 0.54 1.46 0.68 0.26 0.5 0.5 0.46 0.45 0.38 0.54 0.41 0.42 0.47 0.46 0.37 0.301 0.6 0.59 0.4 0.41 0.54 0.37 0.55 0.52 0.54 0.485 0.19 0.41 0.59 0.38 1.248 0.635 0.1 0.51 0.5 0.4 0.53 0.43 0.45 0.47 1.483 0.724 0.54 0.901 0.5 0.58 0.4 0.59 0.22 0.4 0.4 1.05 0.42 0.4 0.56 1.38 0.27 0.56 0.53 0.45 0.39 1.345 0.33 0.47 0.476 0.5 0.5 0.25 1.05 0.58 0.58 0.3 0.5 0.377 0.09 1.66 0.37 0.4 0.5 0.68 0.4 0.4 0.65 0.3 0.47 0.4 0.46 0.34 0.68 1.4 0.42 0.485 0.65 0.45 0.617 0.901 0.648 0.56 0.45 0.46 0.42 0.27 0.7 0.23 1.345 0.3 0.43 0.37 0.47 0.4 0.52 0.4 0.59 1.483 0.33 0.65 0.27 0.19 0.5 0.52 0.54 0.42 0.55 0.686 0.45 0.635 0.4 0.59 0.33 0.5 0.11 0.41 0.59 0.762 0.52 0.56 0.52 0.5 0.42 0.09 0.31 0.58 0.54 0.4 0.7 0.4 0.55 0.4 0.58 0.1 0.47 0.377 0.46 0.58 0.4 0.55 0.58 0.6 0.51 0.68 0.56 0.47 0.3 0.3 0.54 0.1 0.43 0.41 0.48 0.38 0.37 0.27 0.56 0.65 0.58 0.45 0.5 0.637 0.5 0.55 0.41 0.71 0.4 0.46 0.4 0.54 0.3 0.37 0.23 0.23 0.4 0.4 0.55 1.345 1.345 0.45 0.54 0.56 0.45 0.09 0.636 0.36 0.58 0.56 0.6 0.33 0.71 0.27 0.56 0.5 0.23 1.483 0.54 0.724 0.55 0.48 0.42 0.465 1.49 0.39 0.4 0.36 1.46 0.58 0.4 0.58 0.54 0.59 0.58 0.45 0.46 0.33 1.345 0.41 0.5 0.33 0.45 0.58 0.37 0.7 0.481 0.2 0.47 1.248 0.32 0.41 0.17 0.54 0.43 0.47 0.59 0.42 0.5 1.483 0.58 0.36 1.483 1.46 1.05 0.5 1.345 0.45 0.636 0.11 0.53 0.43 0.33 0.58 0.43 0.53 0.3 0.43 0.65 1.43 0.762 0.4 0.301 0.25 0.42 0.4 0.22 0.476 0.46 0.2 0.31 0.901 0.47 0.46 0.56 0.36 0.65 0.53 0.47 0.4 0.22 0.45 0.22 0.465 0.49 0.5 0.54 1.345 0.22 0.59 0.4 1.483 0.48 0.377 0.58 0.901 0.37 0.4
Dot Production Prediction of Lab Growth Rates:
0.426553 2.11928 0.484566 0.339016 0.68585 0.422618 0.389504 0.328951 0.331181 0.512287 0.682577 0.382258 0.327429 0.549901 0.55083 0.483682 0.319254 0.409486 0.401069 0.693749 0.404636 0.457912 0.337982 0.380946 1.17714 1.09955 0.532631 0.696718 0.556473 0.365109 0.552416 0.346117 0.48188 0.699745 0.340454 1.12858 0.281278 0.425644 0.464957 0.547032 0.462422 0.392265 0.660781 0.29619 0.371735 0.917059 0.41039 0.358073 0.295162 0.408676 0.311266 0.319564 0.390389 0.416101 0.361563 0.315739 0.326386 1.05 0.479093 0.401501 0.29573 1.12045 0.67624 0.368172 0.382461 2.08612 0.344891 1.09916 0.565066 0.343946 0.552029 1.61229 0.344267 0.440862 0.630208 0.486128 0.292628 0.409052 0.519976 0.310473 0.316119 0.817183 0.46696 0.408947 1.34925 1.50453 0.582518 0.293033 0.409349 2.6878 0.325567 0.335075 0.477289 0.39893 0.538925 0.541413 0.415309 0.401411 0.551556 0.484393 0.34271 0.33355 0.279364 0.451341 0.397489 1.12001 0.693013 0.328592 0.433674 0.637571 0.333208 0.373483 0.303256 0.369457 0.315302 0.322882 0.451052 1.15135 0.352425 0.302644 0.335629 0.48446 0.762221 0.489264 0.409574 0.351408 1.52983 0.550048 0.379178 0.352219 0.398123 0.405808 0.376367 0.296778 1.09245 0.402972 0.324097 0.352184 0.305518 1.09121 0.479799 0.307291 0.538418 0.394552 0.318784 0.311719 0.342674 0.309968 0.396717 0.316276 0.31413 0.470558 0.454172 0.410842 0.373261 1.16804 0.679818 0.353874 0.447884 0.551521 0.299742 0.346329 0.480662 0.290102 0.39081 1.42976 0.52687 0.45774 0.297056 0.338595 0.536465 0.674894 0.329584 0.399613 0.358297 1.43504 0.33159 0.294494 0.537588 0.403392 0.399454 0.309801 0.52532 0.535357 0.393942 0.477395 1.35309 0.450175 0.542953 0.26916 0.294588 0.543498 0.405137 0.405831 0.315518 0.376965 0.346919 0.292725 0.682436 0.478971 0.303505 0.394776 0.326593 0.921433 1.08072 0.402521 1.00514 0.472955 1.47024 0.401075 0.496486 0.320641 1.24784 1.66 0.400027 0.428066 0.460048 0.472056 0.451299 0.914533 0.347928 0.405102 0.488436 0.481459 0.474585 1.15332 0.529482 0.650592 0.307198 0.405591 1.13531 0.49113 0.306467 0.54174 0.410809 0.296288 0.354918 0.407401 0.282975 0.477656 0.341412 0.5512 0.532388 0.30012 0.392508 0.363649 0.509401 0.673327 0.281018 0.679207 0.529423 0.305589 0.408126 0.304812 0.764758 0.319296 0.551958 1.44232 0.399568 0.406897 1.04977 0.412153 0.409858 0.407276 0.525136 0.530466 0.531859 0.341608 0.409113 1.50179 0.674789 0.336235 0.370008 0.461762 0.553819 0.529157 1.59561 0.679992 0.365395 0.403607 0.626599 0.313592 1.44595 0.289561 0.560748 0.485753 0.571268 0.329181 0.336232 0.371221 0.487156 0.537139 0.313631 0.40693 0.311389 0.465156 0.388989 0.458225 0.346501 0.358257 0.484478 0.328098 0.347742 0.551123 0.337814 0.911123 0.681342 2.35324 0.366136 0.608649 0.406969 0.373923 0.348218 0.381621 0.348636 1.14083 0.687267 0.538594 0.835275 0.29407 0.472765 0.398033 0.554397 0.472091 0.402831 0.405939 1.61823 0.33253 0.393865 0.526972 1.29955 0.599059 0.475996 0.314762 0.316895 0.288326 1.09197 0.297204 0.386016 0.490673 0.597144 0.473602 0.79397 0.987968 0.344918 0.475564 0.460413 0.339809 0.48793 0.309616 1.66 0.430171 0.406652 0.70987 0.673847 0.411055 0.409298 0.632547 0.522483 0.458977 0.412413 0.536399 0.286362 0.677252 1.63229 0.590363 0.474514 0.649952 0.334618 1.1604 1.09643 0.680444 0.475308 0.348243 0.420841 0.315515 0.271707 0.697012 0.450869 1.11595 0.39291 0.430914 0.434369 0.417237 0.396043 0.360697 0.400535 0.327628 1.11378 0.297566 0.649912 0.346869 0.313574 0.662827 0.35597 0.35316 0.328072 0.56286 0.697728 0.341172 0.683246 0.3994 0.30168 0.32722 0.660409 0.347539 0.315017 0.29638 0.75897 0.389008 0.541378 0.328933 0.333012 0.324177 0.40589 0.519775 0.321538 0.541877 0.401209 0.71112 0.411113 0.454687 0.405512 0.476161 1.42326 0.434533 0.483067 0.308165 0.476667 0.401897 0.450636 0.477595 0.521232 0.396342 0.68095 0.533175 0.337902 0.497627 0.546826 0.462146 0.427382 0.338863 0.384718 0.288196 0.296243 0.443322 0.322763 0.550963 0.668163 0.327862 0.336389 0.469962 0.672794 0.612528 0.559264 0.360025 0.699483 0.396765 0.471903 0.401919 0.458915 0.358786 0.445374 0.452009 0.539025 0.398345 0.396211 0.549147 1.14554 1.17804 0.385075 0.456996 0.475911 1.50739 0.339651 0.689587 0.358656 0.292786 0.550526 0.524802 0.338334 0.686409 0.355452 0.543996 0.682401 0.537743 1.13267 0.544912 0.691793 0.437426 0.32725 0.317856 0.490363 1.5073 0.310478 0.415011 0.322454 0.966252 0.475036 0.413384 0.354617 0.37398 0.310349 0.482769 0.368774 0.471472 0.30584 1.10288 0.486982 0.543376 0.430159 0.305725 0.349332 0.37403 0.702189 0.47888 0.37089 0.360116 0.911923 0.299876 0.327823 0.392038 0.36062 0.377616 0.36481 0.314758 0.311946 0.308835 1.12322 0.344526 0.310646 1.08447 0.9995 1.05034 0.689038 1.14938 1.48828 0.687905 0.300439 0.520749 0.318975 0.49793 0.330745 0.350658 0.461354 0.300185 0.331711 0.666909 1.3602 0.761109 0.408705 0.489716 0.535135 0.30142 0.407164 0.35277 0.493622 0.275957 0.373466 0.523822 1.08582 0.373823 0.466458 0.47189 0.396546 0.623299 0.394667 0.339052 0.409819 0.475055 1.5073 0.478065 0.491222 0.366066 0.52488 0.376782 1.11624 0.474117 0.550831 0.409281 1.1156 0.325588 0.487877 0.271367 1.17075 0.440088 0.36659
Testing:
Lab Growth Rates:
0.14 0.14
Dot Production Prediction of Lab Growth Rates:
0.961375 0.963742
Best performance so far: 
Obj: 4.65286e-310Rho: 2.26291e-314Diff: 4.65286e-310
Anneal again with the best G and E so far as input
Cycle 2Round 1
Iter 500000 pBad 0.83628 T 0.00113976 Obj 1.05806 Rho 0 GRdif 33.1265 success 111538 failure 10394 obj_new 1.05806 SA_pAcc 1 Delta -0.00642547 SA_r 0.854036 freedomratio 0.271257
Iter 1000000 pBad 0.760171 T 0.000332555 Obj 1.03809 Rho 0 GRdif 21.9408 success 221030 failure 26947 obj_new 1.03809 SA_pAcc 0.987852 Delta -0.0473576 SA_r 0.713844 freedomratio 0.269266
Iter 1500000 pBad 0.717452 T 9.70321e-05 Obj 1.03042 Rho 0 GRdif 17.5881 success 328824 failure 47609 obj_new 1.03042 SA_pAcc 0.625527 Delta -0.0699722 SA_r 0.00182091 freedomratio 0.270632
Iter 2000000 pBad 0.582314 T 2.83118e-05 Obj 1.02201 Rho 0 GRdif 12.7791 success 432090 failure 78569 obj_new 1.02201 SA_pAcc 0.878258 Delta -0.019127 SA_r 0.0553721 freedomratio 0.258704
Iter 2500000 pBad 0.47836 T 8.26073e-06 Obj 1.01882 Rho 0 GRdif 10.9438 success 531505 failure 119696 obj_new 1.01882 SA_pAcc 1 Delta -0.0365957 SA_r 0.497689 freedomratio 0.26031
Iter 3000000 pBad 0.315765 T 2.41029e-06 Obj 1.01277 Rho 0 GRdif 7.44776 success 628135 failure 168120 obj_new 1.01277 SA_pAcc 1.0231 Delta 0.00282528 SA_r 0.875834 freedomratio 0.248203
Iter 3500000 pBad 0.263315 T 7.03269e-07 Obj 1.0105 Rho 0 GRdif 6.13172 success 711471 failure 244603 obj_new 1.0105 SA_pAcc 1 Delta 0.0063765 SA_r 0.678975 freedomratio 0.24894
Iter 4000000 pBad 0.119702 T 2.05198e-07 Obj 1.00918 Rho 0 GRdif 5.36289 success 783507 failure 350819 obj_new 1.00918 SA_pAcc 0.0890656 Delta -0.0117411 SA_r 0.865522 freedomratio 0.231467
Iter 4500000 pBad 0.0400348 T 5.98721e-08 Obj 1.0086 Rho 0 GRdif 5.02569 success 828800 failure 528651 obj_new 1.0086 SA_pAcc 8.99251e-09 Delta -0.0026947 SA_r 0.683286 freedomratio 0.195536
Iter 5000000 pBad 0.027868 T 1.74693e-08 Obj 1.00842 Rho 0 GRdif 4.91933 success 857143 failure 764848 obj_new 1.00842 SA_pAcc 1 Delta 0.00181269 SA_r 0.892307 freedomratio 0.181061
Iter 5500000 pBad 0.0123218 T 5.09715e-09 Obj 1.00834 Rho 0 GRdif 4.87538 success 873497 failure 1047985 obj_new 1.00834 SA_pAcc 7.15318e-20 Delta 0.000895908 SA_r 0.22643 freedomratio 0.169359
Iter 6000000 pBad 0.0112326 T 1.48723e-09 Obj 1.0083 Rho 0 GRdif 4.90142 success 884936 failure 1359093 obj_new 1.00838 SA_pAcc 0 Delta 0.000312001 SA_r 0.815924 freedomratio 0.160295
Iter 6500000 pBad 0.00377124 T 4.33941e-10 Obj 1.00828 Rho 0 GRdif 4.84859 success 893074 failure 1693562 obj_new 1.00829 SA_pAcc 0 Delta 0.000172026 SA_r 0.429326 freedomratio 0.154068
Iter 7000000 pBad 0.00372443 T 1.26614e-10 Obj 1.00828 Rho 0 GRdif 4.83793 success 899711 failure 2040398 obj_new 1.00828 SA_pAcc 1.28968e-27 Delta -0.000318146 SA_r 0.0711692 freedomratio 0.151055
Iter 7500000 pBad 0.00224713 T 3.69431e-11 Obj 1.00827 Rho 0 GRdif 4.83737 success 904549 failure 2398729 obj_new 1.00827 SA_pAcc 0 Delta -2.73659e-05 SA_r 0.862024 freedomratio 0.147822
Iter 8000000 pBad 0.000815582 T 1.07792e-11 Obj 1.00827 Rho 0 GRdif 5.04272 success 909795 failure 2766416 obj_new 1.00863 SA_pAcc 0 Delta 1.04061e-05 SA_r 0.822027 freedomratio 0.144049
Iter 8500000 pBad 0.000442201 T 3.14512e-12 Obj 1.00827 Rho 0 GRdif 4.83231 success 915293 failure 3141837 obj_new 1.00827 SA_pAcc 0 Delta 2.6022e-05 SA_r 0.321639 freedomratio 0.142028
Iter 9000000 pBad 0.000390525 T 9.17673e-13 Obj 1.00826 Rho 0 GRdif 4.84878 success 920973 failure 3523028 obj_new 1.00829 SA_pAcc 0 Delta 1.90519e-05 SA_r 0.13612 freedomratio 0.139232
Iter 9500000 pBad 1.28915e-71 T 2.67756e-13 Obj 1.00826 Rho 0 GRdif 4.83134 success 924053 failure 3889962 obj_new 1.00826 SA_pAcc 1 Delta 4.2779e-73 SA_r 0.920213 freedomratio 0.130098
Good enough
iter 9.23334e+06 obj1.00826 rho 0 GRdif 4.83134
Training:
Lab Growth Rates:
0.47 0.1 0.301 0.53 0.71 0.37 0.5 0.47 0.22 0.6 0.635 0.47 0.39 0.53 0.56 0.5 0.5 0.37 0.4 0.724 0.3 0.55 0.42 0.2 1.345 0.901 0.53 0.686 0.59 0.54 0.3 0.5 0.5 0.7 0.47 1.483 0.53 0.37 0.58 0.5 0.54 0.43 0.65 0.46 0.52 1.248 0.4 0.52 0.42 0.4 0.54 0.52 0.36 0.22 0.46 0.42 0.47 1.05 0.58 0.4 0.32 1.483 0.648 0.54 0.52 0.1 0.25 1.483 0.55 0.52 0.59 1.67 0.33 0.1 0.5 0.485 0.17 0.4 0.46 0.19 0.54 0.1 0.22 0.4 1.43 1.42 0.42 0.48 0.4 0.1 0.59 0.59 0.56 0.53 0.23 0.23 0.46 0.4 0.56 0.5 0.25 0.46 0.48 0.54 0.4 1.483 0.686 0.11 0.26 0.65 0.42 0.49 0.42 0.47 0.36 0.48 0.47 1.345 0.54 0.4 0.27 0.465 0.762 0.3 0.4 0.5 1.44 0.55 0.46 0.54 0.4 0.4 0.45 0.39 0.901 0.43 0.3 0.1 0.48 1.483 0.481 0.48 0.54 0.51 0.59 0.45 0.43 0.34 0.4 0.47 0.47 0.485 0.46 0.4 0.42 1.345 0.648 0.52 0.37 0.26 0.38 0.52 0.5 0.25 0.43 0.45 0.53 0.46 0.3 0.54 0.56 0.637 0.45 0.4 0.42 0.45 0.39 0.37 0.37 0.4 0.4 0.4 0.53 0.56 0.4 0.481 1.03 0.23 0.56 0.48 0.39 0.54 0.4 0.4 0.32 0.47 0.25 0.54 0.68 0.58 0.3 0.4 0.42 1.248 1.483 0.4 1.46 0.58 0.25 0.46 0.3 0.53 1.35 1.66 0.4 0.37 0.46 0.41 0.55 1.248 0.54 0.4 0.476 0.56 0.25 1.345 0.23 0.65 0.34 0.4 1.345 0.46 0.47 0.5 0.4 0.5 0.49 0.4 0.54 0.58 0.47 0.55 0.31 0.5 0.43 0.47 0.53 0.636 0.17 0.5 0.23 0.5 0.4 0.36 0.762 0.36 0.59 0.45 0.4 0.4 1.05 0.4 0.4 0.46 0.53 0.5 0.56 0.36 0.4 1.67 0.637 0.38 0.37 0.33 0.59 0.54 1.46 0.68 0.26 0.5 0.5 0.46 0.45 0.38 0.54 0.41 0.42 0.47 0.46 0.37 0.301 0.6 0.59 0.4 0.41 0.54 0.37 0.55 0.52 0.54 0.485 0.19 0.41 0.59 0.38 1.248 0.635 0.1 0.51 0.5 0.4 0.53 0.43 0.45 0.47 1.483 0.724 0.54 0.901 0.5 0.58 0.4 0.59 0.22 0.4 0.4 1.05 0.42 0.4 0.56 1.38 0.27 0.56 0.53 0.45 0.39 1.345 0.33 0.47 0.476 0.5 0.5 0.25 1.05 0.58 0.58 0.3 0.5 0.377 0.09 1.66 0.37 0.4 0.5 0.68 0.4 0.4 0.65 0.3 0.47 0.4 0.46 0.34 0.68 1.4 0.42 0.485 0.65 0.45 0.617 0.901 0.648 0.56 0.45 0.46 0.42 0.27 0.7 0.23 1.345 0.3 0.43 0.37 0.47 0.4 0.52 0.4 0.59 1.483 0.33 0.65 0.27 0.19 0.5 0.52 0.54 0.42 0.55 0.686 0.45 0.635 0.4 0.59 0.33 0.5 0.11 0.41 0.59 0.762 0.52 0.56 0.52 0.5 0.42 0.09 0.31 0.58 0.54 0.4 0.7 0.4 0.55 0.4 0.58 0.1 0.47 0.377 0.46 0.58 0.4 0.55 0.58 0.6 0.51 0.68 0.56 0.47 0.3 0.3 0.54 0.1 0.43 0.41 0.48 0.38 0.37 0.27 0.56 0.65 0.58 0.45 0.5 0.637 0.5 0.55 0.41 0.71 0.4 0.46 0.4 0.54 0.3 0.37 0.23 0.23 0.4 0.4 0.55 1.345 1.345 0.45 0.54 0.56 0.45 0.09 0.636 0.36 0.58 0.56 0.6 0.33 0.71 0.27 0.56 0.5 0.23 1.483 0.54 0.724 0.55 0.48 0.42 0.465 1.49 0.39 0.4 0.36 1.46 0.58 0.4 0.58 0.54 0.59 0.58 0.45 0.46 0.33 1.345 0.41 0.5 0.33 0.45 0.58 0.37 0.7 0.481 0.2 0.47 1.248 0.32 0.41 0.17 0.54 0.43 0.47 0.59 0.42 0.5 1.483 0.58 0.36 1.483 1.46 1.05 0.5 1.345 0.45 0.636 0.11 0.53 0.43 0.33 0.58 0.43 0.53 0.3 0.43 0.65 1.43 0.762 0.4 0.301 0.25 0.42 0.4 0.22 0.476 0.46 0.2 0.31 0.901 0.47 0.46 0.56 0.36 0.65 0.53 0.47 0.4 0.22 0.45 0.22 0.465 0.49 0.5 0.54 1.345 0.22 0.59 0.4 1.483 0.48 0.377 0.58 0.901 0.37 0.4
Dot Production Prediction of Lab Growth Rates:
0.385812 1.75285 0.669407 0.353336 0.699689 0.406521 0.389927 0.293697 0.300606 0.576727 0.698035 0.33379 0.311654 0.543184 0.559015 0.481093 0.315363 0.394914 0.3981 0.706751 0.469586 0.47253 0.343945 0.34948 1.35946 0.905812 0.529999 0.705488 0.54454 0.323915 0.618754 0.317855 0.481203 0.78918 0.33495 1.3359 0.260135 0.411305 0.450649 0.54393 0.481863 0.37036 0.654277 0.269152 0.3853 0.833017 0.387384 0.34786 0.26032 0.388076 0.307873 0.298878 0.40599 0.42238 0.357377 0.309272 0.307786 1.0445 0.471716 0.402854 0.282892 1.32604 0.688319 0.355295 0.331549 1.78955 0.334766 1.32045 0.553279 0.33266 0.546487 1.37923 0.337336 0.430496 0.801492 0.65947 0.243894 0.388319 0.498476 0.24565 0.302455 1.01368 0.473185 0.388276 1.19372 1.49753 0.546442 0.284446 0.387779 2.12754 0.332125 0.336834 0.482626 0.41156 0.546133 0.547257 0.416174 0.379078 0.557581 0.490107 0.345863 0.303496 0.251792 0.47775 0.377852 1.36217 0.708682 0.313202 0.41477 0.62488 0.338113 0.377236 0.256122 0.387313 0.280783 0.326898 0.434904 1.3444 0.363442 0.258432 0.3336 0.658422 0.766541 0.565963 0.386102 0.358182 1.48339 0.552294 0.34249 0.367063 0.396088 0.407152 0.385469 0.270825 0.901018 0.388394 0.297286 0.292214 0.264177 1.3201 0.651891 0.312831 0.542039 0.387426 0.279676 0.3168 0.33761 0.295657 0.395627 0.297269 0.288731 0.649922 0.44941 0.388808 0.387868 1.38389 0.693507 0.344303 0.416931 0.521335 0.256977 0.359628 0.479424 0.266663 0.367443 1.41412 0.532496 0.460009 0.284723 0.356957 0.535511 0.698451 0.299649 0.381349 0.323334 1.44045 0.320219 0.265651 0.48675 0.382545 0.380804 0.274811 0.526321 0.535071 0.374857 0.652536 1.24128 0.42269 0.544164 0.234709 0.264846 0.539798 0.38478 0.383693 0.320031 0.328981 0.335692 0.275053 0.471722 0.470757 0.286167 0.393979 0.318711 0.838087 1.30133 0.398652 1.05417 0.47333 1.47549 0.375488 0.571124 0.286612 1.12357 1.48754 0.396523 0.411431 0.458931 0.653679 0.48317 0.83171 0.321826 0.382358 0.661165 0.479033 0.407288 1.33097 0.534836 0.688466 0.297029 0.404645 1.3441 0.4956 0.269651 0.557376 0.387464 0.295401 0.35818 0.3857 0.250599 0.48107 0.354319 0.549191 0.518645 0.294025 0.381709 0.388607 0.47031 0.703817 0.201335 0.797693 0.539369 0.305887 0.384621 0.306491 0.769922 0.301369 0.542919 1.42553 0.379838 0.386831 1.06033 0.387491 0.38776 0.391704 0.528758 0.534723 0.535755 0.335705 0.385502 1.48842 0.694567 0.35578 0.360438 0.471276 0.543677 0.543975 1.39486 0.472281 0.382822 0.418045 0.737782 0.292332 1.44955 0.270545 0.550527 0.66141 0.540986 0.331577 0.301653 0.37756 0.672641 0.609451 0.304016 0.384109 0.298837 0.48567 0.388433 0.480542 0.313394 0.316071 0.658232 0.258679 0.362925 0.547714 0.3546 0.83071 0.698197 2.02216 0.35306 0.779739 0.384416 0.360016 0.303896 0.363204 0.3442 1.36014 0.705626 0.538667 0.759584 0.285419 0.477702 0.395308 0.545666 0.475341 0.380474 0.384112 1.35811 0.306764 0.373824 0.535776 1.23246 0.51301 0.475863 0.295175 0.31908 0.272407 1.3445 0.292205 0.371369 0.663507 0.738346 0.473841 1.05538 1.05002 0.358043 0.484965 0.520008 0.340933 0.659657 0.310303 1.5024 0.413137 0.384638 0.832486 0.468194 0.387837 0.387112 0.636377 0.593419 0.434737 0.388586 0.50984 0.265505 0.466407 1.40004 0.571759 0.650763 0.675355 0.308112 0.783564 0.909762 0.695433 0.4765 0.353424 0.385516 0.298273 0.257694 0.788205 0.421839 1.33721 0.381924 0.418546 0.41247 0.377012 0.379233 0.336766 0.384044 0.311487 1.33166 0.268066 0.649482 0.319359 0.251987 0.779218 0.302028 0.345194 0.313877 0.560854 0.710267 0.329033 0.701537 0.403053 0.300178 0.283375 0.759707 0.344674 0.282969 0.28926 0.759981 0.311026 0.538919 0.312273 0.3339 0.313416 0.414664 0.518546 0.329133 0.535604 0.380007 0.800522 0.388335 0.467937 0.402525 0.486628 1.40973 0.415604 0.662154 0.29129 0.485889 0.396947 0.468666 0.471539 0.600292 0.387758 0.472763 0.540289 0.293426 0.549502 0.629896 0.476292 0.413581 0.338415 0.385651 0.263939 0.271969 0.416346 0.33076 0.543416 0.65002 0.304264 0.334042 0.474344 0.692936 0.708062 0.551475 0.337932 0.709235 0.400551 0.468795 0.382593 0.473595 0.346303 0.414201 0.421652 0.540143 0.378453 0.397936 0.548935 1.3527 1.36813 0.378592 0.480394 0.481039 1.49358 0.35271 0.708186 0.360044 0.286368 0.540955 0.591432 0.320744 0.705533 0.361899 0.551496 0.766359 0.544095 1.34076 0.559623 0.707537 0.465651 0.310998 0.271875 0.658436 1.49006 0.301456 0.390657 0.331187 1.04457 0.474734 0.388174 0.348592 0.342013 0.301695 0.469714 0.33131 0.466228 0.282934 1.33938 0.660802 0.541368 0.42969 0.282961 0.36618 0.383044 0.785287 0.654195 0.339073 0.30969 0.830502 0.296597 0.316243 0.367917 0.354783 0.363259 0.340822 0.296789 0.278612 0.289343 1.31874 0.37307 0.320323 1.33531 1.03114 1.059 0.801876 1.36375 1.46758 0.703614 0.296219 0.524355 0.311722 0.474439 0.312113 0.310129 0.430287 0.279596 0.311331 0.66241 1.20443 0.766564 0.384053 0.670603 0.463805 0.270079 0.386917 0.356313 0.666714 0.262467 0.335485 0.536335 0.900761 0.352703 0.47573 0.476425 0.40339 0.64318 0.409512 0.344029 0.389546 0.474145 1.49006 0.474002 0.662946 0.372038 0.531602 0.339598 1.34893 0.474883 0.544566 0.382924 1.32474 0.32704 0.66126 0.250462 0.9981 0.417515 0.319282
Testing:
Lab Growth Rates:
0.14 0.14
Dot Production Prediction of Lab Growth Rates:
0.655293 0.666943
Best performance so far: 
Obj: 4.65286e-310Rho: 6.5069e-314Diff: 4.65286e-310
Test:
 Lab Growth Rates:
0.14 0.14Dot Product Prediction of Growth Rate:
0.6552933 0.6669431