seed =  5 traits =  1 
Training: part  80 
Training: part  80 
Round  1 
 Goal of obj  0.99 
Temperature range:  0.015625 5e-14 
Cycle 1Round 1
Iter 500000 pBad 0.945792 T 0.00415986 Obj 1.19539 Rho 0 GRdif 104.406 success 99171 failure 946 obj_new 1.19539 SA_pAcc 1 Delta -0.0216005 SA_r 0.837735 freedomratio 0.371193
Iter 1000000 pBad 0.826599 T 0.00110748 Obj 1.07697 Rho 0 GRdif 43.3805 success 245008 failure 11710 obj_new 1.07697 SA_pAcc 1.1267 Delta 0.0666506 SA_r 0.325834 freedomratio 0.371901
Iter 1500000 pBad 0.76946 T 0.000294845 Obj 1.03667 Rho 0 GRdif 21.0673 success 387165 failure 32269 obj_new 1.03667 SA_pAcc 1 Delta 0.056274 SA_r 0.034556 freedomratio 0.357579
Iter 2000000 pBad 0.690811 T 7.84967e-05 Obj 1.02602 Rho 0 GRdif 15.0284 success 525876 failure 60654 obj_new 1.02602 SA_pAcc 1 Delta 0.0271386 SA_r 0.97964 freedomratio 0.366541
Iter 2500000 pBad 0.53808 T 2.08982e-05 Obj 1.01926 Rho 0 GRdif 11.1573 success 660703 failure 97275 obj_new 1.01926 SA_pAcc 1 Delta 0.0394301 SA_r 0.634806 freedomratio 0.364941
Iter 3000000 pBad 0.448541 T 5.56373e-06 Obj 1.01427 Rho 0 GRdif 8.28993 success 790142 failure 141907 obj_new 1.01427 SA_pAcc 1 Delta -0.0145964 SA_r 0.00789857 freedomratio 0.361334
Iter 3500000 pBad 0.300683 T 1.48123e-06 Obj 1.01046 Rho 0 GRdif 6.0853 success 903397 failure 219464 obj_new 1.01046 SA_pAcc 1 Delta -0.0271559 SA_r 0.0599538 freedomratio 0.335244
Iter 4000000 pBad 0.175556 T 3.94349e-07 Obj 1.00903 Rho 0 GRdif 5.2605 success 996964 failure 337076 obj_new 1.00903 SA_pAcc 0.11814 Delta 0.0115127 SA_r 0.468782 freedomratio 0.314178
Iter 4500000 pBad 0.086058 T 1.04988e-07 Obj 1.00872 Rho 0 GRdif 5.08114 success 1053691 failure 536408 obj_new 1.00872 SA_pAcc 2.03161 Delta -0.00045821 SA_r 0.816471 freedomratio 0.267245
Iter 5000000 pBad 0.0333963 T 2.79509e-08 Obj 1.00858 Rho 0 GRdif 5.00092 success 1088810 failure 796140 obj_new 1.00859 SA_pAcc 1.05889e-54 Delta 0.000428946 SA_r 0.234677 freedomratio 0.238386
Iter 5500000 pBad 0.0202627 T 7.44138e-09 Obj 1.00852 Rho 0 GRdif 4.96664 success 1108299 failure 1104942 obj_new 1.00853 SA_pAcc 2.17976e-129 Delta -0.000192985 SA_r 0.388022 freedomratio 0.215867
Iter 6000000 pBad 0.0064222 T 1.98112e-09 Obj 1.0085 Rho 0 GRdif 4.95404 success 1119012 failure 1446299 obj_new 1.0085 SA_pAcc 4.54614e-08 Delta -0.000290704 SA_r 0.445064 freedomratio 0.206349
Iter 6500000 pBad 0.00453039 T 5.27435e-10 Obj 1.00849 Rho 0 GRdif 4.99062 success 1125677 failure 1806854 obj_new 1.00857 SA_pAcc 0 Delta 1.52051e-05 SA_r 0.699293 freedomratio 0.19898
Iter 7000000 pBad 0.00199308 T 1.40419e-10 Obj 1.00849 Rho 0 GRdif 4.94521 success 1129635 failure 2179146 obj_new 1.00849 SA_pAcc 2.43895e-56 Delta -0.000181672 SA_r 0.998637 freedomratio 0.194094
Iter 7500000 pBad 0.00176644 T 3.73838e-11 Obj 1.00849 Rho 0 GRdif 4.94415 success 1131800 failure 2559598 obj_new 1.00849 SA_pAcc 0 Delta 0.000122502 SA_r 0.242133 freedomratio 0.192244
Iter 8000000 pBad 0.00053149 T 9.95271e-12 Obj 1.00849 Rho 0 GRdif 4.94332 success 1133836 failure 2942554 obj_new 1.00849 SA_pAcc 2.10463e-64 Delta -1.80395e-05 SA_r 0.633639 freedomratio 0.190802
Iter 8500000 pBad 0.00061345 T 2.64971e-12 Obj 1.00849 Rho 0 GRdif 4.94538 success 1135671 failure 3328345 obj_new 1.00849 SA_pAcc 0 Delta -5.24789e-06 SA_r 0.240202 freedomratio 0.18756
Iter 9000000 pBad 9.70623e-12 T 7.05434e-13 Obj 1.00848 Rho 0 GRdif 4.94275 success 1141105 failure 3706584 obj_new 1.00848 SA_pAcc 1 Delta 4.26854e-13 SA_r 0.85223 freedomratio 0.179338
Iter 9500000 pBad 2.98423e-42 T 1.87808e-13 Obj 1.00848 Rho 0 GRdif 5.13821 success 1142422 failure 4036679 obj_new 1.00882 SA_pAcc 0 Delta 2.05074e-43 SA_r 0.0633497 freedomratio 0.172312
Iter 10000000 pBad 9.10771e-71 T 5.00001e-14 Obj 1.00848 Rho 0 GRdif 4.94273 success 1142422 failure 4347946 obj_new 1.00848 SA_pAcc 1 Delta 3.10553e-72 SA_r 0.620929 freedomratio 0.170653
Cannot move further
iter 9.23968e+06 obj1.00848 rho 0 GRdif 4.94273
Training:
Lab Growth Rates:
0.4 0.42 0.45 0.47 0.377 0.43 0.42 1.43 0.38 0.4 0.53 0.38 0.56 0.56 0.46 0.45 0.23 0.27 0.55 1.345 0.4 0.48 0.4 1.483 0.37 0.34 0.45 0.1 0.25 0.68 0.58 0.52 0.11 0.56 0.1 0.46 0.41 0.47 0.31 0.47 0.51 0.43 0.637 0.762 0.54 0.09 0.4 0.46 0.1 0.31 0.4 0.2 0.53 0.56 0.45 0.55 0.4 0.27 1.248 0.53 0.42 0.55 0.46 0.23 0.3 1.67 0.54 0.19 0.3 0.724 0.48 0.56 0.3 0.47 0.42 0.54 0.36 0.26 0.5 0.636 0.3 0.5 0.686 0.46 0.52 0.45 0.53 0.59 0.36 1.248 0.58 0.45 0.39 0.32 0.09 0.22 0.37 0.53 0.901 0.4 0.45 0.37 0.58 0.5 0.648 0.5 0.5 0.45 0.5 0.4 1.67 0.46 0.37 0.53 1.66 0.33 0.5 1.345 0.65 0.56 0.55 0.59 0.52 0.42 0.68 0.5 0.42 0.54 0.42 0.38 0.09 0.27 0.5 1.248 0.3 1.483 0.4 1.66 0.47 1.248 0.33 0.54 1.483 1.44 0.56 0.36 0.3 0.46 0.52 0.65 0.53 0.5 0.55 0.6 0.39 0.4 0.33 1.483 0.25 0.465 0.59 1.46 0.46 0.25 0.23 1.345 0.49 0.56 0.6 0.481 0.4 0.53 0.55 0.46 0.54 0.45 0.17 0.51 0.4 0.686 0.47 1.483 0.4 0.42 0.39 0.5 0.52 0.5 0.43 0.54 0.22 0.58 0.46 0.481 0.53 0.485 0.5 0.47 0.25 0.65 1.49 0.54 0.59 0.5 0.41 0.2 0.56 0.54 0.5 0.43 0.54 0.43 0.33 0.22 0.4 0.45 0.36 0.7 0.43 1.05 0.52 0.45 0.46 0.4 0.34 0.48 0.4 0.54 0.4 0.52 0.648 0.901 0.465 0.42 0.5 0.5 0.4 0.42 0.33 0.4 0.37 0.23 0.6 0.56 0.53 0.1 0.48 0.22 1.345 1.4 0.17 0.54 0.49 0.48 0.43 0.635 1.05 0.5 0.14 0.5 0.4 0.3 1.42 0.4 0.4 0.17 0.4 0.39 0.54 0.52 0.1 0.45 0.485 0.59 0.54 0.4 0.47 1.483 0.5 0.5 0.42 0.4 0.47 0.54 0.54 1.345 0.53 0.724 0.54 0.65 0.46 0.3 0.47 0.58 0.4 0.33 0.37 0.37 0.59 0.485 0.301 0.48 0.58 0.41 0.36 0.4 0.4 0.59 0.32 0.45 0.45 0.762 0.762 0.54 0.2 0.42 0.4 0.37 0.47 0.37 0.4 0.901 1.483 1.345 0.4 0.45 0.65 0.4 0.724 0.33 0.31 0.637 0.901 0.52 0.5 0.52 0.4 0.4 0.58 0.55 0.41 0.37 0.55 1.05 1.38 0.58 0.22 0.68 0.68 0.47 0.4 0.59 0.47 0.377 0.4 0.4 0.47 0.42 0.4 0.4 0.46 0.25 0.65 0.4 0.7 0.377 0.476 0.4 0.59 0.56 0.58 0.59 0.7 0.1 0.23 0.71 0.5 0.58 0.37 0.41 0.4 0.53 0.301 0.54 0.59 0.25 0.481 0.4 0.33 0.43 0.41 0.43 0.37 0.39 0.58 0.33 0.301 0.4 0.47 1.345 0.58 0.36 0.58 1.46 0.3 0.465 0.43 0.56 0.55 0.42 0.762 0.47 0.476 0.476 0.65 0.37 0.54 0.4 0.46 0.47 0.45 0.38 0.4 0.22 0.14 0.617 0.59 0.46 0.23 0.56 0.59 0.59 0.54 0.48 0.4 1.345 0.47 0.1 0.4 0.68 0.54 0.3 0.25 0.5 0.5 0.46 0.5 0.4 0.3 1.483 0.5 0.51 0.59 0.11 0.19 0.46 0.54 0.42 0.4 0.7 0.27 0.54 0.52 0.48 0.55 0.3 0.36 0.58 0.58 0.41 0.4 0.5 0.4 0.5 0.43 0.65 0.46 0.4 0.56 0.37 0.54 0.4 0.4 0.37 0.901 0.635 0.46 0.56 0.5 0.648 0.47 0.43 0.55 0.58 0.19 0.26 0.53 0.637 0.4 0.5 0.22 0.686 0.636 0.5 0.45 1.483 0.11 0.32 0.58 0.58 1.248 0.58 0.34 0.47 0.42 0.46 0.47 0.47 0.3 0.56 0.45 1.345 0.59 0.54 0.26 0.4 0.25 1.43 0.485 0.65 0.56 0.36 0.45 0.4 1.345 0.901 0.5 0.41 0.42 0.54 0.47 0.52 0.23 0.1 0.47 0.636 0.6 0.71 0.46 0.42 0.48 0.37 0.4 0.4 0.1 0.53 0.58 1.345 1.483 0.53 0.23 1.483 0.55 0.22 0.56 1.03 1.35 0.71 0.23 0.4 0.49 0.38 0.27 0.635 0.54 0.39 0.27 0.36 1.483 0.4 0.41 1.345 0.3 0.58 0.5
Dot Production Prediction of Lab Growth Rates:
0.401729 0.307259 1.57122 0.39588 0.456117 0.409359 0.602313 1.37542 0.374674 0.403913 0.388538 0.320467 0.54459 0.535623 0.34231 0.414754 0.537348 0.406894 0.445027 1.14031 0.393789 0.363883 0.400511 1.06689 0.412363 0.340212 0.360456 0.360063 0.354736 0.579762 0.470258 0.378291 0.374253 0.549349 0.846516 0.457527 0.372747 0.333207 0.593398 0.42848 0.416656 0.456068 0.712459 1.3579 0.548545 0.332381 0.39981 0.300737 0.461083 0.585672 0.402177 0.4306 0.535953 0.538136 1.46683 0.550002 0.397335 0.357105 1.24067 0.538028 0.312327 0.443634 0.289129 0.539576 0.42959 1.50048 0.365698 0.310791 0.453711 0.72212 0.312894 0.545347 0.304875 0.501152 0.335557 0.413851 0.411284 0.485305 0.474278 0.727214 0.470022 0.331842 0.723547 0.441741 0.342529 0.357612 0.549497 0.554276 0.351633 1.24088 0.4764 0.396097 0.315931 0.354892 0.370729 0.469169 0.423497 0.528519 0.908706 0.403349 0.327042 0.385212 0.36148 0.530057 0.716089 0.581884 0.699098 1.49312 0.694986 0.403625 1.4254 0.545215 0.416423 0.391152 1.66 0.315775 0.305157 1.12243 0.651771 0.476899 0.443739 0.32248 0.3642 0.378277 0.578416 0.369558 0.352226 0.346434 0.388371 0.378796 0.446152 0.620618 0.617343 1.24801 0.432995 1.09348 0.396971 1.633 0.363549 1.23872 0.358763 0.540911 1.03332 1.5292 0.465181 0.358721 0.300225 0.331153 0.381665 0.627824 0.332115 0.47041 0.432706 0.475557 0.302151 0.401495 0.367749 1.06776 1.51203 0.460061 0.338834 1.5921 0.440952 0.541299 0.432331 1.03894 0.378879 0.548647 0.479948 0.455414 0.401372 0.301221 0.546791 0.468591 0.441888 0.346979 0.328068 0.3865 0.394608 0.724373 0.442623 1.099 0.401937 0.343779 0.294636 0.539464 0.369227 0.683988 0.358395 0.461551 0.464613 0.466769 0.357285 0.456733 0.564747 0.457255 0.360951 0.396606 0.299472 0.64996 1.57122 0.31303 0.308252 0.532391 0.375022 0.380437 0.467311 0.543457 0.707347 0.413248 0.449004 0.447239 0.480567 0.472688 0.400262 1.46783 0.36366 0.701214 0.430442 1.05 0.356776 0.324662 0.465509 0.431469 0.308591 0.326487 0.346165 0.415868 0.39892 0.398796 0.716718 0.900998 0.460386 0.350165 0.468049 0.601162 0.399789 0.310246 0.529228 0.401318 0.415232 0.538598 0.496347 0.536389 0.530626 1.07369 0.318054 0.471677 1.10839 1.4492 0.342532 0.443231 0.359667 0.305802 0.367456 0.716853 1.63198 0.326198 0.139997 0.476284 0.402112 0.337657 1.53218 0.398816 0.401724 0.433602 0.398845 0.344339 0.370274 0.368078 0.926068 0.390642 0.45275 0.300313 0.295257 0.399468 0.433253 1.06276 0.605337 0.316176 0.628053 0.399846 0.42768 0.535265 0.544652 1.13022 0.419539 0.723941 0.394499 0.648198 0.556072 0.300303 0.39272 0.302827 0.394235 0.317149 0.400352 0.322005 0.541389 0.453007 0.450957 0.317946 0.380234 0.35357 0.323229 0.405266 0.401935 0.390453 0.321624 1.51852 0.371138 1.34381 1.35719 0.394743 0.426423 0.612617 0.402802 0.587229 0.369869 0.426044 0.393098 0.902862 1.09492 1.10442 0.395185 1.48653 0.643456 0.3983 0.724 0.354613 0.583153 0.71475 0.900261 0.339563 0.376849 0.400308 0.404984 0.396571 0.34176 0.550861 0.452996 0.422131 0.547905 1.0207 1.32935 0.463227 0.433313 0.584811 0.574369 0.351029 0.399531 0.553475 0.481096 0.455312 0.39985 0.39787 0.40354 0.34605 0.404257 0.401323 0.469101 0.571112 0.629802 0.400473 0.711591 0.454106 0.463064 0.402713 0.542099 0.541486 0.461898 0.412244 0.707018 0.858032 0.431625 0.719748 0.543954 0.477429 0.41604 0.373129 0.402839 0.526684 0.450484 0.391618 0.544221 0.74096 0.455024 0.394978 0.318453 0.344769 0.311398 0.36391 0.424171 0.313226 0.478722 0.438321 0.451032 0.398875 0.408965 1.0966 0.324341 0.350223 0.464467 1.02201 0.459272 0.459833 0.476861 0.470934 0.448346 0.342583 1.35676 0.362491 0.463868 0.460325 0.651619 0.461354 0.362411 0.403103 0.464572 0.367411 0.34592 0.334507 0.400585 0.345439 0.141415 0.555407 0.334028 0.527041 0.534266 0.551127 0.544517 0.553109 0.456576 0.333116 0.39709 1.05736 0.339948 0.779473 0.395788 0.581743 0.45691 0.383544 0.371643 0.317082 0.35508 0.378116 0.46996 0.402928 0.50305 1.0889 0.533635 0.401382 0.322168 0.333664 0.316048 0.400316 0.37596 0.372046 0.398441 0.701985 0.384812 0.549098 0.348508 0.297523 0.544783 0.491007 0.32943 0.475539 0.354619 0.453392 0.401232 0.331525 0.40096 0.721542 0.414956 0.653148 0.429301 0.39972 0.473114 0.38257 0.534129 0.391838 0.400006 0.419659 0.900914 0.715246 0.470836 0.467229 0.400982 0.712176 0.346421 0.339798 0.548684 0.474487 0.325575 0.593367 0.517407 0.714052 0.403455 0.327053 0.472075 0.725963 0.725685 0.667096 0.420054 1.04523 0.372721 0.296656 0.315633 0.472805 1.23853 0.349153 0.311556 0.400831 0.354185 0.460006 0.485231 0.361479 0.386945 0.542851 0.326639 1.11545 0.311803 0.350737 0.360954 0.3956 0.375541 1.35791 0.459386 0.65039 0.542504 0.401001 1.58216 0.390486 1.02364 1.17926 0.46429 0.447855 0.35275 0.347198 0.320434 0.37541 0.431098 0.456367 0.339312 0.722808 0.469893 0.72498 0.455712 0.326756 0.34402 0.423973 0.361258 0.404508 1.40892 0.328504 0.377018 1.08532 1.07446 0.341891 0.545183 1.1016 0.443151 0.381625 0.542889 1.36025 1.21279 0.71715 0.543743 0.402228 0.354354 0.335433 0.300819 0.713761 0.329536 0.324165 0.348105 0.336101 1.09033 0.401397 0.334102 1.10954 0.462815 0.473854 0.605492
Testing:
Lab Growth Rates:
1.46 1.05 1.46 1.05
Dot Production Prediction of Lab Growth Rates:
1.02766 1.04577 1.02556 1.04618
Best performance so far: 
Obj: 4.64041e-310Rho: 2.26291e-314Diff: 4.64041e-310
Anneal again with the best G and E so far as input
Cycle 2Round 1
Iter 500000 pBad 0.952776 T 0.00415986 Obj 1.19819 Rho 0 GRdif 105.775 success 67053 failure 880 obj_new 1.19819 SA_pAcc 1 Delta 0.0745396 SA_r 0.0137805 freedomratio 0.285227
Iter 1000000 pBad 0.784278 T 0.00110748 Obj 1.13275 Rho 0 GRdif 72.9182 success 157455 failure 6925 obj_new 1.13275 SA_pAcc 1.04629 Delta -0.0116979 SA_r 0.973448 freedomratio 0.280172
Iter 1500000 pBad 0.712926 T 0.000294845 Obj 1.05347 Rho 0 GRdif 30.4698 success 268508 failure 29008 obj_new 1.05347 SA_pAcc 1 Delta 0.0415054 SA_r 0.0680655 freedomratio 0.27791
Iter 2000000 pBad 0.600263 T 7.84967e-05 Obj 1.02988 Rho 0 GRdif 17.2266 success 375097 failure 61765 obj_new 1.02988 SA_pAcc 1 Delta -0.0122691 SA_r 0.15978 freedomratio 0.273109
Iter 2500000 pBad 0.5374 T 2.08982e-05 Obj 1.02056 Rho 0 GRdif 11.9057 success 479364 failure 100859 obj_new 1.02056 SA_pAcc 0.785849 Delta 0.0288362 SA_r 0.0640422 freedomratio 0.270083
Iter 3000000 pBad 0.430504 T 5.56373e-06 Obj 1.01628 Rho 0 GRdif 9.44789 success 582063 failure 144126 obj_new 1.01628 SA_pAcc 0.570272 Delta 0.0271859 SA_r 0.771482 freedomratio 0.271967
Iter 3500000 pBad 0.301085 T 1.48123e-06 Obj 1.01403 Rho 0 GRdif 8.14906 success 674350 failure 205165 obj_new 1.01403 SA_pAcc 1 Delta -0.0106334 SA_r 0.0578553 freedomratio 0.261862
Iter 4000000 pBad 0.21709 T 3.94349e-07 Obj 1.01152 Rho 0 GRdif 6.699 success 756309 failure 293618 obj_new 1.01152 SA_pAcc 0.433123 Delta -0.0198341 SA_r 0.833395 freedomratio 0.246627
Iter 4500000 pBad 0.0789413 T 1.04988e-07 Obj 1.00994 Rho 0 GRdif 5.78408 success 814137 failure 440679 obj_new 1.00994 SA_pAcc 1 Delta 0.00411159 SA_r 0.854529 freedomratio 0.223282
Iter 5000000 pBad 0.0433574 T 2.79509e-08 Obj 1.00949 Rho 0 GRdif 5.53195 success 846748 failure 656516 obj_new 1.0095 SA_pAcc 1.81378e-250 Delta 0.00345009 SA_r 0.246137 freedomratio 0.200411
Iter 5500000 pBad 0.0219987 T 7.44138e-09 Obj 1.00929 Rho 0 GRdif 5.41189 success 865280 failure 924152 obj_new 1.00929 SA_pAcc 9.05042e-08 Delta 0.000460791 SA_r 0.779165 freedomratio 0.182073
Iter 6000000 pBad 0.00768501 T 1.98112e-09 Obj 1.00924 Rho 0 GRdif 5.3821 success 876273 failure 1227647 obj_new 1.00924 SA_pAcc 2.88176e-23 Delta 4.26217e-06 SA_r 0.697126 freedomratio 0.170853
Iter 6500000 pBad 0.00511775 T 5.27435e-10 Obj 1.00923 Rho 0 GRdif 5.37454 success 882385 failure 1556969 obj_new 1.00923 SA_pAcc 1 Delta 2.22782e-06 SA_r 0.342338 freedomratio 0.162953
Iter 7000000 pBad 0.00369339 T 1.40419e-10 Obj 1.00922 Rho 0 GRdif 5.37134 success 886470 failure 1900928 obj_new 1.00922 SA_pAcc 1.12597e-47 Delta 0.0002259 SA_r 0.430389 freedomratio 0.158752
Iter 7500000 pBad 0.00140499 T 3.73838e-11 Obj 1.00922 Rho 0 GRdif 5.36991 success 889095 failure 2255751 obj_new 1.00922 SA_pAcc 2.48662e-290 Delta -5.45333e-05 SA_r 0.423252 freedomratio 0.156042
Iter 8000000 pBad 0.00170976 T 9.95271e-12 Obj 1.00922 Rho 0 GRdif 5.36919 success 891105 failure 2617956 obj_new 1.00922 SA_pAcc 1 Delta 9.76447e-05 SA_r 0.431853 freedomratio 0.151476
Iter 8500000 pBad 0.000133742 T 2.64971e-12 Obj 1.00922 Rho 0 GRdif 5.36915 success 892698 failure 2989588 obj_new 1.00922 SA_pAcc 0 Delta 1.05799e-06 SA_r 0.807754 freedomratio 0.149502
Iter 9000000 pBad 0.000504668 T 7.05434e-13 Obj 1.00922 Rho 0 GRdif 5.3693 success 896251 failure 3362983 obj_new 1.00922 SA_pAcc 0 Delta 4.06874e-05 SA_r 0.00389692 freedomratio 0.14473
Iter 9500000 pBad 3.39576e-111 T 1.87808e-13 Obj 1.00922 Rho 0 GRdif 5.36844 success 897700 failure 3700817 obj_new 1.00922 SA_pAcc 0 Delta -3.58116e-114 SA_r 0.814522 freedomratio 0.140456
Good enough
iter 9.22361e+06 obj1.00922 rho 0 GRdif 5.36842
Training:
Lab Growth Rates:
0.4 0.42 0.45 0.47 0.377 0.43 0.42 1.43 0.38 0.4 0.53 0.38 0.56 0.56 0.46 0.45 0.23 0.27 0.55 1.345 0.4 0.48 0.4 1.483 0.37 0.34 0.45 0.1 0.25 0.68 0.58 0.52 0.11 0.56 0.1 0.46 0.41 0.47 0.31 0.47 0.51 0.43 0.637 0.762 0.54 0.09 0.4 0.46 0.1 0.31 0.4 0.2 0.53 0.56 0.45 0.55 0.4 0.27 1.248 0.53 0.42 0.55 0.46 0.23 0.3 1.67 0.54 0.19 0.3 0.724 0.48 0.56 0.3 0.47 0.42 0.54 0.36 0.26 0.5 0.636 0.3 0.5 0.686 0.46 0.52 0.45 0.53 0.59 0.36 1.248 0.58 0.45 0.39 0.32 0.09 0.22 0.37 0.53 0.901 0.4 0.45 0.37 0.58 0.5 0.648 0.5 0.5 0.45 0.5 0.4 1.67 0.46 0.37 0.53 1.66 0.33 0.5 1.345 0.65 0.56 0.55 0.59 0.52 0.42 0.68 0.5 0.42 0.54 0.42 0.38 0.09 0.27 0.5 1.248 0.3 1.483 0.4 1.66 0.47 1.248 0.33 0.54 1.483 1.44 0.56 0.36 0.3 0.46 0.52 0.65 0.53 0.5 0.55 0.6 0.39 0.4 0.33 1.483 0.25 0.465 0.59 1.46 0.46 0.25 0.23 1.345 0.49 0.56 0.6 0.481 0.4 0.53 0.55 0.46 0.54 0.45 0.17 0.51 0.4 0.686 0.47 1.483 0.4 0.42 0.39 0.5 0.52 0.5 0.43 0.54 0.22 0.58 0.46 0.481 0.53 0.485 0.5 0.47 0.25 0.65 1.49 0.54 0.59 0.5 0.41 0.2 0.56 0.54 0.5 0.43 0.54 0.43 0.33 0.22 0.4 0.45 0.36 0.7 0.43 1.05 0.52 0.45 0.46 0.4 0.34 0.48 0.4 0.54 0.4 0.52 0.648 0.901 0.465 0.42 0.5 0.5 0.4 0.42 0.33 0.4 0.37 0.23 0.6 0.56 0.53 0.1 0.48 0.22 1.345 1.4 0.17 0.54 0.49 0.48 0.43 0.635 1.05 0.5 0.14 0.5 0.4 0.3 1.42 0.4 0.4 0.17 0.4 0.39 0.54 0.52 0.1 0.45 0.485 0.59 0.54 0.4 0.47 1.483 0.5 0.5 0.42 0.4 0.47 0.54 0.54 1.345 0.53 0.724 0.54 0.65 0.46 0.3 0.47 0.58 0.4 0.33 0.37 0.37 0.59 0.485 0.301 0.48 0.58 0.41 0.36 0.4 0.4 0.59 0.32 0.45 0.45 0.762 0.762 0.54 0.2 0.42 0.4 0.37 0.47 0.37 0.4 0.901 1.483 1.345 0.4 0.45 0.65 0.4 0.724 0.33 0.31 0.637 0.901 0.52 0.5 0.52 0.4 0.4 0.58 0.55 0.41 0.37 0.55 1.05 1.38 0.58 0.22 0.68 0.68 0.47 0.4 0.59 0.47 0.377 0.4 0.4 0.47 0.42 0.4 0.4 0.46 0.25 0.65 0.4 0.7 0.377 0.476 0.4 0.59 0.56 0.58 0.59 0.7 0.1 0.23 0.71 0.5 0.58 0.37 0.41 0.4 0.53 0.301 0.54 0.59 0.25 0.481 0.4 0.33 0.43 0.41 0.43 0.37 0.39 0.58 0.33 0.301 0.4 0.47 1.345 0.58 0.36 0.58 1.46 0.3 0.465 0.43 0.56 0.55 0.42 0.762 0.47 0.476 0.476 0.65 0.37 0.54 0.4 0.46 0.47 0.45 0.38 0.4 0.22 0.14 0.617 0.59 0.46 0.23 0.56 0.59 0.59 0.54 0.48 0.4 1.345 0.47 0.1 0.4 0.68 0.54 0.3 0.25 0.5 0.5 0.46 0.5 0.4 0.3 1.483 0.5 0.51 0.59 0.11 0.19 0.46 0.54 0.42 0.4 0.7 0.27 0.54 0.52 0.48 0.55 0.3 0.36 0.58 0.58 0.41 0.4 0.5 0.4 0.5 0.43 0.65 0.46 0.4 0.56 0.37 0.54 0.4 0.4 0.37 0.901 0.635 0.46 0.56 0.5 0.648 0.47 0.43 0.55 0.58 0.19 0.26 0.53 0.637 0.4 0.5 0.22 0.686 0.636 0.5 0.45 1.483 0.11 0.32 0.58 0.58 1.248 0.58 0.34 0.47 0.42 0.46 0.47 0.47 0.3 0.56 0.45 1.345 0.59 0.54 0.26 0.4 0.25 1.43 0.485 0.65 0.56 0.36 0.45 0.4 1.345 0.901 0.5 0.41 0.42 0.54 0.47 0.52 0.23 0.1 0.47 0.636 0.6 0.71 0.46 0.42 0.48 0.37 0.4 0.4 0.1 0.53 0.58 1.345 1.483 0.53 0.23 1.483 0.55 0.22 0.56 1.03 1.35 0.71 0.23 0.4 0.49 0.38 0.27 0.635 0.54 0.39 0.27 0.36 1.483 0.4 0.41 1.345 0.3 0.58 0.5
Dot Production Prediction of Lab Growth Rates:
0.400312 0.314759 1.50789 0.402793 0.455879 0.425616 0.570037 1.26622 0.369464 0.40542 0.408785 0.333444 0.54625 0.527104 0.357026 0.420135 0.52917 0.399706 0.444954 0.916108 0.3936 0.367629 0.399403 0.86651 0.429907 0.340145 0.368944 0.378335 0.360135 0.411235 0.467216 0.375174 0.390506 0.539201 1.08857 0.455728 0.386818 0.351335 0.533552 0.451427 0.428167 0.441053 0.70638 1.2609 0.54742 0.349252 0.399593 0.310159 0.460495 0.541174 0.402766 0.417268 0.530249 0.540844 1.46474 0.550322 0.398646 0.374435 1.15843 0.529277 0.332814 0.445399 0.301654 0.530759 0.41979 1.4691 0.400414 0.333486 0.381762 0.713184 0.299376 0.546887 0.293054 0.485819 0.340626 0.409559 0.436066 0.46019 0.471795 0.699456 0.400536 0.340528 0.713851 0.458514 0.353184 0.374706 0.547435 0.544148 0.352577 1.16358 0.465871 0.394425 0.34395 0.365368 0.380865 0.468385 0.429389 0.529105 0.925898 0.402643 0.348721 0.387421 0.38421 0.538665 0.710411 0.480403 0.576677 1.44122 0.579175 0.401657 1.44302 0.512218 0.430867 0.397109 1.65989 0.330083 0.319665 0.896799 0.651888 0.474721 0.439248 0.34312 0.380832 0.393212 0.409947 0.385077 0.344403 0.353088 0.386816 0.372419 0.459826 0.56694 0.515642 1.17501 0.354909 0.872121 0.399976 1.64618 0.375733 1.15493 0.38081 0.544501 0.847576 1.49529 0.465538 0.367008 0.283089 0.336928 0.397392 0.634817 0.338087 0.467211 0.435818 0.395398 0.31905 0.401645 0.3815 0.873553 1.4586 0.460736 0.350837 1.62416 0.428141 0.501485 0.442943 0.861317 0.398879 0.536647 0.39375 0.456179 0.400191 0.28875 0.548012 0.466993 0.442293 0.353983 0.341795 0.40522 0.396488 0.714822 0.414463 0.890922 0.400633 0.35331 0.30778 0.533782 0.382227 0.558836 0.379586 0.466979 0.463278 0.46458 0.376461 0.459219 0.52492 0.458655 0.37177 0.413878 0.319374 0.649923 1.50789 0.326887 0.311107 0.535267 0.393016 0.366844 0.467174 0.54196 0.54546 0.400884 0.443814 0.426947 0.472027 0.469253 0.400359 1.44866 0.374579 0.678888 0.423132 1.05882 0.372993 0.343571 0.446442 0.416802 0.312212 0.335368 0.344468 0.405482 0.399645 0.392791 0.70948 0.899319 0.457554 0.356825 0.469536 0.510493 0.39983 0.320759 0.512066 0.403128 0.430694 0.541215 0.40157 0.53955 0.526432 1.34071 0.32261 0.470994 0.89637 1.45085 0.353638 0.440767 0.377749 0.31333 0.388942 0.710131 1.62849 0.333777 0.140235 0.474987 0.402295 0.341245 1.47479 0.401252 0.402909 0.446391 0.399031 0.371394 0.380302 0.398672 1.17308 0.40617 0.454541 0.323781 0.315868 0.401046 0.428088 0.841062 0.518727 0.329321 0.580572 0.401423 0.412663 0.539067 0.5403 0.904308 0.436065 0.714522 0.413487 0.650903 0.525584 0.285387 0.388612 0.318223 0.396312 0.334915 0.410952 0.314583 0.544672 0.449966 0.464043 0.334902 0.402492 0.369483 0.341838 0.404314 0.402245 0.377603 0.329908 1.46132 0.386576 1.25028 1.27173 0.398085 0.426122 0.568644 0.40174 0.534236 0.371087 0.439186 0.396586 0.901411 0.888135 0.890058 0.396514 1.44287 0.638867 0.399184 0.713019 0.375933 0.535377 0.706111 0.897661 0.361271 0.384024 0.397187 0.401479 0.400306 0.355325 0.547718 0.461551 0.435042 0.549982 1.03379 1.32602 0.464394 0.448727 0.413305 0.408331 0.363978 0.399294 0.54702 0.466605 0.457057 0.397409 0.400619 0.38945 0.352734 0.403304 0.399756 0.463809 0.527072 0.632067 0.401533 0.673223 0.459579 0.46171 0.402409 0.546298 0.531537 0.461034 0.394426 0.677293 1.08072 0.443132 0.713558 0.545001 0.469712 0.430838 0.387234 0.403134 0.532837 0.463933 0.400063 0.546341 0.668175 0.45363 0.397835 0.324812 0.373842 0.323216 0.383221 0.43849 0.340746 0.470129 0.44081 0.463404 0.398993 0.431899 0.887646 0.343366 0.373734 0.463735 1.01048 0.387786 0.456826 0.45333 0.475145 0.445852 0.34863 1.25795 0.37473 0.464297 0.460277 0.64908 0.452703 0.381407 0.402355 0.442791 0.374625 0.327508 0.317932 0.401694 0.369763 0.139989 0.616964 0.342709 0.497785 0.523758 0.540787 0.544915 0.543985 0.464205 0.340818 0.397715 0.861071 0.364339 0.67612 0.396971 0.411326 0.459559 0.310597 0.368206 0.326502 0.361067 0.390544 0.470509 0.401437 0.414261 0.875917 0.535606 0.414981 0.330842 0.346141 0.345067 0.406954 0.408412 0.361889 0.397847 0.674839 0.390523 0.544284 0.361645 0.311136 0.549322 0.415301 0.344661 0.468451 0.367639 0.463344 0.402266 0.338318 0.400262 0.578323 0.411923 0.661478 0.426582 0.398857 0.470736 0.386503 0.538582 0.394365 0.399982 0.431928 0.900938 0.709566 0.464594 0.466769 0.395078 0.704342 0.360937 0.359415 0.549956 0.467057 0.333311 0.547714 0.494108 0.704512 0.402099 0.339534 0.466755 0.718147 0.716107 0.556222 0.415997 0.841947 0.387697 0.319273 0.332459 0.467262 1.16623 0.375084 0.317997 0.40864 0.346402 0.458685 0.480098 0.389029 0.385714 0.545385 0.324253 0.900543 0.337692 0.364692 0.35141 0.399008 0.372202 1.26436 0.460992 0.666814 0.536329 0.417838 1.48957 0.392673 0.845712 1.10241 0.466281 0.457382 0.349677 0.359166 0.353834 0.385511 0.442824 0.449208 0.355307 0.711409 0.394364 0.716771 0.459972 0.325891 0.342426 0.441271 0.352108 0.402506 1.3759 0.356983 0.379525 0.873018 0.867054 0.361407 0.543972 0.88812 0.443183 0.397587 0.537037 1.35304 1.14582 0.708462 0.535344 0.401882 0.37587 0.34341 0.314612 0.708566 0.343934 0.326663 0.352416 0.356643 0.875748 0.401547 0.349916 0.899556 0.378224 0.468319 0.490598
Testing:
Lab Growth Rates:
1.46 1.05 1.46 1.05
Dot Production Prediction of Lab Growth Rates:
1.04753 1.05521 1.04378 1.06424
Best performance so far: 
Obj: 4.64041e-310Rho: 6.5069e-314Diff: 4.64041e-310
Test:
 Lab Growth Rates:
1.46 1.05 1.46 1.05Dot Product Prediction of Growth Rate:
1.047525 1.055214 1.043777 1.064238