seed =  5 traits =  1 
Training: part  24 
Training: part  24 
Round  1 
 Goal of obj  0.99 
Temperature range:  0.0078125 1.25e-14 
Cycle 1Round 1
Iter 500000 pBad 0.867628 T 0.00200908 Obj 1.11949 Rho 0 GRdif 66.2583 success 136155 failure 4852 obj_new 1.11949 SA_pAcc 1 Delta 0.0104708 SA_r 0.95216 freedomratio 0.37508
Iter 1000000 pBad 0.78204 T 0.000516658 Obj 1.04888 Rho 0 GRdif 28.0132 success 278991 failure 22814 obj_new 1.04888 SA_pAcc 1 Delta 0.0185419 SA_r 0.706841 freedomratio 0.361676
Iter 1500000 pBad 0.710653 T 0.000132865 Obj 1.03124 Rho 0 GRdif 18.0588 success 418421 failure 49722 obj_new 1.03124 SA_pAcc 0.998875 Delta 0.0242895 SA_r 0.127242 freedomratio 0.365504
Iter 2000000 pBad 0.561126 T 3.41677e-05 Obj 1.02259 Rho 0 GRdif 13.1099 success 554274 failure 84518 obj_new 1.02259 SA_pAcc 1 Delta -0.0446167 SA_r 0.907642 freedomratio 0.359681
Iter 2500000 pBad 0.521253 T 8.78661e-06 Obj 1.0164 Rho 0 GRdif 9.54749 success 684305 failure 128495 obj_new 1.0164 SA_pAcc 1.19869 Delta -0.0228027 SA_r 0.878236 freedomratio 0.368487
Iter 3000000 pBad 0.370777 T 2.25958e-06 Obj 1.0119 Rho 0 GRdif 6.94249 success 808934 failure 183643 obj_new 1.0119 SA_pAcc 1 Delta -0.0185284 SA_r 0.98685 freedomratio 0.348989
Iter 3500000 pBad 0.197267 T 5.81076e-07 Obj 1.01017 Rho 0 GRdif 5.93735 success 909444 failure 287065 obj_new 1.01017 SA_pAcc 1 Delta 0.00478209 SA_r 0.385426 freedomratio 0.326111
Iter 4000000 pBad 0.100726 T 1.4943e-07 Obj 1.00976 Rho 0 GRdif 5.7034 success 977358 failure 459835 obj_new 1.00976 SA_pAcc 0.762949 Delta 0.000190379 SA_r 0.84115 freedomratio 0.294827
Iter 4500000 pBad 0.0467692 T 3.84278e-08 Obj 1.00957 Rho 0 GRdif 5.59228 success 1018968 failure 697199 obj_new 1.00957 SA_pAcc 0.123776 Delta -0.00159003 SA_r 0.686625 freedomratio 0.252582
Iter 5000000 pBad 0.0175662 T 9.88214e-09 Obj 1.00949 Rho 0 GRdif 5.54524 success 1042510 failure 992552 obj_new 1.00949 SA_pAcc 0.00175311 Delta 0.000876784 SA_r 0.671022 freedomratio 0.220926
Iter 5500000 pBad 0.0172181 T 2.54131e-09 Obj 1.00947 Rho 0 GRdif 5.5318 success 1054231 failure 1329690 obj_new 1.00947 SA_pAcc 1 Delta -0.000609645 SA_r 0.631525 freedomratio 0.209943
Iter 6000000 pBad 0.0036092 T 6.53526e-10 Obj 1.00946 Rho 0 GRdif 5.52569 success 1061537 failure 1685771 obj_new 1.00946 SA_pAcc 1 Delta 0.000226332 SA_r 0.178567 freedomratio 0.201788
Iter 6500000 pBad 0.00145963 T 1.68062e-10 Obj 1.00945 Rho 0 GRdif 5.5233 success 1065468 failure 2053878 obj_new 1.00945 SA_pAcc 1 Delta -0.000136263 SA_r 0.304596 freedomratio 0.199186
Iter 7000000 pBad 0.00181683 T 4.3219e-11 Obj 1.00945 Rho 0 GRdif 5.5249 success 1068863 failure 2428787 obj_new 1.00946 SA_pAcc 0 Delta -0.000173287 SA_r 0.932209 freedomratio 0.19405
Iter 7500000 pBad 0.00016751 T 1.11143e-11 Obj 1.00945 Rho 0 GRdif 5.52227 success 1070982 failure 2810785 obj_new 1.00945 SA_pAcc 0 Delta -5.94984e-06 SA_r 0.41817 freedomratio 0.190337
Iter 8000000 pBad 0.000203198 T 2.85816e-12 Obj 1.00945 Rho 0 GRdif 5.52007 success 1072949 failure 3198472 obj_new 1.00945 SA_pAcc 0 Delta 9.07783e-06 SA_r 0.372541 freedomratio 0.186527
Iter 8500000 pBad 6.6807e-11 T 7.3501e-13 Obj 1.00945 Rho 0 GRdif 5.51975 success 1077076 failure 3577266 obj_new 1.00945 SA_pAcc 1 Delta -6.12153e-12 SA_r 0.222771 freedomratio 0.174859
Iter 9000000 pBad 1.65901e-104 T 1.89016e-13 Obj 1.00945 Rho 0 GRdif 5.51996 success 1077610 failure 3883907 obj_new 1.00945 SA_pAcc 0 Delta 1.24114e-105 SA_r 0.610941 freedomratio 0.175015
Iter 9500000 pBad 0 T 4.86077e-14 Obj 1.00945 Rho 0 GRdif 5.54614 success 1077610 failure 4194158 obj_new 1.00949 SA_pAcc 0 Delta -0 SA_r 0.260199 freedomratio 0.1376
Iter 10000000 pBad 0 T 1.25e-14 Obj 1.00945 Rho 0 GRdif 5.52452 success 1077610 failure 4532346 obj_new 1.00946 SA_pAcc 0 Delta -0 SA_r 0.472558 freedomratio 0.0588471
Cannot move further
iter 8.55696e+06 obj1.00945 rho 0 GRdif 5.51975
Training:
Lab Growth Rates:
0.5 0.41 0.48 0.31 0.46 0.53 0.465 0.37 0.4 0.43 0.5 0.65 0.4 0.54 0.47 0.41 0.48 0.1 0.4 0.53 0.46 0.37 0.23 0.25 0.901 0.46 0.47 0.58 0.39 0.648 0.901 0.59 0.5 0.19 0.43 0.11 1.05 0.724 1.345 0.58 0.4 0.59 0.54 1.345 0.4 0.53 0.39 0.5 0.54 0.485 0.4 0.3 0.54 0.59 0.4 0.1 1.345 0.42 0.46 1.345 0.47 0.4 0.54 0.47 0.27 0.46 0.4 0.45 0.52 0.49 0.54 0.47 0.2 0.637 0.1 0.4 0.58 0.42 0.45 0.55 0.3 0.45 0.41 0.53 1.483 0.25 0.901 0.6 0.7 0.301 0.52 0.65 0.648 0.42 0.41 1.67 0.45 0.4 0.485 0.68 0.43 0.65 0.4 1.43 0.55 0.55 0.3 0.4 0.37 0.3 0.42 0.4 0.33 0.1 0.53 0.58 0.36 0.55 0.53 0.36 0.43 0.6 0.4 0.47 0.5 0.4 0.46 1.345 0.47 1.483 0.52 0.37 0.301 0.4 0.37 0.686 0.4 0.4 0.25 0.43 0.46 0.56 0.55 0.476 0.42 0.45 0.4 0.33 0.26 0.45 0.377 0.56 0.5 0.33 0.43 0.53 1.345 0.42 0.636 0.485 0.22 0.42 0.4 0.26 0.2 0.1 0.4 0.48 0.22 0.26 0.485 0.3 0.56 0.36 0.5 0.46 0.17 1.43 0.22 0.53 0.59 0.5 0.46 0.68 0.36 0.58 0.54 0.43 0.637 0.3 0.901 0.45 0.33 0.47 0.4 0.59 0.52 0.43 0.54 0.58 0.686 0.43 0.5 0.09 0.37 0.4 0.59 0.47 1.03 0.4 0.56 0.23 0.42 0.19 0.47 0.4 0.39 0.617 0.09 1.483 0.59 0.54 0.3 0.45 0.54 0.41 0.42 0.4 0.4 0.56 0.37 0.33 1.42 0.4 0.45 0.3 0.37 0.42 0.54 0.58 0.4 0.47 0.65 0.5 0.4 0.45 0.5 0.5 0.58 0.52 0.5 0.7 1.483 0.635 0.37 0.5 0.4 0.22 0.58 0.52 0.5 1.38 0.23 0.46 0.48 0.68 0.4 0.59 0.6 0.6 0.52 0.59 0.46 0.52 0.54 0.636 0.58 0.42 0.58 0.36 1.46 0.5 0.43 0.5 0.46 0.45 0.762 0.54 0.46 0.38 0.59 0.47 0.762 0.481 0.4 0.11 0.3 0.47 0.48 0.27 0.58 0.32 0.54 0.5 0.25 0.41 0.5 0.56 0.58 0.25 0.39 0.3 0.23 0.46 0.38 0.54 0.4 0.25 0.38 0.4 0.476 0.56 0.59 0.4 0.48 1.483 1.345 0.56 0.23 0.56 0.54 0.636 0.46 0.14 0.58 0.56 0.377 0.46 0.58 0.58 0.37 0.59 0.5 0.301 0.1 0.34 0.4 0.4 0.56 0.58 0.4 0.52 0.53 1.248 0.55 0.56 0.38 0.762 1.05 0.41 0.476 0.5 0.4 1.66 0.58 1.05 0.42 0.56 0.686 0.56 0.54 0.33 0.37 0.901 1.345 0.47 0.4 0.55 0.648 0.22 0.54 0.39 0.53 0.65 0.635 0.47 1.05 0.37 0.7 0.17 0.46 0.48 0.4 0.4 0.4 0.39 0.49 0.41 0.46 0.31 0.465 1.46 0.37 0.3 0.54 0.54 1.248 0.4 0.4 0.56 0.17 1.248 0.481 0.901 0.23 1.345 0.56 0.4 0.58 0.45 1.35 0.54 1.345 0.5 0.71 0.36 0.59 0.23 0.1 0.7 0.762 0.53 0.37 0.47 0.37 0.68 0.53 0.4 1.345 1.49 0.1 0.14 0.51 0.52 0.34 0.33 0.4 0.36 1.4 0.36 0.31 0.4 0.5 0.71 0.42 0.4 0.34 0.27 0.23 0.3 0.27 0.32 0.65 0.46 0.27 0.635 0.3 0.54 0.4 0.65 0.55 0.53 0.47 1.248 0.37 0.54 0.47 0.5 0.5 0.55 0.53 1.483 0.56 0.5 0.47 0.22 0.724 0.53 0.38 0.1 0.5 0.45 0.56 0.58 0.52 1.46 0.43 1.05 0.48 0.47 0.46 0.19 0.32 0.59 1.67 0.637 0.36 0.42 1.483 0.5 0.481 0.42 0.724 0.11 0.4 0.55 0.5 0.51 0.58 0.5 0.4 0.3 0.45 0.42 0.5 0.43 0.4 0.4 0.54 0.45 0.2 0.4 0.48 1.46 0.54 0.23 0.47 1.483 0.41 0.54 1.483 0.59 0.33 0.54 0.4 0.4 1.483 0.25 0.45 0.22 0.4 0.4 0.5 0.55 0.51 0.71 0.65 0.42 0.25 1.248 1.483 1.483 0.54 0.52 0.377 0.47 0.46 0.42 0.59 0.65 0.5 0.68 0.4 1.66 1.345 0.09 0.27 0.465 0.45 1.44 0.47 0.47 0.22 0.5 0.33 0.49 0.55
Dot Production Prediction of Lab Growth Rates:
0.538898 0.392068 0.335941 0.512304 0.404614 0.535532 0.481981 0.431275 0.401216 0.429452 0.459275 0.642126 0.394868 0.39079 0.364561 0.386245 0.341429 0.422146 0.40517 0.539692 0.465403 0.485652 0.53423 0.477677 1.27588 0.464368 0.370742 0.360755 0.365351 0.718631 0.900997 0.346988 0.344053 0.355755 0.397785 0.385057 1.05005 0.724035 0.780866 0.335879 0.40363 0.327917 0.357757 0.792418 0.397358 0.348255 0.336893 0.49517 0.407706 0.483289 0.400046 0.301568 0.382966 0.339157 0.400416 1.1391 0.7953 0.354187 0.424982 0.808935 0.353781 0.398411 0.334635 0.3934 0.376335 0.385391 0.400032 1.45289 0.358567 0.366595 0.380877 0.386157 0.372201 0.717247 0.989742 0.404396 0.464486 0.480841 1.51786 0.549123 0.267953 0.368432 0.49374 0.419324 0.785718 0.630409 0.901001 0.323953 0.626499 0.492847 0.355803 0.649944 0.71892 0.35939 0.32247 1.46262 1.50469 0.398143 0.484843 0.44541 0.373546 0.657644 0.405511 1.27839 0.44438 0.452858 0.300642 0.404895 0.437317 0.327089 0.484377 0.403445 0.372668 0.372122 0.440129 0.46659 0.344299 0.549126 0.536131 0.408929 0.389994 0.328091 0.405119 0.392754 0.477273 0.404638 0.483414 0.797735 0.356194 0.816817 0.386076 0.37804 0.49683 0.40089 0.423753 0.720739 0.400051 0.403896 0.460796 0.413199 0.459365 0.538714 0.437381 0.48596 0.389241 0.350237 0.394363 0.335476 0.359983 0.350433 0.488993 0.541069 0.381576 0.327839 0.402802 0.315167 0.818734 0.341829 0.721392 0.484694 0.465928 0.319725 0.403336 0.437328 0.389362 1.05903 0.399888 0.323647 0.422869 0.486601 0.482363 0.319373 0.456476 0.351963 0.537757 0.319952 0.346013 1.29659 0.391828 0.463897 0.330385 0.462709 0.378393 0.444027 0.361146 0.458269 0.450459 0.362838 0.715752 0.404732 0.896593 0.355947 0.369341 0.417775 0.400909 0.399736 0.400904 0.394859 0.54214 0.462293 0.722823 0.366948 0.459848 0.369836 0.439332 0.400533 0.544087 0.36408 1.36862 0.4035 0.538309 0.539468 0.339827 0.343187 0.400015 0.405181 0.341216 0.603771 0.345904 0.798996 0.545999 0.327513 0.314761 0.397568 0.390083 0.492658 0.339574 0.406364 0.407963 0.462977 0.423489 0.466345 1.50069 0.397287 0.408233 0.332103 0.42289 0.330825 0.432445 0.459683 0.396402 0.424419 0.650561 0.348537 0.397343 0.367131 0.336987 0.328189 0.456415 0.383112 0.538845 0.626525 0.809731 0.718612 0.429876 0.53094 0.350788 0.471797 0.341764 0.372831 0.502102 1.34552 0.544753 0.417143 0.334543 0.441061 0.405115 0.345863 0.330199 0.320912 0.377234 0.546284 0.465151 0.351089 0.348874 0.710261 0.466265 0.352631 0.335905 0.356409 1.03467 0.549118 0.412786 0.538628 0.441776 0.386501 1.45948 0.368298 0.416374 0.381316 0.544957 0.369207 1.46381 0.48302 0.403076 0.382901 0.356866 0.348269 0.348182 0.509998 0.351257 0.342594 0.544149 0.373173 0.353863 0.359852 0.380914 0.545039 0.378332 0.320936 0.329217 0.299983 0.445913 0.457205 0.341834 0.536709 0.402771 0.365761 0.372715 0.401474 0.484438 0.464724 0.551565 0.402987 0.36492 0.78522 0.779982 0.534662 0.538049 0.537279 0.357427 0.725032 0.335913 0.139972 0.369641 0.534401 0.488677 0.46004 0.458128 0.457632 0.420141 0.323625 0.467414 0.493426 1.40773 0.323542 0.402291 0.404706 0.536494 0.459729 0.40031 0.394743 0.361734 1.25381 0.433303 0.45696 0.34685 1.44945 1.02744 0.393864 0.484949 0.547673 0.404688 1.66 0.380742 1.05095 0.368999 0.465373 0.722785 0.536775 0.540257 0.437426 0.391645 0.897082 0.805989 0.411232 0.401699 0.551469 0.716374 0.460019 0.395378 0.317052 0.535321 0.641923 0.720062 0.37745 1.69616 0.437805 0.622565 0.422516 0.415445 0.319265 0.398205 0.404468 0.405406 0.347305 0.371714 0.378947 0.460779 0.493392 0.483582 1.0377 0.429082 0.33729 0.355003 0.449253 1.24574 0.40093 0.398993 0.459217 0.340547 1.25242 0.484886 0.898076 0.544259 0.825571 0.541074 0.404402 0.458166 0.365411 1.21323 0.543914 0.794742 0.498049 0.716768 0.370331 0.38662 0.445503 0.429223 0.627962 1.45246 0.391485 0.408167 0.435604 0.37464 0.442767 0.531462 0.398217 0.800424 1.51786 0.976749 0.141297 0.408503 0.375259 0.333188 0.377002 0.399713 0.3637 1.4 0.415092 0.505679 0.402381 0.364854 0.721367 0.355535 0.404098 0.34856 0.387776 0.538218 0.307315 0.37826 0.319683 0.635989 0.315428 0.325084 0.720843 0.38088 0.389437 0.397448 0.658036 0.547135 0.403065 0.425061 1.24698 0.333187 0.533931 0.393674 0.555846 0.355598 0.441846 0.369885 0.805509 0.535939 0.342565 0.364963 0.470501 0.723215 0.528106 0.340757 0.648663 0.566123 1.45559 0.543068 0.464004 0.392801 1.68414 0.371249 1.05029 0.343348 0.35144 0.469609 0.342269 0.351278 0.544551 1.37081 0.718793 0.34104 0.492816 0.79592 0.543498 0.484165 0.353299 0.720735 0.348149 0.403572 0.548836 0.396688 0.41568 0.396594 0.501806 0.405207 0.322837 1.47869 0.382601 0.464444 0.373117 0.403069 0.398653 0.432174 0.402195 0.393428 0.400671 0.340583 1.01813 0.388306 0.445042 0.395702 0.783868 0.492091 0.530931 0.78787 0.54665 0.469136 0.433174 0.400286 0.348271 0.785257 0.362107 0.375566 0.461483 0.397019 0.405317 0.324781 0.550024 0.393195 0.723912 0.649985 0.33907 1.49267 1.24864 0.805173 0.773113 0.445435 0.373216 0.491433 0.374443 0.372636 0.340656 0.351069 0.652369 0.462488 0.444079 0.405666 1.62297 0.823924 0.435324 0.353236 0.483641 0.384873 1.49104 0.423658 0.391871 0.372073 0.561022 0.334789 0.390506 0.44937
Testing:
Lab Growth Rates:
0.45 0.45
Dot Production Prediction of Lab Growth Rates:
1.44084 1.43122
Best performance so far: 
Obj: 4.67734e-310Rho: 2.26291e-314Diff: 4.67734e-310
Anneal again with the best G and E so far as input
Cycle 2Round 1
Iter 500000 pBad 0.860469 T 0.00200908 Obj 1.09499 Rho 0 GRdif 53.2686 success 110588 failure 8736 obj_new 1.09499 SA_pAcc 0.911017 Delta 0.037925 SA_r 0.875653 freedomratio 0.267914
Iter 1000000 pBad 0.761375 T 0.000516658 Obj 1.04182 Rho 0 GRdif 24.0495 success 218825 failure 24458 obj_new 1.04182 SA_pAcc 1 Delta -0.075333 SA_r 0.638981 freedomratio 0.262875
Iter 1500000 pBad 0.651998 T 0.000132865 Obj 1.03492 Rho 0 GRdif 20.1855 success 323250 failure 49290 obj_new 1.03499 SA_pAcc 0.600498 Delta 0.0246589 SA_r 0.725954 freedomratio 0.261237
Iter 2000000 pBad 0.573943 T 3.41677e-05 Obj 1.02539 Rho 0 GRdif 14.7202 success 423764 failure 83366 obj_new 1.02539 SA_pAcc 1 Delta -0.0420892 SA_r 0.795546 freedomratio 0.258135
Iter 2500000 pBad 0.425225 T 8.78661e-06 Obj 1.02043 Rho 0 GRdif 11.8713 success 521926 failure 124526 obj_new 1.02043 SA_pAcc 1 Delta 0.0151775 SA_r 0.965671 freedomratio 0.255997
Iter 3000000 pBad 0.341287 T 2.25958e-06 Obj 1.01618 Rho 0 GRdif 9.42365 success 614151 failure 176180 obj_new 1.01618 SA_pAcc 1 Delta -0.029684 SA_r 0.63465 freedomratio 0.253893
Iter 3500000 pBad 0.192448 T 5.81076e-07 Obj 1.01192 Rho 0 GRdif 6.95544 success 694712 failure 257601 obj_new 1.01192 SA_pAcc 1 Delta -0.0171362 SA_r 0.676901 freedomratio 0.232383
Iter 4000000 pBad 0.151236 T 1.4943e-07 Obj 1.01063 Rho 0 GRdif 6.20793 success 758742 failure 379320 obj_new 1.01063 SA_pAcc 1 Delta -0.00530805 SA_r 0.625229 freedomratio 0.217892
Iter 4500000 pBad 0.0479219 T 3.84278e-08 Obj 1.00983 Rho 0 GRdif 5.74431 success 806071 failure 556088 obj_new 1.00983 SA_pAcc 0.00195042 Delta 0.00453088 SA_r 0.871494 freedomratio 0.192207
Iter 5000000 pBad 0.0328313 T 9.88214e-09 Obj 1.00951 Rho 0 GRdif 5.55441 success 836355 failure 797473 obj_new 1.00951 SA_pAcc 1 Delta 0.00171418 SA_r 0.197435 freedomratio 0.167954
Iter 5500000 pBad 0.00921189 T 2.54131e-09 Obj 1.0094 Rho 0 GRdif 5.493 success 852040 failure 1098585 obj_new 1.0094 SA_pAcc 7.58106e-93 Delta 0.000530907 SA_r 0.835123 freedomratio 0.157584
Iter 6000000 pBad 0.00302677 T 6.53526e-10 Obj 1.00935 Rho 0 GRdif 5.46095 success 863313 failure 1428258 obj_new 1.00935 SA_pAcc 1 Delta -0.000308302 SA_r 0.438786 freedomratio 0.150436
Iter 6500000 pBad 0.00345767 T 1.68062e-10 Obj 1.00932 Rho 0 GRdif 5.44547 success 870606 failure 1778977 obj_new 1.00932 SA_pAcc 1 Delta -0.000263151 SA_r 0.272202 freedomratio 0.146787
Iter 7000000 pBad 0.000932593 T 4.3219e-11 Obj 1.00931 Rho 0 GRdif 5.44016 success 876704 failure 2139162 obj_new 1.00931 SA_pAcc 0 Delta -6.02666e-05 SA_r 0.0607728 freedomratio 0.144724
Iter 7500000 pBad 0.000862803 T 1.11143e-11 Obj 1.00931 Rho 0 GRdif 5.43822 success 881704 failure 2503833 obj_new 1.00931 SA_pAcc 0 Delta 5.1523e-05 SA_r 0.481492 freedomratio 0.144049
Iter 8000000 pBad 0.000394869 T 2.85816e-12 Obj 1.0093 Rho 0 GRdif 5.43585 success 887139 failure 2872055 obj_new 1.0093 SA_pAcc 1 Delta -1.91565e-05 SA_r 0.552391 freedomratio 0.143206
Iter 8500000 pBad 0.000480173 T 7.3501e-13 Obj 1.0093 Rho 0 GRdif 5.43497 success 892051 failure 3243956 obj_new 1.0093 SA_pAcc 1 Delta 2.35709e-05 SA_r 0.380087 freedomratio 0.141446
Iter 9000000 pBad 5.53551e-05 T 1.89016e-13 Obj 1.0093 Rho 0 GRdif 5.43726 success 898789 failure 3606715 obj_new 1.00931 SA_pAcc 0 Delta -1.87864e-06 SA_r 0.497294 freedomratio 0.14097
Iter 9500000 pBad 3.5174e-76 T 4.86077e-14 Obj 1.0093 Rho 0 GRdif 5.43427 success 899337 failure 3922072 obj_new 1.0093 SA_pAcc 1 Delta -1.19493e-77 SA_r 0.880653 freedomratio 0.133348
Good enough
iter 9.06233e+06 obj1.0093 rho 0 GRdif 5.43427
Training:
Lab Growth Rates:
0.5 0.41 0.48 0.31 0.46 0.53 0.465 0.37 0.4 0.43 0.5 0.65 0.4 0.54 0.47 0.41 0.48 0.1 0.4 0.53 0.46 0.37 0.23 0.25 0.901 0.46 0.47 0.58 0.39 0.648 0.901 0.59 0.5 0.19 0.43 0.11 1.05 0.724 1.345 0.58 0.4 0.59 0.54 1.345 0.4 0.53 0.39 0.5 0.54 0.485 0.4 0.3 0.54 0.59 0.4 0.1 1.345 0.42 0.46 1.345 0.47 0.4 0.54 0.47 0.27 0.46 0.4 0.45 0.52 0.49 0.54 0.47 0.2 0.637 0.1 0.4 0.58 0.42 0.45 0.55 0.3 0.45 0.41 0.53 1.483 0.25 0.901 0.6 0.7 0.301 0.52 0.65 0.648 0.42 0.41 1.67 0.45 0.4 0.485 0.68 0.43 0.65 0.4 1.43 0.55 0.55 0.3 0.4 0.37 0.3 0.42 0.4 0.33 0.1 0.53 0.58 0.36 0.55 0.53 0.36 0.43 0.6 0.4 0.47 0.5 0.4 0.46 1.345 0.47 1.483 0.52 0.37 0.301 0.4 0.37 0.686 0.4 0.4 0.25 0.43 0.46 0.56 0.55 0.476 0.42 0.45 0.4 0.33 0.26 0.45 0.377 0.56 0.5 0.33 0.43 0.53 1.345 0.42 0.636 0.485 0.22 0.42 0.4 0.26 0.2 0.1 0.4 0.48 0.22 0.26 0.485 0.3 0.56 0.36 0.5 0.46 0.17 1.43 0.22 0.53 0.59 0.5 0.46 0.68 0.36 0.58 0.54 0.43 0.637 0.3 0.901 0.45 0.33 0.47 0.4 0.59 0.52 0.43 0.54 0.58 0.686 0.43 0.5 0.09 0.37 0.4 0.59 0.47 1.03 0.4 0.56 0.23 0.42 0.19 0.47 0.4 0.39 0.617 0.09 1.483 0.59 0.54 0.3 0.45 0.54 0.41 0.42 0.4 0.4 0.56 0.37 0.33 1.42 0.4 0.45 0.3 0.37 0.42 0.54 0.58 0.4 0.47 0.65 0.5 0.4 0.45 0.5 0.5 0.58 0.52 0.5 0.7 1.483 0.635 0.37 0.5 0.4 0.22 0.58 0.52 0.5 1.38 0.23 0.46 0.48 0.68 0.4 0.59 0.6 0.6 0.52 0.59 0.46 0.52 0.54 0.636 0.58 0.42 0.58 0.36 1.46 0.5 0.43 0.5 0.46 0.45 0.762 0.54 0.46 0.38 0.59 0.47 0.762 0.481 0.4 0.11 0.3 0.47 0.48 0.27 0.58 0.32 0.54 0.5 0.25 0.41 0.5 0.56 0.58 0.25 0.39 0.3 0.23 0.46 0.38 0.54 0.4 0.25 0.38 0.4 0.476 0.56 0.59 0.4 0.48 1.483 1.345 0.56 0.23 0.56 0.54 0.636 0.46 0.14 0.58 0.56 0.377 0.46 0.58 0.58 0.37 0.59 0.5 0.301 0.1 0.34 0.4 0.4 0.56 0.58 0.4 0.52 0.53 1.248 0.55 0.56 0.38 0.762 1.05 0.41 0.476 0.5 0.4 1.66 0.58 1.05 0.42 0.56 0.686 0.56 0.54 0.33 0.37 0.901 1.345 0.47 0.4 0.55 0.648 0.22 0.54 0.39 0.53 0.65 0.635 0.47 1.05 0.37 0.7 0.17 0.46 0.48 0.4 0.4 0.4 0.39 0.49 0.41 0.46 0.31 0.465 1.46 0.37 0.3 0.54 0.54 1.248 0.4 0.4 0.56 0.17 1.248 0.481 0.901 0.23 1.345 0.56 0.4 0.58 0.45 1.35 0.54 1.345 0.5 0.71 0.36 0.59 0.23 0.1 0.7 0.762 0.53 0.37 0.47 0.37 0.68 0.53 0.4 1.345 1.49 0.1 0.14 0.51 0.52 0.34 0.33 0.4 0.36 1.4 0.36 0.31 0.4 0.5 0.71 0.42 0.4 0.34 0.27 0.23 0.3 0.27 0.32 0.65 0.46 0.27 0.635 0.3 0.54 0.4 0.65 0.55 0.53 0.47 1.248 0.37 0.54 0.47 0.5 0.5 0.55 0.53 1.483 0.56 0.5 0.47 0.22 0.724 0.53 0.38 0.1 0.5 0.45 0.56 0.58 0.52 1.46 0.43 1.05 0.48 0.47 0.46 0.19 0.32 0.59 1.67 0.637 0.36 0.42 1.483 0.5 0.481 0.42 0.724 0.11 0.4 0.55 0.5 0.51 0.58 0.5 0.4 0.3 0.45 0.42 0.5 0.43 0.4 0.4 0.54 0.45 0.2 0.4 0.48 1.46 0.54 0.23 0.47 1.483 0.41 0.54 1.483 0.59 0.33 0.54 0.4 0.4 1.483 0.25 0.45 0.22 0.4 0.4 0.5 0.55 0.51 0.71 0.65 0.42 0.25 1.248 1.483 1.483 0.54 0.52 0.377 0.47 0.46 0.42 0.59 0.65 0.5 0.68 0.4 1.66 1.345 0.09 0.27 0.465 0.45 1.44 0.47 0.47 0.22 0.5 0.33 0.49 0.55
Dot Production Prediction of Lab Growth Rates:
0.543482 0.409428 0.268411 0.599996 0.408796 0.531727 0.467435 0.423702 0.397818 0.440418 0.478545 0.645888 0.369412 0.396305 0.363621 0.393282 0.293578 0.434344 0.395329 0.554189 0.465745 0.539419 0.536777 0.536031 1.23496 0.525046 0.356507 0.381706 0.356915 0.69688 0.90338 0.310788 0.342464 0.32074 0.412819 0.383961 1.05003 0.70254 1.21927 0.282364 0.395083 0.301133 0.385708 1.22591 0.395201 0.315775 0.32509 0.621891 0.436872 0.473897 0.392185 0.269969 0.346262 0.330951 0.392867 2.22874 1.19988 0.324421 0.426795 1.21859 0.372242 0.392539 0.298467 0.407072 0.363009 0.378553 0.387743 1.45826 0.360491 0.401623 0.35865 0.377353 0.331926 0.696931 1.78731 0.397796 0.47079 0.583948 1.52408 0.554837 0.434818 0.349213 0.486005 0.460126 1.16833 0.900819 0.901001 0.557448 0.709461 0.493518 0.340016 0.675142 0.69556 0.346199 0.313734 1.51455 1.52787 0.384685 0.469449 0.592807 0.371839 0.65002 0.395924 1.21875 0.489675 0.491556 0.277192 0.397707 0.43339 0.572615 0.57526 0.395887 0.372785 0.334117 0.454049 0.472906 0.326983 0.567417 0.54423 0.440176 0.359796 0.561688 0.396895 0.394252 0.621056 0.39836 0.537003 1.22254 0.345837 1.24027 0.386675 0.389167 0.499177 0.399863 0.464587 0.700364 0.394997 0.396949 0.49254 0.421261 0.478374 0.545097 0.49442 0.472187 0.410502 0.340793 0.380597 0.301741 0.376046 0.287704 0.485239 0.546758 0.38193 0.304208 0.397734 0.244193 1.28252 0.333763 0.702356 0.468465 0.496418 0.284815 0.395532 0.44566 0.36221 2.08784 0.38952 0.268018 0.477166 0.552333 0.468238 0.539224 0.463947 0.313029 0.719907 0.288987 0.31097 1.22775 0.408663 0.506905 0.317529 0.479522 0.359831 0.591213 0.363568 0.46488 0.484235 0.362772 0.692374 0.390883 0.894736 0.338933 0.336245 0.465846 0.394966 0.38441 0.402485 0.3877 0.542014 0.493233 0.700992 0.355782 0.496046 0.373284 0.433938 0.389663 0.554255 0.378864 1.26937 0.395663 0.539329 0.548681 0.319212 0.306515 0.411566 0.39489 0.317231 0.86517 0.347915 1.20121 0.554432 0.290913 0.546578 0.435205 0.373072 0.485492 0.313609 0.397856 0.401457 0.489761 0.413709 0.523149 1.52434 0.389386 0.426537 0.570445 0.413217 0.285839 0.466922 0.486931 0.393678 0.447215 0.641221 0.333881 0.387494 0.304458 0.312554 0.327196 0.489743 0.399262 0.547627 0.71002 1.24489 0.697706 0.419851 0.548959 0.293072 0.495726 0.355675 0.410203 0.649364 1.26347 0.545978 0.426312 0.272025 0.583049 0.393086 0.334408 0.582836 0.568684 0.384499 0.562793 0.463919 0.369535 0.340661 0.68904 0.474334 0.277085 0.319893 0.354239 1.02391 0.67632 0.416336 0.703439 0.482278 0.375692 1.40946 0.383018 0.38353 0.386919 0.553595 0.363637 1.42719 0.46877 0.400594 0.402976 0.310936 0.316912 0.331743 0.605721 0.380544 0.327081 0.542211 0.38094 0.34607 0.336177 0.406068 0.554108 0.363787 0.287606 0.303588 0.500391 0.439279 0.450348 0.308099 0.558076 0.393277 0.340886 0.373801 0.391478 0.467458 0.481576 0.551238 0.39304 0.356318 1.16209 1.17011 0.545353 0.542827 0.541114 0.380043 0.704031 0.320762 0.536996 0.370749 0.53819 0.477382 0.460011 0.464705 0.463821 0.410917 0.304086 0.481296 0.495327 1.40681 0.30086 0.393305 0.397899 0.543799 0.455273 0.393257 0.411478 0.384417 1.24897 0.47587 0.466519 0.270341 1.39357 0.99922 0.421816 0.47237 0.549566 0.397077 1.51767 0.374638 1.05715 0.301355 0.490513 0.70149 0.543157 0.538812 0.480429 0.41923 0.900781 1.21771 0.380974 0.394715 0.563928 0.688436 0.489934 0.407509 0.274384 0.53714 0.616917 0.700905 0.374743 1.40724 0.433469 0.715134 0.461702 0.420277 0.292278 0.392609 0.397604 0.398268 0.319653 0.395084 0.385245 0.459676 0.564565 0.471623 1.01688 0.42202 0.603687 0.314896 0.4743 1.23862 0.388059 0.393379 0.465594 0.299901 1.26034 0.465091 0.895406 0.553555 1.25876 0.538832 0.395406 0.453094 0.317353 1.16846 0.556507 1.2016 0.616499 0.6917 0.370906 0.362453 0.437937 0.447553 0.716596 1.40341 0.434717 0.451788 0.46266 0.398326 0.584861 0.529174 0.397426 1.2072 1.52408 1.78522 0.545484 0.432133 0.380642 0.299666 0.379554 0.388272 0.369604 1.4 0.452854 0.580642 0.399251 0.368489 0.695643 0.337554 0.394709 0.327061 0.373932 0.541631 0.284116 0.381369 0.286528 0.644668 0.265782 0.281512 0.695462 0.360184 0.359774 0.383552 0.67869 0.551234 0.426272 0.445593 1.2425 0.255603 0.538334 0.357184 0.72298 0.326335 0.489657 0.348215 1.23391 0.540457 0.309594 0.344835 0.497767 0.705647 0.525343 0.265564 0.884337 0.71993 1.47107 0.549892 0.490213 0.374184 1.44592 0.385529 1.05455 0.341327 0.360868 0.51587 0.307417 0.341748 0.549732 1.39557 0.700875 0.337078 0.606474 1.19132 0.561663 0.464762 0.323831 0.700455 0.332638 0.393007 0.554804 0.444787 0.448911 0.404456 0.619775 0.396025 0.546882 1.47846 0.346765 0.495812 0.382894 0.391048 0.388031 0.471057 0.426676 0.358691 0.397451 0.329155 0.992803 0.363738 0.438135 0.402818 1.18075 0.491306 0.549482 1.19852 0.554357 0.529127 0.47441 0.391639 0.287068 1.19114 0.345319 0.384961 0.49297 0.382619 0.398309 0.310704 0.561653 0.41172 0.702871 0.669128 0.303616 1.48856 1.24342 1.23816 1.14067 0.467771 0.377614 0.483428 0.360048 0.354133 0.32009 0.311916 0.678071 0.499434 0.590991 0.397228 1.48723 1.29805 0.490829 0.326957 0.469292 0.398364 1.47171 0.462886 0.364718 0.367876 0.745974 0.323616 0.418582 0.489987
Testing:
Lab Growth Rates:
0.45 0.45
Dot Production Prediction of Lab Growth Rates:
1.45162 1.43082
Best performance so far: 
Obj: 4.67734e-310Rho: 6.5069e-314Diff: 4.67734e-310
Test:
 Lab Growth Rates:
0.45 0.45Dot Product Prediction of Growth Rate:
1.451622 1.430817