seed =  5 traits =  1 
Training: part  193 
Training: part  193 
Round  1 
 Goal of obj  0.99 
Temperature range:  0.00390625 1.5625e-14 
Cycle 1Round 1
Iter 500000 pBad 0.832261 T 0.00105163 Obj 1.0758 Rho 0 GRdif 42.815 success 145678 failure 12158 obj_new 1.0758 SA_pAcc 1 Delta 0.0160826 SA_r 0.134754 freedomratio 0.371592
Iter 1000000 pBad 0.766131 T 0.000283118 Obj 1.03724 Rho 0 GRdif 21.4263 success 287741 failure 33055 obj_new 1.03724 SA_pAcc 0.84176 Delta 0.00200144 SA_r 0.625749 freedomratio 0.363524
Iter 1500000 pBad 0.672652 T 7.62202e-05 Obj 1.02447 Rho 0 GRdif 14.1682 success 425690 failure 62683 obj_new 1.02447 SA_pAcc 1.05083 Delta -0.0194901 SA_r 0.222683 freedomratio 0.36809
Iter 2000000 pBad 0.553342 T 2.05198e-05 Obj 1.01851 Rho 0 GRdif 10.7456 success 561135 failure 98749 obj_new 1.01851 SA_pAcc 0.331273 Delta -0.0413815 SA_r 0.264033 freedomratio 0.362848
Iter 2500000 pBad 0.467989 T 5.52429e-06 Obj 1.01479 Rho 0 GRdif 8.95935 success 688267 failure 146890 obj_new 1.01541 SA_pAcc 4.1603e-49 Delta -0.0220599 SA_r 0.321285 freedomratio 0.356231
Iter 3000000 pBad 0.294167 T 1.48723e-06 Obj 1.01083 Rho 0 GRdif 6.31003 success 804892 failure 218432 obj_new 1.01083 SA_pAcc 0.556466 Delta -0.00624814 SA_r 0.345363 freedomratio 0.344706
Iter 3500000 pBad 0.160233 T 4.00389e-07 Obj 1.0093 Rho 0 GRdif 5.42559 success 896896 failure 338862 obj_new 1.0093 SA_pAcc 1 Delta -0.00684914 SA_r 0.0931768 freedomratio 0.314378
Iter 4000000 pBad 0.0635616 T 1.07792e-07 Obj 1.0089 Rho 0 GRdif 5.19122 success 952646 failure 540511 obj_new 1.0089 SA_pAcc 1 Delta -0.0045667 SA_r 0.863678 freedomratio 0.267458
Iter 4500000 pBad 0.0321975 T 2.90194e-08 Obj 1.00874 Rho 0 GRdif 5.10162 success 985129 failure 807208 obj_new 1.00874 SA_pAcc 0.100283 Delta 0.000479838 SA_r 0.790091 freedomratio 0.23572
Iter 5000000 pBad 0.0221112 T 7.81252e-09 Obj 1.00867 Rho 0 GRdif 5.05708 success 1005741 failure 1116123 obj_new 1.00867 SA_pAcc 0.000426587 Delta -0.00220745 SA_r 0.223981 freedomratio 0.215046
Iter 5500000 pBad 0.00911845 T 2.10327e-09 Obj 1.00864 Rho 0 GRdif 5.06767 success 1016512 failure 1460526 obj_new 1.00869 SA_pAcc 0 Delta 0.00069573 SA_r 0.97231 freedomratio 0.201791
Iter 6000000 pBad 0.00244385 T 5.66236e-10 Obj 1.00863 Rho 0 GRdif 5.03552 success 1023427 failure 1824724 obj_new 1.00863 SA_pAcc 1 Delta 0.000191881 SA_r 0.146749 freedomratio 0.194362
Iter 6500000 pBad 0.00201184 T 1.5244e-10 Obj 1.00862 Rho 0 GRdif 5.03239 success 1027571 failure 2201559 obj_new 1.00862 SA_pAcc 1 Delta -1.9538e-05 SA_r 0.791035 freedomratio 0.191879
Iter 7000000 pBad 0.00117466 T 4.10396e-11 Obj 1.00862 Rho 0 GRdif 5.03028 success 1030800 failure 2586785 obj_new 1.00862 SA_pAcc 1 Delta -5.8377e-05 SA_r 0.152144 freedomratio 0.186922
Iter 7500000 pBad 0.000937248 T 1.10486e-11 Obj 1.00862 Rho 0 GRdif 5.02944 success 1032680 failure 2977062 obj_new 1.00862 SA_pAcc 3.4195e-147 Delta -2.18535e-06 SA_r 0.233094 freedomratio 0.185443
Iter 8000000 pBad 0.000658541 T 2.97447e-12 Obj 1.00862 Rho 0 GRdif 5.16229 success 1034336 failure 3369153 obj_new 1.00885 SA_pAcc 0 Delta 5.08115e-05 SA_r 0.286996 freedomratio 0.184567
Iter 8500000 pBad 0.000416583 T 8.00778e-13 Obj 1.00862 Rho 0 GRdif 5.0284 success 1038032 failure 3766563 obj_new 1.00862 SA_pAcc 0 Delta 3.02079e-05 SA_r 0.914756 freedomratio 0.175976
Iter 9000000 pBad 9.92996e-17 T 2.15583e-13 Obj 1.00862 Rho 0 GRdif 5.02819 success 1041307 failure 4138254 obj_new 1.00862 SA_pAcc 1 Delta -5.76725e-18 SA_r 0.720342 freedomratio 0.166856
Iter 9500000 pBad 8.70981e-68 T 5.80388e-14 Obj 1.00862 Rho 0 GRdif 5.02881 success 1041307 failure 4467479 obj_new 1.00862 SA_pAcc 0 Delta -5.11652e-69 SA_r 0.931695 freedomratio 0.166383
Iter 10000000 pBad 0 T 1.5625e-14 Obj 1.00862 Rho 0 GRdif 5.0282 success 1041307 failure 4802537 obj_new 1.00862 SA_pAcc 0 Delta -0 SA_r 0.90282 freedomratio 0.0951299
Cannot move further
iter 8.84973e+06 obj1.00862 rho 0 GRdif 5.02819
Training:
Lab Growth Rates:
1.05 0.42 0.37 0.4 0.11 0.42 0.3 0.47 0.33 0.465 0.301 0.59 1.03 0.59 0.762 0.5 0.7 0.53 0.3 0.37 0.65 0.5 0.37 0.377 0.58 1.483 0.22 0.41 0.4 0.53 0.42 0.41 0.22 0.4 0.52 0.55 0.4 0.14 0.59 0.5 0.32 0.4 0.27 0.46 0.5 0.26 0.636 0.36 0.58 0.19 1.46 0.46 0.1 0.27 0.47 0.5 0.48 1.483 0.59 0.5 0.4 0.34 0.4 0.33 0.56 0.43 0.4 0.59 0.4 0.58 0.41 0.5 0.58 0.56 0.465 0.68 0.5 0.4 0.47 0.43 1.345 0.19 0.38 0.27 0.7 0.33 0.52 0.47 0.65 0.54 0.41 0.4 0.47 0.52 0.37 0.5 0.38 0.54 0.41 0.5 0.33 0.54 0.33 0.54 0.4 0.4 0.5 0.637 1.46 0.56 0.25 0.17 0.42 0.56 0.31 0.34 1.46 0.6 0.4 0.42 0.65 0.4 0.58 0.41 0.46 1.248 0.59 0.4 1.345 0.43 0.47 1.483 0.31 0.485 0.55 0.53 0.31 0.46 0.47 0.59 0.55 0.58 1.67 1.345 0.3 0.65 0.5 0.481 0.45 0.3 0.1 0.22 0.1 1.483 0.55 0.3 0.4 0.54 0.58 0.4 0.45 0.4 0.5 0.54 0.45 0.686 0.09 0.4 0.301 0.56 0.46 0.42 0.45 0.2 0.4 0.4 0.45 0.47 0.48 0.54 0.45 0.43 0.41 0.1 0.45 0.4 1.35 0.39 1.483 0.45 0.56 0.53 0.47 0.54 0.65 0.23 1.345 0.58 0.37 0.25 0.54 0.37 0.51 0.45 0.4 0.53 1.43 0.47 0.53 0.4 0.48 0.59 0.22 0.485 0.901 1.67 0.46 0.5 0.1 0.45 1.66 0.45 0.25 0.47 0.47 0.53 0.4 0.54 0.41 0.46 0.1 0.635 0.5 0.54 0.52 0.37 0.5 0.4 1.483 0.37 0.901 0.55 0.4 0.377 0.47 0.43 0.648 0.4 0.58 1.345 0.4 0.46 0.54 0.5 0.36 0.46 0.46 0.58 0.09 0.42 0.46 0.55 0.3 0.724 0.476 0.55 0.4 1.38 0.23 1.248 0.43 0.52 0.46 0.4 0.54 0.53 0.25 0.43 0.33 0.14 0.47 0.58 0.58 0.58 0.42 0.901 0.32 0.43 0.724 0.22 0.901 0.6 0.4 0.42 0.45 0.42 0.54 0.5 0.42 0.4 0.4 0.5 0.55 0.4 0.23 0.5 0.5 0.901 0.54 0.22 0.4 0.4 0.465 0.5 0.48 0.52 0.54 0.5 0.58 0.481 0.54 0.58 0.53 0.49 0.5 0.47 0.52 0.54 0.4 1.05 0.59 0.52 0.2 0.59 0.37 0.09 0.36 0.4 0.47 0.636 0.25 0.42 0.47 0.56 0.23 1.05 0.4 0.53 0.3 0.49 0.5 0.37 0.39 0.36 0.3 0.3 0.635 1.248 0.32 0.48 0.52 0.42 0.617 0.4 0.26 0.46 0.56 0.3 0.53 0.5 0.59 0.5 0.25 0.58 0.762 0.4 0.11 0.3 0.4 0.4 0.38 0.4 0.55 0.47 0.65 0.41 0.54 0.37 0.51 0.54 1.345 0.17 1.483 0.7 0.901 0.56 0.34 0.54 0.43 0.1 0.39 0.23 1.345 0.762 0.53 0.5 0.54 1.4 0.648 1.66 0.53 0.54 0.1 0.55 0.5 0.71 0.724 0.59 0.46 0.65 0.45 1.43 0.68 0.46 0.4 0.58 0.4 0.45 0.68 1.248 0.4 0.686 0.58 0.37 1.345 0.38 0.54 0.23 0.5 1.345 0.48 0.33 0.48 0.56 1.05 0.43 0.56 0.3 0.4 0.46 0.46 0.45 1.248 0.26 0.53 0.635 0.4 0.33 0.43 0.4 0.47 0.45 0.19 0.59 0.4 0.37 1.483 0.25 0.56 0.65 0.5 0.1 0.59 0.47 0.762 0.36 0.45 0.33 0.3 0.54 0.45 0.52 0.42 1.345 0.56 0.4 1.05 0.51 0.485 1.483 0.476 0.4 0.636 0.27 0.59 0.56 0.37 0.36 0.637 0.58 0.6 0.4 1.483 0.42 0.38 0.481 0.45 0.3 0.37 0.42 0.4 0.42 0.55 0.5 1.42 0.71 0.58 0.48 0.23 0.5 0.637 0.27 0.648 0.4 0.54 0.6 1.46 0.7 0.4 0.65 1.483 0.54 0.4 0.39 0.39 0.23 0.55 0.47 0.27 0.25 0.37 0.52 0.56 0.23 0.68 0.17 0.47 0.52 0.686 0.46 0.46 0.11 0.56 0.56 0.49 1.345 0.4 0.22 0.4 0.47 0.43 0.68 0.54 0.4 1.483 0.42 1.44 0.47 0.301 1.49 0.46 0.377 0.2 0.53 0.48 0.59 0.46 1.345 0.22 0.5 0.476 0.39 0.56 0.485 0.71 0.58
Dot Production Prediction of Lab Growth Rates:
1.05 0.571607 0.433506 0.384102 0.330246 0.359723 0.387073 0.426035 0.363514 0.619098 0.608817 0.410136 1.38955 0.353827 0.961035 0.615849 0.70225 0.406463 0.427598 0.415745 0.63 0.459499 0.412356 0.610302 0.458176 1.04775 0.471394 0.607993 0.378877 0.530927 0.577691 0.368207 0.462334 0.388144 0.371412 0.440142 0.381585 0.140016 0.546464 0.616889 0.300074 0.404886 0.393299 0.395795 0.458233 0.559647 0.724629 0.416812 0.461119 0.329925 1.02599 0.461829 0.803874 0.351875 0.492956 0.633294 0.314792 1.02545 0.335485 0.377354 0.386334 0.32862 0.384127 0.439159 0.538929 0.472859 0.385003 0.553879 0.385107 0.467406 0.313193 0.321698 0.353504 0.457959 0.622551 0.354952 0.457281 0.372134 0.350609 0.416413 1.05786 0.349502 0.340908 0.38805 0.698533 0.327211 0.378067 0.354724 0.649757 0.54149 0.384366 0.384967 0.383507 0.38515 0.396822 0.541958 0.322427 0.401663 0.358076 0.367233 0.354576 0.349735 0.512308 0.538668 0.401449 0.404952 0.685179 0.707862 1.02005 0.532083 0.358828 0.409768 0.342107 0.543036 0.582173 0.319482 1.0282 0.511734 0.385006 0.362285 0.65057 0.386628 0.349727 0.617308 0.303683 0.97344 0.331967 0.37335 1.07344 0.36663 0.475866 0.991209 0.569284 0.611821 0.544662 0.354962 0.572706 0.537866 0.38666 0.335816 0.544256 0.457089 1.54895 0.955366 0.534417 0.658734 0.463339 0.615607 1.53147 0.509654 0.450268 0.462959 0.380785 1.0276 0.437433 0.508342 0.382807 0.430696 0.348506 0.385279 0.41535 0.406502 0.531232 0.401177 1.62285 0.723446 0.43402 0.407688 0.603193 0.455051 0.435543 0.350292 0.32474 0.390561 0.387637 0.386141 1.52261 0.361673 0.306039 0.440018 0.364035 0.349479 0.615784 0.456871 1.55705 0.38621 1.23713 0.327657 0.996924 0.371095 0.462175 0.534486 0.341823 0.413201 0.649981 0.439524 1.00487 0.449922 0.415588 0.377533 0.339594 0.417268 0.411731 0.394524 0.405266 0.390509 1.32226 0.349747 0.528786 0.387828 0.33146 0.30722 0.468869 0.612524 0.926872 1.54919 0.504137 0.699086 1.36219 0.386307 1.66 0.413203 0.523527 0.352779 0.353495 0.338253 0.398585 0.378661 0.384896 0.457954 1.20027 0.71121 0.697075 0.346921 0.355044 0.424315 0.359504 0.405869 1.00296 0.434002 0.899722 0.435294 0.386482 0.611551 0.410898 0.40902 0.709711 0.386283 0.467411 1.00116 0.376926 0.453143 0.446455 0.320881 0.400432 0.455303 0.358485 0.354144 0.336273 0.363664 0.460002 0.424561 0.411352 0.721271 0.623205 0.550041 0.385026 1.34886 0.439149 0.968436 0.435543 0.411944 0.29422 0.379669 0.520036 0.534942 1.5776 0.419802 0.31644 0.139586 0.36764 0.454864 0.332295 0.358734 0.580822 0.9015 0.320375 0.377764 0.724013 0.463463 0.900257 0.51849 0.398266 0.312227 1.54138 0.331246 0.541105 0.719621 0.350168 0.423104 0.375369 0.394663 0.547707 0.379031 0.540301 0.532639 0.529046 0.901737 0.430228 0.355845 0.382422 0.380512 0.621563 0.323443 0.338974 0.377762 0.388693 0.340585 0.46111 0.617359 0.367052 0.380542 0.537501 0.354587 0.718311 0.430508 0.412114 0.447097 0.347728 1.05 0.542222 0.384163 0.425817 0.543143 0.390235 0.368797 0.340166 0.385709 0.367066 0.719053 0.303422 0.341875 0.491001 0.530966 0.540806 1.55845 0.405466 0.293728 0.30118 0.36707 0.348184 0.325119 0.3318 0.367936 0.493768 0.361061 0.711233 0.965846 0.344852 0.334512 0.359497 0.324998 0.615008 0.387235 0.48974 0.363408 0.539608 0.303857 0.394479 0.313685 0.542624 0.45826 0.558365 0.331359 0.951691 0.396919 0.365858 0.530069 0.382306 0.386339 0.357022 0.38547 0.550321 0.387443 0.637907 0.383742 0.534082 0.388322 0.397555 0.331309 1.03048 0.336982 0.99172 0.700884 0.900986 0.460486 0.315056 0.427933 0.360747 1.49512 0.320163 0.542029 1.04108 0.960889 0.548165 0.595922 0.544583 1.61328 0.705105 1.63292 0.530014 0.316941 1.14777 0.429877 0.534366 0.717681 0.723919 0.305362 0.359547 0.678107 0.361491 1.33119 0.354148 0.524003 0.381506 0.456409 0.406479 0.353137 0.355156 0.968984 0.403753 0.724193 0.466037 0.420325 1.05959 0.371645 0.378391 0.544404 0.62433 1.08442 0.307415 0.471161 0.334538 0.457275 1.02221 0.41813 0.543766 0.466288 0.379038 0.460184 0.467039 1.58988 0.965854 0.360194 0.336641 0.710493 0.383772 0.323471 0.394286 0.404342 0.347978 0.329195 0.338343 0.397787 0.385562 0.43264 1.02805 0.372371 0.542995 0.685259 0.45908 1.14184 0.544947 0.431583 0.955935 0.329238 0.323747 0.374997 0.49803 0.416775 1.57455 0.351095 0.355246 0.986949 0.53891 0.385643 1.05018 0.385516 0.621624 1.03734 0.62489 0.385881 0.71947 0.607052 0.549615 0.531713 0.43123 0.328533 0.70874 0.300437 0.516608 0.404081 1.01952 0.354006 0.388893 0.622493 0.3486 0.307741 0.555902 0.378543 0.37917 0.389034 0.443047 0.336217 1.60111 0.723859 0.468931 0.308556 0.536538 0.353597 0.710128 0.304828 0.710837 0.380589 0.386805 0.528326 1.51954 0.699924 0.355861 0.643142 1.00437 0.52765 0.371102 0.314847 0.30039 0.44116 0.550414 0.414984 0.363561 0.762387 0.387816 0.354946 0.454027 0.543788 0.354263 0.336098 0.353558 0.359334 0.721897 0.469506 0.312378 0.364176 0.542908 0.541846 0.356713 1.05678 0.384385 0.377434 0.384758 0.397272 0.458386 0.353788 0.343232 0.379651 1.02071 0.371157 1.57636 0.443579 0.608753 1.58988 0.433923 0.610394 0.421335 0.488599 0.347048 0.311268 0.440056 1.0602 0.426789 0.734015 0.622309 0.315314 0.535064 0.621143 0.721836 0.457626
Testing:
Lab Growth Rates:
0.36 0.36 0.36
Dot Production Prediction of Lab Growth Rates:
0.370987 0.346578 0.349184
Best performance so far: 
Obj: 4.65827e-310Rho: 2.26291e-314Diff: 4.65827e-310
Anneal again with the best G and E so far as input
Cycle 2Round 1
Iter 500000 pBad 0.813792 T 0.00105163 Obj 1.04713 Rho 0 GRdif 26.9882 success 117273 failure 11575 obj_new 1.04713 SA_pAcc 1 Delta 0.0543327 SA_r 0.695907 freedomratio 0.283366
Iter 1000000 pBad 0.752189 T 0.000283118 Obj 1.0278 Rho 0 GRdif 16.0689 success 231401 failure 29625 obj_new 1.0278 SA_pAcc 1 Delta 0.0253403 SA_r 0.989689 freedomratio 0.285019
Iter 1500000 pBad 0.638077 T 7.62202e-05 Obj 1.02559 Rho 0 GRdif 14.8074 success 343750 failure 52211 obj_new 1.02559 SA_pAcc 1 Delta -0.00620744 SA_r 0.949289 freedomratio 0.279181
Iter 2000000 pBad 0.57899 T 2.05198e-05 Obj 1.01975 Rho 0 GRdif 11.4579 success 453387 failure 81394 obj_new 1.01975 SA_pAcc 0.911438 Delta 0.0169759 SA_r 0.636389 freedomratio 0.278915
Iter 2500000 pBad 0.400392 T 5.52429e-06 Obj 1.01732 Rho 0 GRdif 10.0602 success 557996 failure 121226 obj_new 1.01732 SA_pAcc 0.815879 Delta -0.0152957 SA_r 0.251723 freedomratio 0.275117
Iter 3000000 pBad 0.260491 T 1.48723e-06 Obj 1.01209 Rho 0 GRdif 7.04491 success 645175 failure 198655 obj_new 1.01209 SA_pAcc 3.11877 Delta 0.0139675 SA_r 0.54789 freedomratio 0.25423
Iter 3500000 pBad 0.164067 T 4.00389e-07 Obj 1.0097 Rho 0 GRdif 5.65632 success 726865 failure 291584 obj_new 1.0097 SA_pAcc 0.219364 Delta 0.0134621 SA_r 0.634101 freedomratio 0.249044
Iter 4000000 pBad 0.065531 T 1.07792e-07 Obj 1.00907 Rho 0 GRdif 5.29305 success 777187 failure 458510 obj_new 1.00907 SA_pAcc 1 Delta -0.0051354 SA_r 0.25842 freedomratio 0.218006
Iter 4500000 pBad 0.0299437 T 2.90194e-08 Obj 1.00885 Rho 0 GRdif 5.16422 success 805204 failure 691178 obj_new 1.00885 SA_pAcc 0.0117996 Delta -0.000412686 SA_r 0.992615 freedomratio 0.198375
Iter 5000000 pBad 0.0185985 T 7.81252e-09 Obj 1.00875 Rho 0 GRdif 5.10279 success 822500 failure 965215 obj_new 1.00875 SA_pAcc 1 Delta 0.000821957 SA_r 0.551683 freedomratio 0.183641
Iter 5500000 pBad 0.0108758 T 2.10327e-09 Obj 1.00869 Rho 0 GRdif 5.06912 success 838110 failure 1265510 obj_new 1.00869 SA_pAcc 1 Delta -0.000271783 SA_r 0.347037 freedomratio 0.167764
Iter 6000000 pBad 0.00437259 T 5.66236e-10 Obj 1.00867 Rho 0 GRdif 5.05759 success 847639 failure 1599450 obj_new 1.00867 SA_pAcc 6.78687e-209 Delta -0.000399676 SA_r 0.590002 freedomratio 0.159153
Iter 6500000 pBad 0.00355733 T 1.5244e-10 Obj 1.00866 Rho 0 GRdif 5.05125 success 855298 failure 1952537 obj_new 1.00866 SA_pAcc 0 Delta 0.000324336 SA_r 0.0799682 freedomratio 0.153604
Iter 7000000 pBad 0.0026406 T 4.10396e-11 Obj 1.00865 Rho 0 GRdif 5.04574 success 863575 failure 2323876 obj_new 1.00865 SA_pAcc 1 Delta 0.000232596 SA_r 0.856405 freedomratio 0.146463
Iter 7500000 pBad 0.000668533 T 1.10486e-11 Obj 1.00864 Rho 0 GRdif 5.05247 success 870985 failure 2710710 obj_new 1.00866 SA_pAcc 0 Delta -3.06488e-05 SA_r 0.26948 freedomratio 0.141409
Iter 8000000 pBad 0.000324018 T 2.97447e-12 Obj 1.00864 Rho 0 GRdif 5.04208 success 876475 failure 3110986 obj_new 1.00864 SA_pAcc 1 Delta -4.07746e-06 SA_r 0.521778 freedomratio 0.139757
Iter 8500000 pBad 1.8929e-12 T 8.00778e-13 Obj 1.00864 Rho 0 GRdif 5.04106 success 884674 failure 3499077 obj_new 1.00864 SA_pAcc 0 Delta -1.62029e-14 SA_r 0.671048 freedomratio 0.131774
Iter 9000000 pBad 1.39808e-175 T 2.15583e-13 Obj 1.00864 Rho 0 GRdif 5.04105 success 884716 failure 3855975 obj_new 1.00864 SA_pAcc 0 Delta -8.08629e-177 SA_r 0.159478 freedomratio 0.131774
Iter 9500000 pBad 1.21727e-204 T 5.80388e-14 Obj 1.00864 Rho 0 GRdif 5.04107 success 884716 failure 4215679 obj_new 1.00864 SA_pAcc 0 Delta -8.71661e-206 SA_r 0.343799 freedomratio 0.106545
Good enough
iter 8.50832e+06 obj1.00864 rho 0 GRdif 5.04104
Training:
Lab Growth Rates:
1.05 0.42 0.37 0.4 0.11 0.42 0.3 0.47 0.33 0.465 0.301 0.59 1.03 0.59 0.762 0.5 0.7 0.53 0.3 0.37 0.65 0.5 0.37 0.377 0.58 1.483 0.22 0.41 0.4 0.53 0.42 0.41 0.22 0.4 0.52 0.55 0.4 0.14 0.59 0.5 0.32 0.4 0.27 0.46 0.5 0.26 0.636 0.36 0.58 0.19 1.46 0.46 0.1 0.27 0.47 0.5 0.48 1.483 0.59 0.5 0.4 0.34 0.4 0.33 0.56 0.43 0.4 0.59 0.4 0.58 0.41 0.5 0.58 0.56 0.465 0.68 0.5 0.4 0.47 0.43 1.345 0.19 0.38 0.27 0.7 0.33 0.52 0.47 0.65 0.54 0.41 0.4 0.47 0.52 0.37 0.5 0.38 0.54 0.41 0.5 0.33 0.54 0.33 0.54 0.4 0.4 0.5 0.637 1.46 0.56 0.25 0.17 0.42 0.56 0.31 0.34 1.46 0.6 0.4 0.42 0.65 0.4 0.58 0.41 0.46 1.248 0.59 0.4 1.345 0.43 0.47 1.483 0.31 0.485 0.55 0.53 0.31 0.46 0.47 0.59 0.55 0.58 1.67 1.345 0.3 0.65 0.5 0.481 0.45 0.3 0.1 0.22 0.1 1.483 0.55 0.3 0.4 0.54 0.58 0.4 0.45 0.4 0.5 0.54 0.45 0.686 0.09 0.4 0.301 0.56 0.46 0.42 0.45 0.2 0.4 0.4 0.45 0.47 0.48 0.54 0.45 0.43 0.41 0.1 0.45 0.4 1.35 0.39 1.483 0.45 0.56 0.53 0.47 0.54 0.65 0.23 1.345 0.58 0.37 0.25 0.54 0.37 0.51 0.45 0.4 0.53 1.43 0.47 0.53 0.4 0.48 0.59 0.22 0.485 0.901 1.67 0.46 0.5 0.1 0.45 1.66 0.45 0.25 0.47 0.47 0.53 0.4 0.54 0.41 0.46 0.1 0.635 0.5 0.54 0.52 0.37 0.5 0.4 1.483 0.37 0.901 0.55 0.4 0.377 0.47 0.43 0.648 0.4 0.58 1.345 0.4 0.46 0.54 0.5 0.36 0.46 0.46 0.58 0.09 0.42 0.46 0.55 0.3 0.724 0.476 0.55 0.4 1.38 0.23 1.248 0.43 0.52 0.46 0.4 0.54 0.53 0.25 0.43 0.33 0.14 0.47 0.58 0.58 0.58 0.42 0.901 0.32 0.43 0.724 0.22 0.901 0.6 0.4 0.42 0.45 0.42 0.54 0.5 0.42 0.4 0.4 0.5 0.55 0.4 0.23 0.5 0.5 0.901 0.54 0.22 0.4 0.4 0.465 0.5 0.48 0.52 0.54 0.5 0.58 0.481 0.54 0.58 0.53 0.49 0.5 0.47 0.52 0.54 0.4 1.05 0.59 0.52 0.2 0.59 0.37 0.09 0.36 0.4 0.47 0.636 0.25 0.42 0.47 0.56 0.23 1.05 0.4 0.53 0.3 0.49 0.5 0.37 0.39 0.36 0.3 0.3 0.635 1.248 0.32 0.48 0.52 0.42 0.617 0.4 0.26 0.46 0.56 0.3 0.53 0.5 0.59 0.5 0.25 0.58 0.762 0.4 0.11 0.3 0.4 0.4 0.38 0.4 0.55 0.47 0.65 0.41 0.54 0.37 0.51 0.54 1.345 0.17 1.483 0.7 0.901 0.56 0.34 0.54 0.43 0.1 0.39 0.23 1.345 0.762 0.53 0.5 0.54 1.4 0.648 1.66 0.53 0.54 0.1 0.55 0.5 0.71 0.724 0.59 0.46 0.65 0.45 1.43 0.68 0.46 0.4 0.58 0.4 0.45 0.68 1.248 0.4 0.686 0.58 0.37 1.345 0.38 0.54 0.23 0.5 1.345 0.48 0.33 0.48 0.56 1.05 0.43 0.56 0.3 0.4 0.46 0.46 0.45 1.248 0.26 0.53 0.635 0.4 0.33 0.43 0.4 0.47 0.45 0.19 0.59 0.4 0.37 1.483 0.25 0.56 0.65 0.5 0.1 0.59 0.47 0.762 0.36 0.45 0.33 0.3 0.54 0.45 0.52 0.42 1.345 0.56 0.4 1.05 0.51 0.485 1.483 0.476 0.4 0.636 0.27 0.59 0.56 0.37 0.36 0.637 0.58 0.6 0.4 1.483 0.42 0.38 0.481 0.45 0.3 0.37 0.42 0.4 0.42 0.55 0.5 1.42 0.71 0.58 0.48 0.23 0.5 0.637 0.27 0.648 0.4 0.54 0.6 1.46 0.7 0.4 0.65 1.483 0.54 0.4 0.39 0.39 0.23 0.55 0.47 0.27 0.25 0.37 0.52 0.56 0.23 0.68 0.17 0.47 0.52 0.686 0.46 0.46 0.11 0.56 0.56 0.49 1.345 0.4 0.22 0.4 0.47 0.43 0.68 0.54 0.4 1.483 0.42 1.44 0.47 0.301 1.49 0.46 0.377 0.2 0.53 0.48 0.59 0.46 1.345 0.22 0.5 0.476 0.39 0.56 0.485 0.71 0.58
Dot Production Prediction of Lab Growth Rates:
1.05581 0.60113 0.457067 0.399494 0.338756 0.298285 0.365167 0.378627 0.37201 0.547692 0.567084 0.383603 1.27242 0.308006 0.768616 0.779558 0.728178 0.435651 0.463772 0.410751 0.620057 0.483547 0.409733 0.554611 0.484192 1.32957 0.477617 0.550118 0.396413 0.526654 0.617175 0.331638 0.472232 0.40695 0.358673 0.479697 0.39621 0.315196 0.549082 0.710808 0.316625 0.402627 0.362271 0.374438 0.470991 0.601951 0.682109 0.420826 0.478851 0.302362 1.05199 0.410739 1.0337 0.334114 0.464095 0.798598 0.276477 1.316 0.295366 0.381184 0.401866 0.329252 0.397578 0.470209 0.540455 0.428616 0.399154 0.546182 0.399652 0.471871 0.329018 0.31909 0.367475 0.48037 0.551989 0.366768 0.480432 0.377506 0.362651 0.358465 1.34569 0.302505 0.279369 0.371852 0.723089 0.312005 0.400409 0.364795 0.649687 0.534082 0.404262 0.398618 0.370464 0.380441 0.435843 0.538862 0.282648 0.367169 0.35745 0.347342 0.36888 0.319178 0.532541 0.531598 0.399936 0.399795 0.834443 0.666436 1.05843 0.546734 0.350125 0.437676 0.287964 0.548141 0.583252 0.282547 1.05078 0.592198 0.398792 0.326972 0.661238 0.401976 0.378107 0.55411 0.303202 0.836512 0.321669 0.381702 1.34491 0.368147 0.460653 1.31565 0.588957 0.537685 0.54586 0.371118 0.608905 0.578086 0.403185 0.322978 0.550813 0.472233 1.39313 1.32711 0.627526 0.62392 0.479368 0.542993 1.36606 0.596718 0.436699 0.482297 0.358502 1.30484 0.468534 0.570206 0.396525 0.463643 0.336744 0.402459 0.402959 0.401439 0.532841 0.411356 1.44461 0.683488 0.46486 0.40453 0.563702 0.469831 0.389074 0.329557 0.354845 0.341334 0.402451 0.399292 1.38478 0.32892 0.28123 0.458331 0.321165 0.35311 0.55575 0.442726 1.37997 0.401203 1.05768 0.319235 1.33094 0.396303 0.476354 0.560001 0.290191 0.386526 0.657779 0.435019 1.34994 0.452808 0.412161 0.356908 0.305543 0.417264 0.438471 0.412951 0.400083 0.384903 1.11777 0.368274 0.526872 0.403212 0.292341 0.308017 0.478292 0.539332 0.791464 1.44709 0.533236 0.858067 1.69418 0.368614 1.44162 0.417146 0.51201 0.341943 0.343062 0.304008 0.394921 0.387068 0.353425 0.453836 1.65054 0.67126 0.826008 0.378894 0.349092 0.420726 0.37351 0.403548 1.32258 0.423554 0.900937 0.471686 0.400788 0.551525 0.383975 0.393981 0.668183 0.400109 0.470664 1.33591 0.383719 0.44252 0.467792 0.32566 0.423283 0.453457 0.331817 0.385822 0.340656 0.354814 0.470247 0.453377 0.401667 0.677921 0.550845 0.562177 0.402596 1.2815 0.434512 0.836189 0.43753 0.354683 0.296502 0.391725 0.544722 0.533613 1.42338 0.399724 0.30255 0.315925 0.359494 0.472562 0.308728 0.360431 0.62354 0.900937 0.321152 0.367546 0.681908 0.483561 0.906516 0.609628 0.392984 0.310327 1.39337 0.318884 0.532489 0.831965 0.332145 0.367714 0.386053 0.443032 0.546503 0.390476 0.550861 0.553136 0.532814 0.906948 0.475461 0.349107 0.397823 0.395012 0.548665 0.31867 0.348457 0.366831 0.35671 0.335535 0.482657 0.542937 0.398195 0.394247 0.537329 0.386247 0.883451 0.408596 0.371896 0.47001 0.278726 1.0675 0.540643 0.361826 0.3738 0.545831 0.379543 0.382729 0.359901 0.40259 0.381215 0.675576 0.297576 0.303856 0.454311 0.531365 0.542321 1.3735 0.399274 0.296228 0.298724 0.407928 0.321742 0.276833 0.341104 0.338413 0.563711 0.316508 0.674872 0.830885 0.333841 0.336106 0.36557 0.293312 0.74457 0.402828 0.463926 0.353936 0.553561 0.299971 0.415955 0.312625 0.545441 0.485395 0.562161 0.342276 0.759481 0.395164 0.395914 0.625286 0.395281 0.402488 0.290199 0.399557 0.555928 0.402054 0.635811 0.389656 0.555102 0.410606 0.419823 0.341951 1.30782 0.305696 1.31916 0.72511 0.932923 0.481601 0.326297 0.471439 0.346907 1.35039 0.324237 0.540065 1.38103 0.765801 0.539526 0.758309 0.551965 1.39989 0.660904 1.43212 0.524792 0.26365 1.40846 0.471479 0.564624 0.674639 0.683999 0.319236 0.350143 0.652932 0.361131 1.11384 0.361756 0.557863 0.39358 0.471038 0.401923 0.354724 0.363927 0.83346 0.401359 0.685303 0.469265 0.41894 1.35019 0.364891 0.392484 0.545962 0.743345 1.36497 0.311826 0.506797 0.341831 0.472274 1.04659 0.397053 0.546353 0.537938 0.392343 0.40022 0.459973 1.4636 0.831233 0.368739 0.31552 0.674494 0.399456 0.322777 0.340109 0.399053 0.353312 0.316163 0.286697 0.357859 0.401391 0.421506 1.31709 0.347905 0.559976 0.650194 0.473053 1.3999 0.542221 0.39309 0.765014 0.321407 0.361096 0.337578 0.566886 0.381546 1.40051 0.358114 0.354796 1.33419 0.547202 0.399161 1.06887 0.396499 0.548614 1.34953 0.551144 0.399406 0.676344 0.601692 0.546943 0.531563 0.422301 0.344574 0.667778 0.279628 0.598509 0.402873 1.29034 0.343313 0.366622 0.545492 0.371024 0.304734 0.582046 0.397773 0.391555 0.354538 0.476189 0.320112 1.458 0.679144 0.467251 0.308842 0.54627 0.357593 0.670275 0.283339 0.669612 0.391902 0.363459 0.631498 1.41436 0.723989 0.30155 0.645331 1.3562 0.541415 0.380943 0.293867 0.299542 0.434497 0.546492 0.365075 0.360675 1.02786 0.39823 0.333588 0.472023 0.54613 0.363968 0.291471 0.352974 0.379044 0.677519 0.463558 0.336264 0.369009 0.551719 0.558514 0.383618 1.32386 0.398204 0.397034 0.401152 0.389598 0.407539 0.365252 0.386123 0.395421 1.34538 0.346391 1.44494 0.417678 0.566467 1.4636 0.41597 0.554241 0.3753 0.47915 0.344718 0.330487 0.454128 1.32912 0.460392 0.874551 0.548638 0.302116 0.54422 0.548785 0.676726 0.476317
Testing:
Lab Growth Rates:
0.36 0.36 0.36
Dot Production Prediction of Lab Growth Rates:
0.364491 0.366122 0.312563
Best performance so far: 
Obj: 4.65827e-310Rho: 6.5069e-314Diff: 4.65827e-310
Test:
 Lab Growth Rates:
0.36 0.36 0.36Dot Product Prediction of Growth Rate:
0.3644915 0.3661223 0.3125634