seed =  5 traits =  1 
Training: part  191 
Training: part  191 
Round  1 
 Goal of obj  0.99 
Temperature range:  0.0078125 3.125e-13 
Cycle 1Round 1
Iter 500000 pBad 0.894494 T 0.0023599 Obj 1.10237 Rho 0 GRdif 57.112 success 147864 failure 6863 obj_new 1.10237 SA_pAcc 1.08648 Delta -0.0311772 SA_r 0.964232 freedomratio 0.368785
Iter 1000000 pBad 0.806441 T 0.000712848 Obj 1.05829 Rho 0 GRdif 33.2019 success 292143 failure 21496 obj_new 1.05829 SA_pAcc 1.33555 Delta 0.021483 SA_r 0.315712 freedomratio 0.364882
Iter 1500000 pBad 0.761176 T 0.000215328 Obj 1.03139 Rho 0 GRdif 18.1122 success 434841 failure 40360 obj_new 1.03139 SA_pAcc 1 Delta -0.0540064 SA_r 0.833861 freedomratio 0.366021
Iter 2000000 pBad 0.695731 T 6.50434e-05 Obj 1.02508 Rho 0 GRdif 14.5207 success 575591 failure 63753 obj_new 1.02509 SA_pAcc 0.902767 Delta 0.0354958 SA_r 0.962792 freedomratio 0.37468
Iter 2500000 pBad 0.529793 T 1.96474e-05 Obj 1.01915 Rho 0 GRdif 11.1159 success 713096 failure 93737 obj_new 1.01915 SA_pAcc 1.10399 Delta 0.0233747 SA_r 0.350561 freedomratio 0.370886
Iter 3000000 pBad 0.459052 T 5.93484e-06 Obj 1.01504 Rho 0 GRdif 8.74928 success 843761 failure 136427 obj_new 1.01504 SA_pAcc 1 Delta 0.0068936 SA_r 0.604815 freedomratio 0.358629
Iter 3500000 pBad 0.289954 T 1.79272e-06 Obj 1.00952 Rho 0 GRdif 5.5552 success 955704 failure 216359 obj_new 1.00952 SA_pAcc 0.370315 Delta -0.0273696 SA_r 0.599206 freedomratio 0.343494
Iter 4000000 pBad 0.172401 T 5.41521e-07 Obj 1.00825 Rho 0 GRdif 4.81474 success 1047230 failure 337574 obj_new 1.00825 SA_pAcc 1 Delta -0.0131857 SA_r 0.977531 freedomratio 0.31952
Iter 4500000 pBad 0.0854245 T 1.63575e-07 Obj 1.00789 Rho 0 GRdif 4.60702 success 1107741 failure 528342 obj_new 1.00789 SA_pAcc 1 Delta -0.00771246 SA_r 0.362582 freedomratio 0.280517
Iter 5000000 pBad 0.0406322 T 4.94107e-08 Obj 1.00775 Rho 0 GRdif 4.52181 success 1144960 failure 779575 obj_new 1.00775 SA_pAcc 1.92124 Delta -0.00138515 SA_r 0.492132 freedomratio 0.242149
Iter 5500000 pBad 0.0130566 T 1.49253e-08 Obj 1.00771 Rho 0 GRdif 4.50284 success 1164992 failure 1085678 obj_new 1.00771 SA_pAcc 1 Delta 0.000858523 SA_r 0.126706 freedomratio 0.220135
Iter 6000000 pBad 0.00694507 T 4.50845e-09 Obj 1.0077 Rho 0 GRdif 4.49763 success 1175873 failure 1421162 obj_new 1.0077 SA_pAcc 2.17027e-157 Delta -0.000395689 SA_r 0.957594 freedomratio 0.212936
Iter 6500000 pBad 0.00381234 T 1.36185e-09 Obj 1.0077 Rho 0 GRdif 4.49283 success 1182673 failure 1772479 obj_new 1.0077 SA_pAcc 0.00536838 Delta -0.000135011 SA_r 0.538083 freedomratio 0.20547
Iter 7000000 pBad 0.00306775 T 4.1137e-10 Obj 1.00769 Rho 0 GRdif 4.49288 success 1186850 failure 2134396 obj_new 1.0077 SA_pAcc 0 Delta -0.000224104 SA_r 0.452301 freedomratio 0.201999
Iter 7500000 pBad 0.00163876 T 1.24261e-10 Obj 1.00769 Rho 0 GRdif 4.49222 success 1189238 failure 2503084 obj_new 1.0077 SA_pAcc 0 Delta -0.000162685 SA_r 0.195275 freedomratio 0.200273
Iter 8000000 pBad 0.000371541 T 3.75352e-11 Obj 1.00769 Rho 0 GRdif 4.48987 success 1191018 failure 2874519 obj_new 1.00769 SA_pAcc 1.43043e-16 Delta 1.10594e-05 SA_r 0.249967 freedomratio 0.199864
Iter 8500000 pBad 0.000667102 T 1.13381e-11 Obj 1.00769 Rho 0 GRdif 4.4894 success 1192850 failure 3247850 obj_new 1.00769 SA_pAcc 0 Delta -2.21436e-05 SA_r 0.492341 freedomratio 0.198241
Iter 9000000 pBad 0.000422922 T 3.42488e-12 Obj 1.00769 Rho 0 GRdif 4.49068 success 1195925 failure 3618628 obj_new 1.00769 SA_pAcc 0 Delta -1.23053e-05 SA_r 0.255189 freedomratio 0.19462
Iter 9500000 pBad 0.000918415 T 1.03454e-12 Obj 1.00769 Rho 0 GRdif 4.48884 success 1201130 failure 3980149 obj_new 1.00769 SA_pAcc 0 Delta -5.72746e-05 SA_r 0.0721433 freedomratio 0.196118
Iter 10000000 pBad 2.98829e-36 T 3.12501e-13 Obj 1.00769 Rho 0 GRdif 4.48869 success 1204748 failure 4285785 obj_new 1.00769 SA_pAcc 1 Delta -9.20421e-38 SA_r 0.472431 freedomratio 0.182271
Cannot move further
iter 9.81587e+06 obj1.00769 rho 0 GRdif 4.48869
Training:
Lab Growth Rates:
0.65 1.05 1.345 0.48 0.5 0.11 0.3 0.56 0.52 0.46 1.483 0.55 0.17 0.58 1.483 0.5 0.43 0.19 0.37 1.248 0.23 0.46 0.22 0.47 0.2 1.46 0.377 0.26 0.47 0.52 0.48 0.55 0.47 0.4 0.23 1.483 1.345 1.345 0.45 0.36 0.46 0.42 0.37 1.483 0.55 0.3 0.25 1.43 0.23 0.55 0.59 0.38 0.71 0.51 1.66 0.476 0.636 0.23 0.56 0.33 0.56 0.5 0.53 0.3 0.5 0.6 0.32 0.59 0.54 0.47 0.46 0.54 0.481 0.46 0.53 0.4 0.34 0.43 0.46 0.5 0.636 0.33 0.47 0.58 0.54 0.54 0.47 0.4 0.5 0.4 0.762 0.5 0.4 0.53 0.5 0.5 0.55 0.901 0.54 0.43 0.54 1.483 0.762 0.4 0.59 0.54 1.248 0.1 0.45 0.53 0.54 0.38 0.686 0.5 0.45 0.485 0.4 0.4 0.52 1.05 0.4 0.4 0.45 0.49 0.5 0.901 0.55 0.5 0.1 0.648 0.465 0.59 0.37 0.617 0.22 0.724 0.762 0.36 0.39 0.45 0.46 0.53 0.37 0.42 0.4 0.4 0.4 1.483 0.54 0.648 0.4 0.42 0.31 0.4 0.54 0.6 1.05 1.345 0.65 0.636 0.39 0.53 0.51 0.52 0.47 0.46 0.42 0.54 1.248 0.52 0.55 0.48 0.49 0.32 0.43 0.58 0.5 0.11 0.25 0.5 0.637 0.55 0.71 0.26 0.33 0.54 0.4 0.4 0.59 0.42 0.55 0.19 0.4 0.54 0.4 0.46 0.635 0.51 0.58 0.52 0.52 0.58 0.5 0.3 0.55 0.41 1.248 0.47 1.248 0.58 0.59 0.3 1.345 0.45 0.36 0.3 0.58 0.54 0.47 0.5 0.901 0.3 0.09 0.71 0.45 0.34 0.37 0.54 0.4 0.686 1.05 0.53 1.67 0.4 0.3 0.42 0.56 1.03 0.25 0.4 1.483 0.42 0.476 0.37 0.4 0.377 0.25 0.5 0.25 0.4 0.4 0.46 0.56 0.901 0.1 0.37 0.4 0.5 0.58 0.54 0.58 1.49 0.59 1.345 0.46 0.36 0.45 0.56 0.4 0.41 0.43 0.45 1.345 0.39 0.4 0.53 0.46 0.41 0.39 0.27 0.38 0.5 0.23 0.37 0.54 0.46 0.23 0.37 1.66 0.4 0.7 0.1 0.58 0.637 0.4 0.56 0.47 1.345 0.47 0.58 0.47 0.37 0.65 0.48 0.5 0.4 1.483 0.48 0.43 0.47 0.3 0.6 0.41 0.485 0.7 0.39 0.55 0.56 0.3 0.45 0.485 0.4 0.33 0.4 0.481 0.46 0.56 0.56 0.43 0.5 0.5 0.47 0.56 1.483 0.54 0.33 0.43 0.45 0.27 0.5 0.47 0.37 0.4 0.41 0.46 0.42 1.05 0.31 0.14 0.53 0.23 0.53 0.59 0.48 0.33 0.53 0.48 0.54 0.47 0.54 0.43 0.4 0.34 0.47 0.1 0.42 0.4 0.52 1.345 0.54 0.22 0.27 0.32 0.25 0.55 0.301 0.59 0.56 1.38 0.7 0.31 0.52 0.47 0.45 0.4 0.3 0.14 0.56 0.42 0.4 0.17 0.56 1.35 0.42 1.345 1.67 0.4 0.38 0.36 0.38 0.42 0.56 0.37 0.3 0.43 0.68 0.59 0.635 1.345 1.483 0.46 0.476 0.648 0.4 0.27 0.5 0.54 0.68 0.41 0.5 0.54 0.68 0.635 0.48 0.36 0.4 0.46 0.58 0.09 0.56 0.7 0.19 0.37 0.41 0.43 0.36 0.43 0.42 0.68 0.09 0.33 0.45 0.54 0.54 0.58 0.59 0.1 1.46 0.5 1.42 0.17 0.49 0.59 1.44 0.52 0.58 0.52 0.41 0.54 0.5 0.4 0.39 0.45 0.47 0.4 0.45 0.37 0.485 0.4 1.46 0.4 0.42 0.4 0.4 0.47 0.58 0.58 0.42 0.27 0.53 0.5 0.65 0.58 0.2 0.45 0.481 0.58 0.4 0.45 0.54 0.65 0.4 0.36 0.65 0.53 0.65 0.68 0.33 0.41 0.58 0.22 0.26 0.4 0.47 0.901 0.5 0.27 0.46 0.54 0.11 1.483 0.42 0.52 0.465 0.37 0.65 0.65 1.345 0.2 0.36 0.5 0.4 0.4 0.637 0.25 0.1 0.5 0.377 0.5 0.33 0.53 0.47 0.47 0.37 0.46 0.46 0.59 0.4 0.901 0.3 0.45 0.4 1.43 1.46 0.5 0.56 0.48 1.483 0.4 0.58 0.23 0.47 0.301 0.46 0.45 0.724 0.4 0.58 0.6 0.59 0.4 0.4 0.3 0.53 0.22 0.4 1.4 0.724 0.23 0.762 0.25 0.301 0.5 0.42 0.4 0.4 0.59 0.686 0.59 0.4 0.42 0.465 0.1 0.1 0.56 0.4
Dot Production Prediction of Lab Growth Rates:
0.635003 1.64466 1.24816 0.299223 0.314143 0.337805 0.417102 0.528142 0.382612 0.425752 1.22081 0.543645 0.316575 0.460173 1.22317 0.731163 0.374038 0.320112 0.394416 0.842047 0.534275 0.366897 0.454528 0.410529 0.395821 1.02662 0.476473 0.362189 0.379212 0.371423 0.352875 0.542058 0.383148 0.402343 0.528994 1.16837 1.26628 1.18016 0.397424 0.363034 0.47051 0.614125 0.41688 1.21661 0.556828 0.326907 1.48141 1.29768 0.533241 0.553978 0.535867 0.299823 0.726691 0.430562 1.66 0.486529 0.720175 0.40537 0.459809 0.361649 0.529941 0.46813 0.438672 0.44154 0.527174 0.50578 0.34763 0.543201 0.445051 0.491487 0.544066 0.40802 0.474906 0.453943 0.358021 0.399411 0.300141 0.362564 0.302188 0.540356 0.716083 0.326345 0.370233 0.353294 0.296478 0.393324 0.396103 0.39557 0.433494 0.401868 0.771568 0.461682 0.392981 0.319615 0.750686 0.685946 0.44635 0.908038 0.449387 0.369524 0.440536 1.25122 0.761557 0.393595 0.328624 0.329816 0.845741 1.05227 1.45962 0.529972 0.446681 0.363931 0.72255 0.316509 1.53081 0.480336 0.401796 0.402564 0.377659 1.05 0.399386 0.401378 1.46816 0.410039 0.774299 0.901771 0.44653 0.391201 1.13242 0.712134 0.483057 0.323309 0.390948 0.617003 0.454296 0.721323 0.765684 0.435586 0.353753 0.318969 0.331496 0.496232 0.291347 0.352867 0.400705 0.400079 0.399715 1.24343 0.385494 0.713835 0.40025 0.587153 0.583983 0.393271 0.537369 0.510138 1.02123 1.21802 0.650958 0.726069 0.322076 0.530424 0.432602 0.391781 0.359753 0.444097 0.340226 0.444448 0.851082 0.369693 0.442033 0.307854 0.371461 0.305944 0.411755 0.370129 0.365291 0.3751 0.311769 0.70309 0.70481 0.544582 0.721932 0.589212 0.448131 0.366267 0.400376 0.401739 0.330218 0.342996 0.448204 0.307444 0.400895 0.546768 0.390187 0.443664 0.712866 0.402971 0.459582 0.374005 0.350618 0.469598 0.467865 0.314756 0.549945 0.396785 0.847747 0.34919 0.841618 0.365104 0.53549 0.500824 1.19007 1.47817 0.35454 0.497689 0.349858 0.543572 0.410019 0.52684 0.901002 0.526016 0.461697 0.715394 0.413952 0.320748 0.394926 0.391427 0.401679 0.727778 1.04368 0.53307 1.53237 0.396963 0.322216 0.322115 0.540902 1.32493 0.350156 0.399771 1.20203 0.34449 0.48459 0.401686 0.400475 0.476818 0.350642 0.472327 0.350312 0.313301 0.400615 0.422529 0.4636 0.900896 0.873694 0.56896 0.401846 0.322378 0.356602 0.363787 0.461634 1.51843 0.318185 1.25479 0.445443 0.329208 0.334673 0.533969 0.399162 0.402887 0.418895 1.47442 1.25095 0.30181 0.403288 0.543842 0.45676 0.373644 0.318013 0.374177 0.306279 0.725063 0.534203 0.400998 0.34294 0.551508 0.404289 0.434084 1.66 0.401085 0.707903 1.43079 0.469783 0.708501 0.393932 0.534284 0.353928 1.25267 0.394992 0.458657 0.367103 0.39249 0.650122 0.301072 0.457885 0.398505 1.18542 0.335878 0.444942 0.358123 0.413379 0.524566 0.469647 0.472503 0.711785 0.321019 0.448344 0.539061 0.517087 0.339312 0.471139 0.395897 0.322677 0.403916 0.473931 0.521688 0.468189 0.542838 0.452267 0.366147 0.319585 0.357232 0.459248 1.22375 0.539674 0.3623 0.370912 0.375292 0.296413 0.827782 0.422588 0.385125 0.397051 0.379832 0.310451 0.326366 1.05249 0.590188 0.140901 0.529257 0.405083 0.325493 0.537416 0.333061 0.307688 0.407044 0.312478 0.372189 0.377995 0.315763 0.394642 0.401259 0.331998 0.317043 0.362509 0.305407 0.391211 0.40215 1.23767 0.544872 0.451392 0.367528 0.327681 0.566464 0.449255 0.475886 0.3789 0.464722 1.29999 0.696638 0.592021 0.393684 0.420908 1.51843 0.400642 0.379347 0.139952 0.542244 0.332566 0.399431 0.313886 0.530923 1.23854 0.304508 1.17256 1.36502 0.402101 0.304777 0.328838 0.369615 0.341952 0.533491 0.389441 0.487699 0.366866 0.480889 0.540078 0.71444 1.26016 1.1999 0.442001 0.487924 0.709821 0.39715 0.37882 0.372956 0.533509 0.478348 0.476044 0.684284 0.381942 0.487607 0.715868 0.340317 0.345735 0.399918 0.406217 0.469348 0.3461 0.540886 0.700317 0.313288 0.396871 0.476999 0.436002 0.360405 0.386681 0.326048 0.485439 0.367522 0.486347 0.387364 0.538913 0.3753 0.371202 0.393821 0.97974 1.62628 0.336931 1.53272 0.440015 0.381721 0.543615 1.50422 0.329781 0.440119 0.352113 0.325621 0.381536 0.754835 0.334749 0.329188 0.360432 0.355204 0.404329 0.351414 0.460028 0.482569 0.396991 1.02834 0.403973 0.592329 0.404086 0.398199 0.332511 0.297009 0.457272 0.402522 0.344347 0.390797 0.466407 0.630757 0.314313 0.347165 0.40988 0.477085 0.397235 0.400793 1.55583 0.363716 0.65119 0.394401 0.320341 0.658566 0.528583 0.647177 0.48587 0.532369 0.346403 0.460068 0.457063 0.46169 0.397448 0.382227 0.911504 0.538129 0.590891 0.459974 0.456068 0.391967 1.23243 0.374432 0.370097 0.481248 0.400838 0.624571 0.649995 1.27215 0.394664 0.430706 0.720415 0.396527 0.400513 0.709282 0.530027 0.990302 0.544595 0.477638 0.331594 0.375968 0.286557 0.41349 0.476829 0.377 0.348952 0.366989 0.32999 0.403522 0.799077 0.484342 0.344361 0.399393 1.29566 1.03006 0.777836 0.544268 0.301086 1.1764 0.4041 0.467385 0.536931 0.46361 0.476088 0.445432 0.341069 0.72397 0.400001 0.45831 0.522161 0.542414 0.395994 0.402221 0.311637 0.540378 0.454712 0.399173 1.39992 0.723152 0.538681 0.775125 0.863715 0.475942 0.333113 0.343894 0.39978 0.400304 0.316211 0.725482 0.337017 0.396791 0.303867 0.478564 0.453412 0.44213 0.458051 0.402626
Testing:
Lab Growth Rates:
0.22 0.22 0.22
Dot Production Prediction of Lab Growth Rates:
0.456517 0.349607 0.403708
Best performance so far: 
Obj: 4.65827e-310Rho: 2.26291e-314Diff: 4.65827e-310
Anneal again with the best G and E so far as input
Cycle 2Round 1
Iter 500000 pBad 0.846878 T 0.0023599 Obj 1.08224 Rho 0 GRdif 46.3123 success 112679 failure 7952 obj_new 1.08224 SA_pAcc 1 Delta -0.0720914 SA_r 0.48287 freedomratio 0.265399
Iter 1000000 pBad 0.778721 T 0.000712848 Obj 1.04496 Rho 0 GRdif 25.772 success 222266 failure 22572 obj_new 1.04496 SA_pAcc 1 Delta 0.0419425 SA_r 0.0775978 freedomratio 0.267214
Iter 1500000 pBad 0.709946 T 0.000215328 Obj 1.03148 Rho 0 GRdif 18.1619 success 328580 failure 45602 obj_new 1.03148 SA_pAcc 1.2359 Delta -0.0499816 SA_r 0.609923 freedomratio 0.258491
Iter 2000000 pBad 0.568965 T 6.50434e-05 Obj 1.02171 Rho 0 GRdif 12.5845 success 432478 failure 74666 obj_new 1.02171 SA_pAcc 1 Delta -0.0353119 SA_r 0.998494 freedomratio 0.259522
Iter 2500000 pBad 0.538967 T 1.96474e-05 Obj 1.01686 Rho 0 GRdif 9.79891 success 533222 failure 111876 obj_new 1.01686 SA_pAcc 1.20082 Delta -0.00831001 SA_r 0.926643 freedomratio 0.259752
Iter 3000000 pBad 0.414209 T 5.93484e-06 Obj 1.01365 Rho 0 GRdif 7.94509 success 632368 failure 151871 obj_new 1.01365 SA_pAcc 0.493704 Delta 0.0407982 SA_r 0.762001 freedomratio 0.259637
Iter 3500000 pBad 0.36988 T 1.79272e-06 Obj 1.01172 Rho 0 GRdif 6.82575 success 724753 failure 204242 obj_new 1.01172 SA_pAcc 1 Delta -0.0275199 SA_r 0.406553 freedomratio 0.258948
Iter 4000000 pBad 0.225229 T 5.41521e-07 Obj 1.01007 Rho 0 GRdif 5.87206 success 807202 failure 280826 obj_new 1.01007 SA_pAcc 1.25754 Delta -0.00770336 SA_r 0.67381 freedomratio 0.243154
Iter 4500000 pBad 0.0953185 T 1.63575e-07 Obj 1.00928 Rho 0 GRdif 5.41385 success 867788 failure 408513 obj_new 1.00928 SA_pAcc 1 Delta 0.00802617 SA_r 0.0293833 freedomratio 0.222644
Iter 5000000 pBad 0.0404457 T 4.94107e-08 Obj 1.00913 Rho 0 GRdif 5.32417 success 900803 failure 610552 obj_new 1.00913 SA_pAcc 1 Delta 0.00116585 SA_r 0.314244 freedomratio 0.198241
Iter 5500000 pBad 0.0242163 T 1.49253e-08 Obj 1.00905 Rho 0 GRdif 5.28261 success 921565 failure 857883 obj_new 1.00906 SA_pAcc 1.62108e-28 Delta -0.0023598 SA_r 0.00732181 freedomratio 0.183125
Iter 6000000 pBad 0.0130629 T 4.50845e-09 Obj 1.00902 Rho 0 GRdif 5.25952 success 935421 failure 1137482 obj_new 1.00902 SA_pAcc 2.175e-16 Delta -0.000875095 SA_r 0.349846 freedomratio 0.17327
Iter 6500000 pBad 0.0106968 T 1.36185e-09 Obj 1.009 Rho 0 GRdif 5.24763 success 945039 failure 1444161 obj_new 1.009 SA_pAcc 1 Delta -0.000353126 SA_r 0.42913 freedomratio 0.162102
Iter 7000000 pBad 0.00351567 T 4.1137e-10 Obj 1.00898 Rho 0 GRdif 5.31911 success 950640 failure 1774842 obj_new 1.00912 SA_pAcc 0 Delta -0.000117282 SA_r 0.0561707 freedomratio 0.157189
Iter 7500000 pBad 0.00182383 T 1.24261e-10 Obj 1.00898 Rho 0 GRdif 5.23855 success 955242 failure 2117324 obj_new 1.00898 SA_pAcc 0 Delta 0.00010082 SA_r 0.0137604 freedomratio 0.153283
Iter 8000000 pBad 0.00146749 T 3.75352e-11 Obj 1.00898 Rho 0 GRdif 5.23602 success 959135 failure 2469372 obj_new 1.00898 SA_pAcc 1 Delta 9.86809e-05 SA_r 0.954434 freedomratio 0.150449
Iter 8500000 pBad 0.000599034 T 1.13381e-11 Obj 1.00897 Rho 0 GRdif 5.30188 success 962650 failure 2828685 obj_new 1.00909 SA_pAcc 0 Delta 2.0891e-05 SA_r 0.81545 freedomratio 0.147793
Iter 9000000 pBad 0.000459095 T 3.42488e-12 Obj 1.00897 Rho 0 GRdif 5.23397 success 964782 failure 3195952 obj_new 1.00897 SA_pAcc 1 Delta -1.56342e-05 SA_r 0.706554 freedomratio 0.146135
Iter 9500000 pBad 0.000168041 T 1.03454e-12 Obj 1.00897 Rho 0 GRdif 5.23342 success 968925 failure 3563515 obj_new 1.00897 SA_pAcc 1 Delta -7.58557e-06 SA_r 0.279491 freedomratio 0.144371
Good enough
iter 9.99302e+06 obj1.00897 rho 0 GRdif 5.23303
Training:
Lab Growth Rates:
0.65 1.05 1.345 0.48 0.5 0.11 0.3 0.56 0.52 0.46 1.483 0.55 0.17 0.58 1.483 0.5 0.43 0.19 0.37 1.248 0.23 0.46 0.22 0.47 0.2 1.46 0.377 0.26 0.47 0.52 0.48 0.55 0.47 0.4 0.23 1.483 1.345 1.345 0.45 0.36 0.46 0.42 0.37 1.483 0.55 0.3 0.25 1.43 0.23 0.55 0.59 0.38 0.71 0.51 1.66 0.476 0.636 0.23 0.56 0.33 0.56 0.5 0.53 0.3 0.5 0.6 0.32 0.59 0.54 0.47 0.46 0.54 0.481 0.46 0.53 0.4 0.34 0.43 0.46 0.5 0.636 0.33 0.47 0.58 0.54 0.54 0.47 0.4 0.5 0.4 0.762 0.5 0.4 0.53 0.5 0.5 0.55 0.901 0.54 0.43 0.54 1.483 0.762 0.4 0.59 0.54 1.248 0.1 0.45 0.53 0.54 0.38 0.686 0.5 0.45 0.485 0.4 0.4 0.52 1.05 0.4 0.4 0.45 0.49 0.5 0.901 0.55 0.5 0.1 0.648 0.465 0.59 0.37 0.617 0.22 0.724 0.762 0.36 0.39 0.45 0.46 0.53 0.37 0.42 0.4 0.4 0.4 1.483 0.54 0.648 0.4 0.42 0.31 0.4 0.54 0.6 1.05 1.345 0.65 0.636 0.39 0.53 0.51 0.52 0.47 0.46 0.42 0.54 1.248 0.52 0.55 0.48 0.49 0.32 0.43 0.58 0.5 0.11 0.25 0.5 0.637 0.55 0.71 0.26 0.33 0.54 0.4 0.4 0.59 0.42 0.55 0.19 0.4 0.54 0.4 0.46 0.635 0.51 0.58 0.52 0.52 0.58 0.5 0.3 0.55 0.41 1.248 0.47 1.248 0.58 0.59 0.3 1.345 0.45 0.36 0.3 0.58 0.54 0.47 0.5 0.901 0.3 0.09 0.71 0.45 0.34 0.37 0.54 0.4 0.686 1.05 0.53 1.67 0.4 0.3 0.42 0.56 1.03 0.25 0.4 1.483 0.42 0.476 0.37 0.4 0.377 0.25 0.5 0.25 0.4 0.4 0.46 0.56 0.901 0.1 0.37 0.4 0.5 0.58 0.54 0.58 1.49 0.59 1.345 0.46 0.36 0.45 0.56 0.4 0.41 0.43 0.45 1.345 0.39 0.4 0.53 0.46 0.41 0.39 0.27 0.38 0.5 0.23 0.37 0.54 0.46 0.23 0.37 1.66 0.4 0.7 0.1 0.58 0.637 0.4 0.56 0.47 1.345 0.47 0.58 0.47 0.37 0.65 0.48 0.5 0.4 1.483 0.48 0.43 0.47 0.3 0.6 0.41 0.485 0.7 0.39 0.55 0.56 0.3 0.45 0.485 0.4 0.33 0.4 0.481 0.46 0.56 0.56 0.43 0.5 0.5 0.47 0.56 1.483 0.54 0.33 0.43 0.45 0.27 0.5 0.47 0.37 0.4 0.41 0.46 0.42 1.05 0.31 0.14 0.53 0.23 0.53 0.59 0.48 0.33 0.53 0.48 0.54 0.47 0.54 0.43 0.4 0.34 0.47 0.1 0.42 0.4 0.52 1.345 0.54 0.22 0.27 0.32 0.25 0.55 0.301 0.59 0.56 1.38 0.7 0.31 0.52 0.47 0.45 0.4 0.3 0.14 0.56 0.42 0.4 0.17 0.56 1.35 0.42 1.345 1.67 0.4 0.38 0.36 0.38 0.42 0.56 0.37 0.3 0.43 0.68 0.59 0.635 1.345 1.483 0.46 0.476 0.648 0.4 0.27 0.5 0.54 0.68 0.41 0.5 0.54 0.68 0.635 0.48 0.36 0.4 0.46 0.58 0.09 0.56 0.7 0.19 0.37 0.41 0.43 0.36 0.43 0.42 0.68 0.09 0.33 0.45 0.54 0.54 0.58 0.59 0.1 1.46 0.5 1.42 0.17 0.49 0.59 1.44 0.52 0.58 0.52 0.41 0.54 0.5 0.4 0.39 0.45 0.47 0.4 0.45 0.37 0.485 0.4 1.46 0.4 0.42 0.4 0.4 0.47 0.58 0.58 0.42 0.27 0.53 0.5 0.65 0.58 0.2 0.45 0.481 0.58 0.4 0.45 0.54 0.65 0.4 0.36 0.65 0.53 0.65 0.68 0.33 0.41 0.58 0.22 0.26 0.4 0.47 0.901 0.5 0.27 0.46 0.54 0.11 1.483 0.42 0.52 0.465 0.37 0.65 0.65 1.345 0.2 0.36 0.5 0.4 0.4 0.637 0.25 0.1 0.5 0.377 0.5 0.33 0.53 0.47 0.47 0.37 0.46 0.46 0.59 0.4 0.901 0.3 0.45 0.4 1.43 1.46 0.5 0.56 0.48 1.483 0.4 0.58 0.23 0.47 0.301 0.46 0.45 0.724 0.4 0.58 0.6 0.59 0.4 0.4 0.3 0.53 0.22 0.4 1.4 0.724 0.23 0.762 0.25 0.301 0.5 0.42 0.4 0.4 0.59 0.686 0.59 0.4 0.42 0.465 0.1 0.1 0.56 0.4
Dot Production Prediction of Lab Growth Rates:
0.638121 1.4521 0.845258 0.312238 0.334018 0.340863 0.416925 0.512409 0.372985 0.420686 0.839907 0.542235 0.336925 0.466575 0.79217 0.489968 0.365382 0.340162 0.402234 0.835696 0.523843 0.372928 0.449035 0.408659 0.427485 1.0591 0.485073 0.349725 0.381493 0.377453 0.363842 0.542652 0.393154 0.412317 0.513745 0.770592 0.859814 0.756063 0.410419 0.355977 0.426679 0.559196 0.397568 0.806154 0.545759 0.360018 1.49046 0.940448 0.530509 0.546858 0.542211 0.348736 0.724694 0.391239 1.63897 0.487551 0.720506 0.404833 0.458375 0.36536 0.521284 0.466066 0.412466 0.291496 0.524678 0.314989 0.347164 0.5406 0.41289 0.489513 0.491719 0.395828 0.476415 0.455453 0.35889 0.399656 0.319801 0.350712 0.309466 0.530618 0.705631 0.326909 0.360764 0.36123 0.309683 0.40748 0.409131 0.408462 0.378048 0.408408 0.766481 0.465401 0.407817 0.347758 0.55442 0.50767 0.416987 0.90804 0.439541 0.392372 0.406876 0.836526 0.753058 0.40393 0.338405 0.364209 0.838147 0.635199 1.47574 0.529968 0.431925 0.374099 0.724198 0.326373 1.52116 0.481338 0.40934 0.411129 0.37266 1.04869 0.411222 0.411301 1.44787 0.381501 0.545784 0.905176 0.431263 0.359095 0.716042 0.715609 0.485924 0.327528 0.404636 0.575551 0.454677 0.721956 0.761959 0.414353 0.354673 0.336184 0.337847 0.487167 0.337874 0.373082 0.409259 0.410752 0.409232 0.858949 0.378465 0.716936 0.408642 0.54864 0.504857 0.401703 0.526184 0.308907 1.04992 0.805781 0.655014 0.725595 0.326976 0.535917 0.412585 0.399052 0.367259 0.444644 0.36091 0.407588 0.848937 0.396953 0.410346 0.331147 0.360855 0.307904 0.417655 0.37349 0.347286 0.367295 0.317444 0.454492 0.70953 0.53736 0.722232 0.529338 0.420693 0.348797 0.40227 0.399909 0.359694 0.370949 0.43057 0.333687 0.409682 0.545577 0.401456 0.443414 0.711458 0.391705 0.46521 0.367997 0.359846 0.467922 0.465157 0.302644 0.548325 0.374822 0.837625 0.359983 0.83696 0.349598 0.541999 0.31476 0.782501 1.49456 0.354017 0.302512 0.343719 0.543426 0.402662 0.522183 0.902461 0.326422 0.43 0.719802 0.387902 0.32916 0.402753 0.406225 0.410605 0.724944 1.04993 0.549574 1.4773 0.405385 0.311032 0.358255 0.53413 1.25329 0.371551 0.400245 0.807314 0.369477 0.485504 0.412039 0.410386 0.482522 0.380827 0.467921 0.385447 0.358644 0.401996 0.426417 0.462425 0.90036 0.586572 0.501962 0.411685 0.340304 0.355121 0.381015 0.467876 1.5354 0.314429 0.840935 0.437503 0.333147 0.32746 0.522393 0.406042 0.369465 0.414538 1.4673 0.850874 0.311998 0.40796 0.503191 0.459613 0.358393 0.325653 0.390161 0.363621 0.538834 0.525934 0.412031 0.333753 0.497155 0.405462 0.396818 1.65991 0.410072 0.547757 1.38214 0.466112 0.711334 0.40622 0.525483 0.362536 0.850736 0.399136 0.454286 0.37805 0.401688 0.650423 0.349374 0.45924 0.406667 0.786531 0.341631 0.429962 0.362092 0.26054 0.322086 0.48081 0.470903 0.548184 0.310875 0.425577 0.537005 0.330145 0.360812 0.469374 0.404519 0.358331 0.410623 0.477184 0.468495 0.466275 0.531973 0.448123 0.378484 0.328142 0.367262 0.457207 0.83988 0.544694 0.380143 0.379539 0.395392 0.309125 0.567362 0.429023 0.388728 0.404259 0.373929 0.322936 0.350925 1.05114 0.508828 0.140035 0.517132 0.40696 0.342723 0.543199 0.346491 0.335032 0.393828 0.311003 0.397129 0.391126 0.34652 0.408777 0.410528 0.341168 0.332323 0.369571 0.320759 0.400717 0.373584 0.8251 0.538361 0.450923 0.36437 0.335077 0.506754 0.420527 0.483021 0.381762 0.460913 1.29163 0.541312 0.506396 0.376065 0.420842 1.5354 0.410988 0.389802 0.138415 0.535613 0.366553 0.408078 0.340029 0.53926 0.851299 0.344734 0.793803 1.39423 0.4093 0.343133 0.363688 0.380754 0.359841 0.545178 0.399882 0.302103 0.364166 0.472167 0.545705 0.711081 0.811928 0.811951 0.444496 0.486117 0.711898 0.395887 0.394036 0.352705 0.528583 0.470032 0.481853 0.497652 0.400747 0.476625 0.713626 0.344568 0.352523 0.407831 0.399631 0.46452 0.347254 0.542578 0.543838 0.333236 0.407646 0.482581 0.427637 0.386406 0.405706 0.35138 0.478031 0.384914 0.440126 0.376344 0.540836 0.383196 0.362905 0.394294 0.592831 1.50253 0.348515 1.48519 0.410662 0.357308 0.548533 1.50094 0.351024 0.450212 0.357168 0.333708 0.3892 0.555898 0.372036 0.331037 0.37012 0.360218 0.413726 0.366508 0.427485 0.482396 0.406347 1.0587 0.413145 0.543335 0.412482 0.407658 0.354018 0.318783 0.45863 0.378752 0.362177 0.377358 0.466044 0.631096 0.331856 0.389936 0.406331 0.480939 0.38551 0.408463 1.57196 0.343111 0.660669 0.401915 0.33994 0.655232 0.536038 0.649946 0.47601 0.480959 0.366801 0.458521 0.454128 0.444832 0.40231 0.38647 0.967518 0.523214 0.535115 0.459974 0.44045 0.372603 0.833063 0.394088 0.361394 0.487149 0.411815 0.647737 0.646491 0.85116 0.4336 0.394517 0.494709 0.404308 0.411649 0.713009 0.488064 0.595475 0.539621 0.482664 0.336939 0.358952 0.29949 0.404201 0.492273 0.385831 0.353433 0.36539 0.326392 0.411423 0.765294 0.301592 0.33293 0.40861 0.937972 1.06378 0.560733 0.538776 0.314028 0.758564 0.409393 0.471031 0.531577 0.457947 0.485457 0.436891 0.329195 0.723946 0.39892 0.459367 0.31733 0.5392 0.405574 0.403818 0.301728 0.538575 0.452547 0.399971 1.4431 0.721961 0.539818 0.771146 0.579154 0.479473 0.341202 0.356708 0.407552 0.409175 0.321296 0.725898 0.328617 0.40422 0.334874 0.482188 0.448134 0.442067 0.457628 0.410955
Testing:
Lab Growth Rates:
0.22 0.22 0.22
Dot Production Prediction of Lab Growth Rates:
0.4117 0.359002 0.384197
Best performance so far: 
Obj: 4.65827e-310Rho: 6.5069e-314Diff: 4.65827e-310
Test:
 Lab Growth Rates:
0.22 0.22 0.22Dot Product Prediction of Growth Rate:
0.4117001 0.3590016 0.3841974