seed =  5 traits =  1 
Training: part  96 
Training: part  96 
Round  1 
 Goal of obj  0.99 
Temperature range:  0.00390625 1.5625e-13 
Cycle 1Round 1
Iter 500000 pBad 0.843201 T 0.00117995 Obj 1.05622 Rho 0 GRdif 32.1617 success 146996 failure 9342 obj_new 1.05622 SA_pAcc 0.933378 Delta 0.0318502 SA_r 0.499569 freedomratio 0.375719
Iter 1000000 pBad 0.823829 T 0.000356424 Obj 1.0326 Rho 0 GRdif 18.8656 success 291902 failure 23015 obj_new 1.0326 SA_pAcc 1.05474 Delta -0.0258798 SA_r 0.379998 freedomratio 0.36819
Iter 1500000 pBad 0.755185 T 0.000107664 Obj 1.02539 Rho 0 GRdif 14.7446 success 434651 failure 41265 obj_new 1.02539 SA_pAcc 1 Delta 0.0083468 SA_r 0.307197 freedomratio 0.364991
Iter 2000000 pBad 0.609855 T 3.25217e-05 Obj 1.01886 Rho 0 GRdif 10.9873 success 574741 failure 67619 obj_new 1.01886 SA_pAcc 0.522596 Delta 0.0406882 SA_r 0.0413058 freedomratio 0.35723
Iter 2500000 pBad 0.492851 T 9.82372e-06 Obj 1.0152 Rho 0 GRdif 8.87017 success 709444 failure 104197 obj_new 1.0152 SA_pAcc 1 Delta 0.00774183 SA_r 0.907145 freedomratio 0.357013
Iter 3000000 pBad 0.348104 T 2.96742e-06 Obj 1.01173 Rho 0 GRdif 6.85528 success 829312 failure 167592 obj_new 1.01173 SA_pAcc 0.599654 Delta 0.0146473 SA_r 0.314954 freedomratio 0.344868
Iter 3500000 pBad 0.241709 T 8.96359e-07 Obj 1.00947 Rho 0 GRdif 5.54297 success 929160 failure 273105 obj_new 1.00947 SA_pAcc 1 Delta 0.020267 SA_r 0.950802 freedomratio 0.328308
Iter 4000000 pBad 0.125767 T 2.7076e-07 Obj 1.00866 Rho 0 GRdif 5.07066 success 1008205 failure 421611 obj_new 1.00866 SA_pAcc 0.922743 Delta 0.000758736 SA_r 0.592253 freedomratio 0.308824
Iter 4500000 pBad 0.0471286 T 8.17877e-08 Obj 1.00843 Rho 0 GRdif 4.93506 success 1056549 failure 643818 obj_new 1.00843 SA_pAcc 2.30997e-05 Delta -0.004428 SA_r 0.748281 freedomratio 0.255652
Iter 5000000 pBad 0.021745 T 2.47054e-08 Obj 1.00836 Rho 0 GRdif 4.89647 success 1082422 failure 928964 obj_new 1.00836 SA_pAcc 0.212796 Delta 0.000463949 SA_r 0.256031 freedomratio 0.231861
Iter 5500000 pBad 0.0123042 T 7.46267e-09 Obj 1.00834 Rho 0 GRdif 4.88441 success 1096566 failure 1251491 obj_new 1.00834 SA_pAcc 1 Delta -0.000548957 SA_r 0.935866 freedomratio 0.21802
Iter 6000000 pBad 0.0053175 T 2.25422e-09 Obj 1.00833 Rho 0 GRdif 4.88376 success 1104288 failure 1595755 obj_new 1.00834 SA_pAcc 0 Delta -0.000531747 SA_r 0.0454034 freedomratio 0.212735
Iter 6500000 pBad 0.00291229 T 6.80926e-10 Obj 1.00833 Rho 0 GRdif 4.87598 success 1109224 failure 1950867 obj_new 1.00833 SA_pAcc 0 Delta -0.000125321 SA_r 0.511635 freedomratio 0.207921
Iter 7000000 pBad 0.00296868 T 2.05685e-10 Obj 1.00832 Rho 0 GRdif 4.87341 success 1112216 failure 2313273 obj_new 1.00832 SA_pAcc 1.81618e-71 Delta -0.000201107 SA_r 0.539151 freedomratio 0.204949
Iter 7500000 pBad 0.00156807 T 6.21307e-11 Obj 1.00832 Rho 0 GRdif 4.87561 success 1114135 failure 2681400 obj_new 1.00833 SA_pAcc 0 Delta 0.000129583 SA_r 0.699499 freedomratio 0.20227
Iter 8000000 pBad 0.000878948 T 1.87676e-11 Obj 1.00832 Rho 0 GRdif 4.87207 success 1115285 failure 3052105 obj_new 1.00832 SA_pAcc 1 Delta -5.69202e-05 SA_r 0.179546 freedomratio 0.201854
Iter 8500000 pBad 0.000332771 T 5.66907e-12 Obj 1.00832 Rho 0 GRdif 4.87508 success 1116822 failure 3423893 obj_new 1.00833 SA_pAcc 0 Delta 1.1792e-05 SA_r 0.579179 freedomratio 0.200614
Iter 9000000 pBad 0.000720701 T 1.71244e-12 Obj 1.00832 Rho 0 GRdif 4.87229 success 1119553 failure 3789735 obj_new 1.00832 SA_pAcc 0 Delta 8.77208e-07 SA_r 0.131754 freedomratio 0.199187
Iter 9500000 pBad 0.000839491 T 5.17271e-13 Obj 1.00832 Rho 0 GRdif 4.87125 success 1121851 failure 4161429 obj_new 1.00832 SA_pAcc 0 Delta 3.36377e-05 SA_r 0.179732 freedomratio 0.198985
Iter 10000000 pBad 5.07983e-25 T 1.5625e-13 Obj 1.00832 Rho 0 GRdif 4.87329 success 1126218 failure 4462129 obj_new 1.00832 SA_pAcc 0 Delta -7.29162e-27 SA_r 0.0603838 freedomratio 0.1845
Cannot move further
iter 9.79707e+06 obj1.00832 rho 0 GRdif 4.87119
Training:
Lab Growth Rates:
0.3 0.45 0.41 0.32 0.19 0.377 0.45 0.6 0.42 0.56 0.23 0.55 0.41 0.6 0.41 0.54 0.1 0.54 0.43 0.09 0.465 0.54 0.41 0.5 0.22 0.48 0.4 0.5 0.4 0.68 0.4 0.37 0.47 0.58 0.637 0.65 0.59 0.65 1.483 0.25 0.36 1.67 0.53 0.37 1.46 0.481 0.41 0.4 1.483 1.483 0.52 0.54 0.3 0.56 0.36 0.636 0.58 0.45 0.43 0.6 0.23 0.42 0.46 0.42 1.345 0.56 0.41 0.1 0.54 0.4 0.42 0.377 0.55 0.52 0.55 0.58 0.37 0.58 0.4 0.46 0.54 0.1 0.22 0.58 0.5 1.483 0.4 0.68 0.59 0.25 0.45 0.56 0.43 0.47 0.3 0.27 0.33 1.248 1.43 0.31 0.27 0.38 0.5 0.46 1.05 0.42 0.38 0.11 0.59 0.4 0.65 0.46 0.46 0.45 0.36 1.43 0.48 0.47 0.4 0.39 0.5 0.686 0.42 0.48 0.56 0.58 0.4 0.46 0.54 0.55 0.45 0.3 0.42 0.54 0.48 0.37 0.58 0.1 0.33 0.37 0.65 0.23 0.42 0.43 0.301 0.5 1.345 1.483 0.45 0.43 0.54 0.47 0.4 0.47 0.46 0.32 0.65 0.38 0.54 1.483 0.39 0.59 0.48 0.42 0.54 0.17 0.23 0.41 0.4 1.248 0.54 0.53 1.05 0.377 1.483 1.05 1.483 0.4 0.25 0.41 0.47 1.38 1.248 0.5 0.3 0.43 0.5 0.46 0.45 0.648 0.25 0.36 0.58 0.45 0.31 0.51 0.901 0.43 0.4 0.1 0.45 0.54 0.54 0.36 0.38 0.27 0.5 0.3 1.05 0.762 0.4 0.637 0.47 0.43 0.58 0.33 0.46 0.485 0.54 0.59 0.46 0.43 0.1 0.19 0.4 0.5 0.42 0.36 0.59 0.5 0.59 0.39 0.485 0.37 0.58 0.301 0.52 1.345 0.45 0.4 0.42 1.46 0.48 0.4 0.65 0.39 0.58 0.3 0.3 0.59 0.25 0.39 0.762 0.4 0.4 0.4 0.33 1.05 0.37 0.47 0.56 0.4 0.635 1.4 0.27 0.36 0.11 0.55 0.4 0.47 0.27 0.4 0.648 0.42 0.4 0.53 0.476 0.47 0.54 0.52 0.4 0.5 0.476 0.54 0.5 1.44 1.46 0.45 0.5 0.5 1.483 0.52 0.5 0.37 0.26 0.54 0.43 0.2 0.23 0.45 0.39 0.58 0.53 0.14 0.58 0.7 0.46 0.22 0.4 0.46 0.54 0.46 0.25 0.686 1.345 0.47 1.248 0.53 0.5 0.47 0.636 0.47 0.724 0.51 0.53 0.46 0.43 0.901 0.2 0.4 0.5 0.46 0.47 0.37 0.65 0.37 0.68 0.45 0.58 0.37 0.47 0.5 1.345 0.23 0.45 0.53 0.59 0.58 0.27 0.46 0.4 0.4 0.58 0.47 1.483 0.4 0.4 1.345 0.1 0.47 0.23 0.65 0.46 0.4 0.4 0.42 0.3 0.42 0.7 0.56 1.345 0.5 0.26 0.25 0.53 0.59 0.45 1.345 0.635 1.483 0.47 0.58 0.34 0.4 0.3 0.25 0.4 0.901 0.68 0.4 0.22 0.46 1.345 0.648 0.55 0.09 0.5 0.59 0.22 0.33 0.55 0.55 0.38 0.58 0.636 0.4 0.46 0.1 0.56 0.58 0.59 0.4 0.41 1.67 0.5 0.3 0.47 0.56 0.465 0.4 0.47 1.66 0.53 0.4 0.36 0.56 0.2 0.5 0.4 0.55 0.17 0.4 0.5 0.4 0.481 0.4 0.5 0.37 0.4 0.3 0.5 0.762 0.481 0.4 0.26 0.53 0.5 0.4 0.49 0.37 0.52 0.52 0.34 1.345 0.56 0.6 0.71 0.724 0.1 0.56 0.54 1.03 0.49 0.5 0.42 0.45 0.55 0.59 0.476 0.54 0.4 0.59 0.37 0.52 0.7 0.47 0.485 0.465 1.49 0.33 0.59 0.71 0.37 0.48 0.56 0.3 1.66 0.637 0.32 0.47 0.635 0.47 0.52 0.48 0.53 0.901 0.4 0.53 0.901 0.37 0.4 0.36 0.54 0.4 0.42 0.59 0.22 0.4 0.23 0.45 0.55 0.42 0.49 0.5 0.4 0.4 0.56 0.48 0.23 1.35 0.54 0.17 0.09 0.724 0.58 0.4 1.345 0.43 0.4 0.4 0.5 0.5 1.42 0.4 1.248 0.31 0.45 0.54 0.52 0.54 0.42 0.68 0.55 0.5 0.56 0.901 0.34 0.46 1.345 0.617 0.53 0.14 0.33 0.22 0.65 0.46 0.4 0.5 0.52 0.71 0.54 0.4 0.19 0.52 0.4 0.3 1.483 0.53 0.686 0.11 0.51 0.58 0.33 0.301 0.56 1.46 0.47 0.22 0.33 0.56 0.54 0.762 0.485 0.53 0.56 0.5 0.4 0.54
Dot Production Prediction of Lab Growth Rates:
0.477924 0.322668 0.344637 0.314417 0.335013 0.481894 1.40614 0.505054 0.373205 0.548077 0.440185 0.552944 0.377862 0.486466 0.377219 0.357161 1.03491 0.422565 0.345797 0.376103 0.489482 0.538083 0.484933 0.538074 0.469345 0.329627 0.40069 0.589941 0.398703 0.384174 0.403141 0.426038 0.33473 0.47066 0.714049 0.650501 0.561351 0.649921 0.985373 0.380114 0.318591 1.38143 0.385547 0.308444 1.65216 0.486275 0.483837 0.405858 0.966437 0.989617 0.364929 0.361984 0.245084 0.536336 0.430321 0.727325 0.332531 0.413807 0.371874 0.496237 0.549546 0.323805 0.398011 0.348759 1.02542 0.472544 0.350559 0.457826 0.453883 0.400043 0.358981 0.482137 0.549988 0.337668 0.547624 0.472118 0.435257 0.475353 0.400095 0.329436 0.540721 0.956018 0.43383 0.463668 0.344372 1.04545 0.400361 0.381361 0.336614 0.544635 0.402302 0.469491 0.466061 0.445147 0.512827 0.375694 0.368665 0.847085 1.41697 0.563681 0.390761 0.380664 0.647688 0.436985 1.05 0.384028 0.338291 0.325295 0.5545 0.400214 0.650801 0.364577 0.457308 1.43491 0.379001 1.40394 0.324145 0.489132 0.403113 0.346891 0.677402 0.724201 0.315211 0.340458 0.537983 0.313375 0.399971 0.513123 0.416584 0.424933 0.340945 0.418372 0.365063 0.431722 0.330805 0.434002 0.476377 1.17681 0.441071 0.414414 0.646955 0.545517 0.365847 0.435894 0.480962 0.469755 1.03492 1.01129 0.337822 0.408794 0.3901 0.360379 0.396407 0.504477 0.455668 0.33671 0.651857 0.335991 0.302692 1.03071 0.320299 0.415903 0.305082 0.30422 0.536439 0.324624 0.540804 0.317159 0.398443 0.847294 0.390801 0.535748 1.6802 0.481735 0.985588 1.05708 1.00636 0.40105 1.47998 0.370003 0.40431 1.35073 0.851169 0.352387 0.391465 0.373588 0.323607 0.462608 1.38906 0.716291 0.366557 0.34172 0.466018 0.361825 0.568071 0.399287 0.900997 0.402166 0.405068 1.34529 0.429087 0.433294 0.454538 0.322966 0.315414 0.345186 0.337925 0.451152 1.04936 0.773208 0.401925 0.719399 0.412022 0.359306 0.353144 0.362211 0.294483 0.483756 0.337849 0.303243 0.471134 0.416479 0.758417 0.327735 0.398822 0.466322 0.586809 0.354939 0.313378 0.389666 0.544323 0.29877 0.489029 0.426083 0.348238 0.483806 0.35693 1.04915 0.374914 0.340608 0.34874 1.04001 0.30541 0.402976 0.650066 0.315255 0.379982 0.476803 0.510033 0.354758 0.738692 0.297809 0.774394 0.399281 0.397924 0.402743 0.331268 1.02283 0.547591 0.353797 0.550486 0.401921 0.715546 1.42367 0.594821 0.338676 0.380388 0.549247 0.398919 0.375272 0.369009 0.405433 0.712319 0.354924 0.398368 0.496944 0.492356 0.362558 0.403807 0.364485 0.397962 0.587567 0.493499 0.379455 0.473517 1.46994 1.03718 0.374985 0.313805 0.540334 1.02322 0.387343 0.473489 0.425775 0.34296 0.345926 0.383992 0.432909 0.5425 1.51174 0.316838 0.472997 0.541305 0.139714 0.458848 0.702682 0.497803 0.466731 0.403532 0.416453 0.403084 0.526155 0.31727 0.722519 1.05982 0.414305 0.850338 0.331086 0.67585 0.416092 0.72419 0.508773 0.722772 0.43132 0.430377 0.301102 0.428173 0.901003 0.433239 0.399951 0.320117 0.459976 0.405355 0.390942 0.621878 0.381472 0.386568 0.319398 0.472811 0.436099 0.395046 0.573419 1.04888 0.441715 1.44993 0.524482 0.543282 0.389371 0.293708 0.328435 0.400884 0.402192 0.365702 0.40523 1.01804 0.401951 0.401025 0.99384 0.948401 0.415322 0.440778 0.644567 0.471093 0.401977 0.39951 0.602542 0.251828 0.381255 0.697242 0.549063 0.954574 0.320632 0.55713 0.531415 0.545846 0.543239 1.51004 0.976726 0.716425 0.96772 0.362106 0.462921 0.312492 0.401609 0.423647 0.37661 0.398189 0.811646 0.387248 0.39804 0.39393 0.451245 0.970949 0.714432 0.441908 0.455271 0.330871 0.55286 0.471435 0.318729 0.549564 0.550408 0.370682 0.463368 0.727228 0.401862 0.376923 0.351383 0.545423 0.368717 0.544538 0.40456 0.480583 1.41639 0.467513 0.485181 0.344942 0.473838 0.487454 0.400535 0.394798 1.66 0.289748 0.404275 0.361634 0.466828 0.382775 0.53833 0.402728 0.447658 0.325029 0.391712 0.391751 0.404088 0.488665 0.392149 0.667092 0.422729 0.3968 0.24536 0.324104 0.780628 0.484595 0.393736 0.468637 0.53667 0.355848 0.401573 0.398125 0.446318 0.357965 0.339085 0.322351 1.02633 0.46354 0.519524 0.729002 0.721483 0.444839 0.539962 0.430502 1.38349 0.367335 0.529601 0.345634 0.349372 0.445971 0.320832 0.489095 0.545762 0.403106 0.402163 0.42276 0.386104 0.7 0.379815 0.482557 0.492087 1.51174 0.376781 0.316862 0.723211 0.425856 0.358952 0.539388 0.47291 1.66 0.719422 0.303167 0.358211 0.71688 0.311015 0.37475 0.311826 0.344876 0.901961 0.404232 0.378074 0.90232 0.425981 0.420925 0.415208 0.317925 0.345973 0.583555 0.306188 0.355042 0.399935 0.543516 0.404614 0.444128 0.324698 0.363829 0.544093 0.397411 0.400502 0.550463 0.294598 0.537161 1.29836 0.541308 0.430744 0.336963 0.723836 0.471741 0.403912 1.06942 0.445035 0.399996 0.402898 0.577732 0.530549 1.5068 0.400401 0.847775 0.558595 1.42196 0.548105 0.363599 0.538619 0.305576 0.384246 0.439677 0.67398 0.466833 0.901 0.338122 0.450902 1.04576 0.517574 0.325215 0.14015 0.504738 0.469392 0.626233 0.443751 0.393244 0.474796 0.412999 0.720686 0.393563 0.397932 0.321809 0.398665 0.402806 0.339919 1.00728 0.535624 0.723752 0.369774 0.404527 0.306159 0.31304 0.482083 0.548888 1.04428 0.357657 0.46755 0.479433 0.534343 0.449929 0.783046 0.490254 0.528796 0.548343 0.697564 0.40193 0.381415
Testing:
Lab Growth Rates:
0.7
Dot Production Prediction of Lab Growth Rates:
0.701908
Best performance so far: 
Obj: 4.67376e-310Rho: 2.26291e-314Diff: 4.67376e-310
Anneal again with the best G and E so far as input
Cycle 2Round 1
Iter 500000 pBad 0.834134 T 0.00117995 Obj 1.03964 Rho 0 GRdif 22.8605 success 112112 failure 8534 obj_new 1.03964 SA_pAcc 1.13143 Delta -0.0469918 SA_r 0.287939 freedomratio 0.265223
Iter 1000000 pBad 0.775032 T 0.000356424 Obj 1.0303 Rho 0 GRdif 17.5517 success 221474 failure 22600 obj_new 1.0303 SA_pAcc 1 Delta -0.00238609 SA_r 0.965231 freedomratio 0.265823
Iter 1500000 pBad 0.728102 T 0.000107664 Obj 1.02612 Rho 0 GRdif 15.161 success 328659 failure 40930 obj_new 1.02612 SA_pAcc 1.06184 Delta -0.0210201 SA_r 0.537388 freedomratio 0.267273
Iter 2000000 pBad 0.637382 T 3.25217e-05 Obj 1.02199 Rho 0 GRdif 12.789 success 434481 failure 64206 obj_new 1.02199 SA_pAcc 1 Delta 0.0569513 SA_r 0.94263 freedomratio 0.262383
Iter 2500000 pBad 0.455839 T 9.82372e-06 Obj 1.01788 Rho 0 GRdif 10.4215 success 536292 failure 96248 obj_new 1.01788 SA_pAcc 0.987465 Delta -0.0321506 SA_r 0.935019 freedomratio 0.253012
Iter 3000000 pBad 0.332773 T 2.96742e-06 Obj 1.01475 Rho 0 GRdif 8.61177 success 627410 failure 149668 obj_new 1.01475 SA_pAcc 1 Delta -0.00762914 SA_r 0.358489 freedomratio 0.247059
Iter 3500000 pBad 0.211093 T 8.96359e-07 Obj 1.01067 Rho 0 GRdif 6.23973 success 702774 failure 242235 obj_new 1.01067 SA_pAcc 1 Delta 0.0145492 SA_r 0.907616 freedomratio 0.241082
Iter 4000000 pBad 0.145258 T 2.7076e-07 Obj 1.0096 Rho 0 GRdif 5.61916 success 765618 failure 363129 obj_new 1.0096 SA_pAcc 1 Delta -0.0134682 SA_r 0.726528 freedomratio 0.226502
Iter 4500000 pBad 0.0512379 T 8.17877e-08 Obj 1.00908 Rho 0 GRdif 5.31291 success 810946 failure 535364 obj_new 1.00908 SA_pAcc 9.81299e-05 Delta -0.00279932 SA_r 0.913489 freedomratio 0.203742
Iter 5000000 pBad 0.0257378 T 2.47054e-08 Obj 1.00889 Rho 0 GRdif 5.22613 success 836869 failure 771285 obj_new 1.00893 SA_pAcc 0 Delta 0.000671354 SA_r 0.466978 freedomratio 0.180812
Iter 5500000 pBad 0.0141 T 7.46267e-09 Obj 1.00884 Rho 0 GRdif 5.18474 success 851050 failure 1053203 obj_new 1.00886 SA_pAcc 0 Delta -0.000670088 SA_r 0.75448 freedomratio 0.171479
Iter 6000000 pBad 0.00952432 T 2.25422e-09 Obj 1.00881 Rho 0 GRdif 5.1599 success 860856 failure 1357543 obj_new 1.00881 SA_pAcc 1.33092e-05 Delta 0.000311498 SA_r 0.732081 freedomratio 0.163515
Iter 6500000 pBad 0.00351754 T 6.80926e-10 Obj 1.0088 Rho 0 GRdif 5.15108 success 867584 failure 1679902 obj_new 1.0088 SA_pAcc 1 Delta 6.48457e-05 SA_r 0.451477 freedomratio 0.159566
Iter 7000000 pBad 0.00254613 T 2.05685e-10 Obj 1.00879 Rho 0 GRdif 5.14669 success 872338 failure 2014893 obj_new 1.00879 SA_pAcc 0 Delta 0.000155748 SA_r 0.600827 freedomratio 0.155927
Iter 7500000 pBad 0.00213749 T 6.21307e-11 Obj 1.00878 Rho 0 GRdif 5.14286 success 876466 failure 2358907 obj_new 1.00878 SA_pAcc 2.49952e-31 Delta 9.31219e-05 SA_r 0.763791 freedomratio 0.151781
Iter 8000000 pBad 0.000639204 T 1.87676e-11 Obj 1.00878 Rho 0 GRdif 5.14277 success 879888 failure 2710493 obj_new 1.00878 SA_pAcc 0 Delta 1.99415e-05 SA_r 0.896048 freedomratio 0.150731
Iter 8500000 pBad 0.000385315 T 5.66907e-12 Obj 1.00878 Rho 0 GRdif 5.14048 success 883663 failure 3066606 obj_new 1.00878 SA_pAcc 0 Delta -1.21237e-05 SA_r 0.718884 freedomratio 0.148036
Iter 9000000 pBad 0.000357022 T 1.71244e-12 Obj 1.00878 Rho 0 GRdif 5.13954 success 887588 failure 3426920 obj_new 1.00878 SA_pAcc 1 Delta 2.24623e-06 SA_r 0.278991 freedomratio 0.147184
Iter 9500000 pBad 8.71446e-20 T 5.17271e-13 Obj 1.00878 Rho 0 GRdif 5.13925 success 893198 failure 3788656 obj_new 1.00878 SA_pAcc 0 Delta -3.66372e-21 SA_r 0.75722 freedomratio 0.144792
Good enough
iter 9.79124e+06 obj1.00878 rho 0 GRdif 5.13886
Training:
Lab Growth Rates:
0.3 0.45 0.41 0.32 0.19 0.377 0.45 0.6 0.42 0.56 0.23 0.55 0.41 0.6 0.41 0.54 0.1 0.54 0.43 0.09 0.465 0.54 0.41 0.5 0.22 0.48 0.4 0.5 0.4 0.68 0.4 0.37 0.47 0.58 0.637 0.65 0.59 0.65 1.483 0.25 0.36 1.67 0.53 0.37 1.46 0.481 0.41 0.4 1.483 1.483 0.52 0.54 0.3 0.56 0.36 0.636 0.58 0.45 0.43 0.6 0.23 0.42 0.46 0.42 1.345 0.56 0.41 0.1 0.54 0.4 0.42 0.377 0.55 0.52 0.55 0.58 0.37 0.58 0.4 0.46 0.54 0.1 0.22 0.58 0.5 1.483 0.4 0.68 0.59 0.25 0.45 0.56 0.43 0.47 0.3 0.27 0.33 1.248 1.43 0.31 0.27 0.38 0.5 0.46 1.05 0.42 0.38 0.11 0.59 0.4 0.65 0.46 0.46 0.45 0.36 1.43 0.48 0.47 0.4 0.39 0.5 0.686 0.42 0.48 0.56 0.58 0.4 0.46 0.54 0.55 0.45 0.3 0.42 0.54 0.48 0.37 0.58 0.1 0.33 0.37 0.65 0.23 0.42 0.43 0.301 0.5 1.345 1.483 0.45 0.43 0.54 0.47 0.4 0.47 0.46 0.32 0.65 0.38 0.54 1.483 0.39 0.59 0.48 0.42 0.54 0.17 0.23 0.41 0.4 1.248 0.54 0.53 1.05 0.377 1.483 1.05 1.483 0.4 0.25 0.41 0.47 1.38 1.248 0.5 0.3 0.43 0.5 0.46 0.45 0.648 0.25 0.36 0.58 0.45 0.31 0.51 0.901 0.43 0.4 0.1 0.45 0.54 0.54 0.36 0.38 0.27 0.5 0.3 1.05 0.762 0.4 0.637 0.47 0.43 0.58 0.33 0.46 0.485 0.54 0.59 0.46 0.43 0.1 0.19 0.4 0.5 0.42 0.36 0.59 0.5 0.59 0.39 0.485 0.37 0.58 0.301 0.52 1.345 0.45 0.4 0.42 1.46 0.48 0.4 0.65 0.39 0.58 0.3 0.3 0.59 0.25 0.39 0.762 0.4 0.4 0.4 0.33 1.05 0.37 0.47 0.56 0.4 0.635 1.4 0.27 0.36 0.11 0.55 0.4 0.47 0.27 0.4 0.648 0.42 0.4 0.53 0.476 0.47 0.54 0.52 0.4 0.5 0.476 0.54 0.5 1.44 1.46 0.45 0.5 0.5 1.483 0.52 0.5 0.37 0.26 0.54 0.43 0.2 0.23 0.45 0.39 0.58 0.53 0.14 0.58 0.7 0.46 0.22 0.4 0.46 0.54 0.46 0.25 0.686 1.345 0.47 1.248 0.53 0.5 0.47 0.636 0.47 0.724 0.51 0.53 0.46 0.43 0.901 0.2 0.4 0.5 0.46 0.47 0.37 0.65 0.37 0.68 0.45 0.58 0.37 0.47 0.5 1.345 0.23 0.45 0.53 0.59 0.58 0.27 0.46 0.4 0.4 0.58 0.47 1.483 0.4 0.4 1.345 0.1 0.47 0.23 0.65 0.46 0.4 0.4 0.42 0.3 0.42 0.7 0.56 1.345 0.5 0.26 0.25 0.53 0.59 0.45 1.345 0.635 1.483 0.47 0.58 0.34 0.4 0.3 0.25 0.4 0.901 0.68 0.4 0.22 0.46 1.345 0.648 0.55 0.09 0.5 0.59 0.22 0.33 0.55 0.55 0.38 0.58 0.636 0.4 0.46 0.1 0.56 0.58 0.59 0.4 0.41 1.67 0.5 0.3 0.47 0.56 0.465 0.4 0.47 1.66 0.53 0.4 0.36 0.56 0.2 0.5 0.4 0.55 0.17 0.4 0.5 0.4 0.481 0.4 0.5 0.37 0.4 0.3 0.5 0.762 0.481 0.4 0.26 0.53 0.5 0.4 0.49 0.37 0.52 0.52 0.34 1.345 0.56 0.6 0.71 0.724 0.1 0.56 0.54 1.03 0.49 0.5 0.42 0.45 0.55 0.59 0.476 0.54 0.4 0.59 0.37 0.52 0.7 0.47 0.485 0.465 1.49 0.33 0.59 0.71 0.37 0.48 0.56 0.3 1.66 0.637 0.32 0.47 0.635 0.47 0.52 0.48 0.53 0.901 0.4 0.53 0.901 0.37 0.4 0.36 0.54 0.4 0.42 0.59 0.22 0.4 0.23 0.45 0.55 0.42 0.49 0.5 0.4 0.4 0.56 0.48 0.23 1.35 0.54 0.17 0.09 0.724 0.58 0.4 1.345 0.43 0.4 0.4 0.5 0.5 1.42 0.4 1.248 0.31 0.45 0.54 0.52 0.54 0.42 0.68 0.55 0.5 0.56 0.901 0.34 0.46 1.345 0.617 0.53 0.14 0.33 0.22 0.65 0.46 0.4 0.5 0.52 0.71 0.54 0.4 0.19 0.52 0.4 0.3 1.483 0.53 0.686 0.11 0.51 0.58 0.33 0.301 0.56 1.46 0.47 0.22 0.33 0.56 0.54 0.762 0.485 0.53 0.56 0.5 0.4 0.54
Dot Production Prediction of Lab Growth Rates:
0.587419 0.338403 0.345429 0.321853 0.295316 0.575457 1.34063 0.621358 0.350649 0.552769 0.42038 0.551037 0.395451 0.613745 0.390446 0.33782 1.76945 0.385964 0.356544 0.383378 0.574702 0.539767 0.5795 0.555717 0.473902 0.307569 0.395626 0.776577 0.395989 0.321938 0.401542 0.410287 0.309009 0.474887 0.670511 0.659692 0.553323 0.650102 1.35524 0.354842 0.326822 1.37903 0.389373 0.277834 1.37191 0.572 0.578176 0.403247 1.32461 1.36417 0.380265 0.391319 0.29619 0.526402 0.441083 0.696386 0.356604 0.425381 0.379255 0.602814 0.560755 0.312833 0.403641 0.328108 1.3755 0.47276 0.373835 0.4496 0.464174 0.394924 0.334935 0.572658 0.547029 0.322485 0.55555 0.480483 0.417004 0.47248 0.39852 0.345636 0.540015 1.58764 0.463822 0.461461 0.361024 1.37378 0.402231 0.317751 0.344514 0.538462 0.365806 0.472758 0.471312 0.415151 0.617522 0.346692 0.370407 0.848712 1.09632 0.646979 0.382655 0.37905 0.812632 0.426812 1.05445 0.359083 0.305266 0.328015 0.549777 0.396413 0.642967 0.342232 0.461673 1.39017 0.370538 1.08723 0.329434 0.482682 0.401076 0.336072 0.888375 0.683402 0.283484 0.343036 0.552982 0.318488 0.400014 0.547026 0.391056 0.459092 0.350388 0.481572 0.327437 0.442732 0.351768 0.420049 0.467583 1.81452 0.476672 0.405499 0.650006 0.554695 0.349426 0.455019 0.573555 0.467215 1.3435 1.32171 0.343952 0.398832 0.406344 0.338788 0.391143 0.488273 0.450044 0.355791 0.657882 0.294328 0.300353 1.33417 0.346746 0.40877 0.295072 0.312118 0.552627 0.306894 0.563071 0.320974 0.396267 0.842346 0.38901 0.536057 1.3529 0.57711 1.3439 1.05945 1.31317 0.400168 1.40625 0.370861 0.370197 1.25723 0.856871 0.36405 0.360428 0.37037 0.327923 0.477036 1.3229 0.676866 0.347082 0.316263 0.461549 0.361208 0.628404 0.408395 0.901022 0.378283 0.403302 1.32046 0.42233 0.444771 0.468776 0.338658 0.279674 0.311166 0.334291 0.511527 1.05004 0.799816 0.400455 0.67516 0.405149 0.361768 0.344755 0.3606 0.289277 0.572583 0.355871 0.287453 0.461138 0.395223 1.00187 0.296171 0.394243 0.468485 0.608531 0.351455 0.323459 0.372426 0.542238 0.313034 0.574121 0.427823 0.384549 0.581829 0.356152 1.34453 0.381357 0.308838 0.304507 1.05388 0.285944 0.401095 0.66234 0.301851 0.401472 0.573067 0.643856 0.335138 0.984338 0.317771 0.807812 0.399263 0.3962 0.400337 0.309906 1.04967 0.571614 0.348481 0.543286 0.40171 0.673428 1.40005 0.58586 0.363642 0.388108 0.541962 0.39777 0.378293 0.369382 0.402724 0.668195 0.331707 0.395316 0.466487 0.575548 0.354555 0.369987 0.340046 0.390435 0.715065 0.577702 0.362299 0.483408 1.39691 1.08073 0.391932 0.326807 0.539927 1.35247 0.396086 0.481694 0.417839 0.369002 0.376826 0.349929 0.391069 0.555308 1.4644 0.304889 0.46671 0.547703 0.36593 0.451891 0.778125 0.543616 0.469692 0.401086 0.428106 0.364004 0.57099 0.301612 0.680339 1.36493 0.395586 0.845612 0.319483 0.890138 0.406928 0.68114 0.483771 0.682831 0.4361 0.439377 0.307491 0.404227 0.90103 0.382703 0.396542 0.309303 0.458004 0.396114 0.392371 0.615153 0.37867 0.327435 0.299171 0.465962 0.41964 0.369352 0.719905 1.34707 0.41979 1.38462 0.526505 0.536824 0.398967 0.272152 0.339731 0.398063 0.398521 0.363046 0.400712 1.36442 0.400904 0.39613 1.35709 1.5605 0.391771 0.420254 0.647079 0.461557 0.399344 0.400169 0.618024 0.303726 0.407114 0.766393 0.549886 1.33607 0.31706 0.586686 0.518123 0.539367 0.545935 1.42896 1.32674 0.677698 1.31711 0.348898 0.46328 0.292847 0.402216 0.392123 0.354223 0.394002 0.841711 0.325924 0.392713 0.412698 0.444392 1.33381 0.677095 0.476719 0.476328 0.334307 0.557585 0.481055 0.304843 0.545589 0.544452 0.364022 0.463857 0.686697 0.397107 0.370104 0.329014 0.543336 0.370934 0.544102 0.403103 0.581194 1.42737 0.48123 0.602007 0.358435 0.474958 0.572533 0.399494 0.354968 1.43104 0.291898 0.402991 0.354924 0.462622 0.352815 0.564892 0.402481 0.476745 0.301115 0.386705 0.428189 0.401052 0.576265 0.39109 0.8486 0.407247 0.394311 0.300013 0.333865 0.810475 0.569927 0.390036 0.48042 0.549182 0.39428 0.400478 0.418182 0.461823 0.37596 0.34806 0.319195 1.32977 0.470034 0.638091 0.6892 0.683604 0.44972 0.550833 0.439918 1.2472 0.389681 0.538234 0.352468 0.321177 0.475766 0.325499 0.57075 0.557022 0.39855 0.392608 0.418295 0.412072 0.767622 0.369128 0.572295 0.573999 1.4644 0.324155 0.297489 0.680598 0.410093 0.350261 0.541033 0.568636 1.4085 0.677556 0.312437 0.36006 0.678472 0.284915 0.377835 0.283089 0.364855 0.906299 0.400726 0.401703 0.904394 0.414629 0.407514 0.43994 0.307725 0.290962 0.582231 0.287455 0.356902 0.396819 0.547118 0.415887 0.473785 0.316482 0.384337 0.754188 0.391737 0.401019 0.545954 0.312089 0.559431 1.0495 0.533302 0.435551 0.348978 0.686892 0.476948 0.401825 1.38187 0.424637 0.395925 0.400524 0.769362 0.535729 1.45789 0.398558 0.847691 0.627433 1.37328 0.545697 0.37051 0.536483 0.286222 0.324309 0.477573 0.853118 0.467443 0.901027 0.332945 0.44355 1.34818 0.77042 0.311608 0.365576 0.533693 0.477076 0.623286 0.476535 0.392368 0.472181 0.426072 0.675921 0.39246 0.393906 0.294812 0.350427 0.401259 0.300599 1.3142 0.53786 0.682384 0.373232 0.420554 0.288151 0.321851 0.585005 0.547222 1.08018 0.373297 0.476529 0.513404 0.532837 0.448156 0.815077 0.579981 0.531868 0.549501 0.906205 0.400608 0.380834
Testing:
Lab Growth Rates:
0.7
Dot Production Prediction of Lab Growth Rates:
0.786848
Best performance so far: 
Obj: 4.67376e-310Rho: 9.88131e-324Diff: 4.67376e-310
Test:
 Lab Growth Rates:
0.7Dot Product Prediction of Growth Rate:
0.7868481