seed =  5 traits =  1 
Training: part  118 
Training: part  118 
Round  1 
 Goal of obj  0.99 
Temperature range:  0.00390625 1.5625e-12 
Cycle 1Round 1
Iter 500000 pBad 0.842384 T 0.00132393 Obj 1.07199 Rho 0 GRdif 40.8769 success 146045 failure 10659 obj_new 1.07199 SA_pAcc 0.894466 Delta 0.0586405 SA_r 0.0135402 freedomratio 0.37286
Iter 1000000 pBad 0.806968 T 0.000448711 Obj 1.04042 Rho 0 GRdif 23.3014 success 289533 failure 27766 obj_new 1.04042 SA_pAcc 1 Delta 0.0616775 SA_r 0.652174 freedomratio 0.359633
Iter 1500000 pBad 0.758026 T 0.000152079 Obj 1.02837 Rho 0 GRdif 16.4493 success 431303 failure 49468 obj_new 1.02837 SA_pAcc 0.816907 Delta -0.00249503 SA_r 0.28896 freedomratio 0.367041
Iter 2000000 pBad 0.710845 T 5.15434e-05 Obj 1.02297 Rho 0 GRdif 13.3534 success 572064 failure 72850 obj_new 1.02297 SA_pAcc 0.978042 Delta 0.00484464 SA_r 0.443972 freedomratio 0.362739
Iter 2500000 pBad 0.580677 T 1.74693e-05 Obj 1.01776 Rho 0 GRdif 10.3535 success 709694 failure 104112 obj_new 1.01776 SA_pAcc 1.03009 Delta -0.00272294 SA_r 0.915501 freedomratio 0.356796
Iter 3000000 pBad 0.445028 T 5.92078e-06 Obj 1.01493 Rho 0 GRdif 8.71232 success 839207 failure 148570 obj_new 1.01493 SA_pAcc 1.04868 Delta 0.0377867 SA_r 0.926935 freedomratio 0.351254
Iter 3500000 pBad 0.321863 T 2.0067e-06 Obj 1.0106 Rho 0 GRdif 6.20045 success 953662 failure 223707 obj_new 1.0106 SA_pAcc 1 Delta 0.0232398 SA_r 0.589664 freedomratio 0.33871
Iter 4000000 pBad 0.217547 T 6.80119e-07 Obj 1.00871 Rho 0 GRdif 5.10009 success 1053413 failure 328615 obj_new 1.00871 SA_pAcc 3.02172 Delta 0.00696907 SA_r 0.0416018 freedomratio 0.328308
Iter 4500000 pBad 0.113417 T 2.30509e-07 Obj 1.00792 Rho 0 GRdif 4.63991 success 1124256 failure 495025 obj_new 1.00792 SA_pAcc 0.000201402 Delta -0.00619337 SA_r 0.179186 freedomratio 0.292975
Iter 5000000 pBad 0.0643805 T 7.81252e-08 Obj 1.00772 Rho 0 GRdif 4.54524 success 1170407 failure 721460 obj_new 1.00776 SA_pAcc 8.75155e-213 Delta 0.00212389 SA_r 0.514752 freedomratio 0.264389
Iter 5500000 pBad 0.030933 T 2.64785e-08 Obj 1.00762 Rho 0 GRdif 4.46478 success 1199648 failure 998538 obj_new 1.00762 SA_pAcc 0.928668 Delta 0.000421976 SA_r 0.345781 freedomratio 0.23086
Iter 6000000 pBad 0.0206689 T 8.97423e-09 Obj 1.00759 Rho 0 GRdif 4.44808 success 1217645 failure 1315586 obj_new 1.00759 SA_pAcc 2.23529e-13 Delta 0.00190276 SA_r 0.365039 freedomratio 0.213663
Iter 6500000 pBad 0.0143769 T 3.04159e-09 Obj 1.00758 Rho 0 GRdif 4.44545 success 1227902 failure 1659052 obj_new 1.00759 SA_pAcc 0 Delta 0.000732917 SA_r 0.410713 freedomratio 0.208807
Iter 7000000 pBad 0.00435392 T 1.03087e-09 Obj 1.00758 Rho 0 GRdif 4.43861 success 1234275 failure 2015406 obj_new 1.00758 SA_pAcc 0 Delta 7.36402e-05 SA_r 0.487061 freedomratio 0.203813
Iter 7500000 pBad 0.00284277 T 3.49386e-10 Obj 1.00757 Rho 0 GRdif 4.4354 success 1238625 failure 2381170 obj_new 1.00757 SA_pAcc 1.68983e-25 Delta -0.000124482 SA_r 0.699945 freedomratio 0.199728
Iter 8000000 pBad 0.00257277 T 1.18416e-10 Obj 1.00757 Rho 0 GRdif 4.44104 success 1241376 failure 2754521 obj_new 1.00758 SA_pAcc 0 Delta -0.000117425 SA_r 0.0483114 freedomratio 0.196853
Iter 8500000 pBad 0.00142379 T 4.0134e-11 Obj 1.00757 Rho 0 GRdif 4.64522 success 1243336 failure 3132016 obj_new 1.00793 SA_pAcc 0 Delta -0.000136743 SA_r 0.310682 freedomratio 0.195479
Iter 9000000 pBad 0.000485536 T 1.36024e-11 Obj 1.00757 Rho 0 GRdif 4.47416 success 1244694 failure 3513388 obj_new 1.00764 SA_pAcc 0 Delta -4.60468e-05 SA_r 0.401936 freedomratio 0.193357
Iter 9500000 pBad 0.000560724 T 4.61018e-12 Obj 1.00757 Rho 0 GRdif 4.43286 success 1245628 failure 3896568 obj_new 1.00757 SA_pAcc 0 Delta -6.61919e-06 SA_r 0.578025 freedomratio 0.192094
Iter 10000000 pBad 0.000584919 T 1.5625e-12 Obj 1.00757 Rho 0 GRdif 4.43271 success 1247300 failure 4277490 obj_new 1.00757 SA_pAcc 0 Delta -2.40373e-05 SA_r 0.51858 freedomratio 0.191843
Cannot move further
iter 9.99994e+06 obj1.00757 rho 0 GRdif 4.43271
Training:
Lab Growth Rates:
0.617 0.5 0.4 0.4 0.33 0.55 0.54 0.58 0.1 0.09 0.19 0.636 0.4 0.47 0.45 0.4 0.59 0.43 0.23 0.23 0.5 0.23 0.4 0.42 0.56 0.43 0.58 0.485 0.2 0.4 0.42 0.48 0.3 0.56 0.52 0.648 0.65 0.4 0.1 0.31 0.55 0.56 0.5 0.3 0.37 0.46 0.5 0.47 0.485 0.33 0.4 1.67 0.48 0.1 0.52 0.33 0.41 0.5 0.4 0.58 0.4 0.5 0.59 0.6 0.42 0.23 0.4 0.58 1.05 0.4 0.25 0.55 0.5 0.11 1.483 0.54 0.38 0.4 0.39 0.65 1.03 0.59 0.23 0.4 1.345 0.53 0.4 0.46 0.48 0.59 0.686 0.377 0.59 0.09 0.45 0.25 0.47 0.37 0.4 0.22 0.53 0.4 0.17 0.56 0.54 0.45 0.4 0.37 1.4 0.56 0.22 0.4 0.45 0.1 0.48 0.54 0.58 0.38 0.686 0.53 0.46 0.34 0.56 0.4 0.42 0.56 0.5 0.46 0.68 0.59 0.47 0.4 0.36 0.52 0.54 0.4 0.465 1.483 0.4 0.58 0.38 0.481 0.37 0.5 0.4 0.635 0.51 0.648 1.483 0.55 0.11 0.4 0.901 0.54 0.1 0.47 0.5 1.483 0.65 0.37 0.68 0.25 0.476 0.41 0.59 0.47 0.4 0.635 0.31 0.58 0.4 1.345 0.46 0.47 1.05 0.33 0.54 0.46 0.54 0.43 0.56 1.345 0.43 0.58 0.4 0.37 0.5 0.42 0.47 0.46 0.71 0.47 0.59 0.53 1.42 0.47 0.71 0.37 0.37 0.71 0.46 0.48 0.41 0.3 0.43 0.48 0.36 0.36 0.53 1.46 1.248 0.762 0.3 0.53 0.52 0.39 0.59 0.55 0.4 0.476 0.7 0.19 0.4 0.41 0.5 0.22 0.648 0.46 0.53 0.45 0.47 0.58 0.3 0.637 0.377 0.5 0.45 0.37 0.36 1.46 0.42 0.5 0.36 1.05 0.65 0.465 0.46 0.22 0.42 0.45 0.54 0.54 0.5 1.345 0.4 0.4 0.47 0.45 0.45 0.4 1.35 0.47 0.41 0.42 0.4 0.2 1.345 0.43 0.54 0.52 0.22 0.3 0.56 0.42 0.41 0.46 0.46 0.33 0.22 0.46 0.5 0.39 0.39 1.248 0.4 0.37 0.7 0.49 0.23 0.58 1.483 0.3 0.58 0.4 0.56 0.53 0.58 1.248 0.3 0.65 0.45 1.46 0.635 0.901 0.56 0.4 0.56 0.33 0.25 0.25 0.4 0.43 1.483 0.39 0.43 0.59 0.09 0.54 0.55 0.58 0.4 0.4 0.58 0.901 0.4 0.485 1.483 0.55 0.4 0.5 0.7 0.11 0.53 0.54 0.46 0.52 0.5 0.54 0.6 0.36 0.4 0.36 0.4 0.41 0.41 0.4 0.686 0.4 0.26 0.37 0.26 0.59 0.37 0.54 0.42 0.481 1.66 0.637 0.901 0.4 0.54 0.4 0.54 0.762 0.301 0.42 1.345 0.55 0.19 0.5 0.42 0.53 0.5 1.66 0.56 0.1 0.52 0.58 0.54 0.485 0.45 0.46 0.4 0.34 0.54 0.3 0.37 0.65 0.3 0.4 0.476 0.43 1.345 0.49 0.27 0.47 0.25 0.23 0.45 0.56 0.46 0.301 0.53 0.47 0.17 0.53 0.14 0.26 0.53 0.43 0.31 0.4 1.46 0.48 1.345 0.47 0.54 0.68 0.54 0.54 0.22 0.46 0.4 0.55 0.27 0.25 0.17 0.41 0.59 1.483 0.5 1.05 0.32 1.248 0.65 0.54 0.59 0.37 0.27 0.46 0.45 1.483 1.345 1.67 0.724 0.27 0.47 0.42 0.47 1.49 0.45 0.5 0.55 0.58 0.3 0.56 0.52 0.5 0.636 0.32 0.36 1.483 0.65 0.59 0.51 0.27 1.43 0.47 0.58 0.5 0.42 0.58 1.248 0.4 0.22 0.55 0.58 0.1 0.68 0.65 0.47 1.345 0.42 0.301 0.4 0.27 0.37 0.23 0.53 0.68 0.2 0.46 0.45 0.465 0.4 0.56 0.3 0.5 0.3 0.38 0.5 0.32 0.5 0.3 0.48 1.44 0.724 0.4 0.4 1.38 0.4 0.14 0.45 1.43 0.33 0.51 0.58 0.4 0.47 0.45 1.483 0.56 1.345 0.5 0.54 0.45 0.52 0.52 0.42 0.36 0.5 0.7 0.34 1.345 0.54 0.59 0.637 0.47 0.43 1.05 0.38 0.5 0.4 0.33 0.42 0.636 0.47 0.5 0.1 0.377 0.762 0.42 0.901 0.25 0.52 0.52 0.45 0.901 0.5 0.54 0.33 0.46 0.55 0.6 0.4 0.6 0.49 0.43 0.58 1.483 0.59 0.53 0.46 0.481 0.37 0.23 0.4 0.48 0.54 0.1 0.56 0.4 0.762 0.47 0.724 0.54 0.5 0.39
Dot Production Prediction of Lab Growth Rates:
0.616986 0.362669 0.401864 0.400015 0.475742 0.434517 0.451802 0.369046 1.14976 0.470498 0.327815 0.727446 0.401361 0.381166 0.344926 0.399169 0.322985 0.350923 0.538967 0.415956 0.317299 0.540665 0.403168 0.33426 0.541038 0.39299 0.467 0.448303 0.385831 0.398761 0.329587 0.314292 0.421877 0.550069 0.365986 0.704441 0.618304 0.402574 1.15029 0.613203 0.454961 0.528849 0.553398 0.457699 0.402465 0.305697 0.754292 0.504048 0.449842 0.513821 0.401451 1.36373 0.313011 0.461885 0.341225 0.311868 0.349542 0.475349 0.387987 0.470496 0.400261 0.47336 0.361776 0.491179 0.332981 0.539943 0.397569 0.351553 1.05 0.404394 0.575939 0.560257 0.380804 0.387958 1.2267 0.383729 0.303961 0.396996 0.321025 0.652409 1.31126 0.544822 0.540293 0.400633 1.29476 0.530002 0.388439 0.35201 0.348078 0.334349 0.724724 0.441375 0.331183 0.336877 0.350917 1.53865 0.317334 0.411789 0.400278 0.470798 0.335418 0.394943 0.305919 0.470342 0.378107 1.55614 0.401876 0.289866 1.41201 0.541037 0.477723 0.400281 0.36645 1.4038 0.2859 0.455597 0.46699 0.312486 0.718313 0.523965 0.374074 0.312473 0.548561 0.400957 0.392192 0.548196 0.326781 0.294752 0.512142 0.555442 0.37997 0.397409 0.414616 0.37612 0.376535 0.38864 0.452511 1.20101 0.404874 0.477942 0.352623 0.449568 0.395756 0.425219 0.400229 0.712022 0.394055 0.711503 1.2418 0.461774 0.373596 0.399189 0.859436 0.375384 0.466078 0.399291 0.549594 1.172 0.647618 0.433799 0.517542 0.339119 0.458045 0.326186 0.305611 0.385993 0.401077 0.710012 0.597828 0.473871 0.394076 1.27396 0.5554 0.347225 1.0503 0.366004 0.54162 0.425751 0.353291 0.385495 0.55157 1.26274 0.436574 0.472084 0.402667 0.397782 0.727106 0.320181 0.442728 0.543852 0.720407 0.369539 0.302463 0.535155 1.54682 0.36055 0.717867 0.405966 0.411615 0.722476 0.395263 0.314753 0.381599 0.510223 0.409039 0.341703 0.323268 0.363422 0.396522 1.02977 0.899405 0.829565 0.389385 0.296801 0.389337 0.311663 0.297004 0.551053 0.390068 0.453601 0.694768 0.320474 0.398594 0.384758 0.383098 0.401858 0.711149 0.509966 0.543508 0.408068 0.349308 0.358606 0.455789 0.713171 0.444127 0.334728 0.326583 0.570178 0.332878 1.64717 0.320856 0.741992 0.416395 1.05005 0.649961 0.45143 0.470857 0.41755 0.312675 1.51024 0.547003 0.321211 0.734321 1.18282 0.399552 0.401174 0.418103 0.381845 0.412866 0.397763 1.327 0.351475 0.336506 0.302362 0.39909 0.369282 1.21276 0.414473 0.532322 0.389824 0.463189 0.370358 0.470537 0.345012 0.447042 0.444834 0.450181 0.365243 0.472493 0.324396 0.523072 0.336737 0.32164 0.894798 0.321073 0.400717 0.707319 0.405298 0.542522 0.47114 1.17218 0.299234 0.35854 0.393554 0.547182 0.356828 0.386178 0.894769 0.304263 0.66138 1.49617 1.01457 0.711346 0.904356 0.475541 0.400017 0.54152 0.436862 0.826176 0.54797 0.395595 0.358772 1.1977 0.314074 0.359427 0.547859 0.368365 0.306974 0.55589 0.470181 0.40234 0.401901 0.291401 0.906041 0.40009 0.453296 1.21862 0.457204 0.402414 0.634456 0.699755 0.333422 0.301816 0.440245 0.469451 0.383045 0.522143 0.308183 0.486721 0.356461 0.397593 0.345145 0.402883 0.440784 0.391168 0.403207 0.72314 0.40021 0.349822 0.368285 0.578277 0.547884 0.398713 0.33054 0.313031 0.446004 1.65971 0.710777 0.902325 0.389906 0.365599 0.395679 0.456446 0.84106 0.446895 0.326284 1.22278 0.456081 0.325189 0.323126 0.619593 0.52736 0.474242 1.66 0.467914 0.844424 0.363063 0.474694 0.44618 0.45089 1.49987 0.466071 0.397494 0.325161 0.538915 0.37825 0.407592 0.644082 0.322015 0.402721 0.453291 0.466391 1.18685 0.372879 0.318895 0.34556 0.344941 0.537966 1.53122 0.469359 0.460007 0.446854 0.567355 0.459956 0.311764 0.498083 0.140582 0.452601 0.424952 0.368586 0.608004 0.403467 1.02027 0.325935 1.25575 0.427213 0.371833 0.513761 0.412225 0.371515 0.340703 0.454809 0.406022 0.453642 0.350639 0.306952 0.433539 0.44685 0.555701 1.18648 0.54027 1.00538 0.30815 0.890762 0.649985 0.360886 0.328031 0.411812 0.628974 0.458807 1.60225 1.22707 1.25615 1.54361 0.718737 0.36557 0.347511 0.381003 0.35007 1.55614 0.355898 0.644004 0.543795 0.447339 0.471546 0.470007 0.352869 0.479465 0.724513 0.323701 0.333177 1.21238 0.630455 0.339133 0.434933 0.290494 1.43015 0.417745 0.350366 0.475507 0.339962 0.469301 0.892601 0.314466 0.477302 0.545695 0.30997 1.2906 0.515053 0.653828 0.357756 1.20188 0.339669 0.446813 0.403057 0.382835 0.435235 0.415925 0.395708 0.511012 0.399613 0.343912 0.401695 0.448025 0.402234 0.542623 0.301693 0.620861 0.470962 0.299121 0.342944 0.338276 0.331037 0.507649 0.341495 1.55271 0.721905 0.396988 0.400054 1.30551 0.395503 0.139952 0.345684 1.42987 0.318705 0.412258 0.379417 0.404147 0.50527 0.357645 1.21963 0.54775 1.24798 0.695031 0.550513 1.55919 0.37614 0.376596 0.312189 0.36984 0.468783 0.702694 0.32228 1.25567 0.556631 0.541801 0.706313 0.353407 0.345115 1.6574 0.355623 0.328859 0.401063 0.290387 0.609831 0.721014 0.352322 0.359181 0.377078 0.445048 0.847721 0.636635 0.901 0.342041 0.392414 0.349527 0.356303 0.900998 0.760417 0.449186 0.330092 0.429136 0.544999 0.511881 0.401291 0.496234 0.378613 0.430495 0.478355 1.21998 0.542488 0.533814 0.4589 0.446855 0.381126 0.415532 0.400948 0.315099 0.366932 1.43395 0.525594 0.403761 0.835958 0.38354 0.723889 0.539421 0.635951 0.339353
Testing:
Lab Growth Rates:
0.5
Dot Production Prediction of Lab Growth Rates:
0.68234
Best performance so far: 
Obj: 4.65801e-310Rho: 2.26291e-314Diff: 4.65801e-310
Anneal again with the best G and E so far as input
Cycle 2Round 1
Iter 500000 pBad 0.851326 T 0.00132393 Obj 1.05724 Rho 0 GRdif 32.7286 success 108397 failure 7667 obj_new 1.05724 SA_pAcc 1 Delta -0.0282234 SA_r 0.0144635 freedomratio 0.255875
Iter 1000000 pBad 0.809252 T 0.000448711 Obj 1.03533 Rho 0 GRdif 20.4151 success 214572 failure 20065 obj_new 1.03533 SA_pAcc 1 Delta 0.0132218 SA_r 0.424265 freedomratio 0.252252
Iter 1500000 pBad 0.785018 T 0.000152079 Obj 1.0332 Rho 0 GRdif 19.2037 success 319967 failure 35075 obj_new 1.0332 SA_pAcc 1 Delta 0.00616177 SA_r 0.456847 freedomratio 0.256209
Iter 2000000 pBad 0.708105 T 5.15434e-05 Obj 1.02439 Rho 0 GRdif 14.1718 success 423082 failure 56092 obj_new 1.02439 SA_pAcc 0.984696 Delta 0.00396624 SA_r 0.654599 freedomratio 0.251712
Iter 2500000 pBad 0.546752 T 1.74693e-05 Obj 1.01913 Rho 0 GRdif 11.1449 success 521879 failure 87913 obj_new 1.01913 SA_pAcc 1.43997 Delta -0.0392604 SA_r 0.891928 freedomratio 0.251497
Iter 3000000 pBad 0.41207 T 5.92078e-06 Obj 1.01668 Rho 0 GRdif 9.72884 success 617629 failure 125302 obj_new 1.01668 SA_pAcc 1 Delta -0.00262173 SA_r 0.096375 freedomratio 0.249047
Iter 3500000 pBad 0.279257 T 2.0067e-06 Obj 1.01329 Rho 0 GRdif 7.76404 success 702394 failure 186350 obj_new 1.01329 SA_pAcc 1 Delta -0.0109521 SA_r 0.26554 freedomratio 0.238733
Iter 4000000 pBad 0.22179 T 6.80119e-07 Obj 1.01046 Rho 0 GRdif 6.11916 success 777700 failure 273055 obj_new 1.01046 SA_pAcc 1 Delta 0.000260007 SA_r 0.197475 freedomratio 0.235671
Iter 4500000 pBad 0.151292 T 2.30509e-07 Obj 1.00945 Rho 0 GRdif 5.52795 success 839702 failure 391550 obj_new 1.00945 SA_pAcc 0.484208 Delta 0.00299908 SA_r 0.622353 freedomratio 0.220225
Iter 5000000 pBad 0.0691404 T 7.81252e-08 Obj 1.00867 Rho 0 GRdif 5.07404 success 888136 failure 550729 obj_new 1.00867 SA_pAcc 0.20962 Delta -0.00363526 SA_r 0.894581 freedomratio 0.199593
Iter 5500000 pBad 0.0389234 T 2.64785e-08 Obj 1.00831 Rho 0 GRdif 4.87636 success 922083 failure 764174 obj_new 1.00833 SA_pAcc 5.86967e-292 Delta 0.000874318 SA_r 0.578248 freedomratio 0.179268
Iter 6000000 pBad 0.0185956 T 8.97423e-09 Obj 1.00818 Rho 0 GRdif 4.79183 success 941332 failure 1029228 obj_new 1.00818 SA_pAcc 1 Delta -0.000682075 SA_r 0.523541 freedomratio 0.167378
Iter 6500000 pBad 0.0093535 T 3.04159e-09 Obj 1.00811 Rho 0 GRdif 4.75214 success 955863 failure 1325528 obj_new 1.00811 SA_pAcc 0.0176137 Delta 0.000251444 SA_r 0.599471 freedomratio 0.157768
Iter 7000000 pBad 0.00843221 T 1.03087e-09 Obj 1.00809 Rho 0 GRdif 4.73496 success 966367 failure 1646920 obj_new 1.00809 SA_pAcc 1.69695e-32 Delta -0.000788903 SA_r 0.971488 freedomratio 0.150885
Iter 7500000 pBad 0.00539478 T 3.49386e-10 Obj 1.00807 Rho 0 GRdif 4.72527 success 973711 failure 1988184 obj_new 1.00807 SA_pAcc 1.01403e-26 Delta -0.000455506 SA_r 0.272822 freedomratio 0.145581
Iter 8000000 pBad 0.0021645 T 1.18416e-10 Obj 1.00806 Rho 0 GRdif 4.72052 success 978728 failure 2343774 obj_new 1.00806 SA_pAcc 1 Delta -0.000122744 SA_r 0.887593 freedomratio 0.143101
Iter 8500000 pBad 0.00241074 T 4.0134e-11 Obj 1.00805 Rho 0 GRdif 4.71578 success 984810 failure 2707761 obj_new 1.00805 SA_pAcc 1 Delta -1.45132e-05 SA_r 0.7371 freedomratio 0.1399
Iter 9000000 pBad 0.000447752 T 1.36024e-11 Obj 1.00805 Rho 0 GRdif 4.71364 success 989815 failure 3080934 obj_new 1.00805 SA_pAcc 1.79622e-55 Delta 2.66871e-05 SA_r 0.126439 freedomratio 0.136554
Iter 9500000 pBad 0.000573067 T 4.61018e-12 Obj 1.00805 Rho 0 GRdif 4.71227 success 995667 failure 3462284 obj_new 1.00805 SA_pAcc 0 Delta 1.81076e-05 SA_r 0.940075 freedomratio 0.134585
Good enough
iter 9.99995e+06 obj1.00804 rho 0 GRdif 4.71135
Training:
Lab Growth Rates:
0.617 0.5 0.4 0.4 0.33 0.55 0.54 0.58 0.1 0.09 0.19 0.636 0.4 0.47 0.45 0.4 0.59 0.43 0.23 0.23 0.5 0.23 0.4 0.42 0.56 0.43 0.58 0.485 0.2 0.4 0.42 0.48 0.3 0.56 0.52 0.648 0.65 0.4 0.1 0.31 0.55 0.56 0.5 0.3 0.37 0.46 0.5 0.47 0.485 0.33 0.4 1.67 0.48 0.1 0.52 0.33 0.41 0.5 0.4 0.58 0.4 0.5 0.59 0.6 0.42 0.23 0.4 0.58 1.05 0.4 0.25 0.55 0.5 0.11 1.483 0.54 0.38 0.4 0.39 0.65 1.03 0.59 0.23 0.4 1.345 0.53 0.4 0.46 0.48 0.59 0.686 0.377 0.59 0.09 0.45 0.25 0.47 0.37 0.4 0.22 0.53 0.4 0.17 0.56 0.54 0.45 0.4 0.37 1.4 0.56 0.22 0.4 0.45 0.1 0.48 0.54 0.58 0.38 0.686 0.53 0.46 0.34 0.56 0.4 0.42 0.56 0.5 0.46 0.68 0.59 0.47 0.4 0.36 0.52 0.54 0.4 0.465 1.483 0.4 0.58 0.38 0.481 0.37 0.5 0.4 0.635 0.51 0.648 1.483 0.55 0.11 0.4 0.901 0.54 0.1 0.47 0.5 1.483 0.65 0.37 0.68 0.25 0.476 0.41 0.59 0.47 0.4 0.635 0.31 0.58 0.4 1.345 0.46 0.47 1.05 0.33 0.54 0.46 0.54 0.43 0.56 1.345 0.43 0.58 0.4 0.37 0.5 0.42 0.47 0.46 0.71 0.47 0.59 0.53 1.42 0.47 0.71 0.37 0.37 0.71 0.46 0.48 0.41 0.3 0.43 0.48 0.36 0.36 0.53 1.46 1.248 0.762 0.3 0.53 0.52 0.39 0.59 0.55 0.4 0.476 0.7 0.19 0.4 0.41 0.5 0.22 0.648 0.46 0.53 0.45 0.47 0.58 0.3 0.637 0.377 0.5 0.45 0.37 0.36 1.46 0.42 0.5 0.36 1.05 0.65 0.465 0.46 0.22 0.42 0.45 0.54 0.54 0.5 1.345 0.4 0.4 0.47 0.45 0.45 0.4 1.35 0.47 0.41 0.42 0.4 0.2 1.345 0.43 0.54 0.52 0.22 0.3 0.56 0.42 0.41 0.46 0.46 0.33 0.22 0.46 0.5 0.39 0.39 1.248 0.4 0.37 0.7 0.49 0.23 0.58 1.483 0.3 0.58 0.4 0.56 0.53 0.58 1.248 0.3 0.65 0.45 1.46 0.635 0.901 0.56 0.4 0.56 0.33 0.25 0.25 0.4 0.43 1.483 0.39 0.43 0.59 0.09 0.54 0.55 0.58 0.4 0.4 0.58 0.901 0.4 0.485 1.483 0.55 0.4 0.5 0.7 0.11 0.53 0.54 0.46 0.52 0.5 0.54 0.6 0.36 0.4 0.36 0.4 0.41 0.41 0.4 0.686 0.4 0.26 0.37 0.26 0.59 0.37 0.54 0.42 0.481 1.66 0.637 0.901 0.4 0.54 0.4 0.54 0.762 0.301 0.42 1.345 0.55 0.19 0.5 0.42 0.53 0.5 1.66 0.56 0.1 0.52 0.58 0.54 0.485 0.45 0.46 0.4 0.34 0.54 0.3 0.37 0.65 0.3 0.4 0.476 0.43 1.345 0.49 0.27 0.47 0.25 0.23 0.45 0.56 0.46 0.301 0.53 0.47 0.17 0.53 0.14 0.26 0.53 0.43 0.31 0.4 1.46 0.48 1.345 0.47 0.54 0.68 0.54 0.54 0.22 0.46 0.4 0.55 0.27 0.25 0.17 0.41 0.59 1.483 0.5 1.05 0.32 1.248 0.65 0.54 0.59 0.37 0.27 0.46 0.45 1.483 1.345 1.67 0.724 0.27 0.47 0.42 0.47 1.49 0.45 0.5 0.55 0.58 0.3 0.56 0.52 0.5 0.636 0.32 0.36 1.483 0.65 0.59 0.51 0.27 1.43 0.47 0.58 0.5 0.42 0.58 1.248 0.4 0.22 0.55 0.58 0.1 0.68 0.65 0.47 1.345 0.42 0.301 0.4 0.27 0.37 0.23 0.53 0.68 0.2 0.46 0.45 0.465 0.4 0.56 0.3 0.5 0.3 0.38 0.5 0.32 0.5 0.3 0.48 1.44 0.724 0.4 0.4 1.38 0.4 0.14 0.45 1.43 0.33 0.51 0.58 0.4 0.47 0.45 1.483 0.56 1.345 0.5 0.54 0.45 0.52 0.52 0.42 0.36 0.5 0.7 0.34 1.345 0.54 0.59 0.637 0.47 0.43 1.05 0.38 0.5 0.4 0.33 0.42 0.636 0.47 0.5 0.1 0.377 0.762 0.42 0.901 0.25 0.52 0.52 0.45 0.901 0.5 0.54 0.33 0.46 0.55 0.6 0.4 0.6 0.49 0.43 0.58 1.483 0.59 0.53 0.46 0.481 0.37 0.23 0.4 0.48 0.54 0.1 0.56 0.4 0.762 0.47 0.724 0.54 0.5 0.39
Dot Production Prediction of Lab Growth Rates:
0.573772 0.363432 0.406272 0.400925 0.460919 0.445516 0.464984 0.376085 1.25096 0.433567 0.317977 0.707325 0.405413 0.403788 0.338604 0.399171 0.297965 0.339593 0.541239 0.410514 0.325728 0.549849 0.407167 0.312091 0.54768 0.399498 0.466827 0.53216 0.379682 0.400023 0.345084 0.304933 0.52638 0.552085 0.325038 0.682631 0.64044 0.403566 1.30469 0.557394 0.466444 0.532769 0.550904 0.529564 0.401036 0.31652 0.813433 0.495028 0.533954 0.50138 0.401441 1.36543 0.303145 0.436872 0.348587 0.314962 0.355699 0.478981 0.386669 0.472627 0.394781 0.470583 0.364327 0.559384 0.344088 0.550303 0.40093 0.328439 1.05094 0.407964 0.539346 0.571065 0.358628 0.384303 1.27232 0.406744 0.307083 0.398002 0.310516 0.65874 1.22091 0.548201 0.550386 0.403048 1.35874 0.530861 0.38604 0.332122 0.351679 0.336638 0.701925 0.53971 0.323531 0.34437 0.353885 1.50244 0.287185 0.405343 0.402394 0.472674 0.31885 0.393873 0.306373 0.468696 0.389727 1.52301 0.404628 0.277575 1.40018 0.539594 0.48104 0.406602 0.354214 1.49516 0.255822 0.467026 0.465721 0.316147 0.697495 0.528081 0.345732 0.303711 0.553399 0.402962 0.383813 0.556151 0.343632 0.290443 0.353958 0.559446 0.40119 0.401038 0.393899 0.393846 0.372759 0.39018 0.544772 1.25284 0.406506 0.479873 0.376533 0.53928 0.390027 0.425481 0.400691 0.692244 0.386118 0.688415 1.31945 0.466115 0.367099 0.398102 0.801847 0.362926 0.447725 0.386713 0.559667 1.23266 0.645441 0.422549 0.361134 0.362112 0.548423 0.324151 0.269903 0.352682 0.400443 0.690724 0.548041 0.47879 0.396167 1.31766 0.547133 0.348572 1.05012 0.367682 0.538999 0.410612 0.351422 0.382405 0.548125 1.31558 0.441076 0.466888 0.40612 0.391845 0.78688 0.310297 0.420672 0.546166 0.695272 0.36868 0.291537 0.526996 1.51221 0.343193 0.690627 0.401161 0.405933 0.700135 0.380669 0.320684 0.356513 0.595428 0.387585 0.335122 0.344962 0.397109 0.364839 1.08582 0.848425 0.76208 0.3977 0.306834 0.379673 0.31513 0.29394 0.55657 0.39222 0.548255 0.75515 0.315002 0.39943 0.381227 0.380522 0.384971 0.688241 0.530733 0.548724 0.400007 0.345522 0.37823 0.53902 0.692186 0.537422 0.33577 0.320767 0.56023 0.339005 1.47531 0.341398 0.765596 0.410598 1.05029 0.650008 0.544994 0.479577 0.404398 0.296078 1.45785 0.541612 0.33758 0.763135 1.24791 0.404155 0.405361 0.372018 0.380298 0.401701 0.398841 1.14722 0.357058 0.340775 0.30008 0.403104 0.37274 1.29269 0.419156 0.53528 0.386964 0.475296 0.373024 0.475627 0.367522 0.537068 0.418695 0.450021 0.366805 0.479597 0.346802 0.530005 0.32752 0.317221 0.843292 0.317026 0.396895 0.770318 0.390329 0.546946 0.46731 1.23547 0.288967 0.355238 0.39626 0.550138 0.359232 0.398866 0.844979 0.291664 0.650791 1.43178 1.04096 0.688898 0.904729 0.483699 0.392276 0.549599 0.431789 0.937068 0.511686 0.397957 0.336407 1.25359 0.306291 0.350783 0.553237 0.379157 0.305115 0.565264 0.472801 0.406923 0.405615 0.287515 0.904509 0.404452 0.543796 1.29338 0.46766 0.407552 0.724995 0.755799 0.343302 0.285216 0.455786 0.469408 0.396767 0.529535 0.294564 0.571281 0.350699 0.391801 0.36237 0.405499 0.534253 0.391504 0.407208 0.704591 0.404476 0.370768 0.380506 0.554268 0.549239 0.392602 0.32754 0.315622 0.536246 1.55126 0.688823 0.901094 0.388442 0.365035 0.398623 0.455235 0.772568 0.54283 0.344005 1.26865 0.468072 0.313233 0.335886 0.566498 0.527469 0.474186 1.58838 0.466885 0.938162 0.352947 0.485491 0.449699 0.541411 1.47266 0.466214 0.399174 0.320879 0.53895 0.465711 0.396038 0.638523 0.329019 0.404125 0.543119 0.426695 1.23834 0.378991 0.336521 0.359568 0.365328 0.543797 1.44491 0.474112 0.460038 0.545865 0.529489 0.488694 0.309628 0.459299 0.224647 0.468261 0.413113 0.354612 0.569699 0.406774 1.04434 0.343441 1.30676 0.384127 0.372342 0.357951 0.396566 0.384961 0.325203 0.413198 0.410462 0.468222 0.366144 0.315368 0.401146 0.536403 0.562526 1.27462 0.549238 1.0337 0.315975 0.838357 0.65964 0.367832 0.335897 0.406666 0.594499 0.45855 1.55842 1.29475 1.32909 1.51805 0.699967 0.366216 0.344428 0.378974 0.347574 1.52301 0.346654 0.739846 0.549714 0.450102 0.559801 0.466281 0.353532 0.482059 0.701092 0.337481 0.350755 1.27598 0.619402 0.328497 0.420411 0.279552 1.2071 0.396083 0.35538 0.485519 0.343122 0.46673 0.839378 0.308259 0.480337 0.549588 0.315129 1.44338 0.360779 0.650141 0.374078 1.26955 0.363579 0.542416 0.404011 0.389223 0.416819 0.410956 0.406058 0.35549 0.391471 0.328182 0.397903 0.539523 0.406333 0.550404 0.285655 0.66651 0.567022 0.299861 0.341962 0.355713 0.348701 0.585921 0.358075 1.49005 0.702813 0.400053 0.404078 1.26939 0.396721 0.224483 0.338882 1.22484 0.330971 0.397597 0.374411 0.408638 0.479918 0.383307 1.29844 0.547979 1.3023 0.75116 0.562074 1.5334 0.371374 0.342676 0.324198 0.376288 0.469122 0.749573 0.32589 1.29386 0.554228 0.544956 0.68563 0.345403 0.338628 1.4162 0.380097 0.326653 0.40198 0.288418 0.591251 0.699074 0.372099 0.355761 0.348959 0.5422 0.777316 0.604091 0.901092 0.363327 0.396972 0.36245 0.363666 0.910939 0.751619 0.453676 0.315642 0.393734 0.550047 0.603209 0.404585 0.596149 0.374764 0.415514 0.48403 1.25712 0.544447 0.539477 0.42754 0.53523 0.407364 0.410847 0.404263 0.324264 0.370512 1.43573 0.533481 0.407112 0.767536 0.377369 0.704989 0.544679 0.68242 0.33071
Testing:
Lab Growth Rates:
0.5
Dot Production Prediction of Lab Growth Rates:
0.678783
Best performance so far: 
Obj: 4.65801e-310Rho: 2.122e-314Diff: 4.65801e-310
Test:
 Lab Growth Rates:
0.5Dot Product Prediction of Growth Rate:
0.6787835