seed =  5 traits =  1 
Training: part  27 
Training: part  27 
Round  1 
 Goal of obj  0.99 
Temperature range:  0.00390625 7.8125e-15 
Cycle 1Round 1
Iter 500000 pBad 0.831585 T 0.00101581 Obj 1.06066 Rho 0 GRdif 34.5077 success 146447 failure 10902 obj_new 1.06066 SA_pAcc 1 Delta -0.0518907 SA_r 0.595279 freedomratio 0.368785
Iter 1000000 pBad 0.768934 T 0.000264158 Obj 1.03372 Rho 0 GRdif 19.4329 success 288825 failure 30752 obj_new 1.03372 SA_pAcc 0.690217 Delta -0.0617485 SA_r 0.47488 freedomratio 0.369483
Iter 1500000 pBad 0.713196 T 6.86935e-05 Obj 1.02504 Rho 0 GRdif 14.4942 success 428874 failure 56212 obj_new 1.02504 SA_pAcc 1.2185 Delta 0.0417674 SA_r 0.347348 freedomratio 0.373248
Iter 2000000 pBad 0.602976 T 1.78635e-05 Obj 1.01872 Rho 0 GRdif 10.8686 success 565608 failure 88933 obj_new 1.01872 SA_pAcc 1.00295 Delta 0.00111266 SA_r 0.0916104 freedomratio 0.353438
Iter 2500000 pBad 0.437178 T 4.64535e-06 Obj 1.01461 Rho 0 GRdif 8.52258 success 695396 failure 133027 obj_new 1.01465 SA_pAcc 9.51412e-05 Delta -0.0122521 SA_r 0.33098 freedomratio 0.355583
Iter 3000000 pBad 0.274741 T 1.20801e-06 Obj 1.01128 Rho 0 GRdif 6.57322 success 808356 failure 210451 obj_new 1.01128 SA_pAcc 0.43107 Delta -0.00528822 SA_r 0.218316 freedomratio 0.338533
Iter 3500000 pBad 0.139114 T 3.14139e-07 Obj 1.00975 Rho 0 GRdif 5.68679 success 894508 failure 344852 obj_new 1.00975 SA_pAcc 1 Delta -0.00581858 SA_r 0.850872 freedomratio 0.310217
Iter 4000000 pBad 0.06065 T 8.16908e-08 Obj 1.00915 Rho 0 GRdif 5.34024 success 947554 failure 553636 obj_new 1.00915 SA_pAcc 1 Delta 0.00154108 SA_r 0.329896 freedomratio 0.274473
Iter 4500000 pBad 0.0270267 T 2.12434e-08 Obj 1.00895 Rho 0 GRdif 5.22207 success 978411 failure 823081 obj_new 1.00895 SA_pAcc 3.51977e-05 Delta 0.00224284 SA_r 0.830023 freedomratio 0.236959
Iter 5000000 pBad 0.0126507 T 5.52429e-09 Obj 1.00885 Rho 0 GRdif 5.16218 success 995514 failure 1138798 obj_new 1.00885 SA_pAcc 1 Delta 6.22785e-05 SA_r 0.669337 freedomratio 0.217198
Iter 5500000 pBad 0.00654549 T 1.43657e-09 Obj 1.0088 Rho 0 GRdif 5.13492 success 1004871 failure 1482363 obj_new 1.0088 SA_pAcc 6.29588e-07 Delta -0.000231697 SA_r 0.29869 freedomratio 0.207728
Iter 6000000 pBad 0.00374213 T 3.73576e-10 Obj 1.00878 Rho 0 GRdif 5.12467 success 1009830 failure 1842870 obj_new 1.00878 SA_pAcc 0.514958 Delta -7.80848e-05 SA_r 0.117768 freedomratio 0.201999
Iter 6500000 pBad 0.00423279 T 9.71473e-11 Obj 1.00877 Rho 0 GRdif 5.12098 success 1013121 failure 2211930 obj_new 1.00878 SA_pAcc 0 Delta -0.000333951 SA_r 0.131911 freedomratio 0.197839
Iter 7000000 pBad 0.00104828 T 2.52628e-11 Obj 1.00877 Rho 0 GRdif 5.11511 success 1014898 failure 2587349 obj_new 1.00877 SA_pAcc 0 Delta -4.88701e-05 SA_r 0.715663 freedomratio 0.195659
Iter 7500000 pBad 0.000769897 T 6.56952e-12 Obj 1.00876 Rho 0 GRdif 5.11992 success 1015967 failure 2965203 obj_new 1.00878 SA_pAcc 0 Delta -2.48523e-05 SA_r 0.763902 freedomratio 0.195268
Iter 8000000 pBad 0.000413597 T 1.70838e-12 Obj 1.00876 Rho 0 GRdif 5.1319 success 1017452 failure 3343790 obj_new 1.0088 SA_pAcc 0 Delta 2.06471e-05 SA_r 0.722125 freedomratio 0.195073
Iter 8500000 pBad 1.32341e-10 T 4.44259e-13 Obj 1.00876 Rho 0 GRdif 5.11228 success 1022288 failure 3688969 obj_new 1.00876 SA_pAcc 3.38276e-260 Delta 4.12646e-12 SA_r 0.637341 freedomratio 0.188001
Iter 9000000 pBad 1.45428e-30 T 1.15528e-13 Obj 1.00876 Rho 0 GRdif 5.11223 success 1022848 failure 3979518 obj_new 1.00876 SA_pAcc 0 Delta 8.48399e-32 SA_r 0.261054 freedomratio 0.180697
Iter 9500000 pBad 1.73063e-240 T 3.00428e-14 Obj 1.00876 Rho 0 GRdif 5.11285 success 1022848 failure 4275086 obj_new 1.00876 SA_pAcc 0 Delta 1.13005e-241 SA_r 0.386845 freedomratio 0.126239
Iter 10000000 pBad 0 T 7.81252e-15 Obj 1.00876 Rho 0 GRdif 5.11223 success 1022848 failure 4598623 obj_new 1.00876 SA_pAcc 1 Delta -0 SA_r 0.265086 freedomratio 0.0564819
Cannot move further
iter 8.60701e+06 obj1.00876 rho 0 GRdif 5.11223
Training:
Lab Growth Rates:
0.56 0.25 0.38 0.47 0.53 0.48 0.4 0.59 0.27 0.41 0.59 0.32 0.54 1.483 0.377 0.71 0.4 0.68 0.42 0.26 0.1 0.37 0.37 1.345 0.48 0.46 0.5 0.635 0.7 1.38 0.42 0.54 0.55 0.4 0.51 0.5 0.53 0.32 0.301 0.485 0.3 0.23 0.3 0.5 0.4 0.1 0.11 0.53 0.686 0.55 0.19 0.45 0.5 0.4 0.4 0.4 0.901 0.485 0.59 0.14 0.2 0.686 1.345 0.27 0.58 0.4 0.1 0.65 0.5 0.4 0.71 0.36 0.7 0.4 0.58 0.37 0.22 0.55 0.46 0.43 0.09 0.56 0.14 0.59 0.52 0.58 0.901 0.56 0.724 0.49 0.47 0.58 0.43 0.53 0.54 0.34 0.4 0.43 0.22 0.46 0.58 0.22 0.17 0.58 0.901 0.4 0.47 0.36 0.52 0.56 0.37 0.65 0.4 1.483 0.5 0.26 0.1 0.4 0.46 1.42 0.58 0.45 1.44 0.45 0.23 0.37 0.45 0.58 0.4 0.5 0.56 0.6 1.46 0.54 0.5 0.37 0.476 0.55 0.5 0.25 0.4 0.33 0.5 0.53 0.45 0.4 0.33 0.45 0.481 0.46 0.3 0.47 0.58 0.48 0.41 0.52 0.47 0.36 0.4 0.68 1.05 0.42 0.23 0.54 1.66 0.648 0.45 0.59 0.33 0.7 0.4 1.345 0.54 0.4 0.4 0.4 0.47 0.45 0.55 0.45 0.25 0.65 0.53 0.56 0.4 0.65 0.46 1.345 0.4 0.22 0.4 1.67 0.45 0.37 1.483 0.47 0.377 0.4 0.43 0.4 0.17 0.762 0.39 0.51 0.42 0.54 0.47 0.33 1.05 0.42 0.47 0.53 0.4 0.45 0.42 0.485 0.4 1.345 1.483 0.58 0.59 0.54 0.5 0.3 0.54 0.43 0.09 0.31 0.54 0.4 0.636 1.483 0.39 1.43 0.4 0.37 1.345 0.617 0.48 0.47 0.23 0.52 0.4 0.1 0.686 0.53 0.56 0.54 0.46 0.53 1.345 0.45 0.42 0.38 0.34 0.1 0.38 0.33 0.53 0.3 0.45 0.47 0.47 0.724 0.4 0.59 0.4 0.43 0.56 0.34 0.5 0.46 0.42 0.49 0.41 0.46 1.483 0.41 0.4 0.3 0.33 0.46 0.68 0.23 0.22 0.4 0.6 0.4 0.27 1.248 0.59 0.53 0.762 0.5 1.46 0.54 0.4 0.09 0.31 0.23 0.41 0.43 0.52 0.48 0.58 0.42 1.483 0.39 0.53 0.4 1.49 1.248 0.45 0.481 0.47 0.53 0.37 0.36 0.42 0.42 0.37 0.47 0.635 0.36 0.45 0.3 0.41 0.648 0.37 0.5 0.52 0.55 0.476 0.55 0.23 1.248 0.22 0.4 0.5 0.54 1.46 0.36 0.54 0.481 0.54 0.5 0.26 0.54 0.5 0.38 0.52 1.483 1.05 0.36 0.5 0.56 0.17 0.5 0.59 0.43 0.47 0.47 0.901 0.901 1.483 0.25 0.47 0.52 0.56 0.4 0.53 0.42 1.05 0.36 0.59 0.901 0.56 0.56 0.45 0.56 0.65 0.4 0.11 0.5 0.54 0.19 0.65 0.55 0.5 1.345 1.03 0.4 0.4 0.46 0.56 0.46 1.483 0.3 0.25 1.4 0.4 0.301 0.7 1.05 0.4 0.42 1.483 0.58 0.47 0.43 0.4 0.53 0.47 0.47 0.58 0.4 0.724 0.52 0.37 0.5 0.47 0.58 0.4 0.68 0.71 0.33 0.55 0.55 0.58 1.483 0.54 0.54 0.68 0.54 0.22 0.41 0.45 1.43 0.41 0.4 1.67 0.54 0.46 0.51 0.59 0.5 0.46 0.54 0.37 0.37 0.37 0.648 0.762 0.59 0.54 0.49 0.58 0.48 0.58 1.345 0.11 0.52 0.46 0.25 0.5 0.52 0.54 0.41 0.46 0.47 0.38 0.46 0.465 0.476 0.52 0.4 1.248 0.637 0.25 0.4 0.43 0.39 0.5 0.59 1.66 0.47 0.43 0.5 0.4 0.3 0.5 0.1 0.27 0.27 0.58 0.4 0.3 0.48 0.3 0.56 0.4 0.22 0.37 0.55 0.1 0.39 0.42 0.58 0.4 0.762 0.637 0.635 0.301 0.31 0.4 0.56 0.32 0.3 0.25 0.5 0.1 0.5 0.2 0.48 0.46 0.42 0.2 0.636 0.465 0.54 0.5 0.58 0.636 0.5 0.3 0.5 0.56 0.45 0.42 1.248 0.377 1.35 0.36 0.65 0.5 0.39 0.23 0.47 0.54 0.4 0.56 0.23 0.5 0.4 0.4 0.6 0.465 0.4 0.59 0.42 0.46 0.19 0.54 0.46 1.46 0.55 0.58 0.45 0.46 0.637 0.4 0.59 0.65 0.42 0.33 0.65 0.59 0.43 0.33 0.54 0.27 0.485 0.3 0.4 0.6 0.48
Dot Production Prediction of Lab Growth Rates:
0.536776 0.322227 0.328485 0.358841 0.532711 0.33788 0.404243 0.545324 0.366561 0.384635 0.313921 0.320892 0.456444 0.936483 0.474137 0.690491 0.398433 0.469533 0.349499 0.452628 0.356909 0.42573 0.422752 0.867358 0.326748 0.468254 0.366106 0.687918 0.702234 1.30769 0.330017 0.349211 0.54989 0.401298 0.408389 0.390717 0.547886 0.328598 0.472775 0.471671 0.384635 0.540622 0.29346 0.319002 0.398913 1.28956 0.338366 0.334514 0.696616 0.555347 0.328099 0.361841 0.518383 0.4042 0.399863 0.402186 0.90156 0.478805 0.547817 0.20591 0.371804 0.696092 0.923847 0.361433 0.458831 0.402123 0.452061 0.644359 0.360379 0.406752 0.697036 0.339771 0.699963 0.348131 0.357358 0.429013 0.468327 0.546278 0.348167 0.414683 0.431982 0.542364 0.206425 0.348253 0.364074 0.472326 0.905375 0.549043 0.694721 0.371337 0.474928 0.467328 0.350501 0.534805 0.39986 0.33162 0.400096 0.44029 0.461115 0.514799 0.474321 0.468598 0.341394 0.36925 0.905379 0.405432 0.412075 0.402145 0.375979 0.539698 0.397151 0.652991 0.403476 0.915356 0.468662 0.537109 1.44173 0.405111 0.42942 1.50994 0.47018 0.34571 1.52739 1.52273 0.52963 0.414865 1.5414 0.385467 0.399452 0.595203 0.532334 0.390283 1.03672 0.536495 0.347276 0.435587 0.481493 0.445799 0.562995 1.48028 0.402478 0.368087 0.338023 0.532465 0.406798 0.405726 0.330337 0.350003 0.476686 0.45723 0.292214 0.387969 0.469747 0.336725 0.371137 0.367295 0.420627 0.345937 0.397576 0.467454 1.05003 0.308127 0.432621 0.40114 1.66 0.683553 0.341641 0.379123 0.444107 0.701685 0.404854 0.88773 0.540859 0.398878 0.40201 0.39594 0.398722 1.46291 0.435389 1.50452 0.491203 0.661307 0.346876 0.53536 0.401172 0.64977 0.484921 0.970956 0.400011 0.463208 0.400889 1.49624 1.4681 0.326899 0.881171 0.348905 0.474233 0.397087 0.41878 0.403815 0.336067 0.812453 0.318413 0.385659 0.54089 0.456009 0.405618 0.320194 1.64433 0.33259 0.365911 0.533074 0.403467 1.46465 0.309452 0.472145 0.390624 0.946702 0.911562 0.469111 0.321005 0.390581 0.337373 0.372652 0.355968 0.358301 0.343624 0.522506 0.443015 0.404083 0.697949 0.940716 0.33295 1.27422 0.4043 0.407363 0.93855 0.616123 0.342922 0.358724 0.431168 0.357181 0.398748 0.446489 0.69749 0.532142 0.470781 0.326729 0.36896 0.300361 0.963287 0.369259 0.338387 0.374751 0.339257 1.16699 0.33968 0.374013 0.356295 0.396261 1.47684 0.388164 0.415715 0.69339 0.395602 0.539795 0.401507 0.437338 0.468847 0.318599 0.367643 0.472525 0.354037 0.366129 0.377787 0.39519 0.913053 0.472772 0.390538 0.371913 0.485589 0.507271 0.470555 0.430488 0.418029 0.405162 0.400092 0.4043 0.556425 0.873824 0.337203 0.414472 0.801179 0.370921 1.62251 0.550884 0.402012 0.378073 0.526469 0.534452 0.466786 0.382646 0.390192 0.329566 0.470288 0.345765 0.928821 0.30255 0.480687 0.391265 1.52273 0.872036 0.390648 0.476567 0.339541 0.519114 0.386755 0.350406 0.342224 0.347031 0.396134 0.418351 0.686899 0.406105 0.373135 0.371263 0.363843 0.686598 0.427615 0.521562 0.384353 0.54581 0.482753 0.423871 0.537137 0.882248 0.353645 0.399539 0.498727 0.395274 1.03142 0.383424 0.542596 0.478792 0.354944 0.325163 0.356862 0.357597 0.528561 0.376637 0.381304 0.892831 1.05 0.368307 0.465723 0.542425 0.41096 0.465545 0.334853 0.37063 0.400362 0.45109 0.901 0.830157 0.959216 0.374435 0.364364 0.364386 0.547506 0.401951 0.391378 0.354296 1.01827 0.34053 0.543232 0.900972 0.533473 0.541063 0.365927 0.546595 0.649814 0.387676 0.378005 0.542688 0.366496 0.339796 0.648719 0.441672 0.526756 0.958483 1.33418 0.39505 0.400688 0.419139 0.469514 0.33552 0.919698 0.347672 0.505625 1.503 0.406984 0.472986 0.697089 1.05026 0.403683 0.559296 0.903924 0.361984 0.358171 0.381501 0.398684 0.386327 0.399689 0.364207 0.359976 0.396913 0.693604 0.397095 0.415967 0.592175 0.464354 0.467755 0.398656 0.470672 0.695115 0.330605 0.555518 0.446247 0.378065 0.928889 0.38356 0.532242 0.468031 0.436828 0.382884 0.321729 0.405952 1.26622 0.471602 0.401003 1.4804 0.379852 0.462036 0.400753 0.320784 0.466261 0.411103 0.538734 0.525333 0.421597 0.41231 0.689061 0.812409 0.39533 0.434793 0.389426 0.345055 0.310458 0.468117 0.925902 0.372839 0.377538 0.4628 0.377623 0.569697 0.391577 0.398469 0.35323 0.429747 0.36206 0.327302 0.310312 0.481385 0.482931 0.360931 0.40605 0.875052 0.685453 0.667407 0.403046 0.394434 0.334029 0.341108 0.336546 1.65049 0.35924 0.42204 0.526967 0.404057 0.412294 0.535269 1.41422 0.39012 0.392183 0.475308 0.403473 0.358303 0.308536 0.412457 0.468529 0.40528 0.465755 0.418522 0.545828 0.693902 0.316884 0.369178 0.329566 0.399577 0.818177 0.685864 0.689771 0.471456 0.523364 0.400007 0.47068 0.350543 0.299301 0.370895 0.58646 1.16553 0.512273 0.403079 0.348261 0.292065 0.375904 0.41415 0.689901 0.48124 0.446718 0.590892 0.473482 0.693962 0.472682 0.385982 0.472814 0.467644 0.339374 0.355523 0.876115 0.471203 1.21586 0.354684 0.672955 0.541663 0.357518 0.539764 0.378358 0.306429 0.403504 0.532015 0.53537 0.326847 0.399891 0.403524 0.386647 0.478035 0.404065 0.547115 0.557237 0.432723 0.328526 0.53996 0.471126 1.03236 0.44398 0.314322 0.38734 0.362116 0.683825 0.398059 0.545748 0.669829 0.386517 0.418695 0.633271 0.541114 0.409646 0.366304 0.385008 0.309118 0.479716 0.3173 0.352842 0.392214 0.316435
Testing:
Lab Growth Rates:
1.345 1.345 1.345
Dot Production Prediction of Lab Growth Rates:
0.897086 0.944831 0.93551
Best performance so far: 
Obj: 4.67734e-310Rho: 2.26291e-314Diff: 4.67734e-310
Anneal again with the best G and E so far as input
Cycle 2Round 1
Iter 500000 pBad 0.813086 T 0.00101581 Obj 1.05759 Rho 0 GRdif 32.8126 success 105049 failure 11969 obj_new 1.05759 SA_pAcc 1 Delta 0.0633075 SA_r 0.0270857 freedomratio 0.249787
Iter 1000000 pBad 0.69486 T 0.000264158 Obj 1.03497 Rho 0 GRdif 20.1431 success 206411 failure 31552 obj_new 1.03497 SA_pAcc 1 Delta 0.0692554 SA_r 0.194724 freedomratio 0.252695
Iter 1500000 pBad 0.69035 T 6.86935e-05 Obj 1.0279 Rho 0 GRdif 16.1259 success 306460 failure 56173 obj_new 1.0279 SA_pAcc 1 Delta 0.0627252 SA_r 0.490147 freedomratio 0.24841
Iter 2000000 pBad 0.509913 T 1.78635e-05 Obj 1.02055 Rho 0 GRdif 11.9224 success 402958 failure 90033 obj_new 1.02055 SA_pAcc 1 Delta 0.00102973 SA_r 0.692429 freedomratio 0.244881
Iter 2500000 pBad 0.438234 T 4.64535e-06 Obj 1.01716 Rho 0 GRdif 9.97281 success 495877 failure 131492 obj_new 1.01716 SA_pAcc 1.2514 Delta 0.0209307 SA_r 0.0668915 freedomratio 0.240558
Iter 3000000 pBad 0.208904 T 1.20801e-06 Obj 1.01272 Rho 0 GRdif 7.4083 success 577269 failure 199121 obj_new 1.01272 SA_pAcc 1 Delta -0.011732 SA_r 0.808958 freedomratio 0.223323
Iter 3500000 pBad 0.153306 T 3.14139e-07 Obj 1.01 Rho 0 GRdif 5.83328 success 649988 failure 292414 obj_new 1.01 SA_pAcc 0.978975 Delta -0.000925684 SA_r 0.5723 freedomratio 0.220384
Iter 4000000 pBad 0.0859308 T 8.16908e-08 Obj 1.0092 Rho 0 GRdif 5.36834 success 701329 failure 440354 obj_new 1.0092 SA_pAcc 1 Delta 0.00135678 SA_r 0.96051 freedomratio 0.196975
Iter 4500000 pBad 0.033019 T 2.12434e-08 Obj 1.00892 Rho 0 GRdif 5.20559 success 732083 failure 658541 obj_new 1.00892 SA_pAcc 1 Delta 0.000837201 SA_r 0.545566 freedomratio 0.173066
Iter 5000000 pBad 0.0114674 T 5.52429e-09 Obj 1.0088 Rho 0 GRdif 5.16665 success 749417 failure 933521 obj_new 1.00886 SA_pAcc 0 Delta -0.000730402 SA_r 0.459927 freedomratio 0.157147
Iter 5500000 pBad 0.00729906 T 1.43657e-09 Obj 1.00876 Rho 0 GRdif 5.11388 success 761045 failure 1244013 obj_new 1.00876 SA_pAcc 0 Delta 0.000505128 SA_r 0.0751401 freedomratio 0.150218
Iter 6000000 pBad 0.00470945 T 3.73576e-10 Obj 1.00874 Rho 0 GRdif 5.09751 success 768741 failure 1578868 obj_new 1.00874 SA_pAcc 1.49589e-87 Delta 0.000108294 SA_r 0.254803 freedomratio 0.144584
Iter 6500000 pBad 0.00240928 T 9.71473e-11 Obj 1.00873 Rho 0 GRdif 5.09221 success 773023 failure 1929750 obj_new 1.00873 SA_pAcc 1 Delta 6.25851e-05 SA_r 0.782931 freedomratio 0.143031
Iter 7000000 pBad 0.00168171 T 2.52628e-11 Obj 1.00872 Rho 0 GRdif 5.09013 success 775506 failure 2286545 obj_new 1.00872 SA_pAcc 1 Delta -0.0001313 SA_r 0.222438 freedomratio 0.141649
Iter 7500000 pBad 0.000330446 T 6.56952e-12 Obj 1.00872 Rho 0 GRdif 5.09148 success 777870 failure 2648145 obj_new 1.00873 SA_pAcc 0 Delta 1.63905e-05 SA_r 0.917963 freedomratio 0.14046
Iter 8000000 pBad 0.000264684 T 1.70838e-12 Obj 1.00872 Rho 0 GRdif 5.0876 success 779879 failure 3012922 obj_new 1.00872 SA_pAcc 0 Delta 8.50796e-06 SA_r 0.0899037 freedomratio 0.139093
Iter 8500000 pBad 6.53192e-20 T 4.44259e-13 Obj 1.00872 Rho 0 GRdif 5.08679 success 784666 failure 3368224 obj_new 1.00872 SA_pAcc 1 Delta 9.69756e-23 SA_r 0.278175 freedomratio 0.132759
Iter 9000000 pBad 1.50776e-58 T 1.15528e-13 Obj 1.00872 Rho 0 GRdif 5.08702 success 784697 failure 3672229 obj_new 1.00872 SA_pAcc 0 Delta 2.77481e-60 SA_r 0.173775 freedomratio 0.134096
Iter 9500000 pBad 6.87548e-243 T 3.00428e-14 Obj 1.00872 Rho 0 GRdif 5.08679 success 784697 failure 3977284 obj_new 1.00872 SA_pAcc 1 Delta -5.46428e-244 SA_r 0.868097 freedomratio 0.121325
Good enough
iter 8.53271e+06 obj1.00872 rho 0 GRdif 5.08679
Training:
Lab Growth Rates:
0.56 0.25 0.38 0.47 0.53 0.48 0.4 0.59 0.27 0.41 0.59 0.32 0.54 1.483 0.377 0.71 0.4 0.68 0.42 0.26 0.1 0.37 0.37 1.345 0.48 0.46 0.5 0.635 0.7 1.38 0.42 0.54 0.55 0.4 0.51 0.5 0.53 0.32 0.301 0.485 0.3 0.23 0.3 0.5 0.4 0.1 0.11 0.53 0.686 0.55 0.19 0.45 0.5 0.4 0.4 0.4 0.901 0.485 0.59 0.14 0.2 0.686 1.345 0.27 0.58 0.4 0.1 0.65 0.5 0.4 0.71 0.36 0.7 0.4 0.58 0.37 0.22 0.55 0.46 0.43 0.09 0.56 0.14 0.59 0.52 0.58 0.901 0.56 0.724 0.49 0.47 0.58 0.43 0.53 0.54 0.34 0.4 0.43 0.22 0.46 0.58 0.22 0.17 0.58 0.901 0.4 0.47 0.36 0.52 0.56 0.37 0.65 0.4 1.483 0.5 0.26 0.1 0.4 0.46 1.42 0.58 0.45 1.44 0.45 0.23 0.37 0.45 0.58 0.4 0.5 0.56 0.6 1.46 0.54 0.5 0.37 0.476 0.55 0.5 0.25 0.4 0.33 0.5 0.53 0.45 0.4 0.33 0.45 0.481 0.46 0.3 0.47 0.58 0.48 0.41 0.52 0.47 0.36 0.4 0.68 1.05 0.42 0.23 0.54 1.66 0.648 0.45 0.59 0.33 0.7 0.4 1.345 0.54 0.4 0.4 0.4 0.47 0.45 0.55 0.45 0.25 0.65 0.53 0.56 0.4 0.65 0.46 1.345 0.4 0.22 0.4 1.67 0.45 0.37 1.483 0.47 0.377 0.4 0.43 0.4 0.17 0.762 0.39 0.51 0.42 0.54 0.47 0.33 1.05 0.42 0.47 0.53 0.4 0.45 0.42 0.485 0.4 1.345 1.483 0.58 0.59 0.54 0.5 0.3 0.54 0.43 0.09 0.31 0.54 0.4 0.636 1.483 0.39 1.43 0.4 0.37 1.345 0.617 0.48 0.47 0.23 0.52 0.4 0.1 0.686 0.53 0.56 0.54 0.46 0.53 1.345 0.45 0.42 0.38 0.34 0.1 0.38 0.33 0.53 0.3 0.45 0.47 0.47 0.724 0.4 0.59 0.4 0.43 0.56 0.34 0.5 0.46 0.42 0.49 0.41 0.46 1.483 0.41 0.4 0.3 0.33 0.46 0.68 0.23 0.22 0.4 0.6 0.4 0.27 1.248 0.59 0.53 0.762 0.5 1.46 0.54 0.4 0.09 0.31 0.23 0.41 0.43 0.52 0.48 0.58 0.42 1.483 0.39 0.53 0.4 1.49 1.248 0.45 0.481 0.47 0.53 0.37 0.36 0.42 0.42 0.37 0.47 0.635 0.36 0.45 0.3 0.41 0.648 0.37 0.5 0.52 0.55 0.476 0.55 0.23 1.248 0.22 0.4 0.5 0.54 1.46 0.36 0.54 0.481 0.54 0.5 0.26 0.54 0.5 0.38 0.52 1.483 1.05 0.36 0.5 0.56 0.17 0.5 0.59 0.43 0.47 0.47 0.901 0.901 1.483 0.25 0.47 0.52 0.56 0.4 0.53 0.42 1.05 0.36 0.59 0.901 0.56 0.56 0.45 0.56 0.65 0.4 0.11 0.5 0.54 0.19 0.65 0.55 0.5 1.345 1.03 0.4 0.4 0.46 0.56 0.46 1.483 0.3 0.25 1.4 0.4 0.301 0.7 1.05 0.4 0.42 1.483 0.58 0.47 0.43 0.4 0.53 0.47 0.47 0.58 0.4 0.724 0.52 0.37 0.5 0.47 0.58 0.4 0.68 0.71 0.33 0.55 0.55 0.58 1.483 0.54 0.54 0.68 0.54 0.22 0.41 0.45 1.43 0.41 0.4 1.67 0.54 0.46 0.51 0.59 0.5 0.46 0.54 0.37 0.37 0.37 0.648 0.762 0.59 0.54 0.49 0.58 0.48 0.58 1.345 0.11 0.52 0.46 0.25 0.5 0.52 0.54 0.41 0.46 0.47 0.38 0.46 0.465 0.476 0.52 0.4 1.248 0.637 0.25 0.4 0.43 0.39 0.5 0.59 1.66 0.47 0.43 0.5 0.4 0.3 0.5 0.1 0.27 0.27 0.58 0.4 0.3 0.48 0.3 0.56 0.4 0.22 0.37 0.55 0.1 0.39 0.42 0.58 0.4 0.762 0.637 0.635 0.301 0.31 0.4 0.56 0.32 0.3 0.25 0.5 0.1 0.5 0.2 0.48 0.46 0.42 0.2 0.636 0.465 0.54 0.5 0.58 0.636 0.5 0.3 0.5 0.56 0.45 0.42 1.248 0.377 1.35 0.36 0.65 0.5 0.39 0.23 0.47 0.54 0.4 0.56 0.23 0.5 0.4 0.4 0.6 0.465 0.4 0.59 0.42 0.46 0.19 0.54 0.46 1.46 0.55 0.58 0.45 0.46 0.637 0.4 0.59 0.65 0.42 0.33 0.65 0.59 0.43 0.33 0.54 0.27 0.485 0.3 0.4 0.6 0.48
Dot Production Prediction of Lab Growth Rates:
0.540771 0.289007 0.294114 0.36128 0.528904 0.329128 0.401535 0.55476 0.375167 0.409924 0.302333 0.295403 0.479758 1.29501 0.46469 0.697394 0.387589 0.356018 0.333995 0.504594 0.370302 0.429543 0.427117 1.27184 0.311429 0.477158 0.365951 0.692547 0.777995 1.28374 0.307934 0.344801 0.553971 0.401864 0.452302 0.440616 0.551169 0.317526 0.469415 0.449186 0.542355 0.541087 0.30383 0.310251 0.397499 1.41158 0.331423 0.325996 0.702971 0.558125 0.300442 0.333825 0.683281 0.405606 0.398687 0.401417 0.907165 0.456043 0.550183 0.263245 0.355233 0.705355 1.3199 0.337177 0.466056 0.400105 0.521358 0.642388 0.359607 0.406371 0.708902 0.320771 0.778645 0.297797 0.369717 0.433136 0.479622 0.550989 0.355694 0.418868 0.486321 0.540216 0.267995 0.312855 0.337263 0.485494 0.906017 0.547586 0.704692 0.399143 0.499303 0.484615 0.359029 0.533428 0.403492 0.300465 0.397949 0.48016 0.474464 0.607835 0.485362 0.478248 0.306995 0.367676 0.956998 0.405335 0.424669 0.443404 0.392591 0.545219 0.419203 1.09985 0.403261 1.29126 0.48304 0.632693 1.54301 0.403283 0.446726 1.47734 0.473506 0.334662 1.47027 1.4779 0.532099 0.417105 1.44982 0.413889 0.399759 0.82341 0.531568 0.525483 1.03434 0.538542 0.319179 0.478054 0.457473 0.465841 0.780336 1.44465 0.40063 0.34975 0.315548 0.520424 0.443169 0.405602 0.317119 0.340965 0.451579 0.45888 0.297753 0.398036 0.480943 0.326961 0.381063 0.376357 0.42838 0.325259 0.390261 0.354366 1.07055 0.29301 0.436075 0.408168 1.52448 0.683298 0.339256 0.36415 0.540897 0.77286 0.402528 1.28356 0.540872 0.396619 0.40094 0.391271 0.412891 1.37109 0.471026 1.42484 0.556054 0.667666 0.335915 0.536873 0.402327 0.620629 0.573958 1.3721 0.396404 0.479512 0.399145 1.43013 1.41251 0.276557 1.26578 0.340999 0.466822 0.393587 0.447334 0.401616 0.310244 0.766438 0.323089 0.412283 0.629989 0.468362 0.462418 0.304075 1.52029 0.316855 0.367421 0.521122 0.401242 1.39329 0.292323 0.449984 0.384457 1.32696 1.29368 0.475466 0.278321 0.411909 0.326081 0.498892 0.373442 0.369499 0.342254 0.589204 0.469827 0.402884 0.704173 1.32891 0.313949 1.27661 0.403526 0.453201 1.32702 0.669719 0.340158 0.363697 0.43598 0.367839 0.399108 0.504113 0.705703 0.529542 0.493718 0.327463 0.380315 0.272359 1.35349 0.367197 0.318751 0.3714 0.31635 1.18568 0.29679 0.38571 0.374114 0.567479 1.41531 0.42657 0.427757 0.704064 0.39305 0.549726 0.400216 0.459556 0.478077 0.294311 0.376825 0.476212 0.344043 0.398011 0.406616 0.416906 1.31339 0.459889 0.380678 0.500493 0.578197 0.590029 0.358501 0.43584 0.490758 0.40295 0.568807 0.401962 0.663712 0.835427 0.326341 0.470291 0.761972 0.3989 1.50279 0.554453 0.398682 0.395288 0.604977 0.536549 0.449478 0.3897 0.41205 0.28071 0.474727 0.368022 1.30174 0.283394 0.539667 0.38657 1.4779 0.835563 0.429811 0.452652 0.310215 0.602477 0.396167 0.354195 0.363948 0.372975 0.409301 0.460816 0.691229 0.460711 0.407789 0.513595 0.373188 0.689171 0.429746 0.670351 0.374949 0.550106 0.46193 0.457536 0.545271 0.845275 0.369409 0.395263 0.700978 0.392685 1.03529 0.375854 0.551798 0.45402 0.329045 0.308002 0.363432 0.371599 0.536678 0.380203 0.383398 1.28934 1.0668 0.359915 0.481135 0.549798 0.466151 0.480664 0.312607 0.383277 0.412317 0.505796 0.901 0.780968 1.33958 0.367448 0.375354 0.390444 0.544158 0.403987 0.43318 0.336789 1.03198 0.330389 0.549503 0.901 0.534372 0.550114 0.39083 0.549009 0.657776 0.380569 0.407706 0.549737 0.403784 0.315435 1.0894 0.476465 0.535583 1.34667 1.3152 0.388687 0.396866 0.459715 0.475439 0.324868 1.28503 0.328286 0.608704 1.39998 0.393015 0.469605 0.775936 1.0726 0.400239 0.656039 1.25876 0.377627 0.352349 0.37513 0.394938 0.430206 0.394007 0.38118 0.370428 0.388235 0.701664 0.392586 0.418817 0.832375 0.499503 0.48721 0.38756 0.358663 0.699236 0.318777 0.558969 0.469716 0.388081 1.33119 0.388707 0.537938 0.355514 0.464427 0.417756 0.323143 0.444856 1.26799 0.458799 0.395369 1.38836 0.397373 0.462448 0.443406 0.307574 0.486367 0.414436 0.536926 0.617847 0.421385 0.413928 0.69029 0.770172 0.39148 0.464054 0.428055 0.347483 0.27942 0.485128 1.30639 0.381783 0.404249 0.46472 0.366282 0.791141 0.386672 0.448792 0.336892 0.493386 0.372965 0.28272 0.280294 0.462389 0.461227 0.343313 0.403723 0.836278 0.687243 0.95729 0.400529 0.374796 0.316431 0.337959 0.327485 1.53245 0.364583 0.428237 0.720983 0.401604 0.439948 0.543266 1.37574 0.389441 0.391577 0.486645 0.402868 0.487724 0.289215 0.574356 0.491322 0.405002 0.478058 0.421759 0.550506 0.963193 0.307258 0.361021 0.315409 0.395319 0.77842 0.686804 0.693729 0.467247 0.587605 0.400004 0.475894 0.348529 0.302125 0.352314 0.78282 1.18473 0.686266 0.413407 0.354013 0.27589 0.403055 0.417152 0.683933 0.4587 0.472779 0.810798 0.482746 0.700754 0.486566 0.390454 0.486791 0.492108 0.305595 0.336733 0.839944 0.463105 1.16702 0.359276 0.658461 0.54811 0.363789 0.546832 0.397724 0.284902 0.401414 0.537607 0.541946 0.311661 0.390565 0.403646 0.530873 0.455924 0.402648 0.55024 0.66323 0.450365 0.301149 0.540657 0.477021 1.04232 0.46758 0.277447 0.399405 0.36827 0.683041 0.393853 0.556471 0.643996 0.37969 0.493943 1.04951 0.549848 0.433316 0.37447 0.400084 0.270481 0.456574 0.41519 0.320063 0.539176 0.280121
Testing:
Lab Growth Rates:
1.345 1.345 1.345
Dot Production Prediction of Lab Growth Rates:
1.29733 1.36163 1.33392
Best performance so far: 
Obj: 4.67734e-310Rho: 6.5069e-314Diff: 4.67734e-310
Test:
 Lab Growth Rates:
1.345 1.345 1.345Dot Product Prediction of Growth Rate:
1.297331 1.361629 1.333921