seed =  5 traits =  1 
Training: part  225 
Training: part  225 
Round  1 
 Goal of obj  0.99 
Temperature range:  0.00390625 6.4e-13 
Cycle 1Round 1
Iter 500000 pBad 0.850208 T 0.00126614 Obj 1.06104 Rho 0 GRdif 34.7211 success 146365 failure 10273 obj_new 1.06104 SA_pAcc 1.09206 Delta -0.0543054 SA_r 0.884643 freedomratio 0.375641
Iter 1000000 pBad 0.798084 T 0.000410396 Obj 1.03432 Rho 0 GRdif 19.7715 success 290107 failure 26886 obj_new 1.03432 SA_pAcc 0.863485 Delta -0.0706803 SA_r 0.0948479 freedomratio 0.375641
Iter 1500000 pBad 0.727304 T 0.000133022 Obj 1.02738 Rho 0 GRdif 15.8293 success 431911 failure 47782 obj_new 1.02738 SA_pAcc 1 Delta -0.0168342 SA_r 0.787657 freedomratio 0.366938
Iter 2000000 pBad 0.650193 T 4.31166e-05 Obj 1.02081 Rho 0 GRdif 12.0691 success 572291 failure 72614 obj_new 1.02081 SA_pAcc 1.0042 Delta 0.0458558 SA_r 0.551771 freedomratio 0.356665
Iter 2500000 pBad 0.508056 T 1.39755e-05 Obj 1.01685 Rho 0 GRdif 9.79351 success 707714 failure 106809 obj_new 1.01685 SA_pAcc 1 Delta -0.0121289 SA_r 0.809459 freedomratio 0.359951
Iter 3000000 pBad 0.422781 T 4.52988e-06 Obj 1.01382 Rho 0 GRdif 8.04177 success 835499 failure 154159 obj_new 1.01382 SA_pAcc 1 Delta -0.028016 SA_r 0.812697 freedomratio 0.356448
Iter 3500000 pBad 0.264178 T 1.46828e-06 Obj 1.01013 Rho 0 GRdif 5.90609 success 942786 failure 243301 obj_new 1.01013 SA_pAcc 0.444642 Delta 0.0165192 SA_r 0.0607644 freedomratio 0.332011
Iter 4000000 pBad 0.153554 T 4.75915e-07 Obj 1.00895 Rho 0 GRdif 5.21968 success 1024926 failure 383899 obj_new 1.00895 SA_pAcc 1 Delta 0.00852233 SA_r 0.0117138 freedomratio 0.314546
Iter 4500000 pBad 0.0884152 T 1.54259e-07 Obj 1.00837 Rho 0 GRdif 4.88364 success 1087489 failure 570758 obj_new 1.00837 SA_pAcc 1 Delta -0.00445572 SA_r 0.723705 freedomratio 0.275635
Iter 5000000 pBad 0.0345447 T 5.00001e-08 Obj 1.0082 Rho 0 GRdif 4.78857 success 1123166 failure 829589 obj_new 1.00821 SA_pAcc 1.5122e-65 Delta 0.00300368 SA_r 0.0353393 freedomratio 0.234213
Iter 5500000 pBad 0.0184397 T 1.62066e-08 Obj 1.00814 Rho 0 GRdif 4.74892 success 1144075 failure 1135446 obj_new 1.00814 SA_pAcc 1.33463e-10 Delta 0.00178708 SA_r 0.0305973 freedomratio 0.222814
Iter 6000000 pBad 0.0135839 T 5.25307e-09 Obj 1.00811 Rho 0 GRdif 4.73314 success 1156815 failure 1467816 obj_new 1.00811 SA_pAcc 5.69429e-05 Delta 0.000496414 SA_r 0.905045 freedomratio 0.211705
Iter 6500000 pBad 0.00757541 T 1.70268e-09 Obj 1.0081 Rho 0 GRdif 4.73099 success 1165468 failure 1817180 obj_new 1.00811 SA_pAcc 0 Delta 0.000302604 SA_r 0.794703 freedomratio 0.202979
Iter 7000000 pBad 0.00495668 T 5.51893e-10 Obj 1.00809 Rho 0 GRdif 4.72994 success 1170512 failure 2181815 obj_new 1.0081 SA_pAcc 0 Delta -5.43363e-05 SA_r 0.346297 freedomratio 0.197906
Iter 7500000 pBad 0.00182558 T 1.78886e-10 Obj 1.00809 Rho 0 GRdif 4.72046 success 1174045 failure 2554468 obj_new 1.00809 SA_pAcc 0 Delta 2.34308e-05 SA_r 0.76681 freedomratio 0.195268
Iter 8000000 pBad 0.000889209 T 5.79825e-11 Obj 1.00808 Rho 0 GRdif 4.71806 success 1176282 failure 2933798 obj_new 1.00808 SA_pAcc 1 Delta 1.39984e-05 SA_r 0.989294 freedomratio 0.192005
Iter 8500000 pBad 0.00104212 T 1.87939e-11 Obj 1.00808 Rho 0 GRdif 4.71739 success 1178012 failure 3318158 obj_new 1.00808 SA_pAcc 0 Delta 4.04593e-05 SA_r 0.468464 freedomratio 0.189032
Iter 9000000 pBad 0.00076085 T 6.09171e-12 Obj 1.00808 Rho 0 GRdif 4.71688 success 1179719 failure 3707207 obj_new 1.00808 SA_pAcc 1 Delta -4.19253e-05 SA_r 0.791985 freedomratio 0.185914
Iter 9500000 pBad 0.00041685 T 1.97451e-12 Obj 1.00808 Rho 0 GRdif 4.72665 success 1181761 failure 4102874 obj_new 1.0081 SA_pAcc 0 Delta 2.36467e-05 SA_r 0.543941 freedomratio 0.181368
Iter 10000000 pBad 0.000308126 T 6.40001e-13 Obj 1.00808 Rho 0 GRdif 4.71655 success 1185024 failure 4490922 obj_new 1.00808 SA_pAcc 0 Delta 1.92095e-05 SA_r 0.954267 freedomratio 0.178224
Cannot move further
iter 9.99976e+06 obj1.00808 rho 0 GRdif 4.71649
Training:
Lab Growth Rates:
0.59 0.48 0.52 0.58 0.5 0.686 1.483 0.47 1.345 0.3 0.4 0.56 0.55 0.38 0.724 0.27 0.59 0.43 0.58 0.45 0.53 0.22 0.5 0.55 0.37 1.483 0.56 0.42 0.47 0.5 0.3 0.58 0.56 0.1 0.47 0.37 0.41 0.42 0.1 0.49 0.7 0.5 1.248 0.45 0.1 0.59 0.33 0.4 0.4 0.45 0.54 0.58 0.48 0.5 0.48 0.58 0.42 0.47 0.476 0.46 1.345 0.59 0.47 1.345 0.4 1.483 0.5 0.5 1.483 0.25 0.37 0.68 0.23 0.3 0.33 1.05 0.46 0.58 0.26 0.1 0.4 0.58 0.46 0.686 0.23 0.5 0.46 0.47 0.45 0.58 0.54 0.47 0.36 0.476 0.5 0.37 0.4 0.38 0.65 0.71 0.23 1.248 0.4 0.54 0.54 0.377 0.25 0.4 0.4 0.46 0.4 0.41 1.345 0.68 0.68 1.483 0.36 1.345 0.4 0.65 1.345 0.41 0.47 0.47 0.4 1.49 0.59 0.58 0.6 0.3 0.485 0.65 0.19 0.3 0.17 0.5 1.43 0.56 0.36 0.485 0.47 0.59 0.19 1.483 0.68 0.27 0.39 0.4 0.46 0.5 0.54 0.485 0.5 0.42 0.37 0.59 0.5 0.09 1.248 0.4 0.42 0.617 0.49 0.43 1.46 0.56 0.36 0.59 0.33 0.25 0.45 0.54 0.53 0.4 0.46 0.4 0.56 0.4 0.1 1.345 0.11 0.36 1.05 0.33 0.377 0.56 0.3 0.54 0.56 0.52 0.31 0.5 0.4 0.4 0.37 0.58 0.65 0.37 0.45 0.3 0.7 0.476 0.4 0.4 1.345 0.43 0.4 0.54 0.54 0.43 0.52 0.23 0.45 0.65 0.25 0.09 0.4 0.54 0.55 0.53 0.42 0.5 0.45 0.56 0.25 0.3 0.637 0.3 0.23 0.55 0.65 0.22 0.59 0.54 0.55 0.58 0.686 0.4 0.4 0.58 0.481 0.58 0.636 0.22 0.19 0.4 0.4 0.36 0.45 0.3 0.56 0.46 0.54 0.4 0.14 0.4 0.53 0.4 0.4 0.46 0.58 0.54 0.11 0.55 0.46 0.2 0.53 0.4 0.901 0.51 0.56 1.46 0.37 0.65 0.45 0.38 0.46 0.54 0.43 0.1 0.5 0.33 0.54 0.54 1.67 0.71 0.648 0.4 0.17 0.481 0.36 0.46 0.33 0.48 0.4 0.47 0.47 0.34 0.53 0.38 0.4 0.42 0.47 0.45 0.2 0.7 0.34 0.45 0.23 0.5 0.54 0.23 0.45 0.635 0.54 1.483 0.41 0.46 0.53 0.4 0.5 1.03 0.22 1.345 0.65 1.05 1.483 0.42 0.5 0.58 0.43 0.48 0.11 0.43 0.42 0.37 0.53 0.37 1.67 0.762 0.54 0.56 1.483 0.4 0.58 0.4 0.4 0.45 0.23 0.301 0.5 0.37 0.4 0.42 0.46 0.7 0.48 0.48 1.66 1.05 1.483 0.4 0.4 0.54 0.42 0.55 1.46 0.5 0.36 0.52 0.4 0.481 0.2 0.4 0.09 0.37 0.465 0.52 0.37 0.5 0.5 0.26 0.42 0.4 0.34 0.52 0.1 0.71 0.636 0.32 0.17 0.59 0.25 0.37 0.22 0.41 0.27 0.3 0.33 0.53 0.55 0.46 0.43 0.45 0.4 0.47 0.26 0.41 1.42 0.55 0.43 0.59 0.465 0.3 0.56 0.637 0.5 0.301 0.636 0.5 0.4 0.6 1.66 0.48 0.42 0.42 0.46 0.54 0.56 0.901 0.55 0.38 1.35 0.52 0.52 0.58 0.65 0.41 0.22 0.4 0.3 0.4 0.31 0.47 0.485 0.901 0.47 0.47 0.5 0.4 0.49 0.54 0.4 0.59 0.48 0.901 0.5 0.33 0.59 0.5 0.55 0.39 0.22 0.33 0.37 0.42 0.54 1.483 0.53 0.32 0.53 0.53 0.4 0.4 0.52 1.345 0.58 0.6 0.54 0.39 0.5 0.4 0.5 0.45 0.22 0.51 0.724 0.47 0.47 0.4 0.47 0.55 0.762 0.4 0.56 0.54 0.53 0.53 0.52 1.43 0.59 0.377 0.47 0.32 0.23 1.44 0.46 0.43 0.39 0.4 0.46 1.46 1.345 0.762 0.4 0.25 0.56 0.39 0.54 0.39 0.762 0.53 0.635 0.56 1.248 0.648 0.47 0.47 1.38 0.724 0.5 0.59 0.45 0.5 0.36 0.14 0.51 0.41 0.43 1.4 0.46 0.52 0.4 0.648 0.47 0.6 0.301 1.483 0.42 0.37 1.345 0.68 0.52 0.46 1.248 0.56 0.58 0.901 0.45 0.5 0.31 0.465 0.46 0.25 0.4 0.635 0.1 0.58 0.637 0.58 0.1 0.901 0.4 0.54 0.4 0.42 0.45 0.41 0.54 0.42 0.5 0.3 0.43 0.59 1.05 0.4
Dot Production Prediction of Lab Growth Rates:
0.32547 0.331467 0.340777 0.346154 0.700371 0.726085 1.16588 0.356023 1.21137 0.34657 0.388622 0.539691 0.460875 0.358027 0.722888 0.369746 0.546126 0.380551 0.304063 0.32971 0.531436 0.436017 0.68617 0.548672 0.421922 1.14018 0.547495 0.337704 0.38034 0.317521 0.291349 0.320691 0.476919 1.30008 0.34335 0.435574 0.357451 0.37338 1.40985 0.388274 0.705252 0.66227 0.889905 1.59131 1.48872 0.544988 0.421421 0.388633 0.385273 1.55385 0.539998 0.476017 0.352141 0.54649 0.316501 0.466111 0.357352 0.370253 0.563136 0.4542 1.12876 0.546395 0.444737 1.13484 0.387726 1.15729 0.480622 0.480349 1.12388 0.322569 0.426777 0.358538 0.537119 0.382718 0.486083 1.05017 0.484094 0.478648 0.441595 0.427858 0.376762 0.35198 0.425931 0.722874 0.438473 0.30928 0.459993 0.34465 0.364253 0.483607 0.455457 0.423549 0.345481 0.56581 0.532949 0.425452 0.394126 0.363925 0.679036 0.721345 0.438451 0.88934 0.382573 0.299869 0.392499 0.558753 0.344673 0.384323 0.387498 0.38068 0.389463 0.558462 1.14589 0.355442 0.357152 1.1574 0.330025 1.16718 0.389777 0.657894 1.1093 0.331627 0.390602 0.399256 0.388774 1.59131 0.548412 0.466256 0.550382 0.301487 0.560574 0.629675 0.325207 0.572795 0.319296 0.541883 1.34995 0.48119 0.362959 0.562258 0.339564 0.545085 0.318775 1.16452 0.359738 0.572592 0.308777 0.38242 0.321083 0.544829 0.372651 0.560429 0.345793 0.297097 0.518857 0.339358 0.708238 0.439691 0.893568 0.387158 0.541484 0.608374 0.401754 0.398014 1.55708 0.480379 0.416366 0.356383 0.338669 0.844184 0.350073 0.365442 0.391448 0.382294 0.326587 0.385146 0.543854 0.387557 0.303422 1.17308 0.382162 0.355757 1.05102 0.329733 0.560202 0.522016 0.520054 0.465117 0.479482 0.34092 0.545877 0.527765 0.382421 0.378843 0.420394 0.375948 0.637155 0.42228 0.408257 0.521031 0.703837 0.567727 0.385732 0.383349 1.13758 0.385394 0.389122 0.456488 0.538686 0.35948 0.36403 0.536217 0.354726 0.678055 0.505061 0.368384 0.386452 0.550379 0.459393 0.541166 0.333765 0.406956 0.340712 0.541464 0.490158 0.317804 0.712353 0.445638 0.543404 0.543513 0.649989 0.473503 0.546489 0.538569 0.454545 0.474324 0.723001 0.387096 0.380027 0.467286 0.56099 0.371627 0.720689 0.461512 0.332099 0.379561 0.390983 0.359463 0.3749 0.565192 0.535205 0.438922 0.458345 0.388935 0.139994 0.387129 0.533094 0.386203 0.377272 0.348689 0.477485 0.381972 0.334483 0.551745 0.463993 0.35647 0.535934 0.386654 0.860895 0.416422 0.477709 1.03108 0.372651 0.647718 1.53444 0.301525 0.459247 0.30884 0.369333 1.13986 0.373523 0.45408 0.341475 0.380787 1.47169 0.725815 0.715567 0.387455 0.425945 0.561494 0.412226 0.358096 0.327308 0.349714 0.390056 0.303283 0.471576 0.348013 0.36404 0.315125 0.383771 0.322121 0.351187 0.397005 0.383078 0.714383 0.322244 1.55181 0.543149 0.333801 0.455158 0.539026 0.30137 0.720592 0.389377 1.10404 0.378461 0.424178 0.314225 0.386138 0.656283 1.38519 0.392626 1.1493 0.659016 1.55073 1.09816 0.547407 0.723183 0.473808 0.417787 0.368409 0.370808 0.433114 0.344173 0.414528 0.528622 0.420256 1.60715 0.855062 0.545798 0.540179 1.12208 0.385821 0.483156 0.386138 0.389385 1.58489 0.540966 0.553538 0.699906 0.387117 0.382437 0.319414 0.49265 0.705171 0.291699 0.357193 1.66 1.0175 1.12761 0.385527 0.376561 0.360008 0.28841 0.545872 1.01348 0.732214 0.318193 0.375795 0.386639 0.561387 0.384165 0.385997 0.34439 0.434869 0.560153 0.38237 0.437548 0.624496 0.4682 0.366727 0.310954 0.377886 0.308066 0.363852 0.418636 0.724946 0.7241 0.320203 0.324609 0.541603 1.57675 0.293686 0.468424 0.558062 0.357371 0.29751 0.323416 0.533362 0.457518 0.378071 0.354315 0.313274 0.377748 0.387039 0.532908 0.55097 1.59496 0.46081 0.357056 0.312939 0.561402 0.525778 0.54193 0.714754 0.693464 0.552629 0.722358 0.373102 0.387384 0.538726 1.63411 0.289345 0.360902 0.359666 0.463094 0.540862 0.47652 0.901004 0.547778 0.30506 1.2867 0.352535 0.364394 0.360467 0.649149 0.388474 0.468188 0.380711 0.537149 0.387293 0.540567 0.374607 0.565599 0.906229 0.393655 0.349928 0.335657 0.385601 0.377904 0.46254 0.386179 0.338328 0.294504 0.901 0.475144 0.373601 0.314026 0.625208 0.452618 0.344821 0.474757 0.366869 0.396447 0.344526 0.540303 1.12099 0.325582 0.329477 0.281968 0.451887 0.382557 0.307428 0.358338 1.18614 0.383569 0.537822 0.329391 0.311727 0.470517 0.318364 0.477223 1.59847 0.358543 0.398367 0.723955 0.460137 0.352346 0.386005 0.343335 0.547023 0.848805 0.388776 0.549554 0.381657 0.368022 0.501149 0.388433 1.3704 0.317786 0.558119 0.434141 0.349469 0.439781 1.56619 0.297364 0.420276 0.324294 0.386667 0.507408 1.02334 1.1779 0.844517 0.380859 0.355649 0.535078 0.314526 0.374291 0.322408 0.84757 0.405896 0.717398 0.524221 0.884826 0.709334 0.387594 0.356567 1.37176 0.72399 0.371788 0.319342 0.337601 0.351713 0.346842 0.140009 0.390596 0.3585 0.363302 1.48923 0.345941 0.375523 0.38527 0.714856 0.370322 0.570932 0.554196 1.12082 0.391561 0.429823 1.16264 0.359058 0.35475 0.468184 0.890649 0.54031 0.45192 0.901069 0.406333 0.334482 0.554551 0.564311 0.40191 0.354635 0.384777 0.717772 0.841532 0.477253 0.712348 0.354006 1.12505 0.900981 0.383667 0.362348 0.386843 0.556838 1.54 0.343898 0.398183 0.321265 0.333599 0.485239 0.393941 0.370211 1.05 0.375318
Testing:
Lab Growth Rates:
0.27 0.27 0.27
Dot Production Prediction of Lab Growth Rates:
0.300952 0.361209 0.335561
Best performance so far: 
Obj: 4.64319e-310Rho: 2.26291e-314Diff: 4.64319e-310
Anneal again with the best G and E so far as input
Cycle 2Round 1
Iter 500000 pBad 0.838597 T 0.00126614 Obj 1.04004 Rho 0 GRdif 23.0086 success 114118 failure 10472 obj_new 1.04004 SA_pAcc 0.87628 Delta 0.0737345 SA_r 0.82145 freedomratio 0.274345
Iter 1000000 pBad 0.773775 T 0.000410396 Obj 1.0326 Rho 0 GRdif 18.8543 success 225471 failure 26749 obj_new 1.0327 SA_pAcc 0.787363 Delta 0.038344 SA_r 0.853601 freedomratio 0.274988
Iter 1500000 pBad 0.735269 T 0.000133022 Obj 1.03066 Rho 0 GRdif 17.6943 success 335485 failure 45694 obj_new 1.03066 SA_pAcc 0.655228 Delta 0.0685323 SA_r 0.308006 freedomratio 0.274216
Iter 2000000 pBad 0.642187 T 4.31166e-05 Obj 1.02162 Rho 0 GRdif 12.5315 success 442620 failure 72270 obj_new 1.02162 SA_pAcc 1.78244 Delta -0.062928 SA_r 0.410172 freedomratio 0.270795
Iter 2500000 pBad 0.534562 T 1.39755e-05 Obj 1.01914 Rho 0 GRdif 11.1122 success 545960 failure 108552 obj_new 1.01914 SA_pAcc 1 Delta 0.030712 SA_r 0.260615 freedomratio 0.267092
Iter 3000000 pBad 0.416694 T 4.52988e-06 Obj 1.01624 Rho 0 GRdif 9.44183 success 645194 failure 151890 obj_new 1.01624 SA_pAcc 0.700911 Delta 0.0116569 SA_r 0.318549 freedomratio 0.26231
Iter 3500000 pBad 0.303286 T 1.46828e-06 Obj 1.01082 Rho 0 GRdif 6.30691 success 735805 failure 216357 obj_new 1.01082 SA_pAcc 0.0464154 Delta 0.0297886 SA_r 0.711041 freedomratio 0.253899
Iter 4000000 pBad 0.195852 T 4.75915e-07 Obj 1.0092 Rho 0 GRdif 5.36645 success 811946 failure 310642 obj_new 1.0092 SA_pAcc 1 Delta 0.000769416 SA_r 0.198512 freedomratio 0.243254
Iter 4500000 pBad 0.140375 T 1.54259e-07 Obj 1.00838 Rho 0 GRdif 4.89264 success 872520 failure 447566 obj_new 1.00838 SA_pAcc 1 Delta 0.00391672 SA_r 0.919797 freedomratio 0.223153
Iter 5000000 pBad 0.0478963 T 5.00001e-08 Obj 1.00802 Rho 0 GRdif 4.67886 success 910858 failure 647043 obj_new 1.00802 SA_pAcc 1 Delta 0.00075798 SA_r 0.658321 freedomratio 0.196183
Iter 5500000 pBad 0.0292373 T 1.62066e-08 Obj 1.00788 Rho 0 GRdif 4.60037 success 936332 failure 895225 obj_new 1.00788 SA_pAcc 1 Delta 0.00138127 SA_r 0.514218 freedomratio 0.181931
Iter 6000000 pBad 0.0128328 T 5.25307e-09 Obj 1.0078 Rho 0 GRdif 4.55443 success 954286 failure 1181430 obj_new 1.0078 SA_pAcc 1 Delta 6.68395e-05 SA_r 0.737637 freedomratio 0.169217
Iter 6500000 pBad 0.0110263 T 1.70268e-09 Obj 1.00777 Rho 0 GRdif 4.53547 success 965898 failure 1499829 obj_new 1.00777 SA_pAcc 0.00474809 Delta 0.000512853 SA_r 0.667931 freedomratio 0.16046
Iter 7000000 pBad 0.00485036 T 5.51893e-10 Obj 1.00775 Rho 0 GRdif 4.52366 success 974801 failure 1836246 obj_new 1.00775 SA_pAcc 0 Delta -4.35883e-05 SA_r 0.674274 freedomratio 0.154699
Iter 7500000 pBad 0.00313927 T 1.78886e-10 Obj 1.00773 Rho 0 GRdif 4.51718 success 984631 failure 2187717 obj_new 1.00774 SA_pAcc 0 Delta -0.000242459 SA_r 0.496965 freedomratio 0.147644
Iter 8000000 pBad 0.0024969 T 5.79825e-11 Obj 1.00772 Rho 0 GRdif 4.50781 success 993077 failure 2554965 obj_new 1.00772 SA_pAcc 1 Delta -4.05358e-05 SA_r 0.675561 freedomratio 0.143768
Iter 8500000 pBad 0.00154584 T 1.87939e-11 Obj 1.00772 Rho 0 GRdif 4.50496 success 1001358 failure 2937698 obj_new 1.00772 SA_pAcc 8.02297e-44 Delta 5.12967e-05 SA_r 0.895435 freedomratio 0.138665
Iter 9000000 pBad 0.000406513 T 6.09171e-12 Obj 1.00772 Rho 0 GRdif 4.50439 success 1006171 failure 3334905 obj_new 1.00772 SA_pAcc 0 Delta -1.94131e-05 SA_r 0.781025 freedomratio 0.136597
Iter 9500000 pBad 0.000338377 T 1.97451e-12 Obj 1.00771 Rho 0 GRdif 4.50582 success 1010924 failure 3735280 obj_new 1.00772 SA_pAcc 0 Delta 1.49138e-05 SA_r 0.998653 freedomratio 0.135429
Good enough
iter 9.99968e+06 obj1.00771 rho 0 GRdif 4.50277
Training:
Lab Growth Rates:
0.59 0.48 0.52 0.58 0.5 0.686 1.483 0.47 1.345 0.3 0.4 0.56 0.55 0.38 0.724 0.27 0.59 0.43 0.58 0.45 0.53 0.22 0.5 0.55 0.37 1.483 0.56 0.42 0.47 0.5 0.3 0.58 0.56 0.1 0.47 0.37 0.41 0.42 0.1 0.49 0.7 0.5 1.248 0.45 0.1 0.59 0.33 0.4 0.4 0.45 0.54 0.58 0.48 0.5 0.48 0.58 0.42 0.47 0.476 0.46 1.345 0.59 0.47 1.345 0.4 1.483 0.5 0.5 1.483 0.25 0.37 0.68 0.23 0.3 0.33 1.05 0.46 0.58 0.26 0.1 0.4 0.58 0.46 0.686 0.23 0.5 0.46 0.47 0.45 0.58 0.54 0.47 0.36 0.476 0.5 0.37 0.4 0.38 0.65 0.71 0.23 1.248 0.4 0.54 0.54 0.377 0.25 0.4 0.4 0.46 0.4 0.41 1.345 0.68 0.68 1.483 0.36 1.345 0.4 0.65 1.345 0.41 0.47 0.47 0.4 1.49 0.59 0.58 0.6 0.3 0.485 0.65 0.19 0.3 0.17 0.5 1.43 0.56 0.36 0.485 0.47 0.59 0.19 1.483 0.68 0.27 0.39 0.4 0.46 0.5 0.54 0.485 0.5 0.42 0.37 0.59 0.5 0.09 1.248 0.4 0.42 0.617 0.49 0.43 1.46 0.56 0.36 0.59 0.33 0.25 0.45 0.54 0.53 0.4 0.46 0.4 0.56 0.4 0.1 1.345 0.11 0.36 1.05 0.33 0.377 0.56 0.3 0.54 0.56 0.52 0.31 0.5 0.4 0.4 0.37 0.58 0.65 0.37 0.45 0.3 0.7 0.476 0.4 0.4 1.345 0.43 0.4 0.54 0.54 0.43 0.52 0.23 0.45 0.65 0.25 0.09 0.4 0.54 0.55 0.53 0.42 0.5 0.45 0.56 0.25 0.3 0.637 0.3 0.23 0.55 0.65 0.22 0.59 0.54 0.55 0.58 0.686 0.4 0.4 0.58 0.481 0.58 0.636 0.22 0.19 0.4 0.4 0.36 0.45 0.3 0.56 0.46 0.54 0.4 0.14 0.4 0.53 0.4 0.4 0.46 0.58 0.54 0.11 0.55 0.46 0.2 0.53 0.4 0.901 0.51 0.56 1.46 0.37 0.65 0.45 0.38 0.46 0.54 0.43 0.1 0.5 0.33 0.54 0.54 1.67 0.71 0.648 0.4 0.17 0.481 0.36 0.46 0.33 0.48 0.4 0.47 0.47 0.34 0.53 0.38 0.4 0.42 0.47 0.45 0.2 0.7 0.34 0.45 0.23 0.5 0.54 0.23 0.45 0.635 0.54 1.483 0.41 0.46 0.53 0.4 0.5 1.03 0.22 1.345 0.65 1.05 1.483 0.42 0.5 0.58 0.43 0.48 0.11 0.43 0.42 0.37 0.53 0.37 1.67 0.762 0.54 0.56 1.483 0.4 0.58 0.4 0.4 0.45 0.23 0.301 0.5 0.37 0.4 0.42 0.46 0.7 0.48 0.48 1.66 1.05 1.483 0.4 0.4 0.54 0.42 0.55 1.46 0.5 0.36 0.52 0.4 0.481 0.2 0.4 0.09 0.37 0.465 0.52 0.37 0.5 0.5 0.26 0.42 0.4 0.34 0.52 0.1 0.71 0.636 0.32 0.17 0.59 0.25 0.37 0.22 0.41 0.27 0.3 0.33 0.53 0.55 0.46 0.43 0.45 0.4 0.47 0.26 0.41 1.42 0.55 0.43 0.59 0.465 0.3 0.56 0.637 0.5 0.301 0.636 0.5 0.4 0.6 1.66 0.48 0.42 0.42 0.46 0.54 0.56 0.901 0.55 0.38 1.35 0.52 0.52 0.58 0.65 0.41 0.22 0.4 0.3 0.4 0.31 0.47 0.485 0.901 0.47 0.47 0.5 0.4 0.49 0.54 0.4 0.59 0.48 0.901 0.5 0.33 0.59 0.5 0.55 0.39 0.22 0.33 0.37 0.42 0.54 1.483 0.53 0.32 0.53 0.53 0.4 0.4 0.52 1.345 0.58 0.6 0.54 0.39 0.5 0.4 0.5 0.45 0.22 0.51 0.724 0.47 0.47 0.4 0.47 0.55 0.762 0.4 0.56 0.54 0.53 0.53 0.52 1.43 0.59 0.377 0.47 0.32 0.23 1.44 0.46 0.43 0.39 0.4 0.46 1.46 1.345 0.762 0.4 0.25 0.56 0.39 0.54 0.39 0.762 0.53 0.635 0.56 1.248 0.648 0.47 0.47 1.38 0.724 0.5 0.59 0.45 0.5 0.36 0.14 0.51 0.41 0.43 1.4 0.46 0.52 0.4 0.648 0.47 0.6 0.301 1.483 0.42 0.37 1.345 0.68 0.52 0.46 1.248 0.56 0.58 0.901 0.45 0.5 0.31 0.465 0.46 0.25 0.4 0.635 0.1 0.58 0.637 0.58 0.1 0.901 0.4 0.54 0.4 0.42 0.45 0.41 0.54 0.42 0.5 0.3 0.43 0.59 1.05 0.4
Dot Production Prediction of Lab Growth Rates:
0.325606 0.301443 0.338686 0.324056 0.842123 0.714976 1.33726 0.331303 1.34457 0.347476 0.399591 0.538958 0.472556 0.353832 0.708557 0.349409 0.548644 0.327292 0.267216 0.329717 0.533238 0.419747 0.864774 0.556809 0.418553 1.36497 0.554736 0.358372 0.40372 0.313309 0.292569 0.304139 0.477266 1.41886 0.319969 0.429271 0.343165 0.350521 1.42084 0.392892 0.854208 0.876367 0.852852 1.49492 1.39287 0.548285 0.433143 0.400623 0.399167 1.42417 0.534339 0.475261 0.329907 0.558192 0.307473 0.475371 0.337442 0.348929 0.541902 0.443581 1.32048 0.548914 0.442033 1.31481 0.404458 1.31931 0.478778 0.486434 1.34238 0.285109 0.432895 0.341494 0.546089 0.378318 0.482505 1.0552 0.496139 0.477216 0.400476 0.434745 0.389894 0.362424 0.393066 0.712383 0.42801 0.319774 0.452684 0.372599 0.35792 0.475626 0.46436 0.387101 0.334793 0.542686 0.534038 0.427373 0.405411 0.356697 0.661105 0.699613 0.425563 0.842888 0.396151 0.263011 0.353996 0.533286 0.361957 0.39506 0.399019 0.357638 0.404759 0.535206 1.3528 0.339368 0.337315 1.30172 0.307318 1.345 0.40658 0.650678 1.32211 0.306016 0.410862 0.363353 0.399254 1.49492 0.543619 0.478147 0.633712 0.292555 0.519107 0.624441 0.25094 0.650402 0.251671 0.548776 1.25638 0.471719 0.380663 0.535243 0.36391 0.552177 0.254939 1.34241 0.338204 0.560327 0.324879 0.397832 0.312157 0.548829 0.367503 0.520878 0.327946 0.311042 0.515716 0.325129 0.888424 0.414524 0.851036 0.399287 0.580559 0.574901 0.390695 0.361366 1.4261 0.472186 0.394746 0.321381 0.306141 1.10058 0.38963 0.324829 0.411815 0.393447 0.313035 0.39893 0.548962 0.39636 0.317977 1.32287 0.360489 0.34865 1.05 0.302601 0.535109 0.53335 0.588109 0.475897 0.473858 0.334334 0.510404 0.531118 0.394998 0.391688 0.419719 0.362759 0.651109 0.426206 0.38547 0.575884 0.866997 0.542426 0.399827 0.400236 1.31719 0.376737 0.403497 0.468499 0.534466 0.344383 0.362845 0.53635 0.335151 0.667491 0.506193 0.372399 0.403106 0.558335 0.468477 0.541122 0.32369 0.427779 0.377061 0.541387 0.467953 0.303268 0.693608 0.49941 0.540546 0.544659 0.649968 0.465613 0.552639 0.538505 0.465321 0.480467 0.708141 0.405591 0.392072 0.479099 0.527199 0.382626 0.707555 0.462889 0.258563 0.389136 0.403435 0.345026 0.368429 0.648823 0.545386 0.41733 0.471255 0.341045 0.140673 0.402696 0.529558 0.401062 0.390282 0.347511 0.475526 0.34017 0.32011 0.555613 0.46516 0.356792 0.531131 0.403518 0.759705 0.396539 0.478084 1.07496 0.371192 0.634762 1.37867 0.289086 0.455236 0.309918 0.354575 1.20724 0.381628 0.46947 0.319285 0.350893 1.38231 0.709972 0.697232 0.403925 0.376532 0.529421 0.380635 0.337143 0.316205 0.336815 0.401868 0.276479 0.465029 0.337286 0.373575 0.293965 0.399912 0.310669 0.392922 0.389257 0.364813 0.850327 0.340002 1.38487 0.54261 0.341738 0.472283 0.537305 0.315121 0.701587 0.376393 1.31288 0.378554 0.385825 0.315965 0.402939 0.843205 1.29241 0.361999 1.35136 0.648138 1.39369 1.30244 0.579724 0.947583 0.474702 0.374035 0.341775 0.328343 0.388562 0.332759 0.385408 0.535052 0.413911 1.48575 0.762564 0.546309 0.543782 1.33358 0.39545 0.479517 0.403363 0.40553 1.44771 0.550808 0.538474 0.91137 0.386732 0.395384 0.346711 0.51859 0.872249 0.273565 0.341427 1.5387 1.05 1.30928 0.402219 0.384629 0.372381 0.311183 0.545911 1.06376 0.897757 0.313019 0.348274 0.404597 0.526986 0.358983 0.401457 0.337787 0.425487 0.534969 0.360151 0.426167 0.799778 0.474388 0.375067 0.3141 0.38957 0.306755 0.344813 0.418931 0.704171 0.703601 0.303705 0.276197 0.550188 1.44639 0.287265 0.468739 0.53488 0.331426 0.288945 0.317729 0.5271 0.468693 0.395666 0.334805 0.350829 0.389232 0.371513 0.533044 0.526405 1.5012 0.47231 0.321443 0.307929 0.536468 0.586882 0.548024 0.69515 0.884319 0.539177 0.71028 0.344487 0.402412 0.629421 1.58691 0.269154 0.33939 0.353821 0.468499 0.530109 0.471604 0.89778 0.549947 0.300264 1.19633 0.332162 0.337828 0.346267 0.649331 0.376686 0.473476 0.393169 0.633409 0.402721 0.50652 0.332272 0.535221 0.904333 0.354496 0.325483 0.317966 0.402718 0.385967 0.466899 0.400514 0.319278 0.315811 0.908157 0.483872 0.341697 0.307169 0.773224 0.459566 0.336696 0.474797 0.338824 0.374237 0.338903 0.543516 1.32935 0.314912 0.321529 0.29234 0.478702 0.39726 0.29453 0.337681 1.36699 0.382346 0.612777 0.326429 0.306687 0.474028 0.321366 0.477045 1.44996 0.329148 0.377705 0.709739 0.476774 0.36635 0.401898 0.313041 0.55151 0.759631 0.402311 0.554673 0.386371 0.360321 0.526726 0.363006 1.26494 0.300528 0.534642 0.365435 0.322997 0.425644 1.48416 0.29093 0.413251 0.319291 0.398732 0.536366 1.04096 1.34673 0.765306 0.393225 0.351448 0.538879 0.29658 0.353709 0.300734 0.762011 0.408687 0.695235 0.53539 0.846608 0.690296 0.418876 0.340127 1.28852 0.709055 0.345677 0.301981 0.368468 0.333535 0.319393 0.139997 0.352977 0.34668 0.332329 1.4 0.324987 0.365142 0.400899 0.696047 0.365723 0.657349 0.540207 1.32561 0.367084 0.42294 1.35164 0.340221 0.332111 0.465126 0.85219 0.552448 0.460211 0.9014 0.370755 0.316972 0.550429 0.540496 0.35789 0.352804 0.400199 0.700362 1.10246 0.476301 0.687143 0.349326 1.18721 0.997467 0.400071 0.374609 0.403368 0.599232 1.37687 0.343992 0.354165 0.325203 0.330034 0.56421 0.387349 0.334743 1.04575 0.389538
Testing:
Lab Growth Rates:
0.27 0.27 0.27
Dot Production Prediction of Lab Growth Rates:
0.270841 0.356091 0.335937
Best performance so far: 
Obj: 4.64319e-310Rho: 6.5069e-314Diff: 4.64319e-310
Test:
 Lab Growth Rates:
0.27 0.27 0.27Dot Product Prediction of Growth Rate:
0.2708408 0.3560914 0.3359372