seed =  5 traits =  1 
Training: part  85 
Training: part  85 
Round  1 
 Goal of obj  0.99 
Temperature range:  0.0078125 1.5625e-16 
Cycle 1Round 1
Iter 500000 pBad 0.856435 T 0.00161377 Obj 1.07598 Rho 0 GRdif 42.8389 success 146257 failure 9581 obj_new 1.07598 SA_pAcc 1 Delta 0.0380159 SA_r 0.355145 freedomratio 0.368852
Iter 1000000 pBad 0.774311 T 0.000333345 Obj 1.03776 Rho 0 GRdif 21.6821 success 288440 failure 29445 obj_new 1.03776 SA_pAcc 1 Delta 0.0764407 SA_r 0.41121 freedomratio 0.362678
Iter 1500000 pBad 0.691809 T 6.88567e-05 Obj 1.02471 Rho 0 GRdif 14.2805 success 428155 failure 55884 obj_new 1.02471 SA_pAcc 1 Delta -0.0191605 SA_r 0.94947 freedomratio 0.361557
Iter 2000000 pBad 0.572068 T 1.42232e-05 Obj 1.0178 Rho 0 GRdif 10.3222 success 563444 failure 91251 obj_new 1.0178 SA_pAcc 0.855931 Delta 0.0566988 SA_r 0.601488 freedomratio 0.367232
Iter 2500000 pBad 0.361918 T 2.93798e-06 Obj 1.01309 Rho 0 GRdif 7.60776 success 686975 failure 147390 obj_new 1.01309 SA_pAcc 1.23612 Delta 0.034335 SA_r 0.87588 freedomratio 0.338542
Iter 3000000 pBad 0.228717 T 6.06877e-07 Obj 1.0098 Rho 0 GRdif 5.70412 success 792478 failure 241373 obj_new 1.0098 SA_pAcc 0.937069 Delta 0.00546205 SA_r 0.191354 freedomratio 0.329949
Iter 3500000 pBad 0.086058 T 1.25358e-07 Obj 1.00864 Rho 0 GRdif 5.0355 success 866270 failure 403223 obj_new 1.00864 SA_pAcc 1 Delta -0.000887745 SA_r 0.147983 freedomratio 0.280576
Iter 4000000 pBad 0.0385911 T 2.58943e-08 Obj 1.00831 Rho 0 GRdif 4.84315 success 902786 failure 658246 obj_new 1.00831 SA_pAcc 1 Delta 0.00164129 SA_r 0.875232 freedomratio 0.237226
Iter 4500000 pBad 0.0126681 T 5.34878e-09 Obj 1.0082 Rho 0 GRdif 4.77499 success 921372 failure 970620 obj_new 1.0082 SA_pAcc 1 Delta 0.000800326 SA_r 0.1055 freedomratio 0.215232
Iter 5000000 pBad 0.00634869 T 1.10486e-09 Obj 1.00816 Rho 0 GRdif 4.76169 success 931514 failure 1319297 obj_new 1.00817 SA_pAcc 0 Delta -6.01705e-05 SA_r 0.657698 freedomratio 0.198171
Iter 5500000 pBad 0.0025868 T 2.28222e-10 Obj 1.00814 Rho 0 GRdif 4.74322 success 937649 failure 1690936 obj_new 1.00814 SA_pAcc 1 Delta -0.000187042 SA_r 0.210727 freedomratio 0.190989
Iter 6000000 pBad 0.00149835 T 4.71422e-11 Obj 1.00813 Rho 0 GRdif 4.7376 success 941431 failure 2076695 obj_new 1.00813 SA_pAcc 4.43075e-43 Delta -4.82487e-05 SA_r 0.519834 freedomratio 0.184368
Iter 6500000 pBad 0.00143064 T 9.7378e-12 Obj 1.00813 Rho 0 GRdif 4.73513 success 945109 failure 2475727 obj_new 1.00813 SA_pAcc 0 Delta 9.24872e-05 SA_r 0.915382 freedomratio 0.175518
Iter 7000000 pBad 0.00115644 T 2.01146e-12 Obj 1.00812 Rho 0 GRdif 4.73381 success 948532 failure 2889363 obj_new 1.00812 SA_pAcc 1 Delta -7.06187e-05 SA_r 0.0529003 freedomratio 0.16888
Iter 7500000 pBad 3.92694e-42 T 4.15493e-13 Obj 1.00812 Rho 0 GRdif 4.73373 success 948929 failure 3244327 obj_new 1.00812 SA_pAcc 1 Delta -1.51693e-43 SA_r 0.520562 freedomratio 0.163362
Iter 8000000 pBad 5.6462e-190 T 8.58253e-14 Obj 1.00812 Rho 0 GRdif 4.73373 success 948929 failure 3585847 obj_new 1.00812 SA_pAcc 0 Delta 5.37613e-191 SA_r 0.46011 freedomratio 0.140659
Iter 8500000 pBad 0 T 1.77283e-14 Obj 1.00812 Rho 0 GRdif 4.7415 success 948929 failure 3952162 obj_new 1.00814 SA_pAcc 0 Delta -0 SA_r 0.214226 freedomratio 0.0630932
Iter 9000000 pBad 0 T 3.662e-15 Obj 1.00812 Rho 0 GRdif 4.75094 success 948929 failure 4338384 obj_new 1.00815 SA_pAcc 0 Delta -0 SA_r 0.34074 freedomratio 0.0418665
Iter 9500000 pBad 0 T 7.56432e-16 Obj 1.00812 Rho 0 GRdif 4.73381 success 948929 failure 4729975 obj_new 1.00812 SA_pAcc 0 Delta -0 SA_r 0.951123 freedomratio 0.0335263
Iter 10000000 pBad 0 T 1.5625e-16 Obj 1.00812 Rho 0 GRdif 4.73382 success 948929 failure 5124315 obj_new 1.00812 SA_pAcc 0 Delta -0 SA_r 0.444732 freedomratio 0.0287427
Cannot move further
iter 7.15924e+06 obj1.00812 rho 0 GRdif 4.73373
Training:
Lab Growth Rates:
0.36 0.43 0.46 0.4 0.686 1.483 0.48 1.345 0.46 0.4 0.56 0.55 0.45 0.724 0.42 0.59 0.36 0.1 0.25 0.53 0.43 0.5 0.55 0.617 1.483 0.56 0.53 0.5 0.19 0.3 0.39 0.56 1.66 0.41 0.37 0.27 0.46 1.66 0.45 1.46 0.5 1.248 0.45 0.1 0.59 0.46 0.4 0.4 0.45 0.54 0.58 0.36 0.5 0.42 0.58 0.33 0.37 0.476 0.46 1.345 0.59 0.37 1.345 0.4 1.483 0.5 0.5 1.483 0.59 0.23 0.68 0.23 0.58 0.41 1.05 0.3 0.58 0.17 0.52 0.4 0.54 0.1 0.686 0.7 0.37 0.46 0.52 0.59 0.58 0.54 0.41 0.47 0.476 0.5 0.37 0.4 0.27 0.65 0.71 0.7 1.248 0.4 0.52 0.45 0.377 0.25 0.4 0.4 0.41 0.4 0.41 1.345 0.68 0.68 1.483 0.47 1.345 0.4 0.65 1.345 0.45 0.38 0.19 0.4 1.49 0.59 0.58 0.5 0.3 0.485 0.65 0.51 0.3 0.22 0.5 1.43 0.56 0.58 0.485 0.32 0.59 0.59 1.483 0.68 0.43 0.47 0.4 0.47 0.5 0.46 0.485 0.33 0.46 0.54 0.48 0.5 0.11 1.248 0.4 0.2 0.7 0.54 0.54 1.46 0.56 0.33 0.38 0.5 0.25 0.54 0.52 0.58 0.4 0.41 0.4 0.56 0.4 0.47 1.345 0.47 0.39 1.05 0.47 0.377 0.56 0.6 0.54 0.56 0.46 0.17 0.5 0.4 0.4 0.23 0.47 0.65 0.37 0.25 0.3 0.3 0.476 0.4 0.4 1.345 0.37 0.4 0.54 0.54 0.42 0.45 0.23 0.25 0.65 0.59 0.36 0.4 0.54 0.55 0.53 0.39 0.47 0.54 0.56 0.47 0.58 0.637 0.6 0.23 0.55 0.65 0.22 0.59 0.54 0.55 0.58 0.686 0.4 0.53 0.58 0.481 0.54 0.636 0.22 0.51 0.53 0.4 0.5 0.27 0.3 0.56 0.31 0.54 0.25 0.14 0.4 0.53 0.4 0.4 0.26 0.58 0.4 0.36 0.55 0.46 0.42 0.53 0.4 0.901 0.59 0.56 0.3 0.59 0.65 0.45 0.42 0.46 0.42 0.26 1.67 0.41 0.46 0.49 0.42 0.37 0.71 0.648 0.4 0.43 0.481 0.33 0.26 0.5 0.39 0.4 0.43 0.5 0.47 0.3 0.27 0.4 0.54 0.27 0.43 0.38 0.3 0.5 0.45 0.23 0.47 0.54 0.23 0.45 0.635 0.42 1.483 0.45 0.1 0.58 0.4 0.4 1.03 0.36 1.345 0.65 1.05 1.483 0.38 0.5 0.58 0.36 0.33 0.36 0.58 0.48 0.11 0.53 0.23 1.67 0.762 0.54 0.56 1.483 0.4 0.58 0.4 0.4 0.45 0.23 0.301 0.5 0.59 0.4 0.54 0.3 0.3 0.54 0.42 0.37 1.05 1.483 0.4 0.4 0.52 0.53 0.55 1.46 0.5 0.58 0.34 0.4 0.481 0.37 0.4 0.11 0.37 0.465 0.47 0.37 0.4 0.5 0.31 0.53 0.58 0.47 0.47 0.52 0.71 0.636 0.34 0.22 0.59 0.25 0.53 0.22 0.41 0.43 0.3 0.5 0.53 0.55 0.43 0.46 0.45 0.4 0.33 0.31 0.41 1.42 0.55 0.42 0.54 0.465 0.3 0.56 0.637 0.5 0.301 0.636 0.5 0.4 0.5 0.37 0.54 0.33 0.42 0.46 0.54 0.56 0.901 0.55 0.42 1.35 0.32 0.46 0.39 0.65 0.46 0.22 0.4 0.6 0.4 0.22 0.19 0.485 0.901 0.43 0.42 0.47 0.4 0.45 0.54 0.4 0.36 0.42 0.901 0.5 0.47 0.4 0.4 0.55 0.48 0.22 0.5 0.09 0.42 0.54 1.483 0.46 0.47 0.48 0.48 0.4 0.45 0.47 1.345 0.52 0.5 0.2 0.48 0.5 0.45 0.5 0.45 0.43 0.48 0.724 0.5 0.5 0.4 0.51 0.55 0.762 0.4 0.56 0.52 0.54 0.54 0.49 1.43 0.47 0.377 0.45 0.34 0.7 1.44 0.52 0.59 0.47 0.4 0.58 1.46 1.345 0.762 0.4 0.42 0.56 0.53 0.42 0.53 0.762 0.46 0.635 0.56 1.248 0.648 0.38 0.48 1.38 0.724 0.09 0.54 0.52 0.37 0.5 0.14 0.59 0.43 0.46 0.37 0.47 0.32 0.4 0.648 0.52 0.5 0.301 1.483 0.42 0.09 1.345 0.68 0.49 0.46 1.248 0.56 0.58 0.901 0.27 0.47 0.17 0.465 0.52 0.25 0.4 0.635 0.1 0.58 0.637 0.46 1.4 0.901 0.4 0.33 0.4 0.2 0.45 0.43 0.4 0.39 0.33 0.6 0.37 0.47 1.05 0.53
Dot Production Prediction of Lab Growth Rates:
0.408577 0.392478 0.394206 0.401658 0.696554 1.12276 0.335398 1.17671 0.423421 0.399908 0.535083 0.462926 0.33194 0.693441 0.32232 0.543667 0.355083 0.424651 0.349019 0.529993 0.424181 0.608578 0.55054 0.582482 1.12749 0.544091 0.326827 0.330201 0.338362 0.549339 0.304346 0.46931 1.66 0.364853 0.42731 0.36308 0.376361 1.63767 0.345018 1.01549 0.637872 0.880431 1.58464 1.49462 0.540733 0.391108 0.402256 0.399456 1.52104 0.533316 0.466422 0.345282 0.544009 0.298171 0.472798 0.498389 0.39211 0.499488 0.459984 1.14076 0.547321 0.428295 1.11529 0.402818 1.12868 0.467137 0.47262 1.10903 0.329364 0.446012 0.36979 0.541043 0.299722 0.368723 1.06073 0.387211 0.471812 0.320947 0.36419 0.394588 0.342343 0.433576 0.695321 0.729402 0.405937 0.459993 0.380695 0.382171 0.469079 0.455154 0.32283 0.357966 0.501311 0.529741 0.419519 0.401876 0.374396 0.667028 0.690867 0.729758 0.88083 0.401234 0.378536 0.409262 0.494428 0.355286 0.400061 0.397344 0.339655 0.395818 0.498075 1.13427 0.364586 0.367224 1.10168 0.381966 1.15288 0.400037 0.65158 1.09854 0.411894 0.371866 0.323034 0.402018 1.58464 0.554244 0.472692 0.662413 0.608871 0.489015 0.617594 0.398992 0.547598 0.380714 0.541389 1.39758 0.473529 0.323167 0.496804 0.316632 0.548722 0.328569 1.13827 0.37012 0.398898 0.338888 0.395833 0.343253 0.543132 0.326311 0.489523 0.322601 0.488684 0.377994 0.347688 0.665053 0.372576 0.889755 0.401565 0.383934 0.733237 0.363787 0.376535 1.59354 0.471549 0.32451 0.370294 0.316187 0.816213 0.381107 0.373469 0.375739 0.403599 0.382883 0.397727 0.542026 0.40516 0.387343 1.1492 0.375799 0.34632 1.05832 0.364353 0.494396 0.530936 0.571371 0.459384 0.468433 0.296434 0.405379 0.527705 0.396242 0.397457 0.446573 0.344576 0.626091 0.420546 0.532832 0.574393 0.25241 0.501316 0.402601 0.403819 1.10874 0.39413 0.396164 0.455347 0.538936 0.340349 0.361282 0.53849 0.49345 0.657877 0.368306 0.337677 0.397734 0.547298 0.460483 0.542389 0.314717 0.432428 0.368549 0.540336 0.392338 0.34034 0.681383 0.580071 0.534899 0.549882 0.649891 0.472102 0.544796 0.540816 0.459779 0.469739 0.692775 0.400759 0.370381 0.475026 0.493675 0.364488 0.691132 0.465487 0.41232 0.406767 0.401331 0.32832 0.369651 0.500185 0.541152 0.558778 0.462326 0.320104 0.160942 0.402055 0.531317 0.391594 0.403057 0.38679 0.46846 0.372968 0.343159 0.551339 0.46961 0.365233 0.532328 0.398534 0.855793 0.338558 0.467335 0.595241 0.330289 0.637664 1.47816 0.304223 0.459437 0.335145 0.567441 1.4459 0.388341 0.33373 0.364848 0.558101 0.43703 0.702822 0.687044 0.399193 0.410001 0.495493 0.362802 0.455926 0.328807 0.311371 0.402515 0.425297 0.333473 0.469826 0.324274 0.314344 0.401659 0.304239 0.343829 0.357836 0.305484 0.246054 0.361604 1.53446 0.540199 0.346434 0.450823 0.54082 0.330931 0.689433 0.325701 1.09569 0.368116 0.338809 0.343549 0.403803 0.398534 1.39329 0.354809 1.15797 0.665617 1.62516 1.09228 0.308454 0.699128 0.466698 0.322361 0.355323 0.325105 0.35167 0.345266 0.354501 0.525851 0.44684 1.56733 0.840673 0.545301 0.529677 1.10422 0.403728 0.472237 0.403312 0.40282 1.5678 0.538693 0.498899 0.605475 0.358179 0.393487 0.336884 0.358497 0.247786 0.37788 0.305891 0.435938 1.02128 1.10437 0.403185 0.395198 0.357803 0.374888 0.547856 1.01449 0.619453 0.375446 0.336347 0.400937 0.49322 0.310757 0.402826 0.322364 0.422297 0.497479 0.369228 0.421442 0.397038 0.463175 0.557915 0.462919 0.370527 0.444499 0.33836 0.390942 0.69426 0.684629 0.317741 0.431519 0.547063 1.55759 0.406151 0.469335 0.498051 0.359753 0.559758 0.398433 0.531066 0.460239 0.348911 0.356482 0.312849 0.398825 0.319337 0.556353 0.493197 1.59837 0.461556 0.397691 0.377677 0.499047 0.452935 0.547079 0.683861 0.622413 0.496427 0.697303 0.330566 0.398298 0.658607 0.435892 0.335658 0.426997 0.342413 0.468218 0.535067 0.470716 0.900298 0.547695 0.323751 1.31323 0.32158 0.299914 0.319874 0.645273 0.347788 0.472884 0.406166 0.573931 0.398007 0.344037 0.324514 0.500172 0.903017 0.402521 0.32193 0.340053 0.402914 0.346665 0.45127 0.402072 0.415972 0.564808 0.90264 0.473451 0.418362 0.319363 0.40116 0.446335 0.290042 0.470511 0.409937 0.366738 0.357691 0.543666 1.12716 0.510704 0.475346 0.298169 0.295571 0.403058 0.356691 0.371462 1.15758 0.343607 0.696485 0.378995 0.342516 0.465169 0.362013 0.473034 1.58485 0.365019 0.313913 0.696273 0.376296 0.368792 0.399925 0.381217 0.548655 0.827996 0.4047 0.546553 0.364854 0.317209 0.366781 0.387559 1.40704 0.35727 0.49415 0.398236 0.319183 0.734402 1.55963 0.38171 0.34261 0.339679 0.400202 0.365782 1.01222 1.16037 0.843618 0.398245 0.335878 0.539075 0.284169 0.574793 0.505695 0.834267 0.493955 0.686434 0.536865 0.877449 0.680633 0.322245 0.303808 1.3529 0.69589 0.331217 0.358216 0.338258 0.390924 0.347461 0.161346 0.354668 0.351751 0.437114 0.42329 0.354991 0.357688 0.402935 0.68675 0.358606 0.661888 0.498078 1.09835 0.333028 0.437073 1.13951 0.367546 0.368123 0.462416 0.885138 0.542402 0.456856 0.901143 0.582854 0.391843 0.321522 0.501404 0.375496 0.35412 0.402134 0.687636 0.807592 0.466271 0.683383 0.422603 1.47496 0.901 0.404919 0.46764 0.400269 0.350322 1.50906 0.365989 0.313652 0.342855 0.342615 0.592531 0.524946 0.401033 1.04821 0.327554
Testing:
Lab Growth Rates:
0.1 0.1 0.1 0.1
Dot Production Prediction of Lab Growth Rates:
1.2775 1.38 1.29148 1.57472
Best performance so far: 
Obj: 4.6509e-310Rho: 2.26291e-314Diff: 4.6509e-310
Anneal again with the best G and E so far as input
Cycle 2Round 1
Iter 500000 pBad 0.855009 T 0.00161377 Obj 1.07414 Rho 0 GRdif 41.8419 success 120208 failure 8577 obj_new 1.07414 SA_pAcc 1.15435 Delta -0.00773573 SA_r 0.517667 freedomratio 0.282745
Iter 1000000 pBad 0.736988 T 0.000333345 Obj 1.03546 Rho 0 GRdif 20.3826 success 236290 failure 25473 obj_new 1.03546 SA_pAcc 1.00068 Delta 0.02306 SA_r 0.53804 freedomratio 0.291045
Iter 1500000 pBad 0.694191 T 6.88567e-05 Obj 1.02539 Rho 0 GRdif 14.6663 success 349839 failure 48736 obj_new 1.02539 SA_pAcc 1.19258 Delta 0.0500049 SA_r 0.159713 freedomratio 0.281928
Iter 2000000 pBad 0.480796 T 1.42232e-05 Obj 1.01866 Rho 0 GRdif 10.816 success 459283 failure 81956 obj_new 1.01866 SA_pAcc 1 Delta -0.0189548 SA_r 0.589963 freedomratio 0.28071
Iter 2500000 pBad 0.323996 T 2.93798e-06 Obj 1.01484 Rho 0 GRdif 8.61846 success 557561 failure 136297 obj_new 1.01484 SA_pAcc 1 Delta -0.00721081 SA_r 0.379548 freedomratio 0.273876
Iter 3000000 pBad 0.237679 T 6.06877e-07 Obj 1.01051 Rho 0 GRdif 6.11407 success 636969 failure 235500 obj_new 1.01051 SA_pAcc 1.02163 Delta -0.0227212 SA_r 0.076705 freedomratio 0.260116
Iter 3500000 pBad 0.121695 T 1.25358e-07 Obj 1.00915 Rho 0 GRdif 20.0845 success 702420 failure 371853 obj_new 1.03493 SA_pAcc 0 Delta 0.00873075 SA_r 0.911837 freedomratio 0.228337
Iter 4000000 pBad 0.0242243 T 2.58943e-08 Obj 1.0087 Rho 0 GRdif 5.07034 success 739206 failure 591981 obj_new 1.0087 SA_pAcc 0.019683 Delta -0.00106051 SA_r 0.585229 freedomratio 0.193069
Iter 4500000 pBad 0.0147762 T 5.34878e-09 Obj 1.00863 Rho 0 GRdif 5.02754 success 756156 failure 879323 obj_new 1.00863 SA_pAcc 1 Delta -0.00103371 SA_r 0.527807 freedomratio 0.177434
Iter 5000000 pBad 0.00610424 T 1.10486e-09 Obj 1.00861 Rho 0 GRdif 5.01249 success 765803 failure 1200665 obj_new 1.00861 SA_pAcc 1 Delta -7.18347e-05 SA_r 0.262427 freedomratio 0.168055
Iter 5500000 pBad 0.00371598 T 2.28222e-10 Obj 1.00859 Rho 0 GRdif 5.00481 success 772200 failure 1543280 obj_new 1.00859 SA_pAcc 0 Delta -0.00034611 SA_r 0.971928 freedomratio 0.161558
Iter 6000000 pBad 0.00166708 T 4.71422e-11 Obj 1.00858 Rho 0 GRdif 5.00038 success 776874 failure 1898274 obj_new 1.00858 SA_pAcc 1 Delta -0.000159474 SA_r 0.43928 freedomratio 0.158623
Iter 6500000 pBad 0.000276838 T 9.7378e-12 Obj 1.00858 Rho 0 GRdif 4.9985 success 780788 failure 2263638 obj_new 1.00858 SA_pAcc 1.03999e-89 Delta 1.35233e-05 SA_r 0.285302 freedomratio 0.153382
Iter 7000000 pBad 0.00067793 T 2.01146e-12 Obj 1.00858 Rho 0 GRdif 4.99727 success 786069 failure 2641528 obj_new 1.00858 SA_pAcc 0 Delta -6.67793e-05 SA_r 0.453157 freedomratio 0.147318
Iter 7500000 pBad 0.000244173 T 4.15493e-13 Obj 1.00858 Rho 0 GRdif 4.99663 success 791430 failure 3032707 obj_new 1.00858 SA_pAcc 0 Delta -1.41213e-05 SA_r 0.064223 freedomratio 0.141304
Iter 8000000 pBad 1.10984e-41 T 8.58253e-14 Obj 1.00858 Rho 0 GRdif 4.99631 success 794506 failure 3395156 obj_new 1.00858 SA_pAcc 1 Delta -1.05545e-42 SA_r 0.476818 freedomratio 0.137939
Iter 8500000 pBad 0 T 1.77283e-14 Obj 1.00858 Rho 0 GRdif 5.0009 success 794506 failure 3730148 obj_new 1.00859 SA_pAcc 0 Delta -0 SA_r 0.615713 freedomratio 0.13697
Iter 9000000 pBad 0 T 3.662e-15 Obj 1.00858 Rho 0 GRdif 4.99808 success 794506 failure 4075084 obj_new 1.00858 SA_pAcc 0 Delta -0 SA_r 0.858632 freedomratio 0.0716912
Iter 9500000 pBad 0 T 7.56432e-16 Obj 1.00858 Rho 0 GRdif 4.9971 success 794506 failure 4442986 obj_new 1.00858 SA_pAcc 0 Delta -0 SA_r 0.427373 freedomratio 0.0416222
Good enough
iter 7.84057e+06 obj1.00858 rho 0 GRdif 4.99631
Training:
Lab Growth Rates:
0.36 0.43 0.46 0.4 0.686 1.483 0.48 1.345 0.46 0.4 0.56 0.55 0.45 0.724 0.42 0.59 0.36 0.1 0.25 0.53 0.43 0.5 0.55 0.617 1.483 0.56 0.53 0.5 0.19 0.3 0.39 0.56 1.66 0.41 0.37 0.27 0.46 1.66 0.45 1.46 0.5 1.248 0.45 0.1 0.59 0.46 0.4 0.4 0.45 0.54 0.58 0.36 0.5 0.42 0.58 0.33 0.37 0.476 0.46 1.345 0.59 0.37 1.345 0.4 1.483 0.5 0.5 1.483 0.59 0.23 0.68 0.23 0.58 0.41 1.05 0.3 0.58 0.17 0.52 0.4 0.54 0.1 0.686 0.7 0.37 0.46 0.52 0.59 0.58 0.54 0.41 0.47 0.476 0.5 0.37 0.4 0.27 0.65 0.71 0.7 1.248 0.4 0.52 0.45 0.377 0.25 0.4 0.4 0.41 0.4 0.41 1.345 0.68 0.68 1.483 0.47 1.345 0.4 0.65 1.345 0.45 0.38 0.19 0.4 1.49 0.59 0.58 0.5 0.3 0.485 0.65 0.51 0.3 0.22 0.5 1.43 0.56 0.58 0.485 0.32 0.59 0.59 1.483 0.68 0.43 0.47 0.4 0.47 0.5 0.46 0.485 0.33 0.46 0.54 0.48 0.5 0.11 1.248 0.4 0.2 0.7 0.54 0.54 1.46 0.56 0.33 0.38 0.5 0.25 0.54 0.52 0.58 0.4 0.41 0.4 0.56 0.4 0.47 1.345 0.47 0.39 1.05 0.47 0.377 0.56 0.6 0.54 0.56 0.46 0.17 0.5 0.4 0.4 0.23 0.47 0.65 0.37 0.25 0.3 0.3 0.476 0.4 0.4 1.345 0.37 0.4 0.54 0.54 0.42 0.45 0.23 0.25 0.65 0.59 0.36 0.4 0.54 0.55 0.53 0.39 0.47 0.54 0.56 0.47 0.58 0.637 0.6 0.23 0.55 0.65 0.22 0.59 0.54 0.55 0.58 0.686 0.4 0.53 0.58 0.481 0.54 0.636 0.22 0.51 0.53 0.4 0.5 0.27 0.3 0.56 0.31 0.54 0.25 0.14 0.4 0.53 0.4 0.4 0.26 0.58 0.4 0.36 0.55 0.46 0.42 0.53 0.4 0.901 0.59 0.56 0.3 0.59 0.65 0.45 0.42 0.46 0.42 0.26 1.67 0.41 0.46 0.49 0.42 0.37 0.71 0.648 0.4 0.43 0.481 0.33 0.26 0.5 0.39 0.4 0.43 0.5 0.47 0.3 0.27 0.4 0.54 0.27 0.43 0.38 0.3 0.5 0.45 0.23 0.47 0.54 0.23 0.45 0.635 0.42 1.483 0.45 0.1 0.58 0.4 0.4 1.03 0.36 1.345 0.65 1.05 1.483 0.38 0.5 0.58 0.36 0.33 0.36 0.58 0.48 0.11 0.53 0.23 1.67 0.762 0.54 0.56 1.483 0.4 0.58 0.4 0.4 0.45 0.23 0.301 0.5 0.59 0.4 0.54 0.3 0.3 0.54 0.42 0.37 1.05 1.483 0.4 0.4 0.52 0.53 0.55 1.46 0.5 0.58 0.34 0.4 0.481 0.37 0.4 0.11 0.37 0.465 0.47 0.37 0.4 0.5 0.31 0.53 0.58 0.47 0.47 0.52 0.71 0.636 0.34 0.22 0.59 0.25 0.53 0.22 0.41 0.43 0.3 0.5 0.53 0.55 0.43 0.46 0.45 0.4 0.33 0.31 0.41 1.42 0.55 0.42 0.54 0.465 0.3 0.56 0.637 0.5 0.301 0.636 0.5 0.4 0.5 0.37 0.54 0.33 0.42 0.46 0.54 0.56 0.901 0.55 0.42 1.35 0.32 0.46 0.39 0.65 0.46 0.22 0.4 0.6 0.4 0.22 0.19 0.485 0.901 0.43 0.42 0.47 0.4 0.45 0.54 0.4 0.36 0.42 0.901 0.5 0.47 0.4 0.4 0.55 0.48 0.22 0.5 0.09 0.42 0.54 1.483 0.46 0.47 0.48 0.48 0.4 0.45 0.47 1.345 0.52 0.5 0.2 0.48 0.5 0.45 0.5 0.45 0.43 0.48 0.724 0.5 0.5 0.4 0.51 0.55 0.762 0.4 0.56 0.52 0.54 0.54 0.49 1.43 0.47 0.377 0.45 0.34 0.7 1.44 0.52 0.59 0.47 0.4 0.58 1.46 1.345 0.762 0.4 0.42 0.56 0.53 0.42 0.53 0.762 0.46 0.635 0.56 1.248 0.648 0.38 0.48 1.38 0.724 0.09 0.54 0.52 0.37 0.5 0.14 0.59 0.43 0.46 0.37 0.47 0.32 0.4 0.648 0.52 0.5 0.301 1.483 0.42 0.09 1.345 0.68 0.49 0.46 1.248 0.56 0.58 0.901 0.27 0.47 0.17 0.465 0.52 0.25 0.4 0.635 0.1 0.58 0.637 0.46 1.4 0.901 0.4 0.33 0.4 0.2 0.45 0.43 0.4 0.39 0.33 0.6 0.37 0.47 1.05 0.53
Dot Production Prediction of Lab Growth Rates:
0.414438 0.397338 0.394215 0.358464 0.706451 1.30627 0.32742 1.3752 0.427916 0.357967 0.544089 0.461497 0.342687 0.703768 0.322877 0.546496 0.350276 0.447828 0.349931 0.5341 0.447936 0.675834 0.549857 0.621434 1.31161 0.548851 0.313085 0.336229 0.312716 0.550857 0.305288 0.469787 1.44151 0.352328 0.422721 0.357532 0.362589 1.41624 0.345378 1.07163 0.726948 0.873274 1.50252 1.36796 0.54563 0.404722 0.358854 0.370469 1.42076 0.539647 0.468361 0.340673 0.552491 0.296894 0.472611 0.521157 0.404285 0.585446 0.448985 1.3014 0.553217 0.4305 1.28394 0.361013 1.31994 0.476692 0.480153 1.28287 0.32741 0.429127 0.335213 0.545484 0.279018 0.353136 1.06746 0.396075 0.474432 0.316918 0.355706 0.353913 0.330653 0.451768 0.706612 0.772549 0.419167 0.46 0.371679 0.383921 0.472197 0.445143 0.331364 0.390785 0.588362 0.534595 0.410197 0.37251 0.365738 0.660046 0.699801 0.771632 0.871309 0.360198 0.393115 0.386047 0.58458 0.352909 0.369063 0.353962 0.335363 0.347576 0.592039 1.32332 0.332627 0.332275 1.29145 0.397471 1.32466 0.35683 0.650299 1.28608 0.431357 0.377838 0.288922 0.360071 1.50252 0.549297 0.47262 0.776474 0.623365 0.584385 0.619178 0.405889 0.558333 0.379204 0.543355 1.07467 0.471909 0.314043 0.585394 0.320846 0.552192 0.317707 1.35083 0.336576 0.381267 0.323115 0.350663 0.352833 0.547112 0.335069 0.583616 0.307952 0.525055 0.386895 0.362592 0.791159 0.368742 0.882505 0.371668 0.364287 0.769668 0.374181 0.35773 1.39071 0.471833 0.317332 0.37899 0.315632 0.933977 0.395286 0.387796 0.389893 0.361261 0.383804 0.356116 0.544977 0.36182 0.381681 1.32614 0.400476 0.341887 1.06851 0.35085 0.588207 0.531082 0.582739 0.460051 0.467257 0.310438 0.413558 0.533986 0.353414 0.352571 0.429144 0.341154 0.635289 0.413353 0.556243 0.588703 0.282541 0.591297 0.361827 0.361914 1.2748 0.387652 0.348192 0.459179 0.53847 0.350419 0.364569 0.54178 0.526259 0.665102 0.364177 0.337777 0.364637 0.55652 0.461993 0.550462 0.290511 0.415885 0.371894 0.54509 0.393893 0.318863 0.696809 0.597895 0.541585 0.547265 0.649891 0.471717 0.549874 0.540194 0.463255 0.474365 0.703421 0.358574 0.363329 0.473682 0.584423 0.354372 0.703776 0.464883 0.415121 0.411875 0.373513 0.328885 0.382071 0.508323 0.542003 0.607659 0.454158 0.305596 0.306171 0.358289 0.538948 0.344715 0.361788 0.379744 0.466015 0.37808 0.34977 0.549347 0.464679 0.36604 0.538892 0.369027 0.851409 0.340553 0.470001 0.608719 0.315661 0.643031 1.37411 0.309288 0.459495 0.335817 0.598278 1.35075 0.385005 0.315247 0.363168 0.609279 0.423596 0.709889 0.697955 0.368527 0.428058 0.58616 0.35888 0.46352 0.315325 0.28241 0.361372 0.44049 0.334695 0.496155 0.329223 0.286873 0.371576 0.289937 0.33363 0.352553 0.287799 0.277829 0.364696 1.42212 0.54493 0.328829 0.449624 0.54283 0.342189 0.70054 0.321422 1.26129 0.372305 0.340798 0.330618 0.363053 0.352615 1.29516 0.368047 1.35047 0.655158 1.34298 1.27841 0.285165 0.818562 0.467046 0.319296 0.342531 0.328957 0.341153 0.356254 0.344209 0.532205 0.430994 1.45016 0.832183 0.549658 0.544015 1.26522 0.363281 0.478528 0.361422 0.361658 1.44615 0.549292 0.594043 0.661996 0.323123 0.345363 0.330275 0.370619 0.279603 0.377367 0.304948 0.423987 1.05 1.27814 0.374053 0.355567 0.357103 0.368265 0.548948 1.0457 0.705972 0.362539 0.328684 0.359273 0.581667 0.28173 0.374013 0.318403 0.418724 0.586422 0.359356 0.413525 0.351895 0.467363 0.599237 0.478575 0.371777 0.464514 0.30228 0.390993 0.703015 0.710577 0.296539 0.432654 0.545659 1.44967 0.414775 0.470803 0.590947 0.33098 0.559961 0.392863 0.529986 0.464879 0.334848 0.336947 0.324933 0.368033 0.315966 0.595937 0.585675 1.49353 0.46146 0.390311 0.386672 0.588239 0.446386 0.544519 0.700747 0.742233 0.591703 0.712415 0.327558 0.355361 0.75997 0.424473 0.335771 0.43753 0.330303 0.465061 0.536532 0.469287 0.900994 0.550116 0.315423 1.04517 0.31387 0.294559 0.329336 0.647233 0.332309 0.476935 0.36649 0.585664 0.368591 0.341378 0.302843 0.590433 0.902929 0.408902 0.324181 0.327361 0.361436 0.347989 0.444431 0.36099 0.408237 0.614541 0.9061 0.474151 0.399439 0.32535 0.357655 0.445867 0.29004 0.477089 0.438031 0.37431 0.353816 0.540301 1.29984 0.552613 0.500332 0.306943 0.276902 0.361914 0.358245 0.37731 1.35579 0.345929 0.82286 0.37774 0.336658 0.468167 0.335004 0.474785 1.49509 0.37344 0.310763 0.70582 0.374446 0.349036 0.358287 0.372708 0.549512 0.81971 0.362327 0.551104 0.343632 0.290312 0.374296 0.381164 1.09359 0.362686 0.584851 0.396114 0.325518 0.777389 1.46584 0.366656 0.300073 0.333976 0.357156 0.367047 1.0381 1.34334 0.839108 0.367898 0.336252 0.540755 0.292167 0.632947 0.556874 0.824844 0.540593 0.694687 0.5319 0.869447 0.688314 0.299093 0.297692 1.30689 0.709537 0.334355 0.371246 0.34074 0.389279 0.352846 0.306514 0.333848 0.329764 0.442344 0.418831 0.365868 0.346797 0.360113 0.696884 0.330251 0.79991 0.593502 1.29387 0.338015 0.441614 1.3251 0.335773 0.375322 0.464305 0.873496 0.548315 0.449685 0.901035 0.612178 0.382183 0.308608 0.588339 0.352963 0.350496 0.356945 0.700474 0.931208 0.466724 0.694346 0.424028 1.39998 0.901 0.376527 0.479291 0.358344 0.354927 1.39664 0.355668 0.310344 0.321007 0.322426 0.623232 0.574817 0.404104 1.04994 0.316375
Testing:
Lab Growth Rates:
0.1 0.1 0.1 0.1
Dot Production Prediction of Lab Growth Rates:
1.34921 1.56369 1.33194 1.63594
Best performance so far: 
Obj: 4.6509e-310Rho: 6.5069e-314Diff: 4.6509e-310
Test:
 Lab Growth Rates:
0.1 0.1 0.1 0.1Dot Product Prediction of Growth Rate:
1.349215 1.56369 1.331935 1.635942