seed =  5 traits =  1 
Training: part  126 
Training: part  126 
Round  1 
 Goal of obj  0.99 
Temperature range:  0.0078125 3.125e-15 
Cycle 1Round 1
Iter 500000 pBad 0.866554 T 0.00187454 Obj 1.09609 Rho 0 GRdif 53.7653 success 146811 failure 9022 obj_new 1.09609 SA_pAcc 1 Delta 0.0744839 SA_r 0.745978 freedomratio 0.373963
Iter 1000000 pBad 0.800584 T 0.000449777 Obj 1.04055 Rho 0 GRdif 23.2929 success 289961 failure 26048 obj_new 1.04055 SA_pAcc 1.16356 Delta -0.0646731 SA_r 0.48593 freedomratio 0.366708
Iter 1500000 pBad 0.700232 T 0.00010792 Obj 1.02623 Rho 0 GRdif 15.1705 success 430437 failure 50501 obj_new 1.02623 SA_pAcc 0.775961 Delta 0.0323405 SA_r 0.342623 freedomratio 0.366938
Iter 2000000 pBad 0.579903 T 2.58942e-05 Obj 1.01908 Rho 0 GRdif 11.0765 success 566437 failure 84698 obj_new 1.01908 SA_pAcc 1 Delta -0.0571796 SA_r 0.117293 freedomratio 0.360615
Iter 2500000 pBad 0.450711 T 6.21307e-06 Obj 1.01485 Rho 0 GRdif 8.637 success 699159 failure 124756 obj_new 1.01485 SA_pAcc 1.08656 Delta -0.0160008 SA_r 0.109711 freedomratio 0.35153
Iter 3000000 pBad 0.295726 T 1.49077e-06 Obj 1.0107 Rho 0 GRdif 6.23743 success 813599 failure 199683 obj_new 1.0107 SA_pAcc 1 Delta -0.024311 SA_r 0.512198 freedomratio 0.342891
Iter 3500000 pBad 0.199335 T 3.57695e-07 Obj 1.00898 Rho 0 GRdif 5.23946 success 907448 failure 317409 obj_new 1.00898 SA_pAcc 1 Delta 0.013528 SA_r 0.963038 freedomratio 0.315733
Iter 4000000 pBad 0.0637784 T 8.58253e-08 Obj 1.00824 Rho 0 GRdif 4.81032 success 971055 failure 503663 obj_new 1.00824 SA_pAcc 0.0156921 Delta 0.00229551 SA_r 0.848839 freedomratio 0.27042
Iter 4500000 pBad 0.0298198 T 2.05929e-08 Obj 1.00811 Rho 0 GRdif 4.73313 success 1001995 failure 773380 obj_new 1.00811 SA_pAcc 2.48164e-05 Delta 0.00274049 SA_r 0.19614 freedomratio 0.231438
Iter 5000000 pBad 0.0144297 T 4.94107e-09 Obj 1.00806 Rho 0 GRdif 4.70491 success 1018154 failure 1092632 obj_new 1.00806 SA_pAcc 3.05224e-17 Delta -0.000981765 SA_r 0.666067 freedomratio 0.215204
Iter 5500000 pBad 0.0064136 T 1.18556e-09 Obj 1.00804 Rho 0 GRdif 4.69086 success 1027473 failure 1439377 obj_new 1.00804 SA_pAcc 6.16201e-22 Delta -0.00056663 SA_r 0.224563 freedomratio 0.203755
Iter 6000000 pBad 0.00273963 T 2.84464e-10 Obj 1.00803 Rho 0 GRdif 4.68535 success 1032355 failure 1804797 obj_new 1.00803 SA_pAcc 1 Delta 5.04887e-05 SA_r 0.298391 freedomratio 0.197639
Iter 6500000 pBad 0.00166991 T 6.82543e-11 Obj 1.00802 Rho 0 GRdif 4.6823 success 1035912 failure 2179727 obj_new 1.00802 SA_pAcc 1 Delta -0.000106233 SA_r 0.422192 freedomratio 0.1927
Iter 7000000 pBad 0.00033018 T 1.6377e-11 Obj 1.00802 Rho 0 GRdif 4.68851 success 1038366 failure 2563006 obj_new 1.00803 SA_pAcc 0 Delta 2.69323e-05 SA_r 0.0919798 freedomratio 0.18722
Iter 7500000 pBad 0.000755781 T 3.92949e-12 Obj 1.00802 Rho 0 GRdif 4.68039 success 1040458 failure 2955362 obj_new 1.00802 SA_pAcc 4.01161e+15 Delta -4.49722e-05 SA_r 0.0243909 freedomratio 0.183757
Iter 8000000 pBad 0.000968266 T 9.42843e-13 Obj 1.00802 Rho 0 GRdif 4.67993 success 1043153 failure 3350016 obj_new 1.00802 SA_pAcc 1.33892e-255 Delta 8.25536e-06 SA_r 0.265641 freedomratio 0.180753
Iter 8500000 pBad 6.14094e-11 T 2.26226e-13 Obj 1.00802 Rho 0 GRdif 4.67966 success 1048970 failure 3726954 obj_new 1.00802 SA_pAcc 1.00098 Delta -2.74968e-12 SA_r 0.0148235 freedomratio 0.171596
Iter 9000000 pBad 8.08858e-42 T 5.42807e-14 Obj 1.00802 Rho 0 GRdif 4.69107 success 1049270 failure 4044407 obj_new 1.00804 SA_pAcc 0 Delta -1.09945e-43 SA_r 0.833155 freedomratio 0.171898
Iter 9500000 pBad 5.30763e-268 T 1.30241e-14 Obj 1.00802 Rho 0 GRdif 4.67965 success 1049270 failure 4369788 obj_new 1.00802 SA_pAcc 1 Delta 3.07578e-269 SA_r 0.237056 freedomratio 0.114163
Iter 10000000 pBad 0 T 3.12501e-15 Obj 1.00802 Rho 0 GRdif 4.67967 success 1049270 failure 4722071 obj_new 1.00802 SA_pAcc 0 Delta -0 SA_r 0.67497 freedomratio 0.0536974
Cannot move further
iter 8.57202e+06 obj1.00802 rho 0 GRdif 4.67965
Training:
Lab Growth Rates:
0.43 0.34 0.19 0.377 0.45 0.6 0.45 0.56 0.23 0.55 0.43 0.6 0.41 0.42 0.1 0.54 0.43 0.11 0.465 0.54 0.41 0.5 0.22 0.42 0.53 0.5 0.4 0.68 0.4 0.37 0.41 0.58 0.637 0.65 0.59 0.65 1.483 0.42 0.47 1.67 0.46 0.42 1.46 0.481 0.41 0.4 1.483 1.483 0.46 0.52 1.46 0.56 0.36 0.636 0.54 0.27 0.46 0.6 0.23 0.42 0.46 0.42 1.345 0.56 0.45 0.52 0.54 0.4 0.33 0.377 0.55 0.32 0.55 0.58 0.37 0.58 0.4 0.41 0.54 0.1 0.43 0.58 0.5 1.483 0.4 0.68 0.48 0.59 0.25 0.56 0.36 0.41 0.3 0.45 0.5 1.248 1.43 0.31 0.43 0.38 0.5 0.1 1.05 0.42 0.37 0.36 0.59 0.4 0.65 0.46 0.46 0.45 0.36 1.43 0.36 0.5 0.4 0.53 0.6 0.686 0.53 0.42 0.56 0.39 0.4 0.3 0.4 0.55 0.54 0.3 0.42 0.54 0.36 0.37 0.58 0.1 0.46 0.09 0.65 0.23 0.33 0.43 0.301 0.5 1.345 1.483 0.54 0.36 0.52 0.19 0.4 0.47 0.46 0.34 0.65 0.27 0.54 1.483 0.39 0.59 0.54 0.39 0.54 0.17 0.23 0.45 0.4 1.248 0.54 0.53 1.05 0.377 1.483 1.05 1.483 0.4 0.25 0.41 0.5 1.38 1.248 0.37 0.58 0.43 0.47 0.46 0.45 0.648 0.25 0.58 0.58 0.25 0.17 0.51 0.901 0.43 0.4 0.1 0.45 0.54 0.54 0.36 0.42 0.27 0.5 0.3 1.05 0.762 0.4 0.637 0.19 0.46 0.46 0.33 0.47 0.485 0.52 0.54 0.46 0.37 0.1 0.51 0.4 0.5 0.42 0.33 0.59 0.33 0.59 0.47 0.485 0.09 0.58 0.301 0.47 1.345 0.45 0.45 0.53 1.46 0.48 0.4 0.65 0.39 0.54 0.3 0.3 0.47 0.25 0.47 0.762 0.4 0.4 0.4 0.33 1.05 0.59 0.48 0.56 0.4 0.635 1.4 0.43 0.47 0.36 0.55 0.4 0.47 0.27 0.4 0.648 0.3 0.4 0.53 0.476 0.47 0.4 0.52 0.4 0.5 0.476 0.42 0.5 1.44 0.7 0.27 0.5 0.5 1.483 0.47 0.5 0.37 0.31 0.54 0.42 0.2 0.23 0.45 0.53 0.58 0.48 0.14 0.58 0.7 0.46 0.22 0.4 0.41 0.52 0.3 0.25 0.686 1.345 0.47 1.248 0.46 0.5 0.47 0.636 0.5 0.724 0.59 0.53 0.47 0.42 0.901 0.38 0.4 0.37 0.46 0.47 0.37 0.65 0.59 0.68 0.25 0.58 0.37 0.43 0.5 1.345 0.23 0.45 0.53 0.59 0.39 0.45 0.46 0.4 0.4 0.58 0.38 1.483 0.4 0.4 1.345 0.1 0.47 0.23 0.65 0.46 0.4 0.4 0.2 0.3 0.54 0.7 0.56 1.345 0.47 0.26 0.59 0.53 0.59 0.45 1.345 0.635 1.483 0.48 0.58 0.47 0.4 0.58 0.42 0.4 0.901 0.68 0.5 0.43 0.1 1.345 0.648 0.55 0.11 0.33 0.59 0.22 0.5 0.55 0.55 0.27 0.58 0.636 0.4 0.26 0.52 0.56 0.58 0.59 0.4 0.41 1.67 0.5 0.3 0.52 0.56 0.465 0.4 0.5 1.66 0.48 0.4 0.58 0.56 0.38 0.5 0.4 0.55 0.22 0.4 0.47 0.4 0.481 0.4 0.5 0.37 0.4 0.3 0.5 0.762 0.481 0.4 0.31 0.53 0.47 0.4 0.45 0.37 0.52 0.52 0.47 1.345 0.56 0.3 0.71 0.724 0.1 0.56 0.54 1.03 0.49 0.5 0.54 0.25 0.55 0.48 0.476 0.54 0.4 0.47 0.37 0.49 0.7 0.47 0.485 0.465 1.49 0.5 0.54 0.71 0.37 0.48 0.56 0.3 1.66 0.637 0.32 0.38 0.635 0.43 0.52 0.54 0.58 0.901 0.4 0.58 0.901 0.37 0.45 0.33 0.42 0.4 0.2 0.59 0.22 0.4 0.23 0.45 0.55 0.42 0.45 0.5 0.53 0.4 0.56 0.48 0.23 1.35 0.54 0.22 0.09 0.724 0.58 0.4 1.345 0.37 0.4 0.4 0.5 0.5 1.42 0.4 1.248 0.17 0.45 0.54 0.46 0.54 0.39 0.68 0.55 0.5 0.56 0.901 0.34 0.46 1.345 0.617 0.53 0.14 0.46 0.22 0.65 0.26 0.4 0.5 0.49 0.71 0.42 0.4 0.51 0.32 0.4 0.3 1.483 0.53 0.686 0.11 0.59 0.46 0.5 0.301 0.56 1.46 0.52 0.22 0.33 0.56 0.54 0.762 0.485 0.53 0.56 0.5 0.4 0.54
Dot Production Prediction of Lab Growth Rates:
0.345993 0.319392 0.316661 0.491278 1.44666 0.502534 0.342167 0.542417 0.447998 0.551298 0.357315 0.514862 0.357822 0.589105 1.11892 0.382726 0.367646 0.331696 0.496166 0.53481 0.490691 0.543712 0.475632 0.332581 0.330735 0.630102 0.374066 0.399665 0.373829 0.423715 0.386544 0.478301 0.705524 0.691386 0.546422 0.639355 1.07227 0.362034 0.417608 1.38469 0.50998 0.316207 1.5571 0.494496 0.489844 0.373983 1.05399 1.07947 0.343227 0.375097 1.03852 0.531409 0.350291 0.709762 0.299851 0.580719 0.365883 0.506729 0.539508 0.394738 0.42472 0.338007 1.13731 0.478205 0.383737 0.38701 0.464143 0.422539 0.471352 0.493393 0.544942 0.320082 0.547757 0.478714 0.439953 0.477165 0.41382 0.374314 0.538572 1.00131 0.426452 0.476323 0.36852 1.12306 0.373032 0.397318 0.319785 0.401869 0.539777 0.476024 0.337051 0.328599 0.28123 0.334398 0.410887 0.912371 1.43212 0.55845 0.385571 0.369174 0.690278 0.446786 1.0502 0.336003 0.302628 0.332828 0.5515 0.359114 0.683773 0.446462 0.459517 1.48005 0.354144 1.41649 0.416579 0.332419 0.375391 0.287969 0.503855 0.729133 0.423927 0.306804 0.534991 0.332593 0.367139 0.32904 0.325068 0.457865 0.397941 0.477338 0.358298 0.464364 0.414175 0.439858 0.473475 1.21761 0.400129 0.344047 0.649724 0.541938 0.445173 0.454837 0.490785 0.472542 1.11573 1.083 0.364614 0.379533 0.351907 0.333253 0.368435 0.449826 0.454708 0.331742 0.659301 0.349361 0.337102 1.09703 0.312393 0.389746 0.383963 0.324145 0.541069 0.423642 0.539682 0.403367 0.362129 0.909447 0.376767 0.533406 1.57613 0.493947 1.07292 1.05418 1.07204 0.425785 1.48134 0.39679 0.342816 1.31916 0.914697 0.40545 0.351003 0.412764 0.372194 0.471741 1.44674 0.709752 0.367563 0.368404 0.479296 0.310125 0.320439 0.412643 0.901 0.430703 0.368584 1.42847 0.37081 0.468476 0.475393 0.356396 0.377076 0.291673 0.323742 0.483058 1.04998 0.860853 0.411742 0.706165 0.337147 0.357281 0.437307 0.374286 0.36732 0.488307 0.4006 0.376489 0.466074 0.402055 0.810424 0.431931 0.374903 0.46957 0.574374 0.321095 0.341095 0.356901 0.542965 0.353773 0.49553 0.446568 0.383263 0.490638 0.324831 1.11419 0.345567 0.406636 0.334503 1.02121 0.300722 0.368474 0.650029 0.35199 0.381201 0.493265 0.47915 0.394893 0.803154 0.36023 0.865691 0.374923 0.420532 0.372258 0.318819 1.01915 0.341273 0.345213 0.544753 0.41415 0.710829 1.42081 0.383455 0.39195 0.323581 0.546129 0.372443 0.361298 0.382314 0.421024 0.705366 0.523719 0.368039 0.533684 0.498867 0.349436 0.345291 0.395246 0.378718 0.633257 0.498374 0.349771 0.481063 1.48226 0.705061 0.37113 0.376917 0.542681 1.10596 0.401397 0.468828 0.435913 0.572738 0.3707 0.335476 0.373208 0.53194 1.5323 0.490843 0.473422 0.2993 0.139171 0.462372 0.704234 0.522782 0.4689 0.372885 0.352295 0.353088 0.401708 0.505825 0.725864 1.14424 0.410685 0.909378 0.488369 0.700113 0.440231 0.719838 0.353608 0.722384 0.324268 0.383123 0.377122 0.349106 0.901728 0.31594 0.36263 0.44004 0.460031 0.359046 0.535593 0.652593 0.318667 0.403808 0.36562 0.473588 0.44049 0.404353 0.713571 1.1198 0.448593 1.50697 0.530118 0.542061 0.321307 0.315406 0.310998 0.411753 0.371096 0.291901 0.374932 1.10224 0.374572 0.374226 1.096 0.993185 0.378158 0.448477 0.628907 0.468174 0.370816 0.373811 0.390677 0.281009 0.328356 0.700517 0.542478 1.07296 0.397654 0.448785 0.348642 0.544258 0.542278 1.54301 1.07899 0.714439 1.05796 0.324667 0.474419 0.486292 0.372356 0.362545 0.342108 0.3722 0.87475 0.401086 0.641436 0.390882 0.441881 1.06634 0.711564 0.469585 0.366554 0.335021 0.546801 0.471769 0.325017 0.550723 0.546134 0.379423 0.475094 0.723452 0.365179 0.564176 0.393136 0.539527 0.390715 0.540741 0.375182 0.484143 1.51317 0.481182 0.443427 0.350647 0.483194 0.494421 0.413143 0.331497 1.66 0.291117 0.372708 0.319333 0.471871 0.309563 0.546584 0.37418 0.473546 0.361593 0.358229 0.422964 0.372885 0.493619 0.38171 0.69202 0.420157 0.373647 0.284827 0.374195 0.873461 0.492657 0.379697 0.558682 0.533473 0.347097 0.369922 0.342093 0.421659 0.380652 0.369515 0.482748 1.09853 0.473756 0.414921 0.722531 0.723887 0.359551 0.5344 0.470966 1.3423 0.402511 0.523982 0.392465 0.368394 0.468719 0.348851 0.496899 0.548043 0.369968 0.392416 0.426732 0.382121 0.70006 0.358816 0.489189 0.497287 1.5323 0.331747 0.387765 0.718603 0.425177 0.336298 0.538942 0.518325 1.65105 0.708546 0.319818 0.321298 0.714513 0.40601 0.375085 0.382301 0.347523 0.903982 0.4177 0.373687 0.903513 0.431673 0.352463 0.365784 0.362092 0.390525 0.398328 0.308982 0.389454 0.37282 0.538646 0.41467 0.474867 0.312721 0.366182 0.670181 0.408388 0.420262 0.539991 0.349441 0.53608 1.30492 0.538267 0.4282 0.389366 0.721651 0.479916 0.423508 1.16319 0.396731 0.36116 0.374616 0.692468 0.526119 1.53255 0.414846 0.909032 0.32541 1.46671 0.545554 0.318932 0.53183 0.32753 0.400251 0.467776 0.719162 0.474402 0.900937 0.33044 0.413688 1.13372 0.506676 0.366457 0.140019 0.345232 0.472396 0.631335 0.373469 0.420179 0.475361 0.372425 0.717521 0.57511 0.422732 0.399158 0.344817 0.370411 0.372164 1.06903 0.536706 0.725863 0.385249 0.344225 0.429306 0.341776 0.491141 0.540636 1.01106 0.380556 0.469632 0.501859 0.527529 0.467479 0.874689 0.496674 0.529998 0.535525 0.650752 0.37347 0.338213
Testing:
Lab Growth Rates:
0.4 0.4 0.4
Dot Production Prediction of Lab Growth Rates:
0.377164 0.374541 0.371769
Best performance so far: 
Obj: 4.66627e-310Rho: 2.26291e-314Diff: 4.66627e-310
Anneal again with the best G and E so far as input
Cycle 2Round 1
Iter 500000 pBad 0.853902 T 0.00187454 Obj 1.07239 Rho 0 GRdif 40.9566 success 113469 failure 8610 obj_new 1.07239 SA_pAcc 1 Delta 0.0713974 SA_r 0.852878 freedomratio 0.269797
Iter 1000000 pBad 0.781173 T 0.000449777 Obj 1.03856 Rho 0 GRdif 22.171 success 223900 failure 24114 obj_new 1.03856 SA_pAcc 0.800545 Delta -0.0629358 SA_r 0.0917948 freedomratio 0.266001
Iter 1500000 pBad 0.677246 T 0.00010792 Obj 1.03014 Rho 0 GRdif 17.4005 success 332029 failure 45263 obj_new 1.03014 SA_pAcc 1 Delta -0.0569504 SA_r 0.522555 freedomratio 0.271926
Iter 2000000 pBad 0.612392 T 2.58942e-05 Obj 1.02124 Rho 0 GRdif 12.3149 success 436735 failure 75923 obj_new 1.02124 SA_pAcc 0.963267 Delta 0.00712689 SA_r 0.497816 freedomratio 0.266243
Iter 2500000 pBad 0.461979 T 6.21307e-06 Obj 1.01742 Rho 0 GRdif 10.1197 success 537162 failure 115767 obj_new 1.01742 SA_pAcc 1 Delta 0.0292918 SA_r 0.529693 freedomratio 0.267092
Iter 3000000 pBad 0.280629 T 1.49077e-06 Obj 1.01247 Rho 0 GRdif 7.26345 success 629980 failure 173670 obj_new 1.01247 SA_pAcc 1 Delta 0.0123491 SA_r 0.945964 freedomratio 0.246945
Iter 3500000 pBad 0.206954 T 3.57695e-07 Obj 1.01022 Rho 0 GRdif 5.96038 success 707790 failure 265698 obj_new 1.01022 SA_pAcc 0.179673 Delta 0.0105194 SA_r 0.776263 freedomratio 0.241649
Iter 4000000 pBad 0.0801165 T 8.58253e-08 Obj 1.00887 Rho 0 GRdif 5.17608 success 772319 failure 398149 obj_new 1.00887 SA_pAcc 1 Delta 0.00773931 SA_r 0.0997973 freedomratio 0.208987
Iter 4500000 pBad 0.0363466 T 2.05929e-08 Obj 1.0085 Rho 0 GRdif 4.95944 success 805755 failure 618681 obj_new 1.0085 SA_pAcc 0.0658254 Delta -0.000892605 SA_r 0.415824 freedomratio 0.186803
Iter 5000000 pBad 0.0125045 T 4.94107e-09 Obj 1.00837 Rho 0 GRdif 4.88661 success 828836 failure 892119 obj_new 1.00837 SA_pAcc 1 Delta -0.000934703 SA_r 0.547539 freedomratio 0.165024
Iter 5500000 pBad 0.00799872 T 1.18556e-09 Obj 1.00834 Rho 0 GRdif 4.86487 success 838265 failure 1214796 obj_new 1.00834 SA_pAcc 1 Delta -0.000356614 SA_r 0.228044 freedomratio 0.158507
Iter 6000000 pBad 0.00283018 T 2.84464e-10 Obj 1.00832 Rho 0 GRdif 4.86982 success 843917 failure 1553357 obj_new 1.00834 SA_pAcc 0 Delta 5.48695e-05 SA_r 0.227232 freedomratio 0.155232
Iter 6500000 pBad 0.00200602 T 6.82543e-11 Obj 1.00832 Rho 0 GRdif 4.85504 success 847919 failure 1903924 obj_new 1.00832 SA_pAcc 0 Delta 0.000155993 SA_r 0.407713 freedomratio 0.152525
Iter 7000000 pBad 0.00051853 T 1.6377e-11 Obj 1.00831 Rho 0 GRdif 4.85042 success 852226 failure 2268186 obj_new 1.00831 SA_pAcc 0 Delta 4.65482e-05 SA_r 0.47436 freedomratio 0.146025
Iter 7500000 pBad 0.000639702 T 3.92949e-12 Obj 1.00831 Rho 0 GRdif 4.85649 success 855060 failure 2642594 obj_new 1.00832 SA_pAcc 0 Delta 6.6724e-05 SA_r 0.400335 freedomratio 0.142822
Iter 8000000 pBad 0.000634601 T 9.42843e-13 Obj 1.00831 Rho 0 GRdif 4.84878 success 858688 failure 3027269 obj_new 1.00831 SA_pAcc 0 Delta 2.02421e-05 SA_r 0.501744 freedomratio 0.139624
Iter 8500000 pBad 0.000493059 T 2.26226e-13 Obj 1.00831 Rho 0 GRdif 4.84837 success 863613 failure 3413656 obj_new 1.00831 SA_pAcc 0 Delta -3.07468e-06 SA_r 0.307386 freedomratio 0.136089
Iter 9000000 pBad 6.73553e-53 T 5.42807e-14 Obj 1.00831 Rho 0 GRdif 4.84846 success 865005 failure 3753106 obj_new 1.00831 SA_pAcc 0 Delta -1.63955e-54 SA_r 0.989382 freedomratio 0.133273
Iter 9500000 pBad 7.33752e-118 T 1.30241e-14 Obj 1.00831 Rho 0 GRdif 4.84984 success 865005 failure 4086957 obj_new 1.00831 SA_pAcc 0 Delta -3.85339e-119 SA_r 0.655319 freedomratio 0.119081
Good enough
iter 8.6729e+06 obj1.00831 rho 0 GRdif 4.84831
Training:
Lab Growth Rates:
0.43 0.34 0.19 0.377 0.45 0.6 0.45 0.56 0.23 0.55 0.43 0.6 0.41 0.42 0.1 0.54 0.43 0.11 0.465 0.54 0.41 0.5 0.22 0.42 0.53 0.5 0.4 0.68 0.4 0.37 0.41 0.58 0.637 0.65 0.59 0.65 1.483 0.42 0.47 1.67 0.46 0.42 1.46 0.481 0.41 0.4 1.483 1.483 0.46 0.52 1.46 0.56 0.36 0.636 0.54 0.27 0.46 0.6 0.23 0.42 0.46 0.42 1.345 0.56 0.45 0.52 0.54 0.4 0.33 0.377 0.55 0.32 0.55 0.58 0.37 0.58 0.4 0.41 0.54 0.1 0.43 0.58 0.5 1.483 0.4 0.68 0.48 0.59 0.25 0.56 0.36 0.41 0.3 0.45 0.5 1.248 1.43 0.31 0.43 0.38 0.5 0.1 1.05 0.42 0.37 0.36 0.59 0.4 0.65 0.46 0.46 0.45 0.36 1.43 0.36 0.5 0.4 0.53 0.6 0.686 0.53 0.42 0.56 0.39 0.4 0.3 0.4 0.55 0.54 0.3 0.42 0.54 0.36 0.37 0.58 0.1 0.46 0.09 0.65 0.23 0.33 0.43 0.301 0.5 1.345 1.483 0.54 0.36 0.52 0.19 0.4 0.47 0.46 0.34 0.65 0.27 0.54 1.483 0.39 0.59 0.54 0.39 0.54 0.17 0.23 0.45 0.4 1.248 0.54 0.53 1.05 0.377 1.483 1.05 1.483 0.4 0.25 0.41 0.5 1.38 1.248 0.37 0.58 0.43 0.47 0.46 0.45 0.648 0.25 0.58 0.58 0.25 0.17 0.51 0.901 0.43 0.4 0.1 0.45 0.54 0.54 0.36 0.42 0.27 0.5 0.3 1.05 0.762 0.4 0.637 0.19 0.46 0.46 0.33 0.47 0.485 0.52 0.54 0.46 0.37 0.1 0.51 0.4 0.5 0.42 0.33 0.59 0.33 0.59 0.47 0.485 0.09 0.58 0.301 0.47 1.345 0.45 0.45 0.53 1.46 0.48 0.4 0.65 0.39 0.54 0.3 0.3 0.47 0.25 0.47 0.762 0.4 0.4 0.4 0.33 1.05 0.59 0.48 0.56 0.4 0.635 1.4 0.43 0.47 0.36 0.55 0.4 0.47 0.27 0.4 0.648 0.3 0.4 0.53 0.476 0.47 0.4 0.52 0.4 0.5 0.476 0.42 0.5 1.44 0.7 0.27 0.5 0.5 1.483 0.47 0.5 0.37 0.31 0.54 0.42 0.2 0.23 0.45 0.53 0.58 0.48 0.14 0.58 0.7 0.46 0.22 0.4 0.41 0.52 0.3 0.25 0.686 1.345 0.47 1.248 0.46 0.5 0.47 0.636 0.5 0.724 0.59 0.53 0.47 0.42 0.901 0.38 0.4 0.37 0.46 0.47 0.37 0.65 0.59 0.68 0.25 0.58 0.37 0.43 0.5 1.345 0.23 0.45 0.53 0.59 0.39 0.45 0.46 0.4 0.4 0.58 0.38 1.483 0.4 0.4 1.345 0.1 0.47 0.23 0.65 0.46 0.4 0.4 0.2 0.3 0.54 0.7 0.56 1.345 0.47 0.26 0.59 0.53 0.59 0.45 1.345 0.635 1.483 0.48 0.58 0.47 0.4 0.58 0.42 0.4 0.901 0.68 0.5 0.43 0.1 1.345 0.648 0.55 0.11 0.33 0.59 0.22 0.5 0.55 0.55 0.27 0.58 0.636 0.4 0.26 0.52 0.56 0.58 0.59 0.4 0.41 1.67 0.5 0.3 0.52 0.56 0.465 0.4 0.5 1.66 0.48 0.4 0.58 0.56 0.38 0.5 0.4 0.55 0.22 0.4 0.47 0.4 0.481 0.4 0.5 0.37 0.4 0.3 0.5 0.762 0.481 0.4 0.31 0.53 0.47 0.4 0.45 0.37 0.52 0.52 0.47 1.345 0.56 0.3 0.71 0.724 0.1 0.56 0.54 1.03 0.49 0.5 0.54 0.25 0.55 0.48 0.476 0.54 0.4 0.47 0.37 0.49 0.7 0.47 0.485 0.465 1.49 0.5 0.54 0.71 0.37 0.48 0.56 0.3 1.66 0.637 0.32 0.38 0.635 0.43 0.52 0.54 0.58 0.901 0.4 0.58 0.901 0.37 0.45 0.33 0.42 0.4 0.2 0.59 0.22 0.4 0.23 0.45 0.55 0.42 0.45 0.5 0.53 0.4 0.56 0.48 0.23 1.35 0.54 0.22 0.09 0.724 0.58 0.4 1.345 0.37 0.4 0.4 0.5 0.5 1.42 0.4 1.248 0.17 0.45 0.54 0.46 0.54 0.39 0.68 0.55 0.5 0.56 0.901 0.34 0.46 1.345 0.617 0.53 0.14 0.46 0.22 0.65 0.26 0.4 0.5 0.49 0.71 0.42 0.4 0.51 0.32 0.4 0.3 1.483 0.53 0.686 0.11 0.59 0.46 0.5 0.301 0.56 1.46 0.52 0.22 0.33 0.56 0.54 0.762 0.485 0.53 0.56 0.5 0.4 0.54
Dot Production Prediction of Lab Growth Rates:
0.351009 0.32051 0.289253 0.582151 1.45329 0.559004 0.309312 0.545596 0.438457 0.556071 0.351144 0.599472 0.368005 0.611705 1.56925 0.376126 0.370774 0.331938 0.581441 0.530716 0.574766 0.555989 0.475522 0.323852 0.313726 0.653842 0.378014 0.350227 0.376792 0.414613 0.402502 0.475642 0.666099 0.649579 0.557601 0.650366 1.29847 0.355498 0.392533 1.39144 0.553225 0.28084 1.49188 0.569536 0.573348 0.377604 1.27944 1.32634 0.335859 0.346591 1.03577 0.531033 0.347843 0.674591 0.297113 0.625971 0.354979 0.565827 0.543743 0.396721 0.400841 0.34414 1.37025 0.469453 0.384018 0.373524 0.454485 0.406188 0.486626 0.578358 0.552205 0.313074 0.552755 0.484989 0.431499 0.479326 0.398746 0.372454 0.542167 1.35264 0.419972 0.466348 0.37643 1.34128 0.377496 0.346101 0.317042 0.352294 0.545193 0.471938 0.321945 0.340755 0.252234 0.317669 0.443416 0.84091 1.29548 0.563519 0.348494 0.361456 0.757166 0.455693 1.05087 0.296446 0.276641 0.349084 0.556705 0.350545 0.643504 0.437728 0.457167 1.42808 0.359311 1.2887 0.418647 0.32243 0.379415 0.277706 0.582234 0.692867 0.42062 0.308268 0.54634 0.348203 0.362972 0.304878 0.291715 0.449801 0.393677 0.534779 0.354394 0.468795 0.4179 0.430158 0.475462 1.6428 0.380642 0.358558 0.649463 0.550734 0.445535 0.428743 0.578523 0.473627 1.31561 1.24893 0.380125 0.380314 0.349474 0.29644 0.369845 0.465508 0.445931 0.34237 0.661038 0.326745 0.339674 1.27082 0.303709 0.343264 0.372563 0.311566 0.539725 0.407453 0.543472 0.399179 0.352759 0.837008 0.369537 0.538335 1.45689 0.574553 1.29056 1.04937 1.28326 0.407186 1.45243 0.389631 0.330589 1.29207 0.848625 0.393974 0.338954 0.388006 0.355226 0.467778 1.417 0.67726 0.347111 0.357341 0.471245 0.307911 0.309642 0.398378 0.89623 0.434906 0.367209 1.36306 0.3634 0.474717 0.467463 0.359365 0.336665 0.276798 0.315226 0.544403 1.04937 0.761555 0.384754 0.667357 0.309491 0.341977 0.434679 0.356465 0.360332 0.561197 0.374162 0.361213 0.463263 0.416132 0.963715 0.414936 0.378523 0.469215 0.589134 0.322478 0.345657 0.319912 0.543587 0.339845 0.580422 0.448952 0.396211 0.574178 0.302861 1.34055 0.344347 0.409494 0.329121 1.0297 0.292531 0.366017 0.658437 0.34046 0.355591 0.586291 0.543174 0.397593 0.974211 0.343168 0.766689 0.375788 0.401098 0.375224 0.317483 1.04893 0.334894 0.347612 0.554019 0.390843 0.676294 1.39908 0.359415 0.346427 0.329361 0.548293 0.375879 0.345929 0.365842 0.40138 0.670483 0.595404 0.368608 0.531171 0.586021 0.340455 0.291474 0.381078 0.353678 0.656637 0.585862 0.342982 0.483589 1.48238 0.767121 0.35396 0.366354 0.546291 1.32498 0.397775 0.479079 0.428966 0.579376 0.377756 0.335445 0.343869 0.538163 1.49903 0.467709 0.475157 0.272005 0.33255 0.446338 0.763329 0.57118 0.468845 0.37477 0.345046 0.347048 0.385887 0.497395 0.687645 1.36529 0.399971 0.840003 0.530588 0.749253 0.437847 0.685838 0.368592 0.687178 0.339116 0.393595 0.378623 0.336386 0.900456 0.28645 0.355793 0.440396 0.459732 0.357413 0.566219 0.614561 0.32931 0.353795 0.348086 0.474531 0.43139 0.404762 0.780148 1.35041 0.438836 1.45756 0.522228 0.544843 0.320637 0.286738 0.293599 0.38751 0.373261 0.278332 0.364604 1.32639 0.380962 0.376014 1.31606 1.3092 0.358194 0.439425 0.641668 0.465 0.374682 0.375542 0.371177 0.249789 0.315526 0.761073 0.545087 1.27799 0.383666 0.470088 0.298112 0.545331 0.551534 1.50369 1.32921 0.677377 1.29681 0.306964 0.471408 0.461478 0.376657 0.365676 0.339529 0.37512 0.773843 0.349977 0.688518 0.353236 0.448738 1.29034 0.680369 0.469322 0.359134 0.319369 0.554721 0.479384 0.334485 0.555122 0.548836 0.36882 0.468867 0.692277 0.364756 0.583173 0.398939 0.544626 0.388337 0.542581 0.377962 0.566687 1.46823 0.487451 0.530753 0.350913 0.4755 0.578246 0.392301 0.33678 1.57948 0.270773 0.378607 0.320807 0.465816 0.282298 0.551853 0.375578 0.467169 0.357675 0.351944 0.429478 0.374578 0.574944 0.355608 0.761919 0.412183 0.378093 0.257696 0.406555 0.772534 0.570906 0.35382 0.567575 0.543015 0.343328 0.369255 0.34875 0.430967 0.378914 0.356007 0.457339 1.27619 0.468895 0.443078 0.688326 0.692245 0.300775 0.550337 0.471207 1.28396 0.39491 0.523156 0.390476 0.348664 0.475614 0.354324 0.586762 0.552848 0.368463 0.401131 0.419737 0.39092 0.758993 0.33 0.564181 0.582379 1.49903 0.328603 0.381977 0.685914 0.41575 0.33993 0.552667 0.619321 1.59994 0.667358 0.319741 0.301929 0.679286 0.403231 0.375525 0.366991 0.360285 0.903838 0.399051 0.389235 0.902782 0.425006 0.34838 0.349457 0.347688 0.371432 0.368922 0.307744 0.383948 0.375134 0.541205 0.420507 0.464835 0.298148 0.354471 0.713035 0.423579 0.401524 0.550626 0.369291 0.538758 1.17061 0.539176 0.439125 0.388146 0.691365 0.479833 0.404488 1.38454 0.409409 0.352544 0.376333 0.76435 0.526183 1.46497 0.397144 0.837735 0.29538 1.42888 0.554581 0.310979 0.532168 0.307473 0.349807 0.467694 0.805468 0.467691 0.957208 0.335952 0.383403 1.31807 0.616496 0.374871 0.334804 0.33495 0.477991 0.625861 0.399287 0.402098 0.471945 0.391279 0.684071 0.609599 0.40182 0.382666 0.350899 0.374656 0.347668 1.30616 0.518803 0.692427 0.379871 0.359308 0.42264 0.366752 0.574286 0.554406 1.02531 0.38234 0.476331 0.515406 0.536665 0.455444 0.773558 0.5815 0.523639 0.548138 0.703964 0.373142 0.323427
Testing:
Lab Growth Rates:
0.4 0.4 0.4
Dot Production Prediction of Lab Growth Rates:
0.382989 0.375398 0.373921
Best performance so far: 
Obj: 4.66627e-310Rho: 6.5069e-314Diff: 4.66627e-310
Test:
 Lab Growth Rates:
0.4 0.4 0.4Dot Product Prediction of Growth Rate:
0.3829895 0.3753979 0.3739207