seed =  5 traits =  1 
Training: part  187 
Training: part  187 
Round  1 
 Goal of obj  0.99 
Temperature range:  0.015625 3.125e-14 
Cycle 1Round 1
Iter 500000 pBad 0.938471 T 0.00406324 Obj 1.16754 Rho 0 GRdif 90.7713 success 101323 failure 990 obj_new 1.16754 SA_pAcc 0.944619 Delta 0.0579547 SA_r 0.350486 freedomratio 0.376123
Iter 1000000 pBad 0.810506 T 0.00105663 Obj 1.07153 Rho 0 GRdif 40.4861 success 246821 failure 13464 obj_new 1.07153 SA_pAcc 1.10904 Delta -0.0361226 SA_r 0.594521 freedomratio 0.36925
Iter 1500000 pBad 0.777433 T 0.000274774 Obj 1.03752 Rho 0 GRdif 21.5849 success 388579 failure 34006 obj_new 1.03752 SA_pAcc 1 Delta 0.038829 SA_r 0.038891 freedomratio 0.369018
Iter 2000000 pBad 0.692281 T 7.14541e-05 Obj 1.02435 Rho 0 GRdif 14.1007 success 528462 failure 59852 obj_new 1.02435 SA_pAcc 0.7101 Delta -0.00431044 SA_r 0.049288 freedomratio 0.364882
Iter 2500000 pBad 0.576852 T 1.85814e-05 Obj 1.01859 Rho 0 GRdif 10.7951 success 664722 failure 93760 obj_new 1.01859 SA_pAcc 1 Delta -0.0134463 SA_r 0.171542 freedomratio 0.361728
Iter 3000000 pBad 0.425823 T 4.83204e-06 Obj 1.01431 Rho 0 GRdif 8.32936 success 793321 failure 141534 obj_new 1.01432 SA_pAcc 0.170037 Delta 0.0289907 SA_r 0.505775 freedomratio 0.35153
Iter 3500000 pBad 0.274395 T 1.25656e-06 Obj 1.00985 Rho 0 GRdif 5.74237 success 901259 failure 229571 obj_new 1.00985 SA_pAcc 1 Delta -0.0221616 SA_r 0.622151 freedomratio 0.330887
Iter 4000000 pBad 0.122285 T 3.26763e-07 Obj 1.00862 Rho 0 GRdif 5.02706 success 985834 failure 365916 obj_new 1.00862 SA_pAcc 0.449709 Delta 0.0046737 SA_r 0.101815 freedomratio 0.30253
Iter 4500000 pBad 0.0587819 T 8.49737e-08 Obj 1.00826 Rho 0 GRdif 4.81892 success 1041573 failure 569089 obj_new 1.00826 SA_pAcc 1 Delta -0.00573506 SA_r 0.620999 freedomratio 0.262545
Iter 5000000 pBad 0.0238349 T 2.20971e-08 Obj 1.00814 Rho 0 GRdif 4.75292 success 1072742 failure 839726 obj_new 1.00814 SA_pAcc 1 Delta 0.00205366 SA_r 0.0216739 freedomratio 0.237151
Iter 5500000 pBad 0.0125679 T 5.74629e-09 Obj 1.0081 Rho 0 GRdif 4.72905 success 1089507 failure 1157879 obj_new 1.0081 SA_pAcc 1 Delta 0.000903326 SA_r 0.601277 freedomratio 0.214025
Iter 6000000 pBad 0.00601888 T 1.4943e-09 Obj 1.00808 Rho 0 GRdif 4.7184 success 1099025 failure 1505204 obj_new 1.00808 SA_pAcc 4.59717e-07 Delta -0.000358739 SA_r 0.853325 freedomratio 0.207067
Iter 6500000 pBad 0.00524536 T 3.88589e-10 Obj 1.00808 Rho 0 GRdif 4.71365 success 1104593 failure 1868791 obj_new 1.00808 SA_pAcc 1 Delta 0.000328937 SA_r 0.120153 freedomratio 0.198442
Iter 7000000 pBad 0.00273204 T 1.01051e-10 Obj 1.00807 Rho 0 GRdif 4.71241 success 1107876 failure 2243074 obj_new 1.00807 SA_pAcc 0 Delta -0.000253975 SA_r 0.129977 freedomratio 0.19462
Iter 7500000 pBad 0.000343928 T 2.62781e-11 Obj 1.00807 Rho 0 GRdif 4.71081 success 1110058 failure 2624628 obj_new 1.00807 SA_pAcc 9.49774e-35 Delta -2.62935e-05 SA_r 0.448253 freedomratio 0.189828
Iter 8000000 pBad 0.000528071 T 6.83353e-12 Obj 1.00807 Rho 0 GRdif 4.71496 success 1111606 failure 3011932 obj_new 1.00808 SA_pAcc 0 Delta 1.3714e-05 SA_r 0.877576 freedomratio 0.186209
Iter 8500000 pBad 0.000804728 T 1.77704e-12 Obj 1.00807 Rho 0 GRdif 4.71022 success 1113768 failure 3405938 obj_new 1.00807 SA_pAcc 0 Delta 7.04579e-05 SA_r 0.562005 freedomratio 0.181931
Iter 9000000 pBad 1.22772e-05 T 4.62113e-13 Obj 1.00807 Rho 0 GRdif 4.70971 success 1116992 failure 3801214 obj_new 1.00807 SA_pAcc 1 Delta 7.91688e-07 SA_r 0.961967 freedomratio 0.176932
Iter 9500000 pBad 2.10087e-05 T 1.20171e-13 Obj 1.00807 Rho 0 GRdif 4.70996 success 1120421 failure 4202217 obj_new 1.00807 SA_pAcc 0 Delta 1.27686e-06 SA_r 0.395106 freedomratio 0.170845
Iter 10000000 pBad 1.39182e-19 T 3.12501e-14 Obj 1.00807 Rho 0 GRdif 4.7095 success 1122865 failure 4569357 obj_new 1.00807 SA_pAcc 1 Delta -2.75272e-21 SA_r 0.963039 freedomratio 0.165912
Cannot move further
iter 9.8023e+06 obj1.00807 rho 0 GRdif 4.7095
Training:
Lab Growth Rates:
0.55 0.25 0.38 0.47 0.56 0.59 0.4 0.59 0.45 0.47 0.51 0.52 0.54 1.345 0.377 0.71 0.4 0.68 0.42 0.26 0.1 1.66 0.37 1.345 0.48 0.58 0.47 0.635 0.7 1.46 0.42 0.58 0.55 0.4 0.19 0.33 0.56 0.52 0.301 0.485 0.3 0.5 0.7 0.47 0.4 1.03 0.09 0.4 0.686 0.55 0.47 0.45 0.5 0.4 0.4 0.4 0.901 0.485 0.56 0.1 0.2 0.686 1.345 0.27 0.56 0.4 0.1 0.65 0.47 0.4 0.71 0.11 0.23 0.4 0.58 1.4 0.22 0.54 0.33 0.27 0.37 0.56 1.67 0.59 0.54 0.46 0.901 0.14 0.724 0.52 0.34 0.56 0.41 0.56 0.54 0.32 0.4 0.43 0.5 0.46 0.58 0.5 0.17 0.58 0.901 0.4 0.36 0.48 0.54 0.56 0.5 0.46 0.4 1.483 0.58 0.26 1.38 0.4 0.46 1.483 0.58 0.45 1.483 0.45 0.23 0.37 0.45 0.58 0.4 0.5 0.55 0.3 1.05 0.54 0.47 0.5 0.476 0.55 0.6 1.49 0.4 0.5 0.47 0.53 0.45 0.4 0.5 0.49 0.481 0.58 1.46 0.47 0.46 0.48 0.46 0.52 0.36 0.36 0.4 0.68 0.1 0.42 0.37 0.54 0.1 0.648 0.49 0.59 0.42 0.23 0.4 1.345 0.54 0.4 0.4 0.4 0.47 0.45 0.54 0.45 0.25 0.65 0.53 0.56 0.4 0.65 0.46 1.345 0.4 0.5 0.4 1.44 0.45 0.37 1.483 0.5 0.377 0.4 0.43 0.4 0.17 0.762 0.39 0.19 0.42 0.54 0.5 0.5 1.46 0.43 0.47 0.53 0.4 0.45 0.42 0.485 0.4 1.345 1.483 0.58 0.59 0.54 0.33 0.3 0.45 0.41 0.37 0.31 0.23 0.4 0.636 1.483 0.39 0.65 0.4 0.5 1.345 0.23 0.59 0.46 0.37 0.54 0.4 0.1 0.686 0.53 0.55 0.42 0.43 0.53 1.345 0.49 0.42 0.38 0.32 0.1 0.38 0.36 0.4 0.3 0.45 0.5 0.47 0.724 0.4 0.59 0.4 0.43 0.56 0.32 0.47 0.22 0.43 0.52 0.46 0.33 1.483 0.41 0.4 0.3 0.42 0.46 0.68 0.37 0.22 0.4 0.3 0.4 0.45 1.248 0.51 0.53 0.762 0.33 1.05 0.53 0.5 0.37 0.31 0.23 0.41 0.27 0.52 0.48 0.58 0.54 1.345 0.39 0.53 0.4 1.483 1.248 0.41 0.481 0.47 0.53 0.37 0.11 0.54 0.54 0.37 0.5 0.635 0.48 0.41 0.3 0.47 0.648 1.67 0.5 0.54 0.54 0.476 0.55 0.5 1.248 0.22 0.4 0.5 0.58 1.05 0.36 0.53 0.481 0.54 0.33 0.26 0.45 0.59 0.38 0.47 1.483 0.25 0.36 0.5 0.56 0.17 0.5 0.51 0.41 0.47 0.34 0.901 0.901 1.483 0.25 0.46 0.54 0.25 0.4 0.4 0.42 1.43 0.11 0.59 0.901 0.56 0.56 0.45 0.14 0.65 0.4 0.09 0.59 0.42 0.47 0.46 0.54 0.5 1.345 1.46 0.4 0.4 0.33 0.56 0.52 1.345 0.3 0.25 1.66 0.4 0.301 0.617 1.05 0.4 0.42 1.483 0.58 0.5 0.27 0.4 0.53 0.36 0.5 0.53 0.5 0.724 0.54 0.37 0.6 0.34 0.46 0.4 0.68 0.71 0.36 0.55 0.55 0.53 1.483 0.54 0.53 0.68 0.23 0.22 0.47 0.41 0.65 0.41 0.5 0.1 0.45 0.46 0.19 0.59 0.58 0.46 0.54 0.37 0.37 0.37 0.648 0.762 0.59 0.54 0.52 0.53 0.48 0.56 1.345 0.09 0.52 0.58 0.25 0.5 0.47 0.42 0.46 0.43 0.47 0.38 0.52 0.465 0.476 0.47 0.4 1.248 0.637 1.35 0.4 0.43 0.39 0.33 0.59 0.1 0.47 0.43 0.5 0.4 0.3 0.59 1.42 0.27 0.45 0.58 0.4 0.3 0.59 0.3 0.55 0.4 0.22 0.37 0.54 1.43 0.39 0.42 0.58 0.4 0.762 0.637 0.635 0.301 0.31 0.4 0.56 0.52 0.7 0.25 0.6 1.05 0.5 0.2 0.48 0.52 0.43 0.2 0.636 0.465 0.23 0.5 0.58 0.636 0.58 0.3 0.5 0.55 0.45 0.42 1.248 0.377 0.65 0.48 0.65 0.5 0.39 0.23 0.46 0.58 0.4 0.55 0.5 0.33 0.4 0.4 0.3 0.465 0.4 0.56 0.42 0.46 0.47 0.54 0.22 0.7 0.54 0.58 0.45 0.43 0.637 0.4 0.56 0.65 0.42 0.42 0.22 0.59 0.43 0.36 0.54 0.27 0.485 0.3 0.4 0.6 0.48
Dot Production Prediction of Lab Growth Rates:
0.552841 0.305217 0.325809 0.366096 0.541265 0.339755 0.399383 0.537022 0.409697 0.432859 0.402684 0.386835 0.427941 1.09265 0.475587 0.716866 0.391886 0.476837 0.352797 0.492965 0.389795 1.66 0.414439 1.12604 0.319303 0.467367 0.489081 0.707955 0.702014 1.02966 0.326046 0.382606 0.546973 0.401938 0.323781 0.329346 0.535324 0.401786 0.472107 0.473003 0.490848 0.544085 0.698587 0.426771 0.400926 1.3023 0.470462 0.398302 0.722962 0.547129 0.361538 0.3574 0.566397 0.396044 0.403341 0.40276 0.902115 0.475804 0.541749 1.40347 0.376488 0.721222 1.11965 0.348046 0.469329 0.397839 0.480159 0.653716 0.50958 0.39733 0.72355 0.338353 0.417421 0.332864 0.350413 1.40578 0.466218 0.542839 0.446236 0.410666 0.411468 0.550959 1.45885 0.340995 0.306261 0.459999 0.903037 0.140032 0.723193 0.39744 0.328333 0.465406 0.385975 0.5382 0.408969 0.323898 0.399353 0.458329 0.473247 0.568714 0.478323 0.472382 0.33313 0.370107 0.90917 0.402707 0.350513 0.335093 0.396013 0.533999 0.343721 0.469861 0.405296 1.09122 0.478362 0.580349 1.28446 0.401491 0.446764 1.07892 0.470818 0.346411 1.09342 1.50383 0.532026 0.408397 1.50434 0.395549 0.399749 0.654334 0.553705 0.372673 1.05338 0.534095 0.512208 0.368261 0.477748 0.430334 0.465027 1.50383 0.399949 0.330504 0.400393 0.536679 0.412841 0.400196 0.318703 0.397262 0.47262 0.467384 1.04417 0.397078 0.459811 0.338122 0.402728 0.381004 0.332211 0.347886 0.393785 0.47413 0.747504 0.313138 0.401939 0.410763 1.03315 0.704397 0.379895 0.379116 0.356332 0.418317 0.403798 1.07583 0.539993 0.400406 0.400889 0.400159 0.407712 1.4066 0.449437 1.4608 0.547291 0.653904 0.341484 0.545821 0.392407 0.621137 0.539748 1.15422 0.395766 0.479667 0.400835 1.51056 1.44565 0.316751 1.06585 0.423306 0.476642 0.402537 0.429778 0.400901 0.345265 0.771809 0.333814 0.333694 0.6054 0.433245 0.341696 0.377991 1.64213 0.376554 0.358541 0.530569 0.4018 1.41899 0.30998 0.472337 0.398248 1.12003 1.10885 0.4784 0.310481 0.386279 0.324861 0.307948 0.374031 0.35009 0.471045 0.591096 0.528017 0.401289 0.725333 1.07586 0.326223 0.642903 0.40315 0.379371 1.12141 0.417521 0.3243 0.29727 0.402758 0.367372 0.40188 0.469484 0.723079 0.547919 0.4415 0.355549 0.366085 0.291443 1.13795 0.371282 0.333879 0.375527 0.313572 1.26722 0.334057 0.360208 0.396655 0.30161 1.44138 0.32154 0.435407 0.720993 0.405242 0.545691 0.400805 0.459584 0.482344 0.353508 0.405943 0.462022 0.382581 0.353698 0.434095 0.487349 1.06488 0.473957 0.397872 0.454534 0.354906 0.555268 0.475813 0.400468 0.459834 0.399546 0.461719 0.393515 0.387335 0.838286 0.436666 0.43973 0.764536 0.374625 1.04997 0.53029 0.538207 0.439531 0.590256 0.539418 0.463027 0.367807 0.403421 0.305913 0.453783 0.415186 1.05574 0.306988 0.505444 0.399334 1.05305 0.837528 0.395832 0.473847 0.335812 0.569414 0.395148 0.39627 0.325051 0.376082 0.405144 0.386233 0.704896 0.303753 0.325618 0.490116 0.445378 0.707956 1.37336 0.636921 0.341054 0.539166 0.480245 0.434766 0.524959 0.845124 0.369195 0.403202 0.570316 0.340107 1.05025 0.37696 0.528912 0.474085 0.34724 0.315294 0.359454 0.344148 0.548373 0.377681 0.391689 1.08292 0.728289 0.36153 0.478178 0.533193 0.439851 0.47925 0.422061 0.396593 0.402017 0.31146 0.899973 0.803797 1.10129 0.377645 0.301297 0.366689 1.46598 0.403015 0.399469 0.353627 1.30724 0.382834 0.54629 0.901 0.548895 0.529348 0.35867 0.139185 0.620379 0.404068 0.391426 0.543701 0.400388 0.37704 0.470146 0.453029 0.538597 1.14365 1.02536 0.400842 0.395398 0.536363 0.477215 0.360398 1.04445 0.346867 0.570476 1.63286 0.412302 0.472129 0.616656 1.02551 0.398058 0.62151 1.11118 0.370999 0.316982 0.628736 0.402418 0.401345 0.334657 0.337289 0.337427 0.569689 0.719194 0.39888 0.406318 0.473567 0.302616 0.456358 0.390162 0.477145 0.720966 0.423507 0.54728 0.436795 0.364239 1.11928 0.394188 0.533656 0.472571 0.542065 0.405792 0.352917 0.36359 0.658772 0.47278 0.586811 1.02626 0.342458 0.469511 0.331042 0.321716 0.473474 0.42293 0.548573 0.583082 0.411516 0.402258 0.709913 0.77325 0.397444 0.440079 0.391401 0.415978 0.303823 0.469998 1.1008 0.348149 0.38901 0.465672 0.377459 0.628231 0.361357 0.331641 0.350222 0.37138 0.364236 0.31831 0.380494 0.477348 0.482664 0.367319 0.405014 0.83984 0.710489 1.21498 0.40142 0.396256 0.317979 0.36983 0.340775 1.13241 0.362611 0.436061 0.704245 0.401725 0.426588 0.539353 1.50386 0.392784 0.432152 0.473151 0.399338 0.45228 0.31521 0.298778 0.444594 0.404305 0.469435 0.413366 0.535178 1.29412 0.319308 0.373912 0.325507 0.402074 0.777613 0.707283 0.71021 0.47278 0.583267 0.401544 0.476243 0.357303 0.70016 0.365534 0.472628 1.66244 0.663686 0.415729 0.360313 0.380827 0.425352 0.426156 0.708837 0.478598 0.532143 0.652286 0.474745 0.719994 0.477909 0.392867 0.47426 0.419289 0.33173 0.356026 0.843142 0.472176 0.649981 0.338578 0.647766 0.538663 0.350638 0.539021 0.338711 0.360496 0.403386 0.556907 0.527223 0.371607 0.392038 0.401424 0.44389 0.473376 0.405098 0.544073 0.605519 0.446696 0.40766 0.530674 0.470842 0.700582 0.426515 0.302954 0.379222 0.354268 0.703672 0.39992 0.539499 0.654445 0.401039 0.351943 0.469102 0.549668 0.424289 0.431499 0.383045 0.291373 0.47732 0.412135 0.344242 0.492419 0.310143
Testing:
Lab Growth Rates:
0.46 0.46 0.46
Dot Production Prediction of Lab Growth Rates:
0.475276 0.376069 0.361508
Best performance so far: 
Obj: 4.67747e-310Rho: 2.26291e-314Diff: 4.67747e-310
Anneal again with the best G and E so far as input
Cycle 2Round 1
Iter 500000 pBad 0.881199 T 0.00406324 Obj 1.11423 Rho 0 GRdif 63.3815 success 123302 failure 5672 obj_new 1.11423 SA_pAcc 1 Delta -0.0183679 SA_r 0.128185 freedomratio 0.295065
Iter 1000000 pBad 0.813836 T 0.00105663 Obj 1.05618 Rho 0 GRdif 32.0285 success 243797 failure 17359 obj_new 1.05618 SA_pAcc 0.876917 Delta -0.0804406 SA_r 0.0690208 freedomratio 0.291833
Iter 1500000 pBad 0.749824 T 0.000274774 Obj 1.0325 Rho 0 GRdif 18.7873 success 360647 failure 37827 obj_new 1.03258 SA_pAcc 0.750352 Delta 0.0673538 SA_r 0.963271 freedomratio 0.296109
Iter 2000000 pBad 0.689424 T 7.14541e-05 Obj 1.02559 Rho 0 GRdif 14.8098 success 474504 failure 66025 obj_new 1.02559 SA_pAcc 1.37147 Delta -0.0213891 SA_r 0.179766 freedomratio 0.290963
Iter 2500000 pBad 0.477501 T 1.85814e-05 Obj 1.0201 Rho 0 GRdif 11.6645 success 586329 failure 98796 obj_new 1.0201 SA_pAcc 0.812363 Delta 0.00751554 SA_r 0.591281 freedomratio 0.286833
Iter 3000000 pBad 0.397109 T 4.83204e-06 Obj 1.0166 Rho 0 GRdif 9.64846 success 690232 failure 146264 obj_new 1.0166 SA_pAcc 1.18033 Delta -0.0243484 SA_r 0.840841 freedomratio 0.281731
Iter 3500000 pBad 0.243374 T 1.25656e-06 Obj 1.01174 Rho 0 GRdif 6.83919 success 778272 failure 229585 obj_new 1.01174 SA_pAcc 0.982631 Delta 0.0158504 SA_r 0.333692 freedomratio 0.262898
Iter 4000000 pBad 0.168183 T 3.26763e-07 Obj 1.01019 Rho 0 GRdif 5.94292 success 856476 failure 335965 obj_new 1.01019 SA_pAcc 1 Delta -0.0139926 SA_r 0.153583 freedomratio 0.257243
Iter 4500000 pBad 0.0899034 T 8.49737e-08 Obj 1.00912 Rho 0 GRdif 5.31923 success 914832 failure 494526 obj_new 1.00912 SA_pAcc 0.0235869 Delta -0.00801278 SA_r 0.309146 freedomratio 0.229354
Iter 5000000 pBad 0.0457725 T 2.20971e-08 Obj 1.00868 Rho 0 GRdif 5.06344 success 952219 failure 721189 obj_new 1.00868 SA_pAcc 2.16577 Delta -0.00235226 SA_r 0.182488 freedomratio 0.19724
Iter 5500000 pBad 0.0227296 T 5.74629e-09 Obj 1.0085 Rho 0 GRdif 4.95855 success 975021 failure 1003435 obj_new 1.0085 SA_pAcc 1.19997e-21 Delta -0.000274929 SA_r 0.22787 freedomratio 0.177683
Iter 6000000 pBad 0.0104039 T 1.4943e-09 Obj 1.00845 Rho 0 GRdif 4.93266 success 985377 failure 1332163 obj_new 1.00845 SA_pAcc 1 Delta 0.000539906 SA_r 0.677825 freedomratio 0.16956
Iter 6500000 pBad 0.00472409 T 3.88589e-10 Obj 1.00844 Rho 0 GRdif 4.9275 success 991793 failure 1678246 obj_new 1.00844 SA_pAcc 0 Delta -0.000411735 SA_r 0.18353 freedomratio 0.16535
Iter 7000000 pBad 0.00149958 T 1.01051e-10 Obj 1.00843 Rho 0 GRdif 4.91906 success 995687 failure 2036166 obj_new 1.00843 SA_pAcc 0 Delta 1.85888e-05 SA_r 0.25898 freedomratio 0.161789
Iter 7500000 pBad 0.00218714 T 2.62781e-11 Obj 1.00843 Rho 0 GRdif 4.91714 success 998941 failure 2399887 obj_new 1.00843 SA_pAcc 1 Delta -8.44562e-05 SA_r 0.979519 freedomratio 0.158421
Iter 8000000 pBad 0.00121349 T 6.83353e-12 Obj 1.00842 Rho 0 GRdif 4.91571 success 1003732 failure 2775629 obj_new 1.00842 SA_pAcc 1 Delta 2.50544e-05 SA_r 0.278146 freedomratio 0.151187
Iter 8500000 pBad 0.000640253 T 1.77704e-12 Obj 1.00842 Rho 0 GRdif 4.91882 success 1009502 failure 3169891 obj_new 1.00843 SA_pAcc 0 Delta 5.57221e-05 SA_r 0.732956 freedomratio 0.141786
Iter 9000000 pBad 2.35919e-80 T 4.62113e-13 Obj 1.00842 Rho 0 GRdif 4.91424 success 1010846 failure 3526514 obj_new 1.00842 SA_pAcc 1 Delta -1.2532e-81 SA_r 0.241188 freedomratio 0.138436
Iter 9500000 pBad 3.42862e-315 T 1.20171e-13 Obj 1.00842 Rho 0 GRdif 4.91424 success 1010846 failure 3870530 obj_new 1.00842 SA_pAcc 1 Delta -2.85954e-316 SA_r 0.551335 freedomratio 0.136565
Good enough
iter 8.70384e+06 obj1.00842 rho 0 GRdif 4.91424
Training:
Lab Growth Rates:
0.55 0.25 0.38 0.47 0.56 0.59 0.4 0.59 0.45 0.47 0.51 0.52 0.54 1.345 0.377 0.71 0.4 0.68 0.42 0.26 0.1 1.66 0.37 1.345 0.48 0.58 0.47 0.635 0.7 1.46 0.42 0.58 0.55 0.4 0.19 0.33 0.56 0.52 0.301 0.485 0.3 0.5 0.7 0.47 0.4 1.03 0.09 0.4 0.686 0.55 0.47 0.45 0.5 0.4 0.4 0.4 0.901 0.485 0.56 0.1 0.2 0.686 1.345 0.27 0.56 0.4 0.1 0.65 0.47 0.4 0.71 0.11 0.23 0.4 0.58 1.4 0.22 0.54 0.33 0.27 0.37 0.56 1.67 0.59 0.54 0.46 0.901 0.14 0.724 0.52 0.34 0.56 0.41 0.56 0.54 0.32 0.4 0.43 0.5 0.46 0.58 0.5 0.17 0.58 0.901 0.4 0.36 0.48 0.54 0.56 0.5 0.46 0.4 1.483 0.58 0.26 1.38 0.4 0.46 1.483 0.58 0.45 1.483 0.45 0.23 0.37 0.45 0.58 0.4 0.5 0.55 0.3 1.05 0.54 0.47 0.5 0.476 0.55 0.6 1.49 0.4 0.5 0.47 0.53 0.45 0.4 0.5 0.49 0.481 0.58 1.46 0.47 0.46 0.48 0.46 0.52 0.36 0.36 0.4 0.68 0.1 0.42 0.37 0.54 0.1 0.648 0.49 0.59 0.42 0.23 0.4 1.345 0.54 0.4 0.4 0.4 0.47 0.45 0.54 0.45 0.25 0.65 0.53 0.56 0.4 0.65 0.46 1.345 0.4 0.5 0.4 1.44 0.45 0.37 1.483 0.5 0.377 0.4 0.43 0.4 0.17 0.762 0.39 0.19 0.42 0.54 0.5 0.5 1.46 0.43 0.47 0.53 0.4 0.45 0.42 0.485 0.4 1.345 1.483 0.58 0.59 0.54 0.33 0.3 0.45 0.41 0.37 0.31 0.23 0.4 0.636 1.483 0.39 0.65 0.4 0.5 1.345 0.23 0.59 0.46 0.37 0.54 0.4 0.1 0.686 0.53 0.55 0.42 0.43 0.53 1.345 0.49 0.42 0.38 0.32 0.1 0.38 0.36 0.4 0.3 0.45 0.5 0.47 0.724 0.4 0.59 0.4 0.43 0.56 0.32 0.47 0.22 0.43 0.52 0.46 0.33 1.483 0.41 0.4 0.3 0.42 0.46 0.68 0.37 0.22 0.4 0.3 0.4 0.45 1.248 0.51 0.53 0.762 0.33 1.05 0.53 0.5 0.37 0.31 0.23 0.41 0.27 0.52 0.48 0.58 0.54 1.345 0.39 0.53 0.4 1.483 1.248 0.41 0.481 0.47 0.53 0.37 0.11 0.54 0.54 0.37 0.5 0.635 0.48 0.41 0.3 0.47 0.648 1.67 0.5 0.54 0.54 0.476 0.55 0.5 1.248 0.22 0.4 0.5 0.58 1.05 0.36 0.53 0.481 0.54 0.33 0.26 0.45 0.59 0.38 0.47 1.483 0.25 0.36 0.5 0.56 0.17 0.5 0.51 0.41 0.47 0.34 0.901 0.901 1.483 0.25 0.46 0.54 0.25 0.4 0.4 0.42 1.43 0.11 0.59 0.901 0.56 0.56 0.45 0.14 0.65 0.4 0.09 0.59 0.42 0.47 0.46 0.54 0.5 1.345 1.46 0.4 0.4 0.33 0.56 0.52 1.345 0.3 0.25 1.66 0.4 0.301 0.617 1.05 0.4 0.42 1.483 0.58 0.5 0.27 0.4 0.53 0.36 0.5 0.53 0.5 0.724 0.54 0.37 0.6 0.34 0.46 0.4 0.68 0.71 0.36 0.55 0.55 0.53 1.483 0.54 0.53 0.68 0.23 0.22 0.47 0.41 0.65 0.41 0.5 0.1 0.45 0.46 0.19 0.59 0.58 0.46 0.54 0.37 0.37 0.37 0.648 0.762 0.59 0.54 0.52 0.53 0.48 0.56 1.345 0.09 0.52 0.58 0.25 0.5 0.47 0.42 0.46 0.43 0.47 0.38 0.52 0.465 0.476 0.47 0.4 1.248 0.637 1.35 0.4 0.43 0.39 0.33 0.59 0.1 0.47 0.43 0.5 0.4 0.3 0.59 1.42 0.27 0.45 0.58 0.4 0.3 0.59 0.3 0.55 0.4 0.22 0.37 0.54 1.43 0.39 0.42 0.58 0.4 0.762 0.637 0.635 0.301 0.31 0.4 0.56 0.52 0.7 0.25 0.6 1.05 0.5 0.2 0.48 0.52 0.43 0.2 0.636 0.465 0.23 0.5 0.58 0.636 0.58 0.3 0.5 0.55 0.45 0.42 1.248 0.377 0.65 0.48 0.65 0.5 0.39 0.23 0.46 0.58 0.4 0.55 0.5 0.33 0.4 0.4 0.3 0.465 0.4 0.56 0.42 0.46 0.47 0.54 0.22 0.7 0.54 0.58 0.45 0.43 0.637 0.4 0.56 0.65 0.42 0.42 0.22 0.59 0.43 0.36 0.54 0.27 0.485 0.3 0.4 0.6 0.48
Dot Production Prediction of Lab Growth Rates:
0.550406 0.318912 0.305405 0.343535 0.551234 0.351156 0.357496 0.53857 0.402842 0.417247 0.389781 0.399362 0.475378 1.33734 0.559647 0.707519 0.314331 0.384556 0.286127 0.456746 0.3189 1.53869 0.420966 1.32978 0.305129 0.474679 0.457886 0.705408 0.784953 1.04311 0.278261 0.416973 0.544672 0.358189 0.309164 0.326254 0.528841 0.380549 0.566683 0.55623 0.644539 0.539864 0.784314 0.378195 0.331634 1.28733 0.452848 0.325243 0.712249 0.541634 0.34636 0.305575 0.712991 0.324764 0.335232 0.334401 0.901662 0.558897 0.551437 1.41527 0.323696 0.709647 1.38674 0.317997 0.475457 0.365425 0.440502 0.6666 0.467167 0.326943 0.716822 0.333427 0.428318 0.275353 0.344245 1.40127 0.484216 0.532741 0.448403 0.374881 0.411841 0.547126 1.53254 0.297024 0.284612 0.458077 0.902064 0.277778 0.716606 0.377951 0.342202 0.472744 0.366007 0.523623 0.371027 0.325872 0.327737 0.417324 0.474761 0.52844 0.482354 0.474019 0.302892 0.378103 0.901708 0.335151 0.355143 0.345717 0.387425 0.54719 0.316734 0.464656 0.33407 1.29088 0.470641 0.575058 1.30733 0.332095 0.398488 1.29577 0.486053 0.328489 1.32327 1.52406 0.554884 0.416494 1.54047 0.385207 0.328793 0.757249 0.557615 0.501433 1.05084 0.552577 0.451323 0.368084 0.562297 0.483437 0.597873 1.52406 0.357663 0.350677 0.341177 0.540266 0.394669 0.331973 0.335633 0.408191 0.554781 0.477237 1.06714 0.352844 0.460326 0.360245 0.382998 0.366053 0.345285 0.330098 0.322937 0.377238 0.956349 0.304384 0.403382 0.367562 1.44795 0.692641 0.388702 0.343853 0.351237 0.429741 0.333708 1.31052 0.5606 0.331804 0.333514 0.359378 0.406849 1.4527 0.473864 1.52605 0.500817 0.671083 0.31215 0.549533 0.318782 0.623393 0.512311 1.39843 0.34983 0.480714 0.331839 1.4992 1.46855 0.282038 1.29664 0.44792 0.564323 0.333416 0.381218 0.330509 0.307096 0.988427 0.328623 0.325022 0.566608 0.479063 0.343356 0.375127 1.47576 0.355598 0.366936 0.546648 0.333053 1.44792 0.319785 0.5553 0.327035 1.34672 1.3454 0.489117 0.317468 0.370248 0.321522 0.257836 0.387541 0.338748 0.443559 0.564582 0.551576 0.371827 0.719074 1.25537 0.321399 0.640066 0.361016 0.375353 1.32955 0.427711 0.349215 0.299677 0.403865 0.376299 0.334866 0.430651 0.71303 0.547676 0.485052 0.325543 0.351192 0.307601 1.35323 0.393036 0.339223 0.368716 0.32155 1.70097 0.282958 0.33562 0.325031 0.254278 1.46841 0.336979 0.379171 0.710697 0.335448 0.549631 0.331367 0.431061 0.48357 0.359592 0.354511 0.481526 0.348637 0.363239 0.388559 0.485144 1.31064 0.560581 0.326922 0.600657 0.349999 0.516756 0.384947 0.402125 0.44066 0.364021 0.617846 0.31982 0.380479 0.985893 0.422437 0.412081 0.991605 0.360449 1.07489 0.529805 0.71647 0.432366 0.582215 0.550538 0.558239 0.358865 0.402096 0.275087 0.445763 0.378966 1.2889 0.310608 0.445981 0.356135 1.27463 0.985591 0.399254 0.556462 0.287215 0.531618 0.386806 0.38774 0.310638 0.341357 0.403209 0.390876 0.704068 0.318584 0.33849 0.642718 0.439215 0.700717 1.36598 0.773912 0.33079 0.535974 0.564223 0.484093 0.529022 0.995321 0.345233 0.33389 0.666638 0.362776 1.06667 0.373236 0.528711 0.556988 0.32276 0.321279 0.390324 0.3715 0.553692 0.372582 0.377369 1.28295 0.980296 0.384636 0.485775 0.54606 0.42478 0.493407 0.4091 0.405944 0.408309 0.337803 0.900384 0.955249 1.29395 0.342073 0.319104 0.38198 1.49668 0.335297 0.328878 0.3257 1.22853 0.359192 0.552013 0.898801 0.551141 0.551454 0.344422 0.277195 0.632577 0.33681 0.377857 0.538387 0.399396 0.350564 0.462357 0.466819 0.561133 1.35315 1.05097 0.332083 0.325879 0.498259 0.480498 0.346002 1.29669 0.300529 0.538771 1.52752 0.354412 0.568263 0.582933 1.05092 0.356449 0.601624 1.33858 0.360984 0.314944 0.598649 0.332659 0.368663 0.323315 0.335167 0.300204 0.665841 0.713772 0.361654 0.411634 0.62834 0.313707 0.448246 0.314897 0.384673 0.710706 0.423404 0.55275 0.482064 0.366934 1.35583 0.34878 0.527999 0.380229 0.546898 0.391988 0.344078 0.356542 0.656254 0.560298 0.730614 1.41712 0.367074 0.477551 0.314103 0.299716 0.468744 0.38049 0.555107 0.554061 0.419461 0.409797 0.703255 1.00092 0.369477 0.459562 0.371961 0.409114 0.319362 0.473529 1.28957 0.348575 0.363892 0.47533 0.337454 0.744277 0.355765 0.325836 0.328611 0.374526 0.359913 0.289472 0.371076 0.562433 0.564278 0.367396 0.374282 0.986568 0.700934 1.16802 0.358954 0.345716 0.313676 0.350328 0.330088 1.68722 0.343096 0.405881 0.80438 0.3336 0.3708 0.540431 1.51084 0.353593 0.407148 0.482922 0.367776 0.579628 0.340057 0.252133 0.481771 0.37086 0.495006 0.417761 0.532198 1.22458 0.325005 0.347896 0.308085 0.333686 1.00269 0.702102 0.706793 0.569242 0.562324 0.332333 0.480871 0.3679 0.788919 0.334864 0.606092 1.40708 0.800483 0.34872 0.361706 0.354072 0.397903 0.360056 0.715527 0.56228 0.547171 0.78634 0.465712 0.711753 0.472004 0.339452 0.486283 0.468003 0.300931 0.329357 0.988657 0.557714 0.650579 0.364283 0.650548 0.566509 0.352329 0.541975 0.351465 0.384639 0.334053 0.560359 0.529357 0.316225 0.317499 0.332012 0.582119 0.556958 0.338421 0.55555 0.595087 0.402285 0.385788 0.544852 0.493709 0.790297 0.468289 0.298531 0.356702 0.349781 0.698528 0.32932 0.54713 0.660324 0.331812 0.341625 0.48425 0.55212 0.374652 0.415955 0.360179 0.281622 0.560882 0.555099 0.29451 0.653998 0.292199
Testing:
Lab Growth Rates:
0.46 0.46 0.46
Dot Production Prediction of Lab Growth Rates:
0.440642 0.350604 0.347481
Best performance so far: 
Obj: 4.67747e-310Rho: 2.122e-314Diff: 4.67747e-310
Test:
 Lab Growth Rates:
0.46 0.46 0.46Dot Product Prediction of Growth Rate:
0.4406424 0.3506037 0.3474805